4.375
2.75
-1.125
-4
-3.625
-4.25
-3.75
-2.5
-3.625
-3.25
-2.75
-2.625
-1.375
-1.625
-3
-3
-3.625
-4
-4.5
-7.875
-10.875
-10.625
-7.625
-3.75
-3.375
-4.875
-6.25
-7.75
-5.75
-3.75
-3.375
-3.5
-3.875
-3.25
-1
-0.25
-1.125
-3.25
-3.625
-4.75
-5
-4
-2.75
-1.125
-0.5
-1.25
-3.5
-4.625
-3.375
-2.25
-1.625
-2.125
-6
-6.625
-7
-5.875
-1.75
-1.625
-1.25
-2.375
-3.5
-3.875
-3.875
-3.75
-5.125
-5.5
-2.875
1.125
-2.125
-1.375
-1.375
-2.125
-3.25
-4.25
-4.375
-3.5
-1
1.375
1.75
1.25
-0.125
0.125
3.75
5.25
4
0.75
-2.375
1
5.625
9.5
9
1.75
-1.25
-2.625
-2.125
1.125
1
0.25
-0.5
-0.25
4.375
10
-1
-0.25
0.625
0.75
-0.875
-2.5
-3
-2.375
0.625
4.25
6.375
8.625
9.625
8.75
8.875
4.625
-2.375
-10.375
-13.75
-10.875
-1.75
5.625
7.125
7
5.75
9.75
11.625
12.25
9.875
5.25
3.875
4.375
8.375
12
-0.375
0
2
2.5
2
1.75
1.375
2.875
6.875
10.75
14.125
15.625
10.25
1.25
-8.25
-19
-26.125
-32
-34.625
-35.25
-30.75
-27.75
-23
-12.25
-3.125
12
22.375
23.625
20
12.5
8.25
8
7.625
6
2.25
0.75
1.5
1.125
1.375
3.375
6
10.875
15.25
15.625
12.875
4.5
-7.875
-18.5
-27.375
-31.75
-31.625
-30.625
-29.625
-30.625
-34.125
-37.375
-39.625
-37.5
-29.375
-18.25
-0.5
13.875
19.375
19.875
16.25
12.125
7.5
2.875
4.5
3.625
2.375
1.25
0.5
2.875
9
14.125
13.875
7.875
-3.625
-17
-22.75
-22.125
-17.5
-8.25
0.125
7.125
11.125
11
3.625
-4
-14.5
-26.125
-31.375
-36.875
-31.375
-14.625
2.375
16.125
21.625
17.625
10.75
5
1.25
2.375
1.5
1.625
2.625
6
10
8
0.375
-9.625
-18
-19.875
-10
6.125
24.5
44.25
58.25
68.25
73.25
73.125
66
54.75
38.75
18.25
0.625
-17
-29.875
-30.75
-18.125
0.25
14
18.75
12.125
0.625
-4
-4
-4
-1.875
3.625
7.75
5.125
-2.125
-11.875
-17.625
-12.5
2.125
26.75
52
74.75
91
95.75
96.75
96.125
96.375
96.875
94.75
88
71.25
48.875
24.625
-0.5
-19.875
-26.5
-18.75
-5
6.625
8
-1
-3.75
-5.375
-5
-1.875
3
3.375
-3
-9.375
-13.125
-7.75
10.25
36.375
59.75
75.25
81.375
74.75
64.625
55.5
50.125
50.25
56.5
66.5
78
85.125
77
59.625
33.75
5.25
-16.25
-26.375
-20.25
-8.25
3
10.25
-0.75
-1
0.5
2.875
2.75
-1.5
-8.125
-11.375
-6
9.25
33.75
54
56.875
50.375
33.5
16.625
10.625
7.375
6.625
7
9.25
15.375
25.625
43.5
58.375
62.25
53.375
32
6
-15.625
-22.375
-15.75
-1.625
14.75
-0.875
1.5
4.125
5.625
1
-6
-10.5
-9.75
4.625
26.25
37.25
29.5
5.75
-26
-47.25
-49.25
-38.375
-22.25
-12.25
-9.875
-17.125
-29.5
-36.75
-34
-11.75
19
37.875
42
27.25
2.375
-14.875
-17.625
-7.875
6.125
-2.625
0.75
3.75
5.125
-1.75
-8.375
-9.125
-4.125
16.75
32.625
19.75
-6.75
-42
-76
-88
-84.875
-72.25
-51.625
-35.75
-32
-45
-66.5
-82.5
-88.75
-76.25
-42.125
-3.25
23.375
33
19.875
-3.375
-15.875
-14.375
-6.75
-2.875
0.375
3.625
3.75
-1
-3.875
-2.25
7.625
23.25
22.75
4.875
-14.25
-26.125
-22.625
-19.875
-28.625
-39.875
-48.25
-48.625
-47.75
-47.625
-46.75
-43.5
-37.5
-41.125
-44
-22.875
1.625
20.625
27.875
9
-11.25
-15.75
-14.5
-1.625
0.875
4.125
2.125
0.25
-0.25
2.875
16.5
22
15
3.75
-4.375
9
34.75
50.125
38
10.125
-16.625
-35.75
-39
-21.375
1.625
27.875
47
33.125
4.125
-8.625
-2
10.25
22.25
15.25
-4.125
-11.875
-12.25
-0.625
0.625
2.75
-0.625
-1.625
-1.25
3.375
18
21.125
17.75
9.875
2.25
7.125
16.25
24.5
21
10.25
-0.375
-10.5
-13.875
-0.75
17.75
38.75
54.375
43.625
22.375
6.125
3
10.375
16.125
13.75
0.875
-8.625
-8.5
-1.375
-0.5
0.5
-2.75
-3.375
-1.75
3.5
15.625
19.375
20.75
14.375
1
-15.5
-30.5
-37.375
-30
-13.125
0.125
6.125
4.125
4.5
10.625
17.375
23.375
19.5
10.5
7.5
5.875
11.125
13.375
10.75
3.25
-6
-7
-1.875
-1
-0.375
-1.5
-1.875
0
4.25
10.125
11.625
14.625
9.25
-3.375
-20.625
-41.75
-50.125
-40.125
-20.25
-0.375
7.625
6.375
3.625
3
4.625
5.375
4.625
2.75
4
4.625
7.875
8.25
7
3.75
-3.375
-5.75
-0.625
-0.125
0.25
0.75
0.625
1
2.625
2.875
-0.875
-3.625
-5.5
-2.75
3.875
8.625
6.875
2.25
-0.875
-3.75
-2.75
-1.75
-1.125
-0.75
-0.125
-0.875
-1.125
-0.125
0.125
0.75
2.125
1.5
1.625
0.875
-2.5
-5.125
-0.125
-0.375
0
-0.125
0
-0.875
-2.25
-4.125
-9.375
-15.625
-12.25
3.75
28.375
54.125
61.375
48
23.125
-3.75
-14.75
-16
-9.25
-1.5
-0.25
-1.5
-3.375
-2.5
-2.75
-2.625
-2.875
-3.875
-3.375
-2.25
-1.75
-4.25
-1.75
-2.875
-2.625
-1.625
-1
-1.625
-5.25
-9.375
-12.75
-15.625
-10.125
3.75
21.5
38
47.375
40.375
21.125
1.125
-10.875
-14.75
-9.125
-0.875
-2.125
-4.625
-6.5
-5.875
-4.25
-3.75
-6
-7.625
-7.125
-4.125
-0.125
-2.5
-4
-5.375
-5.75
-1.75
-0.375
-0.5
-5.75
-14.5
-14.25
-12.625
-9.125
-6
-10.625
-14
-14.125
-12.375
-5.75
2.5
7.375
8.25
0.375
-10.25
-18.125
-23.375
-19.125
-9.25
-3.75
-3.125
-7.875
-12.25
-11.875
-5.5
2.625
0.375
-4.625
-5.5
-6.625
-1.125
1.125
1.25
-4.125
-18
-13.875
-5.375
0.375
-6.125
-30.5
-57.25
-66.625
-49.75
-21.5
10.25
25.625
26
3.625
-29.5
-49
-61.375
-43.75
-13
0
2.125
-8.375
-18
-15.5
-3.125
3.25
0.5
-2
-2.875
-5
-1.125
2
2.625
-1
-16.25
-18.875
-8.75
11
18.25
5.625
-16.875
-29.5
-13.625
13.125
35.125
44.5
42.5
22.125
-4.125
-32
-47.375
-26
1.5
13.25
7.25
-12
-21.625
-14.25
2.625
3.875
1.625
0.5
-1.125
-4.375
-3.5
1.375
3.125
2.25
-10.125
-23.625
-21.25
3.625
36.75
60.625
73.625
70.875
67.25
64.25
52.375
49.125
52
55.5
63
56
50.5
50.625
41.875
23.375
-4
-21.75
-23.25
-8.875
8.625
12
12.875
-0.75
-2.125
-5.625
-6.125
0.875
5.5
7.75
0.375
-20.5
-31.625
-24.125
3.375
41.875
72.25
84
77.375
57.5
36.5
26.75
31.5
49.625
71.75
88.125
89.125
70.125
38.5
-1.25
-27.625
-30.75
-19.375
1.125
11.875
14.125
14.125
-2.125
-2.125
-4
-6
-2
5.125
9.75
9.125
-8.625
-32.875
-46.5
-45.375
-25.625
-1
15.875
20.875
16
10.375
6.25
7.75
15.375
22.625
27.5
21
1.625
-23.75
-42.125
-41.75
-27.875
-5.25
8.875
7.5
3.125
-2.125
-1.625
-0.625
-0.625
-4.375
-7.625
-3.5
2.5
8.5
5.625
-14.375
-39.625
-58.75
-66
-58.875
-42.75
-28.5
-17.5
-10.25
-9
-9.625
-12.75
-20.25
-31.5
-44.875
-58.25
-64.125
-53.875
-34.375
-11.375
6.75
7.125
-0.25
-5.25
-9.5
-1.25
-0.125
-0.25
-4.375
-11.625
-13.5
-8
2.25
10.875
7.375
-13.125
-39.875
-63.125
-79.375
-78.375
-70.375
-62
-52
-51.125
-52
-55.25
-63.125
-68.375
-72.5
-69.375
-54.5
-33.125
-10.875
5
8.125
2
-5.125
-8.5
-8.25
-0.5
0.25
-0.75
-4.25
-11
-16.625
-14.875
-6.375
6
14.5
10.25
-6.625
-29.375
-54.125
-73.5
-84.25
-90.625
-92.25
-92.75
-92.5
-90.5
-85.875
-76
-63
-44.125
-22.25
-3.625
9.25
11.25
5
-1.875
-7.25
-10.625
-9.875
0.75
0.625
-1
-3.625
-7.5
-13.625
-17.375
-15.75
-8.25
4.375
15.5
16.25
7
-7.125
-28.875
-46.25
-58.625
-71.125
-72.875
-71.875
-66.625
-53.25
-39.25
-22.375
-4.625
8
13.75
12.875
5.125
-3.375
-6.375
-7.25
-6.75
-6
0.875
-0.875
-3
-5
-5.875
-8.75
-14.125
-18.125
-20.25
-14.375
0.375
13.375
21
25.125
16.875
6.75
-1.625
-12.875
-15.75
-15.625
-11.75
-1.75
5.5
13.375
18.875
15.75
9.125
0.75
-8.25
-11.875
-9.25
-6.125
-1.625
-0.5
0.5
-2
-4.25
-5.875
-5.625
-5
-7.125
-11.625
-17.75
-21.625
-18.875
-9.125
2.75
14.75
22.5
24.375
24.875
23.75
22.875
21.875
21
20.75
18.375
15.125
7.625
-2.375
-9.5
-14.25
-14.25
-11.125
-8.375
-6.25
-5
-5.5
0.125
-1.25
-2.75
-3.875
-3.75
-2.75
-2.75
-4.75
-8.25
-13.25
-19.875
-22.625
-21.875
-19.625
-10.75
-2.625
4.75
12.375
15.125
14.625
10.5
3
-3.75
-10.125
-16.375
-17.875
-17
-14.75
-9.5
-5.75
-5.25
-5.375
-7.625
-9.25
-3.375
1.5
6.125
11
11.625
3.75
-6.75
-13.25
-13.375
-5
7
13.625
12.125
7.125
1
1.75
15.125
23.5
9
-17.375
-21.375
-2.125
9.125
6
-5.625
-17.125
-17.5
-12.25
-5.25
2.5
3.875
1.25
-0.375
1
-4.75
-1.5
3.375
9
12.625
6
-7.25
-13.75
-11.75
-4.125
6
12.5
12.5
7.625
0.375
2.25
16.625
22.625
6.25
-18.375
-21.25
-2.625
10.5
7.125
-7.75
-19.375
-17
-9.875
-3.625
3.25
4.375
1.5
0.625
3.875
-3.875
-3.125
1.875
8.125
11.5
4.25
-7.875
-11.25
-8.75
-2.875
6
12
12.625
8.625
2.75
4
13
15.75
3.875
-13.25
-14.625
-0.5
9
3.5
-11.5
-20.125
-15.375
-8.375
-3.75
1.75
3.25
1.75
4.625
11
-2.5
-2.5
2.625
8
9.375
2.25
-7.5
-9.125
-5.625
0.75
7.875
11.875
10.875
5
1.375
3.125
6.125
6.875
1
-7.625
-5
3.875
8.375
6.25
-6.5
-16.5
-14.625
-11.75
-8.125
-1.75
1.625
3.875
10.125
15.75
-2.375
-1
3.5
7.75
8
1.75
-6.125
-6.875
-1.625
5.5
8.875
8.375
4
-3.25
-3.25
0.75
1.375
1.5
0.625
-2
0.5
4.25
5
6.5
2.125
-3.25
-4.375
-9.875
-14
-8.75
0.25
7.25
11.875
13.75
-2.5
-0.25
3.5
7.125
6.875
2.125
-2.5
-1.375
2.25
4.375
3.375
1.5
-2.125
-7.5
-5.875
-1.75
-2.125
-2.125
-0.125
0.875
3.625
5.125
3.125
6.25
7.625
5.5
6
0.875
-10.625
-15.375
-5
8.875
12.5
9.125
-1
1.625
2.375
5.25
7.25
5.125
2.5
2.125
0.125
-1.875
-3.125
-4.25
-7
-10.125
-5.5
1.25
3.375
3.375
1.125
-3.25
-3.625
-2
-1.25
6.125
11.375
10.625
11.875
10.125
1.125
-9.125
-7.375
4.625
8
1.75
-0.25
1.625
0.75
4.875
10.625
11
5.75
-0.75
-6.375
-9.125
-8.75
-6.375
-2.75
3.375
9.75
12.25
11.75
9
3
-5.375
-11.25
-13.75
-14.75
-11.5
-2.375
7.25
14.375
17.5
12.625
5
0.75
-0.75
-3.875
-8.625
-0.75
0.75
0
5.875
15.375
15.75
4.375
-7.125
-13.875
-14.375
-7.25
3.125
17.25
27.25
23.5
16.75
13
9
2.875
-5.375
-12.125
-16.5
-19.75
-25
-26.125
-15.625
0
14.125
20.75
18.75
13.75
3.625
-11
-17.5
-1.5
1.375
1
7.875
19.5
17.625
-1.75
-18.125
-18.625
-7.75
8.5
26.125
37.5
35.75
25.625
17.5
12.875
8.5
2.375
-5.25
-11.5
-16
-20.25
-27.125
-36
-37.875
-25.75
-5.5
14.5
27.375
27
13.5
-8.75
-22.5
-2.5
0.75
3
11.875
22.25
15
-11.875
-26.125
-12.5
9.75
30.5
43.5
41.875
33.125
23.5
16.125
11.125
6.125
1.125
-3.25
-7
-11.875
-17.375
-25
-34.875
-43.5
-45.625
-32.75
-7
19.125
34.625
28.5
1.875
-19.5
-2.375
1.25
5.625
15.625
19.75
3.5
-19.5
-20.5
4.125
32.25
41.75
33.5
22.25
11.75
9.5
17.75
21.125
16
5.75
-5.625
-13.375
-19
-16.5
-10
-15.75
-27.5
-39.625
-47.25
-32.25
-2.125
27.625
41.125
20.875
-7.875
-0.875
2.75
9
18.125
13
-9.125
-20.875
-7.625
24.5
48.625
36.25
10
-2.5
-6.25
-1.5
12.875
29
33.375
15.75
-11.25
-28.25
-30
-17.25
-1
4
-2.125
-16.5
-38.875
-47.25
-25.875
10.125
37.625
36.125
11
1.625
5.125
13.125
19.25
4.5
-19.375
-17
10.125
42.25
52.75
17.875
-20.75
-16.375
2.125
1.375
-1.875
18.125
43
26.125
-19.75
-37.625
-23.5
-7.75
-0.75
2.875
9.75
9.625
-15.875
-48.625
-46.875
-9.75
26.75
40.5
27
2.375
8.125
17.875
18.375
-5.25
-25.25
-7.375
29.5
56
46.75
-10.5
-46.875
-12.25
20.5
3.375
-19.5
-0.125
44.375
35.5
-25
-42.875
-10.125
9.125
2.25
-10.875
-1.625
29.625
20
-38.25
-64
-30.25
13.625
38.375
36
3.125
11.125
21.5
15.375
-12.875
-23.75
4.125
45.25
64.375
32.5
-33.875
-53
1.625
40
7
-41
-21.75
41.125
36.5
-30.875
-37.25
20.25
35.5
1.375
-33.125
-30.875
26.375
51
-17.625
-74.375
-49
-0.125
32.625
41.25
4.625
14
23.25
11.5
-18.375
-19.75
15.25
58.125
68.375
21.75
-46.125
-61
-1.25
42.25
11.625
-37.5
-24.125
37.875
32.875
-36.875
-27.5
48.875
55.875
1.375
-50.25
-56.5
15.25
64.125
-1.375
-76.375
-62.5
-10.5
26.75
41.75
6.125
15.5
23.375
9.25
-20.625
-16.75
23
67.625
70.625
14.375
-53.75
-68.375
-11.125
31
7.625
-25.625
-6.75
44.125
28.625
-40.625
-23.625
58.25
62.375
2.375
-55.125
-66.5
10.25
69.125
6.625
-75.75
-70.75
-18.5
21.625
40.75
7.625
16.125
23
8
-21.625
-15
27.375
72.625
68.625
5.875
-56
-64
-11.875
25.125
3.375
-26.25
0.625
50.75
25.5
-43.75
-20.125
63.25
62.375
-0.375
-55.625
-66.875
9.875
70.75
9.625
-74.75
-74.375
-22.875
17.75
37.875
8.125
15.875
23
8.625
-21.75
-15.375
28
73.125
65.875
1.875
-54.25
-54.5
0.125
29.125
-0.125
-28.25
-7.375
34.75
19.25
-36.75
-12.75
65.5
61.5
-2.5
-57.375
-65.25
12.5
69.625
8.125
-73.875
-73.625
-23.25
15.75
34
7.25
14.875
23.375
11.375
-20
-18.125
23.5
69.875
61.5
-4.125
-50.875
-33.75
24
40.5
-3.625
-45.625
-26.375
24.875
18.625
-31.75
-9.875
66.125
60.125
-7.125
-58.75
-60.625
16.5
67.5
3.25
-74.625
-69.625
-20.125
15.875
30.75
5.5
13.375
24
15
-17.375
-21.25
16
61.75
62.25
3.625
-48.375
-30.25
33.375
47.25
-3.875
-50.875
-33.5
20.5
20.625
-29
-15.625
53.75
54.875
-3.875
-54.875
-50.75
26
61.125
-9.625
-75.75
-60.375
-13
18.625
27.625
4.125
11.5
23.625
20.375
-10.875
-24.75
4.875
49.5
62.875
22.625
-35.375
-41.875
9.25
31.75
0.875
-27
-12
27
19.375
-34
-30.875
26.75
35.5
-3.375
-33.25
-17.25
37
41.375
-27.375
-72.5
-47.25
-3.875
19.25
19.75
3.25
9.375
21.5
24.375
-2.5
-25.625
-7.25
33.25
59.125
41.5
-10.25
-34.5
-11.625
8.375
2.5
-7.125
11.125
40.375
20.5
-35.75
-44.875
-4.625
11.5
-1.875
-6.5
10.25
32.25
12
-45.25
-64.625
-31
6.875
21.875
12.625
2.25
7.125
18.625
26.75
7.625
-22.125
-18
14.375
50.125
59.25
18.875
-21.25
-18.875
-3.125
3.125
9
24.25
36.125
15.125
-27.75
-42.25
-24
-5.25
3
7.375
16.125
12.875
-22.75
-56.75
-47.75
-12.125
18.125
23.75
5.625
1.75
5.625
15.125
25.875
17.375
-11.75
-23.25
-4.625
29
54.875
46.125
14.125
-7.375
-6.5
5.25
16.125
24.5
25
7.75
-18
-31.625
-28.75
-17.375
-3.625
10.375
10.25
-16.75
-48.375
-51
-24.875
4.375
22.625
17.625
-1.875
1.375
4.875
12.75
22.75
21.25
-0.375
-19
-16.625
6.875
37.125
51.5
46.375
26.375
10.5
9.625
10.875
11.25
8.875
3.25
-3.5
-14.875
-22.375
-20
-12.75
-9.125
-21.5
-41.625
-49
-33.125
-4.25
13.875
19.25
12.875
-0.875
1.375
5.375
11.625
18.375
20.375
8.25
-9.25
-17.75
-10.125
13.125
36.375
46.5
42
29.875
21.25
15.25
7.25
3.25
2.75
-0.625
-7.5
-16.5
-21.75
-23.125
-30
-40.125
-43.375
-34.375
-11.375
10.5
15.125
11.5
7.5
2.25
2.25
6.875
11
12.625
13.625
11.75
4
-9
-15.625
-7.375
12.125
31.125
36.625
30.625
25.625
21.625
11.75
6
3.875
-3.25
-10.5
-18.875
-25.375
-27.25
-30.625
-33.75
-27.625
-11.125
5.25
13.375
9.25
1.125
1.25
4.5
3.25
8.25
10.5
7.25
4.25
7.875
13.125
4.875
-8.5
-11.5
-6.25
5.625
18.625
23.125
23.75
22.25
12.875
6.5
3.5
-3.5
-9.75
-17.625
-23.75
-23.75
-22.875
-18
-5.625
4.75
8.25
8.25
0.875
-5.5
0.625
7.375
3.75
8.875
8.75
2.125
-2
3.125
13.375
13.25
3
-4.375
-6.75
-7.25
-3
6.125
14.125
16
9.875
5.125
2.375
-3.125
-6.875
-11.5
-14.75
-13.125
-7.625
0.5
4
3.125
3.125
1.875
-3.125
-4.5
2.75
8.25
3.625
7.875
6
-1
-4.375
0
9.625
13.625
9.75
4.375
0.375
-3.625
-7
-3.375
1.125
0.25
-0.125
0.875
0.25
-0.875
-0.25
0.25
-1.5
-3.625
0.125
5
2.125
-1.75
-2
-2.125
-3
-1.625
3.375
6.5
3.25
5.5
2.75
-2.625
-3.875
-1.25
3.875
8.875
11
10.125
7.875
2.625
-4.5
-3.25
-0.5
-4.125
-2.875
-0.25
-1.125
-0.375
1
3.25
2.125
-2.625
-0.625
2.875
-1.75
-6.25
-4.5
-1.875
-1.125
0.25
3.75
5.5
2.875
2.75
0
-2.625
-2.25
-1
0.25
3.25
7.5
10
11.625
9.125
0.375
-1.375
0.75
-3.125
-2.75
-0.375
-0.875
-0.125
0.25
1.75
1
-3.125
-1.625
-0.875
-6.5
-7.75
-3.25
0.25
1.5
2.125
4.125
4.5
-1.22222
-1.88889
-3.11111
-5.27778
-5.88889
-5.38889
-4.16667
-3.11111
-3
-1.88889
-1.33333
-1.44444
-0.833333
-0.277778
-0.722222
-2.27778
-3.72222
-3.33333
-4.5
-4.94444
-3.5
-2.16667
-1.61111
-3.05556
-2.94444
-3.33333
-4.44444
-4.77778
-4.33333
-3.44444
-1.55556
1.22222
-1.5
-1.27778
-2.44444
-4.11111
-4.38889
-4
-2.88889
-1.05556
0.944444
3
3.55556
3.5
4.22222
2.61111
-0.888889
-5.22222
-6.77778
-5.66667
-5.83333
-5.16667
-2.05556
1.11111
3.44444
3.55556
3.05556
3.38889
2.88889
2.88889
1.94444
1.33333
3.66667
6.66667
-0.555556
-0.611111
-1
-1.44444
-1.27778
-0.777778
1.05556
3.94444
6.83333
8.94444
8.55556
7
4.77778
-0.5
-7.22222
-14.8333
-17.6667
-17.9444
-17.2222
-16.2222
-12.7222
-6.55556
-1.11111
4.05556
6.83333
10.6667
12.6667
12.6667
11.3889
9.33333
9.05556
9.33333
1.44444
0.722222
0.888889
1.66667
2.55556
4.44444
7.27778
10.3333
12.3889
12.1111
8.83333
2.94444
-4.22222
-12.6667
-20.8889
-28.7778
-32.1667
-33.6111
-33.0556
-32.8333
-30.5
-24.3889
-17.3333
-8.44444
-0.0555556
9.61111
15.7222
17.8889
18.7778
17.8333
14.3333
10
2.77778
1.77778
2.66667
4.05556
6.16667
9.16667
11.8333
12.8333
11.6111
7.11111
-0.277778
-8.33333
-15.6667
-20.7778
-23.3889
-24.1667
-23.2222
-23.2222
-24.2778
-26.6667
-30.2778
-31.7222
-30.6667
-26.2778
-17.1111
-5.44444
5.61111
13
18.6111
21.6111
18.1667
11.2778
2.16667
1.88889
3.05556
5.27778
7.83333
10.3333
10.7222
8.16667
3.61111
-3.61111
-8.72222
-10.8333
-9
-2.88889
5.44444
15.5556
21.8889
24.8333
22.8889
18.2222
9
-3.05556
-13.1111
-21.8889
-23.5
-20.1111
-10.8889
0.5
9.38889
16.4444
17.6111
12.7778
-0.166667
0.611111
3.11111
5.83333
7.05556
6.44444
3.83333
-0.333333
-5.33333
-8.44444
-4.05556
6.05556
20.6667
37.3333
54.1667
69.2778
77.1667
80.7778
79.0556
74.2222
64
47.6111
29.4444
10.2222
-5.83333
-17.2778
-18.6667
-11.5
-3.11111
4.22222
9.61111
10.5
-3
-1.61111
1.44444
4.05556
2.66667
-0.5
-3.44444
-5.77778
-5.5
1.22222
17.8333
38.3889
59.4444
78.6111
92.8333
101.5
104.389
105.722
105.333
103.889
100.111
91.1667
76
55.1667
31.6111
8.22222
-8.27778
-14.2778
-12.6111
-7.88889
-2.44444
2.83333
-2.88889
-1.27778
1.27778
1.5
-2.11111
-5.33333
-6.16667
-3.11111
5.16667
20.7778
40.7778
59.2222
73.8333
82.3889
84.3889
81.2778
78.1111
76.6667
77.3889
79.8889
84.2222
88.1111
86.1111
77.1667
59.8333
38.2778
14.5556
-4.83333
-13.1667
-14
-9.77778
-2.5
-0.944444
1.16667
0.666667
-2.27778
-6
-7.22222
-3.44444
4.77778
17.4444
31.4444
40.3889
43.7222
40.9444
34.3333
26.6111
20.8333
20.6111
23.1667
24.8889
25.8889
29
36.3333
44.5556
50.6667
50.4444
43.9444
30.2222
11.0556
-4.11111
-11.6111
-10.9444
-4.61111
1.16667
3.94444
0.777778
-4.16667
-6.05556
-3.94444
3.27778
13.1667
22.1667
25.7222
20.5556
8.16667
-11
-29.5556
-38
-37.1667
-32.5556
-27.9444
-26.2778
-27.5
-30.1111
-29.5
-20
-3.05556
14.1667
25.3889
27.6111
20.8333
7.83333
-4.44444
-8.22222
-5.61111
1.66667
4.22222
-0.611111
-4.66667
-3.38889
1.27778
10.0556
17.0556
17.5556
11.4444
-0.833333
-18.3889
-43.9444
-65.6111
-68.8333
-61.7778
-57.8889
-57.8889
-57.1111
-56.3333
-60.4444
-66.5556
-63.3889
-45.5556
-19.8889
0.333333
12.8889
18.2778
15.2222
5.11111
-4.55556
-8.05556
2.05556
2.61111
-1.05556
-2.22222
1.44444
8.66667
15.3889
17.4444
12.7778
6
0.888889
-8.27778
-25.1111
-40.5556
-41.6667
-38.3889
-45.5556
-59
-59.9444
-49.7222
-43.7778
-46.1667
-46.9444
-36.5
-17.3333
-2.66667
4.22222
9.94444
13.8889
10.8333
-0.111111
-9.55556
2.05556
0.444444
-1.44444
-0.277778
4.88889
13.2222
17
17.2222
12.5556
9.66667
10.1667
8.11111
2.66667
-4.77778
-5.94444
-8.55556
-22.5556
-41.7778
-41.2778
-24.1667
-8.33333
-1.77778
-1.5
1.88889
7.16667
10.7222
8.22222
6.05556
10.6667
12.7778
4.16667
-7.05556
1.33333
-1.77778
-1.83333
0.5
5.66667
14.3333
16.6111
18.8889
16.5556
14.4444
12
6.27778
4.61111
3
2.72222
0.5
-7.44444
-17.0556
-13.0556
1.77778
17.1111
27
28.9444
27.8333
24.6667
21.3889
15.1667
8
9.11111
11.2222
5.55556
-3.61111
-0.388889
-2.44444
-1.83333
0.166667
4.77778
12.1111
14.0556
18.3333
17.1111
12.7778
2
-10.9444
-16.6667
-17.3889
-14.6111
-11.6667
-8.83333
-5
3.83333
11.9444
18.1667
24.4444
27.3333
26.1667
21.8889
18.2778
16.0556
10.1111
9.33333
9.11111
4.66667
-1.22222
-1.22222
-2.11111
-1.38889
-0.111111
3.05556
7.77778
8
10.9444
10.1111
6.61111
-4.11111
-16.3889
-22
-22.2222
-19.2778
-15.8889
-10.1667
-2.16667
5.44444
7.72222
7.61111
9.22222
11.0556
10.6111
9.27778
8.22222
9.88889
7.83333
7.11111
5.61111
2
-1.66667
-1.11111
-0.611111
-0.333333
-0.166667
1.38889
2.94444
0.777778
-0.666667
-0.222222
2.83333
3.38889
3.33333
4.83333
7.5
6.55556
0.888889
-2.66667
-3.83333
-2.16667
-2.44444
-2
0.166667
1.55556
1.94444
1.16667
0.555556
2.16667
2.55556
2.61111
1.27778
-0.944444
-3.44444
-1.27778
-0.888889
-0.944444
-1.55556
-2.05556
-3.05556
-7.83333
-12.6667
-11.2222
-1.94444
9.27778
20.5556
30.6111
35.6111
31.1667
18.0556
6.94444
-3.22222
-8.27778
-8.83333
-6.61111
-3.88889
-3.83333
-2.77778
-3.33333
-4.61111
-4.83333
-3.38889
-2.44444
-3.44444
-4.05556
-5.55556
-3.16667
-1.77778
-2
-2.88889
-5.22222
-8.22222
-10.2778
-14.8333
-14.1111
-6.66667
5.38889
16.7778
24.4444
29.1667
25.8889
16.1111
7.66667
-0.166667
-7.66667
-12
-11.5
-11.3333
-12.8889
-10.5556
-8.77778
-9.11111
-10.4444
-7.44444
-5.83333
-7.27778
-6.66667
-6.44444
-5.66667
-2.83333
-2.44444
-3.22222
-7.22222
-12.1111
-12.1111
-14.1667
-14.1667
-14.8889
-13.1667
-10.1111
-9.94444
-9.77778
-7.61111
-2.05556
3.77778
7.22222
1.38889
-8.38889
-19
-29
-30.3333
-25.6667
-20.1667
-16.5
-13.5556
-7.16667
-7.55556
-10.6111
-9.55556
-7
-6.66667
-2.61111
-1.5
-2.22222
-7
-14.2778
-11
-9.38889
-6.11111
-10.3889
-14.1667
-15.6111
-19.6667
-19.6667
-16.2778
-3.33333
12.8889
27.6667
22.3889
3.83333
-14.4444
-27.6667
-28.3333
-25.3889
-20.2778
-15.2778
-10.2778
-4.38889
-9
-12.9444
-10.7222
-4.61111
-6.11111
-2.55556
0.111111
-0.277778
-4.66667
-13.5
-13.8333
-11.2222
-3.33333
-2
-2.22222
3
8.61111
12.3889
13
20.5556
35.6667
51.2222
47.1667
29.6667
11.3333
2.88889
4.22222
0.833333
-4.33333
-6.83333
-3.88889
-3.16667
-11.6667
-13.8889
-8.55556
1.11111
-5.11111
-3.72222
0.444444
1.66667
-1.33333
-10.0556
-14.6111
-15.1667
-6.55556
3.83333
15.6111
33.5
52.5556
65.6111
62.3333
55.5556
58.6667
66.3333
64.1111
55.5
50.8333
54.8889
53.8889
39.3889
19.9444
4.66667
-2.55556
-9.55556
-16.2222
-13
-2.83333
8.27778
-4.66667
-5.27778
-0.777778
2.83333
2.61111
-3.88889
-13.2222
-19.5
-19.6111
-12.0556
1.33333
22
47.1111
64.7222
66
57.6667
52.7222
53.0556
54.1111
56.2222
61.7222
68.1111
62.5
42.2222
16.0556
-3.83333
-14.6111
-20.1667
-18.7222
-10.1667
2.33333
11.3889
-3.94444
-6.22222
-3.88889
1.11111
3.44444
0.777778
-8.38889
-18.8889
-28
-32.2222
-29.2778
-19.5
-1.66667
15.7778
23.7222
23.7778
21.5556
20.8889
22.0556
24.8889
28.8333
28.1111
17.3333
-1.11111
-18.6667
-28.2778
-31
-26.5556
-17.1111
-6.33333
3.44444
6.94444
-2.77778
-5.88889
-7.55556
-4.11111
0
1.11111
-3.55556
-11.8333
-24.5556
-39.8333
-52.6111
-60.6667
-59.0556
-51.8333
-42.5
-34.4444
-31.1667
-28.6111
-28.3889
-29.2222
-31.1111
-37.8889
-46.1667
-53.0556
-53.3333
-46.4444
-35.9444
-22.2778
-9.94444
-2.05556
1.33333
-0.111111
-1.72222
-5.22222
-9.72222
-10.0556
-7.22222
-3.77778
-2.72222
-4.38889
-11.8889
-27.3889
-46.7778
-66.7778
-80.1667
-87
-86.9444
-82.3889
-79.0556
-75.9444
-76.2222
-78.1667
-80.4444
-83.1667
-81.0556
-73.0556
-58.7778
-41.1667
-24.3889
-10
-1.94444
-0.222222
-2.72222
-7.05556
-1.27778
-4.61111
-9.72222
-13.4444
-13.9444
-11.3889
-6.61111
-2
-1.16667
-7.77778
-21.6111
-40.2222
-61.0556
-79.1667
-91.7222
-98.4444
-102.167
-103.222
-101.889
-98.8889
-93.6667
-85.2222
-71.0556
-53.1111
-34.4444
-18.2222
-6.22222
0.611111
1.77778
-1.44444
-6
-9.61111
-1.55556
-4.27778
-7.83333
-12.8889
-16.8333
-17.0556
-13.5
-7.5
-1.72222
1.05556
-0.944444
-7.94444
-22.3333
-39.2222
-55.4444
-68.6111
-77.0556
-82.7778
-80.8889
-74
-64.6667
-51.1667
-34.9444
-18.5
-6.83333
-0.277778
2.55556
1.94444
-1.33333
-5.77778
-8.38889
-10
-2.22222
-4.33333
-6.33333
-10.5
-15.6667
-18.2778
-18.1667
-15.5
-10.1111
-3.27778
2.44444
6.55556
4.05556
-1.94444
-11
-20.6111
-26.6111
-32.1111
-31.2222
-26.1111
-20.4444
-11.9444
-3.83333
2.05556
3.88889
1.88889
-1.05556
-5.05556
-8.5
-10.1111
-9.55556
-9.16667
-2.72222
-4
-4.94444
-7.55556
-11.1111
-13.9444
-16.5
-18.1667
-18.0556
-14.0556
-7.94444
-0.888889
4.72222
8.44444
9.88889
8.16667
6.94444
4.94444
4.61111
5.55556
5.88889
6.66667
4.77778
1.77778
-2.05556
-6.5
-9.94444
-12.3889
-12.3333
-10.9444
-9.5
-8.94444
1.44444
6.55556
12.8889
10.6111
4.11111
-8.05556
-13.0556
-13.1111
-3
6.66667
15.1111
15.2222
11.7222
8.27778
10.6111
17.0556
16.7222
5.55556
-9.61111
-13.7222
-5.38889
2.27778
-0.277778
-11.3889
-19.9444
-21.2222
-15.2222
-7.33333
-0.111111
2.88889
4.55556
6.44444
0.0555556
4.83333
11.4444
9.88889
4.05556
-7.55556
-11.7778
-10.7222
-0.611111
8.66667
15.6667
14.8333
9.55556
4.94444
6.33333
12
12
3
-7.72222
-9.61111
-0.611111
5.66667
3.22222
-8.33333
-18.0556
-20.9444
-16.6667
-9.11111
-1.61111
2.77778
6.22222
9.22222
-0.111111
4.38889
10.3333
8.88889
3.61111
-6.66667
-8.83333
-6.5
2.94444
9.38889
12.3333
8.66667
2.66667
-0.277778
2.44444
7.83333
8
1.05556
-5.77778
-6.33333
2.27778
7.77778
7.33333
-1.5
-9.38889
-14.1111
-14.4444
-12.2222
-6.16667
0.333333
7.16667
10.8889
-0.222222
4.27778
9.33333
8.44444
4.22222
-3.22222
-4.16667
-2.66667
2.5
4.88889
4.94444
1.83333
-1.77778
-2
0.888889
4.55556
4.05556
-0.0555556
-3.61111
-2.94444
3.16667
7.27778
7.77778
2.55556
-1.38889
-4.05556
-6.38889
-9.77778
-9.11111
-2.83333
6.66667
12.2222
0.333333
4
8.22222
8.27778
6.16667
0.611111
-1.16667
-2.83333
-1.38889
-0.777778
-0.722222
-1.77778
-2.55556
-0.111111
3.5
6.16667
5.22222
1.22222
-2.61111
-4.66667
-2.27778
0.0555556
2.88889
2.94444
4.11111
4.55556
3.27778
-1.33333
-4.5
-2.72222
4.38889
9.5
0.722222
4.33333
8.5
10.2778
8.94444
2.66667
-2.27778
-6.27778
-5.5
-3.61111
-0.166667
2.83333
6.11111
9
10.3333
9.33333
6.33333
1.83333
-2.33333
-6.88889
-9.11111
-10.9444
-8.33333
-4.22222
2.27778
6.33333
7.88889
5.94444
3.61111
2
2.5
2.44444
0.611111
5.05556
10.3333
13.8333
11.7222
2.66667
-5.94444
-9.77778
-7.22222
-0.777778
6.83333
13.5
16.6667
16
13.5
10.1667
6.38889
1.22222
-3.72222
-8.88889
-11.7778
-15.3889
-15.5556
-14.2222
-7.83333
-0.5
5.66667
8.94444
10.6667
10.1111
5.5
-2.72222
0.111111
5.61111
12.4444
16.8333
13.2222
0.944444
-9.44444
-11.6667
-4.27778
7.44444
18.6111
25.0556
24.6667
20.8333
16.0556
12.5
7.61111
1.72222
-5.22222
-11
-15.4444
-18.9444
-22.6667
-24.8333
-21.8333
-12.4444
-0.5
8.83333
15.7222
17.4444
11.2222
-2.61111
0.333333
6.38889
14.2778
18.1667
12
-2.44444
-12.3889
-10
3.38889
19.1111
30.5556
33.5556
31.0556
25.7222
21.0556
16.3889
10.1111
2.77778
-5.94444
-12.5556
-18.3333
-22.5556
-27.7778
-32.9444
-34.8333
-29.0556
-15
2.38889
17.0556
23.6667
18.2222
3.05556
2.05556
8.72222
15.8889
17.0556
7.33333
-7.44444
-12.3333
-2
15.7778
28.2222
30.9444
28.1667
26.2778
27.2222
29.8333
29.0556
21.2778
8.05556
-8.77778
-21.4444
-29.5556
-30.3333
-29.1111
-28.5556
-32.2222
-34.2778
-29.3333
-11.7222
10.5556
26.1667
25.2778
10.5
3.72222
11.8333
17.5556
14.9444
1.27778
-10.8333
-7.61111
11.0556
28.6111
32.7222
26.8889
22.0556
20.8889
23.2222
27.3333
32.1667
28
13.3889
-10.1667
-26.8333
-34.8889
-31.3889
-27.2222
-23.2778
-25.2778
-30.2778
-34.8333
-26.9444
-4.83333
20.1111
29.7778
19.9444
6.66667
15
17.6111
9.88889
-5.05556
-10.5
2.94444
26.5
38.2222
32.1111
20.0556
16.8333
15.7222
13.0556
12.5
21.3333
26.2222
14.5556
-10.1111
-25.3333
-25.1111
-17.1111
-15.8333
-18.3333
-21.8889
-25.1111
-33.7778
-37.0556
-23.4444
6.11111
29.8889
30.9444
10.2778
17.5
15.8333
3.22222
-9.77778
-5.55556
17.9444
41.8889
42.6667
23.4444
6.11111
6.5
9.44444
4.55556
1
12.5
25.2222
16.1111
-9.72222
-24.2778
-16.5556
-4.16667
-4.83333
-12.6111
-15.4444
-14.8889
-25
-40.6111
-40.3333
-13.3889
22.1111
37.4444
13.9444
19.2222
13.3333
-2.94444
-11.6667
3.33333
35
55.5556
39.8889
5.22222
-17.2778
-7.66667
4.66667
2.33333
-3.16667
11
28.1111
18.1111
-10.8333
-23.5
-8.33333
5.55556
-0.388889
-12.5556
-9.61111
0.5
-8.55556
-37.0556
-53.2222
-33.6667
8.94444
37.1667
17.3333
20.2222
10.7222
-7.94444
-10.4444
14.4444
51.6111
65.5556
31.7778
-17.3333
-43.7778
-22.9444
-0.0555556
3.11111
-1.72222
15.1667
33.4444
19.9444
-12.8333
-21.7778
1.11111
16.2222
0.722222
-18.9444
-10.8889
14.5
12.6111
-26.5556
-60.4444
-52
-5.88889
31.9444
20.0556
20.7778
9.16667
-10.2778
-7
24.7778
62.9444
68.6667
21.4444
-32.2222
-53.5556
-21.3889
4.55556
3.38889
-8.16667
9.11111
29.9444
17.5556
-12.3889
-12.3889
20.3889
32.8889
1.44444
-34.2778
-26.2222
14.0556
27.2778
-14.3333
-61.6667
-66
-19.6667
24.7778
22
20.6667
7.72222
-12.2222
-3.5
32.7778
69.6667
67.6111
12.1111
-38.1667
-51.4444
-10.8333
12.4444
3.44444
-16.9444
-1.88889
21.2778
13.1667
-9.33333
-0.388889
39.8333
47.3333
2.5
-47.5
-42.3889
7
32
-6.83333
-60.8889
-73.9444
-29
18.3333
22.7778
20.2778
6.88889
-13.2778
-1.05556
37.7222
74
67.3333
7.55556
-39.8333
-48.3889
-5.44444
14.6111
2.83333
-19.5556
-7.55556
13.1111
7.61111
-6.72222
8
49.4444
52.5
2.11111
-52.6111
-48.5
4.55556
33.8333
-4.22222
-60.7222
-78.0556
-34.1667
13.4444
22.9444
20.4444
7.38889
-12.8889
-0.611111
38.3889
73.1667
65.2222
4.66667
-37.8333
-44.5
-0.888889
13.2778
1.27778
-21.7222
-7.16667
11.9444
6.33333
-6.94444
10.6111
51.3889
52.4444
-1.16667
-53.4444
-47.7778
6.83333
34.2778
-4.61111
-61.2222
-78.5556
-35.5
10.6667
22.5
21.5556
9.22222
-11.3333
-2.66667
34.2222
69.5
65.0556
7.11111
-35.7778
-43.7222
-1.44444
12.5556
1.38889
-20.1111
-4.22222
13.8889
7.38889
-9.44444
5.22222
44.0556
47.5556
-0.666667
-47.7778
-40
11.1111
31.6667
-9.33333
-62.8333
-74.7222
-31.5556
10.8889
21.4444
23.2778
12.3333
-8.55556
-6.44444
25.8889
61.3333
63.7222
14.1667
-27.8889
-39.7222
-4.44444
9.61111
1.66667
-14.8333
1.38889
17.6667
7.33333
-15.2778
-8.5
25.3333
33
0.666667
-31.2222
-19.1667
18.8333
24.7778
-19.1667
-64
-66.9444
-25.1111
11.2222
19.5556
23.9444
15.0556
-5.33333
-9.66667
15.8333
50.5556
61.2778
27.2222
-8.72222
-23.3889
-1.16667
7.44444
1
-11.5
2.44444
16.1111
5.66667
-17.1667
-18.3889
6.55556
17
0.666667
-15.7222
-4.38889
17.2778
9.61111
-32.1667
-63.2222
-55.1667
-14.9444
13.9444
17.1111
24.3333
18.8889
0.166667
-11
4.72222
37.0556
57.2222
40.8889
12.1111
-6.66667
2
6.38889
2.72222
-4.44444
5.55556
14.3333
3.88889
-16.3889
-20.8889
-3.66667
6.55556
-0.888889
-9.61111
-3.66667
4.05556
-11.1111
-43.1667
-57.3333
-38.7778
-2.33333
17.5556
14.6667
23.9444
22.5556
7.44444
-9.11111
-4.5
20.1667
45.6111
46
28.9444
10.1667
7.83333
6.44444
5.16667
4.22222
15.4444
20.7778
7.11111
-17.3333
-26.9444
-16.1667
-4.55556
-4.44444
-7.83333
-7.72222
-11.4444
-28.4444
-47.1111
-45.6667
-21.2222
7.16667
17.9444
12.7778
22.9444
24.4444
13.3889
-5.16667
-9.44444
7
32.2778
44.9444
36.6111
21.6667
13.2222
12
13.8333
17.4444
24.7778
23.8333
7.72222
-17.3333
-31.6667
-28.9444
-18.8889
-11.9444
-10.6667
-13.1667
-23.3889
-37.1667
-43.7222
-31.1667
-6.61111
12.7778
16.3889
11.3889
20.7778
23.8889
16.7778
0.111111
-9.22222
-2.61111
17.2222
36.2222
39.7778
31.9444
21.5
19.8889
23.7778
29.2778
29.4444
22.3333
5.55556
-15.3889
-31.5556
-37.2778
-32.6667
-23.2222
-16.4444
-18.4444
-30.2778
-38.8889
-35.1111
-16.6667
3.66667
14.2222
13.7222
10.3333
17.8889
20.7778
17.2222
5.22222
-4.55556
-5.33333
5.61111
23.8889
36.6111
40.1667
33.8889
28.2778
25.9444
25.1667
21.2222
13.7222
4.05556
-8.5
-21.1111
-31.1111
-32.1111
-28.8333
-26.2778
-30.5556
-36.5556
-34.8333
-22.7222
-4.94444
8.61111
13.1111
11.5556
9.94444
15.2222
16.8333
15.3889
8.44444
1
-3.72222
-0.611111
10.6667
23.8333
33
34.2222
31.1667
25.6667
20.2778
13.9444
7.94444
2.94444
-3.88889
-11.3889
-20
-25.2778
-28.8333
-31.7222
-34.4444
-32.9444
-24.2778
-9.88889
2.72222
9.11111
8.72222
7.5
9.72222
12.2778
11.7222
11.3333
8.94444
5.94444
0.166667
-2
2.5
12
21.1667
24.6667
24.9444
22.0556
17.8333
12.4444
6.83333
2.66667
-3.55556
-9.44444
-16.8889
-21.7778
-25.0556
-26.2222
-25.3333
-21.2222
-12.1111
-1.05556
5.44444
6.33333
3.55556
4.27778
8.88889
9.27778
6.5
6
7.16667
9.16667
5.83333
1.16667
-0.166667
3.72222
10.3889
15.6111
18.5556
18.2222
14.1111
9.27778
4.27778
1.66667
-2.77778
-6.66667
-13.1111
-17.6111
-21.1667
-20.0556
-16.1667
-9.83333
-2.88889
2.72222
3.77778
2.22222
0.944444
4
7.33333
5.88889
2.11111
1.38889
4.44444
9.72222
9.94444
6.38889
2
0.388889
1.55556
4.66667
9.16667
12.5
12.1111
9.05556
4.38889
1
-3.44444
-6.44444
-10.8889
-13.3889
-14.3889
-10.9444
-6.11111
-1.77778
0.5
1.61111
0.388889
-0.555556
0
4.05556
5.5
3.22222
-0.611111
-1.44444
1.55556
7.61111
10.8333
10.2778
6.94444
2.61111
-0.5
-1.66667
-0.166667
2.55556
3.44444
3.61111
1.83333
0.611111
-1.72222
-2.55556
-4.33333
-4.88889
-4.88889
-2.33333
-0.166667
0.166667
-0.833333
-1.5
-1.77778
-1.16667
0.277778
3.5
-2.09375
-2.75
-3.25
-3.09375
-1.71875
-0.1875
0.9375
2.21875
2.46875
2.53125
2.78125
1
-3.28125
-8.65625
-11.9063
-13.1563
-13.0313
-13.4688
-14.125
-13.4063
-9.84375
-4.375
-0.1875
1.40625
1.8125
2.78125
3.9375
5.53125
7.1875
8
-1.1875
-1.59375
-0.84375
0.375
2.4375
4.15625
5.03125
5.65625
5.40625
4.34375
3.03125
-1.0625
-7.53125
-14.7813
-19.0313
-20.9375
-20.6563
-21.375
-22.5625
-21.0313
-15.9375
-8.28125
-1.96875
2.34375
4.03125
6.375
9.53125
12.4688
14.1563
13.6563
0.71875
1.09375
3.09375
5.125
6.96875
8.21875
8.4375
7.96875
6.0625
2.8125
-0.96875
-6.375
-12.625
-18.9063
-22.6875
-24.875
-25.0938
-26.5313
-28
-26.8438
-22.7813
-16.375
-10.0625
-3.78125
1.125
6.46875
12.2188
16.7813
18.4375
17.0938
2.3125
3.46875
6.03125
8
9
9.03125
8.28125
6.28125
3.84375
0.9375
-1.8125
-4.21875
-5.875
-6.375
-5.28125
-3.40625
-2.84375
-4.4375
-8.28125
-12.1875
-14.0938
-14.5313
-13.1563
-10.125
-5.46875
0.375
7.78125
14.1563
16.5
15.9063
2.8125
4.625
6.8125
8.03125
7.34375
6.03125
4.71875
3.1875
3.5625
4.46875
6.46875
9.8125
15.3438
22
28.8125
34.6563
35.8125
34.5
29.9375
22.4688
14.0938
5.46875
-1.21875
-4.6875
-4.6875
-2.78125
1.40625
6.09375
8.84375
10.25
2.65625
4.71875
5.625
5
3.125
1.84375
2.53125
4.65625
8.6875
14.4063
22.5313
33.1563
45.3438
57.5938
67.5
74.3438
75.9688
75
70.7188
62.5
50.8125
36.5
22.3438
10.4375
3.9375
0.34375
-0.625
-0.25
0.40625
2.09375
1.5625
2.875
1.5
-0.28125
-1.34375
-0.3125
4.0625
9.9375
17.9375
28.5313
42.6563
57.9063
72.4688
85.0625
93.875
100.281
102.219
102.219
99.2813
92.6563
82.8438
68.875
52.0313
34.375
20.0313
9.40625
2.5625
-1.8125
-4.875
-4.8125
0.625
-0.03125
-2.71875
-4.25
-2.90625
1.96875
8.3125
15.4688
23.5
32.9375
44.9375
56.7188
66.0938
71.9063
75.3125
77.0625
77.75
78.8125
79.8125
79.5625
76.1875
69.875
58.375
44.0625
29.875
17.7813
8.53125
1.59375
-3.28125
-5.71875
-0.1875
-2.21875
-4.875
-5
0.0625
7.46875
13.625
18.5938
22.8438
27.5625
32.125
35.6875
35.8125
34.1563
31.8438
29.4375
28.7813
29.7188
32.5938
36.9688
39.9375
41.5
39.9375
34.25
26.9688
19.2188
12.4688
6.6875
2.21875
-2.09375
-1.09375
-3.625
-4.84375
-2.03125
5.84375
13.75
15.8438
14.9688
16.125
17.0313
14.1563
7.1875
-1.71875
-9.15625
-14
-17.4063
-19.3438
-19.125
-15.5
-9.40625
-3.25
3.59375
11.9063
17.625
17.8125
14.9688
11.4063
9.03125
7.59375
3.5625
-2.03125
-4.28125
-2.84375
3.03125
12.25
17.75
13.375
8.25
7.84375
5.65625
-3.84375
-19.75
-35.4688
-44.8438
-48.25
-52.7813
-56.4688
-57.125
-53.0313
-45.75
-40.7813
-33.4688
-18.3125
-2.5625
5.3125
7.125
6.09375
6.28125
10
8.84375
-2.46875
-3.03125
0.625
9
17.4063
18.625
11.3125
6.6875
8.21875
8.625
-1.40625
-20.5625
-36.8125
-43.5313
-45.625
-51.1875
-55.25
-56.0938
-51.25
-43.4688
-40.875
-37.9688
-21.6875
-1.59375
7.125
6.90625
3.78125
2.25
7.71875
10.7188
-2.96875
-2.15625
3.15625
12.7813
18.875
18.1875
10.4375
7.5
10.1563
11.5938
4.125
-13.3438
-26.1563
-30.4375
-31.5625
-36.1875
-37.0938
-34.3438
-27.625
-19.3125
-18.4375
-19
-5.59375
13.4688
18.5313
13.5938
6.21875
1.09375
5.125
9.875
-3.03125
-1.4375
4.375
13.6875
17.75
16.625
10.6563
10.1563
11.1563
10.25
3.21875
-9.96875
-18.0313
-20.3125
-20.75
-23.9688
-21.2813
-14.4063
-5.84375
1.875
1.3125
-1.1875
8
22.2188
25
17.9688
9.21875
1.625
3.21875
7.78125
-2.71875
-0.75
4.46875
12
13.5
12.5313
9.875
11.375
10.4375
8.8125
2.3125
-6.21875
-8.78125
-9.4375
-11
-13.0625
-7.625
0.5
9.0625
15.0938
14.375
11.7813
17.25
25.8438
26.4063
18.875
11.2188
3.4375
2.0625
4.78125
-2.46875
-0.96875
2.90625
7.59375
7.40625
7.3125
6.4375
8.34375
7.3125
4.5625
0.4375
-3
-3.21875
-4.5
-6.09375
-7.09375
-2.46875
4.34375
9.4375
11.625
11.6875
11.9063
14.7813
18.3125
18.1875
13.5313
8.9375
3.9375
1.53125
1.125
-1.875
-1.25
0.46875
2.28125
0.4375
-0.875
-0.8125
2.8125
4.65625
5.65625
4.25
3.53125
5
4.625
3.375
0.1875
-0.15625
0.5
1.1875
0.71875
0.96875
3.15625
4.625
5.15625
5.03125
3.28125
2.59375
1.125
-0.4375
-2.75
-2.09375
-2.34375
-3.03125
-4.03125
-5.90625
-7.875
-7.59375
-3.625
1.03125
5.8125
8.53125
10.4063
11.4375
11.7813
11
6.53125
1.4375
-3.90625
-7.125
-9.59375
-8.9375
-5.4375
-4.8125
-6.1875
-6.75
-5.8125
-4.21875
-2.5
-2.5
-6.40625
-2.25
-3.09375
-5.90625
-9.375
-10.125
-10.3125
-9.34375
-8.8125
-5.96875
-3.21875
2.40625
7.96875
9.0625
9.03125
9.03125
7
1.03125
-5.8125
-13.0625
-19.1875
-18.4063
-14.2188
-15.4375
-19.0313
-19.0313
-14.1563
-9.125
-3.78125
-4.4375
-10.3438
-2.21875
-3.3125
-7.8125
-13.5313
-13.875
-12.2188
-8.5625
-9.84375
-11
-10.0938
-3.96875
4.90625
9.375
11.4063
12.0313
13.1563
9.59375
2.5625
-6
-13.1563
-13.5
-11.4063
-16.375
-24.3125
-24.5625
-17.375
-9.59375
-3.0625
-5.8125
-12.9688
-1.96875
-2.75
-7.875
-15.7188
-15.375
-10.9063
-4.25
-6.8125
-10.75
-12.625
-5.1875
9.09375
15.875
17.7813
18.625
24.3438
24
19.2813
11.3438
3.09375
2.5625
3.28125
-6.25
-20.0938
-21.9688
-14.2188
-6.96875
-1.3125
-6.53125
-13.875
-1.0625
-0.75
-5.34375
-14.1875
-17
-12.875
-2.8125
-3.1875
-7.5
-9.3125
-0.09375
17.9063
30.125
33.4375
33.5
40.625
43.0625
40.625
32.2813
23.9375
23.3125
21.375
6.875
-11.3125
-15.9063
-10.6563
-4.4375
-1.15625
-9.53125
-14.2813
-0.96875
0.6875
-2.3125
-10.8125
-16.9688
-17.0313
-7.1875
-1.78125
-1.15625
2.0625
13.0313
31.9063
47.0313
53.5938
55.2813
60.8438
63.25
61.125
55.1563
49.5938
47.2813
41.5313
23.7813
3.25
-5.15625
-5.6875
-4.9375
-6.5
-12.3438
-11.4063
-2.25
0.59375
0.03125
-6.1875
-14.5313
-19.0625
-14.9688
-10.1875
-7.71875
-4.40625
4.71875
19.7188
33.5
41.6563
46.1875
52.125
54.8125
54.25
50.4375
45.4688
41.1563
33.375
17.4063
0.90625
-7.21875
-9.8125
-12
-14.0625
-14.5
-8.3125
-4.8125
-1.40625
0.28125
-2.375
-11.0625
-19.9375
-22.1875
-20.875
-20.9375
-21.8438
-19.5625
-13.8125
-4.875
3.34375
8.6875
13.5313
16.3125
16.5625
13.2813
8.875
3.875
-3.75
-12.8438
-19.5938
-22
-21.4375
-20.7813
-19.9688
-15.6875
-6.3125
-7.46875
-5.3125
-2.4375
-2.03125
-7.15625
-16
-23.8125
-27.4375
-30.6875
-36.375
-42.0313
-46.1563
-46.9063
-43.9688
-39.75
-36.0313
-33.625
-32.7188
-33.7188
-35.9688
-39.2188
-41.6563
-40.875
-37.6875
-33.1875
-28.2188
-24.7813
-20.75
-12.3125
-3.90625
-9.15625
-9.3125
-7.28125
-5.125
-6.96875
-12.3125
-20.2188
-27.75
-35
-45.1563
-56.75
-68.75
-77.875
-82.9063
-84.6563
-83.5625
-82.0938
-80.4063
-79.3438
-78.625
-75.875
-70.4063
-60.7813
-49.25
-38.625
-29.2813
-22.0313
-15.1563
-8.34375
-4.25
-9.3125
-11.625
-11.625
-10.0625
-9.53125
-11.3125
-15.0313
-20.25
-26.5938
-35.4375
-47.9063
-62.2188
-76.0313
-87.4063
-95.7813
-100.125
-101.469
-100.344
-97.0625
-91.9375
-83.2813
-71.6563
-57.5
-43.1563
-31.1875
-22
-14.4688
-9
-6.3125
-6.21875
-7.875
-11.6563
-14.0938
-14.5938
-13.9063
-12.8125
-12.7188
-14.3438
-17.4375
-21.0938
-28.6563
-38.75
-50.1875
-62.3438
-71.9063
-78.0938
-80.4688
-79.8438
-75.625
-69
-59.625
-47.4375
-35.9063
-25.375
-17.5
-12.6563
-8.5625
-6.3125
-6.5
-8.875
-6.28125
-9.90625
-13.8438
-16.375
-17.3125
-16.0938
-13.6875
-12.4688
-13
-12.75
-14.8438
-18.9688
-24.5938
-32.2813
-39.9063
-45.625
-48.1563
-48
-44.4688
-38.875
-31.5625
-23.75
-17.7813
-12.5938
-9.375
-8.28125
-7
-7.21875
-9.0625
-11.1563
8.28125
10.875
9
2.40625
-5.28125
-8.5625
-6.75
0.71875
8.21875
12.0938
11.4688
8.0625
7.03125
8.46875
10.0938
8.28125
3.71875
-2.90625
-4.5
-0.65625
0.96875
1.6875
-3.6875
-12.5938
-16.625
-17.7188
-14.0625
-6.53125
0.125
6.375
6.5
9.65625
9.03125
4.3125
-2.375
-5.46875
-4.84375
-0.15625
4.90625
7.09375
6.15625
3.6875
3.46875
5.40625
7.40625
6
2.28125
-3
-3.875
0.21875
2.375
3.84375
0.59375
-5.84375
-9.09375
-11
-10.0313
-5.71875
-0.59375
5.40625
5.59375
8.65625
9.09375
5.75
-0.15625
-3.40625
-4.9375
-2.71875
0.6875
2.3125
2.84375
2.5
4.125
7.03125
8.75
6.75
2.03125
-4.09375
-5.9375
-2.96875
-0.71875
1.8125
1
-1.90625
-2.4375
-3.34375
-3.21875
-1.65625
0.4375
4.53125
6
9.53125
10.4063
7.375
1.125
-3.71875
-6.65625
-5.28125
-1.40625
2.75
6.625
9.40625
12.0625
13.75
12.7188
8.53125
2.40625
-5
-8.71875
-9.5
-9.46875
-7.40625
-6.09375
-4.5
-1.21875
1.375
2.78125
3.84375
3.875
4.15625
6.8125
11.125
12.125
8.65625
1.09375
-4.84375
-7.78125
-5.0625
2.25
9.53125
16.0938
19.25
19.0313
17.375
13.125
7.78125
2.4375
-4.125
-8.625
-12.5938
-16.2813
-17.0313
-16.7813
-13
-6.5
-0.09375
5.78125
8.78125
8.90625
7
7.84375
12.7188
13.25
8.75
0.375
-5.65625
-6.28125
0.34375
10.6875
20.0313
25.5938
24.9688
21.4063
16.5313
10.875
6.03125
1.84375
-3.3125
-7.65625
-11.75
-17.625
-21.25
-23.4063
-22.5625
-16
-7.40625
2.5
10.4375
12.9063
10.8438
9.1875
14.1875
13.75
8.34375
-0.40625
-5
-1.6875
7.75
19.3125
27.3438
28.7813
25.6563
21.3438
16.8125
12.3125
7.46875
2.09375
-4.34375
-9.40625
-13.2813
-17.8438
-21.125
-24.8438
-26.8125
-24.2188
-17.0313
-4.5625
7.625
14.625
14.625
10.125
14.5938
13.3438
7.0625
0.15625
-1.21875
3.6875
13.0313
20.8125
23.125
22.8125
21.8438
22.7188
25.0313
23.4375
17.25
6.4375
-7.4375
-17.9375
-24.5
-26.3125
-24
-23.1875
-22.9375
-22.0625
-19.2188
-9.03125
4.09375
13.5313
16.7813
11.1875
14.5313
12.3125
5.625
1.5
2.84375
8.4375
16.7188
20.8438
20.375
20.125
21.1875
25.1875
30.6563
31.1563
24.4375
9.71875
-9.34375
-24.7813
-33.9063
-34.125
-29.0625
-24.4375
-21.5625
-20.4063
-18.5938
-11.4063
0.5625
11.5938
17.2188
13.0938
14.75
10.8438
3.90625
2.53125
6.8125
13.7188
21.8438
24.375
23.4063
23.9063
24.1875
26.5313
30.1563
29.375
23.4063
9.71875
-9.5
-24.4375
-32.9688
-34.5625
-30.8438
-27.5938
-26.375
-24.875
-22.5938
-16.7813
-5.03125
8.03125
16.375
14.6563
14.7813
8.90625
3.28125
5.5
13.25
21.9375
28.25
28.2813
25.8438
26.5313
25.125
23.5938
24.3438
21.375
17.3438
8.59375
-7
-17.8438
-23.75
-28.0313
-28.1563
-28.9375
-31.4375
-30.75
-28.875
-25.5313
-15.0938
0.9375
13.9688
15.4688
13.5313
6.375
3.8125
11.1563
23.5
32.375
33.6875
27.0313
19.375
18.0313
15.1875
14.0625
15.5938
14.375
13.625
8.3125
-3.65625
-10
-10.6563
-15.375
-18.5938
-23
-30.4063
-31.3125
-31.8438
-33.5938
-27.0625
-9.78125
9.71875
15.7188
11.7813
3.96875
5.59375
19.0625
35.625
42.5625
35.0625
17.3438
1.09375
-1.8125
-0.90625
5.34375
14.5
17.125
17.4375
11.5938
-1.53125
-6.0625
-2.5
-6.1875
-9.75
-13.7813
-22.9063
-24.3438
-27.5938
-37.7188
-38.0313
-22.625
1.1875
16.1563
10.375
2.5625
8.5
27.1875
46.625
48.9688
30.7188
3.40625
-19.5
-20.4688
-12.5938
0.46875
16.3125
21.625
21.5938
14.9063
0.28125
-3.28125
2.6875
-1.0625
-4.6875
-7.5
-14.6563
-13.625
-18.2188
-36.1563
-45.9375
-35.2188
-9.59375
16.2188
9.1875
1.78125
12
34.4375
54.1563
50.6875
24.125
-8.125
-30.875
-27
-16.3438
-2.53125
12.3125
17.1875
18.9375
14.875
2.6875
1.625
9.84375
3.375
-2.90625
-5.5
-11.0938
-4.03125
-6.4375
-30.5938
-49
-45.4375
-20.8438
16.4063
8.96875
1.84375
16.0313
39.9688
58
51.125
19.9063
-11.0625
-27.875
-19.4375
-9.625
-3.40625
1.625
1.09375
3.71875
8.09375
6.59375
13.1875
25.6875
13.375
-3.15625
-11.2813
-18.1875
-5.5625
-0.78125
-25.6875
-49.8125
-51.5938
-29.9375
16.6875
9.1875
2.15625
18.7813
42.25
58.9375
50.375
17.125
-10.3438
-22.2813
-10.875
-3.09375
-2.9375
-5.1875
-10.375
-6.5625
3.78125
10.125
23.1875
38.9063
21.4063
-3.40625
-17.5625
-27.0938
-10.9063
-1.21875
-24.1563
-50.25
-54.9375
-34.9375
17.0938
9.84375
2.59375
19.4063
43.2188
59.6875
50.6563
16.6875
-12.2813
-25.25
-13.4688
-4.65625
-2.625
-2.53125
-6.875
-4.21875
4.75
9.34375
22
38.2188
21.3125
-2.0625
-16.625
-26.4375
-10.125
-2.0625
-25.2188
-51.0625
-56.25
-36.5313
18.125
11.1563
3.46875
17.75
40.875
58.25
50.9688
18.3125
-13.4688
-31.5938
-23.0938
-11.3438
-1.375
7.03125
6.59375
6.125
6.84375
3.0625
10.1875
24.625
13.9688
-0.40625
-8.25
-14.9688
-3.21875
-1.78125
-27.5625
-52.2813
-56
-35.7813
19.0313
12.5625
4.1875
14.3438
35.5625
53.7813
51.5625
26.0313
-3.875
-24.2813
-21.2813
-12.3438
-0.75
10.4688
12.4063
10.5938
6.40625
-2.25
-0.625
11.2188
6.125
-0.71875
-2.5
-8.1875
-2.875
-7.5625
-33.5313
-52.9375
-52.1875
-31.1563
20.2813
14.5
5.6875
10.4688
27.5625
45.8438
49.1875
34.875
13.1875
-4.375
-5.5625
-4.21875
0.5
6.28125
7.25
6.46875
3.3125
-3.96875
-3.90625
5.15625
1.5625
-2.65625
-4.625
-12.0938
-11.5313
-19.3438
-39.8438
-50.5
-44.3438
-22.5
21.375
16.9375
7.96875
8
19.1875
34.9375
43.25
39.5
28.1875
16.75
12.7813
7.65625
4.9375
4.1875
2.9375
2.3125
0.125
-5.875
-7.15625
-1.125
-4.1875
-7.625
-10.5625
-18.9375
-21.6563
-28.9063
-42
-44.7188
-34.0938
-13.9063
22.1563
19.375
10.75
6.4375
12.9688
25.0938
35.375
39.2188
34.4063
27.75
24.4688
18.2188
13.9688
11.4688
7.90625
4.53125
-0.3125
-8.6875
-13.3438
-11.2188
-14.2813
-16.6563
-18.4688
-25.3125
-28.0313
-32.6875
-39.75
-36.4375
-23.7813
-6.78125
22.1875
20.7188
13.0938
5.875
8.46875
17.0625
26.9063
34.1875
32.9063
29.2188
27.6563
24.1563
24.0625
24.5313
20.9375
14.75
3.125
-12.5625
-22.9375
-25.9063
-27.3438
-25.25
-23.5938
-26.7813
-28.8438
-32.1875
-35.0625
-28.0625
-14.75
-0.625
21.25
20.5938
14.5313
6
6.9375
13.0625
21.5
29.75
28.5625
24.7813
23.8125
23.875
27.8125
32.7188
29.9375
20.9688
5.3125
-15.6875
-29.2813
-35.25
-34.3125
-27.25
-22.9688
-23.3438
-26.0625
-29.9375
-30.1563
-20.8438
-8.0625
3.5625
19.4688
19.0625
14.6875
6.40625
5.46875
10
17.6875
26.6875
27.875
24.875
22.8438
22.8438
26.6563
31.2188
28.75
19.9688
4.625
-14.4688
-28.1563
-35.4063
-34.0313
-27.2188
-22.125
-21.625
-25
-27.9063
-25.6563
-14.9375
-3.5
5.78125
16.8438
16.5625
13.5938
6.75
4.46875
7.1875
14.7188
25.3125
30.6875
31.9063
28.8125
24.8125
23
21.0938
17.9063
12.0625
2.65625
-8.28125
-18.1563
-25.0625
-27
-26.6563
-26.4688
-28.4375
-30.5
-28.7813
-21.7188
-8.96875
1.78125
8.625
14.0625
14.0625
12.5
7.4375
4.09375
4.375
9.09375
18.4375
27.0313
32.4375
32.2813
27.8438
21.7188
15.4063
9.90625
5.5625
1.34375
-3.78125
-8.9375
-15.1875
-21.0313
-26.2188
-31.0625
-33.2813
-31.4375
-24.75
-13.9688
-2.375
5.4375
9.21875
10.6875
10.7188
10.2813
7.71875
5.21875
3.25
4.65625
9.78125
16.875
24.4063
27.3438
26.5
22.8125
17.0313
11.4063
6.34375
1.21875
-4.28125
-9.875
-16.1875
-21.8125
-26.5625
-28.7813
-27.25
-22.3125
-13.5313
-4.9375
1.75
5.5
6.0625
7.28125
6.78125
6.96875
6.625
6.9375
5.40625
4.1875
4.96875
7.1875
12.4375
16.9688
19.3438
19.5313
16.5313
11.8438
6.9375
1.46875
-4.25
-9.78125
-15.5625
-19.875
-22.125
-20.9688
-16.9063
-10.9375
-4.09375
0.0625
2.65625
3.625
3.40625
1.625
0.541667
0.5
0.208333
-0.333333
-0.5
-0.458333
-0.708333
-1.70833
-1.79167
-1.08333
-1.625
-3.08333
-3
-2.125
-1.91667
-3.375
-5.375
-5.375
-5.875
-6.375
-5.625
-5.375
-3.66667
-2.25
-1.875
-2.08333
-3.16667
-2.5
-2.20833
-3.45833
-4.625
-0.875
-0.75
-0.625
-1.33333
-1.54167
-1.29167
-1.16667
-1.79167
-2.91667
-3.83333
-4.875
-5.70833
-5.875
-4.33333
-2.33333
0.333333
1.08333
1.54167
0
-1.20833
-2.125
-4.08333
-4.91667
-6.66667
-5.41667
-5.625
-6.54167
-6.79167
-6.08333
-4.875
-5.25
-5.04167
-1.54167
-1.125
-1.91667
-2.875
-2.875
-2.79167
-3.41667
-4.45833
-5.25
-5.58333
-4.95833
-2.70833
1.375
5.625
9.20833
13
15.5833
18.0833
17.3333
17.3333
16.2083
11.8333
7.20833
0.375
-4.08333
-8.08333
-9.79167
-8.375
-7.625
-5.95833
-2.70833
0.458333
-0.916667
-0.333333
-1.20833
-2.08333
-2.83333
-4.41667
-5.79167
-5.75
-4.25
-1.08333
3.04167
7.75
12.7083
14.8333
14.9583
13.125
12.1667
12.3333
13.6667
15.3333
18
20.4167
20.0833
18.0833
11.25
5.54167
1.33333
-1.625
-4.58333
-6.375
-2.41667
1.95833
-0.833333
-0.75
-0.416667
-0.416667
-1.75
-3.29167
-2.625
0.125
3.66667
7.95833
10.9167
11.6667
9.08333
3.41667
-3.75
-12.25
-17.1667
-19.7917
-18.2917
-16.5833
-11.25
-2.125
6.375
15.125
18.125
18.5417
15.0833
9.29167
4.25
-0.958333
-3.875
-3.125
0.625
-0.458333
-0.708333
-1.125
-1.04167
1.04167
4.25
7.45833
9.66667
10.0417
6.29167
-1.70833
-12.5833
-23.7083
-33.9583
-42.7917
-47.5833
-50.0833
-50.0417
-48.1667
-43.75
-35.7083
-25.75
-14
-0.583333
9.875
12.875
11.125
10.1667
8.08333
1.54167
-3
3.25
2.29167
0.666667
-0.333333
1.70833
5.16667
7.125
7.125
5.70833
0.416667
-10.6667
-23
-33.625
-41.1667
-45.5
-46.5
-45.4583
-44.9167
-45.8333
-46.3333
-47.75
-47.5
-44.25
-38.375
-26.9583
-12.8333
-0.458333
5.70833
8.66667
11.3333
10.75
5.95833
1.95833
2.125
1.75
2.5
4.625
5.33333
4.08333
0.708333
-4.66667
-14.2917
-23.5
-28.125
-28.125
-23.8333
-16.2083
-5.125
2.83333
6.83333
5.91667
1.125
-8.125
-19.7083
-27.25
-32.0417
-32.5
-27.7917
-14.7917
-0.875
4.375
6.75
9.45833
7.91667
-2.08333
-1.91667
-0.208333
2.41667
3.41667
2.16667
-0.666667
-4.95833
-12.2917
-18.2083
-15.125
-7.5
3.41667
15.5417
28.6667
39.5833
43.2917
44.7917
44.125
41.25
35.7083
24.25
11.125
-1.08333
-11.4583
-19.5
-20.5
-11.375
-2.5
0.5
0.666667
0.666667
-2.41667
-3.29167
-0.916667
1.625
1.04167
-0.875
-3.79167
-7.20833
-8.625
-1.70833
11.7083
26.4167
40.1667
50.9583
55.0417
50.0417
42.9583
37.25
36.7083
40.7083
46.875
51.0417
45.5
34.2083
20.9583
6.79167
-7.25
-15.0833
-10.4167
-3.625
-2.25
-1.45833
-0.166667
-0.875
1.20833
1.83333
-0.458333
-2.70833
-5.29167
-5.20833
2.70833
15.25
27.3333
39.3333
50.7917
56.875
50.2917
38.75
31.9583
27.75
27.875
32.2083
40.375
52.1667
58.625
54
41.1667
27.75
13.5833
-1.91667
-10.0417
-7
-1.04167
2.375
0.208333
1.125
1.29167
-0.833333
-3.20833
-5.04167
-5.08333
-0.291667
6.91667
10.25
8.29167
4.375
4
2.20833
-2
-1.54167
5.5
15.9583
17.2917
11.0833
7.25
8.45833
14.9583
19.4583
17.3333
16.1667
14.9167
9.79167
-0.416667
-6.95833
-2.70833
3.20833
-0.625
1.375
-0.5
-3.125
-4.29167
-5.45833
-2.125
1.75
1.70833
-3.54167
-15.125
-28.2917
-42.5833
-50.375
-47.9167
-39.1667
-25.5833
-11.125
-9.75
-20.9167
-34.9167
-44.7083
-46.2083
-38.6667
-25.25
-13.5417
-1.83333
5.79167
5
-2.04167
-4.45833
-0.833333
-0.208333
1.45833
-0.0416667
-0.958333
-1.33333
-1.91667
0.375
-0.75
-3.20833
-6.54167
-8.83333
-10.25
-18.7083
-24.75
-23.875
-20.7083
-20.3333
-23.0833
-24.7083
-25.6667
-31.0417
-37.75
-40.25
-36.5
-25.0833
-16.7083
-9.41667
-1.95833
1.58333
1.375
-2.125
-3.5
1.33333
1.54167
1
1.04167
1.20833
1.375
0.666667
-2.5
-3.54167
-0.916667
9.04167
18.9583
24.75
23.6667
20.3333
15.1667
2.625
-12.4583
-17.4583
-10.5
-1.625
1
1.04167
1.75
1.625
1.375
-2.75
-3.16667
-1.41667
1.04167
0.666667
-2.29167
1.625
0.25
-0.0833333
0.166667
0.916667
2.33333
2.04167
0.916667
1.04167
4.625
11.5833
17.625
22.75
23.9583
21.5417
15.75
7.45833
-2.125
-4.79167
0.291667
8.66667
14.2083
14.25
13.5833
10.8333
8.75
3.70833
-0.125
0.0833333
1.25
1.25
-0.5
-0.0833333
-1.54167
-1.41667
-0.666667
0.458333
2.83333
5.25
8.625
8.41667
5
-1.5
-8.66667
-13.0833
-13.875
-12.2083
-8.625
-3.66667
1.125
4.41667
5.91667
6.25
7.91667
8.33333
7.5
6.83333
5.83333
5.5
3.375
3
3.08333
1.875
1.04167
-0.958333
-0.916667
-0.375
0.541667
1.79167
4.04167
6.75
11.0833
9.58333
1.375
-11.75
-25.625
-34.5833
-38.0833
-33.375
-22.125
-10.7917
1.33333
8.08333
8.75
5.29167
2.5
3.29167
3.04167
3.25
3.41667
5.25
4.79167
4.04167
3.66667
2.45833
1.875
0.625
1
1.25
1.58333
2.875
4.16667
4.25
4.79167
3.875
1.125
-4.25
-9.08333
-13.5833
-15.5833
-13.125
-8.54167
-5
-1.45833
3.04167
4.20833
3
1.41667
2.125
1.79167
1.79167
2.875
4.16667
3.58333
2.91667
2.625
1.91667
1.20833
2.33333
1.25
1
0.833333
2.20833
3.04167
0.708333
-0.708333
1.04167
6.41667
12.5417
18.5417
24.5833
27.5417
23.2083
13.2083
4.20833
-3.25
-5.16667
-4
0.541667
6.125
7.45833
6.33333
4.08333
3.375
3.16667
1.83333
1.66667
2.20833
1.375
0.125
1.875
0.166667
-0.291667
-0.416667
0.541667
2.16667
-1.25
-3.66667
-2.25
6.41667
16.4583
25.2083
35.375
39.875
34.1667
18.875
5.875
-5.45833
-8.08333
-1.625
7.29167
16.5
16.5
14.3333
10.125
5
1.66667
-1.125
0.5
2.29167
1.95833
-0.166667
-0.291667
-0.75
-1.41667
-1.33333
-1.20833
0.666667
0.375
-2.41667
-7.125
-6.375
-3.45833
-2.04167
-3.54167
-4.66667
-3.04167
-4.83333
-10.5
-17.0417
-15.4167
-7.29167
0.416667
1.83333
-0.75
0.541667
2
0.416667
-4
-4.33333
0.5
1.29167
1.25
-1.29167
-1.45833
0
-1.08333
-1.29167
-1.875
-1.16667
2.91667
3.20833
-2.875
-14.8333
-25.3333
-37.7917
-51.9583
-59.125
-52.8333
-37.5417
-29.4167
-24.1667
-24.2917
-29.375
-35.8333
-47.4167
-47.9167
-39
-26.3333
-14.5417
-8.45833
0.0416667
2.91667
-0.166667
-3.58333
-6.125
-0.166667
1.70833
0.333333
-1.25
-2.66667
-3.58333
0.666667
4.70833
8.66667
2.33333
-8.5
-19.4583
-29.7083
-35.625
-35
-24.875
-11.7083
-2.25
-6.33333
-19.8333
-36.9583
-47.2917
-44.2917
-35.8333
-22.9583
-10.375
2
8.91667
3.95833
-1.125
-6.25
-6.875
0.333333
1.41667
1.54167
-0.916667
-3.04167
-5.33333
-3.33333
2.125
12.5417
22.7083
27.9167
33.4167
35.875
34.2917
27.2917
20.0417
21.4167
24.1667
22.3333
18.0417
14.8333
20
24.375
25.1667
23.2917
19.125
16.9167
9.33333
1.04167
-2.375
-1.95833
1.75
-1.16667
-0.416667
2.625
2.33333
0.291667
-2.625
-4.41667
-2.83333
2.625
15.0833
29.7917
43.5833
53.5833
56.125
49.625
38.4583
29.5417
26.125
28.1667
33.8333
44.4167
55.2083
59.0417
54.3333
41.1667
26.7917
12.7083
0.958333
-3.625
-3.375
1.625
6.58333
-1.125
-0.583333
2.79167
5.58333
5.08333
2.375
-2.45833
-7.29167
-9.25
-5.66667
4.125
16.5417
28.6667
38.1667
41.25
39.1667
35.2917
31.9583
33.375
37.3333
41.25
42.3333
37.9167
27.6667
14.7083
3.45833
-5
-7.95833
-6.66667
-2.58333
1.875
4.375
-0.125
-0.0833333
0.916667
4.125
6.04167
5.16667
0.75
-5.45833
-11.7083
-16.5833
-17.25
-12
-1.33333
11.625
23.75
32.7083
38.7917
40.8333
39.4167
36
29.25
19.5417
6.79167
-5.58333
-13.4167
-16.875
-15.5833
-11.0417
-5.70833
-0.583333
2.95833
3.625
-0.25
-0.666667
-1.54167
0.208333
3.54167
5.58333
4.58333
1.45833
-4.625
-13.1667
-21.9167
-28.625
-27.5
-22.2083
-13.5
-3.54167
3.125
8.5
6.79167
1.20833
-5.45833
-14.5833
-22.0417
-26.25
-24.875
-19.2083
-12.375
-5.70833
-0.5
2.33333
2.66667
1.45833
0.25
-0.208333
-1.66667
-1.79167
0.458333
3.33333
6.33333
7.58333
5.45833
-0.708333
-10.2083
-22.75
-33.4167
-40.6667
-43.1667
-42.5417
-42.2917
-39.875
-39.2917
-40.25
-39.7917
-38.875
-34.625
-27.2917
-17.7917
-8
-0.958333
3.79167
5.66667
4.29167
0.291667
-2.16667
0.958333
0.583333
-0.416667
-1.83333
-2.54167
-1.66667
1.66667
6.08333
9.54167
9.66667
6.5
0.166667
-10.75
-22.5417
-32.7917
-39.9167
-44.0833
-46.5
-44.875
-41.0417
-35.4583
-27.375
-17.0417
-6.33333
1.5
6.33333
8.625
8.75
6.25
2.54167
0.291667
-0.458333
0.125
-0.458333
-0.666667
-1.79167
-3.91667
-5.04167
-4.58333
-1.79167
3.54167
8.95833
13.5
17.5833
16.75
12.4583
4.625
-2.83333
-7.83333
-12.5417
-12
-7.54167
-2.625
3.70833
10.0417
13.75
13.5
10.4583
7.375
3.875
0.416667
-1
0.666667
1.625
-3.875
-5.20833
-3.25
3.45833
9.04167
7.375
1.91667
-3.95833
-8.70833
-8.04167
-2.58333
2.25
4.16667
2
-4.625
-7.04167
2.875
15.5
11.5
-5.625
-11.625
-2.25
8.125
9.95833
3.25
-3.25
-5.33333
-6.16667
-4.125
-0.0833333
0.0416667
-2.75
-3.75
-5
-3.5
2.41667
8.83333
7.45833
0.833333
-4.91667
-8.16667
-6.95833
-2.25
3.04167
5.875
2.54167
-4.70833
-6.04167
2.83333
12.2917
7.75
-6.20833
-9.875
-2.08333
7.33333
10.8333
4.45833
-2.125
-4.29167
-6.29167
-4.83333
-1.125
-1.375
-3.41667
-3.16667
-4.625
-3.29167
2.25
8.25
6.33333
-0.916667
-5.70833
-6.5
-4.08333
0.291667
4.91667
5.25
0
-5.04167
-4.375
2.45833
8.95833
4.83333
-5.79167
-7.91667
-2.54167
4.58333
8.875
4.16667
-0.0833333
0.583333
-2.5
-6
-4.83333
-2.95833
-2.41667
-2.66667
-4.45833
-2.95833
2.16667
6.54167
4.08333
-1.54167
-3.5
-2.625
-1.33333
0.916667
3.875
2.58333
-2.04167
-3.54167
-1.875
1.66667
5.20833
2.16667
-4.29167
-5
-2.33333
2.20833
5.83333
1.875
-1.08333
3.20833
4
-2.95833
-8.25
-6.04167
-1.41667
-1.83333
-3.25
-3.04167
1.08333
4.5
2.70833
0.5
0.125
-0.833333
-1.04167
0.416667
2.04167
-0.0416667
-3.58333
-2.875
-0.5
1.58333
4.08333
2.95833
-0.958333
-2.25
-2.25
-1
0.75
-0.875
-1.45833
2.33333
5.16667
1.75
-5.08333
-6.5
-1.875
-1.375
-2.58333
-3.70833
-0.625
3.83333
4.79167
3.375
1.08333
-1.45833
-2.33333
-2.08333
-1.83333
-2.33333
-2.20833
0.0416667
1.83333
2.29167
3.41667
3.33333
1.83333
1.875
0.416667
-2.875
-4.25
-4.20833
-2.375
0.75
2.25
1.79167
0.208333
-1.08333
0
-1.5
-2.58333
-5.20833
-2.33333
5.45833
8.79167
4.875
-0.5
-3.79167
-4.95833
-5.66667
-4.25
-0.125
1.95833
1.875
2.125
2.79167
4.08333
3.66667
2.16667
2.5
1.625
-0.125
-2.125
-5.83333
-6.08333
-2.45833
-0.666667
-1.33333
0.208333
5.75
7.70833
-1.79167
-3.125
-6.875
-3
8
12.2083
4.70833
-3.66667
-7.16667
-8.91667
-7.75
-1.625
3.375
3.41667
2.29167
2.375
3.45833
4.95833
4.79167
3.125
2.375
2.16667
2.5
1.83333
-4.25
-10.2917
-8.04167
-3.625
-3.875
-1.75
8.70833
14.5417
-1.70833
-4.04167
-7.95833
-1.95833
11.1667
13.5417
2.20833
-7.70833
-11.6667
-11.3333
-5
1.625
3.66667
3.41667
2.79167
3.08333
4.66667
6.04167
5.625
4
2.70833
2.875
3.875
3.66667
0.541667
-7.25
-13.75
-11.75
-7.375
-2.875
8.29167
16.2917
-2.04167
-4.91667
-7.29167
1.75
13.7917
11.625
-2.91667
-14.5833
-13.625
-3.70833
2.58333
2.41667
0.666667
-2.29167
-2.58333
2.29167
8.08333
11.625
10.9583
7.70833
2.75
-2.20833
-1.625
1.33333
3.20833
2.66667
-7.25
-18.2083
-16.2917
-6.125
7
16.4167
-3.66667
-6.5
-4.91667
6.70833
15.1667
7.29167
-11.0417
-20.5833
-8.79167
7.125
5.95833
-0.791667
0.0416667
-0.625
-5.33333
-4
6.45833
16.75
16.75
8.83333
-0.375
-5.33333
-3
-0.25
1.16667
6
4.20833
-11.4167
-23.2917
-16.375
2.20833
15.625
-5.29167
-6.75
-0.708333
11.9167
13.5417
-1.54167
-19.0833
-20.6667
0.166667
16.5
5.66667
-6
1.625
7.70833
-2.625
-13.6667
-2.125
21.0833
21.2917
1.58333
-8.75
-4.66667
3.08333
4.58333
-0.916667
1.66667
10.7917
2.54167
-20.7917
-28.2083
-9.58333
11.8333
-6.625
-5.75
4.875
15.875
8.20833
-12.3333
-25
-15.875
12.7083
25.7083
3.75
-12.7917
0.541667
13.25
0.458333
-20.7917
-10.5833
24.375
26.75
-4.66667
-17.1667
-4.08333
8.41667
8.08333
-4.25
-4.54167
15.7917
17.7917
-12.375
-33.7917
-22.8333
1.79167
-7.33333
-4.16667
10.3333
18.0417
1.04167
-23.2917
-28.625
-6.875
28.1667
36.0833
0.416667
-25.375
-5.08333
18.625
2.75
-28.0833
-14.8333
31.0417
30.9167
-12.9167
-24.4167
0.375
16
8.5
-13.2083
-13.8333
20.8333
34.5417
-1.66667
-35.5
-32.125
-9.375
-8.04167
-1.95833
15.375
18.1667
-7.41667
-32.375
-28.9583
3.5
43.7083
45.9583
-5.20833
-38.6667
-10.375
20.2917
2.45833
-32.4583
-15.875
38.5417
34.1667
-22.625
-31.625
6.125
26.5417
12.875
-24.25
-30.625
22.625
52.7083
10.9583
-35.2083
-38.4583
-17.7917
-8.375
0.125
18.6667
16.5417
-14.0833
-37.6667
-27.0833
14.6667
54.1667
44.5
-15.0417
-46.375
-8.875
28.5833
6.04167
-37.5
-19.0417
42.125
32.3333
-35.8333
-38.4583
16.9583
42.5
21.7083
-30.6667
-50.125
14.4583
65.875
24.9583
-32.875
-42.625
-24.25
-8.45833
2.08333
21.0833
14.4583
-19.4167
-41.0417
-23.625
25.125
58.1667
36.125
-23.875
-47.9167
-4.20833
36.75
11.5417
-39.625
-23.2917
41
27.2917
-46.5833
-41
26.7917
54.8333
29.875
-32.9167
-62.6667
5.625
70.625
34.75
-29.9167
-44.875
-27.3333
-8.45833
2.95833
22.375
13.1667
-22.7083
-42.9583
-21.5
31.0833
60.0833
30.375
-29.125
-45.625
0.916667
36.4167
10.75
-34.125
-21.0417
33.9583
20.3333
-48.25
-39.2083
30.625
59.1667
32.9167
-34.25
-67.3333
2.875
72.0417
38.5417
-27.8333
-45.1667
-28.375
-8.25
2.625
22.125
13.4583
-22.625
-43.4583
-20.5
33.9167
59
24.625
-30.75
-40.9583
4.04167
35.6667
8.875
-34.6667
-19
34.2917
17.5417
-50.2917
-37.625
34.6667
59.5
29.4167
-35.8333
-66.125
4.41667
72.0833
37.9167
-27.5
-44.0833
-27.2917
-8.41667
1
21
15.5833
-19.5417
-42.3333
-22.4167
29.7917
58.2917
27.2917
-30.4583
-41.2083
5.33333
34.2917
6.33333
-33.9167
-17.6667
34.625
19.8333
-46.375
-37.7083
29.875
56.2083
26.5833
-37.7917
-60.125
11.6667
69.7083
31.4167
-29.0417
-41.75
-24
-8.75
-1.70833
18.7083
19.0833
-13.4583
-39.8333
-25.25
21.9583
52.75
30.0417
-23.7917
-38.0417
2.875
29.75
3.91667
-32.5
-14.75
36.4167
23.9167
-38.25
-35.3333
21
42.375
15.2083
-34.5
-42
21.5417
61.75
21
-30.8333
-37.2917
-17.7917
-8.79167
-4.125
15.7083
21.1667
-6.58333
-34.4583
-27.75
10.5833
41.75
28.125
-14.4583
-26.7917
2.45833
22.7083
3.08333
-26.7083
-12.375
31.0833
24.7083
-25.6667
-29.3333
11.0833
26
5.91667
-25.375
-22.7083
27.5
49.2917
8
-32.5833
-32
-10.5417
-8.58333
-6.625
10.9167
22.0833
2.25
-26.4167
-29.4583
-3.29167
27.875
28.1667
-3.45833
-17.2917
1.79167
14.5
0.916667
-18.0417
-7.66667
24.0833
21.4583
-15.875
-22.4583
4.45833
15.9583
2.875
-15.8333
-7.29167
27.5417
31.9167
-4.95833
-32.1667
-25.3333
-2.875
-7.91667
-8.16667
5.33333
20.125
10.5833
-15.2083
-27.2083
-13.7917
12.5417
22.0833
5.5
-6.45833
1.04167
7.625
-2.5
-15.875
-3.20833
25.125
22.2917
-8.70833
-17.7083
-1.16667
7.33333
1.04167
-5.45833
4.375
21.625
14.0417
-14.2917
-28
-16.375
3.25
-7.16667
-8.83333
1.41667
16.9583
14.4583
-5.08333
-21.2083
-20.625
0.416667
17.0833
9.54167
-1.33333
-0.75
0.916667
-4.20833
-8.33333
2.91667
21.6667
20.4583
0.666667
-10.2917
-6.625
-0.875
0.291667
1.41667
9.875
14.2917
-0.541667
-18.9583
-20.5
-8.45833
5.875
-6.04167
-7.91667
-1
12.4583
14.4167
1.875
-12.0417
-19.0833
-10.625
5.70833
10.9167
4.58333
-3.04167
-5.125
-2.125
1.08333
7.16667
15.875
16.0417
7.20833
-1.08333
-5.91667
-7.83333
-4.04167
6.04167
12.6667
4.95833
-11.2917
-17.75
-12
-3.125
6.08333
-5
-5.58333
-1.45833
7.33333
10.7083
5.25
-3.58333
-12.7917
-14.125
-6.16667
3.25
7.41667
2.66667
-2.08333
1.25
5.16667
5.41667
6.83333
9.5
9.58333
4.625
-2.79167
-5.20833
0.416667
6.58333
4.70833
-4.875
-14.2083
-12.9167
-5.20833
-0.5
3.875
-4.25
-2.83333
-0.583333
3.25
6.04167
5.41667
2.125
-5.58333
-11.3333
-8.95833
-3.25
2
4.04167
2.75
4
5.20833
3.04167
3.08333
4.91667
6.375
5.75
1.79167
1.04167
3.16667
1.70833
-2.625
-8.83333
-12.6667
-7.08333
0.416667
1.33333
0.875
-3.375
-0.0416667
1.33333
0.333333
0.791667
3.70833
4.95833
0.208333
-6.75
-8.79167
-4.29167
0.25
0.875
1.66667
4.25
4.33333
2.375
3.125
4.41667
4.70833
4.66667
2.91667
0.958333
0.125
-0.625
-3.95833
-8.625
-8.45833
-2
3.58333
1.54167
-2.54167
-2.375
1.79167
3.20833
-0.416667
-3.79167
-0.291667
5.33333
3.83333
-1.79167
-5.20833
-4.45833
-2.375
-1.54167
1.20833
4.70833
3.83333
1.45833
2.125
3.08333
3.25
4.08333
3.75
0.875
-2.29167
-3.66667
-4.625
-5.08333
-3.33333
1.04167
3.66667
-0.833333
-4.79167
-1.04167
3.08333
3.58333
-0.833333
-5.29167
-3.54167
2.66667
4.70833
1.79167
-0.583333
-1
-2.58333
-4.25
-1.66667
2.58333
3.20833
2.16667
2.75
2.75
2.08333
2.54167
2.375
-0.666667
-4.33333
-3.875
-1.41667
-1.125
-0.75
1.625
1.91667
-2.45833
-4.58333
0.125
3.29167
3.08333
-0.666667
-4.66667
-4.66667
-0.583333
2.45833
2.79167
2.45833
2.375
-0.0416667
-3
-1.54167
0.5
0.291667
0.916667
1.70833
1.125
0.458333
0.75
1.20833
-0.833333
-3.25
-1.125
1.58333
0.75
-0.375
0.166667
0.125
-2.08333
-3
-3.88889
-5.11111
-5.68519
-5.27778
-4.53704
-3.31481
-1.59259
0.537037
3.66667
6.03704
7.35185
7.90741
8.51852
9.94444
11.1852
11.9259
12.8148
12.2222
12.0926
12.3889
11.5926
9.38889
6.05556
2.7037
-0.62963
-3.77778
-4.18519
-3.51852
-3.88889
-4.27778
-3.2963
-1.38889
0.296296
2.01852
2.7037
3.01852
3.53704
2.44444
-0.222222
-4.88889
-9.07407
-12.3148
-14.0185
-14.7963
-13.4074
-10.6481
-5.87037
0.555556
6.22222
8.64815
8.7037
6.77778
6.27778
5.42593
4.53704
3.5
-1.81481
-0.611111
1.68519
3.90741
5.11111
4.92593
2.44444
-0.907407
-5.22222
-11.2593
-19.2407
-28.9074
-37.5556
-44.9444
-49.4444
-51.2407
-49.7037
-44.6111
-36.4815
-26.1481
-14.8333
-5.83333
-0.111111
2.55556
6.5
9.88889
10.7407
9.59259
2
4.53704
6.2037
6.5
4.7963
0.851852
-5.16667
-11.4444
-18.8333
-27.7963
-37.1667
-46.1296
-53.9074
-60.1296
-64
-65.2778
-65.0556
-62.0556
-56.3333
-48.537
-38.3519
-27.2963
-17.4444
-9.75926
-2.40741
4.75926
9.48148
11.0741
4.62963
6.68519
6.2963
3.5
-1.38889
-7.53704
-12.9259
-17.2593
-22.5741
-28.2407
-32.9259
-35.0741
-35.4259
-34.0185
-32.6111
-32.2963
-34.6481
-37.8519
-40.0741
-40.7222
-38.4815
-33.0185
-25.8519
-17.9074
-12
-5.5
1.03704
5.14815
5.07407
5.2963
2.18519
-2.61111
-7.51852
-10.3519
-9.55556
-8.07407
-7.27778
-5.96296
-2.88889
3.37037
11
18.7222
24.0741
24.963
21.3333
13.8889
4.96296
-3.94444
-10.8333
-14.2963
-14.1667
-11.6852
-10.8148
-10.3333
-7.74074
-4.22222
2.48148
0.296296
-3.72222
-7.74074
-8.14815
-3.94444
3.42593
10.1481
17.0185
25.4074
34.3148
44.5185
55.3889
63.9259
69.0556
70.1111
67.6481
61.2593
51.3333
39.7222
28.6481
18.7407
11.1296
5.68519
0.722222
-4.83333
-9.64815
-10.4444
-0.185185
-3.46296
-7.11111
-7.94444
-2.24074
6.87037
15.5185
21.7778
30.0926
40.963
51.037
59.963
67.5741
70.7593
71.8148
72.5
73.3889
72.2593
68.0741
60.5926
50.7037
39.8148
29.0926
19.7222
13.2037
6
-2.59259
-8.16667
-2.68519
-6.27778
-7.53704
-4.5
3.11111
9.72222
10.963
10.4815
14.5
22.9444
31.1667
35.7407
37.2407
36.3148
34.2963
34.9815
38.0926
41.2222
42.7778
42.6111
37.1481
28.463
19.3704
13.3148
11.5741
10.8704
6.03704
-0.388889
-3.37037
-5.94444
-5.03704
-0.462963
4.16667
4.51852
-1.07407
-6.66667
-8.2963
-5.07407
-0.796296
-0.444444
-3.05556
-5.25926
-8.64815
-9.64815
-8.07407
-5.12963
-0.962963
3.77778
3.22222
-1.42593
-6.22222
-5.2037
-0.796296
5.2963
8.33333
5.22222
-2.88889
-4.27778
-1.90741
1.25926
0.666667
-3
-9.16667
-12.9074
-16.3704
-18.5926
-18.8333
-21.5741
-25.3704
-26.8519
-30.0556
-33.6852
-36.463
-36.5741
-33.2778
-27.463
-24.1481
-23.8889
-23.6111
-18.463
-11.8704
-3.64815
3.66667
5.40741
-1.22222
-0.851852
1.35185
1.5
-1.48148
-3.96296
-3.27778
-0.222222
-0.666667
-5.11111
-9.35185
-13.3148
-15.2222
-16.7778
-19.6667
-25.2963
-30.8889
-34.037
-32.2593
-28.6481
-23.8333
-20.037
-16.8333
-12.8333
-10.1852
-7.42593
-1.88889
1.94444
0.351852
2.16667
4.22222
3.2037
0.444444
-0.259259
4.25926
10.3519
12.5
8.40741
3.07407
-0.814815
-1.96296
-3.66667
-4.09259
-6.98148
-10.4074
-12.7037
-11.963
-11.0185
-7.24074
-2.01852
2.24074
2.27778
-0.148148
-3.31481
-2.85185
0.37037
1.24074
4.18519
6.33333
6.31481
4.7037
3.03704
4.5
5.66667
6.03704
3.38889
-0.37037
-2.37037
-3.61111
-4.33333
-1.46296
1.92593
5.01852
6.64815
7.01852
5.57407
6.5
10.463
13.7593
12.0926
7.77778
2.51852
-0.277778
1.27778
2.37037
5.55556
8.09259
9.72222
8.64815
4.68519
0.462963
-4.64815
-8.24074
-10.2222
-11.6667
-12.5185
-15.1296
-14.6852
-9.11111
-0.87037
7.09259
12.6852
12.9259
10.2222
9.2037
12.0185
14.6481
13.1481
9.92593
6.14815
2.66667
3.07407
3.2963
6.25926
7
7.94444
7.35185
4.44444
0.240741
-5
-9.40741
-11.9444
-13.037
-12.3148
-14.2963
-13.7407
-9.46296
-2.2037
4.38889
10.0185
10.8148
8.37037
7.22222
9.51852
11.8333
10.7407
8.55556
6.2963
3.25926
3.12963
3.72222
6.27778
5.53704
4.38889
4.09259
5.68519
8.5
10.0556
9.44444
7.27778
3.7963
2.37037
1.85185
1.72222
2.35185
3.74074
4.98148
7.16667
6.72222
6.2037
8.48148
11.5741
13.9074
11.5926
8.12963
4.5
1.62963
2.12963
2.22222
4.75926
2.35185
-1.09259
-2.53704
1.74074
9.46296
16.6296
18.8889
15.6852
9.53704
7.81481
8.57407
8.03704
5.85185
3.64815
0.0925926
-1.01852
-1.68519
-0.240741
4.37037
9.18519
12.2037
9.53704
4.72222
0.314815
-1.33333
0.703704
-0.333333
1.94444
2.07407
-0.796296
-4.48148
-3.31481
1.94444
7.24074
8.22222
4.98148
-1.94444
-5.98148
-6.18519
-6.2963
-8.5
-11.4444
-14.1481
-16
-17.4815
-14.3889
-8.5
-2.87037
0.796296
0.851852
-1.64815
-4.57407
-3.12963
0.314815
-2.68519
-1.27778
1.16667
1.35185
-2.90741
-8.2037
-12.5741
-14.8519
-18.037
-21.8148
-25.537
-28.2407
-31.2037
-32.0185
-32.7037
-33.5185
-34.2778
-35.3704
-34.1481
-30.3889
-26.8704
-22.2778
-18.2407
-13.6667
-9.96296
-6.31481
-1.14815
0.703704
-3.7963
-4.22222
0.574074
4.85185
5.01852
-0.962963
-9.85185
-16.5185
-20
-20.0741
-18.9444
-22.037
-26.5
-29.4815
-31.1296
-32.3704
-31.7963
-31.7037
-28.6481
-24.5926
-22.9074
-22.9074
-21.8889
-15.8704
-7.94444
-0.12963
4.66667
2.03704
-2.87037
-5.40741
-2.51852
3.94444
10.2037
10.3148
4.92593
0.759259
1.37037
5.51852
11.3889
11.0556
7.07407
2.64815
-0.333333
-1.90741
-1.94444
-0.777778
3.83333
6.87037
5.51852
0.537037
-3.01852
-1.35185
4.05556
10.1852
9.92593
2.96296
-0.333333
-4.27778
-4.90741
-0.5
9.22222
17.7037
21.6852
24.4444
30.3704
39.0926
47.8889
51.3889
52.7407
50.0926
46.6481
44.5926
43.8148
45.1111
46.9444
45.963
41.0741
31.6852
23.2963
18.5185
16.6111
15
8.75926
1.12963
3.18519
-0.740741
-4.81481
-4.96296
1.11111
10.7222
19.2407
25.8704
33.3148
42.3333
52.1296
60.9074
68.2037
71.4444
71.6481
71.0926
69.9259
68.9074
65.4815
58.8889
49.9074
39.6111
30.1852
22.0741
15.0926
8.18519
1.16667
-2.09259
5.48148
3.48148
-1.37037
-5.85185
-6.42593
-2.51852
3.46296
8.44444
13.5741
20
28
38.8148
50.3333
58.7593
63.037
63.8148
61.9259
56.7963
48.1481
37.6111
27.5556
19.2222
12.2963
6.42593
0.592593
-4.85185
-7.07407
-4.72222
5.16667
5.90741
3.46296
-1.53704
-7.37037
-10.8519
-11.5185
-11.7593
-11.7037
-11.3519
-9.11111
-2.77778
5.22222
13.9074
19.4259
20.7963
19.6481
13.8889
5.68519
-1.92593
-7.46296
-9.88889
-11.2407
-11.6852
-12.1111
-11.8704
-8.64815
-2.85185
2.48148
5.27778
6.01852
3.74074
-2.16667
-8.75926
-13.6296
-18.037
-22.2037
-27.4259
-32.3148
-34.5
-34.8148
-32.0556
-29.1667
-28.3704
-27.8704
-30.1667
-32.2037
-31.7778
-29.463
-25.2407
-21.037
-16.8148
-12.6667
-8.48148
-3.44444
1.2037
-1.09259
1.57407
4.2963
5.33333
3.31481
-0.87037
-5.44444
-9.94444
-15.6667
-22.9259
-31.4074
-39.7037
-47.2037
-51.6296
-53.2593
-53.1852
-51.4815
-48.4074
-43.2778
-36.0556
-28.5185
-20.7222
-14.1852
-8.57407
-3.75926
0.296296
3.27778
4.33333
-0.833333
6.11111
7.81481
6.77778
0.185185
-3.81481
-6.2037
-3.51852
-0.0555556
1.75926
-0.425926
-4.59259
-4.53704
1.33333
8.96296
10.3148
3.14815
-4.61111
-6.90741
-1.5
3.25926
4.27778
1.27778
-0.685185
-1.24074
-1.38889
-3.2963
-4.40741
-1.94444
5.22222
8.37037
8.27778
1.90741
-2.92593
-6.7963
-5.75926
-3.7963
-1.61111
-1.83333
-2.83333
-1.18519
4.01852
9.92593
10.5926
5.14815
-0.981481
-3.31481
-0.777778
0.5
-0.351852
-3.46296
-4.05556
-3.22222
-0.907407
-0.351852
-0.111111
-2.37037
5.5
9.96296
9.46296
2.22222
-4.62963
-9.5
-9.57407
-6.83333
-2.53704
0.537037
1.87037
3.16667
5.72222
8.61111
8.42593
4.96296
1.61111
0.962963
2.90741
2
-1.66667
-6.77778
-8.33333
-7.22222
-4.11111
-1.03704
2.25926
-2.16667
6.59259
11.3148
9.44444
-0.0925926
-8.75926
-13.3889
-11.2778
-5.38889
0.87037
4.5
4.92593
4.81481
5.31481
6.44444
6.38889
4.94444
3.83333
4
5.46296
4.25926
-0.185185
-6.72222
-10.7037
-11.5741
-9.07407
-4.51852
2.24074
-1.2037
7.96296
11.9074
7.5
-4.33333
-13.2037
-15.037
-8.98148
-1.18519
4.37037
5.57407
4.92593
4.51852
5.37037
5.94444
6.14815
5.12963
4.87037
4.31481
5.27778
4.90741
3.03704
-2.24074
-8.62963
-13.8889
-14.9444
-10.2407
-0.518519
0.62963
9.01852
10.6296
3.11111
-8.57407
-13.6296
-9.55556
-1.24074
3.88889
3.03704
-0.777778
-2.74074
0
5.94444
11.3519
13.2407
10.8333
5.83333
0.240741
-2.22222
-1
2.31481
3.38889
-1.2963
-9.75926
-17.0556
-15.6296
-4.88889
2.42593
9.24074
8.11111
-1.40741
-10.6481
-10.4444
-2.68519
3.81481
4.18519
-0.592593
-5.01852
-7.53704
-3.77778
4.87037
16.5
21.3889
18.037
6.92593
-2.5
-7.94444
-6.68519
-2.75926
2.35185
2.85185
-3.27778
-13.2222
-17.0926
-9.05556
4.48148
8.92593
4.77778
-5.61111
-11.1296
-6.57407
1.62963
3.27778
-0.574074
-3.48148
-2.46296
-2.98148
-2.81481
2.87037
15.8704
23
18.7778
5.87037
-1.92593
-4.2963
-3.62963
-4.40741
-2.62963
0.0555556
-1.12963
-9.27778
-16.2037
-12.5556
6.7037
8.44444
0.851852
-10.0556
-11.9444
-3.44444
4.96296
2.25926
-4.38889
-4.33333
2.05556
2.96296
-1.7037
0.37037
13.2963
22.5926
16.9259
3.38889
-1.94444
1.38889
2.87037
-2.25926
-5.62963
-2.74074
-0.425926
-6.7963
-16.463
-16.5556
8.85185
7.38889
-4.48148
-15.963
-12.9444
1.2963
11.5926
4.44444
-5.7963
-5.46296
4.75926
5.72222
-2
-2.53704
10.7963
20.2963
12.5926
-0.740741
-1.18519
8.61111
10.6667
0.0740741
-7.94444
-3.37037
3.31481
-2.7037
-17.9444
-23.2222
10.5556
4.77778
-12.1296
-22.9074
-12.8333
9.33333
23.4444
12.037
-3.7037
-8.2037
1
0.925926
-6.48148
-4.68519
11.3889
20.1481
7.75926
-7.68519
-3.66667
13.5926
18.3519
3.33333
-8.72222
-2.18519
10.1852
4.62963
-18.2778
-31.7037
12.1111
1.25926
-20.3704
-29.2778
-10.7593
19.8148
36.7222
19.9444
-2.55556
-12.8889
-5.18519
-6.42593
-12.0556
-6.72222
13.8889
22.2593
5.55556
-13.1481
-6.59259
15.1852
21.2222
3.12963
-10.5
0.333333
19.2037
15.5185
-15
-38.1667
13.0185
-2.94444
-27.9444
-33.4074
-5.5
31.1296
47.0926
21.2407
-6.94444
-18.1481
-5.98148
-6.81481
-14.1296
-9.94444
13.0741
22.4074
3.42593
-16.537
-7.35185
18.037
22.2593
-0.851852
-16.037
1.22222
28.7407
28.0741
-8.90741
-41.5741
13.463
-6.92593
-34.5
-35.7407
0.87037
41.8704
53.7222
17.6667
-14.7407
-22.1667
-1.92593
-0.481481
-11.4444
-12.2778
8.14815
17.1481
-2.2037
-19.4074
-5.03704
24.8519
25.9444
-5.64815
-25.463
-2.2963
36
40.9074
-0.944444
-41.9444
13.2593
-9.66667
-37.6296
-35.1111
7.03704
47.0741
52.5185
8.24074
-22.0741
-20.8333
9.55556
10.7037
-7.24074
-16.2407
0.611111
8.7963
-10.6296
-23.5926
-0.574074
36.6667
35.6481
-6.64815
-35.1296
-10.2963
37.2037
49.3148
6.16667
-40.537
13.4074
-10.4074
-38.9444
-35.2778
9.24074
49.8333
53.1296
5.11111
-25.8519
-21.7222
12.7407
15.0741
-4.57407
-16.3519
-1.57407
4.90741
-15.7222
-26.8148
0.648148
43.0926
41.8889
-4.87037
-38.2778
-14.1481
36.4444
51.0741
8.37037
-39.537
13.7778
-9.11111
-37.7407
-35.7778
7.31481
48.7963
55.7778
11.1111
-21.6667
-24.3333
3.01852
5.53704
-7.42593
-11.3889
6.46296
11.6852
-11.463
-26.1111
-3.55556
34.7037
34.1481
-5.81481
-32.537
-7.24074
38.3519
48.5
6.01852
-38.6481
14.2222
-6.12963
-34.0926
-35.7037
1.51852
41.4074
53.0185
17.3519
-12.6111
-21.537
-3.57407
-3.74074
-10.2037
-7.40741
13.0185
17.2593
-5.62963
-22.6852
-6.46296
23.9259
24.5926
-5.75926
-23.0741
1.2037
37.5556
40.9815
0.166667
-37.963
14.5
-1.55556
-27.5926
-33.7407
-5.37037
29.5185
44.1111
18.3519
-5.22222
-14.7407
-2.33333
-4.42593
-9.40741
-5.62963
13.1111
16.9444
-2.87037
-18.7222
-6.31481
18.6111
20.6111
-2.2037
-14.2037
5.24074
31.2963
28.9259
-7.18519
-36.4074
14.2593
3.33333
-18.8889
-28.6481
-10.1852
15.963
29.0926
12.1481
-1.48148
-4.87037
6.35185
1.59259
-6.53704
-6.01852
9.74074
14.6481
-0.722222
-13.9815
-5.03704
15.3889
17.963
1.27778
-8.07407
5.61111
22.4259
16.963
-12.1481
-32.3519
13.3704
6.83333
-11.0926
-22.3704
-12.2037
5.48148
15.3148
4.53704
-1.61111
0.759259
12.5556
7.96296
-1.72222
-4.42593
7.48148
13.1852
2.53704
-7.98148
-2.53704
12.3519
14.037
1.37037
-5.77778
3.85185
14.5556
8.03704
-14.4444
-27.5741
12.2407
8.98148
-5.18519
-17.2778
-12.7963
-0.240741
8.53704
2.37037
-2.35185
-0.703704
8.11111
7.11111
1.85185
1.59259
10.8889
15.6481
7.44444
-2.16667
-1.16667
7.03704
7.24074
-1.01852
-4.2963
3.25926
9.27778
1.57407
-15.463
-23.2593
10.8889
9.61111
-1.12963
-13.1111
-12.2222
-3.12963
5.68519
3.44444
-0.740741
-2.51852
1.22222
0.5
0.0740741
4.7037
16.6481
21.5926
14.2037
1.5
-2.94444
-0.925926
-0.037037
-2.42593
-0.87037
4.90741
6.05556
-3.27778
-15.9074
-19.4259
9.46296
9.48148
0.962963
-10.7407
-12.9444
-4.77778
5.24074
7.64815
1.98148
-3.83333
-5.87037
-4.81481
-0.740741
7.72222
19.037
23.2593
17.037
4.24074
-4.57407
-7.11111
-5.75926
-1.72222
3.68519
7.40741
2.98148
-7.75926
-16.3333
-15.5926
7.53704
8.7037
3.07407
-7.51852
-13.2593
-9.51852
0.12963
8.11111
6.57407
0
-6.27778
-5.85185
-0.166667
8.59259
16.7037
19.4815
15.8704
6.35185
-3.07407
-8.88889
-7.38889
0.444444
7.57407
7.37037
-2.24074
-12.6852
-16.1296
-11.4444
5.05556
6.96296
4.46296
-3.25926
-10.9815
-13.0741
-8.46296
0.685185
6.07407
6.31481
3.38889
1.94444
3.44444
5.51852
8.2037
9.57407
10.2037
7.05556
2.85185
-1.14815
0.0925926
3.55556
4.87037
-0.685185
-9.72222
-15.3148
-13.537
-7.35185
2.64815
4.55556
4.68519
0.62963
-5.83333
-11.0926
-11.2963
-5.81481
0.851852
5.24074
6.62963
6.33333
6.01852
5
5.11111
5.2963
6.7963
6.72222
6.46296
4.94444
4.48148
2.7037
-1.14815
-7.98148
-13
-13.2037
-8.16667
-3.07407
1.01852
1.51852
3.01852
2.55556
-0.518519
-5.81481
-9.16667
-7.72222
-3.33333
1.40741
4.25926
5.57407
5.96296
5.31481
5.35185
5.37037
6.57407
6.53704
6.27778
4.38889
2.25926
-1.05556
-5.2963
-9.46296
-10.537
-7.53704
-2.44444
-0.0555556
2.88889
3.66667
2.77778
1.16667
0.333333
-0.5
-2.27778
-3.11111
-1.88889
0
1.33333
0.333333
-1.05556
-2.38889
-1.05556
2.5
5.83333
3.66667
-0.277778
-4.61111
-3.5
-2.05556
1.27778
3.05556
2.83333
0.444444
-1.66667
-1
0.555556
0.666667
-2.22222
-6.11111
0.0555556
0.833333
2
2.55556
2.27778
-0.444444
-3.77778
-5.61111
-4.5
-2.11111
1
1.94444
0.888889
-0.0555556
2.44444
8.55556
9.44444
2.33333
-7.94444
-11.0556
-5.94444
1
2.44444
0.333333
-2.94444
-2.38889
0.333333
3.11111
3.83333
1.22222
-3.88889
-8.55556
-1.55556
-1.27778
1.22222
2.44444
1.94444
-1.44444
-4.94444
-7.16667
-6.16667
-2.94444
2.55556
6
7.11111
6.5
8.22222
12.5
10.6667
2.5
-10.1111
-12.1111
-7.72222
-0.555556
-3
-9.05556
-12.8333
-8.77778
0.444444
7
8.05556
2.88889
-3.38889
-6
-1.22222
-1.38889
0.777778
1
-0.444444
-4.33333
-6.61111
-7.33333
-3.61111
1.77778
8.83333
13.0556
14.5556
12.6667
10.7778
10
6.83333
1.94444
-5.72222
-6.16667
-5.05556
-2.94444
-9.33333
-17
-21.3889
-17.6111
-7.16667
3.44444
8.44444
5.05556
0.111111
0.333333
-0.333333
0
1.22222
-0.944444
-4.38889
-7.72222
-6.83333
-2.27778
5.27778
11.5556
15.3889
14.6667
11.2222
5.11111
0.388889
-2.72222
-2.66667
-0.555556
2.83333
6.11111
7.61111
4.61111
-2.11111
-11.6111
-19.2222
-23.1111
-20.2778
-10.8889
-0.944444
4.27778
5.72222
8.27778
0.722222
1.33333
0.611111
-3.83333
-7.27778
-7.88889
-1.61111
6.94444
14.6111
15.9444
9.94444
-0.166667
-10.5556
-15.7778
-16.1111
-14
-9
-3.27778
6.66667
12.6667
19.1111
19.2778
18.6667
11.7778
1.16667
-11.6667
-22.7778
-25.1667
-17.8333
-4.55556
8.05556
14.4444
0.388889
0.611111
-1.77778
-6.38889
-7.05556
-1.55556
8.38889
14.4444
13.3333
3.88889
-10.7222
-24.7222
-33
-30.6667
-23.3889
-15.6111
-9.16667
-3.22222
5.83333
12.1111
20
25.6111
32.6667
33.7778
27.8333
14.0556
-4.88889
-22.1667
-28.2222
-18
1.05556
14.6111
0.555556
-1.61111
-5.44444
-7.61111
-2.66667
7.38889
15.1111
11.1111
-2.38889
-19.7778
-34.7222
-41.5
-38.4444
-26.0556
-12.9444
-3.61111
0.277778
0.0555556
-0.222222
0.222222
5.55556
14.3889
27.6667
39.3889
45.1667
40.1111
24.0556
0.722222
-19.2778
-24.4444
-12.5556
3.83333
-0.333333
-3.38889
-6.38889
-4.05556
4.22222
13
11.7222
-3.22222
-23.5
-38.6667
-40.6667
-30.5556
-14.3889
-0.944444
5.38889
6.94444
5.22222
2.33333
-3.05556
-7
-9.88889
-7.66667
0.777778
16.9444
35.9444
47.0556
45.6667
28.7222
4.38889
-17.1111
-23.7778
-15.0556
-1.83333
-4.27778
-3.77778
3.16667
11.4444
11.6667
-2
-22.2222
-36.3333
-32.8889
-13.3889
10.0556
23.3889
19.4444
7.05556
-3.27778
-5.72222
-3.61111
-0.777778
0.444444
-2.22222
-10.6667
-19.1111
-19.4444
-3.44444
19.7222
39.8889
42.8333
28.3333
1.94444
-20.8333
-27.8333
-4.16667
-4.61111
0.333333
9.5
14.6111
4.38889
-16.9444
-33.8333
-30.5
-5.5
26.4444
44.5
42.2222
23.6667
1.66667
-16.0556
-20.6667
-11.7222
5.16667
15.6111
13.8889
-1.94444
-23.1111
-40.9444
-41.7222
-22.2778
10.2778
35.0556
39.8333
21.7778
-6
-26.3889
-6
-5.22222
3.05556
12.3333
12.8333
-4.94444
-27.0556
-33.2778
-11.3333
25.6667
51.1667
47.2778
29.7222
13.6111
3.16667
-11.8889
-21.3333
-14.1111
7.22222
19.7778
16.6667
2.22222
-12.7222
-31.5556
-48.8889
-51
-26.8889
10.7222
36.1111
34.6667
12.1111
-12.8333
-6.38889
-4.5
3.83333
10.6667
5.66667
-13.5556
-28.2778
-21.6667
9.44444
37.6667
38.2222
11.6111
-6.55556
3.22222
21.7778
19.8333
1.77778
-4.44444
1.72222
2.38889
-10.7778
-15.5
-5.16667
3.5
-13.3333
-39.1111
-44.2222
-13.9444
22.5556
37.6111
24
0.888889
-6.05556
-2.77778
3.88889
8.38889
-1.66667
-18.5556
-25.6667
-10.6667
19.2222
33
17.7222
-14.7778
-26
-2.77778
28.8333
37.2222
20.5556
7
-4.5
-18.9444
-40.4444
-35
-3.72222
30.2222
26.0556
-8.5
-36.5556
-24.9444
8.55556
32
26.8333
9.16667
-4.66667
0
3.83333
5.5
-7.44444
-20
-21.6111
-5.77778
17.7778
23.7778
12.6667
-7.5
-13.9444
-3.66667
11.0556
18.0556
14.1111
8.72222
-4.5
-23.3333
-42.8889
-35.5556
-3.83333
32.1667
37.8889
11.3889
-19.5
-21.2222
0.888889
23.4444
23.6667
11.8333
-3.38889
1.22222
2.83333
2.83333
-8.44444
-16.7778
-16.7222
-5.11111
11.7778
18
21.4444
16.2778
11.4444
-2.05556
-12.6111
-16.4444
-6.5
3
0.944444
-14.2778
-26.1667
-21.5556
-1.11111
18.1667
24.1111
10.1667
-8.05556
-12.3333
-1.22222
15
17.7778
11.7778
-2
1.33333
1.72222
0.888889
-6.5
-10.8889
-9
-1.38889
8.55556
10.3889
16.4444
17.9444
18.2222
1.66667
-15.0556
-24.3333
-13.7222
-2.05556
3
-4.16667
-7.72222
-6.77778
0.833333
4.72222
6.72222
2
-4
-5.27778
-0.888889
8.27778
11.1111
9.66667
-0.777778
-0.0555556
0
-0.166667
-1.94444
-3.27778
-0.777778
4
6.44444
-1.27778
-8.05556
-10
-0.722222
3.94444
6.77778
4.66667
6.22222
3.61111
-1.61111
-6.44444
-5.44444
-0.722222
2.44444
1.5
-0.277778
-1.44444
-1.72222
-1.11111
-0.611111
2.61111
4.61111
6.66667
0.5
-0.888889
-1.05556
-0.222222
2.05556
3.16667
6.5
8.55556
5
-12.3889
-30.5
-36.7778
-20.1667
4.16667
26.1667
32.7222
24.5
8.22222
-6.38889
-8.72222
-4.83333
2
3.72222
1
-2.55556
-2.94444
1.05556
2.61111
0.777778
-2.44444
-1.94444
2.33333
1.5
-2.22222
-3.22222
-1.77778
5.66667
9.44444
9.16667
3.94444
-3.55556
-12.7778
-24.1667
-27.3333
-18.3333
0.388889
18.2222
26.6667
21.1111
7.83333
-2.88889
-1.44444
3.5
6.55556
2.33333
-4.44444
-9.11111
-6.11111
4.33333
7.77778
2.83333
-7.5
-8.55556
-2.22222
2.11111
-2.94444
-5.44444
-4.55556
7.33333
15.1111
13.4444
-0.388889
-13.0556
-10.6667
-0.611111
9
5.72222
-2.77778
-11.5
-13.6111
-10.7778
-3.33333
10.1667
22.9444
29.5556
20.2222
-1
-22.8889
-29.0556
-12.8333
10.7778
16.0556
3.88889
-13.7222
-13.6667
-4.44444
2.88889
-2.61111
-6.61111
-7.33333
7
19.3889
16.1111
-4.61111
-27.5556
-16.7222
9.38889
37.0556
26
-3.88889
-36.3889
-42.3333
-28.6667
-7.55556
16.6111
37.7222
49.6667
33.4444
-5.55556
-38.7222
-40.8333
-7.5
23.6111
24.9444
1.22222
-20.9444
-18.6111
-5.61111
3.88889
-0.555556
-6.44444
-9.72222
2.66667
20.0556
23.2778
3.88889
-30.2222
-35.1111
-12.8889
23.8889
24.5
-1.72222
-33.8889
-36.4444
-21.5556
-4.33333
9.83333
27.5556
44.2222
34.4444
-2.11111
-33.7222
-27.2222
13.1667
38.4444
26.0556
-8.33333
-28.4444
-20.6667
-4.44444
4.66667
2.27778
-4.77778
-11.4444
-4.66667
15.2778
27.7222
18.5
-18.7778
-46.1667
-49.2778
-21.2778
-2.55556
-0.722222
-7.55556
-0.444444
7.66667
3.55556
-8.11111
-4.5
11.9444
17.3333
6.11111
-0.5
17.6111
43.1111
42.4444
11.8889
-22.2222
-32
-18.6111
-2.27778
3.88889
3.61111
-2.77778
-11.3889
-11.5
5.88889
27.4444
33.6111
9.83333
-28.6111
-54.4444
-51.4444
-30.5556
-8.94444
7.44444
20
20.9444
5.5
-16.4444
-24.4444
-14.1667
2.44444
18.1667
33.6667
49.6111
48.1667
23.1667
-13.3889
-33.2778
-27.6111
-9.11111
3.16667
1.83333
4.11111
1.44444
-6.88889
-13.7778
-6.11111
16.3889
36.1111
34.8889
7.44444
-25.7222
-43.3889
-38
-19.3333
0.166667
12.5556
13.5556
2.66667
-10.8333
-16.8889
-10.6111
4.77778
24.4444
40.5556
42
21.1667
-10.6667
-34.1111
-32.3333
-14
4.11111
8.27778
-0.333333
3.77778
6.55556
1.66667
-9.66667
-15.2222
-2.22222
21.5
40.8889
38.5
19.2778
-4.77778
-19.2778
-20.0556
-13.3889
-5.33333
-0.611111
-0.5
-0.722222
-1.33333
3
10.2222
18.2778
18.9444
5.22222
-18
-36.0556
-36.2778
-18.5
2.16667
12.6667
8.66667
-1.05556
4.11111
10.3889
9.38889
-2.11111
-16.3333
-16.7222
-0.722222
24.4444
41.3889
43.1111
30.4444
11.3889
-2.88889
-10.2778
-9.16667
-5.05556
-0.722222
3
4.16667
5.22222
3.94444
-1.27778
-12.6111
-28.3333
-38.6111
-36.0556
-20.4444
-0.611111
11.8889
13.1667
5.72222
-0.166667
4.38889
10.7222
12.3333
4.94444
-9.05556
-19.1667
-16.8889
-1.16667
20.3333
36.5
40.2222
32.9444
21.0556
11.2778
4.44444
1.94444
0.222222
-1
-5.22222
-9.77778
-15.6667
-22.6111
-30.7778
-35.1111
-30.2222
-16.1111
0.0555556
10.2222
11.3333
6.55556
1.16667
1.77778
4.83333
7.72222
9.55556
7.72222
1.5
-8.94444
-17.0556
-16.8333
-5.61111
10.5
23.0556
29
27.7778
24.4444
17.2778
10.0556
2.88889
-5
-13.1111
-21
-24.7222
-25.9444
-25.1667
-19.6111
-8.72222
4.11111
10.8333
9.77778
4.22222
-0.5
-1.11111
3.66667
5.22222
4.33333
4.61111
6.11111
7.61111
3.05556
-6.27778
-15.7778
-17.9444
-11.6667
-0.888889
10.6111
16.0556
18.4444
14.0556
8.61111
2.66667
-3.44444
-9.11111
-14.3333
-15.8333
-13.1667
-8.16667
0
7.44444
11.2778
8.94444
2.94444
-2.22222
-4.44444
-2.27778
4.38889
4.66667
1.61111
0.444444
2.44444
7.38889
8.5
4.61111
-3.27778
-10.9444
-14.8333
-13.8889
-7.83333
-1.55556
3.11111
4.38889
3.05556
1.83333
-0.833333
-1.66667
-2.77778
-1.22222
2.44444
6.88889
9.94444
8.83333
4.83333
0.388889
-3
-3.83333
-3.27778
-0.388889
1.3
-0.72
-2.9
-5.44
-5.9
-4.4
-0.16
4.54
8.34
10.52
12.22
12.08
10.28
8.54
5.94
2.48
-1.38
-3.22
-4.56
-6.08
-9.32
-12.54
-14.8
-14.94
-12.9
-8.66
-3.66
-0.54
-1.1
-2.88
-4.04
-5.4
-4.14
-1.52
2.76
6.46
8.62
8.6
7.76
5.82
3.76
2.7
1.88
1.5
1.42
2.24
2.34
1.08
-3.16
-8.7
-13.82
-16.4
-16.26
-12.8
-6.9
-0.92
-3
-5.06
-5.14
-4.48
-1.34
1.64
4.46
4.96
3.38
-0.58
-4.16
-6.46
-6.88
-5.82
-2.96
0.42
4.4
8.86
12.5
13.18
10.58
4.2
-3.8
-11.06
-15.96
-16.38
-11.5
-4.64
-3.58
-5.2
-4.14
-1.78
1.22
2.22
1.18
-3.22
-9.34
-15.6
-19.18
-19.1
-16.22
-11.96
-6.12
-0.62
5.16
11.66
18.42
22.86
25.06
21.74
14.38
4.38
-6.14
-13.7
-13.88
-9.36
-3.76
-3.72
-1.38
1.44
2.06
-1.1
-7.14
-15.68
-23.88
-29.12
-30.62
-27.9
-22.3
-15.96
-8.76
-1.56
5.64
12.72
20.14
26.48
32.44
34.06
30.84
23.06
11.64
-1.34
-9.1
-10.1
-2.92
-1.42
0.72
1.42
-0.86
-7.66
-16.24
-23.76
-28.66
-31.1
-30.24
-26.7
-22.58
-18.26
-11.46
-3.88
4.04
11.64
19.38
24.6
30.56
35.1
36.28
32.58
25.32
13.12
1.08
-6.64
-0.9
1.22
1.9
-1.02
-6.84
-15.58
-23.14
-25.76
-23.44
-20.16
-15.6
-12.1
-11.08
-11.4
-8.66
-4.26
1.26
6.06
10.88
12.84
16.26
21.3
27.36
30.26
30.28
23.7
12.34
-0.56
0.8
3.36
1.82
-5.02
-13.34
-21.22
-25.14
-21.16
-11.32
-2.22
3.94
5.26
3.12
-1.28
-4.38
-3.9
-0.52
-0.04
-0.7
-1.9
-2.14
0.6
9.16
18.86
27.1
28.92
21.9
8.64
1.58
3.32
-0.72
-10.62
-18.26
-21.64
-19.38
-8.36
7.62
18.1
21.1
18.54
12.6
5.14
-1.8
-3.3
-1.52
-3.22
-8.36
-12.6
-17.4
-18.68
-12.2
-0.06
14.62
26.52
27.08
17.5
1.46
1.34
-5.56
-16.62
-20.58
-17.72
-8.2
9.08
28.12
35.62
34.28
27.28
18.76
9.28
0.48
-3.24
-3.12
-7.52
-14.14
-18.5
-26
-31.52
-28.06
-19.16
-4.22
15.68
25.54
22.14
0.12
-2.06
-10.66
-19.72
-20
-12.48
1.64
19.36
35.16
39.44
35.5
27.42
22.04
15.68
5.46
-2.2
-6.24
-15.48
-24.24
-23.68
-26.26
-30.64
-27.64
-21.84
-13.56
6
20.76
22.82
-1.8
-5.3
-13.74
-20.1
-17.48
-6.86
8.86
23.56
33.88
33.92
27.22
19.02
17.02
15.1
5.76
-3.42
-10.22
-21.78
-30.54
-23.88
-19.42
-19.46
-16.06
-13.44
-12.68
1.22
15.74
21.46
-2.92
-7.32
-14.68
-18.14
-13.78
-2.96
12.44
23.24
28.88
25.54
18.7
10.98
10.52
10.08
3.56
-5
-12.52
-23.08
-28.66
-19.62
-11.88
-8.72
-5.1
-5.62
-9.64
-0.92
11.36
18.22
-3.54
-7.56
-13.18
-14.34
-10.28
-1.76
10.68
17.42
19.46
15.46
11.52
6.42
7.8
8.34
4.48
-4.04
-12.34
-22.34
-25.56
-16.2
-6.62
-1.32
3.24
1.7
-5.02
-1.24
7.84
14.3
-3.3
-6.18
-8.56
-7.94
-5.52
-1.18
6.18
6.88
5.34
2.84
3.3
2.42
6.7
9.38
6.98
-1.48
-9.76
-18.18
-20.8
-12.98
-2.88
3.38
8
7.54
1.48
0.96
5.8
10.42
-2.24
-3.22
-2.62
-1.48
-0.56
-0.48
0.98
-1.96
-4.68
-6.28
-2.24
1.02
6.06
8.62
8.84
3.14
-3.22
-8.04
-9.06
-6.9
-2.3
1.86
3.94
3.54
2.4
1.96
3.28
6.3
-0.94
0.16
2.96
4.18
3.5
0.26
-2.9
-7.24
-9.88
-9.84
-4.88
-0.62
2.6
4.62
7.74
7.82
7.24
8.24
7.78
2.28
-1.96
-4.14
-7.02
-6.7
-1.84
0.18
0.54
2.96
-0.18
2.88
7.36
8.14
5.16
-1.32
-9.08
-13.72
-15.88
-13.54
-7.96
-2.6
-2.1
0.06
5.7
10.48
14.24
20.24
19.86
9.36
0.14
-5.34
-10.46
-8.66
-0.5
1.18
-0.88
-0.62
0.06
4.32
10.8
12.14
7.68
-1.46
-13
-19.88
-21.92
-17.7
-12.16
-7.32
-7.88
-7.08
-1.16
7.66
16.14
25.34
26.9
15.28
4.76
-0.78
-5.28
-2.52
6.44
4.5
-2.28
-5.46
-0.6
4.34
11.46
14.24
9.5
-0.26
-14.48
-22.08
-25.3
-21
-17.16
-12.26
-14.74
-14.62
-6.98
5.64
16.12
28.12
31.84
20.48
9.98
6.34
2.34
5.1
11.84
5.6
-5.22
-10.4
-1.68
3.1
11.04
15.9
12.02
3.24
-11.6
-22.76
-29.94
-26.78
-24.56
-20.1
-21.36
-19.2
-11.02
2.6
14
27.24
33
26.16
19.68
17.2
13.14
14.06
14.6
2.68
-9.58
-14.8
-2.3
1.2
8.72
15.84
14.7
7.48
-7.1
-22.18
-34.92
-35.72
-32.78
-25.62
-21.92
-16.56
-8.6
0.08
6.22
16.36
25.32
26.36
28.54
31.56
29.58
25.14
16.98
-0.64
-14.96
-20.38
-2.48
-0.94
5.3
14.04
17.78
15.82
5.54
-9.84
-25.34
-31.6
-31.74
-25.5
-18.84
-12.26
-6.14
-2.04
-0.46
4.98
14.4
21.02
28.26
33.68
31.58
22.44
8.94
-9.26
-21.02
-23.14
-1.06
-1.4
1.78
9.8
16.98
20.72
17.48
7.26
-7.4
-16.78
-20.82
-18
-13.18
-6.7
-2.08
-0.86
-2.32
0.6
7.36
14.1
20.04
22.32
17.04
5.82
-7.94
-19.92
-23.86
-20.26
2.24
0.4
0.24
4.62
12
19.14
22.7
18.98
9.92
1.38
-4.16
-5.66
-3.26
0.26
1.52
-0.74
-3.96
-4.6
-1.16
3.5
7.04
5.78
-0.36
-10.5
-19.96
-24.5
-21.8
-14.68
6.04
3.06
-0.14
0.16
5.22
13.04
21.06
24.64
23.48
18.9
14.14
10.4
9.22
8.08
5.54
-0.16
-6.2
-10.7
-11.62
-11.06
-10.16
-12.1
-16.16
-21.68
-24.32
-22.28
-15.8
-7.98
9.06
6
1.22
-1.76
-0.22
6.16
15.84
24.8
30.96
31.92
28.58
23.28
18.4
12.56
6.72
0.5
-5.8
-12.12
-17.18
-21.16
-24.22
-27.48
-29.5
-28.78
-24.7
-17.32
-8.24
-0.72
10.86
8.78
4.02
-0.66
-3.1
-0.9
6.12
15.04
23.96
29.66
30.04
26.86
22.26
15.32
8.26
1.92
-4.72
-11.3
-18
-23.78
-27.66
-30.02
-29.62
-24.7
-17.5
-9.36
-1.72
3.28