44.25
35.625
24.5
8.625
-3
-3.125
-6.25
-8.875
-5.25
2.75
8
15
14.125
10.375
12.875
11.125
8.875
5.5
9.5
24.375
41.375
46.5
30.25
-13.5
-60.125
-80.875
-80.375
-55.75
-26.25
-11
-2.75
-0.125
0.25
3.875
59.875
42.625
23.5
5.75
-4.875
-5.75
-7.75
-7
-6.625
-8.75
-0.875
-3.75
-8.5
-4.625
-6.75
0
7.25
6.5
14.5
20.5
11.625
-7.625
-46
-82
-87.375
-72.75
-45.125
-18
-5.875
-1.875
-0.375
1.125
4
14
56.875
39.875
20.625
5.25
-4.375
-7.5
-7.75
-6.5
-14.5
-20.875
-5.625
-2.625
2.75
8.875
-1.5
6.375
18.375
19.5
13.75
-11.75
-46.875
-73.75
-90.875
-83.625
-58.125
-32.5
-11.625
-2.375
-1.125
0
2.375
6.875
14.5
21.75
34.75
29.375
17.75
7.75
0.625
-5
-6.125
-8.375
-17.25
-22.25
-11.875
-3.25
8.5
16.25
17.125
28
36.375
33.875
9.75
-30.375
-62.375
-76.625
-66.25
-41.5
-20
-6
-0.875
-0.5
0.375
3.5
9.375
17.75
25.5
23.875
4.25
15.5
16.125
13.75
8.625
0.75
-3.125
-8.75
-11.625
-14.5
-18.125
-11.875
-0.5
13
30.125
35.125
25.375
9.875
-10.125
-26.375
-31.75
-29.75
-20.625
-9.875
-2.625
0
0
0.875
4.75
11
18.5
24.875
25.75
20.25
-15
-1.625
6.125
11.75
11
4.75
0
-6.75
-7
-6.25
-10.625
-0.125
14.125
22.5
26.125
9.875
-17
-35
-35.625
-24.25
-10.875
-2
1.375
1.125
0.5
-0.5
0.25
5.375
13.125
21.375
26.5
25
19.75
13.5
-24.25
-19.875
-10.375
1.5
7.125
5.625
2.25
-3.625
-3.125
2.875
7.375
21.25
28.75
15.375
-8.625
-40
-62.625
-62.375
-47
-22.5
-4.875
2.875
7.25
3.75
-0.625
-2
2.375
11.375
18.875
24.25
22.25
14.875
9.5
3.75
-17.375
-18.75
-12
-1.875
5.25
5.125
2.125
1.75
8.25
18.625
21.75
19.25
-0.5
-33.125
-58.125
-77.625
-73.75
-53.375
-36.625
-17.25
-4.375
1.125
6.25
5.75
0.5
-0.25
6.5
14.625
19
17
8.875
0.625
-4.25
-8.25
9.25
4.25
0.375
1.75
4.875
3.625
0.375
5.625
19
23
16.875
-4.875
-40.625
-62.5
-67.75
-62.625
-40.375
-17.125
-7.25
-5.25
-5.125
-1.875
2.625
9.25
11
10
13.75
17.25
17
10.25
1.5
-5.25
-11.5
-15.75
31
24.625
11.75
3.625
0.375
-0.25
-2.375
3.125
15.75
9
6.625
-4.875
-17.625
-14.125
-17.375
-12
-0.625
17.5
28.375
21.375
5.875
1.25
5.875
23.625
41.25
45
44.625
35.25
22.625
10.375
1.25
-3.375
-8.125
-12.5
43.625
40
27.375
11.875
0.5
-2.75
-4.625
5.25
13.875
14.25
29.5
36.375
46.625
44.75
25.5
14.75
13.5
35
50.625
43.75
20.5
5.5
17.75
51.25
86.75
107.5
102.125
76.375
50.125
28.125
15.875
12.5
9.5
6.875
54.5
55.125
48.125
32
13.625
1.125
-3.25
10.625
15.875
31.125
51.75
53.125
48.875
25
5
-0.75
12.25
35.5
50.25
44.75
25.5
4.625
18.125
49.375
86.875
122.125
119
102.5
86.25
71.625
63.75
60.5
57.875
56.625
45.625
50.75
49.375
39.75
23
5.375
-0.875
4.25
5.75
18.75
25.5
12.125
-13.125
-33.25
-32.5
-11.375
21.625
34.875
42
37
25.625
3.875
-8.75
-4.375
13.5
44.25
63
75.375
85.75
96.375
104.125
106.625
109.25
112.625
17.875
25.875
28.5
25.75
18.375
6.125
1.375
-3.5
-4.125
-2
-11.25
-32.5
-54
-54.875
-31.875
8.25
35.25
34.875
30.5
29
28
14.625
-23.625
-47.25
-49.125
-34.5
1.625
27.5
43.875
61.75
75.625
83.5
90.625
98
1.75
7.375
11.5
11.75
11.625
7.125
4.75
-0.875
-2.125
-5.875
-27
-47.375
-55
-42.875
-7.25
27.25
35.5
22.625
6.375
11
22.375
24.125
-2
-39.375
-51.75
-50.25
-23.5
3.5
8.875
15.125
20.625
24.625
28.25
31.875
0
2
4.875
5.875
7.5
6.875
5.75
0.875
-0.875
-11.625
-39.625
-50.375
-48.5
-28
6.75
21.25
14.25
-9
-29.875
-22.125
-0.75
16.75
19
-14.375
-36
-41.375
-31.25
-5.5
0
0.125
0.25
0.375
0.5
0.5
0
1
2.75
3.625
4.875
4.5
3.25
-4.75
-11.25
-35.5
-61.25
-58.75
-47
-19.5
-0.625
-8.75
-29.625
-50.375
-54.625
-38.625
-9.875
17.75
26.25
2.625
-32.5
-46.125
-44
-23.625
-2.875
0
0
0
0
0
0
0.5
1.625
2.125
3.5
3.375
2
-12
-32.875
-64.625
-79.375
-62.625
-33.875
-4.625
-3.625
-28.5
-57.625
-61.75
-41
-14.25
16.5
39.875
37
19.75
-23
-52.5
-57.875
-45.75
-13.875
-1.5
0
-0.125
-0.25
-0.375
0
-0.5
-0.75
0.125
1.875
3.5
4.875
-11.5
-43.5
-66.125
-69.5
-42.625
-1.625
18.5
11.25
-17.625
-43.5
-34.5
-9.375
14.25
36
47.625
44.625
35.625
4.375
-37.375
-56.25
-53.625
-29
-6.5
-0.375
-1.125
-2.125
-2.375
0
-0.125
0
1.125
2.375
4.25
9.375
0.375
-25.625
-35.625
-33.125
-8.625
26.625
34
19.75
-3.625
-17.875
-8.25
8.25
18.75
25.125
29
37.125
38
24
-13.625
-44.625
-50.25
-38.875
-14.5
-2.375
-3.75
-6.25
-6
0
0.75
1.875
2.375
3.25
5.875
11.5
7.625
-6.5
-10.625
-3.125
14.625
35.25
35.375
16.25
4.375
1.875
6.625
15.25
14.375
10.625
10.875
22.875
32.25
27.25
2
-33.625
-49.125
-45.5
-27.375
-10.375
-7.875
-9.5
-7
0
0.625
1.375
1.375
2.875
7
8.875
2.625
-4.125
-1.875
12.375
26.375
31.25
22.875
6
5
12.125
15.375
15.625
8.875
1.625
-1.5
7.125
24.75
28.75
17.25
-15
-46
-52.375
-43.375
-23.375
-9.375
-5.25
-1.125
0
0.75
1.875
2.125
5
9.375
6.25
0.375
-0.125
11.5
28
35.375
23.875
3.125
-8.125
-5.125
10.375
15
8.375
-0.875
-15.875
-27.875
-28.25
-7.25
14.625
22.75
7.625
-30.625
-51.75
-49
-29.125
-4.875
5.625
6.625
0
0.875
2.625
3.875
8.875
12.75
7
4.625
11.375
26.25
37.75
33.5
8.125
-12
-11.375
-3.75
16.625
19
3.875
-11.375
-39
-66.375
-78.375
-63.25
-26.75
3.25
11.5
-13.5
-40.25
-41.625
-27
-2.25
10.25
7.25
0
1.125
3.625
7.375
12.375
10.625
4.25
5.25
17.375
30.125
34.125
15.875
-9.25
-12.375
-0.5
15.875
30.5
24.5
0.125
-23.375
-54.875
-85.375
-97.5
-88.75
-55
-17.75
2.5
-4.75
-29.375
-39.375
-33.125
-13.5
2.5
2.75
0
2.125
6.875
12.25
12.125
3.625
-1.75
3
18
28.875
25.125
3.75
-4.5
4.375
18
32.75
29.125
11.375
-15.625
-40.25
-60.75
-69.875
-69.875
-67.625
-51.75
-25.25
-5
1.25
-19.75
-44.875
-48.75
-36.125
-13.5
-1.375
0
3.375
10.625
13.625
8.5
0.25
-0.75
11
26.125
32.75
22.75
9.875
14.75
23.125
32.375
36.25
20
-1.625
-21.125
-37.75
-40.25
-27.5
-17.75
-21.75
-30
-18.5
-2.75
8.25
-0.875
-35.5
-52.875
-49.375
-28.125
-6.25
0
2.25
7.5
7.125
2.25
-1.25
2.625
13.25
17.5
14.25
2.5
0.5
9.25
15.875
20.375
20.75
12.875
6.5
7.375
7.875
21.375
40.875
51.625
48.625
28.75
20.125
20
17.75
11.375
-17
-40.5
-45.5
-33
-11.25
0
-2
-4.75
-7.75
-10.75
-9.25
-7.125
-14.25
-30
-49.375
-61.75
-56.5
-48.5
-42.75
-40.375
-38.375
-33
-21.5
-3.75
11.625
31.375
48.75
56.5
54.875
42
19.375
4
-3
-9.75
-19.875
-34
-40.625
-35.375
-17.375
0
-4
-12.5
-16.5
-17.375
-14
-15
-31.125
-54.125
-78.75
-91.25
-90
-88.5
-87.125
-86.125
-84.875
-79.5
-69.625
-57.125
-45.625
-34.125
-25.75
-22.375
-24.375
-28.75
-43.5
-52.5
-47.25
-38.375
-28.875
-32.375
-36
-35.375
-24.5
0
-0.125
-2.375
-0.875
4.625
9.25
10.5
4.125
-7
-17.625
-23.375
-25.125
-28.25
-32
-33.5
-35
-36.25
-36.625
-36.875
-36.25
-33.875
-32.125
-32.125
-34.25
-37.125
-42
-43.375
-36.75
-24
-11.25
-13.375
-19.5
-23.25
-22.625
0
4.875
14.75
21.875
29.375
31.625
27.625
26.25
32.25
46.125
66.5
86.25
96
96.875
91.875
85
73.125
55.125
41.125
37.125
40.875
53.875
63.5
65
66.125
65.5
63.75
62.25
61.75
62
56.125
40.625
23.875
7.375
0
5.375
17.75
21.5
20.25
12.375
-2.875
-9.75
2.625
37.875
81.125
125.25
155.75
164.5
163
156.125
138
106.625
85.375
82.375
94.375
123.125
145.125
153.75
158.875
161.125
160.625
158
153.375
147.75
136.75
110.125
74.5
37.125
0
3.375
10.25
9.5
3.75
-7.25
-21.875
-29.375
-27.875
-0.125
27.125
57.125
85.625
91
97.75
101.75
96.375
80.625
71
70.875
83
103.5
117.25
122.5
122.125
121.25
120.125
119.375
117.5
111.5
96.125
68.375
34.5
4.125
10.75
-24.375
-50.75
-28.625
-6.75
-6.625
19.25
87.625
120.5
66.75
-9.5
-38.25
-22.875
-6.125
3.125
-9.125
-41.625
-42
-0.25
43.625
54.625
32
6.5
-8
-25.375
-47.125
-52.625
-38.5
-23
-11
-2.5
0.125
-0.5
3.375
12.125
-37.375
-75.75
-43.75
-8.625
-4.5
18
82.75
120.125
73.75
3.125
-30.25
-28
-12.125
4.5
-7.75
-43.25
-46
1.75
54.75
55.875
15.125
-17.5
-32
-45.125
-49.75
-34.625
-16.25
-6.375
-1.625
0.125
1.375
3
11
2.625
-56.125
-98.625
-58.5
-11.375
-1.25
17.25
77.5
116.75
74.125
16.375
-15.125
-34.25
-22.375
9
5.375
-31.625
-49
-14.25
38.25
39.875
-2.5
-33.875
-43.375
-42.625
-28
-9.125
-2.375
-1.875
0
3.375
6.875
8.75
15.5
-4.25
-66.125
-112.75
-73.5
-17.125
1
16.875
72.625
111.25
68.25
23.125
-0.75
-35.25
-23
22.125
19.5
-27.625
-60.875
-33.25
19.375
15.875
-23.875
-39
-32.25
-18.75
-4.75
0.375
-1
-0.875
3.25
9.125
13.75
14.5
17.625
-3.5
-64
-116.875
-87
-25.625
1.5
16.375
66.25
102.375
65.25
33.125
14.625
-25
-15.75
26.125
18.375
-33.625
-74.125
-52.375
-4.125
-4.25
-25.5
-22.625
-10.375
-3.125
0
0.5
0.625
3.75
9.5
15
18.125
16.5
14.5
-3.25
-56.375
-109.625
-91.5
-32.5
-0.75
14.5
59.5
95.5
68
40.625
24.625
-7.625
-6.25
15.125
1.875
-44.5
-82.25
-61.625
-12.75
-3.125
-15.75
-11.625
-2.125
-0.75
-1
1.25
6.625
12.375
15.625
18.25
19.25
14.75
6.75
0.25
-42.125
-94.875
-89.25
-37.625
-5.125
11.75
54.125
93.125
78.125
46.375
22.75
0.75
-4.875
-6.375
-25.75
-59.875
-77.625
-46
3
9.875
-10.625
-13.5
-4.5
-2.125
-1.75
5.125
16.625
20.375
16.5
15.5
15.625
10.5
1.25
-7.125
-35.25
-79.25
-82.375
-40.75
-9.875
8.625
53.75
100.5
91.125
45.5
8.25
-10
-19.625
-28.125
-41.875
-60
-59.125
-27.625
11
19.875
1.125
-11.75
-11.25
-7.25
0.5
13.5
25.875
25.5
14.75
8.375
7.375
4.75
-1.75
-19.5
-38
-70.125
-74.5
-40.375
-13.875
5.125
55.625
113
100.5
34.875
-9.125
-23.875
-36.5
-46.25
-49.625
-46.625
-30.625
-10.5
7.75
18.625
13.375
-2.375
-16.5
-12.75
5.25
21.5
30.25
23.75
8.75
0
-1.5
0.25
-3.25
-26.5
-48.875
-73.75
-72.875
-40.375
-16.25
2.375
60.125
131
107.5
19.375
-21.375
-30.375
-51.625
-65.125
-52.25
-21.875
5
0.375
-13.125
1.625
23.5
17.125
-6.625
-6.5
11.25
22.125
20.25
7.375
-2.125
-5
-5.875
-4.375
-6.5
-26.375
-60.25
-88.375
-82.875
-44.5
-18.25
-0.375
70
155.625
112.5
5.75
-26.875
-35.125
-68
-83.25
-48.25
5.75
33.75
7.375
-36
-27.25
22.25
48.5
31.5
13.75
14.25
13.125
-2.625
-16.625
-13.625
-9.375
-10.25
-9.75
-10.625
-20.75
-62.875
-105.125
-103
-54.875
-20.875
-2.75
77.625
173.375
116.375
3.75
-22.125
-41.875
-88.25
-97.25
-39.25
34.25
57.75
11.25
-52.75
-56.5
2.875
67.875
81.125
46.875
17.625
4.25
-15.5
-29.5
-22.125
-12
-10.75
-12.625
-14.625
-11.125
-55.75
-116.125
-126.5
-70
-23.625
-3.875
82.25
184.25
123.75
12.5
-22.625
-63.375
-109.25
-95.5
-15.125
60.125
67.125
10.5
-58.5
-76.875
-26.625
61
117.875
92.5
32.75
-0.75
-21.125
-32
-22.375
-9.875
-6.875
-10.5
-13.625
-3.875
-42.375
-117.75
-146.75
-86.875
-27.625
-4.625
84.25
188.875
131.75
17
-46
-100.75
-114.875
-60.125
24.75
71.5
56.625
7.25
-48.25
-79.75
-56.125
32.125
123
125.875
61.25
8.125
-16.75
-23.875
-17.5
-8.375
-4.75
-7.125
-10
-1.25
-30.625
-112.5
-158.25
-99.875
-30.875
-4.75
80.375
184.875
135.125
6.75
-82.125
-124.25
-90.625
-6.25
58.25
67.75
35.375
-5.875
-36.25
-60.875
-68.875
-13.75
88.375
139.75
100
29.75
-3.5
-7.375
-7.375
-4.375
-2.125
-3.25
-5.125
0
-24.75
-106.125
-160.625
-106
-32.375
-4.25
73.375
176.375
131.625
-16.375
-115.125
-119
-45.75
35.5
68
50.5
9.75
-20.625
-20.375
-25.25
-59.5
-54.25
33.375
131.75
136.625
57.75
5.75
0
-0.125
-0.25
-0.125
0
0
0
-22.75
-101.25
-159.125
-108.875
-33.75
-4.25
66
163
113.75
-46.25
-125.5
-85
-3.5
48.625
52
26.625
-4.625
-18.875
3.875
12.875
-39.5
-75.75
-19.625
93.25
148.375
93
24.375
2.875
0
0
0
0
0
0
-22.25
-99.625
-157.625
-108
-33.125
-5.5
52.75
136.125
87.125
-61.375
-107.375
-37.375
26.875
39.375
20.75
0.125
-6.5
2.25
30.25
38.5
-17.125
-77.75
-60.25
40.25
131
119.125
54
13.875
1.5
0
-0.125
-0.25
-0.125
0
-22.25
-99.25
-156.375
-106.125
-32.25
-5.625
40.25
101.5
54.125
-60.75
-65.625
11.625
37
11.25
-13.875
-19.75
2.75
36.625
57
47.5
-2.875
-65.625
-83.375
-15.875
90.375
130
88.625
34.25
6.5
0.125
-1.125
-1.875
-0.125
0
-21.875
-98
-155.125
-105.375
-31.25
-2.625
31.625
63.375
19.625
-42.625
-10.875
49.125
31
-23.75
-44.875
-28.375
21.25
73.5
77
41.625
0.5
-48.375
-89
-62.25
35.875
118.125
119.25
64.625
16.25
-0.375
-2.75
-4
0
0
-22
-98.125
-154.375
-103.25
-27.375
2.75
22.125
26.75
-0.625
-8.625
37.875
65.75
15.375
-49
-59.375
-28.625
33.625
93
82.625
31.875
1.375
-29.125
-78.25
-88.25
-18
80.875
129.625
98.75
34.375
-0.625
-4.125
-2
2.5
0
-21.375
-96.625
-153.625
-102.875
-24
7.875
16.125
4.875
-5.375
24.875
69.375
60.25
-10.125
-67
-59.25
-16.625
41.375
91.375
77.375
26.625
0
-15.875
-53.25
-86.25
-59
29.75
114.25
121.375
59.625
8.375
-1.375
1.5
4.625
0
-20.5
-94.375
-152.875
-102.5
-18.125
11.5
5.625
-6.375
8.75
56
77.625
35.375
-35.875
-69.625
-47.375
-3.875
44
79.625
64.125
16.375
-10.625
-13.75
-24.25
-56.375
-72.25
-18.875
79.375
127.25
88
28.625
5.875
4.375
4.875
0
-19.875
-92.625
-151.375
-99.125
-11.75
8.25
-8.625
-4.125
36.5
76.75
63
-2.375
-52.75
-49.125
-26.25
-0.375
41.5
65.875
40.375
-4.75
-28.375
-18.375
4.5
-10.5
-57.75
-51.5
33
113.5
115.375
58.5
16.25
6.75
4.75
0
-18.625
-88.875
-147.125
-96.125
-13.375
-1.75
-13.5
13.625
63.875
80.875
32.125
-37
-50.875
-20.5
-12.375
-3.5
37.75
46.875
6.625
-30.125
-42.125
-22.25
24.5
37.5
-20
-62.25
-13.25
79.375
127.625
95.375
36.25
8
2.25
0
-16.875
-83.125
-141.25
-97.125
-21.625
-9.5
-7.5
37.75
82.875
68.375
-1.25
-53.25
-33.375
4.75
-9
-15.125
25.625
23.125
-25.75
-50
-46.875
-21.625
28.375
62.5
27.25
-39.5
-42.25
35
116.375
121.25
63.375
16.5
1.875
0
-14.125
-74.625
-135.125
-103.75
-35.5
-11.5
14
63.375
83
44.5
-24.125
-52
-9.625
20.875
-12.25
-26.25
8.375
-1.875
-48
-55.5
-39.25
-17
24
62.5
54.75
-2.5
-48.25
-10.375
84.25
129.375
91.625
34.375
6.25
0
-12.5
-68.75
-130.625
-111.5
-49.25
-8.625
34
71.5
68.25
26.75
-25.5
-34.5
6.875
19.625
-16
-26.375
-3
-15.875
-47.375
-42.125
-21.875
-8.375
13.375
44.5
56.125
16.5
-47
-44.375
40.25
119.75
119.75
60.75
14.5
0
-12.75
-68.75
-132
-117.75
-53.5
-3.125
37.75
59
45.875
13.75
-17
-16
10.25
10.625
-14.625
-21
-10.25
-19
-32.375
-22.375
-7.5
-2.5
4.125
21.25
42.375
28
-31.5
-52.75
6.875
95.5
134.375
91.625
29.875
0
-14.25
-73.75
-136.5
-116.625
-49.25
-0.75
31.375
39.375
24.25
6.75
-6.5
-5
6.125
3.625
-8.125
-11.25
-9.875
-14.125
-15.125
-6.875
-1.25
-1.625
1.875
8.5
20
20
-17
-42.375
-6.125
71.875
130.5
113.125
49.5
0
-14.875
-75.875
-136.375
-109.625
-40.5
-1.75
14.625
17.25
12.125
7.375
2.125
-1.25
-2
-1.25
-1
-4.5
-8.625
-6.875
-0.5
3.625
1.875
-1.625
-1.25
0.875
4.5
4.125
-10.75
-23.25
-5.25
52.375
117.5
123.5
66.875
0
-13.375
-71.5
-132.875
-109.125
-40.625
-7.625
0.25
11.75
27.625
31.5
19
2.5
-5.875
-5.625
-5.75
-14.125
-26.875
-20.875
7.875
22.625
12.375
3.25
0.75
-0.125
2.5
2.5
-6.5
-12.75
1.5
42.625
94.375
107.125
63.875
0
-9.625
-60.5
-126.25
-115.5
-49.625
-13.125
-3.5
16.625
56.125
70.125
38
5.75
-5.5
-6.25
-8.875
-27.25
-51.875
-37.375
18.875
46.125
27.375
8.375
1.75
-0.375
1.125
0.875
-5.25
-7.875
4.5
31
61.875
72.75
46.375
0
-5.125
-46.5
-118
-126
-62.5
-18.125
-5.375
20.875
82.375
111.625
61.625
10.375
-4
-5.5
-8.75
-34.375
-74.875
-58
28.125
71.5
41.5
11.25
1.75
-0.625
0.75
-1.375
-9.875
-13.5
-3.25
16.375
34.625
39.5
26.125
51.8889
34.8333
19.5556
5.27778
-7.94444
-11.3889
-11.8333
-10.4444
-3.77778
-3.27778
-1.94444
1.77778
6.72222
12.1667
10.0556
10.4444
16.1667
17.2778
9.33333
-7.77778
-29.5556
-50.1667
-67.8889
-77.6111
-76
-65
-47.1111
-26.8333
-11.4444
-2
5.22222
13.3333
49.1667
31.9444
17.3889
5.44444
-6.11111
-11.9444
-16.1111
-17.7778
-9.61111
-8.55556
-6.77778
-2.11111
8.44444
20.8889
19.7222
19.1111
17.9444
5.72222
-15.7222
-42.2778
-65.5
-78.1667
-81.1111
-72.6667
-56.1111
-38.0556
-20.6111
-6.83333
1.61111
7.94444
14.3889
20.5
36.7778
25.5556
15.2778
7.77778
-1.16667
-10.5
-16.6111
-19.6111
-14.5556
-13.1111
-8.61111
-0.444444
13.2222
27.1111
28.2222
25.5
14.6667
-5.55556
-29.8333
-53.2222
-67.8889
-70.7222
-62.2778
-46.5556
-29
-14.3333
-3.33333
4.11111
10
16.8889
23.5556
26.6667
14.8333
14.3333
11.9444
10.1111
4.11111
-7.11111
-12.5556
-14.6667
-15
-11.1111
-0.777778
11.2222
20.5556
25.3889
24.1667
15.6667
-0.833333
-19.2222
-33.8889
-42.5556
-42.6111
-38
-29.7222
-18.8889
-8.5
-0.0555556
6.11111
11.4444
17.7222
24.4444
29.1111
28
-2.44444
2.05556
4.88889
8.55556
7.16667
-2.83333
-6.38889
-5.83333
-7.66667
-2.72222
7.55556
15.3889
12.4444
2.27778
-4.38889
-15.7778
-30.9444
-37.3333
-34.7778
-27.2222
-18.5556
-12.2778
-6.33333
-3.38889
0.111111
6
11.6111
17.3889
23.1111
27.7222
28.6111
23.7778
-12
-7.38889
-2.61111
4.27778
7
2.22222
2.16667
5.72222
5.16667
9.22222
12.5556
8.05556
-8.44444
-30.2222
-41.5556
-51.3333
-58
-51.0556
-35.1667
-17.1111
-5.33333
-0.222222
3.11111
3.27778
4.88889
9.72222
15.2222
20.1667
23.2222
23.8333
20.3889
12.7778
-6.16667
-5.5
-3.94444
1.16667
5
5.33333
9.72222
13.6111
12.7222
10.8889
3.5
-12.5556
-37.0556
-59.6111
-66.3333
-65.4444
-61.3333
-48.3333
-28.5
-7.66667
0.222222
0.722222
4.88889
9.77778
12.8333
14.5556
17.6667
20.2778
19.3889
14.8333
7.83333
-0.666667
9.33333
6.61111
1.88889
0.777778
1.5
6.5
15.7222
16.2778
13.9444
9.33333
0.888889
-18.5556
-43.3889
-54.9444
-51.8333
-41
-32.7778
-23.2778
-9.33333
6.94444
9.5
7.61111
14.3333
27.1667
33.9444
30.9444
29.4444
26.5
19.3333
8.72222
-1.27778
-8.44444
29.3889
24
14.0556
5.66667
0.0555556
6.11111
16.3333
15.2222
16.6667
16.3333
16.2222
-0.111111
-20.2778
-21.8333
-14.3889
-1.11111
4.16667
8.27778
14.1667
22.9444
25.2222
27.2222
38.8889
58.9444
72.5
69.7222
60.8333
48.1667
33.0556
16.6111
4
-2.05556
48.3889
40.1111
28.3889
15.0556
2.61111
7
14.5556
17.3333
26
34.1667
40.3889
25.2778
11.9444
14.1667
19.5556
27.3333
31.5556
35.4444
35.1667
32.1111
36
45.1667
60.3333
83.5556
104.389
111.667
101.167
83.3333
66.5556
50.6111
38.5
33.3889
59.0556
49.2778
39.8333
26.4444
10
8.33333
11
19.6111
31.1667
37.2778
36.8889
22.2222
17.0556
17.6667
19.1111
26.1667
40.1667
49.4444
45.2222
30.5556
32.5
44.7778
57.7778
76.4444
99.8333
121.278
121.167
110.056
100.389
93
87.9444
86.1667
55.9444
46.7222
40.8889
31.3333
16.4444
7.55556
5.88889
15.0556
19.1667
13.3889
1.05556
-7.66667
-3.77778
-1
4.55556
17.7778
42.7778
55.1111
48.2222
25.4444
15
19
23.8889
30.7778
47.8889
77.3889
97.3333
105
109
114.778
119.833
123
37.9444
32.7222
30.5556
26.5556
17.8889
5.22222
1.5
5.72222
-2.11111
-21.3333
-37.7222
-35.4444
-24.5556
-17.3889
-5.22222
14.7778
38.1111
47.8889
41.2222
20.3333
-1.05556
-8.55556
-8.66667
-13.1111
-8.77778
14.2778
46.8333
69.7778
80.2778
92.1111
103.333
110.944
19.0556
17.4444
17.6111
17.2778
14.8889
3.5
-0.555556
-4.27778
-23.4444
-45.5
-56.0556
-44.8333
-32.6111
-22.2222
-4.05556
12.1111
20.6111
24.6667
23
13
-7.38889
-22.0556
-22.5
-32.2778
-39.5556
-30.1111
-1.44444
27.3889
38.2778
47.3333
55.7778
61.6667
6.88889
7.55556
8.83333
9.83333
10.5
1.61111
-3.66667
-16.6667
-40.8333
-56.8333
-58.3333
-44.9444
-37.0556
-26.3333
-9.94444
-5.22222
-11.5556
-11.0556
-2.72222
3.5
-3.16667
-15.5
-18.3889
-27.8333
-41.3889
-44.6667
-29.3333
-4
8.22222
12.6667
16.1667
19.1667
3.05556
3.83333
5.27778
6.11111
6.77778
-2.88889
-13.6111
-35.1111
-58.1667
-64.5
-59.4444
-46.5
-40.8333
-31.1111
-22.3889
-27.7222
-38.0556
-36.8333
-20.2222
1.94444
11.7222
3.33333
-10.9444
-22.1111
-36.2222
-47.3889
-44.2778
-25
-6.05556
-0.555556
0.111111
0.111111
1.33333
2.11111
3.55556
4.27778
5
-6.83333
-25.6667
-51.1111
-66.3889
-63.7778
-55.8889
-44.1667
-35.8333
-27.7778
-29.6667
-38
-43
-38.3889
-18.1667
13.6667
34.3889
27.6667
-0.722222
-18.1667
-31.6111
-46.9444
-51.9444
-40.2222
-15.5
-3.38889
-1.05556
-1.05556
0.388889
1.22222
2.66667
3.83333
5.94444
-6
-30.3889
-50.9444
-55.7778
-46.8889
-38.8333
-27.9444
-13.5556
-8.38889
-17.3889
-24.6667
-25.0556
-19.2222
-2.88889
27.5556
51.1111
44.7778
13.1111
-11.2222
-25
-41.3333
-52.5
-49.2222
-27.6667
-9.27778
-3.44444
-3.27778
0.388889
1.16667
2.44444
4.55556
8.77778
-0.277778
-22.6111
-34
-29
-17.3889
-12.5
-4.72222
10.1667
13.3889
2.22222
-5.33333
-4.94444
0.0555556
10.7778
30
50
48
24.8333
-1.05556
-17.7222
-31.7778
-47
-52.3889
-40.1111
-19.6667
-8.22222
-6.22222
1.16667
1.72222
3
6.22222
10.7222
4.16667
-11.2222
-12.4444
-1.05556
8.16667
9.33333
14.4444
25.2778
26.3333
15.8889
8.5
7.72222
10.5556
15.4444
20.3889
31.8333
37.8333
29.0556
7.94444
-11.3889
-23.3333
-38.2778
-51.5556
-49.7222
-31.5556
-14.2222
-7.72222
1.5
1.77778
3.61111
8.11111
10.5
4.66667
-1.61111
5.83333
18.7222
22.2778
19
22.2222
27.3333
23.8889
14.8889
9.16667
10.3333
11.1111
8.16667
0.833333
1.61111
13.5
17.4444
6.5
-10.5556
-20.6111
-30.8333
-47.1667
-53
-40.5
-19.6111
-6.27778
2.16667
2.77778
5.94444
10.5
9.5
4.88889
6.55556
19.7778
29.3333
25.8889
19.5556
21.7778
22.4444
13.1111
7.05556
7.66667
11.5556
7.05556
-6.66667
-24
-35.2222
-25.5
-11.7222
-9.61111
-16.8333
-22.9444
-25.6667
-37.4444
-47.2778
-41.8333
-23
-3.77778
2.66667
4.5
8.55556
11.4444
8.44444
6.88889
15.1667
29
32.1667
23.8333
17.5
20
17.6111
5.38889
4.72222
11.7222
13.3333
-1.16667
-26.5556
-50.5
-72.3333
-71.8333
-52.1111
-36
-29.6667
-29.8889
-26.3889
-28.2222
-38.2222
-40.1111
-27.3333
-6.38889
4.55556
7.88889
10.8889
10.1667
7.5
10.6111
21.6667
30.1111
28.5
19.8333
17.8889
20.3333
15.6667
6.83333
10.5556
19.7222
12.1111
-12.5556
-42.1667
-66.3889
-90.7778
-99.7222
-80.5
-53.8889
-37.8889
-34.6111
-31.6667
-26.1667
-31.9444
-40.0556
-35.3333
-17.2778
7.05556
10.8889
10.8333
7.22222
8.16667
15.8889
24.6667
27.4444
25.2222
21.8889
25.1667
25.5556
20.6111
18.2778
23.5
26.2778
8
-19
-42.5556
-59.6111
-77.6111
-87.1667
-74.3333
-46.2222
-28
-26.9444
-31.3889
-28.8333
-29.3333
-40.7222
-43.9444
-32.2222
7.66667
10.2222
7.11111
3.22222
7.55556
15.6667
17.8333
15.3333
14.7222
17.8333
22.1667
19.6111
17.6111
23.2222
27.7222
22.6111
5.27778
-9.5
-17.1667
-21.8889
-24.9444
-27.7222
-24.4444
-7.11111
3.44444
-1.77778
-17.7222
-27.1667
-27.6111
-38.5556
-46.9444
-42.6667
4.05556
3.88889
-0.222222
-2.61111
1.66667
5.11111
-1.16667
-8.83333
-11.9444
-9.38889
-10.6111
-16.2778
-14.7778
-4.11111
0.222222
-6.83333
-12.8333
-10.0556
-2.16667
3.44444
12.2222
18.5556
15.0556
16.3333
17.5
9.61111
-9.22222
-28.6667
-32.5
-37
-44.2222
-44.7778
-3.05556
-5.16667
-8
-8.88889
-9.11111
-14.1667
-25.7222
-39.3333
-48.4444
-52.1667
-59.2222
-64.0556
-59.7222
-47.5556
-42.5
-44.6111
-36.8889
-20.7778
-4.16667
7.61111
22.2778
31.3889
26.5
15
7.11111
0.333333
-14.0556
-33
-42.3333
-39.4444
-39.2222
-40.6667
-5.05556
-6.55556
-5.72222
-4.05556
-6.72222
-15.1667
-26.2778
-40.3889
-54
-64.6667
-74.7778
-79.6111
-77.3333
-70.3333
-68
-68.0556
-58.8333
-44.6111
-31.9444
-23.2222
-12.6111
-5.94444
-9.33333
-21.7778
-29.1667
-29.7222
-31.1667
-38.6667
-46
-38.9444
-32.5556
-32.1111
0.0555556
1.5
4.88889
7.77778
5.88889
-1.16667
-6.11111
-10.0556
-12.3333
-13
-11.5
-6.44444
-2.05556
0.0555556
-4.44444
-12.1111
-13.1667
-8.38889
-4.33333
-0.0555556
7.55556
15.5556
18.6667
12.3333
8.11111
8.83333
11.2222
11.6111
4.72222
3.5
3.61111
-1
9.55556
13.2778
17
20
20.3333
15.6111
14
24.6667
38.4444
53.1111
69.1667
86.2778
97.1111
96.0556
85.5
68.4444
57.0556
53
51
52.2778
60.0556
73.5
82.5
83.9444
84.1111
85.3889
88.5
90.3889
83.6667
70.5
55.9444
39.2222
13.1667
16.3333
16.3333
15.0556
13
6.55556
3.66667
23.6111
51.2778
80.8333
111.556
142.333
163.778
165.944
155.778
134.889
119.056
113.556
111.889
113.944
124.167
144.5
159.667
164.278
164.778
163
160.333
156.333
144
119.444
90.7778
62.1111
-52.4444
-76.1667
-60.3333
-32.3889
5.5
52.8333
104.389
126.778
89.2222
29.2778
-20.5
-30.8889
-20.2778
-7.38889
-15.8333
-36.5556
-39.7222
-11.7222
24.7778
35.4444
19.1111
-3.72222
-19.8889
-31.6111
-41.5556
-44.8889
-37.5556
-24.8333
-11.3333
-1.44444
4.88889
10.7778
-64.5
-95.3889
-77.6111
-41.2222
2.44444
50.3889
99.4444
125.222
94.3889
40.2222
-10.7778
-26
-17
-1.77778
-10.9444
-38.3333
-50.2778
-25.1667
13.6111
26.8333
10.3889
-15.3889
-33.5556
-41.7778
-42
-32.8333
-19.6111
-7.38889
1.38889
7.83333
11.8333
15.6111
-74.5556
-110.444
-92.7222
-49.6667
-1.94444
47.1667
94.0556
122.5
96.7778
47.3333
-2.16667
-17.5556
-8.66667
5
-9.77778
-44.3889
-61.7778
-37.8889
1.72222
14
-3.44444
-28.8333
-40.1667
-37.3333
-26.4444
-13.3333
-3.22222
3.66667
9
13.8889
16.3333
18.1111
-80.0556
-117.333
-101.389
-56.1111
-6.33333
43.8889
88.3333
117.333
97.8889
55.3333
11.3333
-7.77778
-4.66667
1.05556
-17.7222
-53.3333
-70.3889
-46
-9.11111
0.444444
-16.8333
-33.4444
-32.1667
-20
-8.16667
-0.0555556
6.33333
10.8889
15.1667
18.1111
18.8889
19.3333
-77.7778
-115.056
-104.111
-60.6667
-10.8333
39.8333
82.3889
113.833
102.444
68.5
25
-3.5
-13.1111
-15.1667
-31.3889
-59.7778
-73.0556
-51.6667
-18.7778
-6.88889
-15.5556
-22.9444
-17.7778
-7.83333
0
6.77778
13.5
17.1667
18.5556
19.3889
19.7222
18
-73.6667
-108.389
-102.389
-63.2778
-16.3333
35.8889
81.1667
117.167
106.944
70.7778
21
-10.7222
-23.4444
-25.2222
-37.5556
-60.2222
-71.7778
-53.3889
-21.6111
-3
-4.55556
-11.4444
-12
-6.27778
3
13.0556
20.8889
22.6111
20.4444
18.6111
17.0556
12.8889
-68.6111
-101.611
-99.1667
-64.9444
-21.7778
31.8889
83.0556
122.611
109.389
63.2222
9.83333
-18.3333
-28.8333
-34.3889
-48
-62.4444
-62.8889
-41.1111
-12.6111
4.88889
3.44444
-4.83333
-11.2222
-7
4.83333
18.3333
26.2222
25.2778
19.3889
13.7222
9.72222
5.33333
-70
-100.5
-97.4444
-66
-25.3889
30.0556
87.7222
130.167
114.833
60.4444
6.66667
-25.3333
-42.6111
-57.9444
-62.6111
-56.1111
-41.3333
-24.8333
-9.77778
4.83333
9.16667
7.5
-1.22222
0.277778
8.27778
19.1667
22.6667
18.7222
11.6667
5.61111
1.61111
-2.22222
-74.5
-105
-101.056
-69.8889
-29.2778
31.4444
96.3333
144
124.889
62.6667
2
-42.5556
-69.6111
-87.0556
-69.6111
-37.7778
-11.7222
-8.16667
-12.6111
-3.38889
12.8889
27.5556
24.5556
18.6111
14.3889
13.9444
9.83333
2.16667
-3.61111
-5.94444
-6.44444
-8.61111
-79.7222
-114
-112.833
-79.8333
-36.3889
33.4444
106
160.556
134.222
61.0556
-15.1667
-69.1667
-96.8333
-98.7222
-56.6667
-7.44444
17.1111
1.44444
-22.8333
-20.8889
10
44.6111
55.3333
43.5556
26.7222
12.7778
1.16667
-10.2222
-15.3333
-14.6111
-12.0556
-13.1667
-84.1667
-125.389
-129.056
-93
-44.8889
34.7778
114.222
174.056
140.389
53.8333
-35.3333
-92.3333
-108.944
-91
-32
21.7222
36.3889
3.44444
-36.8889
-42.7778
-3.27778
51.1111
81
74.3333
46.0556
17.0556
-4.38889
-16.2778
-18.7222
-16.2222
-13.2778
-13.8333
-85.7222
-135.611
-145.444
-107
-52.8889
34.5556
118.667
181.389
143.944
47.8333
-48.3889
-105.222
-108.556
-76.7778
-9
41.8889
47.7778
4.44444
-46.5556
-61.4444
-22.8889
45.3333
97
103.889
70.7778
25.8333
-7
-21.4444
-20.5556
-15.8889
-12.1667
-12.7778
-83.6111
-142.167
-160.333
-120.667
-60.5556
34.2222
121.278
187.278
145.111
42.5556
-62.2778
-114.111
-103.778
-57.5
12.7778
54.2222
48.7778
1
-50.2222
-69.7778
-37.9444
32.2222
103.444
127
98.1111
38.9444
-4.72222
-24.1111
-20.6111
-14
-9.44444
-10.3889
-78.6111
-143.667
-171.722
-132.944
-68.4444
31.8333
120.889
188.056
139.222
28.5
-83.8333
-121.5
-90.9444
-27.8889
34.8333
57.5556
38.6111
-4.33333
-42.7778
-62.2222
-44.5
11.5
92.1667
134.611
123.222
61.7778
10.8889
-16.2778
-15.9444
-10.8889
-7
-7.44444
-73
-141.111
-177.278
-141.389
-74.7222
25.8333
114.111
174.667
121.833
6.72222
-97.3333
-114.056
-64.8333
2.11111
47.0556
51.5556
27.4444
-2.16667
-23.2778
-43.3889
-48.5
-19.9444
55.5
120.611
139.056
94.5556
41.3333
4.77778
-4.77778
-4.77778
-3.38889
-3.61111
-68.9444
-137.833
-177.278
-143.667
-76.7778
17.6667
99.5
149.444
99.0556
-9.38889
-92.2222
-89.7222
-31.3889
21.1111
42.7222
34.2778
18.7222
9.72222
3.66667
-17.5
-47.0556
-47.8889
9.27778
90.2222
138.444
119.611
69.8333
25.3333
6.05556
0.444444
-0.222222
-0.222222
-67.2222
-135.556
-175.333
-143.167
-76.2222
10.9444
83.3333
120.556
73.6111
-17
-72.8889
-55.0556
-4.61111
23.1111
23.6667
13.7778
15.2222
26.8333
31.7222
10.2222
-34.9444
-62.2222
-30.1667
47.6111
120.167
130.278
94.9444
45.1111
15.3889
2.38889
-0.833333
-0.944444
-66.0556
-133.778
-173.444
-141.944
-74.3889
6.11111
66.9444
90.2778
49.3333
-15.7778
-42.5
-17.8333
10.7778
9.72222
-3.61111
-3.33333
17.9444
45.5556
55.8889
33.7778
-18
-64.2222
-58
3.11111
87.6667
127.333
116.056
69.3333
29
5.72222
-2
-2.05556
-65.5
-132.833
-172
-139.889
-71.2222
1.5
48.8333
59.2222
31.2222
-4.38889
-4.83333
14.0556
14.8333
-12.0556
-30
-14.3333
26.6111
65.8333
75.8889
49.5556
-4.66667
-59.3333
-75.8333
-37.0556
44.6111
111.667
129
95.7222
47
12.3333
-1.33333
-1.11111
-64.7222
-131.722
-170.444
-137.667
-68.1667
-3.16667
30.4444
33.2222
22.9444
17.1667
31.4444
33.3333
6.27778
-36.1111
-48.7778
-16.0556
40.6111
85.2222
88.3333
54.1667
0.722222
-50.6111
-79.8333
-64.5
0.0555556
81.3333
127.056
116.444
69.3889
25.5556
4.33333
1.5
-64.1667
-130.778
-168.389
-133.778
-63.9444
-6.55556
14.8333
18.2778
26.2778
43.7222
54.7778
36.5556
-10.3333
-52.2222
-54.7778
-11.5
49.6667
91.1111
84.8333
45.1667
-2.72222
-40.1667
-67.2222
-69.6111
-30.2222
44.0556
110.167
126.389
93.5556
45.1667
14.2778
4.5
-62.9444
-128.889
-165.389
-129.944
-60.8333
-8.88889
7.77778
16.3333
37.3333
61.2222
59.3333
24.6667
-26.6667
-56.7778
-48.3889
-3.11111
51.4444
82.0556
66.4444
24.1111
-13.2222
-31.5
-43.2778
-53.9444
-40.2778
11.2778
83.8889
125.333
114.722
68.6111
27.6667
8.55556
-60.8889
-125.5
-161.556
-127.667
-61.4444
-12.5556
6.72222
23.8889
52.3889
68.9444
51.0556
7.22222
-34.6111
-50.8333
-36.5
2.16667
44.6667
61.7222
38.7778
-1.05556
-25.6667
-23.9444
-17.5556
-25.6667
-33.6667
-11.1111
51.6111
111.444
127.111
94
47.5556
17.6111
-58.1111
-121.111
-158
-127.611
-65.2778
-16.1667
10.4444
37.5556
67.8333
70.1667
36.4444
-9.66667
-35.8889
-40.0556
-25.6667
-0.0555556
29.2222
35.1111
10.5
-22.3889
-34.4444
-18.0556
2.83333
3.88889
-14.5556
-18.1667
21.5556
85.8333
126.056
115.722
73.2222
33.3889
-53.7222
-115.222
-154.722
-130.667
-70.5
-15.5556
22
55.5556
77.7778
63.5556
17.6111
-23
-33.7222
-28.3889
-17.5
-5.16667
11.2222
8.66667
-14.6667
-38.8333
-40.7222
-13.8333
17.2222
30.5556
9.88889
-13.0556
-1.83333
53.7222
112.333
128.833
98.6111
51.5556
-50.5556
-110.778
-152.333
-133.667
-74.8889
-14.8889
31.0556
65.6667
79.0556
53.2778
4.61111
-26.7222
-25.3889
-15.4444
-9.72222
-7.94444
-0.722222
-8.16667
-29.1667
-46.6667
-42.3889
-11.8333
23.8889
45.2222
27.5556
-7.66667
-20.2778
21.0556
89.5
131.333
119.056
72
-49.5
-109.333
-152.444
-137.278
-79.6667
-16.6667
33.0556
64.0556
69.1667
37.5
-4.05556
-23.5
-12.7778
-4.11111
-5.11111
-11.1667
-10.1667
-18.8333
-35.6111
-45.2222
-36.4444
-8.77778
23.1667
46.8889
36.9444
1.94444
-24.7778
-0.111111
66.5
125.889
134.444
95.3333
-49.7222
-109.5
-154
-140.333
-82.8889
-17.3889
32.2778
57
54.6667
24.0556
-6
-15.1667
-3.05556
0
-5.83333
-15.0556
-16.7778
-23.7778
-33.1667
-33.9444
-23.8333
-4.38889
16.5
37.7778
35.3333
8.88889
-23.2778
-12.6667
45.3333
115.556
143.667
117.333
-47.9444
-107.111
-152.5
-139.722
-81.3889
-15.6111
29.5
46.2778
40
16.4444
-3.55556
-8.38889
-1.44444
-1.77778
-8.33333
-17.6111
-20.8333
-23.3889
-23.1667
-18.1111
-10.6111
-2.38889
6.66667
22.1111
26.0556
11.8333
-17.1667
-17.5556
27.8889
99.6111
144
132.444
-45.3889
-103.944
-150.444
-140.333
-82.8889
-19.3889
23.6667
40.8333
43.6667
31.7778
15.9444
3.55556
-1.5
-6.05556
-13.6667
-24.5556
-30.1667
-24.5
-9.77778
4.16667
7.44444
6
4.11111
11.8889
13.6667
5.72222
-16.4444
-19.5
16.5
82.0556
130.278
127.333
-43.2222
-101.389
-149.111
-142.222
-87.8889
-29.8333
11.3333
36.1111
55.6667
57.6667
39.5
16.0556
-0.222222
-6.94444
-16.2778
-31.4444
-38.1667
-24.1111
6.22222
27.1667
26.6111
14.2778
4.5
3.94444
3
-2.38889
-13.9444
-14.1667
12.2222
62.8333
104.5
107.667
-39.8333
-97.3333
-147.222
-144.944
-94.6667
-40.1111
1.11111
36.5
70.3889
83.6111
59.7778
26.6667
1.66667
-6.27778
-18.3333
-40.3333
-51.7222
-32.2222
12.6667
43.2778
40.8333
20.3889
4.88889
1.61111
0.333333
-3.44444
-10
-9.77778
7.88889
43.7778
76.7778
84.4444
39.7813
28.375
14.25
0.5625
-12.25
-17.7188
-11.5625
-8.1875
-6.6875
-3.09375
4.65625
14.2188
22.5313
23.875
16.7188
8.375
-3.28125
-19.0938
-36.3125
-54.0313
-65.7813
-69.1563
-68.9375
-62.5625
-50.6875
-36.4688
-20.7813
-5.28125
7.8125
16.9063
30.4375
22.1875
11.2813
0.625
-10.1875
-17.625
-13.8125
-10.2188
-6.375
-2.28125
4.59375
13.875
21.4063
22.4063
13
0.34375
-15.25
-30.9063
-44.6875
-57.0938
-62.7188
-62.0313
-55.9375
-44.375
-29.7188
-14.6875
-0.4375
12
20.6875
25.4375
15.2813
12.6563
7.6875
1.65625
-5.21875
-11.8438
-11.5625
-8.1875
-2.59375
0.8125
3.90625
7.875
9.25
6.78125
-0.84375
-12.5938
-27.1875
-38.375
-44.5938
-46.6563
-44.8125
-41.2188
-33.5313
-22.2188
-9.1875
2.9375
13.0938
20.5625
25.6875
28.0625
3.8125
4.25
3.5
2.3125
1.21875
-1.625
-3.84375
-1.09375
3.3125
3
-0.03125
-3.53125
-8.78125
-15.3438
-21.7188
-31.5
-39.9688
-42.25
-38.8438
-32.4063
-26.75
-21.6875
-12.7813
-2.15625
6.78125
14
19.3438
23.3125
26.5938
26.4688
-1.8125
-1.09375
-0.625
2.03125
7.21875
7.46875
3.8125
3.84375
4.375
-1.125
-10.3438
-20.4375
-30.9688
-37.6875
-41.5625
-46.0313
-46.7188
-39.4688
-28.7188
-17.4375
-9.875
-4.96875
3.75
11.9375
16.6563
18.9375
20.75
22.5625
23.1875
20.4375
0.78125
0.0625
-1.0625
2.875
11.7813
13.6875
10.3438
8.34375
5.1875
-4.46875
-17
-30.9688
-42.4063
-45.5313
-47
-48.6875
-44.7188
-30.6875
-15.1875
-0.28125
7.25
11.375
19.4063
26.5313
29.125
27.4375
25.8438
23.1875
19.2188
12.5625
13.8125
9.6875
4.03125
7.4375
16.5313
18.3125
17.25
15.1875
10.7188
-0.4375
-12
-25.6563
-33.9375
-31.625
-32.375
-34.9375
-31.125
-14.25
4.84375
21.0625
28.375
32.5313
40.5625
48.9375
52.7813
49.5938
43.2813
34.7813
24.75
13
29.6875
22.8438
13.4375
14
18.8125
18.375
20.2188
20.3125
17.1875
7.84375
-0.28125
-9.9375
-12.4063
-4.8125
-4.375
-8.03125
-7.46875
6.34375
26.625
43.1563
50.6875
55.0313
62.7188
72.5
80.0938
80.3125
72.4688
60.5
46.9688
33.1875
42.75
34.625
23.6875
21.4063
20.3438
18.4375
22.9063
25.0938
23
16
13.0313
8.875
11.9375
20.375
21.6875
18.6875
17.4375
25.1875
41.3438
56.6563
64.875
70.5625
77.5938
88.1875
100.25
108.031
104.594
92.9375
79.9375
68.375
50.9688
42.2188
32.25
28.5625
22.3438
19.3438
22.8438
22.4375
17.375
12.5625
14.9063
15.9063
21.3125
26.0938
30.0313
33.6563
36
37.125
44.4688
53.75
62.6875
69.9688
75.6875
85.7188
101.219
117.531
122.156
117.219
109.313
103.531
48.6875
41
34
29
20.3438
15.25
12.9688
6.53125
-2.84375
-4.6875
1.6875
8.125
14.4063
15.6875
23.5625
37
46.5938
41.1875
34.8125
32.9688
39.0313
45.7813
50.7188
58.4375
73.125
95.4375
112.344
120.25
121.688
125
37.0313
32.2813
28.8125
23.4688
16.1563
8.9375
-1.28125
-14.4375
-25.2188
-24.3125
-15.5938
-6.3125
-2.65625
-4.125
7.34375
29.4063
44.4375
36.7188
17.8125
5.28125
8.34375
15.5938
20.2188
23.125
31.6563
51.75
76.5625
94.9688
103.406
112.094
25.0625
22.6563
21.75
16.1563
10.3438
-1.09375
-19.4688
-35.9063
-44.9688
-41.75
-34.3438
-26.75
-26.7813
-27.1875
-11.875
13.6875
30.875
24.9063
3.40625
-15.0313
-15.5
-8.125
-3.625
-5.4375
-5.46875
6.0625
29.3438
53.6563
66.5938
75.75
13.6875
13.4063
13.6875
6.46875
-0.46875
-16.6563
-38.75
-52.4063
-55.9063
-51.3438
-47.9688
-43.4063
-44.6875
-40.0938
-23.0625
-1.8125
12.2813
10.7813
-4.71875
-21.4375
-25.2813
-20.4375
-16.8438
-21.375
-28.5313
-27.3125
-10.6563
13.7188
30.3438
39.7813
6.25
7.125
8.09375
-0.6875
-11.2188
-30.8438
-50.7188
-57.3438
-54.6875
-51.5938
-54.0625
-53.8438
-54.4688
-44
-27.375
-14.9688
-7.15625
-1.34375
-4.28125
-12.625
-18.4375
-18.1563
-18.1563
-23.9688
-34.5625
-42.8125
-36.875
-18.4688
0.0625
9.53125
4.21875
5.1875
6.8125
-2.875
-18.8438
-39.6563
-53.0938
-51.75
-45.4688
-44.9375
-53.0625
-55.9063
-52.125
-36
-21.0938
-17.8125
-15.375
-3.8125
6.625
7.8125
-0.15625
-8.625
-15.375
-21.0313
-31.1563
-44.3438
-48.4375
-37.7188
-18.2188
-5.90625
2.96875
4.53125
6.90625
-3.46875
-23.2188
-40.25
-44.7188
-37.375
-29.9375
-31.375
-41.3125
-42.25
-32.4375
-14.9688
-5
-8.84375
-10.5
2.78125
20.0625
27.5938
19.0625
1.25
-12.9375
-18.4688
-25.7188
-39.8125
-50.3125
-47.5313
-30.0313
-13.0313
2.78125
4.9375
8.15625
-0.71875
-19.2813
-29.7188
-25.9063
-15.5313
-9.40625
-12.875
-22.8438
-21.0625
-7.65625
5.84375
8.25
0.34375
-3.21875
8.375
27.375
38.1563
30.5313
8.46875
-10.9375
-17.9375
-22.5625
-34.0938
-47.5625
-52.3125
-40.5
-21.8438
3.34375
6.59375
9.75
2.78125
-10.8125
-12.8125
-3.40625
6.53125
9.03125
4.125
-3.03125
2
15.8438
21.5313
16.2813
7.03125
3
8.8125
22.9063
33.75
28.7188
7.71875
-13.4375
-22.4063
-24.5625
-30.2188
-41.5313
-51.0625
-46.8125
-30
4.25
8.25
9.875
4.5
-1.375
4.46875
15.875
21.9688
18.6875
13.6563
12.4375
20.0625
30.0625
27.3125
15.9375
6.9375
3.09375
0.28125
4.09375
12.3438
11.0313
-4.0625
-22.5313
-32.875
-32.2813
-29.6875
-34.8125
-45.125
-47.5938
-35.9688
6.40625
9.65625
9.375
6.90625
9.0625
19.4375
28.8125
28.7188
21.0938
17.9375
21.625
27.8125
31.7188
22.5938
7.90625
-0.1875
-5.71875
-17.2813
-24.75
-20.4375
-18.625
-25.125
-36.75
-46.5313
-44.2188
-33.75
-29.4063
-36.5625
-43.5313
-38.9375
8.1875
10.1563
8.65625
9.0625
17.3438
28.9063
33.5313
28
19.9063
20.6875
28.5625
31.8438
29.375
17
2.25
-5.96875
-15.6563
-34.8438
-52.9375
-55.875
-53.4063
-51.4063
-54.125
-60.2813
-57.2813
-43.25
-30.7813
-30.4375
-37.7188
-39.875
9.5625
9.3125
8.4375
13.0938
24.75
33.8438
33.25
24.7188
20.2188
26.5
35.5625
34.9688
27.875
15.9688
2.6875
-5.625
-18.625
-40.9375
-63.375
-72.9688
-72.8125
-64.3438
-57.7813
-59.5938
-59.1875
-48.625
-34.5938
-28.2813
-32.2188
-39.3438
8.84375
6.53125
7.5
14.8438
25.0625
29.25
24.1563
16.3438
18.3125
27.7188
33.875
31
24.0313
15.2188
6.25
-0.375
-12.8438
-29.25
-46.625
-58.4688
-60.1563
-48.0938
-36.25
-35.7813
-42.4688
-43.875
-35.875
-28.3125
-29.5313
-38.7813
4.65625
1.9375
3.9375
9.96875
14.5625
12.0313
3.375
-1.96875
2.84375
9.34375
10.4375
7.28125
2.3125
-2.28125
-5.5
-9.3125
-16.625
-22.9688
-30.5938
-41.1563
-44.25
-31.75
-18.875
-17.1563
-28.4688
-41.4063
-42.9688
-36.0313
-32.5
-39.3438
-0.1875
-2.5625
-0.53125
2.09375
-0.46875
-8.5625
-18.1563
-21.7188
-18.9063
-18.0938
-22.125
-23.9688
-24.7813
-24.0625
-21.3438
-20.1875
-19.1875
-14.7813
-11.75
-16.2188
-18.7813
-10.5938
-1.625
-1.3125
-14.5938
-34.0625
-44.9063
-43.4063
-37.5625
-39.0313
-2.09375
-2.4375
-1.4375
-4.03125
-12.3125
-23.1563
-32.1563
-35.4063
-37.8438
-44.5
-51.5
-50.9375
-48.1875
-43.9063
-36.8438
-31.5625
-23.4063
-10.8438
-0.59375
0.75
1.375
4.03125
6.25
4.8125
-6.875
-27.0625
-43.0938
-46.1563
-41.625
-37.5313
-0.78125
0.375
-0.625
-6.6875
-15.4063
-23.6875
-28.3125
-29
-32.5625
-39.6563
-43.375
-39.3125
-36.1875
-34.7813
-31.4375
-27.5625
-19.75
-8.59375
1.15625
4.65625
7.84375
10.4688
12.2813
12.5938
8.4375
-3.53125
-17.5938
-22.8438
-20.875
-16.4063
4.6875
6.1875
4.8125
-0.9375
-5.65625
-6.28125
-4.09375
0.6875
2.34375
2.75
7.0625
16.5625
20.8125
17.4063
15.875
17.3125
22.625
29.875
36.3125
40.4063
46.1563
51.0313
53.8125
55.4063
55.5625
50.4688
38.4688
28
22.0625
19.9688
11.2813
12.7813
11.4063
7.1875
6.90625
13.8438
21.8125
32.9063
42.9063
52.75
66.0625
81.625
88.0625
79.7188
72.875
71.5938
73.4375
76.6875
79.5
81.9063
89.0625
98.5625
104.25
106.188
107.063
103.844
92.7813
77.5625
62.375
50.25
-90.0938
-81.1875
-49.1875
7
65.4375
108.656
126.25
98.5625
55.5625
15.7188
-10.7188
-14.5313
-16.1563
-29.875
-43.4688
-45.875
-32.5313
-7.65625
8
8.53125
-2.59375
-19.3438
-31.3125
-37.625
-38
-31.0938
-19.5313
-5.65625
5.4375
13.2188
-100.75
-92.375
-58.7813
-0.875
59.875
105.25
126.875
105.031
66.875
28.0313
-1.96875
-12.0625
-21.0313
-39.5938
-53.9375
-55.0938
-38.6875
-11.2188
4.125
1.65625
-12.8438
-29.9063
-38.5625
-36.3125
-26.6563
-14
-0.75
9.75
15.125
18.25
-108.281
-100.031
-65.625
-7.21875
54.7188
102.281
127.875
110.938
75.4688
35.0625
-0.40625
-16.8125
-29.9375
-48.6563
-60.1563
-58.0938
-40.5625
-14.3125
-2.03125
-8.21875
-22.4375
-34.6563
-35.2188
-23.2813
-8.5625
3.8125
12.9688
17.4375
18.875
19.5625
-113.313
-105.5
-70.5625
-11.8125
51.2188
100.813
129.406
113.156
75.9375
32.9375
-6.96875
-25.0313
-36.2188
-51.8438
-60.5313
-58
-43.4063
-20.5
-10.0313
-14.6563
-22.9375
-28.5
-22.2188
-6.78125
6.59375
15.875
20.1563
20.5
19.7188
19.0313
-115.75
-109.344
-74.375
-16.0938
48.0938
99.2813
130.063
114.719
75.625
31.125
-12.4688
-32.5625
-42.3438
-54.875
-60.875
-59.2813
-47.9063
-27.4063
-14.7813
-11.875
-12.875
-15.1563
-8.6875
3.625
13.9063
21.3125
23
21
18.5625
15.6875
-117.344
-112.75
-78.0625
-19.6875
46.8438
99.4375
132.469
118.469
77.125
31.0313
-16.5
-40.7188
-51.0938
-58.9688
-61
-57.6875
-47.5938
-30.3125
-14.6875
-4.78125
0.5625
0.125
3.59375
9.65625
14.8125
19.375
19.0313
16.8125
14.1563
10.125
-118.688
-117.5
-84.0313
-23.6875
47.3438
103.875
140.25
125.313
79.6563
27.375
-26.5625
-55.9688
-66.9375
-66.1875
-59.125
-48.6875
-37.1875
-24.5625
-9.59375
4.3125
16.0625
19.5313
19.125
16.5
12.9688
10.8438
7.96875
6.28125
4.1875
1.0625
-123.063
-124.906
-92.4375
-28.875
47.5
109.875
150.719
133.125
80.125
17.9688
-44.9688
-77.6875
-82.0938
-67.875
-48.3125
-31.4063
-23.7813
-20.2188
-8.375
9.03125
28.8125
40.4688
38.2813
29.125
17.7813
7.875
1.53125
-1.9375
-4.78125
-7.625
-128.375
-133.313
-101.438
-34.5313
47.3438
115.625
160.781
138.656
76.1875
3.75
-67.2188
-97
-89.3125
-59.6875
-28.6875
-10.625
-11.1875
-19.5625
-14.4688
6.03125
34.6875
56.875
59.7188
46.625
28.25
10.6563
-1.40625
-6.625
-9.5625
-11.8125
-135.156
-143.594
-112.063
-40.75
47.0313
121.031
168.469
138.875
65.375
-15.5
-87.7813
-106.969
-83
-39.9688
-4.59375
8.59375
-3.3125
-23.4375
-24.8438
-2.5625
34.9375
68.1563
79.5625
66.2188
40.8438
14.9688
-4.03125
-11.5938
-13.6875
-14.3438
-143.438
-155.563
-123.688
-47.25
46.4688
124.813
172.094
134.156
51.5313
-32.25
-98.9375
-104.063
-66.2188
-17.375
14.75
19
-2.90625
-30.5
-35
-11.4063
33.7188
76.8438
96.1563
85.5625
53.8125
20.25
-4.71875
-15.125
-16.125
-15.375
-151.031
-167.031
-135
-54.7813
43.7188
124.188
169.969
127.438
40.9063
-40.125
-99.0313
-94.125
-49.9063
-2.25
24.5938
22.6563
-3.9375
-33.8438
-39.8125
-17.9688
31.0313
81.6563
108.219
103.313
68.2813
28.125
-2.3125
-16.2813
-16.6563
-14.6563
-156.188
-176.781
-145.813
-63.0313
38.0313
119.156
163.156
118.781
32.8438
-42.875
-94.3438
-84.1875
-38.8438
5.875
29.5625
26.8125
1.5
-28.2188
-37.7813
-22.1563
23.0625
77.875
112.25
115.938
85.2813
41.3125
6.03125
-12.0938
-14.8438
-12.4375
-158.375
-183.531
-154.313
-72.2188
27.4688
108.031
148.875
105.344
24.5313
-43.9688
-85.3438
-70.9688
-27
13.2813
33
31.9375
12.3438
-14.7813
-29.6563
-25.4375
8.40625
61.125
103.469
121.125
102.656
62.6875
24.7188
0.09375
-8.53125
-8.96875
-157.688
-186.313
-158.531
-80.0625
14.9063
91.8438
127.094
87.8438
16.4375
-39.9688
-68.5625
-52.6563
-13.6563
18.3125
32.9375
35.3438
24.0313
1.96875
-18.8438
-29.4375
-12.0625
32.1563
82.0313
117.719
117.563
89.9375
52.3125
20.0313
3.3125
-3.15625
-154.906
-185.438
-158.438
-84.5
3.65625
74.4063
103.406
70.375
12.9688
-28.875
-46.75
-33.0938
-6.0625
15.625
27.2188
35.4375
36.0625
21.3125
-4.25
-29.25
-29.8438
0.5625
53.0625
103.594
121.469
109.656
76.125
38.5938
14.8438
2.59375
-152.719
-183.219
-156.281
-86.9063
-6.34375
57.0625
80.7813
56.6875
15.1875
-12.5625
-23.4375
-17.8125
-5.5
6.53125
17.4375
34.2813
47.75
40.9688
14.6875
-21.9063
-40
-25.875
19.75
79.2188
113.594
118.188
94.125
54.6563
24.5938
7.15625
-150.844
-180.813
-153.906
-89.1563
-16.2813
40.5938
61.9688
48.5938
22.7188
5.625
-4.59375
-10.75
-12.2188
-6.34375
8.25
34.7188
58.9688
58.25
32.5625
-10.0313
-42.0313
-43.0313
-9.1875
49.6875
96.75
117.406
106.938
72.25
38.3125
15.6563
-148.969
-177.906
-151.25
-91.0313
-25.4375
26.0625
47.8438
45.9063
33.1563
22
7.71875
-11.75
-23.3438
-18.6563
2.65625
38.3438
68.1875
68.875
41.1563
-3.375
-41.7813
-52.6563
-28.1875
24.1563
77.875
112.156
115.719
90.4375
55.375
27.1875
-146.438
-174.438
-148.5
-92.375
-33.5
14.7813
39.5625
46.8438
43.5625
34.6563
13.6875
-15.625
-31.9375
-25.3125
2.25
42.9375
71.7188
67.4063
36.5938
-5.71875
-42.3438
-54.6875
-36.4063
6
59.6563
103.563
120.25
107.25
74.2813
40.8438
-143.344
-171.094
-146.188
-93.5938
-39.25
9.9375
38.5
51.2813
53.4063
41.9375
15.0625
-18.1875
-35.5938
-26.9063
1.53125
40.0625
62.3438
52.2813
23
-11.5
-37.9375
-46.5625
-33.5625
-3.34375
41.1563
89.1875
117.406
118.125
93.4063
57.75
-139.875
-168.406
-145.344
-94.375
-40.1563
12.2813
44.2188
57.9375
59.0313
42.5625
11.25
-21.7813
-37.3125
-28.25
-2.8125
29.3438
43.4688
30.8438
7.5625
-16.75
-30.5313
-32.0938
-23.6875
-4.09375
28.2813
72.0625
108.156
121.5
108.406
76.625
-136.063
-166.063
-145.375
-93.9063
-37.3125
19.3438
53.625
64.1563
60.3438
38.3125
4.625
-24.2813
-36.0625
-28.0938
-7.8125
15.3125
21.5625
8.6875
-7.8125
-20.9688
-23.625
-16.9688
-9.96875
-1.03125
20.0625
54.25
92.5938
118.281
117.906
94.5938
-133.344
-164.344
-145.75
-94.6563
-36
23.625
59.4688
68.0938
59.375
33.4688
0.0625
-24.125
-30.6563
-22.9688
-8.25
6.9375
6.59375
-6.4375
-17.625
-22.4063
-16.5938
-4.03125
1.5625
0.15625
8.28125
31.5
70.375
108.313
123.281
111.719
-132.281
-164.125
-147.563
-97.1563
-37.75
22.8438
58.75
64.7188
52.2188
24.8438
-5.3125
-23.2813
-24.3125
-16.7813
-7.75
0.5625
-5.3125
-18.4063
-25.4688
-24.0938
-10.8125
7.5
14.625
7.15625
4.21875
16.8438
52.4688
98.7188
127
126.969
-131.875
-164.375
-148.656
-98.9063
-39.2813
21
54.7813
57.5938
42.2813
16.0938
-8.25
-19.8438
-16.9688
-11.4375
-8.84375
-6.625
-16.3125
-28.5313
-32
-26.7188
-8.09375
14.9063
24.8125
16.375
6.15625
9.75
39.7188
88.7813
127.125
137.344
-128.594
-162
-147.625
-98.7188
-39.8125
19.0938
49.9688
49.2188
32.7813
9.875
-8.75
-14.625
-11.1875
-9.59375
-12.6563
-15.5625
-25.0313
-33.6563
-32.7813
-25.125
-6.4375
16.8438
27.4375
20.5625
8.25
5.0625
29.0313
77.0313
121.938
142.594
-125.281
-160.688
-149.438
-102.25
-42.4688
18.625
52.125
54.875
41.9375
20.9688
2.0625
-6.5625
-11.125
-18.0938
-25.9375
-30.25
-33.375
-29.5938
-20.2188
-11.0938
3.65625
19.3438
25.6563
19.4688
6.3125
-1.65625
16.7813
61.0313
108.875
137.094
-122.938
-160.5
-153
-107.563
-47.5313
16.8438
54.7188
64.8125
58.2813
37.1875
16.9375
1.75
-12.4375
-26.0938
-37.125
-40.3125
-34.3125
-17.3125
-0.75
8.03125
14.0938
18.7813
19.125
14.0313
4.5
-4.65625
8.53125
45.5625
89.1875
120.031
-120.781
-160.031
-156.094
-113
-55.0313
11.7188
55
73.5938
75.5938
54.75
31.8125
10.625
-11
-29.0938
-41.3125
-43.3438
-31.3125
-4.625
16.6875
24.2813
22.9375
17.0625
11
4.5625
-2.6875
-10.5938
-1.21875
29.875
68.3125
99.125
-4.83333
0
2.375
1.16667
-0.125
0.625
4.16667
7.91667
3.95833
5.04167
7.45833
9.20833
5.66667
-1.25
-0.25
-1.33333
0.458333
10.2917
24.375
37.1667
44
38.3333
25.125
9
-8.33333
-19.5417
-23.625
-18.0417
-9.375
-5.75
-5.45833
-6.20833
6.41667
4.29167
2.04167
-0.791667
-2.5
0.333333
3.66667
4.375
3
0.416667
-1.45833
-3.04167
-8.5
-13.4167
-14.8333
-12
-1.25
10.5
17.7917
20.3333
15.2083
6.125
-6.25
-18.875
-24.2083
-22.7083
-15.0833
-7.16667
-5
-6
-7.5
-4.625
14.625
5.625
0.0833333
-3.08333
-4.45833
-1.75
-2.375
-2.375
4.04167
4.08333
0.25
-4.5
-5.54167
-3.375
-6.25
-4.375
1.33333
2.875
-0.75
-9.45833
-19.75
-24.9167
-27.2083
-25.1667
-18.5833
-11.3333
-5.75
-4.25
-5.45833
-6.5
-5.625
-2.66667
14.75
7.5
2.25
-1.75
-3.875
-3.375
-5.04167
-5.75
-0.833333
-1.16667
-4.875
-7.29167
-0.416667
10.2083
13.3333
16.7083
16.5833
10.25
-0.833333
-14.2083
-23.75
-26.9167
-22.7917
-14
-6.95833
-4
-4.5
-5.75
-5.83333
-4.58333
-2.20833
-0.333333
10.875
10.5417
7.95833
3.70833
-0.416667
-2.95833
-3.70833
-6.16667
-9.41667
-12.375
-11.6667
-5.25
6.33333
18.4583
26.1667
29.875
28.375
17.9583
4.29167
-6.04167
-10.25
-10.6667
-8.66667
-4.08333
-2.08333
-3.29167
-4.08333
-3.95833
-2.66667
-0.625
2.125
5.04167
3.04167
5.625
5.70833
4.5
1.54167
-2.91667
-5.41667
-8.33333
-11.1667
-9.25
0.166667
13.0417
22
28.2083
29.875
25.625
17.4583
7.33333
-0.375
-4.58333
-3.08333
-0.333333
-0.708333
-2.33333
-3
-2.375
-1.04167
0.666667
2.875
5.83333
9.04167
11
-10.375
-7.625
-3.625
0.166667
1.41667
-2.66667
-7.41667
-6.45833
-2.5
5.375
15.0833
22.5833
24.5833
19.625
10.8333
-1.20833
-11.7917
-12.0833
-8.79167
-7.16667
-2.83333
1.16667
0.583333
-5.41667
-6.70833
-2.375
-0.333333
1.08333
4.08333
8.33333
10.4583
9.54167
-15.1667
-13.0833
-7.25
-1.41667
2.45833
0.916667
-1.83333
3.625
5.875
7.16667
2.375
-2.25
-5.20833
-17.9167
-27.0417
-33.9167
-32.5833
-24.4583
-16.875
-12.0833
-8.08333
-6.79167
-8.79167
-14.2917
-17.375
-13.625
-10.125
-6.125
-1.25
2.79167
3.875
2.16667
-11.375
-10.2083
-7.625
-2.95833
1.75
1.83333
3.08333
3.33333
-3.91667
-14.0417
-27.6667
-32.5417
-36.7083
-42.75
-41.4167
-36.1667
-26.9167
-23.3333
-18.875
-12.8333
-14
-19.9583
-24.8333
-29
-34.9167
-37.2083
-30.8333
-20.9583
-14.4583
-10.625
-8.375
-8.79167
-12.6667
-10.5833
-11.7083
-9.5
-4.54167
-2.91667
0.375
-7.41667
-15.1667
-21.7917
-22.0833
-17.9583
-22.5833
-18.1667
-11.3333
-4.625
-7.70833
-12.9167
-10.4167
-2
-7.5
-15.5
-18.3333
-19.9167
-25.75
-36.7917
-35.4583
-31.75
-31.375
-32.375
-32.6667
-32.375
-7.33333
-5.75
-8.16667
-9.83333
-7.91667
-1.83333
1.875
-2.04167
0.916667
8.95833
23.0417
23.625
17.5417
19.1667
19
15.5833
0.5
-4.58333
-2.04167
7.41667
12.0417
13.9167
19.5
26.25
26.7917
13.7083
-1.20833
-15.0417
-27.0417
-38.75
-47.5
-50.625
11.125
8.75
6.04167
1.41667
-2.625
3.70833
6.16667
10.375
19.9583
33.9167
42
32.2917
25.5833
19.875
13.3333
3.95833
-2.125
-1.5
0.208333
3.625
19.4583
30.5
38.9583
50.5833
59.4167
58.8333
39.1667
21.6667
10.125
-1.04167
-10.875
-17.125
18.7083
14.6667
12.3333
8.54167
2.20833
1.91667
2.33333
7.41667
15.9167
22.3333
18.1667
8.91667
4.875
1.25
-3.95833
-6.83333
2.79167
6.70833
5.54167
-0.708333
5.16667
14.2917
15.4167
22.125
32.9167
45
43.2917
37.5417
39
40.8333
41.4583
40.5
10.2083
8.33333
7.25
6
2.79167
-1.08333
-1.70833
2.58333
8.625
5.125
-2.08333
-4.91667
-3.16667
-2.41667
-4.54167
3.75
18.7917
23.5833
17.9167
7.375
-2.41667
-2
-6.58333
-7.375
-1.04167
9.70833
22.25
24.125
28.4583
35.125
41.3333
45.625
3
2.79167
2.75
2.91667
2.91667
1.95833
2.875
10.0833
12.0833
4.875
-0.291667
1
6.83333
7
10
21.5417
29.8333
31.3333
22.9583
11.6667
-1.29167
-7
-3.79167
-6.25
-5.20833
-0.0833333
9.54167
12.7917
8.08333
9.5
12.125
14.375
1.08333
1.25
1.33333
1.66667
2.33333
5.04167
10.9167
18.0833
14.25
7.95833
4.79167
6
7.04167
6.875
15.5
19.5
15.625
12.0417
6.29167
-4.79167
-14.3333
-16.9167
-1.75
1.54167
0.291667
4.20833
8.875
13.4583
4.70833
0.666667
0.25
0.333333
1.16667
1.16667
1
0.833333
0.625
2.91667
10.5833
9.875
2.375
-2.79167
-4
-5.04167
-12.3333
-10.0417
-2.125
-4.95833
-12.2917
-15
-13.4583
-17.875
-23.0417
-20.7083
-10.6667
-3.16667
-3.66667
-0.75
4.16667
10
8.75
2.54167
0.791667
0.791667
0.541667
0.333333
0.375
-0.0833333
-1.91667
-4
-2.58333
-10.0833
-17.7083
-21.7083
-20.2917
-18.8333
-23.0833
-20.3333
-18.125
-18.6667
-19.3333
-18.4583
-13.2083
-6.75
-6.125
-6.70833
-12.4583
-8.70833
-7.66667
-8.83333
-4.08333
1.70833
8.79167
5.33333
2.33333
2.08333
-0.875
-0.75
-0.458333
-1.20833
-3.08333
-6.70833
-11.9167
-18.9583
-24.75
-25
-22
-18.2083
-14.0833
-13.8333
-15
-12.8333
-10
-8.25
-4.875
6.75
12.375
6.58333
-4.29167
-6.33333
-3.625
-7.16667
-6.04167
-0.5
7.33333
8.20833
3.95833
2.54167
-0.458333
-0.0833333
-0.166667
-1.16667
-0.291667
-0.583333
-6.875
-12.3333
-15.2917
-11.3333
-8.58333
-7.875
-3.54167
-2.95833
-3.41667
-4.08333
-4.45833
-3.375
-0.166667
8.95833
15.5417
8.91667
0.708333
-4.625
-2.16667
-2.66667
-4.79167
0.583333
6.41667
9.5
4.75
0.375
0
0.0833333
-0.583333
-1.16667
1.75
2.5
-2.70833
-8.625
-8.04167
-3.25
-0.666667
-0.291667
2.20833
7.29167
6.875
3.83333
0.708333
1.625
7.58333
13.5833
20.5833
17.5833
9.5
1.58333
-2
-1.5
-5.45833
-4.375
0.0416667
4.41667
3.25
-2.75
-0.416667
-0.833333
-2
-2
0.208333
-1.41667
-6.75
-10.5417
-6.25
-1.875
0.333333
1.75
4.70833
10.4167
7.29167
2.91667
0.916667
5.54167
15.0417
21.625
30.9167
36.0833
29.625
19.5417
8.54167
3.625
-2.91667
-10.375
-8.75
-3.41667
0.75
-2.33333
-0.583333
-1.75
-2.45833
-0.541667
0.0833333
-3.25
-7.70833
-5
0.5
3.66667
2.66667
1.79167
3.79167
2.875
-2
-7.875
-4.5
5.20833
13.5417
18.2917
25.2917
35.5417
34
24.2917
14
7.75
3.45833
-6.08333
-7.875
-2.875
2.79167
3.83333
-1.41667
-2.79167
-1.08333
2.625
1.5
-1.83333
-1.875
4.54167
6.79167
5.04167
-0.583333
-1.45833
-0.791667
-6.25
-8.95833
-8.83333
1.5
8.83333
8.08333
4.5
2.83333
7.75
9.91667
4.375
1.08333
1.66667
5.91667
4
0
3.45833
8.33333
11.7917
-2.33333
-2.08333
1.29167
2.70833
-0.666667
-3.25
0.708333
3.91667
1.83333
-4.70833
-8.95833
-6
-6.20833
-10.625
-9.25
0.708333
8.875
6
-3.16667
-11.7917
-21.2083
-25.0417
-18.5833
-16.3333
-14.5833
-10.0833
-1.5
4.70833
0.333333
1.625
6.95833
12.0417
-0.208333
1.70833
3.29167
1.58333
-1.66667
-1.66667
3.66667
4.75
2.58333
-2.20833
0.541667
4.33333
1.625
-3.08333
-1.58333
4.875
-1.45833
-15.2917
-28.1667
-36.0417
-47.375
-55.6667
-47.3333
-35.125
-28.3333
-24.25
-17.2083
-5.66667
-4.25
-6
-2.375
3.125
5.125
7.125
6.41667
4.95833
7.25
13.75
20
25.2083
29
32.7083
38.9583
38.75
34.5417
30.2083
28.4583
23.25
7.66667
-8.20833
-19.6667
-27.0417
-34.75
-40.375
-37.875
-23.2083
-13.125
-11.2083
-10.1667
-2.875
4.58333
-1.5
-5.5
-2.91667
6.66667
7.875
6.54167
6.33333
12.5417
20.5833
23.75
29.4583
37.25
46.5
50.4583
49
48.875
50.7083
50
44.2083
37.7917
34.2083
33
31.2083
31.6667
33.1667
30.6667
34.5833
37.3333
32.625
22.5833
14.2083
15.4583
8.25
-0.791667
-3.04167
-0.791667
-2.29167
-5.125
-6.79167
-6.66667
-7.79167
-12
-15.0833
-14.3333
-12.0833
-12.875
-12.5417
-8.95833
-2.625
1
2.95833
8.83333
16.9167
25.0417
31.0417
37.2917
41.5833
40.375
35.5417
31.3333
25.875
15.5833
2.95833
-1.91667
-1.625
-4.25
-6.54167
-9.08333
-12.7917
-15.5833
-18.1667
-23.2917
-28.9583
-35.2917
-47
-60.2917
-72.5
-82.5833
-89.2083
-90.8333
-87.5
-80.875
-72.0417
-62.0833
-53.75
-46.5417
-41.9583
-39.8333
-41.9583
-45.4167
-50.7083
-53.5833
-51.9167
-50.1667
-51.2083
-51.4583
-41.125
-31.1667
-25.3333
-6.70833
-7.45833
-5.20833
-2.875
-2.25
-1
-1.70833
-13.9167
-31.875
-50.0833
-67.5
-84.0417
-94.1667
-95.2917
-90.75
-81.6667
-73.5833
-69.3333
-68
-69.7083
-74.5833
-84.25
-92.5833
-97.875
-99.8333
-97.4167
-92.625
-88.2083
-84.5417
-72.9167
-57.2083
-43.2083
1.5
4.125
8.54167
13.4583
18
22.1667
27.0833
24.75
22.5833
18.9167
14.0417
8.16667
0.583333
-2.08333
-6.83333
-10.0417
-12.8333
-15.2917
-18.9167
-21
-23
-25.9583
-27.625
-28.3333
-27.75
-28.4583
-28.2917
-25.6667
-22.4167
-19.125
-13.0417
-5.54167
38.0417
1.875
-31.75
-20.5833
-14.5
-43.125
-48.7083
8.66667
55.8333
43.2917
17.2083
-1.79167
-18.0833
-9
19.875
22.7917
-10.7917
-38.4583
-23.875
11.1667
22.125
10.9583
5.5
9.5
7.79167
-2.66667
-9.375
-9.41667
-8.25
-5.75
-2.45833
-2.95833
47.7917
4.91667
-38.7083
-28.5417
-15.875
-39.5417
-47.7083
4
48.875
40.4167
22.4167
3.33333
-20.75
-12.9167
22.7917
31.5
-5
-40.625
-27.7083
11.0833
23.7083
12.875
7.375
5.5
-3.70833
-10.9583
-9.20833
-6.16667
-5.125
-3.875
-1.75
-1.375
54
8
-42.4167
-35.3333
-17.7083
-36.125
-46.875
-0.25
44.0417
38.3333
23.5
3.625
-22.0417
-10.625
28.5
37.125
-2.54167
-42.5
-28.5
13.4167
24.625
10.9583
1.54167
-5.04167
-11.0833
-8.95833
-4
-3.5
-4.08333
-3.125
-0.5
0.208333
53.125
11.375
-41.25
-39.625
-20
-33.5
-44.7917
-2.375
37.7917
31.7083
23.5
8.33333
-16.7917
-5.41667
29.5833
36.0833
-2.41667
-42.875
-26.2083
17.5417
21.875
1.08333
-8.54167
-9.125
-6.83333
-4
-3.5
-3.125
-2.33333
-1.83333
0.166667
1.04167
49.25
16.1667
-36.1667
-41.2917
-22.2917
-31.4583
-42.0833
-6.29167
28.0833
26.75
27.9583
18.125
-7.04167
-3.04167
22.7917
29.125
-1.625
-36.7917
-24.2083
11.8333
13.875
-4.41667
-8.91667
-4.45833
-3.70833
-5.91667
-4.58333
-0.208333
0.208333
-1.75
-0.125
2.91667
42.5417
18.5
-29.1667
-39.625
-23.4583
-31.6667
-44.2917
-11.4583
28.2083
33.375
30.5417
18.6667
-3.875
-4.04167
17.5
24.5
-0.791667
-30.4167
-25.5
1.16667
9.79167
1.29167
-3.33333
-4.33333
-7.125
-8.25
-3.79167
2.41667
2.75
-0.416667
0.416667
4.875
37.125
19.375
-23.25
-36.4583
-23.3333
-33.0417
-49.6667
-16.3333
36.625
45.125
26.2083
10.3333
-0.166667
3
15.0833
12.6667
-8.79167
-26.2083
-20.1667
-2.04167
7.04167
7.29167
2.08333
-7.16667
-11.3333
-8.75
-2.33333
4.45833
5.58333
2.58333
1.20833
3.66667
32.7083
16.9167
-20.5
-33.6667
-22.9167
-35.0833
-56.2083
-19.625
45.625
51.6667
20.625
11
13.9167
8.95833
-1.41667
-9.79167
-11.7083
-10.0833
-10.25
-9.08333
-1.58333
8.33333
6.08333
-5.91667
-10
-5.75
1
5.75
5.125
2.91667
1.75
2.54167
32.125
16.0417
-20.375
-33.3333
-23
-39.2917
-65.4167
-20.7917
54.9583
56.3333
22.2083
21.7083
26.0417
1.75
-26.7917
-29.0417
-8.41667
9.79167
3.375
-14.7083
-17.5
-2.45833
9.16667
4.75
-2.29167
-0.0833333
6.41667
6.41667
1.54167
0
0.5
1.83333
35.2083
20.1667
-20.2083
-36.75
-25.1667
-44.4167
-76
-21.5417
66.4583
65.0833
29.6667
30.4167
22.1667
-17.6667
-46.2083
-35.875
1.16667
29.5833
16.5833
-18.375
-34.5
-20.25
7.29167
17.2083
7.75
5.33333
11.1667
7.625
-1.125
-3
-0.541667
2
40.4167
27.25
-19.5417
-42.7083
-28.9167
-48.5833
-85.25
-22.1667
78.2917
75.4583
36.2917
30
8.16667
-35.3333
-54.625
-32.0417
12.375
42.5417
27.5833
-17.2083
-46.7083
-38.8333
-4.625
22.125
22.1667
15.3333
13.1667
4.83333
-3.41667
-2.875
-0.25
1.125
46.625
36
-17.9583
-49.2083
-33.875
-51.1667
-90.0833
-23
84.5833
83.2917
41.375
24.6667
-5.66667
-45
-55.9167
-26.1667
20.5
48.25
34.5833
-9.75
-49.4167
-55.5
-23.6667
18.5833
36.1667
28.7083
15.6667
2.29167
-5.75
-3.79167
0.125
1.25
52.3333
46.4167
-14.6667
-55.5833
-39.5417
-53.2083
-92.6667
-24.0833
88.2917
92.2083
46.2917
15.4167
-20.75
-52.25
-51.5833
-15.0833
28.1667
46.4583
31.4167
-1.95833
-40.2083
-64.8333
-45.4583
8.125
45.7917
42.75
19.5417
0.541667
-7.375
-5.16667
0.208333
2.25
54.8333
57.4583
-9.125
-60.625
-44.8333
-54.2083
-93.3333
-25.1667
93.5
104.375
47.2917
-2.79167
-40.9167
-55.7917
-36.7917
2.625
32.2917
33.5833
18.5417
6.875
-19.6667
-61.25
-62.5833
-11.25
41.9583
51.9583
25.5
2.125
-5.16667
-4.25
-0.416667
1.75
53.5
65.1667
-2.375
-62.9583
-49.0833
-52.4167
-89
-23.9167
98.0833
108.75
35.5833
-24.375
-52.4167
-47.25
-17.625
14.1667
28.0833
16.4583
5.45833
16.6667
8.08333
-42.375
-72.5417
-39.625
22.0417
51.0417
33.2917
9.29167
-0.0416667
-1.75
-0.375
1
51.7083
67.75
1.58333
-63.3333
-50.6667
-46.9583
-78.5833
-21.5417
93.875
101.958
18.1667
-42.125
-49.7083
-26.625
1
15.25
12.125
-0.833333
-0.0833333
24.5833
30.7917
-15.0417
-70
-66.3333
-4.33333
43.3333
39.5
17.5833
4.70833
0.541667
0
-0.0416667
50.4167
67.5417
3
-62.6667
-51
-42.0833
-65.6667
-14.875
85.125
83.3333
-3.125
-47.6667
-31.3333
-3.91667
10.625
6.79167
-7.16667
-13.5
-1.33333
28.625
43.4583
10.1667
-51.5417
-78.1667
-33.9167
25.375
41.0417
27.5
11.375
2.54167
0.666667
-0.333333
49.5417
67.0833
3.625
-62.2083
-51.6667
-37.875
-50.8333
-5.33333
71.5417
55.2917
-22.5417
-39.7083
-3.08333
16.0417
8.625
-8.79167
-23.0833
-19.9583
0.166667
29.75
47.625
28.2917
-26.7083
-73.4583
-57.4167
-1.83333
32.6667
36.2083
21.6667
6.33333
1.20833
-0.916667
49.125
66.75
3.54167
-62.8333
-52.7083
-31.8333
-33.7917
1.91667
50.5
23.5
-32.875
-19.7083
25.1667
27.2917
0.25
-24.4583
-37
-23.75
7.5
32.875
44.125
36.5833
-1.66667
-55.8333
-71
-32.6667
14.9583
39.75
34.0833
12.8333
0.458333
-2.20833
48.5417
66.5417
3.70833
-63.7917
-53.6667
-25.0833
-17.375
5.04167
22.9583
-5.20833
-27.8333
7.5
44.2083
27.6667
-10.7917
-37.7083
-47.5833
-22.875
19.9583
37.3333
35.2917
33.6667
15.4583
-30
-67.6667
-58.0417
-10.2917
33.8333
42.2917
20.875
2.375
-2
48.125
66.2083
3.16667
-65.7917
-54.125
-16.75
-3.95833
0
-5.41667
-19.375
-9.16667
30.8333
48.2083
18.4167
-18.625
-42.5417
-50.1667
-17.375
30.3333
39.0833
23.9583
21.3333
19
-6.16667
-46.5
-66.5
-37.7083
16.5
43.2917
29.9167
8.75
0
47.2083
65.7917
3
-67.25
-53.2917
-10.2917
0.5
-8.91667
-21.25
-18.375
11.8333
43.625
38.0833
5.16667
-20.7083
-40.4583
-44.4583
-7.33333
35.7917
36.875
13.4167
2.95833
10
11.0417
-17.4583
-57.75
-57.4167
-8.75
35.375
38.8333
18.375
2.91667
45.6667
64.875
3.66667
-66.0417
-50.6667
-7.625
-3.20833
-19.25
-26
-5.83333
30.5417
42.1667
19.5417
-2.5
-15.75
-35.625
-35
4.70833
36.7917
29.1667
3.79167
-12.4583
-5
16.9167
10.875
-35.5
-64.1667
-34.5833
17.375
40.75
28.9167
9.45833
43.5833
63.5833
5.91667
-62.375
-48.625
-8.83333
-11.125
-29.0833
-22.5833
12.6667
43.2917
32.1667
0.583333
-5.75
-5.70833
-27.2083
-26.375
12.8333
33.7083
18.875
-4.16667
-21.25
-17.2083
12
26.4583
-7.08333
-52.9583
-53.375
-8.125
32.2083
36.0833
19.4167
40.2917
62.4167
11.1667
-56.6667
-49.5417
-16.75
-20.9167
-30.5833
-10.9167
29.1667
47.7917
18.5
-14.3333
-5.625
3.875
-18.4167
-17.75
17.75
27.8333
9.08333
-9.20833
-26.2917
-27.2083
3.66667
31.5417
17.0417
-29.125
-59.4167
-36.4167
14.625
39.9583
30.6667
37.9167
61.0833
15.1667
-51.1667
-50.6667
-24.6667
-27.2083
-27.5
0.333333
37.7917
44.0417
6.33333
-22.375
-3.58333
11.4167
-11.25
-11.9583
19.4583
22.9583
2.58333
-12
-26.5417
-31.0833
-5.125
30.5417
34.375
-6.58333
-56.0417
-57
-8
35.75
40
37.125
60.5
17.2917
-47.2917
-50.875
-30.125
-29.875
-20.9167
9.875
38.0833
33.5833
-4.75
-24.3333
1.95833
16.7083
-6.625
-7.83333
18.7917
16.8333
-4.04167
-12.875
-20.875
-27.125
-11.8333
21.125
39.6667
11.4583
-44.5
-64.9167
-29.125
22.125
43.9583
37.2917
60.5
18.0417
-44.9167
-51.4583
-34.6667
-28.625
-11.6667
15.25
31.75
20.8333
-10.625
-17.875
7.83333
15.5
-4.04167
-3.33333
14.2083
7.75
-8.66667
-10.4583
-11.3333
-17.9583
-14.7917
8.95833
35.5
22.8333
-29.5417
-64.5417
-46.375
5.08333
42.5833
35.9583
60.0833
20
-44.0417
-54.0417
-35.1667
-22.125
-3.95833
14.7917
21.9167
11.375
-7.79167
-8.83333
6.875
10.625
0.833333
-0.166667
4.66667
-1.33333
-7.95833
-4.83333
-3.04167
-8.125
-13.0833
-2.79167
24.375
27.2083
-14.2917
-56.2917
-56.75
-12.875
36.2083
34.0417
59.4583
23.0417
-42.0417
-55.2917
-33.5833
-17.9167
-6.5
3.95833
12.625
13.1667
3.91667
-0.333333
4.5
7.625
7.33333
3.04167
-9.25
-15.9167
-5.95833
3.91667
2.41667
-1.91667
-6.08333
-4.33333
14.2083
23.3333
-5.83333
-46.7083
-56.625
-20.6667
29.6667
32.4167
59.0417
25.9167
-39.625
-54.25
-29
-14.8333
-17.7917
-14.25
8.41667
22.875
14.5833
3.95833
2.20833
8
14.5833
3.66667
-23.5833
-28.875
-3.95833
12.5417
8.75
2.29167
-1.375
-0.958333
7.45833
11.75
-3.58333
-31.2917
-45.7917
-23.4583
20.6667
29.875
58.75
30.2917
-36.2917
-53.125
-25.9583
-14.9167
-29.5
-29.9167
7.41667
34.1667
22.0417
5.45833
1.79167
9.79167
22.3333
8.04167
-34.9167
-44.1667
-4.625
20.875
13.6667
3.625
-0.208333
-0.125
4.66667
6.58333
-2.66667
-19.7917
-32.5
-22.2917
10.3333
8.88889
4.12963
-2.66667
-7.33333
-3.64815
-3.55556
-5.85185
-5.87037
-2.96296
3.2963
7.42593
11.3148
14.4259
9.12963
5.33333
3.05556
-2.38889
-9.31481
-16.7037
-22
-25.037
-27.9259
-27.4815
-23.7407
-18.8519
-12.9444
-7.81481
-4.09259
9.88889
4.59259
-3.5
-10.0741
-9.44444
-9.03704
-8.14815
-4.2037
2.55556
11.7593
18.0556
22.8333
24.5185
17.537
11.7778
6.77778
0.037037
-7.88889
-16.3889
-22.3333
-25.1296
-25.463
-21.3148
-15.0185
-8.75926
-3.7963
-0.574074
0.962963
5.81481
2.77778
-3.48148
-8.92593
-10.8704
-8.2963
-2.22222
5.40741
12.7407
19.7037
23.4444
26.1667
27.3704
24.3519
18.2778
9.5
1.24074
-5.94444
-12.5
-15.3704
-15.8704
-15.537
-12.3148
-7.09259
-1.42593
2.11111
4.12963
5.55556
-1.5
-2.16667
-4.81481
-5.5
-7.14815
-3.98148
2.24074
8.14815
11.2037
11.6852
11.7778
11.7963
10.2222
10.6667
6.74074
-1.92593
-8.88889
-13.4444
-15.7407
-15.3333
-12.9444
-10.8519
-10.1481
-8
-3.09259
0.351852
3.64815
6.77778
-9.81481
-8.09259
-5.96296
-1.5
-2.59259
-1.59259
-0.574074
0.185185
-1.55556
-6.61111
-10.3519
-13.6111
-18.1296
-15.7593
-15.6296
-18.7407
-23.2593
-26.7037
-27.2593
-25.2593
-21.4259
-18.0185
-18.6852
-19.5926
-17.1852
-12.6667
-6.81481
-1.14815
-14.2963
-12.8704
-7.38889
-1.35185
-2.88889
-6.61111
-11.3889
-14.7037
-19.0926
-26.7407
-30.963
-35.9259
-41.1111
-38.2037
-32.5556
-27.7037
-30.2778
-34.4074
-35
-34.1667
-32.1481
-29.1111
-30.1852
-34.2037
-37.463
-34.1667
-27.5556
-21.9815
-13.8889
-13.7593
-7.57407
-4.27778
-5.24074
-8.72222
-11.6667
-14.7037
-19.1667
-25.6481
-28.2778
-32.6852
-34.8704
-33.2037
-28.037
-21.5185
-22.3519
-24.9259
-25.1481
-25.9815
-27.6111
-27.3148
-28.6852
-34.5926
-44.2963
-46.4074
-44.963
-44.3704
-8.01852
-8.55556
-4.87037
-4.96296
-1.7037
0.777778
4.61111
2.90741
-1.81481
-6.44444
-7.53704
-9
-8.31481
-11.8704
-14.1481
-12.3333
-6.64815
-0.759259
3.62963
3.83333
0.351852
-2.01852
-3.2037
-8.35185
-20.8519
-32.2963
-41
-48.7037
1
1.51852
1.57407
0.240741
7.72222
17.4444
24.5741
22.4815
17.5741
15.8519
15.3889
17.2778
18.5185
8.96296
-2.94444
-6.25926
7.5
23.0185
31
32.9259
30.5926
28.3889
29.7593
29.5556
22.5
6.74074
-8.92593
-20.463
8.72222
10.2963
8.09259
8.22222
16.9259
26.4074
29.0926
25.2407
21.5926
23.1481
23.037
27.2407
27.6481
15.2963
1.40741
-1.98148
13.9815
32.963
41.1111
43.8148
43.1852
41.963
46.5926
53.1111
55.963
45.7407
31.6296
23.3704
11.463
13.0185
11.2963
14.1481
19.6481
22.463
18.2037
14.7593
15.2222
20.6111
22.5
26.9444
25.7407
16.8148
8.7963
8.12963
16.1296
27.3519
31.3889
31.5185
30.8889
30.7037
36.2963
46.7037
57.6667
59.5
53.9444
51.2222
9.07407
10.7222
12.2778
17.8704
19.0926
13.963
6.68519
5.98148
10.8889
18.7407
22.1111
23.0926
18.463
15.537
16.9815
17.6296
14.1667
13.7037
14.6481
12.8148
11.963
12.7963
16.2963
24.8148
37.2963
47.963
50.3333
48.9815
5.2037
7.31481
12.7778
18.8148
15.1296
6.01852
0.037037
2.40741
9.51852
17.3704
20.2222
14.3519
5.62963
9.11111
17.1481
17.2037
6.51852
-3.2963
-3.48148
-4.12963
-2.2037
1.61111
2.33333
5.51852
14.6667
26.7037
33.3148
29.7778
1.75926
3.81481
11.0185
13.2963
5.75926
-3.42593
-6.85185
-3.90741
1.18519
5.7963
5.7037
-5.85185
-13.7778
-6.16667
4.55556
4.27778
-6.72222
-18.1111
-18.2963
-14.1852
-7.38889
-1.33333
-1.72222
-3.09259
1.68519
11.2222
19.2407
16.6481
-0.666667
-0.5
3.88889
0.518519
-9.14815
-16.0741
-17.2037
-15.3704
-13.6296
-13.6481
-16.4815
-26.537
-27.8704
-17.9444
-8.25926
-7.35185
-15.3148
-24.4259
-24.963
-16.7593
-6.96296
-1.51852
-2.11111
-4.96296
-4.25926
2.37037
10.7037
12.5185
-1.90741
-3.68519
-4.75926
-12.7593
-21.5741
-24.6852
-23.7778
-23.4074
-24.4815
-28.8889
-33.0926
-35.3704
-27.7963
-17.9444
-11.7037
-9.38889
-12.7037
-18.3889
-19.6852
-11.463
-2.94444
-0.351852
-0.944444
-3.40741
-6.03704
-2.92593
4.83333
11.7963
-1.51852
-3.75926
-9.96296
-19.1111
-24.9444
-24.1111
-20.6111
-20.1667
-22.1667
-28.3519
-32.1481
-25.7963
-13.4815
-5.44444
-2.7963
-0.166667
1.07407
-1.74074
-4.16667
-0.592593
3.66667
4.72222
3.96296
1.25926
-4.62963
-6.68519
-1.37037
7.16667
-0.240741
-1.98148
-10.3148
-18.463
-20.3519
-15.8148
-10.3889
-9.64815
-12.4259
-18.1296
-20.2407
-10.4259
2.03704
7.46296
7.81481
10.5556
17
18.1667
14.1296
11.9259
11.8519
13.1111
12.2222
7.37037
-1.48148
-9.09259
-7.72222
0.111111
0.759259
-1.05556
-9.2963
-14.7407
-12.7778
-6.46296
-1.03704
-1.05556
-5
-8.51852
-8.14815
1.25926
10.9074
13.9259
14.2222
17.8333
28.4259
35.2593
30.9815
24.8519
21.3889
21.8889
20.5556
13.4815
3.51852
-7.01852
-10.7963
-5.61111
1
-2.25926
-8.77778
-10.1296
-5.40741
1.14815
3.40741
0.796296
-4.2037
-5.44444
-1.98148
5.38889
10.9074
11.9444
11.7593
16.5926
28.1852
39.2407
37.8704
30.6296
24.3889
21.8519
20.5741
15.463
8.44444
-0.314815
-8.11111
-7.12963
0.444444
-4.12963
-7.66667
-5.25926
0.203704
4.05556
1.27778
-3.75926
-8.14815
-7.42593
-1.61111
3.88889
5.01852
3.55556
2.48148
6.31481
13.7778
23.8333
27.6111
21.2407
12.4074
6.46296
7
9
9.75926
6.74074
-1.16667
-4.92593
0.296296
-3.40741
-2.55556
2.64815
6.77778
6.40741
0.648148
-3.75926
-5.2963
-3.59259
2.03704
3.66667
-1.22222
-6.7963
-10.4259
-11.5741
-13.8889
-11.037
-4.5
-8.75926
-17.8333
-23.6296
-19.5556
-8.25926
1.5
6.51852
3.40741
-2.31481
1.94444
1.94444
7.77778
14.3148
17.0741
13.8333
10.1111
10.4444
13.6667
16.0185
18.6852
15.0741
5.44444
-3.87037
-9.40741
-16.7593
-27.8519
-34.5
-30.0556
-30.7222
-36.7222
-39.8148
-34.5
-20.3333
-6.59259
2.59259
5.66667
1.2037
5.75926
11.1481
20.1667
27.6111
29.7037
26.6852
28.537
34.7407
41.5741
43.7963
41.6852
33.5185
21.2407
10.7778
4.09259
-6.74074
-21.4815
-32.7778
-34.3148
-31.6296
-31.2407
-30.7963
-27.8519
-18.5926
-7.57407
1.24074
6.7037
5.62963
4.75926
11.5741
18.9444
24.1667
25.8889
25.6852
31.4815
40.3704
48.1667
50.5926
47.5185
41.2037
34.2778
29.1667
25.5926
18.7222
10.3333
2.2963
-1.94444
2.14815
6.24074
6.66667
3.11111
1.2037
3.74074
6.38889
8.7037
8.18519
-1.40741
2.38889
2.98148
1.2037
-1.87037
-3.59259
-1.90741
0.814815
2.2037
1.22222
-2.40741
-3.48148
-2.2037
0.12963
1.72222
2.09259
2.42593
1.75926
-2.01852
-0.0925926
3.09259
2.24074
-3.83333
-12.3889
-15.5926
-15.1481
-13.8519
-11.1481
-9.81481
-11.3889
-17.4444
-27.4815
-35.8333
-40.5185
-46.463
-53.1667
-60.0926
-65.537
-68.5741
-64.963
-56.4444
-48.7963
-43.3889
-37.6296
-31.0556
-26.7222
-27.2407
-29.1111
-31.3704
-34.6667
-40.6481
-49.463
-54.3519
-53.1667
-49.0556
-42.6296
-6.57407
-9.16667
-16.0556
-28.963
-40.5185
-48.7963
-61.0556
-75.7963
-90.0556
-101.148
-107.87
-106.463
-99.0185
-93.4259
-89.5
-84.7593
-79.4815
-76.2407
-76.5926
-80.8519
-86.5
-89.7037
-90.5926
-93.2963
-94.2037
-88.0556
-77.463
-64.7778
-45.7778
-64.7037
-70.3889
-62.8889
-27.537
18.6111
56.9259
55.5741
34.2037
10.0185
8.98148
20.5926
24.1481
0.962963
-31.3889
-41.2222
-19.3333
10.6852
23.5741
18.1667
6.40741
-4.53704
-12.9815
-16.5741
-13.963
-8.27778
-3.64815
-1.31481
-46.4444
-66.2407
-71.7222
-66.1852
-31.5
15.5185
58.6852
60.8519
40.2778
12.4815
7.5
16.3333
20.3519
-0.296296
-29.9444
-38.5
-16.5185
13.5
24.7778
14.6667
-3.24074
-16.0741
-19.537
-14.963
-6.87037
-1.12963
0.87037
0.407407
-46.6296
-67.1667
-73.2593
-68.6481
-33.7037
15.9815
60.6111
64.7407
41.8519
13.1481
4.77778
12.0556
15.9815
-0.203704
-24.1667
-31.5556
-13.7593
9.22222
17.0556
5.90741
-9.59259
-18.6481
-17.1481
-9.42593
-1.42593
2.77778
2.90741
1.27778
-46.6111
-68.4444
-75.4259
-71.4444
-36.2593
14.8519
59.1852
66.5926
46.4259
21.9074
7.72222
6.57407
5.77778
-2.05556
-15.037
-21.9259
-15.8889
-5.38889
2.2037
-0.388889
-5.44444
-10.6852
-8.98148
-4.16667
1.12963
2.85185
2.09259
1.38889
-45.6481
-70.6481
-79.7407
-77.5556
-39.8704
14.7407
62.2593
72.2963
53.8889
30.2222
7.87037
-2.77778
-7.68519
-5.53704
-6.68519
-12.463
-18.2593
-20.0926
-13.037
-4.7037
2.01852
2.31481
2.03704
2.46296
2.81481
1.44444
-0.37037
0.740741
-42.8519
-73.7037
-86.1667
-86.3519
-43.7222
16.6111
70.8889
80.8519
61.463
32.8704
4.25926
-14.4259
-21.2778
-12.037
-2.05556
-1.98148
-13.6667
-26.1852
-26.2222
-12.5556
3.90741
12.2778
11.4259
8.57407
5.37037
2.72222
0.222222
1.2963
-40
-76.6481
-92.5741
-94.9444
-48.0741
19
81.3889
93.0185
69.3889
31.5741
-6.11111
-30.0741
-34.4815
-15.5926
5.46296
10.8704
-5.24074
-28.3148
-37.8148
-25.0926
-0.777778
17.0185
20.6481
15.7407
9.37037
4.81481
1.75926
1.7963
-37.8519
-79.6111
-99.037
-102.796
-51.4259
23.5556
93.7222
105.796
73.7407
24.3333
-21.9815
-45.7222
-43.4259
-14.1481
14.9074
23.1667
4.07407
-27.3148
-46.0926
-38.8889
-10.9259
16.5926
28.7963
25.8148
16.037
7.53704
2
0.851852
-36.8333
-83.5926
-105.759
-110.037
-52.6667
31.2222
108.463
115.926
70.6296
8.12963
-40.8333
-56.8333
-43.2593
-5.7037
25.3889
31.5741
8.94444
-26.3704
-51.5556
-50.1296
-23.1296
13.5556
35.537
37.6667
23.5
9.7963
0.685185
-0.740741
-36.9444
-88.3148
-112.352
-115.389
-51.1852
41.0185
120.204
118.185
59.037
-10.1296
-53.6852
-58.4815
-35.6852
4.24074
32.0741
33.7407
9.53704
-24.8704
-52.8889
-57.5185
-35.037
7.62963
39.3704
48.0556
30.963
12.0741
-0.148148
-1.62963
-37.0926
-92.2593
-116.759
-116.185
-48.1852
47.0741
120.87
111.704
46.3333
-18.3333
-54.7778
-53.8333
-31.6481
5.59259
31.1296
34.0741
13.463
-17.8148
-49
-61.6481
-46.1667
-2.35185
37.5185
53.7593
38.3889
16.0556
0.5
-2.16667
-36.5926
-95
-117.889
-113.63
-45.0185
46.2963
113.852
101.204
38.1111
-19.6481
-49.7778
-47.5185
-29.9815
1.25926
24.7593
32.6852
20.1111
-6.40741
-40.5185
-61.7963
-54.9815
-14.6481
29.2963
53.0926
43.5741
21.6852
3.55556
-1.2963
-34.7407
-96.2407
-116.833
-108.685
-40.7037
43.3519
104.704
89.1852
30.9074
-21.963
-44.7778
-40.7037
-26.3148
-4.05556
14.9259
27.9259
26.6852
8.75926
-26.3704
-55.5741
-61.3148
-29.6667
12.3333
44.2407
45.1667
29.9815
11.3704
2.61111
-32.4074
-95.2963
-113.259
-99.9259
-34.6852
39.9074
90.6481
72.3704
20.7963
-22.7593
-35.7407
-30.4074
-21.0556
-10.0556
3.55556
20.6667
32.2778
26.1111
-6.18519
-44.0185
-65.9444
-48.7222
-11.7778
27.8519
42.963
39.0556
22.9074
9.53704
-31.5
-92.6667
-106.722
-87.8704
-28.9815
33.9815
71.2407
53.8519
11.5926
-17.3148
-21.9815
-17.3148
-17.537
-18.2778
-9.81481
11.2593
35.2963
41.1852
15.6481
-28.1481
-63.7407
-63.1296
-33.9444
8.31481
35.6852
43.4259
32.4259
16.0185
-31.2963
-89.463
-99.3148
-76.2037
-24.6852
25.3148
51
37.1481
8.40741
-6.16667
-6.2037
-7.48148
-18.7963
-28.6111
-22.2593
2.83333
35.463
50.7778
33.037
-9.90741
-53.6111
-67.4074
-50.7222
-11.5185
23.0185
41.963
38.2222
22.6296
-31.7963
-86.2037
-91.0741
-65.5
-22.6667
13.8333
32.1111
25.2222
12.2222
7.87037
7.74074
-3.2963
-24.0926
-38.5556
-30.463
-0.833333
35.6296
54.4815
41.2778
2.90741
-41
-63.1667
-59.3704
-29.1852
6.42593
34.7593
40.963
30.1111
-32.0741
-82.3148
-83.1481
-56.7407
-23.463
2.24074
16.3333
19.0185
18.6296
20.6481
16.8704
-2.7037
-30.6296
-46.1481
-33.2407
2.27778
38.8889
53.7222
39.6852
6.75926
-30.0926
-54.3333
-60.5556
-42.8519
-10.7593
23.6852
41
37.5
-31.0185
-78.0556
-77.0185
-51.6296
-26.5556
-8.18519
5.01852
17.3333
25.6111
30.6481
21.9074
-3.46296
-35.9815
-49.8519
-30.7222
9.55556
42.4259
47.7593
30.5926
4.12963
-20.8333
-41.9444
-54.6667
-50.6296
-26.8148
8.59259
35.7593
41.9444
-28.8889
-74.8704
-74.1111
-51.0741
-30.6852
-15.7963
0.351852
19.5741
32.2963
35.8889
23.2963
-3.55556
-35.7037
-46.7222
-24.9074
14.2593
40.0185
36.7407
18.3704
-0.425926
-14.1111
-28.7037
-44.0926
-50.3704
-38.2222
-7.7037
24.3889
40.8148
-26.0556
-74.0741
-76.5556
-54.4815
-32.963
-16.1667
3.33333
24.5185
36.6852
35.7963
20.3333
-4.94444
-31.537
-38
-16.8519
15.8704
32.8333
23.7222
5.88889
-6.14815
-9.53704
-16.2593
-29.9444
-44
-43.963
-23.2593
8.94444
34.1852
-23.4815
-73.1852
-78.7222
-57.463
-35.1111
-15.537
6.87037
29.5185
38.7593
32.5185
14.3704
-7.16667
-26.3333
-28.0741
-9.2037
16.4815
26.2778
13.6852
-3.94444
-11.5926
-5.94444
-3.40741
-13.1111
-34.3704
-47.6667
-39.4259
-9.75926
23.0185
-21.8889
-71.6111
-78.2222
-58.5185
-36.8704
-15.2222
10.5556
33.7222
37.8333
25.2963
6.35185
-8.53704
-19.3333
-17.5926
-2.57407
16.1296
20.3148
5.5
-12.1111
-17.8333
-5.61111
5.68519
2.16667
-22.9444
-47.8704
-52.2407
-27.6667
10.1481
-20.4074
-70.0185
-77.7778
-59.8889
-37.5741
-12.7593
15.9815
36.5741
34.0741
16.2407
-0.925926
-8.42593
-12.1481
-8.22222
2.87037
15.6481
15.4074
-0.944444
-18.9259
-24.5741
-8.68519
10.7037
15.1481
-9.81481
-44.463
-61.4815
-43.463
-2.53704
-18.4074
-67.9259
-77.3889
-60.3889
-36.3889
-8.25926
21.037
36.9259
27.9444
7.53704
-5.48148
-5.51852
-4.05556
-0.166667
5.92593
13.1667
10
-5.48148
-22.3333
-28.5185
-13.4259
10.0556
22.2778
2.7037
-36.1481
-64.1667
-55.463
-15.537
-13.6296
-64.6111
-79.2407
-64.9074
-40.7593
-8.87037
20.8148
36.3704
25.3704
7.55556
-1.40741
3.74074
6.2963
5.51852
2.27778
1.31481
-1.90741
-10.1852
-19.0741
-24.2037
-13.3519
7.85185
25.2778
12.8889
-25.3148
-62.2037
-62.9074
-25.8148
-7.87037
-61.6667
-81.8333
-70.0926
-46.0556
-13.7963
16.537
33.5
26.6852
12.5741
6.75926
13.3148
14.9444
8.09259
-6.22222
-15.0185
-15.8333
-11.6111
-9.01852
-12.1667
-8.7037
4.22222
21.963
16.9259
-14.3519
-53.9444
-63.1667
-33.0185
-3.01852
-59.2222
-82.6111
-72.7407
-50.2963
-22.2963
8.16667
29.037
31.5556
20.5741
14.7963
19.0926
20.6481
9.2963
-14.6667
-30.4259
-27.2037
-9.7963
3.35185
1.48148
-2.5
1.51852
16.5185
17.3704
-5.37037
-43.2222
-59.9074
-39
34.6667
40.6111
29.3333
11.9444
2.16667
1.61111
5.16667
0.333333
-9.22222
-13.7222
-8.83333
3.66667
3.72222
-5.27778
-11.9444
-7.44444
1.27778
4.72222
8.55556
22.6667
42.1111
50.9444
37.4444
5.94444
-25.1111
-40.3333
-36.4444
-24.0556
-13.2222
-8.66667
-8
-11.5556
30.7222
34.8333
28.5
13
3.22222
0.833333
8.55556
8.44444
-3.16667
-16.1111
-19.4444
-4.33333
-0.888889
-8.22222
-17.5
-9.77778
11.1667
31.5
44.6111
49.0556
39.7222
17.8333
-10.2222
-32.5556
-39.8889
-32.8333
-19.5
-9.38889
-6.83333
-9.05556
-11.8333
-12.0556
15.6667
20.3333
22.3889
13.3333
6.38889
3.38889
11.0556
12.0556
0.666667
-14.5556
-23.0556
-14.7778
-11.7778
-12.6667
-13.8889
-0.5
25.1111
47.6667
55.8333
42.7778
14.6667
-14.9444
-33.7222
-36
-26.7778
-14.2222
-7.22222
-6.33333
-10.1111
-13
-13.1111
-6.55556
-7.05556
0.555556
11.7222
11.7778
9.66667
7.33333
10.8889
9.11111
0.555556
-12.3333
-23
-26.7778
-19.3333
-3.16667
13.8333
24.2222
29.3889
29.5556
25.3333
12.3333
-6.16667
-21.2222
-25.1667
-17.5556
-8.27778
-4.5
-7.44444
-11.6667
-13.2778
-10.8889
-6
3
-17.4444
-15.1667
-2
6.44444
10.0556
9.72222
8.5
2.94444
-4.88889
-12.1667
-16.3333
-18.1667
-3
21.6111
37.9444
31.2222
11.6111
-5
-12.2222
-15.3333
-13.7778
-10.2778
-5.55556
-1.38889
-2.11111
-6.77778
-13.6111
-15.1667
-10.3333
-2.5
3.94444
9.66667
-16.5556
-22.3889
-12.7222
0.277778
8
7.88889
1.83333
-6.72222
-10.8333
-8.88889
-0.111111
7.94444
26.5556
42.8889
41.6667
16.3333
-15.1111
-32.1667
-32.5
-25.7778
-13.5556
-2.44444
5.55556
4.94444
-2.66667
-12.1667
-16.8889
-12.6111
-1.33333
8.27778
12.3889
11.7778
-4.38889
-16.2778
-13.9444
-2.94444
5.77778
4.66667
-5.61111
-14.3889
-12.0556
4.44444
24.5
37.3333
43.5
38.6111
16.4444
-15.1111
-36.8889
-34.4444
-21.8333
-16.7778
-14.1111
-7.38889
4.22222
4.55556
-4.72222
-13.8889
-12.4444
-2.72222
9.05556
15.2778
15.1667
11
9.66667
0.611111
-4.66667
-1.11111
4.5
0.0555556
-13.8333
-19.2778
-7.5
20.2222
34.6667
40
32.5
21.1667
-6.72222
-34.8889
-43.3333
-21.8333
3.22222
3.61111
-10.9444
-20.1667
-11
-6.72222
-6.16667
-5.61111
4.44444
13.6111
17.2222
16.2778
14.1667
10.5556
17.3889
19
11.3889
6.33333
4.94444
-3.44444
-17
-20.1111
-7.11111
17
19.1111
23.8889
19.6111
18.9444
-9.61111
-38.7778
-44.9444
-13.0556
23.5
26.1667
-3.88889
-36.5556
-42.1111
-29.8333
-8.72222
11.2778
27.9444
33.0556
25.3889
16.2778
11.1111
9.72222
15.5
28.6667
27.6111
17.8333
8.83333
-6.22222
-17.3333
-23.5556
-12.7778
-2.27778
0.5
13.5
24.5
25.7222
-7.77778
-39.8889
-43.1111
-8.11111
32.0556
42.5556
7.55556
-42.0556
-70.7778
-55.1111
-17.1667
19.4444
37.5
38.2222
25.6667
13.0556
6.61111
7.5
4.5
24.2778
36.2778
28.1111
15
-4.77778
-12.6667
-24.6111
-18.0556
-13.6111
7.33333
27
33.8333
11.8889
-23.8889
-42.9444
-34.3889
-6.44444
23.8889
44
23.3889
-23.4444
-71.2222
-67.3333
-31.6111
7.72222
22.6111
21.3889
13.1667
5.55556
0.722222
1.05556
-6.16667
11.6111
33
30.7778
18.6667
0.333333
-5.33333
-17.2778
-11.9444
-2.16667
31.2778
38.7778
19.3333
-29.2222
-51
-40.8889
-14.5556
0.444444
10.4444
31.8889
39.6667
18.7778
-30.3333
-55.4444
-47.6667
-23.1667
-11.1111
-9.44444
-8.44444
-6.33333
-5.38889
-5.55556
-11.6111
-0.5
19.8889
23
15.3333
5.44444
2.05556
-3.16667
1.88889
20.7778
46.6111
31.4444
-17.5556
-66.9444
-61.6667
-21.7778
11.4444
8.55556
-4.66667
6.33333
40.3889
54.4444
22.6667
-28.3333
-54.2222
-45.6111
-31.6111
-24.3333
-20.3889
-13.6667
-9.22222
-10.2778
-10.0556
-6
6.38889
11.8333
8.55556
7.72222
6
10.6111
19.2222
38.9444
41.1667
2.16667
-51.8333
-75
-42.9444
7.11111
32.1667
14.2222
-18
-24.5556
17.8333
63.0556
60.0556
7.05556
-45.5556
-52.4444
-37.8889
-21.3889
-15.9444
-10.8889
-7
-7.44444
-6.55556
-6.11111
-1.16667
3.61111
3.16667
8.38889
9.88889
24
34.0556
43.2778
17.6667
-29.9444
-63.0556
-49.6667
-5.05556
31.2222
34.8889
6.16667
-33.7222
-49.9444
-14.0556
46.5
71.8333
38.7222
-20.6111
-45.5556
-37.2222
-16.7778
-7.33333
-4.77778
-3.38889
-3.61111
-3.05556
-3.83333
-2.94444
0
0.888889
11.1111
19.7222
41
44.1667
31.1667
-16.6667
-55.8333
-54.8333
-11.6667
31.7222
41.7222
18.6111
-17.2778
-49.2222
-58.6111
-31.2778
25.6667
71.5
65.1111
13.8889
-35.0556
-42.9444
-25.1111
-6.27778
-0.777778
0
0.111111
-1.33333
-2.11111
-2.77778
-1.61111
-0.777778
13.1667
31.5556
56.8889
46.3889
6.55556
-52.1111
-68.6111
-34.5
24
54.1111
36.6667
-8.77778
-45.3889
-56.5
-47.8889
-27.3889
10.6667
62.2778
79.9444
48.6111
-16.0556
-46.1667
-40
-15.3889
-2.38889
0.833333
0.944444
-0.388889
-1.22222
-2.66667
-3.05556
-3.5
11.3333
37.2778
60.3889
38.4444
-20.7778
-72.5
-66.2778
-12.5556
42.0556
55.7222
23.6667
-25.3889
-53.8889
-45.4444
-27.2222
-16.4444
-2.22222
41.6667
78.7778
72
12.7778
-37.5
-47.7778
-26.4444
-5.72222
2
2.05556
-0.388889
-1.16667
-2.33333
-3.77778
-6.44444
5.05556
30.9444
49.2222
23.6667
-36.1667
-70.7222
-47.9444
8.61111
44.8333
41
6.88889
-26.5
-38.8333
-23
-8.44444
-11.1111
-14.2222
13.6111
62.1667
79.9444
43
-16.2222
-45.2778
-34.6667
-11.1111
1.11111
0.777778
-1.16667
-1.72222
-2.11111
-3.88889
-7.27778
0.944444
21.3333
30.4444
4.27778
-40.7222
-52.2222
-19.7778
23.6111
35.2222
18.3333
-6.83333
-16.6111
-13
-0.111111
3.94444
-8.27778
-22.2778
-12.6111
32.1667
71.5
65
14.0556
-31.3333
-38.6111
-20.7778
-6
-3.38889
-1.5
-1.77778
-2.38889
-5.11111
-6.94444
1.33333
14.8333
11.6111
-15.3889
-38.7222
-24.7778
11.8889
33.6667
19.8889
-4.55556
-15.5
-6.33333
8.33333
16.5
15.8333
1.16667
-21.8333
-32.4444
-6.05556
45.8889
70.5
43.3889
-9.27778
-38.1111
-33.7222
-18.2778
-8.61111
-2.16667
-2.77778
-4.27778
-6.16667
-3.94444
5.33333
10.1111
-6.33333
-29.7778
-29.4444
6.55556
37.3333
32.8889
-0.111111
-22.6111
-18.1111
1.66667
22.6111
32.4444
33.8889
19.6667
-13.6111
-46.1667
-45.2778
4.94444
57.3889
61.3333
15.6667
-33.0556
-45.1667
-30.1111
-10.4444
-2.66667
-4.5
-6.77778
-6.11111
0.555556
8.44444
2.38889
-21.1111
-33.7222
-11.0556
32.6111
45.8889
17.2778
-20.5
-30.6111
-11.3889
12.5556
36.5
49.6667
51.2778
34.6667
-4.38889
-49.6667
-71
-37.7778
27.4444
61.3889
36.3333
-19.1111
-47.6667
-37.2222
-12.7222
-4.55556
-7.88889
-8
-1.05556
8.27778
8.27778
-10.4444
-30.8889
-26.1667
12.2778
43.1111
34.3333
-8.11111
-32.0556
-24.5556
4.05556
26.7778
47.6667
57.8333
51.7222
30.5556
-0.277778
-37.6111
-67.4444
-61.5556
-8.27778
45.2222
49.8333
5.61111
-36.8333
-40.6667
-20.2778
-7.05556
-10.8889
-6.38889
6.88889
13.6111
1.33333
-24.3333
-32.8889
-10.6667
27.1111
35.1667
10.3333
-25.8333
-28.2778
-8.27778
20.1667
38.5556
50.7778
48.6667
29.0556
7.83333
-4.05556
-14.3333
-39.2222
-55.1111
-33.0556
24.3889
55.9444
35.4444
-15.0556
-40.8333
-32.5556
-7.66667
-10.2222
-2.44444
12.1111
12.8889
-6.11111
-26.7222
-20.6667
7.05556
26.7222
13.8333
-11.9444
-26.5
-14.8889
3.83333
21.5
32.8333
33.3889
18.2778
-5.66667
-17.9444
-7.72222
8.22222
0.111111
-23.4444
-30.8889
10.5
54.0556
56.7222
10.3333
-34.2778
-41.6667
-4.05556
-3.88889
2.44444
10.7222
6.11111
-7.77778
-12.1667
4.38889
24.8333
20.3889
-2.61111
-20.5
-15
-3.88889
4
7.05556
12.6111
6.27778
-11.7222
-28.8889
-28.5556
-9
17.2778
24.4444
10.0556
-11.8333
1.11111
36.1111
53.9444
26.6667
-20.5556
-41.6667
3.05556
5.16667
5.66667
2.77778
-1.22222
0.5
14.0556
31.4444
33.7778
12.3889
-11.5556
-18.1667
-4.83333
-0.111111
-3.38889
-10.2778
-10.5556
-18.3333
-30.1667
-33.9444
-24.7222
-5.38889
15.0556
32
29.6667
11.1111
-2.94444
10.4444
31.5556
28.3333
-4.22222
-33.2222
5.05556
6.55556
2.61111
-6.05556
-6.38889
6.83333
28.2778
40.0556
32
10.1111
-5.66667
-6.38889
2.55556
1.22222
-5.22222
-11.8333
-12.7222
-18.1667
-24.2778
-22.8889
-13.8333
-1.72222
9
23
24.9444
11.3889
-13.6111
-15.4444
4.88889
21.3889
9.33333
-18.7778
-0.0555556
-1.5
-4.44444
-7.66667
-2.88889
10.5
21.5556
18.8333
0.666667
-14.6667
-17.3889
-6.55556
3.72222
5.83333
4.55556
6.33333
7.38889
-0.611111
-14.1111
-20.5
-15.3333
-5.77778
1.77778
10.5556
13.2222
8.05556
-9.44444
-16.7222
-3.94444
17.1667
24.7222
9.66667
-9.55556
-13.2778
-10.5556
-0.888889
6.22222
11.9444
6.88889
-10.5556
-34.7778
-46
-33.9444
-13.0556
2
7.05556
13.8333
26.6667
31.9444
18.6667
-9.22222
-27.1667
-25.7222
-13.2778
-3.05556
1.83333
2.66667
0.166667
-6.38889
-8.94444
1.55556
24.3889
43.3889
42.8889
-13.1667
-16.3333
-7.88889
11.2778
19.6667
17.6667
0.111111
-30.2778
-62.3889
-77.2778
-57.6667
-28.6667
-5.66667
3.27778
15.2222
34.5556
43.6111
27
-11.5556
-38.5
-37.6111
-21.0556
-7.22222
-2.5
0.777778
3.88889
6.44444
7.66667
15.1111
34.4444
57.8889
66.7778
33.04
29.56
24.8
18.8
9.94
-1.96
-12.42
-21.8
-25.18
-20.84
-13.06
-1.02
12.78
24.58
34.74
41.9
42.54
37.74
27.26
10.52
-7.1
-22.34
-34.48
-41.18
-42.14
-39.04
-32.94
-24.16
19.22
20.16
18.28
15.36
11.1
0.48
-9.36
-14.64
-14.34
-10.78
-2.2
9.54
19.16
25.22
28.94
29.26
26.22
19.28
8.44
-4.52
-17.34
-28.98
-36.32
-37.68
-35.36
-30.08
-22.36
-13.02
7.66
11.26
10.6
10.22
9.38
0.9
-7.22
-6.34
-0.48
4.96
13.48
22.68
25.3
21.9
16.04
9.82
4.44
-3.32
-11.22
-16.94
-22.24
-28.6
-30.62
-28.48
-25.1
-19.74
-11.86
-2.6
0.48
4.5
2.98
3.26
3.52
-3.7
-9.16
-0.16
11.66
20.42
29.7
35.22
27.88
14.2
-0.34
-11.04
-16.18
-22.04
-25.34
-24.5
-23.44
-25.14
-22.08
-17.12
-11.74
-5.88
1.38
9.32
2.34
3.58
-1.46
-3.48
-4.3
-9.98
-8.26
10.1
26.68
37.3
43.02
38.5
18.88
-2.06
-20.48
-29.32
-29.68
-30.92
-32.08
-30.1
-27.9
-26.18
-18.42
-7.84
3.26
12.1
18.24
23.06
12.76
9.06
-0.66
-6.08
-9.96
-15.72
-5.86
18.14
35.48
45.2
46.22
30.82
3.22
-18.58
-32.92
-34.8
-29.08
-26.24
-29.74
-34.16
-37.06
-34.3
-23.52
-7.04
10.92
23.74
29.12
31.14
25.04
17.74
4.86
-3.52
-12.1
-19
-6.3
17.62
32.66
41.88
38.34
17.54
-11.92
-30.72
-37.36
-29.06
-17.18
-12.72
-20.04
-33.86
-46.16
-46.62
-33.26
-11.94
10.74
26.94
32.08
30.68
34.32
25.58
11.82
0.02
-12.48
-20.86
-6.84
14.26
26.98
33.8
26.64
2.9
-25.38
-39.12
-36.96
-19.84
-3.46
2.66
-7.42
-28.98
-50.9
-56.08
-42.96
-19.9
4.74
23.62
29.42
25.92
39.24
31.1
18.88
5.12
-7.42
-14.64
0.86
16.68
26.5
26
12.06
-15.42
-38.46
-45.96
-35.48
-11.7
7.52
15.24
4.84
-18.66
-46.72
-57.32
-51.4
-32.44
-11.44
7.74
15.72
14.88
36.7
32.22
23.3
12.5
5.14
1.38
13.36
21.54
23.88
11.82
-8.84
-33.84
-46.6
-47.2
-30.48
-4.1
15.9
24.38
18.92
0.98
-27.4
-47.18
-54.8
-47.88
-37.08
-21.76
-9.38
-3.82
26.74
28.02
23.84
19.62
19.58
20.78
24.66
24.92
17.82
-2.88
-26.82
-42.18
-45.12
-41.08
-25.62
-4.32
12.3
22.08
25.68
19.86
-0.14
-25.86
-45.76
-52.68
-52.68
-43.62
-28.94
-18.44
15.94
21.74
22.96
25.98
33.66
38.36
34.5
26.34
10.4
-16.48
-38.02
-43.08
-37.36
-30.32
-20.74
-11.24
-1.86
9.26
22.16
31.48
25.94
3
-26.3
-45.92
-56.1
-53.9
-40.08
-24.92
6.64
15.56
22.3
32.86
46.4
52.5
40.98
24.12
0.08
-28.8
-43.28
-37.7
-24.78
-16.82
-15.46
-20.54
-20.4
-9.36
11.8
35.56
46.26
31.6
-1.86
-32.38
-52.74
-58.52
-48.52
-31.18
-0.64
10.54
22.06
38.92
54.28
59.26
39.52
14.9
-15.16
-39.2
-42.6
-25.56
-9.32
-2.98
-11.04
-30.38
-38.9
-27.12
1.46
35.7
61.04
56.24
24.8
-13.64
-42.18
-56.04
-51.4
-35.88
-5.12
6.86
22.48
41.76
54.28
56.34
30.84
-0.28
-30.72
-43.36
-34.8
-10.9
4.5
7.16
-9.96
-40.18
-54.12
-40.62
-8.26
31.26
67.3
74.42
50.94
10.98
-22.66
-44.02
-47.22
-37.16
-6.6
4.58
22.6
39.3
46.66
45
18.36
-16.22
-39.92
-40.7
-23.56
0.1
13.82
12.52
-8.12
-40.96
-55.82
-44.22
-15
22.94
61.8
79.18
67.82
34
-2.44
-30.04
-41.66
-38.7
-7.54
2.2
18.9
30.46
32.8
28.94
5.86
-24.72
-37.86
-29
-9.66
8.66
18.16
13.52
-5.08
-30.98
-42.78
-35.62
-14.78
14.36
46.82
68.44
69.86
47.06
12.66
-18.4
-36.9
-41.68
-8.2
0.32
12.96
19.12
17.86
13.76
-3.66
-25.82
-29.02
-14.48
0.22
10.12
15.8
11.4
-0.94
-13.02
-17.16
-15.24
-6.62
8.82
28.78
47.94
59.16
49.64
22.82
-7.86
-31.02
-42.32
-8.02
-0.9
6.8
7.64
4.2
0.86
-10.1
-22.38
-17.08
-1.38
5.22
6.64
11.26
10.72
7.16
10.56
14.96
9.4
2.42
1.78
7.38
20.82
39.62
45.16
30.46
3.52
-23.1
-40.66
-7.2
-1.7
0.68
-3.24
-7.42
-9.6
-13.48
-15
-3.14
9.94
8.62
4.6
9.9
14.42
19.9
36.18
45.36
32.1
10.26
-6.46
-15.64
-9.16
12.88
31.58
31.76
13.56
-13.42
-35.5
-6.76
-3.08
-5.58
-11.92
-15.5
-15.42
-12.56
-4.96
8.54
16.48
8.94
2.46
9.14
19.38
32.5
56.44
67.08
49.36
18.64
-10.48
-31.74
-32.72
-12.6
12.04
26.38
20.14
-3.02
-26.92
-5.4
-2.88
-6.9
-12.76
-15.96
-13.58
-7.72
2.22
11.4
13.48
1.82
-4.12
4.74
19.6
36.46
60.64
69.7
51.42
19.86
-12.14
-35.58
-39.52
-22.26
3.62
26.28
28.62
9.86
-15.54
-2.54
-0.64
-3.22
-7.44
-9.16
-5.02
0.86
8.2
11.72
7.62
-4.46
-6.58
3.24
18.38
35.02
52.26
54.7
38.3
12.64
-14.6
-32.44
-34.98
-20.94
2.14
26.48
33.26
19.48
-5.84
-0.22
1.04
0.56
-1.08
-0.22
4.9
9.98
13.36
11.16
2.04
-7.16
-5.9
1.9
13.64
27.06
34.38
29.14
17.84
3.48
-13.6
-23.06
-21.28
-11.4
4.72
25.18
33.8
24.88
2.74
-1.28
0
2.32
4.88
9.02
15.2
19.02
17.9
10.36
-1.86
-8.14
-6.44
-2.54
4.1
13.06
11.54
2.12
-3.42
-5.54
-10.12
-9.88
-3.56
4.44
13.24
25.68
32.48
27.46
9.62
-0.7
2.86
8.16
12.98
16.72
18.78
15.2
8.04
-2.42
-12.22
-12.22
-5.76
-2.74
-0.58
2.16
-7.52
-22.24
-25.4
-19.6
-13.3
-2.92
9.5
17.78
23.36
28.18
30.9
29.18
17.8
0.06
6.36
12.74
16.36
18.38
14.74
4.06
-6.88
-14.72
-20.1
-13.18
-0.86
4
3.72
2.4
-12.2
-31.34
-35.58
-28.2
-17.72
-4.02
9.7
15.84
17.62
18.24
21.02
25.3
25.12
-2.02
6.62
12.58
12.82
10.36
0.5
-15.66
-28.52
-31.54
-30.16
-16.74
0.76
9.58
9.22
6.58
-8.68
-29.68
-36.5
-30.32
-19.94
-6.58
7.98
14.5
15.36
15.88
21.34
30.2
37.88