-12.5
-14.75
-14.375
-32.5
-46.625
-51.375
-40.125
-14.75
4.125
-0.625
-13.5
-42
-31.375
-16
-2
10.875
-7.625
-6.625
-16.625
-6.875
4
0.75
12.5
25.125
21.25
24.125
16.125
3.625
-2
-9.625
1.875
16.125
37.5
32.75
3.5
-21
-42.625
-52.375
-48.75
-33.875
-12.125
1.375
-2.75
-1.75
4.625
-4.375
14
30.375
22.5
32.875
19.5
12.625
12.75
7
13.25
11.125
8.75
6.25
-2.375
0.125
5
9.5
32.75
45.5
56.625
54.625
35
7
-5.625
-33.75
-58.125
-66.25
-56.625
-29.875
-10
-7.5
-1
11
14.5
32.25
20.625
10.5
13.25
25.5
64.125
76.25
77.125
56.5
33.5
26.5
11.25
-2.125
-11
-9
14
31.875
56
53.5
42.875
19.75
-3.125
-13.125
-15.5
-27.125
-34.125
-38.75
-26.25
0.125
-10.75
-17.375
-23.125
-30.625
-16.125
1.125
-13.625
-20.25
10.5
37.125
94.75
132.75
125.625
112.875
66.625
44.25
21.5
-3.125
-6.625
-19.625
5.75
36.75
47.75
39.75
24.125
-2.375
-0.875
14
-10.75
2
-7.375
-6.5
2.625
-7.25
-33.75
-56.875
-68.875
-78.25
-40.375
-17
-20.875
9.5
25.5
20.75
29.875
46
61.375
87
77
43.125
4.75
-27.5
-28.5
-35.75
-27
4.25
3.625
8
11.875
0.625
13.125
21.375
-1.375
11.125
-1.75
-4.25
-10.875
-44.625
-54.875
-72.25
-66.375
-39.625
-10.125
13.875
18.125
36.125
13.625
-9.625
-37.125
-51.625
-6.625
14.125
39.5
15
-22.625
-31.25
-35.25
-18.875
-29.875
-28.375
-46.125
-49.625
-31.75
-20.875
-5.375
-0.375
-4
-7
-3.125
-1.75
-15.125
-21.25
-14.875
-24.375
-25
-2.5
-19.25
-19.25
3.625
-5.125
-22
-17.25
-41.125
-63.125
-21.875
-8.875
9.5
13.875
-1.375
-5.5
-9.375
8.625
-2.125
-23.875
-38.75
-44.625
-25.5
-5.375
3.875
14.125
-5.125
-11.125
-8.375
-4.125
-7.5
9
22
18.375
1.25
-14
-45.375
-67.625
-29.5
-38.25
-31.75
-10
-26.125
-35.25
-25
8.75
14
35.375
49.375
22.125
14.875
18.875
7.5
-12.25
-12.125
-11.875
-4.25
0.75
8
16.625
-1.375
-7.75
-12
-14.125
-8.375
6.875
8.375
12
-9.5
-35.625
-38.625
-31.625
-1
-10.25
-4.5
0.25
5.25
19.5
0.25
7.625
10.875
23.875
49.125
30.375
12.375
9.625
5.5
-5.125
-12.625
-17.25
-28.75
-28.25
-18.625
-3.375
-0.25
-10.5
-13.125
-21.75
-16.375
0.625
-0.25
0.875
-9.875
-39.75
-44.75
0.875
-0.125
4.25
13.875
5.125
39.375
59.375
34.625
-2.5
9.125
14.25
24.375
38.875
15.875
18.125
33.375
36.125
27.75
7.625
-13.75
-12.625
-26.375
-15
2.125
-5.875
-8
-16
-21.125
-18.75
-12.125
0.5
2.25
-11.5
-6
7
-12.5
0.75
4.875
5.375
42.125
65.625
42.75
2.375
9.875
19.875
23.875
65.125
57.25
38
41.375
41.75
48.75
41
46
39.75
2.875
-22.375
1.875
4.875
1.5
-2.625
-12.5
-39.375
-37.5
-21.875
-19.5
12.125
48.625
23.375
14.875
10.125
0.5
16.25
32.375
53.125
38.375
17.875
6.125
23
30.25
65.5
76
25
2.375
-17.75
-12.25
11.625
32.875
36.25
15.5
-24.5
-0.25
6.75
4.25
-1.25
-11.25
-35.75
-43.75
-51
-47.25
0.5
29.375
16.375
20.125
8.75
4.375
25.25
23.625
17.125
27.125
27.125
7
16.25
25.5
38.625
60.125
34.25
0.5
-21.625
-21.75
-1.625
-6.375
-3.125
-12
-35.625
-1.125
-1.75
-1.875
-7.625
-17.75
-18.875
-27.625
-38.25
-23.5
11.75
7.75
9.25
8.25
1.75
13.625
9.25
-12.375
-40.75
-21.5
9.625
11.125
2.5
15.125
15
27.5
40.875
9.25
-8
-7.5
-12.625
-35.5
-48.25
-53.375
-56.625
-0.125
-4.875
-4.25
-6.125
-10.625
-5.875
-9.25
-4.5
30.875
46.875
22.875
19.25
3.875
1.125
16.625
-8.5
-51.125
-79.25
-62.75
-11.875
13.625
2.375
6.25
-2.125
-9
8.75
-6.125
-30.5
-41.5
-62.375
-81.875
-93
-81.375
-61.375
-2.75
-4.5
-2
-0.875
0.125
-2
0.5
14.125
58.125
49
32.375
21.75
1.25
15.75
23.125
8.375
-27.875
-44.75
-38
-9.375
17.125
16
-0.875
-6
-6.5
2.625
15.625
-3.5
-35
-47.375
-57.875
-61.125
-54.75
-45.75
-0.75
-1.625
-1.625
-1.5
1.625
0.25
5.125
33.5
52.625
29.75
25.125
12.125
5.25
30
40.625
40
41.5
47.375
36.5
25.625
34.875
28.5
1.625
-1.875
13
18.125
46.375
62
23.625
19.75
16.25
-1.5
8
9.375
6.375
0.25
-2.625
-3.375
-1.25
0.25
7.5
45.5
31.875
19.25
17.375
4.75
20.125
31.875
36.125
40.625
69.125
87.375
78.875
49.625
35.375
31.5
17.875
-0.125
13.375
24.625
44.375
87.625
73.875
60.125
59.125
41.125
54
66.5
4.125
-0.875
-0.875
-1
1
2.875
30.375
48
20.75
18.625
9
4.5
29.875
30.75
13.625
13
26.875
34.375
34.375
21.5
11.25
27.5
31.625
6
5.75
24.875
36.5
62.75
83.25
55.75
53.875
71.625
58
55
4.875
9.125
8.375
9
11.125
18
57.75
42.125
24.125
19.75
4
17.5
29.75
25.5
1.125
-3
-5.375
-5.75
-5.375
-2.75
-0.375
16.125
34.375
22.625
4.625
17.875
31.5
53.5
94.5
70.375
48.875
59.5
38
21.625
3.25
15.875
17.625
19.75
17.625
37.875
53.875
27.125
24.375
12.875
6.125
29.75
29.5
12.25
0
-0.25
-1
-1
-1
-0.75
0
4
27.125
34.5
11.75
6.375
20.375
41.25
78.75
91.625
67.375
53.375
38.625
20.75
-10.5
1.625
7.5
9.25
12.125
46.375
28.875
18.125
21.625
3.25
17.625
30.125
24.125
1.5
0.375
2.25
3.25
3.5
3.125
1.25
0.25
0
12.75
33.125
23.75
0
3.75
-6.75
-0.875
39.75
41.75
25.125
25.125
11.75
-9
-10.625
-9.25
-8.625
21.5
45.375
20
20
10.5
2.75
28.25
29.125
11.625
0
0.375
0.5
0.25
-0.625
-1
-1.125
-0.875
0
2.875
23.25
32.625
9.5
-4.375
-17.25
-30.875
-3.25
11.5
-10.25
-2.5
0.125
8.125
-0.75
-6
3.125
49.375
41.25
32.5
28
3.375
18.625
29.375
22.875
2
0
-0.625
-7.125
-14.25
-19.625
-19.625
-13.125
-6
-0.625
0.25
10.5
33.375
26.875
0.5
-0.375
-6.75
1.75
22
13.375
-6.25
-7.5
16.875
11
5.25
36.625
58.875
33.75
33.375
18.75
7.25
30.125
29.25
10.5
0.125
0
-1.5
-10.875
-21.625
-30.25
-30.625
-21.25
-10.5
-1.875
0
2.625
22
32.25
13
-0.875
-4.25
-6
6.5
18.875
-1.375
-19.125
9.875
9.25
16.375
54.75
41.5
23.875
22.375
3.625
18.375
28.5
21.875
1.625
0
0
0
0.125
-3.75
-7
-8
-8.125
-4.25
-1
0
0.125
7.625
31.875
28.125
0.25
-6.5
-16.25
-10.25
19
16.5
-1.125
0.25
-0.375
32.125
47.5
21.5
17.75
8.25
2.875
27.75
28.875
9.25
0
0
0
1.5
11.125
17.75
23.625
23.625
14
7.375
1.5
0
0
1.5
23.25
34.375
16.375
0
-9
-6.75
9.625
8.125
-0.625
-3.375
0.625
44.875
29.5
15
22.375
0.625
16.375
28.625
22
1.5
0
0
0
0.75
8.125
19.75
28.125
29
21.375
9.625
1.25
-0.375
-0.375
-0.5
6.625
29.125
26.625
0.25
-4.5
-8.125
-10.375
7.125
12.25
-0.5
32.125
52.625
24.75
17
2
-21.75
-11.5
-22.125
-43.5
-51.75
-51.25
-51.5
-51.625
-51.125
-49.125
-42.625
-39.375
-39.5
-41.875
-49.125
-53.375
-54.25
-54.75
-55.875
-56.875
-40
-26.75
-29.875
-31
-17
-2.625
22.25
48.5
4
50.25
37.125
26.25
15
-34.375
-45.375
-62.5
-88.25
-109.125
-109.875
-109.25
-109.375
-108.875
-107.625
-106.875
-105.875
-105.75
-104.75
-104.125
-104.75
-106.125
-108.5
-110.625
-114.125
-117.625
-112
-85.125
-58.875
-56.625
-32.5
-3.625
6.875
39
14.375
35.75
21
29.625
26.25
-1.125
6.875
-8.625
-25
-29
-26.875
-25
-23.125
-20.5
-19.375
-17.625
-16.5
-14.875
-12.375
-11.125
-10.875
-13
-16
-18
-20.75
-21.375
-18.5
-1
18.5
18.625
14.125
21.25
19.5
22.625
38.5
25.5
27.625
35.25
47.25
75.875
87
84.875
82.25
82.875
84.75
87.75
89.625
93.375
93.375
94.125
95.125
96
95.5
95
93.375
92.125
92.375
93.625
96.25
99.5
103.25
106.75
110.625
109.125
71.75
36.125
16.375
-7.625
52
20.25
9.125
-14.625
-26.875
-3.5
-4.375
-15.25
-21.75
-29.625
-30.375
-8.75
17.125
43.75
63.625
63.5
61
59.625
59.75
61.125
61
51.75
36.875
26.625
23.125
24.125
38.375
33.25
23.625
12.375
-34.125
-58.375
-68.125
-57.75
22.125
5
-27.25
-71.125
-113.25
-145.875
-162.75
-175.625
-179.625
-170.625
-146
-102.875
-60.75
-38.75
-31.875
-43.5
-53.125
-54.875
-49.5
-37.625
-22.375
-19.5
-32.75
-45.75
-61.875
-68
-57
-64.125
-83.625
-112.875
-130.375
-113
-79.875
-25.625
8.25
90.75
120.625
42.25
-32.875
-21.375
30.375
44.25
15.125
-15.125
-12.75
-5.75
-10.875
-10.75
-23.5
-53.125
-75.625
-52.375
-22.875
-28.875
-15.75
27.5
57.75
37.125
-18.25
-51.875
-47.375
-17.625
27.5
71.125
51.375
8.875
27.25
53.75
10.25
71.5
101.375
40.125
-36.25
-28.625
49.625
78.375
29
-20.75
-29.625
-13.125
-2
0.625
-18.5
-61.625
-81.75
-45.125
-20
-29.75
-4.5
32.375
42.5
33.75
-3.875
-43.625
-47.75
-24
28.25
76.25
50.375
11.125
32.5
44.5
-1.375
47.75
75.875
35
-18.875
3.375
69.5
78.5
29.25
-16.75
-29
-24.25
-6.375
12
-6
-34
-47.875
-38.25
-46.625
-63
-15
39.25
43.25
21.125
-17.25
-43.75
-28.5
-5.375
32.5
67.25
37.125
4.75
31.125
41.625
1.25
30.625
45.625
38
21.25
30.875
44.25
36.625
31.375
4.625
-17.625
-9.375
-2.125
10.25
14.25
-11.375
-33.25
-20
-44.375
-80.375
-38.625
18.5
27
-4.625
-27.625
-27.875
-4.25
26
54.5
65.25
24.375
-10.875
11.875
35.25
-6.5
11.5
31.875
30.25
36.625
43.75
24.25
10.875
48.375
48
-4.125
-6.5
-5.625
-1
32.25
5.25
-30.875
-1.5
-19.125
-78.5
-70.5
-19.125
4.25
-19.75
-33.75
-18
14.5
49.75
62.125
37.5
2.625
-6.625
20.875
40.875
-1.625
16.625
29.5
25
36.125
42.375
0.875
-20
50.875
80.625
26.125
-0.125
-15.125
1.875
46.875
8.625
-32.375
13.625
16.125
-68.125
-112
-61.5
-6.875
-18.25
-34.5
-18.375
20.375
63.375
55.625
9.625
14
31.375
23.625
29.875
7.25
18.25
22.375
20.25
44.125
33.5
-19.375
-31.625
46.75
91
31.75
-5
0.875
38.125
46.5
-34.75
-59.875
17.875
60.625
-2.625
-103.25
-116.125
-46.125
-12.75
-24.625
-19.125
14.125
58.375
56.5
11.875
29.75
50.875
24.375
23.625
8.125
16.875
16.125
16.375
41.25
23.75
-18.75
-19.625
38.25
80.5
48.375
-0.125
6.75
53.5
18.25
-60.5
-48.875
15.5
64.25
39.75
-75
-141.875
-70.625
2.625
-17.875
-30.125
1.75
34.5
38.375
17.625
53.5
64.75
22.75
32.875
8.375
14.5
11.5
22.875
46.625
32.375
-4.875
-28.5
4.25
62.125
50.875
11.125
42.25
57.5
-24
-55.75
1.25
12.25
13.75
45.375
-14.375
-125.125
-107.625
-16.625
-7.875
-21.875
-2.25
13.875
18.125
23.5
65.25
67.5
28.375
51.375
3
8.25
5.125
20.75
49.875
54.875
18.25
-41.125
-29.125
29
34.25
38.375
81.375
47.75
-44.625
-25.625
45.125
9.625
-33.375
27.75
36.125
-86.5
-131.125
-41.375
-0.375
-10.125
-5.625
1.375
20.5
22.625
37.75
52.125
38.125
59
-2.875
4.875
2
16
46.625
57.5
20.875
-29.25
-25
3.25
42.75
92.5
81.5
-8.75
-49.375
25.625
73.625
10.375
-63
-27.875
40.125
-18.125
-109.875
-71.875
-9
-14.5
-23.875
-4.5
29
29
35.5
49.75
25.125
31.875
-7.375
2.125
2.25
8.125
35.5
53.125
23.75
-21.625
-26.25
2.875
64.625
116.375
61.875
-40.125
-25.5
69.25
83.375
5.875
-70.375
-65.625
15.375
28.75
-71
-89.5
-23.25
-23.25
-38.875
-10.25
33.5
35.125
28.375
44
17.5
4
-6.25
2
-0.25
0.75
20.25
35.5
23.75
-3.25
-17
16.75
103.125
113.375
5.375
-43.5
28.375
81.5
52.375
6.625
-37.625
-77.375
-38.25
38
1
-60.375
-51.875
-57.5
-56.5
-13.625
46.75
57.375
30.375
18.625
-18.5
-31.625
-3.125
1.5
-3.125
-4.625
11
17.875
13.375
11.75
6.25
53.5
131.5
74.5
-38.25
-19
65.625
61.75
-1.875
0.25
11.75
-44.875
-66.375
6
38.875
-11.75
-75
-115.625
-79
-9.5
42.25
59.125
36.75
9
-26.125
-30.125
-3.125
0.625
-3
-7.125
1.125
9.125
11.75
9.25
31.625
107.125
123.125
11.25
-42.875
32.875
73.625
12
-41.375
-2.75
48
9.375
-67.625
-45.375
41.5
40.875
-73
-152.25
-92.125
-14
24.75
45.875
27.375
-2
-20.625
-11.875
-2.5
-0.75
-3.75
-4.625
-2.125
5.5
17
20.875
64.375
129.25
78.875
-31
-16.25
73
70.875
-30.125
-84.125
-11
74.75
52.125
-41.625
-72.75
0.125
57.5
-29.5
-150.375
-120.625
-29.75
16.5
30.875
11.625
-12.125
-15.75
-2
-7
-5.125
-4.125
-2.5
-0.875
6.5
18.625
46.5
112.375
117.5
6.875
-44.375
34.5
88.25
44.375
-43
-79
-11.125
69
63.375
-13.875
-82.25
-52.875
42.875
17.5
-123.375
-146.375
-38.25
20.875
-4
-16.5
-4
15.5
32.625
-12.125
-5
-2.375
-0.375
0
3.75
24
84
139.375
74.75
-36.375
-18.25
70.625
81.375
21.875
-37.125
-53.125
-10.375
43.375
49.125
1.375
-62.5
-78.375
-6.375
38.875
-53.125
-135.875
-70.125
10.625
-0.125
-20.125
-13.875
14
40.5
-12.625
-8.375
-4.375
0.75
4.5
8.875
46.125
122.5
122.75
8.375
-42.75
33
85.125
55
12.875
-17.5
-33.375
-7.875
25.875
25.5
4.5
-35.5
-84.125
-55.75
34.25
14.125
-99
-94
-2.5
2.5
-29.875
-15.875
24.75
38.75
-11.875
-8.125
-8.125
-1
9.875
17
69.5
140.125
84.625
-30
-16.25
69.75
79
28.5
0.875
-4
-5.625
0.5
5.625
3.5
0.625
-16.125
-60.375
-77.875
-13.375
38.375
-25.75
-63
-7
-17.875
-62.875
-26
40.75
40.125
-6.75
2.625
-0.875
-6.5
2.875
38.125
113.375
127.625
16.375
-40.375
33.625
84.5
53
12.25
-0.75
-5
-7.5
0.25
7.5
4.75
0.75
-4
-32.875
-78.25
-58.25
27.375
32.875
-34.5
-29.25
-13.625
-43.875
-22.125
14.125
-4.25
-0.75
4.625
2.25
-6.25
6.875
68.375
135.875
84.625
-22.625
-11.75
66.875
76.125
28.125
1.5
-0.625
-4.75
-7.75
-0.25
7.625
5
0.75
0
-13.25
-54.375
-79.25
-23
47
27.25
-21.375
-44.75
-51.5
-24.625
1.875
-12.5
2
9.375
4.5
-7.375
28.25
111.125
122.75
18.5
-32
37.25
81.5
50.125
11.875
0
-0.375
-4.75
-9
-1.875
7.75
6.625
1.625
0
-2.875
-28.5
-73.875
-64.25
20.125
65.25
15.375
-49
-57.5
-32
-15
-16.625
-3.875
4.75
9.25
5.125
59.875
132.25
82.75
-20.75
-5.875
69.375
72.125
26.125
2
0
-0.875
-9.625
-18.25
-6.625
12.625
15.625
6.5
0.625
-0.25
-10.75
-48.125
-83.375
-37
53.625
50.75
-22.5
-52.25
-49.875
-42.25
-21.5
-11.875
-2.25
6.5
31.875
110.625
123
13.375
-33.75
41.75
83.625
47.5
10.5
0.125
0
-1.5
-15.125
-28.125
-12
16.625
25.25
13
1.875
0
-2.625
-25
-74.25
-74.75
15.375
66.5
9.75
-55.5
-72.875
-38.875
-3.375
-18.125
-0.25
15.875
59.5
133.75
85.125
-27.125
-7.125
70.875
71.25
24.875
1.625
0
0
-1.5
-16.625
-35
-19.25
19.75
33.625
16.75
2.25
0
-0.125
-7.625
-45.875
-89.875
-42.75
61.75
59.5
-38.25
-85
-57.75
-27.375
-25
-1.375
39.875
104.5
120.25
17.75
-35
41.625
83.5
45.625
9.25
0
0
0
-1.5
-14.875
-32
-19.125
17.375
31.75
16.125
2.25
0
0
-1.5
-24
-74.375
-74.875
14.5
69.5
0.5
-89.125
-87.875
-35.375
-16.375
8.125
68.875
125.5
76
-18.875
-2.875
70.625
70.625
24
1.5
0
0
0
-0.75
-8.375
-20.5
-14.625
10.25
21.125
10.625
1.75
0.375
-0.125
-0.5
-7.125
-46.875
-93.125
-44.75
62.25
56.125
-58.375
-110.125
-51.5
-0.25
33.625
100.125
110
13.75
-40.25
19.5
71.25
48.125
10
-3.5
-1
3.75
0.625
-3.375
-1.875
-5.375
-9.875
-0.25
10.375
7.875
-0.375
-4.25
-0.25
2.625
-2.625
-29.75
-73
-54.375
38
75.5
-10.625
-108.75
-73
13.25
66.5
120.625
72
-27.75
-33.125
26.125
50.75
26.75
2.875
-3.375
-1
3.875
1.375
-2.125
0.375
1.625
-2.25
-1.5
3.625
3
-2.875
-5.75
-1.625
-0.125
-5.625
-15.5
-42.125
-51.875
8.625
81.25
42.375
-80.625
-87
30.375
99.5
129.25
30.625
-45.75
-14.375
20.875
24.375
14.5
4.5
-1.375
0.75
5.625
3
-1.125
1.125
3.75
-0.375
-2.125
2.125
1.625
-5.5
-8.25
-1.5
0.25
-6.875
-9.25
-18.25
-27.75
-1.375
57.375
59.75
-46
-90.875
44.75
102.25
111.375
22
-21
-3.125
-1.25
1.625
6.5
3.375
-2.25
3.25
8.125
3.125
-0.875
1.375
3.875
-0.25
-2.25
2.25
1.625
-6.375
-9.125
-1.125
1.5
-7.25
-8
-0.75
1.125
-1.875
15.75
32.875
-31.125
-78.625
60.5
88
62.875
1.125
-10.125
-4.5
-11.625
-4.75
-2.25
-1.125
4.875
31.25
50.625
29.5
4.125
-2.75
-1.25
2.375
5.75
4.625
-3.5
-19.25
-32.375
-17.875
5.875
3.625
2.625
0.75
-17.375
-21.625
-15.125
11.875
-2.125
-41
55.875
56.75
40
1.125
-16
-16.375
-16
-5.875
-0.375
13.875
40.75
65.375
55.25
10.75
-15.375
-10.25
-1.125
1.875
6.75
16.375
17.625
-5.25
-36.5
-27
3.625
2.25
1.75
0.875
-27.875
-49.875
-40.875
7.75
20.625
-9.875
-35.6667
-47.2222
-50.2778
-55.9444
-52.8889
-33.5
-21.7222
-13.5
-7.77778
-7.61111
-1.44444
-0.166667
6.11111
18
27.6111
41
35.7222
35.1667
36
29.8889
17.5
11.6111
11.7222
14.2222
14.1111
17
32.1667
33.9444
42.8889
38.7778
39.3889
25.5
-45.3333
-52.3889
-52.5556
-51.2222
-49.8333
-36.0556
-14.2778
-4.66667
-5.66667
-2.72222
2.05556
12.1111
17.8333
32.5
56.6111
69.4444
79.7778
83.1667
79.5
69.4444
40.7778
16.9444
6.22222
1.72222
7.66667
12
33.1111
45.4444
54.6667
47
41.0556
28.3889
-32.8333
-36.3889
-31.0556
-29.2222
-44.6111
-45.3889
-33.8889
-27.2778
-31.1667
-28.1667
-15.7222
2
18.5
35.2222
57.8889
80.6667
106.111
114.111
97.9444
85.5556
54.9444
20.6111
-2.83333
-15.3333
-3.72222
8.16667
20.3333
25
34.4444
31.1111
22.5
5.66667
-23.5
-19.1667
-18.0556
-24
-44.1667
-60.6111
-50.8889
-51.9444
-52.6667
-41.3889
-24.6667
4.94444
12.6667
16.5556
22.5556
39.3333
72.9444
75.2222
65.5556
61.1111
48.9444
18.5
-13.6111
-31.1111
-26.0556
-11.4444
-12.8333
-8.05556
3.16667
11.8889
10.7222
3.88889
-8.61111
-5.61111
-8.33333
-21.1667
-36.2778
-53.7222
-53.8333
-53.1111
-50.6111
-41
-23.1111
2.66667
3.55556
-1.5
-10.6111
-1.94444
20.6111
23.1667
27.8889
21.9444
28.2222
20.2222
-9.44444
-24.8333
-31.3889
-18.8889
-29.9444
-34.8333
-26.9444
-19.8889
-14.7778
-15
-10.0556
-5.05556
-9.77778
-17.6667
-21.3333
-28.8889
-37.0556
-38.2222
-37.3889
-36.0556
-23.6667
-12.5
-17.5556
-26.2222
-31.0556
-35.1111
-30.6111
-17.9444
2.5
-0.944444
11.5
22.8333
8.33333
-7.11111
-19.5
-19.4444
-32.6667
-33.9444
-26.2222
-23.9444
-15.6111
3.5
-9.94444
-10.2778
-10.7778
-8.5
-3.55556
-2.94444
-15
-18.1111
-28.1667
-36.2222
-27.1667
-34.0556
-32.0556
-24.8889
-10.2222
-21.4444
-37.8889
-6.5
19.5556
10.5
11.6111
33
37.3333
18.9444
1.66667
-4.72222
-13.5
-21.5
-25.0556
-31.9444
-25.4444
-6.61111
-10.6111
-15.7778
-14.6667
-3.11111
-0.722222
2.83333
-10.6111
-20
-28.7778
-31.9444
-27.7222
-42.3333
-31.6111
-7.05556
16.3889
1.55556
-18
10.3333
35.3333
27.6667
15.6667
27.8889
47.9444
42.2778
22.7222
13.2222
11.5556
5.5
-5.11111
-12.6667
-12.7222
1.83333
-7.33333
-17.5556
-17.3889
-10.9444
-7.55556
-4.33333
-11.6667
-19.3333
-21.1667
-8.38889
-15.3889
-27.0556
-10.6667
22.7222
41.5
28.0556
17.7222
28.2222
47
44.1111
22.7222
26.2778
50.9444
60.0556
36
24.7222
35
24.4444
8.05556
4.33333
-3.77778
-12.1667
-2.38889
-12.9444
-19.2778
-22.0556
-21.2778
-18.3889
-24.1667
-25.3333
-6.94444
7.33333
-7.72222
-13.5556
7.55556
30.5556
29.6667
35.5
46.1667
34.8333
34.3333
46.5
37.8889
34.0556
46.9444
68.6111
55.2778
35.3889
40.7222
32.1111
25.2778
25.8889
13.2778
-4.77778
-0.944444
-6.55556
-14.4444
-30.3333
-31.9444
-30.9444
-34.2778
-21.0556
6.88889
18.0556
6.94444
11.5556
34.9444
33.5
16.7222
38
58.4444
38.6111
17.3333
39.8889
50.7778
48.6111
44.3333
55.9444
57.6667
30.1667
22.6667
17.6667
18.1111
21.1111
7.27778
-14.3333
0.444444
-2.61111
-13.0556
-27.7222
-34.2778
-40.8889
-41.3333
-17.1667
3.5
0.888889
2.05556
21.1111
34.8333
8.11111
-10.4444
15.3889
38.1111
22.2222
-5.27778
15.5556
49.8889
53.8333
33.9444
31.8889
45.8889
25.8889
-1.61111
-10.2778
-12.7778
-16.4444
-25.6111
-32.1667
-2.27778
-4.44444
-12
-22
-28.7778
-33.7222
-22
5.83333
9.61111
6.61111
19.2778
42.9444
33.3333
-5.94444
-17
-6.77778
2
-5.94444
-20.7778
-9.72222
28.5556
44.1111
25.1111
10.1667
21.2222
17.5
-13.1667
-30.8333
-42.2778
-52.2778
-61
-65.1667
-2.66667
-5.16667
-9.72222
-10.9444
-13.1111
-11.6111
12.5556
26.0556
13.7222
10.5556
26.5
39.9444
11
-18.3333
-20.1667
-24.7778
-29.2778
-24.8889
-21.6111
-20
6.22222
28.1111
20.5556
-1.27778
-3.27778
5.61111
-16
-45.6111
-67.5
-78.3333
-83.2778
-81.5556
-2.16667
-3.83333
-4.88889
-6.38889
-4.33333
12.8889
42.8333
38.6667
28.1111
36.2778
52.1667
43.2778
10.3333
10
16.3889
3.55556
-10.9444
-3.33333
10.1111
3.11111
-0.444444
15.1111
27.3333
11.5556
-1.22222
14.2778
13.3889
-8.72222
-36.2222
-44.9444
-45.3889
-54.0556
0.111111
-2.33333
-1.88889
-2.33333
5.05556
30.9444
45.7222
30.6111
26.6111
41.0556
47.4444
23.2778
13.2778
36.6111
48.1667
37.0556
25.2222
32.2778
44.9444
35.7222
9.72222
4.72222
29.8889
30.5556
14.6111
23.7222
40.7778
40.4444
10.7778
0.944444
7.22222
5.5
2.33333
-0.166667
0.611111
-0.277778
13.9444
42.0556
39.3333
27.1667
33.3889
51.2778
44.2222
16.7222
25
55.8889
67.8889
59.7222
53.7778
55.6111
64.5556
57.4444
27.1667
4.94444
27.0556
48.4444
42.6111
46.0556
69.7222
89.8889
73.6111
58.2222
66.5556
61.4444
4.94444
3.77778
6.16667
9.05556
31.7778
44
28.2778
23.5556
35.3333
43.7778
21.1667
8.5
28.3333
43.4444
41.6111
36.8889
35.8889
36.1667
39.9444
45.1667
34.7222
9.22222
14.7778
45.8333
57.1111
51.8889
70.2222
99.6667
102.444
86.6111
79.5556
76.7222
7.66667
10.8889
13.5
26.1667
50.5
43.5556
31.1667
36.3889
50.1667
42.1667
15.3889
18.8889
30.2222
28.2222
16.4444
13.7222
13.6667
13.6667
15.3889
24.4444
33.5
21.7222
10.9444
32.5556
57.4444
56.8333
62.1667
80.7778
106.111
101.389
80.7222
65.1667
6.55556
11.5
15.6667
40.1111
50.8889
30.8333
26.0556
38.2222
46.1111
22.1667
8.77778
24.1111
26.7778
12.4444
-0.111111
-0.833333
-0.833333
-0.833333
-0.833333
6.55556
24.3333
28.4444
12.5
14.8333
42.6667
51.7778
45.3889
52.9444
79.5556
85.2778
56.7222
38.3333
0.722222
5.05556
18.1111
47.7222
43.2778
28.0556
33.6111
50.1111
42.9444
14.5556
18.3889
29.8889
22.0556
5.83333
0
-0.333333
-0.333333
-0.333333
-0.555556
1.05556
14.0556
29.9444
23.6667
9.33333
21.7222
33.0556
24.7778
19.7222
40.7778
55.5
43.0556
29.6111
-2.44444
2.94444
25.5556
40.2222
25.7222
24.2778
37.7222
45
22.2222
8.22222
24
26.5556
12.3333
-1.16667
-4.27778
-6.55556
-6.83333
-6.83333
-6.77778
-5
3.33333
21.6111
28.1667
11.2222
6.38889
17.5556
14.3889
5.72222
0.666667
9.38889
12.7778
5.11111
3.33333
14.9444
42.9444
39.2778
29.6111
38.7778
54.2222
45
14.7778
18
28.7778
20.8333
4.77778
-5.33333
-10.9444
-15.6111
-16.4444
-16.4444
-15.9444
-11.1111
-4.22222
11.7222
29.2778
23.7222
5.72222
4.94444
13.4444
8.66667
-6.33333
-2.22222
15.6111
16.0556
14.9444
35.4444
47.1111
31.1667
30.2222
43.7222
51.3889
25.6111
10.1111
24.6111
26.2778
11.6111
0.277778
-5.16667
-12.0556
-17.3889
-18.3889
-18.3889
-17.7778
-13.2222
-6.22222
3.77778
20.2778
28.4444
13.2222
4.83333
13.6667
16.8333
-4.61111
-14.6667
-4.83333
0
25.8333
46.5556
43.1667
31.8333
40.2222
52.1111
42.9444
15.7778
18.1111
28.8889
19.8889
4.66667
0.0555556
0.111111
-1.77778
-3.38889
-3.83333
-3.83333
-3.83333
-3.94444
-2.05556
0.722222
11.1111
29.1667
25.4444
7
7.5
17.8333
13.4444
-2.94444
-4
12.3889
31.4444
42.1111
26.7222
24.3889
38.4444
44.7778
20.3889
8.27778
24.5
26.1111
11.0556
0.722222
0.666667
5.77778
9.61111
12.7222
13.3889
13.2778
12.5556
7.44444
3.61111
0.444444
3
19.8889
28.7778
14
1.55556
10.9444
17.2222
-1.33333
-21.3333
-4.05556
37.5
35
26.1667
27.2222
32.3333
21.5
-11.7778
-12.5556
-7.16667
-15.2778
-29.5
-34.1111
-34.3333
-27.7778
-18.7222
-14.0556
-14.0556
-13.5
-13.7222
-20.7778
-30.0556
-35.1111
-35.2778
-26.8889
-11.2778
-12.7222
-25.0556
-21.1667
0.555556
1.33333
-11.3889
2.94444
33
24.2778
21.2222
22.5556
13.5
-18.8889
-43.3889
-40.8333
-47.7778
-62.7778
-71.6111
-72.4444
-72.6667
-68.3333
-61.3333
-57.7778
-57.1111
-56.2778
-56.0556
-60.7222
-67.7778
-71.8889
-74.1667
-73.9444
-61.2222
-49.6111
-51.5
-52.1111
-27.9444
-4
-5.61111
1.83333
35.5
30.7778
36
33.3333
11.2222
-32.0556
-44.7778
-52.4444
-70.4444
-83.4444
-84.7222
-83.5
-83.3333
-80.5
-75.7222
-73.9444
-73.5556
-72.2778
-71.7778
-74.6667
-79.6111
-81.5
-83.9444
-87.6667
-79.8333
-59.7778
-47
-48.7778
-28.7778
6.38889
21.8889
20.0556
28.2778
33.1111
41.0556
41.5
28.2778
6.77778
9.77778
1
-11.2778
-19.6111
-19.6667
-16.8333
-14.6667
-13
-12.5556
-10.2222
-7.88889
-7.94444
-8.61111
-8.44444
-8.66667
-10.5556
-13.4444
-14.2222
-10.0556
3.83333
16.8889
16.8889
14.6667
28.2778
32.4444
21.4444
31.9444
34.2222
36.6667
24.1111
10.9444
7.94444
8.83333
-2.27778
-8.88889
-1.72222
9.44444
23.3333
36
48.1667
57.5
60.1667
60.6111
60.0556
59.2778
55.2778
48.2222
42.3889
38.7222
35.0556
37.3889
43.1667
52.3889
48.7778
26
17.3889
11.8333
4
11.2778
4.77778
-9.11111
-30.3889
-42.9444
-38.5556
-41.1111
-43.4444
-34.1111
-17.0556
-0.0555556
16.6111
32.2778
41.9444
44.0556
40
38.6111
41.6667
47.2778
50
47.3889
46.2222
44.5556
40.7222
38.1111
33.5
29.5556
16.8889
-10.5556
-28.6667
-38.9444
-38.2222
72.4444
93.7778
56.7222
21.5
14.5556
46.9444
53.3889
34.7222
1.11111
-15.9444
-18.1111
-18.8333
-18.5556
-34.6667
-48.1667
-63.5556
-67.6111
-67.8333
-54.1111
-15.4444
27.7222
45.5
22.8333
-18.2222
-41.2222
-39.3333
1.5
42.6111
68.8889
49.6667
33.0556
34.5
63.8889
81.3889
51.5556
24.8889
19.6111
48.1667
54.0556
37.8889
5.55556
-16.8333
-17.6111
-12.6667
-0.0555556
-14.3889
-28.7222
-50.3333
-55.4444
-62.0556
-61.2778
-29.2222
6.22222
32.7222
11.2222
-18.2778
-34.8889
-23.6667
16.7778
46
64.5556
43.2222
39.9444
34.2778
43.8333
61.3889
43.5
33.8889
29.3889
48.1667
54.1111
44.7222
24.0556
-7.5
-8.38889
-7.22222
15.2778
-2.88889
-21.1111
-45.1111
-44.4444
-50.3333
-62.6111
-48.6667
-19.5
10.6111
-2.16667
-25.2222
-32.1667
-9.05556
33.1111
53.8889
59.6667
35.7778
41.0556
31.3333
31.0556
46.6111
43.8333
42.1111
31.0556
34.0556
40.1111
49.8333
47.6667
20.9444
6.11111
-0.166667
12.3333
1.77778
-21.4444
-32.8889
-29.9444
-34.3333
-63.5556
-70.7778
-49.7222
-16.5
-14.7222
-24.1111
-21.2778
5.66667
43.6111
60.5
64.3889
38.8889
39.3889
22.3333
18.5
37.7222
41.5556
51.8333
35.1667
29.2778
31.3889
50.6667
57.9444
30.2222
6.33333
6
18
13.7222
-16.1667
-22.2778
-14.1667
-14.2778
-49.4444
-79.5
-78.8889
-49.3333
-33.1111
-25.2778
-13.7222
17
50.0556
59.1667
58.5
33.8889
42.4444
26
19.6111
33.9444
40.8889
54.1111
32.3333
17.3333
9.83333
42.2222
60.6111
43.5
20.2222
14.2778
29.4444
16.8889
-5.27778
-14.6667
2.27778
3.16667
-38.1667
-86.2778
-102.722
-70.8333
-43.6667
-30.8889
-17.3889
15.6667
48.8889
53.3889
54.4444
39.5
57.3889
37.5
17.1667
30.7222
38.7778
56.9444
28.6667
4.38889
-8.11111
29.8889
60.0556
57.4444
44.2778
39.1667
34.0556
7.11111
-19.3333
-17.3333
8.11111
19.9444
-11.8889
-72.2778
-112.167
-101.778
-61.1111
-34.3889
-11.8889
12.1667
39.7222
45.9444
52.1667
49.0556
68.7778
53.7222
11.3889
24.1111
32.7778
53.8889
33.1667
10.1667
-10.8333
16.5556
48.5556
63.9444
62.7222
55.1111
29.1667
-0.388889
-19.8333
-5.77778
11.1111
17.1111
-2.33333
-57.7778
-99.8889
-111.556
-65.9444
-30.7222
-8.27778
5.66667
19.6667
33.0556
43.4444
50.1111
70.3889
59.9444
8.77778
21.1111
32.1667
53.7222
38.8889
20
-9.88889
7
32.6111
67.5
73.9444
61.2778
21.6667
-1.27778
-2.27778
14.2778
11.0556
0
-10.5556
-39
-75.6111
-98.8333
-74.8333
-39.2778
-22
-7.16667
6.66667
32
53.8333
59.7778
68.8889
47.6111
4.27778
14.9444
27.1667
51.6111
42.8333
24.7222
-11.3889
-2.88889
25.9444
71
85.6111
60.7778
24.8889
6.33333
26.1111
30.3889
11.5
-16.6111
-19.7778
-26.9444
-54.4444
-80.7222
-79.1667
-54.0556
-43.0556
-23.3889
-0.944444
30.7778
57.2778
56.4444
61.1667
37
0.5
9.33333
19.6667
42.8889
37.6111
24.2778
-11.2778
3.72222
40.6667
95.3889
95.8333
54.1111
14.9444
13.7222
45.0556
44.6667
11
-31.9444
-39.6667
-30.5556
-33.3333
-50.3889
-68.4444
-65.5
-65.5556
-40.7222
-9.55556
33.1111
59.4444
53.5556
41.7222
18.4444
-3.11111
3.27778
12.5
33.8333
35.0556
24.8889
-4.33333
16.1667
55.2778
107.444
87.9444
50.3333
13.3889
28.8889
45.6667
41.8333
5.88889
-28.5556
-39.8333
-30
-24.8889
-31.1667
-58.6111
-70.6667
-87.8889
-57.6667
-20.5
30.1667
49
41.4444
27.1667
12.8333
-3.94444
-0.666667
4.77778
20.4444
25.7778
26.2778
17.6667
44.7222
79.1667
102.056
69.0556
34.2778
20.7778
35.9444
35.8889
22.3333
5.44444
-10.1667
-26.8889
-32.2778
-23.3333
-9
-38.5556
-72.8333
-116.444
-83.1667
-33.3889
28.9444
47.1667
34.9444
14
-5.83333
-2.77778
-2.05556
0.277778
8.5
15.6667
25.2778
42.6667
75.7222
102.833
91.7778
52.2778
22.8333
35.8889
39
21.3889
-9
-0.277778
8.88889
-3.5
-28.5556
-30.8889
-5.55556
-25.4444
-70.2778
-132.722
-112.833
-52.7778
17.9444
46.3889
32.8889
8.83333
-15
-5.16667
-4.5
-3.44444
3.5
10.6667
30.7778
61.6111
100.667
109
77.1667
36.1667
29.3889
51.6667
44.5556
8.16667
-22.6667
-0.722222
21.8889
10.5556
-31.8889
-44.7778
-17.4444
-14.1111
-56.7778
-125.889
-123.278
-66.0556
4.5
25.4444
13.8333
0.833333
-0.833333
-8.22222
-5
-3.77778
2.55556
13.1667
45.9444
83.6111
117.5
98.5
60.0556
26.5556
44.9444
61.7222
42.3889
-9.83333
-34.9444
-4.44444
30.7222
24.2778
-23.6111
-52.2778
-35.5
-18.2222
-41.4444
-102.944
-117.278
-77.8889
-10.7778
8.55556
0.5
-9.66667
4.61111
-10.5556
-6.27778
-1.94444
5.38889
26.0556
67.0556
108.889
117.722
77.7222
35.5
27.7778
57.5
66.3333
30.3333
-22.2222
-40.5
-4.66667
35.5
36
-11.2222
-54.8333
-54.9444
-32.6111
-32.5556
-77.0556
-101.611
-83.9444
-32.7778
-10.3889
-9.77778
-1.44444
15.5556
-10.9444
-5.55556
-0.944444
9.16667
39.2222
83.8889
124.389
106.889
62.4444
23.3333
41.0556
64.2778
64.1111
19.7778
-20.5
-33.3333
-4.44444
25.3889
30.8333
-4.83333
-46.8333
-63.4444
-47.3333
-31.6111
-48.3333
-66
-65
-38
-31.7778
-29.1667
-13.4444
12.8333
-6.33333
-2.44444
-2.05556
16.7222
57.6111
107.111
122.5
84.5
39.6111
27.5
55.3889
69.2222
54.5556
15.5556
-11.6667
-20.5
-3.55556
13.8889
19.3889
-3.22222
-38.1667
-64.5
-57.9444
-35.6667
-28.3333
-37.8333
-43.8333
-36.2222
-34.5556
-34.1667
-17.5
1.5
-4.77778
-1.05556
1
30.5556
74.3333
120.722
109.278
70
30.6667
43.1667
63.1111
65.8889
37
10.3333
-3.66667
-4.05556
-0.0555556
3.94444
4.38889
-4.77778
-26.5556
-53.6667
-63.5
-49.0556
-26.4444
-12.4444
-15.6111
-25.8333
-44.2222
-49.7222
-27.9444
-4
-1.38889
0.722222
11.8889
50.7222
99.1667
118.833
87.9444
45.5556
33.7222
56.2222
68.2778
53.1111
23.2778
2.27778
-6.11111
-6.33333
-0.666667
5.22222
6.66667
2.05556
-13.7222
-39.5
-62
-58.3333
-32.6111
-4.83333
1.55556
-13.1667
-34.6667
-48.6111
-35.0556
-21.1667
-1
4.38889
28.5556
72.5556
113.167
105.278
69.1667
34.1111
46
62.3333
63.7778
35.8889
11.8889
-5.16667
-11.6111
-13.2222
-3.05556
8.5
13.5556
8.88889
-2.77778
-23.9444
-50.3889
-64.1111
-48.3889
-10.1111
17.3889
6.5
-29.8889
-61.1667
-53.2222
-39.6667
-0.222222
16.8333
48.3889
95.5
110.5
84.3333
45.2222
36.5556
58.3333
67.1111
50.8889
22.2778
4.44444
-7.88889
-16.0556
-19.5
-6.22222
10.1111
19.5
14.1111
4.66667
-11.8333
-36.0556
-61.8333
-60.0556
-24.9444
17.4444
21
-15.2222
-58.5556
-64.0556
-51.8333
3.61111
34.2222
67.1111
108.944
98.6667
70.1667
35.8333
48.2778
63.6667
62.5
34.5
11.6111
0.166667
-7.94444
-18.1667
-23.2778
-9.83333
10.6111
23
17.7778
7.44444
-3.77778
-21.6111
-49.5556
-67.1111
-51.2778
-6.55556
22.9444
10.0556
-38.1111
-69.5
-72.4444
7.72222
51.6667
94.3889
112.5
82.3333
47.1111
37.8333
59.7778
68.1111
50.1111
21.2222
4.66667
-0.611111
-7.55556
-17.6667
-23.0556
-10.2778
9.94444
22.7222
17.8333
7.72222
-0.166667
-11.1111
-35.5
-62.6667
-64.1111
-29.7222
12.5
13.6667
-29.5
-74
-79.8333
20.7778
69
110.389
103.389
69.3333
36.2222
48.2778
62.9444
62.1667
33.5556
11.0556
0.722222
-0.666667
-7.44444
-17.3889
-22.7222
-10.1667
9.61111
22.2222
17.4444
7.72222
1
-3.44444
-20.6667
-50.5556
-70.8889
-52.3333
-3.38889
22.6667
-7.33333
-65
-88.6111
40.8333
90.1111
106.722
77.6667
34.8889
22.5
48.3333
62.5556
49.0556
19.7222
3.94444
0.777778
-0.444444
-7.11111
-15.6111
-20.0556
-10.1667
6.94444
19.7222
16.5556
6.72222
-0.333333
-1.38889
-11
-37.2778
-64.3889
-58.0556
-13.1667
27
11.4444
-45.2778
-82.3889
64.5556
107.278
91.5556
51.2222
9.61111
18.7778
44.2778
53.7222
33.5556
10.2222
0.611111
1.11111
0.555556
-3.44444
-9.44444
-12.7778
-7.11111
4.72222
13.7222
10.9444
3.22222
-2.44444
-2.61111
-5.94444
-25
-52.1667
-58.5
-23.6667
29.8333
36.3333
-13.1667
-67.2778
89.0556
119.222
80.2222
25.8889
-4.11111
16.3889
43.6667
42.5556
23.3333
5.22222
1.94444
2.72222
2.33333
0.611111
-2.72222
-4.27778
-3.66667
2.05556
5.77778
3.88889
-1.72222
-4.38889
-3.61111
-3
-15.1667
-35.5556
-47.6667
-25.5556
21.5556
38.5
-4.44444
-59.9444
99.6111
117.556
78.7222
21.8333
-0.0555556
11.5556
33.4444
25.3333
13.2778
1.72222
3.55556
4.05556
3.44444
1.66667
0.777778
0.777778
-0.111111
0.388889
0.833333
-0.777778
-4
-4.77778
-3.55556
-2.66667
-8.5
-22.3889
-33.4444
-24.8889
9.11111
24.6111
-8.22222
-55.3333
95.6111
95
40.4444
1.88889
-12.1667
1.05556
12.3889
7.94444
5.55556
12.1667
27.3333
36.6667
26.4444
11.8333
0.277778
0.388889
1.27778
2.61111
1.38889
-6.38889
-18
-22.8333
-15.2778
-4.05556
1.05556
-10.5
-20.6111
-29.2222
-7.33333
10.9444
1.94444
-22.3333
85.6111
78.4444
13.5556
-14.5
-30.6111
-14.4444
-4.77778
4.88889
20.2222
39.0556
50.7222
43.5
17.9444
-1.94444
-8.27778
-2.77778
2.5
8.66667
13.7222
8
-9.94444
-23.1111
-22.4444
-9.5
-2.88889
-3.61111
-11.6667
-28
-23.4444
-2.33333
12.8333
6.22222
-47.9375
-49.6563
-57.9688
-64.5313
-56
-43.8125
-29.6875
-20.2813
-19.4375
-10.5938
6.28125
22.0313
34.875
51.5938
62.25
68.9375
74.625
72.1875
59.6875
46.625
29.6875
16.8125
14.2188
16.25
21.0938
18.9375
29.1563
31.9688
39.5
33.3125
-35.25
-35.5938
-50.2813
-59.9375
-56.875
-45.2188
-31.5625
-23.4688
-27.625
-19.1563
4.84375
27.3125
44.1875
63.125
78.625
86.0938
89.4688
85.2813
71.625
53.9063
33.7813
14.1563
3.9375
5.84375
7.8125
4.34375
14.9375
20.9063
27.5
27.5
-24.4063
-25.5938
-42.0938
-56.6563
-57.5625
-53.4063
-44.4688
-41.6563
-45.3125
-30.9063
-10.8125
7.1875
16.3125
32.375
55.0625
67.8438
69.9375
57.9375
49.3438
39.75
29.9063
13.6875
-5.6875
-11.5313
-13.2188
-11.75
-0.25
8.03125
12.875
17.1563
-19.7188
-24.0313
-36.125
-48.7188
-52.5313
-51
-45.0625
-45.5625
-40.375
-27.5313
-18.9375
-7.71875
-3.125
2
23.3438
39.4375
38.5
25.9688
28.25
26.5938
24.3438
17.7813
-5.21875
-18.9375
-29.7188
-27.4688
-22.5313
-18.9063
-15.0625
-10.375
-14.0313
-15.6563
-20.1875
-29.4375
-41.0938
-40.4375
-43.1563
-45.1875
-35.75
-32.4688
-35.125
-25.1563
-15.4375
-17.9375
-1.28125
15.8438
14.9375
8.5
17.25
17.1875
18
21.4688
6.34375
-14.1875
-30.3438
-26.8438
-23.4063
-21.75
-21.0625
-13.0625
-13.5313
-11.9063
-10.6875
-17.2188
-29
-33.3438
-39.1875
-38.7813
-28.6875
-35.875
-45.4063
-36.25
-22.75
-24.7188
-14.5
1.15625
6.65625
9.3125
19.625
20.25
21.75
34.25
29.75
8.78125
-8.0625
-7.1875
-8.875
-12.1875
-14.5938
-11.9688
-14.4063
-13.6563
-11.3438
-11.4688
-23.6875
-27.875
-28.1875
-18.8438
-13.1563
-27.5313
-32.1563
-21.7188
0.15625
4.15625
-1.1875
-0.65625
13.1563
30.75
35.5313
32.2813
28.4375
36.8438
42.75
32
14.3438
6.9375
3.3125
-3.625
-11.4375
-13.2813
-14.125
-14.0938
-12.2813
-13
-22.6875
-27.625
-25.5625
-11.0625
-13.2188
-25.25
-22.4375
-6.5
17.5313
29.25
19.7813
9.53125
30.8438
55.875
52.75
46.75
40.25
41.75
51.25
51.9063
38.4375
23.7813
19.4375
13.5
0.46875
-5.71875
-14.8125
-19.7813
-20.8438
-21.3438
-28.5313
-31.125
-20.2188
-9.8125
-14.5313
-14.5313
-2.90625
8.75
26.8125
41.9688
30.625
18.9375
37.6875
61.9375
58.8125
59.6875
56.1563
49.9375
52.7813
64
62.5313
45.75
36.4063
26.2188
9.5625
-5.15625
-14.1875
-24.875
-28.7188
-28.9375
-32.875
-25.1875
-10.6563
-6.0625
-8.625
5.625
22.1875
25.9375
32.4063
37.7813
29.5938
22.4375
31.0625
46.9063
47.4688
56.9375
56.9688
42.9375
36.8438
44.375
47.7813
31.8125
15.9688
1.0625
-13.25
-25.5938
-13.1875
-23.3438
-28.1563
-32.6563
-28.9063
-14.9375
-8.3125
-11.75
-7.4375
13.9375
26.4688
26.5938
17.4688
10
16.125
23.0313
18.9375
18.8438
28.8438
46.25
51.5
42.5
29.3438
27.0625
33.0625
22.6563
-3.09375
-22.875
-34.6875
-44.9063
-12.75
-20.5625
-24.125
-25.75
-14.0625
1.375
1.0625
-5.15625
6.0625
28.5
36.8438
26.6875
3.09375
-10.9375
2.0625
17.7188
6.3125
-7.28125
4.25
29.3125
42.5
38.3438
24.0313
13.0625
15.5625
12.0938
-14.875
-39.6563
-52.0625
-61.125
-8.03125
-12.9688
-15.75
-10.375
9.0625
19.1875
10.7813
10.125
25.0625
41.25
44.625
28.8125
-1
-13.25
4.09375
19.3125
8
-11.125
-5.5625
15.375
31.0625
29.8438
18.5625
2.96875
-6.5
-9.1875
-29.8125
-52.8125
-61.9688
-63.9063
-4.75
-8.28125
-6.90625
5.6875
26.4688
26.5938
17.6875
23.25
38.875
48.5313
46.4688
31.0313
7.96875
5.5625
19.3438
26.7813
20.4375
5.78125
3.15625
10.8438
27.1563
34.1875
29.0313
18.875
6.0625
5.875
-1.8125
-14.1875
-28.125
-32.2188
-0.96875
-2.875
5.75
25.0938
37.625
30.625
28.375
39.625
50.2813
54.2188
48.4063
33.125
25.75
35.4375
39.0313
36.3438
38.3438
34.1875
21.4375
15.25
29.3438
39.1875
41.0625
39.0938
27.9375
25.6875
31.9063
32.9688
20.4063
11.3125
5.90625
5.40625
18.5938
37.1563
38.6875
30.9375
36.0938
49
54.3125
53.0625
41.9063
33.8438
44.0625
57.3125
52.7188
43.4375
48.125
54.8438
45.9063
25.875
28.0938
41.2188
51.2813
60.4063
58.0313
53.25
61.2813
76.4688
74.625
63.0313
8
14.0938
33.5
43.2188
34.9375
30.9375
42.25
51.875
53.25
45.9063
29.2813
29.1563
47.1875
54.7188
43.0313
33.4063
37.9063
50.6563
49.0625
28.125
23.4063
40.4375
57.9375
68.3438
76.2813
74.2813
82.7813
105.969
107.875
90.75
9.6875
25.6875
43.375
42.9375
33.7188
36.1563
48.7188
54.4375
51.375
36.5938
20.4375
26.6875
41.3438
40.9375
27.5
20.5625
24.125
35.7813
42.6563
30.9063
20.3125
31.0313
52.625
66.5313
77.0938
75.25
77.4375
93.2813
104.281
90.5313
14.8438
36.0625
45.8125
38.0313
34.4375
42.7813
51.9063
53.8438
45.125
25.5938
15.875
26.5313
31.4063
21.75
11.3438
7.96875
8.875
16.8125
30.0313
29.2813
18.0625
20.6563
40.4063
56.5625
67.9375
70.7188
68.25
74.0313
85.6563
83.0938
19.1875
40.9063
41.3438
34.25
38.875
49.2188
54.1563
51.75
37.6875
18.3438
17.4688
23.75
16.7188
2.53125
-4.375
-4.75
-4.75
-0.71875
10.3438
21.5
19.9063
15.0625
24.9063
34.75
42.875
49.0938
48.4688
40.6875
42
47.3125
30.4063
42
32.9063
31.25
43.0313
52.7188
54.7813
46.0938
26.375
15.1875
22.7813
22.0938
7.6875
-5.0625
-8.59375
-8.59375
-8.59375
-7.59375
-0.1875
14.8438
21.6875
14.9375
14.375
22.375
27.9375
34.1875
30.375
14.4063
11.25
20.25
42
40.5313
32.0313
37
49.7813
55.4375
53.625
38.8125
18.7188
17.625
24.3438
16.4063
-0.21875
-10.3125
-11.25
-11.25
-11.25
-11.25
-7.71875
5.28125
20.5313
20.8438
11.5313
11.75
19.3125
28.1563
27.0938
15.9063
2.0625
5.65625
46.4375
35.4063
32.0938
43.125
53.375
55.625
47.75
27.625
16.1563
22.9688
23.7188
10
-3.34375
-9.375
-9.9375
-9.9375
-9.9375
-9.9375
-8.9375
-0.28125
15.9063
23.75
14.7188
6.46875
9.6875
18.25
18.4375
8.625
-9.125
-15.75
42.9688
32.4375
37.375
48.4375
54.0313
52.25
38.125
19.4375
17.6875
24.4063
18.6875
6.84375
0
-1.375
-1.625
-1.6875
-1.71875
-1.71875
-1.6875
0.59375
10.8125
23.9688
21.4375
9.28125
7.15625
15.5
19.8125
16.9375
3.59375
-8.1875
33.9375
28.4063
37.5625
42.3438
39.875
28.9063
6.03125
-6.9375
-2.6875
-1.8125
-13.4063
-19.625
-20.0313
-18.5
-18.125
-18.2188
-18.4063
-18.6563
-19.2813
-21.8125
-18.9375
-7.59375
-3.125
-11.75
-16.25
-8.28125
4.4375
10.1563
0.75
-6.71875
23.4063
23.75
30.375
28.4688
18.4688
-0.59375
-26.6875
-33.4375
-30.5
-36.375
-47.7813
-49.5313
-44.875
-41.3438
-40.2188
-40
-39.9688
-40.2813
-41
-45.1875
-49.3125
-44.2813
-33.7188
-35.7188
-43.0938
-38.5938
-21.1563
-9.25
-6.8125
-4.875
23.8438
30.0625
32.5
24.4688
10.0625
-16.625
-37.375
-39.0625
-41.9063
-52.7188
-60.3125
-58.0625
-52.5313
-48.4375
-46.9688
-46.4063
-46.4375
-47.0625
-48.0625
-52.0938
-58.1875
-57.5313
-47.1563
-41.4063
-43.0625
-41.0625
-22.6875
-3.125
7.71875
16.6563
33.8438
39.0313
35.9063
23.375
6.65625
-20.9688
-34.1563
-38.625
-48.6875
-59.4375
-63.6563
-60.5625
-56.5
-52.9375
-51.5313
-50.8438
-50.8438
-51.5625
-52.5
-54.9688
-59.75
-62
-54.1563
-41.2188
-34.8438
-34.4375
-23.25
-4.59375
7.59375
18.5
30.7188
30.0313
22.8438
6.34375
-12.8125
-33.7188
-37.0625
-38.5
-43.625
-45
-40.5313
-32.7188
-23.8125
-14.5938
-7.6875
-5.96875
-6.125
-9.28125
-13.4688
-16.7813
-21.0313
-25.7813
-22
-14.9063
-10.875
-14.2188
-15.375
-3.5
5.96875
13.6563
24.8438
19.4375
7.75
-10.6875
-26.7813
-35.625
-30.125
-26.25
-23.5625
-18.7188
-9.78125
0.3125
10.0938
17.625
21
21.5313
22.7188
22.5
20.0625
19.7813
19.0313
18
20.25
23.7813
23.8125
15.5313
4.53125
4.96875
9.625
11.7188
77.625
67.4063
53.6563
43.0938
44.125
41.375
41.1875
27.1563
3.3125
-0.84375
-10.2813
-20.9063
-26.375
-40.3438
-61.5625
-65.75
-69.1875
-65.0625
-38.125
-18.3125
-3.5625
-6.6875
-18.7188
-22.5625
-7.03125
25.75
50.0938
62.9063
61.4375
51.9375
67.5625
58.0313
45.2813
37.75
45.1875
47.5938
51.6875
41.2188
13.9375
8.96875
-2.34375
-15.3125
-18.625
-33.75
-50.9375
-53.4688
-59.5938
-64.0938
-50.3125
-35.1563
-20.9063
-15.0313
-17.125
-17.2813
-2.3125
25.6563
51.1875
63.4063
67.1875
61.3125
56.9063
53.3438
49.7188
43.9688
50.375
51.2188
51.2188
41.5313
19
16.4688
8.0625
0.5625
-8.0625
-26.9375
-40.25
-43.7813
-49.5
-57.125
-56.3438
-52.75
-41.4688
-30.75
-25.25
-16.0938
4.59375
30.5625
57.625
66.7188
69.5625
63.9063
48.8438
52.7188
53.0625
45.1563
45.7813
43.4375
48.875
44.4375
33.9375
32.4688
18.125
11.5313
-3.125
-21.125
-27.9688
-30.375
-39
-52.2813
-62.75
-72.3438
-61.5938
-46.3438
-34.2813
-14.375
10.5938
36.4688
65.2813
70.0313
70.8125
64.6875
42.9688
52.0938
57.3125
46.9375
43.6563
37.75
42.8438
51.8125
45.6875
43.9688
32.0625
16.7813
5.875
-8.4375
-14.0938
-15.5313
-31.3125
-49.9375
-69.625
-89.5
-83.3125
-64.2188
-43.5938
-13.125
15.7813
37.0938
60.1563
61.625
66.3125
68.75
39.1563
53.4063
56.4375
44.7813
36.5
21.1563
30.75
49.0938
52.1875
58.9375
48.7813
30.125
20.875
9.71875
2.625
-2.71875
-24.4063
-51.375
-76.75
-99
-96.6875
-73.9375
-48.25
-12.9688
17.6875
33.3125
54.6875
53.1875
60.3438
72.0313
35.9688
46.6563
51.8438
39.3438
28.875
15.875
29.875
53.7813
63.2813
74.6563
59.0938
34.2813
22.5938
9.84375
5.5625
4.21875
-13.5313
-41.75
-71.1563
-95.9063
-102.188
-84.2813
-58.25
-24.5
8.09375
28.75
56.625
59.0625
66.375
74.4063
28.5625
36.2188
44.2188
34.25
24.6875
19.4375
35.5
60.4375
76.6563
82.3125
60.75
37.9375
22.1563
13.0625
13.9063
6.40625
-9.34375
-35.875
-66.75
-84.75
-96
-85.0625
-65.25
-42.3438
-10.875
11.9688
47.125
59.625
68.9688
76.7813
22.875
32.9063
40.9688
31.9063
22.9688
20.8125
36.8438
62.625
85.7188
85.4688
63.4063
44.5625
27.5
21.0938
21.9375
7.875
-11.6875
-33.0625
-58.9375
-70.8125
-81.4063
-80.125
-71.2188
-58.875
-28.0938
0.5
41.6563
62.0313
66.5
68.2188
16.1875
28.6875
38.8438
33.0625
25.3125
24.125
37.9063
62.125
87.9375
84.25
68.25
51.625
32.0938
27.7188
21.4688
9.6875
-7.5625
-26.2188
-43.5938
-57.8125
-72.5313
-78.125
-81.9063
-78.1875
-45.4688
-15.0625
28.8438
54.125
55.9375
58.2188
9.9375
22.4688
31.7813
30.5313
29.9063
34.25
52.9375
76.125
94.25
85.5
66.8438
47.4063
29.8438
26.75
18.4375
8.59375
-6.3125
-23.2188
-34.5938
-44.125
-61.5625
-73.0625
-87.0938
-95.75
-65.0625
-32.2188
13.5938
44.75
46
47.5938
5.125
16.75
26.5
30
38.25
47.3125
65.125
87.2188
92.6875
83.9375
70.0313
47.5625
33.9063
26.5
12.0625
3.84375
-4.5625
-19.0313
-29.75
-33.375
-55.1875
-70.4063
-83.9688
-104.813
-80.4375
-46.9063
-4.875
30.9688
32.9375
32.9375
-0.65625
8.84375
19.1875
31.375
49.875
65.6875
85.7813
95.1875
88.8125
79.25
65.625
49.25
39.6875
29.3125
12.7188
3.875
-4
-19.1875
-31.1875
-30
-47.5625
-65.0313
-80.875
-107.781
-93.125
-57.8125
-13.4375
17.375
23.0938
20.9063
-3.8125
2.03125
13.4688
33.5
57.8438
85.3438
105.938
102.125
92.0625
75.7813
61.8438
51.4063
38.0938
25.375
8.15625
2.15625
-2.4375
-14.5313
-28.5938
-31.7188
-45.0313
-65.375
-81.6563
-108.813
-103.25
-67.25
-23.125
8.375
18.5
14.9063
-6.21875
-0.625
15.4375
40.3438
68.9375
99.25
111.75
101.75
89.3438
72.9688
62.8438
53.625
35.125
16.5625
2.71875
2.03125
2.46875
-5.4375
-23.75
-35.4375
-46.7813
-62.1875
-77.8125
-99.7813
-99.6875
-76.4375
-37.2813
-7.28125
5.34375
9.875
-7.59375
0.59375
22.5313
50.0938
82.4375
110.938
111.781
99.5625
84.25
69.5625
64.9688
51.9063
29.125
5.6875
-6.84375
0.125
7.5
2.96875
-15.4688
-35.625
-51.0938
-60.4063
-73.0938
-84.2813
-81.5313
-71.125
-44.6563
-26.2188
-17
-6.28125
-5.4375
6.03125
32.75
63.5938
98.6875
117.5
107.5
92.125
74.3125
64.4688
64.7813
48.2813
22.0625
-1.59375
-13.2188
-0.40625
13.3438
9.78125
-8.875
-34.9375
-56.3438
-63.25
-70.1875
-75.0313
-69.0313
-64.7813
-47.6563
-33.5313
-24.875
-10.375
-1.5625
14.625
43.375
76.5625
110.844
118.094
105.969
88.125
69.125
65.4063
62.3125
45.4375
20.0938
-2.875
-12.375
-2.25
10.8125
8.78125
-9.09375
-32.9063
-55.375
-65.0313
-65.3125
-63.9688
-57.2188
-51.6875
-45.5
-42.7813
-34.5313
-23.4688
5.59375
26.9375
58.625
93.5938
115.313
111.906
97.2813
78.8438
66.3125
66.7188
61.3125
42.7188
19.9063
0.1875
-9.65625
-2.40625
7.75
4.75
-10.2813
-30.7813
-51.875
-63.5313
-61.2813
-53.3125
-46.125
-38.5313
-35.125
-42.4063
-38.0313
-30.0313
14.0625
38.5313
73.2188
105.5
113.25
106.844
91.4063
73.5
67.875
64.9063
54.4688
34.8125
14.2813
-1.21875
-7.375
-1.6875
4.9375
4.15625
-7.03125
-25.125
-43.9063
-59.4375
-61.5938
-47
-35.8125
-26.0313
-22.5938
-41.5
-47
-43.375
26.5313
53.0625
89.8438
110.375
106.281
98.0313
81.0313
68.8438
68.375
61.375
46.2813
24.8438
3.25
-9.9375
-12.3438
-3.40625
6.59375
11.5313
4.6875
-13.7813
-33.8125
-52.6875
-60.3125
-48.4375
-32.4375
-22.25
-16.6875
-30.4688
-46.5625
-50.375
39.5
66.0938
102.031
109.438
101.594
92
74.25
68.5625
64.9688
54.125
36.4688
14.8438
-4.71875
-15.1875
-15.0625
-5.4375
7.375
15
12.2813
-2.84375
-23.9688
-43.9063
-57.4688
-51.9375
-33.0625
-21.2813
-12.9688
-23.9063
-48.75
-61.0938
53.5625
82.7813
107.281
103.75
93.875
83
70.375
69
61.2188
45.7813
28.1563
7.625
-8.21875
-15.0625
-14.6875
-5.8125
6.75
14.5
14.4375
3.59375
-15.8438
-35.75
-51.9688
-53.6563
-38.5
-21.75
-12.875
-22.4375
-46.75
-68.4375
67.9688
96.875
107.438
101.813
90.0938
76.625
70.75
65.6875
53.5
36.4063
19
2.03125
-10
-14.3125
-14.0625
-5.9375
6.03125
13.6563
14.3125
7.65625
-7.8125
-27.4688
-45.25
-57.8438
-52.5938
-32.4375
-17
-17.0625
-34.6563
-62.4375
81.375
99.4688
97.0625
86.2188
70
62.8438
64.1563
58.5625
45.4375
28.3125
11.7188
-1.5625
-9.84375
-13.8125
-13.875
-6.28125
5.03125
12.7188
13.4688
8.9375
-2.5
-20.2813
-38.375
-53.5625
-54.8125
-36.0938
-15.0625
-11.4063
-23.875
-48.9063
93.5313
95.3125
86.875
69.7813
50.4063
53.3438
53.9375
48.125
36.125
19.1875
6.40625
-3.21875
-9.1875
-13.1563
-13.0313
-5.5
5.71875
13.0938
13
8.5625
0.125
-13.9063
-31.6563
-47.4063
-52.1563
-38.2813
-10.6563
2.1875
-10.625
-32.875
104.531
92.9375
76
51.9688
36.0625
46.375
47.4375
41.75
29.8438
13.6563
4.125
-1.75
-6.96875
-11
-10.9688
-4.71875
5
11.25
10.625
6.46875
0
-9.28125
-23.5938
-39.0938
-45.4375
-37.25
-13.0625
3.4375
-7.84375
-29.2188
110.969
95.8438
71.5313
43.9375
30.9688
37.4688
37.3438
32.5625
20.9375
9.25
3.46875
0.625
-2.9375
-6.4375
-6.71875
-3.34375
2.90625
6.8125
5.9375
3.21875
-1.0625
-5.375
-15.4063
-30.9688
-38.0938
-35.4375
-17.5625
0.34375
-10.2813
-30.1875
97.4688
74.7813
44.5313
22.0313
16.3125
24.2813
25.25
28.625
25.75
24.875
27.7188
21.4688
12.3125
3.34375
-1.75
-1.15625
2.1875
0.71875
-5.59375
-10.5938
-15.0938
-13.7188
-11.6875
-22.0938
-29.375
-31.7813
-27.5625
-9.5625
-15.4688
-23.7813
86.6563
55
20.8125
4.75
0.71875
14.25
25.0625
35.6875
40.0625
39.4063
34.5313
19.6875
6.15625
-2
-2.8125
2.34375
7.90625
7.875
1.0625
-6.21875
-15.0938
-17.1875
-12.25
-19.1563
-25.9375
-31.7813
-33.2188
-18.4063
-14.75
-9.46875
10.25
7.75
5.375
2.66667
2.5
-1
-7.5
-12.4583
-10.1667
-18.5833
-14.7917
-18.875
-16.9583
-19.5833
-29.375
-21.75
-30.875
-31.875
-34.125
-25.4583
-6.54167
4.83333
7.875
6.70833
4
4
-11.875
-23.4167
-20.4167
-8.25
0.958333
1.29167
0.0833333
-1.58333
-4.08333
-12.25
-6.70833
2.625
5.54167
1.91667
7.70833
12.125
15.2083
12.5417
4.91667
1.08333
-16.7917
-25.6667
-41.9167
-51.0833
-38.5833
-35.2917
-21.0833
-7.91667
0.458333
6.58333
-3.54167
-5.95833
-0.291667
5.375
5.875
6.45833
11.9167
12.125
-12.125
-18.0833
-22.8333
-21.2917
-5.91667
10.2917
16.7083
28.375
32.125
34.25
22.625
12.25
5.41667
6.08333
15.75
5.91667
-3.16667
-4.41667
5.33333
-1.20833
-12.4167
-6.04167
5.91667
17.875
15.75
8.70833
21.2083
24.5833
20.25
6.16667
2.125
3.875
-11.875
-15.3333
-8.75
6
7.54167
15.7083
16.4583
20.5
10.6667
-3.45833
-8.83333
-16.5833
-4.79167
9.125
37.125
49.125
49.875
60.8333
47.2083
43.2917
20.625
8.75
12.6667
10.125
23.4583
20.7083
29.25
30.5417
32.5417
27.125
18.875
13.625
-3.33333
-0.708333
5.58333
6.79167
-7.375
-14.5417
-7.625
-16.875
-20.3333
-18.4583
-9.5
-1.16667
10.125
19.4583
21.2083
34.4583
46.0417
46.5417
27.875
31.5417
24.4167
2.83333
-6.25
-15.2083
-6.375
2.45833
5.83333
9.66667
12.4583
19.25
17.2083
2.70833
3.66667
3.5
-1.33333
-14
-23.2083
-34.125
-26.0833
-22.5
-10.3333
10.9167
15.4167
32.5
27.3333
19.5833
0
-0.125
17.5833
-3.41667
-6.625
-7.04167
-2.75
-15.75
-29.4583
-21.4167
-23.7083
-14.3333
-16.7917
-16.2083
-16.1667
-8.95833
-8.79167
-16.5
1.20833
3.125
-1.375
-8.125
-5.66667
-9.25
-9.5
-1.20833
3.04167
4.25
-0.208333
12.625
2.375
-12.625
-22.125
-19.0417
-6.54167
-19.8333
-16.75
-16.5417
-7.91667
-4.25
-16.625
-11.375
-10
-7.16667
-8.5
-8.54167
-1.66667
0.791667
1.54167
3.54167
-2.54167
4.45833
5.45833
4
6.5
10.5
7.58333
6.70833
3.33333
-15.125
-9.625
-13.2917
-15.5833
-28.75
-31.25
-22
-25.6667
-10.8333
-14.4167
-9.91667
4.5
15.125
5.125
-13.4167
-5.75
-8.04167
-16.5
-14.3333
-2.25
-3.83333
3.58333
12.3333
-2.66667
0.458333
4.41667
8.08333
5.33333
4.91667
1.83333
-0.583333
-9.79167
-16.5
-1.16667
-8.08333
-9
-10.1667
-2.58333
-10.5833
-27
-4.75
0.875
-7.54167
-6.29167
-0.958333
0.0833333
-18.75
-18.5833
-17.9167
-28.7917
-26.5833
-28.5417
-31.125
-24
-4.625
-2.79167
-7.20833
-4.08333
9.04167
10.3333
5.5
4
-1.875
-19.5
-15.3333
-13.4167
-11.4167
-18.25
-1.75
20.0417
-1.83333
-14.5
-6.58333
16.5833
-1.04167
-18.7917
-17.5417
-2.20833
3.45833
-9.45833
3.33333
13.0833
11
-4.95833
-10.6667
-11.2083
-3.79167
-1.625
-6.04167
-4.95833
2.58333
8.125
15.3333
15.625
3.5
-0.375
6.54167
-5.79167
-16.3333
-16.7083
3.91667
12.1667
2.95833
-0.625
-1.66667
12.9583
10.7917
-7.33333
-9
6.79167
20.2917
5.33333
10.9167
30.8333
25.6667
23.75
23.9583
22.1667
8.95833
1.625
1.95833
2.25
-4.91667
-2.66667
5.20833
2.45833
-6.45833
9.20833
16.75
7.95833
-9.125
3.5
18.9583
9.25
17.4583
21.25
18.9167
11.9583
21.9583
11.375
4.45833
8.16667
13.9167
10.75
-5.625
1.54167
5.16667
17.375
27.8333
26.7917
19.125
1.83333
2.83333
0.75
-7.29167
-9.625
-16.5417
-28.125
-24.375
-7.25
-7.54167
-11.2083
-6.33333
14.7083
19.1667
11.5417
26.75
39.25
29.625
13.4167
20.125
20.75
11.0833
6.5
15.625
25.1667
9.41667
6.66667
22.2917
27.2917
30.875
27.5833
27.9167
-0.291667
-1.25
-5.08333
-5.70833
-10.2083
-19.625
-32.3333
-15.875
-12.4583
-18.1667
-20.625
-3.08333
11.5833
-5.45833
-7.25
2.41667
14.75
5.54167
-6.08333
-2.375
14.9167
11.2083
-0.25
4.04167
14.7917
14.2083
3.58333
8.625
10.9167
5.75
6.16667
6.5
-0.958333
-2.08333
-3.79167
-2.58333
-5.95833
-13.6667
-10.1667
4.66667
-2.625
-9.25
-5.83333
7.70833
-3.375
-31.125
-35.9583
-36.875
-36
-34
-35.0417
-29.4167
-3.58333
8.125
-9.29167
-20.0417
-14
-14
-32.5417
-47.3333
-39.375
-41.375
-44.8333
-40.0833
-2.41667
-0.833333
0.0416667
-0.666667
-1.70833
-9.70833
8.58333
8.41667
2.83333
-3.29167
4.625
13.5
-10.25
-23.9583
-32.7083
-36.2083
-42.9167
-38.25
-34.4583
-30.625
-16.8333
3.83333
-2.125
-18.2917
-20.3333
-21.375
-32.1667
-52.1667
-52.7083
-48.125
-58.8333
-59.2083
-1.16667
0.125
-0.5
-1.41667
-7.95833
-4.45833
10.375
2.45833
-2.79167
-1.04167
10.5833
7.04167
-4.41667
4.25
10.0833
8.83333
4.5
5.875
8.95833
0.166667
-10.375
-1.08333
10.6667
-3.45833
-14.9583
-1.66667
0.791667
-12.8333
-29.9167
-23.7917
-19.1667
-27.7917
-0.666667
-4.54167
-6.625
-8.45833
-17.9167
-0.458333
-0.375
-4.5
-9.33333
1.20833
13.1667
-3.5
-0.25
15.9167
33.5417
31.7917
31.0417
31.25
33.7917
22.375
0.708333
-7.375
8.625
7.16667
-6.91667
-1.125
7.25
11.3333
-6.41667
-9.5
8.29167
14.9167
-4
-7.75
-7.41667
-16.4167
-12.125
4.79167
-2.45833
-7.58333
-5.625
8.04167
5.5
-8.375
0.125
10.5417
13.8333
11.8333
11.7917
11.7917
13.0417
15.25
4
-9.5
-0.75
14
5.625
-10.1667
-0.75
11.5417
3.125
-10.25
0.333333
15.7917
1.91667
2.75
3.16667
-9.79167
6.41667
8.25
3.70833
-4.20833
2.20833
13.5
-4.04167
-4.20833
1.625
6.25
-2.375
-3.08333
-3.08333
-3.08333
-2.83333
4.04167
7
-3.5
-6.375
11.3333
16.4583
11.2083
18.2083
25.0417
25.2083
16.7083
13.25
8.25
9.45833
11.2083
2.29167
4.58333
16.6667
4.75
-2.04167
-1.5
10.5833
7.45833
-7.375
0.208333
5.83333
3.83333
-0.416667
-0.125
-0.125
-0.125
0
1.45833
8.375
3.75
-6.95833
0.291667
16.3333
21.9167
21.5
28.1667
41.9167
44.1667
26.9583
15.5417
-0.0416667
-1.25
-14.0833
5.79167
4.95833
-5.33333
-12.5
-1.375
13.4583
-4.625
-3.91667
2.41667
7.70833
3.625
5.83333
7.70833
7.91667
7.91667
7.58333
4.79167
6.25
7.75
-3.20833
-8.95833
5.25
5.41667
-5.41667
-3.83333
15.0417
18.2917
3.95833
4.70833
-11.375
-19.0833
-14.5417
0.666667
-7.20833
-11.4583
-8.625
6.625
4.91667
-9.125
-0.333333
6.20833
4.45833
3.79167
7.29167
9.875
10.5
10.5
9.875
6.70833
4.16667
7.5
3.54167
-7.58333
-4.83333
1.41667
-6.29167
-13.5417
-6.70833
-0.708333
-0.875
-1.66667
-8.16667
-16.0417
2.75
1.29167
-4.20833
-4.58333
5.20833
15.2083
-4.33333
-3.29167
2.5
7.08333
0.458333
-2.41667
-3.5
-4.20833
-4.08333
-4.08333
-3.875
-1.66667
-0.5
3.58333
8.58333
-1.66667
-9.125
3.25
8.41667
0.875
-6.95833
3.04167
10.0417
-1.04167
-3.83333
0.75
12.875
4.75
-1
2.25
15
8.79167
-6.79167
0.416667
6.66667
3.5
-0.958333
-7.33333
-13.125
-17.9583
-19.0833
-19.0833
-18.0833
-11.75
-5.95833
-0.25
6.83333
3
-7.125
-4.875
5.41667
3.125
-9.54167
-4.79167
9.375
2.70833
-4.20833
9.25
7.95833
2.54167
-1.375
2.125
14.0417
-3.70833
-3.41667
2.16667
6.79167
0.541667
-0.25
-2.66667
-7.83333
-11.7083
-12.5833
-12.5
-12.2083
-9.79167
-4.625
-0.625
2.83333
8.45833
-0.333333
-8.66667
0.458333
4.375
-3.75
-7.29167
3.91667
8.70833
-2.75
5.375
-2.33333
-3.375
7
21
21.125
13.1667
25.8333
32.8333
28.2917
25.5833
26.75
28.7917
28.0833
29.5
30.625
30.2083
29.375
27.7083
28.5833
27.4583
27.4583
35.7917
34.5417
23.5417
19.3333
24.875
18.8333
0.916667
-10.1667
-5.875
2.91667
1.75
-2.79167
1.70833
20.7083
44.5833
33.5833
44.3333
57.8333
62.0833
54.7083
54.3333
55
56.7083
59.4583
62.5417
63.125
62.25
61.4583
60
57.2917
54.375
54.75
59.5833
66.2083
55.8333
38.4167
40.2083
36.4583
12.1667
-8.54167
-5.95833
5.08333
-0.291667
-2.58333
-1.5
0.5
-0.0416667
-12.1667
-4.70833
-4.70833
-9.83333
-12.0833
-14.125
-16.25
-15.5
-12.5
-13.5417
-15.8333
-15.375
-14.6667
-16.5
-19.875
-19.4583
-17.3333
-18.0833
-14.2917
-14.5833
-20.7083
-22.375
-12.9583
-10.7083
-12.625
-5.16667
-3.83333
-11.5833
-15.25
-19.9167
-36.4583
-68.9583
-75.25
-80.9167
-90.5833
-97.875
-97.4583
-99.2083
-100.75
-100.875
-99.5833
-100.792
-101.167
-99.8333
-98.625
-99.875
-101.125
-100.667
-102
-105.875
-106.833
-98.5417
-91.5417
-93.0417
-71.4583
-39.4167
-22.9583
-13.5417
0.583333
2.5
8.54167
18.2083
16.875
-0.458333
3.5
3.66667
0.333333
-6.66667
-13.6667
-19.9583
-26.25
-33.9167
-40.6667
-39.375
-36.875
-36.5833
-36.9583
-33.9167
-28.6667
-26.625
-27.5417
-25
-23.6667
-16.4583
-11.625
-8.04167
7.04167
25.25
36.5417
30.1667
18.875
38.0417
58.375
78.1667
96.6667
118.042
127.375
127.208
120.083
107.667
94.25
84.4167
74.5417
69.0417
66.75
71.1667
72.75
69.2083
63.5833
62.5
65.0417
65.375
67.9583
74.125
79.875
85.125
91
101.667
94.5417
79
69.6667
50.7083
-46.375
9.875
54
23.4167
-30.375
-29
12.625
30.9167
17.0833
2.41667
-0.916667
-1.5
2.91667
12.7917
15.875
3.5
-3
5
-13
-42.8333
-32.4167
6.58333
33.625
30.0833
5.5
-15.375
-31.875
-40.9167
-2.79167
39.625
8.58333
-29.7083
-36.4167
6.29167
44.1667
18.625
-27.9583
-21.75
9.16667
22.7917
24.3333
7.875
-7.66667
-7.08333
-4.95833
10.4583
26.7083
3.45833
-7.54167
16.6667
-2.33333
-40.7917
-32.7083
3.45833
27.8333
24.4583
0.708333
-22.4583
-30.0417
-24.125
3.5
26.0833
2.41667
-20.25
-29.625
4.29167
27.1667
3.83333
-16.0417
-6.95833
-2.16667
8.25
29.125
15.125
-6.75
-10.75
-11.4583
14.5833
36.5
-0.0833333
-18.9167
21.0833
17.2083
-29.8333
-36.4167
-3.54167
24.5417
20.625
-8.125
-31.4167
-29.2917
-8.79167
13.125
16.6667
-4.625
-13.375
-19.125
-1.08333
7.625
0.875
3.41667
4.95833
-14.6667
-12.625
19.7917
21.1667
7.04167
-4.70833
-15.6667
15.25
36.625
-7.75
-25.5
25.5833
37.9583
-15.0833
-39.875
-10.625
15.0417
9.125
-12.1667
-29.2917
-26.625
-4.45833
13.0417
13.75
4.5
-5.75
-13.9583
-6.95833
-4.41667
-2.20833
11.875
14.5833
-14.5
-29.75
12.7917
37.5417
10
-17.5417
-16.5
22.9583
33.9583
-13.7917
-25.5833
19.6667
44
13.7917
-26.9583
-24.6667
1.125
2.54167
-17.125
-29.7917
-21.0417
4.16667
14.0833
5.875
2.33333
-5.66667
-8.70833
-4
-10.0833
-6.75
20.6667
28.375
-16.7083
-43.625
1.41667
37.2917
15.4167
-20.375
-14.2917
27.7083
28
-16.375
-24.6667
13.7083
49.25
40.4583
-18.5
-44.25
-5.20833
9.58333
-20.4583
-37.4583
-16.9167
14.9167
5.83333
-11.3333
6.70833
1.5
-4.91667
-2.75
-16.125
-9.875
30.5833
38.375
-18.625
-53.7083
-5.83333
29.625
3.66667
-14.125
10.75
37
14.125
-24.1667
-22.6667
1.79167
37.125
61.0833
14.0833
-45.75
-28.875
0.75
-13.75
-30.5417
-15.75
12.2083
-1.04167
-18.8333
5.66667
4.29167
-5.04167
-2.79167
-15.4167
-12.875
21.625
38.875
-3.16667
-46.6667
-17.6667
13.375
-3.5
-1.29167
31.7917
32.5
-9.125
-22.375
-3.04167
-0.583333
16.7083
55.9583
37.75
-33.375
-46.75
-9.04167
-2.625
-15.1667
-15.75
1.54167
-2.75
-21.4583
0.208333
7.33333
-2.79167
-4.41667
-17.7083
-11.5417
16.3333
32.5417
8.83333
-28.2083
-27.2917
-10.375
-3.41667
18.0417
39.75
13.5833
-28.0833
-10.9583
23.875
6.75
-7.5
30.3333
47.9583
-6.95833
-45.1667
-16
3.91667
-10.5417
-22.7917
-11.0833
-7.91667
-15.75
11.875
16.125
-1.54167
-3.20833
-18.9583
-15.9583
12.8333
32.5
16.625
-18.25
-37.125
-27.4583
2.58333
32.4583
35.5
-6.5
-34.7083
6.41667
42.75
10.2917
-22.0417
11.2083
45.3333
9.58333
-30.3333
-12.5417
3.04167
-14.5417
-29.2917
-18.125
-6.33333
-7.04167
13.5417
14.3333
-1.875
-1.66667
-15.7083
-17.0417
8.25
29.5833
17
-19.5
-50.875
-34.5833
25.9583
52.5417
18.2917
-28.9583
-29.3333
18.3333
47.5
22.9583
-17.2917
-15.2083
20.0417
21.5
-4.08333
-2.33333
0.708333
-19.3333
-36.0417
-26.9583
-4.5
7.08333
20.1667
11.9583
-2.375
-0.916667
-11.75
-17.9167
0.833333
26.4583
18.2083
-27.2083
-56.0417
-20.5
39.2083
47.75
1
-32.4167
-9
23.4583
30.125
22.5417
-3.66667
-21.5417
4.125
20.7083
8.79167
14.6667
5.25
-29
-43.9583
-26.9583
4.125
10.9583
10.9167
9.75
-1.79167
0.958333
-7.375
-13.7917
-4.375
12.2083
5.25
-30.625
-42.25
4.58333
49.0417
26.2917
-21.1667
-17.2083
18.6667
16.625
-1.75
13.75
21.6667
-8.25
-19.5
0.458333
26.25
46.625
12.1667
-44.7083
-54.9583
-27.8333
6.91667
14.875
15.5833
14.0417
-0.416667
2.25
-4.58333
-7.95833
-4.08333
-4.625
-14.9583
-31
-20.8333
29.0833
50
0.916667
-35.5417
3.41667
46.875
11.7917
-36.375
-4.70833
39.9167
14.75
-24.3333
-18.7917
23.125
67.1667
31.6667
-50.9167
-66.2917
-31.25
1.04167
17.125
22.7917
13.25
-1.20833
1.16667
-1.91667
-6.20833
-6.83333
-12.6667
-29.5417
-32.3333
6.875
49.125
29.6667
-25.4167
-28.625
26.25
52.7917
2.625
-47.375
-14.625
44.7083
36.5833
-16.9583
-38.125
6.08333
72.2083
50.375
-44.375
-74.1667
-27.2083
10.125
14
6.04167
-6.20833
-2.41667
-0.458333
-1.45833
-4.29167
-11.0833
-25.2083
-36.9167
-15.9583
32.8333
48.3333
2.625
-37.625
-11.875
43.5417
52.2917
-6.58333
-53.2917
-21.125
38.9167
47.125
1.91667
-37.4167
-14.375
52.3333
58.2917
-19
-68.6667
-35.1667
12.6667
18.5
-4.08333
-21.7083
-2.54167
-2.5
-3.5
-4.91667
-17.0833
-38.5833
-33.875
14.0833
52.9583
28.5833
-26.1667
-33.3333
10.5833
48.625
42.0833
-11.5417
-51.5
-25.375
28.5833
50.5417
23.125
-25.5833
-30.8333
24.2917
55.0417
5.95833
-52.7083
-36.3333
10.5833
8.08333
-18.9167
-20.9167
-1.66667
-2.16667
-5.875
-6.45833
-23.1667
-47.7083
-22.375
39.625
54.5417
2.83333
-38.3333
-16.5
25.125
41.1667
26.5417
-10.2083
-35.5833
-20.75
15.5417
38.25
31.0833
-4.125
-30.5
-6.20833
34.4583
18.25
-32.125
-23.4167
17.8333
3.125
-32.7083
-21.8333
-3.125
1.625
-1.79167
-15.6667
-40.125
-42.4583
9.41667
56.2917
31.625
-24.4583
-32.125
5.875
28.125
25.0417
16.7083
-4.04167
-22.5833
-12.0833
8.41667
21.25
30.625
15.375
-23.625
-27.375
13.625
22.3333
-14.5
-14.2083
15.875
0.875
-29.2917
-15.4583
-3.83333
1.875
-2.45833
-25.7917
-47.7083
-25.5
31.7083
52.2917
7.83333
-34.375
-16.1667
21.9167
26.75
11.25
3
-1.70833
-5.45833
-1.83333
2.41667
7.16667
20.5
24.125
-2.25
-27.4167
-14.1667
4.45833
-0.166667
9.04167
21.0833
-2.54167
-31
-22.375
-2.41667
3.95833
-10.3333
-41.4167
-42.0833
5.625
48.9583
31.5
-20.0417
-29.6667
6.25
27.5833
17.9583
6.45833
3.83333
-1.875
-7.75
-3.375
3
4.20833
11.625
25.625
16.2917
-19.2083
-30.9167
-8.83333
4.625
13.1667
22.4167
2.41667
-22.4167
-13.8333
-2.79167
-0.75
-21.9583
-47.4583
-22.7917
30.0417
45.625
6.5
-30.0417
-13.75
20.7083
25.4167
9.83333
4.875
7.33333
-2.29167
-13.7083
-8.33333
3.58333
6.04167
6.75
18.375
24.5417
2.41667
-27.5
-33.0833
-12.5417
25.2917
41.9167
7.66667
-24.6667
-13.1667
-6.5
-6.70833
-33.5417
-43.3333
6.16667
47.6667
25.5
-20.875
-25.4583
8.125
26.2917
16.7083
4.58333
5.91667
10.1667
-1.875
-17.75
-13.375
2.5
8.70833
5.41667
10.125
24.1667
19.7917
-14.2083
-43.5833
-29.4167
19.8333
47.4167
22.2917
-16.625
-20.4167
-13.9167
-15.6667
-35.75
-28.3333
25.7917
46.2917
4.08333
-30.5417
-10.4583
22.0833
23.875
8.70833
1.20833
5.95833
12
0.666667
-19.9583
-18.4583
1.75
11.0833
5.75
4.33333
15.9583
26.5833
9.125
-30.375
-44.4583
-10
35.7917
42.9167
10.0417
-19.5417
-22.0833
-34.375
-35.875
2.375
46.5
27.5
-22.875
-25.8333
10.4583
27.1667
15.7917
3.5
0.541667
5.66667
11.75
1.29167
-19.2083
-18.8333
1.16667
11.125
5.79167
1.625
8.33333
24
23.75
-12.5
-45.7083
-28
22.2083
52.4583
26.375
-25.7917
-30.2083
-43.5
-22.7917
25.5417
46.5
5.625
-31.7083
-10.0833
22.8333
23.5417
8.29167
0.541667
0.5
5.58333
11.5417
1.29167
-18.8333
-18.5
1.16667
10.8333
5.5
0.875
2.83333
15.2083
30.0417
12.3333
-36.0417
-50.5
-1.75
54.5833
48.5417
-11.4167
-39.125
-37.75
3.16667
46.25
35.75
-20.375
-35.625
5.79167
29.5833
16.0833
0.666667
-0.541667
2.875
5.16667
7.95833
1.75
-13.875
-17.2917
-2.25
10.0833
7.95833
0.583333
-1.79167
8.66667
27.9167
23.0417
-22.7917
-55.25
-20.1667
44.1667
58.9583
5.5
-45.3333
-17.375
30.5833
49.0833
15.4583
-32.6667
-25.6667
15.4583
25.5833
8.95833
-1.91667
-0.791667
2.25
3.08333
4.95833
2.54167
-8.625
-13
-1.79167
8.25
6.41667
0.125
-1.875
3.70833
17.9583
27.4583
-3.08333
-52.2917
-42.9167
22.5417
67.3333
33.0417
-48.9167
-0.0416667
57.1667
47.75
-8.125
-37.6667
-11.2917
19.9167
17.6667
4.04167
-2.33333
-0.75
2.25
1.25
1.25
2.83333
-2.33333
-7.25
-1.29167
5.875
4.75
-1.20833
-2.83333
1.91667
10.3333
21.1667
7.54167
-35.5
-46.8333
4.54167
66.375
47.5833
-41.0833
3.16667
60.625
42.4583
-13.7083
-26.7083
-1.625
15.4583
10.4167
0.375
-3.45833
0.0416667
3
0.625
-1.20833
0.958333
1.45833
-1.70833
-1.125
3.25
3.5
-1.66667
-3.25
2
5.79167
11.2083
11.4583
-16.0417
-39.9583
-5.16667
57.6667
44.9583
-18.2917
26.5
54.2917
19.2083
-15.5
-12.3333
0.75
5.91667
2.45833
-9.91667
-17.6667
0.0416667
17.875
10.9583
-0.416667
-1.375
0.25
-1.08333
0.416667
8.20833
12.2083
-0.625
-15.0417
-6.5
4.70833
7.04167
13.5
0.333333
-25.5833
-19.875
25.1667
41.0417
-11.625
40.2917
51.625
6.79167
-10.8333
-6.33333
-6.375
-6.66667
-11.1667
-16.2083
-7.25
17.4167
25.5417
7.29167
-6.375
-3.58333
-1
-5.91667
-5.29167
9
21.0417
6.75
-15.5417
-8.375
3.125
-0.75
7.5
16.4167
-4.95833
-36.875
-8.58333
41.2083
-7.31481
-3.33333
-1.07407
3.35185
9.46296
17
16.6667
14.5556
13.7037
19.2037
25.9815
27.6111
20.2407
19.5741
18.1481
26.6481
27.0185
21.7593
14.1296
6.01852
7.37037
17.2222
28.037
31.3148
25.5
24.1296
27.0741
26.463
-9.27778
-10.7963
-7.24074
-5.27778
0.277778
7.07407
3.81481
1.12963
8.62963
22.963
35.4259
44.6111
45.7407
43.0741
37.8148
49.1481
45.0741
31.8519
21.537
10.6852
4.48148
12.7778
18.7222
19.6852
12.9259
14.5556
17.9259
17.2222
-14.1667
-19.7778
-15
-13.6111
-10.037
-3.85185
-10.3704
-4.35185
5.07407
13.7407
20.1111
28.3704
37.8519
31.0556
22.1296
29.7778
19.5556
8.62963
7.05556
3.44444
-7.37037
-9.40741
-7.46296
-2.22222
-0.407407
5.61111
9.51852
11.0741
-10.1481
-15.7407
-12.3148
-9.35185
-8.27778
-11.1296
-12
-2.85185
5.42593
4.35185
1.57407
2.11111
11.9074
8.7037
5.96296
0.907407
-9.24074
-12.1667
-9.07407
-4.66667
-10.9074
-22.6667
-27.3519
-23.1296
-14.4444
-11.2593
-9.03704
-9.14815
-3.77778
-6.18519
-6.64815
-2.94444
-4.87037
-13.2778
-10.7037
-3.87037
-6.7037
-14.6667
-20.8704
-25.8704
-20.5185
-13.8519
-12.3148
-26.9259
-29.463
-24.7222
-18.4074
-12.0556
-9.75926
-25.537
-36.6296
-29.3519
-14.8148
-17.7407
-12.5556
-6.11111
5.51852
4.81481
2.40741
3.68519
-3.90741
-9.35185
-1.85185
-4.85185
-15.3148
-20.7037
-22.3519
-31.3889
-32.2778
-11.5556
-5.72222
-26.2222
-24.2778
-18.537
-17
-14.8148
-4.61111
-11.5741
-28.5741
-31.4815
-21.7778
-25.3333
-17.1667
-8.98148
8.66667
8.44444
5.14815
-0.981481
-9.14815
-4.85185
0.185185
-9.44444
-26.1111
-24.9074
-20.5185
-24.8889
-25.6481
-6.98148
-3.44444
-17.4259
-14.2593
-9.61111
-10.9259
-11.4259
-2.94444
2.40741
-8.53704
-19.6667
-14.5926
-10.9815
-2.7037
6.59259
6.85185
8.90741
6.5
-3.64815
-6.38889
5.88889
6.01852
-5.7037
-14.2593
-7.68519
-1.25926
0.222222
-0.0555556
4.51852
6.25926
7.64815
5.74074
6.2037
0.740741
-3.40741
-1.25926
14.0556
15.9444
0.351852
-1.83333
12.5741
15.2037
15.0556
1.94444
3.85185
-2.12963
-12.6667
-6.68519
1.62963
-4.22222
-12.5556
-10.7037
-3
3.75926
16.4444
20.8889
6.55556
7.42593
24.7407
25.7037
21.6852
16
10.4815
4.68519
15.9815
30.0741
24.2963
19.7778
33.4259
32.7963
28.8333
-5.74074
-5.5
-15.463
-16.7037
-4.7963
-4.11111
-11.7963
-13.3889
-1.01852
6.85185
13.9444
32.4259
33.1481
10.0556
9.46296
33.3333
38.2593
31.2778
23.7963
16.8333
8.85185
12.2778
29.9815
39.3889
32.3704
35.1296
32.2037
26.7593
-8.53704
-16.1111
-27.1667
-19.6481
-12.7407
-19.7963
-25.6481
-20.7778
-11.8889
-10.2963
-3.75926
12.2037
9.31481
-4.05556
-5.22222
10.5556
20.4074
16.9444
12.1481
11.6667
6.53704
-1.92593
6.88889
21.5556
15.8148
4.38889
0.222222
3.16667
-10.6111
-20.8889
-22.2407
-9.62963
-9.7037
-18.3704
-19.2963
-10.963
-9
-12.537
-9.87037
-10.4074
-18.7778
-18.037
-19.4259
-18.2963
-10.1481
-3.96296
-6.18519
-3.11111
-2.61111
-12.6296
-15.3889
-5.81481
-8.72222
-27.1296
-38.4815
-34.5926
-9.42593
-18.4815
-8.87037
-1.62963
-9.40741
-17.1852
-13.6667
-7.2963
-9.98148
-17.3519
-20.8704
-36.4259
-40.9815
-27.5741
-25.1296
-37.2593
-35.5926
-24.037
-18.4074
-14.7963
-12.2593
-23.0556
-37.3333
-40.4815
-39.6296
-53.3333
-69.9259
-68.5556
-13.4259
-12.3148
3.83333
3.88889
-4.14815
-6.62963
-0.555556
2.96296
2.98148
4.77778
-2.18519
-22.5926
-21.2037
-7.7963
-4.46296
-19.5741
-25.5
-14.6296
-5.87037
-10.8148
-12.7963
-16.5
-31.2778
-40.8148
-38.0741
-42.9444
-56.4074
-64.2778
-17.2222
-7.40741
1.83333
-4.25926
-9.77778
-6.85185
-2.12963
-0.814815
5.68519
13.6852
5
-3.92593
3.64815
13.2407
15.9074
6.75926
-4.38889
-3.94444
7.16667
2
-6.14815
-8.12963
-17.7222
-27.2407
-28.3704
-23.5556
-24.9815
-34.3333
-13.1111
0.962963
0.574074
-6.77778
-6.48148
0.0925926
2.59259
3.51852
13.4444
20.0185
12.4444
15.8519
24.4815
26.5741
25.537
25.1667
15.8519
8.61111
14.8519
15.1111
5.33333
5.05556
5.14815
-0.87037
-4.09259
5.14815
16.4444
7.90741
-2.7037
5.14815
-3.7963
-10.4074
-6.35185
-1.12963
-1.35185
2
11.1852
5.96296
2.2037
13.0556
19.5741
16.7037
14.9444
19.7407
16.2222
4.05556
4.07407
15
14.3333
13.9444
19.2037
17.2037
9.92593
18.4815
33.4074
32.6111
10.1667
9.87037
0.685185
-2.12963
1.85185
3.75926
4.64815
11.3333
11.3333
-0.592593
2.33333
12.7037
14.3519
8.85185
7.40741
12.0926
14.9444
6.77778
-1.18519
9.05556
17.6667
18.3519
24.037
24.4074
24.1481
29.6667
40.2778
44.1111
7.48148
0.481481
-5.5
-3.7963
-1.77778
-2.22222
1.96296
10.6667
1.55556
-4.96296
4.48148
12.0926
9.42593
5.42593
5.2037
7.59259
12.9074
10.3333
-2.09259
-1.14815
12.5926
18
18.3519
20.0556
20.6481
18.5
20.7222
31.0185
2.48148
-4.81481
-4.81481
-0.0925926
0.87037
1.05556
9.98148
10.9444
-3.07407
-0.777778
10.1111
12.6667
7.83333
6.01852
6.01852
6.61111
10.7778
14.1296
5.2963
-4.37037
3.16667
10
8.46296
9.35185
15.6667
12.2593
10.4074
18.7407
-5.94444
-11.7963
-8.2037
-3.68519
-1.98148
2.37037
9.96296
1.37037
-6.90741
0.722222
6.46296
3.05556
-0.777778
-1
-1
-1
0.962963
5.92593
5.33333
-6.14815
-6.2963
3.51852
4.25926
2.87037
1.42593
-3.83333
-7.66667
-4.59259
-2.72222
-4.53704
0.5
2.96296
4.7037
13.037
12.2407
-3.24074
-3.09259
2.2037
-0.148148
-7.68519
-9.94444
-9.90741
-9.88889
-9.88889
-9.46296
-5.2963
2.51852
-1.77778
-8.12963
-2.96296
4.40741
3.44444
0.851852
0.537037
0.425926
-5.01852
-0.0925926
3.05556
8.44444
12.2593
17.0926
27.2222
18.3519
11.3148
18.6667
20.5
11.9074
5.05556
4.18519
3.92593
4.01852
4.42593
4.61111
6.48148
15.1667
20.1481
13.2963
11.7222
19.1481
20.5
10.9259
6.87037
2.51852
-7.77778
7.85185
15.463
21.3148
27.3519
37.4815
41.1111
30.9259
33.8519
42.463
41.2593
33.6667
30.463
29.8148
29.3704
29.3148
29.6852
29.8704
30.4259
35.4259
43.8889
40.0741
30.7963
32.0556
36.3333
30.2963
22.3333
16.4074
5.88889
5.88889
13.9444
19.2593
27.2037
40.2222
36
34.037
45.1111
50.2407
46.8889
43.0556
43.1667
42.7778
41.9815
41.8333
42.3333
42.7222
42.4815
43
49.3889
49.1481
37.9444
30.3889
34.2778
30.963
19.0741
7.42593
0.925926
-3.61111
-1
-0.388889
1.07407
2.31481
-10.1111
-7.51852
-1.7963
-2.18519
-5.2037
-4.64815
-4.2037
-5.05556
-5.01852
-5.33333
-6.03704
-6.01852
-5.83333
-7.40741
-7.18519
-4.46296
-9.5
-18.1481
-16.8148
-8
-9.03704
-10.8889
-8.38889
-7.35185
-7.7037
-6.66667
-7.96296
-19.3519
-31.6111
-31.0556
-34.4815
-42.3704
-47.6481
-50.0185
-53.5185
-57.4444
-60.2963
-60.463
-59.2963
-56.7593
-55.3889
-56.2407
-57.0185
-54.0185
-50.9815
-52.6111
-50.5741
-35.5556
-25.4815
-21.7407
-14.0741
12.2963
13.7222
16.5556
11.4259
-8.62963
-18.6667
-24.5926
-34.6852
-43.2222
-47.4444
-50.7222
-55.4259
-58.9815
-60.5556
-60.7778
-60.7778
-59.6852
-59.463
-61
-63.4259
-62.1111
-54.4815
-47.2222
-41.6667
-25.5185
-9.40741
0.740741
7.77778
23.8519
7.22222
-5.62963
-13.8148
-2.7037
15.5556
23.2222
18.5
-0.574074
1.75926
16.3704
28.8333
14.1852
-4.37037
-3.07407
9.75926
7.96296
-13.8519
-23.3704
-11.037
6.42593
1.77778
-21.963
-36.963
-35.0556
-10.9259
-1.25926
10.9074
12.7778
3.37037
0.87037
-8.5
-1.94444
11.2963
17.8704
15.3519
-4.53704
5.07407
17.9259
32.7778
10.2407
-6.98148
-4.74074
16.537
19.963
-1.59259
-19.5741
-14.6481
-1.57407
-4.44444
-27
-38.2037
-36.0185
-10.7778
-4.12963
12.8333
2.61111
7.5
14.6111
0
-6.81481
-5.18519
4.7963
9.2037
3.18519
13.1296
22.1111
26.1481
7.46296
-4.16667
1.74074
19.7222
26.6667
11.463
-9.66667
-19.2222
-18.0926
-18.4074
-30.5741
-33.5556
-30.463
-6.66667
-3.31481
11.5185
-5.42593
5.53704
24.2963
8.09259
-5.44444
-16.463
-5.33333
2.7037
10.6481
15.7407
21.3519
13
4.96296
2.53704
14.6296
26.2407
29.8148
18.8889
-2.85185
-21.7222
-30.1852
-30.7222
-31.6296
-28.0741
-20.7778
-2.64815
-3.59259
4.51852
-7.5
6.98148
28.3519
10.7222
-8.64815
-27.7778
-15.1481
0.962963
16.9074
19.2778
14.4074
4.51852
4.37037
13.1481
26.6852
31.0741
30.2593
17.5
1.81481
-19.5
-27.5926
-35.5926
-34.3519
-32.0741
-20.1481
-4.68519
-5.22222
4.33333
-6.03704
8.03704
28.7407
8.57407
-16.6852
-37.7407
-24.5185
2.09259
22.8519
27.1296
16.037
4.22222
1.05556
9.61111
23.3889
33.5
35.1111
23.1296
4.66667
-15.3704
-22.8333
-31.4074
-34.4074
-37.5926
-29.3333
-14
-7.38889
8.74074
-6.16667
4.55556
22.1481
3.57407
-22.3704
-43.6296
-25.9815
7.94444
31.8333
30.2037
14.037
2.16667
1.40741
10.1852
21.3889
32.3519
31.1852
21.0556
2.74074
-8.48148
-11.0556
-19.0926
-28.9259
-42.8889
-39.037
-23.1481
-6.14815
14.4815
-8.48148
0.796296
20.3333
2.90741
-20.1111
-46.5
-23.7593
6.57407
34.4074
26.5926
14.8519
3.16667
4.05556
8.01852
16.6481
27.0926
29.0185
19.9259
5.46296
-1.2963
3.07407
-7.05556
-24.2778
-48.8704
-48.6667
-30.537
-7.40741
15.4444
-11.3889
-2.92593
14.8704
-0.0555556
-19.9074
-39.7037
-17.8889
8.22222
27.4074
22.7222
14.4815
10.5556
7.05556
6.88889
7.92593
18.6852
25.9259
21.1852
11.1111
5.81481
16.1296
3.25926
-21.1481
-54.7593
-54.3333
-31.0185
-5.37037
15.1667
-12.1852
-6.88889
6.09259
-6.75926
-21.7407
-33.2222
-12.2963
12.0556
25.2037
22.6296
14.4444
14.537
8.75926
7.33333
3.74074
13.8889
21.537
19.6111
11.5741
9.27778
24.0741
15.1111
-12.3519
-54
-60.0185
-36.5926
-6.12963
14.1481
-13.0926
-12.2778
-5.77778
-15.9815
-20.2963
-21.7407
-0.981481
12.0556
20.7222
15.3704
14.963
14.5926
14.5926
11.3889
7.77778
11.9444
17.1852
15.9444
10.0926
8.44444
26.3704
20.5741
-4.66667
-51.9444
-56.7963
-34.4444
-2.66667
7.44444
-12.7778
-20
-19.963
-25.7963
-15.6481
-8.03704
10.5926
12.9815
14.5
9.46296
14.7963
19.3148
17
9.18519
5.46296
13.0926
18.7407
13.0926
6.59259
6.94444
29.6111
26.037
2.44444
-49.037
-57.9444
-37.0185
-0.148148
10.5741
-13.9259
-25.9815
-33.9259
-32.5185
-13.1296
5.75926
19.3889
16.8704
9.96296
8.31481
15.6296
26.1296
16.9074
3.25926
-2.96296
11.5741
22.2963
14.963
7.14815
7.14815
30.7407
27.7778
5
-43.8704
-56.8519
-37.7222
-4.14815
11.3333
-17.4815
-31.537
-39.2778
-30.2778
-8.75926
12.9815
20.5
15.5185
5.53704
8.61111
21.9259
33.1852
16.2407
-6.51852
-13.0185
10.537
27.8889
21.9259
7.68519
5.74074
23.6481
21.7222
2.16667
-34.3148
-39.7407
-24.7778
-3.2963
-1.5
-22.1111
-40.1296
-41.3889
-24.2593
3
19.4259
21.3148
9.96296
3.01852
9.57407
29.8889
37.4074
15.1481
-15.8704
-22.0926
5.75926
30.6667
28.8333
11.9444
5.11111
16.6296
15.1481
-0.722222
-27.5185
-28.537
-15.1111
-1.48148
-3.61111
-27.8889
-45.2593
-38.2037
-16.6111
13.7407
24.3704
20.7037
4.7963
0.444444
12.8519
34.6111
38.1296
11.3148
-20.8704
-27.1852
1.61111
31.2407
35.3889
18.5185
6.05556
9.94444
7.33333
-4.85185
-21.3148
-16.037
-4.18519
-2.55556
-12.9259
-35.3148
-43.7963
-30.9074
-4.40741
18.2037
26.0926
15.3704
3.94444
0.351852
17.6852
33.1481
33.9444
7.90741
-17.1296
-23.7778
-0.925926
24.7222
34.2222
21.9074
8.05556
5.16667
1.83333
-7.90741
-19.0741
-11.2963
2.92593
3.62963
-9.11111
-40.2222
-38.4074
-19.7593
6.87037
21.7407
22.3704
8.81481
1.38889
4.22222
21.4074
31.1667
28.2037
6.12963
-12.8704
-19.8704
-3.46296
18.1111
31.5556
24.2593
10.8889
1.94444
-2.25926
-11.5741
-18.8704
-7.90741
11.9444
14.7778
-3.83333
-39.2407
-29.6296
-5.77778
12.1481
21.3889
14.8333
6.7963
2.22222
12.2222
23.4815
27.9259
19.1481
3.25926
-9.62963
-14.1296
-4.62963
10.8519
24.7222
24.9074
16.1852
4.42593
-5.05556
-15.5926
-20.6667
-7.01852
16.1667
21.1667
3.07407
-33.9074
-21.1481
4.46296
16.5185
19.4815
9.27778
3.59259
6.33333
17.8148
25.5556
24.7778
16.2222
1.77778
-11.537
-17.3704
-9.05556
6.72222
21.5185
26.7407
20.7407
8.61111
-4.77778
-15.2593
-20.8704
-10.6111
12.3704
26.2963
17.2407
-26.2778
-7.7963
10.5185
18.037
13.5185
7.48148
3.85185
13.2593
20.4815
24.4444
19.0741
12.6667
0.444444
-11.5556
-17.6111
-10
3.74074
16.537
23.3889
23.1296
14.9815
-0.203704
-14.7963
-21.8519
-12.5185
10.9444
27.7222
26.2407
-17.2222
2.46296
14.6667
16.0741
8.64815
4.81481
8.01852
18.537
22.1296
19.8704
14.0741
9.87037
0.555556
-10.6296
-16.6667
-9.77778
1.75926
12.1481
18.3519
22.9444
19.7593
6.81481
-11.4259
-22.2778
-16.8148
5.53704
28.4259
32.8148
-1.98148
12.5556
17.2778
8.92593
2.2037
1.94444
12.963
20.6481
20.6667
14.2778
10.3519
8
0.851852
-9.35185
-15.6481
-9.96296
0.722222
9.48148
13.7222
19.037
22.5185
16.6111
-3.35185
-23.6667
-30.3519
-8.2963
22.5185
42.2222
12.3519
22.2407
17.8148
1.12963
-5.68519
2.05556
16.8148
22.0741
16.463
9.48148
7.72222
7.62963
0.981481
-9.07407
-15.4074
-9.37037
1.25926
8.98148
10.537
14.7778
21.5185
20.963
3.22222
-21.9444
-34.1481
-16.4444
17.5185
40.5556
27
31.5556
14.537
-4.85185
-10.9444
5.61111
18.037
20.8333
11.1296
6.33333
6.55556
7.66667
1.22222
-8.68519
-14.6667
-8.72222
1.94444
8.75926
7.83333
9.11111
17.0926
22.6111
10.4444
-17
-36.6481
-23.9259
13.4259
43.6481
38.1111
36.8889
13
-9.81481
-9.46296
9.27778
18.4259
15.8704
6.25926
4.18519
6.12963
7.24074
1.38889
-7.62963
-13.0556
-7.92593
1.87037
8
6.31481
5.42593
12.1481
20.5556
14.963
-8.92593
-31.0556
-23.7037
13.4444
43.2222
45.7037
30.9074
5.88889
-15.0185
-7.74074
5.27778
7.27778
-0.481481
-1.09259
6.62963
15.3704
12.9815
4.66667
-5.62963
-9.01852
-3.46296
6.85185
12.1111
6.59259
-1.96296
-1.12963
11.6296
17.8889
6.53704
-20.1667
-25.7593
-2.57407
27.9815
50.3519
23.7778
-5.33333
-20.4074
-11.5741
-2.5
-2.48148
-1.24074
8.27778
17.8333
18.5556
8.7963
-0.37037
-7.55556
-9.16667
-4.83333
6.14815
13.9815
11.7778
0.62963
-3.05556
4.24074
15.7222
13.1111
-6.96296
-22.9074
-13.537
10.7222
32.1111
36.6667
8.38889
-11.8333
-31
-25.1667
-22.3889
-8.38889
-0.555556
8.27778
-3.66667
-7.05556
-22
-15.7778
-20.7222
-12.8889
-1.94444
13.1667
17.8889
7.77778
4.5
6.5
10.3889
-1.22222
-9
-15.6667
-16.7222
-10.8333
-10.2222
10.1111
5.38889
27.6111
47.1111
36.8333
-0.555556
-41.2222
-39.3889
-15.9444
4.27778
-5.77778
-14.4444
-15.8333
-0.944444
-3.33333
-4.72222
-29.5
-41.1667
-46.8889
-17.7778
14.6111
36.8333
28.1111
27.7778
25.7222
35.1111
11.2778
-16.4444
-40.8889
-42.6667
-21.3333
-1.77778
28.7778
25.7222
28.0556
25.6111
24.8333
-3.94444
-29.2222
-16.6111
18.2778
33.8889
-0.722222
-32.5
-39.6111
-10.8333
-0.666667
-7.05556
-40.1111
-55.2222
-55.1111
-30.7778
-1
37.8333
51.3333
60.1667
39.5
37.0556
10.1111
-15.1667
-48.0556
-45.7778
-13.5556
21.7778
35
16.0556
7
9.27778
10.5
4.5
-8.77778
14.5
38.0556
35.6667
-6.72222
-46
-45.1667
-20.5556
-11.6111
-8.88889
-20.6667
-6
-17.7778
-35.7222
-46.6667
-8.44444
47.5556
72.9444
55.5
27.1667
7.11111
-10.9444
-29.3333
-25.3889
-7.05556
14.7222
0.666667
-11.7222
-15.4444
-1.72222
6.83333
10.5556
14.2778
23.8333
34.8333
18.3889
-7
-37.9444
-31.2222
-23
-15.3333
-13.3333
1.38889
28.6111
18.8333
-23.5
-62.3889
-48.6667
22.1667
57.3333
56.3333
9.22222
-4.27778
-4.72222
0.222222
9.38889
8.16667
7.83333
-19.4444
-28.2222
-19.7778
-1.38889
2.61111
6.55556
9
13.6667
12.5556
10.3889
3.22222
-4.05556
-11.3889
-17.7778
-20.8333
-7.11111
20.3333
39.3889
24.6667
-15.9444
-52.5
-62.2778
-13.7222
23.0556
41.9444
4.44444
-4.44444
0.388889
23.3333
30
14.0556
-16.5556
-38.7222
-32.3889
-13.1667
4.61111
5.38889
0.555556
-6.05556
-12.1111
-8.38889
12.5556
26.6667
33.6111
8.66667
-17.6111
-27.7222
-12.8333
15.3333
3.88889
2.22222
-2.33333
-7.61111
-43.2222
-46.0556
-10.5
29.7778
19.2222
3.16667
1.55556
22.8333
29.2778
21.6111
-2.5
-10.8333
-17.6667
-15.9444
8.83333
6.77778
-1.77778
-16.3333
-21.8333
-15.7222
23.8333
41.1111
47.3333
-2.5
-33.3889
-33.7778
2.16667
12.7222
-24.9444
-35.3333
-1.77778
31
1.55556
-43.8889
-36.3333
5.88889
23.6111
9.72222
-0.722222
11.1111
21
17.9444
7.22222
3.22222
0.277778
-14.1667
12.2222
10.2222
2.16667
-8.61111
-20.2222
-15.2222
9.33333
32
32.0556
-12.6111
-35.9444
-26.1667
14.8889
-2.16667
-42.3889
-53.6111
7.16667
55.6667
34.6667
-33.5556
-50.1667
-13.9444
26.7222
12.8333
4.22222
-0.5
12.2222
7.33333
17.1667
18.4444
20.8889
3.05556
8.27778
10.3889
11.0556
11.3889
-2.05556
-11.9444
-9.27778
6.11111
0.5
-22.2222
-23.7222
6.11111
22
-14.5556
-49.3333
-49.9444
-1.05556
44.1667
51.1111
0.722222
-47.2222
-50.8333
-1.16667
16.5
29.6111
12.7222
11.3889
-6.44444
-2.61111
3.44444
25.2778
32.6667
2.05556
8
14.8889
27.3333
17.3889
1.61111
-23.3889
-28.2778
-39.4444
-28.9444
0.277778
34.7778
12.0556
-26.8333
-39.9444
-15.1111
1.88889
18.0556
35.7778
16.6667
-30.2222
-67.0556
-21.1111
25.0556
58
35.2778
8.22222
-18
-23.2222
-6.66667
28.3889
55.6667
-0.333333
7.61111
17.5
28.5
24.0556
10.3333
-14.8889
-41.1667
-54.7222
-27.3333
21.9444
37.1111
-6.61111
-28
-5.55556
26.0556
-2
-27.1111
-5.38889
24.5556
-0.555556
-53.7222
-42.9444
18.5556
61.6667
51
14.9444
-5.5
-12.3333
-0.111111
20.8333
31.7222
-0.0555556
5.22222
11.3333
19.7778
19.1111
10.3889
-19.7778
-53.7222
-53.7222
-8.83333
40.2778
20.3889
-17.8889
-15.0556
39.5556
58
7.11111
-50.6111
-44
4.61111
16.1111
-20.8889
-39.4444
2.27778
43.7778
47.0556
21.0556
8.27778
12.7222
18.0556
21.8889
10.1667
1.22222
3.38889
4.5
7.05556
4.55556
-2.61111
-30.5556
-43.7222
-22.7222
32.5556
43.2778
-3.5
-33
1.55556
63.6111
68.7778
9.38889
-58.8889
-71.9444
-18.6667
27.7778
22.2222
-21.8889
-20.2778
9.16667
36.8333
35
33.1667
36.2778
27.3333
4.5
-22.2222
2.38889
0.166667
-1.55556
1.83333
0.333333
-16.2222
-51.0556
-43.3333
1
57.6111
29.8333
-16.1667
-31.6667
12.3333
43.0556
38.4444
8.61111
-23.3333
-45
-22.6667
20.4444
40
-1.55556
-32.4444
-23.6667
14.6111
30.6111
31.1667
35.8889
27.7222
5.5
-18.0556
4.33333
-0.888889
-2.77778
-1.88889
-6.5
-30.0556
-46.1667
-19.0556
34.3889
50.8333
2.22222
-31.0556
-23.0556
8.61111
6.16667
-0.722222
2.77778
9.72222
-7.16667
-13.2778
12.8333
47.3889
19.1111
-33.6667
-57.2778
-12.9444
23.4444
31.4444
25.8889
16.3889
1.77778
-20.6111
6.55556
0.833333
-2.27778
-3.94444
-14.9444
-39.1667
-35.6667
1.72222
47.8333
23.7222
-18.7778
-31.1667
2.55556
7.11111
-20
-37.2778
-5
32.2778
32.4444
1.33333
-3.83333
27.1667
29.0556
-17.4444
-64.8333
-48.0556
-3.83333
17.5556
20.5
15.3333
5.77778
-8.33333
3.38889
0.888889
-0.944444
-7.5
-28.8889
-36.8889
-11.7222
37.1111
45.5556
-3.77778
-34.7222
-18.7222
19.2222
12.4444
-14.3889
-27.7778
-4.88889
19.8333
24.7222
-4.38889
-18.3889
6
34.7778
7.27778
-53.8889
-71.8889
-31.6667
11.3333
21.3333
15.2778
8.77778
4.38889
-6.22222
-1.66667
1.05556
-12.2778
-37.9444
-31.1111
7.27778
52.0556
24.5
-18.2778
-31.0556
6.77778
30.2222
18.2222
-4.33333
-13.7222
-3.66667
7.11111
12.0556
-7.11111
-26.9444
-18.3889
20.6111
27.8889
-17.3333
-66.5
-57.5
-6
17.2222
18.2778
6.05556
23.7222
-12.3333
-6.05556
-0.666667
-21.2222
-33.3333
-14.5
35.2778
46
-0.777778
-31.3889
-16.5556
22.7778
26.7778
12.8889
1.44444
0.833333
0.388889
-0.722222
-0.833333
-7.77778
-24.4444
-28.4444
1.83333
33.9444
14.2222
-41.1111
-64.5
-24.5
13.3333
24.6111
20.7222
27.8889
-12.9444
-7.16667
-11.8889
-34.0556
-31.0556
1.94444
48.1667
24.2222
-16.8333
-29.1111
7.5
29.8889
21.6111
5.05556
0
0.777778
1.11111
0.333333
-0.555556
-2.5
-14.7222
-29.9444
-20.1111
19.4444
38.1667
10.7222
-34.8889
-36.1667
-18.4444
4.16667
12.8333
29.6111
0.888889
-5.16667
-31.6667
-43.5556
-17.6111
32.9444
46.0556
-1.66667
-30.8889
-16.5556
22.6667
26.5556
12.4444
2.5
4.27778
6.44444
3.16667
-1.72222
-6.22222
-5
-8.44444
-22.1667
-28.1667
0.555556
37.3889
38.7778
-3.72222
-36.7222
-21.8889
8.72222
29.6667
17.4444
7.77778
-11.8333
-46.7222
-43.7222
-2.83333
50.8889
28.7778
-12.5556
-26.8889
7.44444
28.7778
20.8333
5.77778
5.33333
10.9444
14.6111
5.77778
-5.44444
-14.2778
-11.1111
-6.77778
-13.3889
-29.2778
-21.1667
19.3889
53.6111
31.4444
-22.3333
-42.3333
-15.7778
15.3889
19.9444
7.94444
-26.3333
-43.3333
-24.1667
31.5556
46.7222
3.94444
-26.9444
-13.1111
22.8333
26.2778
11.6111
1.5
5.16667
12.0556
16.1667
8.05556
-5.72222
-15.7778
-13.2222
-6.44444
-5.77778
-20.2778
-28.2222
-3.66667
35.7222
43
0.0555556
-26.2778
-14.6667
21.6111
21.6667
-9.61111
-42.1111
-34.1667
3.61111
48.4444
25.2222
-14.7222
-24
8.77778
28.7778
19.8889
4.66667
0.0555556
-0.111111
1.77778
3.38889
4.05556
0.277778
-2.94444
-3.94444
-2.05556
-1.61111
-11.1111
-29.1667
-23.1111
15.2222
50.8333
30.7222
-21.6667
-40.3889
-8.88889
22.7222
-28.7778
-40.3333
-15.2778
35.8333
44
-2.77778
-31.8333
-13.8333
23.0556
26.1111
11.0556
0.722222
-0.666667
-5.77778
-9.61111
-11.3889
-1.83333
5.94444
11.5556
7.77778
3.72222
0.555556
-3.33333
-20
-28.8889
-7.66667
38.3333
46.7222
4.44444
-35.4444
-14.4444
16.8333
-45.1667
-29.5556
3.72222
55.4444
32.2222
0.944444
-16.4444
12.6667
27.7222
19.9444
4.27778
-0.777778
-0.888889
-6
-14.6111
-19.3889
-7.72222
9.38889
19.0556
14.4444
7.16667
2.33333
0.0555556
-10.3333
-26.1667
-22.6111
8.5
36.0556
9.33333
-34.8889
-45.8333
-11.7222
-47.2222
-13.5
37
57.6667
24.2778
3.11111
8.27778
30.0556
25.7778
11.1111
0.722222
-1.11111
-1.22222
-4
-10
-13.6667
-7.22222
4.94444
11.9444
10.8333
6.55556
3.88889
2.61111
-0.388889
-14.5556
-27.1667
-22.0556
5.44444
5.5
-25.4444
-51.9444
-35.2778
-39.5
-9.88889
45.4444
41.6667
29.4444
22.6111
36.4444
34.2222
15.7778
2.22222
-1.94444
-2.72222
-2.33333
-2.27778
-5.05556
-7.05556
-4.66667
1.61111
4.88889
5.77778
5.72222
4.83333
3.5
2.33333
-6.5
-27.6667
-43
-24.5556
-3.33333
-10.3889
-46.1111
-45.5
-13.6111
2.11111
24.2778
0.388889
2.72222
10
31.3333
24.5556
8.05556
-1.94444
-3.88889
-2.5
-3
-2.77778
-1.77778
-1.44444
-2.33333
-2.83333
-0.166667
2.88889
3.55556
2.11111
2.11111
2
-2.61111
-19.3889
-33.1111
-24.3333
8.55556
21.7222
8.77778
-15.3333
16.1667
25.7778
14.1111
-8.33333
-2.5
14.6111
23.6111
15.7222
2.22222
-13.0556
-27.4444
-34.4444
-24.6667
-11.2778
0.277778
0.5
-1.16667
-2.83333
0.388889
6.5
14.6667
16.5
10.0556
-1.5
-11.5
-14.5
-15.8333
0.111111
31.6667
50.8333
36.8333
-9.66667
42.9444
50.6667
21.2222
-1.27778
-2.94444
8.22222
12
3.44444
-12.6667
-36.0556
-46.8333
-38.0556
-13.2778
4.83333
10.6111
5.55556
-1.5
-8.22222
-12.8333
-9.88889
2.5
13.8889
15.3333
4.16667
-5.77778
-4.27778
7
27
48.3333
51.2222
28.8333
-20.6667
15.58
7.1
-2.32
-4.3
-6.72
-18
-25.64
-28.04
-33.62
-40.78
-43.48
-50.26
-52.86
-50.58
-35.34
-12.06
20.92
47.98
65.4
60.16
44.46
14.88
-7.18
-20.98
-27.2
-18.52
-2
4.3
17.16
10.84
9.44
12.54
7.34
-10.68
-23.84
-34.62
-41.5
-42.66
-38.34
-35.4
-36.96
-43.68
-37.42
-21.22
1.34
34.42
62.3
63.12
49.98
29.18
3.86
-15.08
-25.44
-20.24
-9.64
-9.5
17.4
16.78
18.78
19.14
11.06
-6.14
-24.78
-37.92
-37.74
-38.28
-29.56
-16.34
-19.38
-35.74
-33.52
-22.3
-14.04
16.06
46.46
54
40.94
30.88
14.8
1.84
-7.12
-3.56
-0.34
-10.5
8.68
10.86
17.14
15.42
18.78
9.34
-8.88
-23.82
-20.86
-33.88
-29.12
-12.86
-15.2
-36.42
-31.88
-22.3
-24.74
-5.38
24.6
35.46
26.56
26.56
22.98
14.96
8.46
6.9
4.36
-13.2
4.06
4.12
12.42
16.58
20.9
18.68
6.14
-8.88
-17.06
-31.32
-32.26
-15.94
-17.66
-29.74
-26.66
-19.72
-29.08
-22.54
2.14
18.16
18.18
24.02
31.74
27
18.28
11.94
7.72
-4.7
7.52
4.12
9.98
12.3
10.88
7.38
2.38
-10.02
-20.4
-26.18
-23.48
-15.64
-17
-18.08
-17.9
-16
-23.08
-25.1
-16.52
0.66
9.6
20.34
34.3
37.18
28.8
16.88
9.68
0.72
8.78
5.86
6.5
3.24
-0.2
-2.04
-3
-12.7
-19.2
-24.76
-22.94
-27.46
-24.68
-15.08
-8.68
-9.2
-6.46
-17.2
-25.98
-15.06
1.8
9.48
28.36
38.3
36.86
21.66
21.48
20.32
12.26
8.86
6.42
-2.54
-10.32
-10.38
-5.78
-14.2
-17.42
-14.38
-16.38
-33.22
-27.8
-10.58
-7.76
-13.12
-3.06
-15
-31.84
-27.3
-1.46
9.5
28.72
37.98
39.34
22.74
23.16
27.74
20.7
17.1
7.9
-7.22
-28.56
-29.84
-24.68
-24.76
-19.46
-0.26
-3.2
-18.16
-14.92
1.6
-2.74
-12.66
-6.98
-15.6
-31.72
-29.3
-0.3
19.2
39.24
44.74
44.7
31.7
26.5
29.38
22.86
22.88
8.28
-12.44
-32.72
-34.9
-36.5
-29.88
-14.64
5
3.78
-2.22
0.18
7.96
0.22
-11.48
-12.8
-16.76
-28.64
-28.02
-5.68
18.88
37.46
44.66
50.36
45.02
35.98
30.5
18.84
16.3
-1.94
-23.28
-36.24
-37.24
-36.1
-22.16
-2.74
7.72
9.42
10.18
12.58
9.96
2.44
-8.48
-15.82
-20.8
-23.38
-20.34
-7.9
10.58
28.36
37.64
46.46
49.32
46.02
38.44
12.82
4.38
-14.2
-29.46
-36.32
-35.3
-27.42
-7.22
6.8
11
15.1
21.84
18.82
10.38
1.22
-8.34
-20.82
-22.1
-15.68
-8.74
-4.64
8.04
21.5
33
42.16
50.16
45.7
32.74
3.22
-9.08
-25.7
-31.36
-36.06
-31.02
-18.28
4.32
7.28
8.12
12.54
22.86
17.08
9.84
3.68
-1.88
-14.4
-13.38
-7.02
-0.6
-3.26
-2.7
1.42
17.74
29.98
40
41.58
34.7
-7.24
-21.46
-31.04
-29.1
-27.16
-16.84
-0.16
13.3
4.96
0.26
4.2
8.5
5.82
5.46
2.92
0.12
-3.5
-0.18
0.66
3.92
-4.2
-18.78
-27.64
-8.36
10.42
22.64
35.14
39.74
-15.8
-30.6
-33.2
-29.24
-23.28
-9.86
11.1
14.4
6.2
0.94
3.04
-0.78
0.06
1.1
2.82
1.78
4.06
8.2
7.26
4
-4.56
-24
-42.32
-30.7
-12.68
-0.74
16.54
33.38
-24.44
-32.9
-29.38
-24.3
-14.48
3.74
16.44
11.46
5.96
5.56
2.6
-0.66
1.72
3.06
1.82
-1.64
-0.4
5.54
4.98
-2.28
-7.42
-19.22
-41.34
-41.74
-25.18
-11.08
2.2
24.06
-32.26
-32.36
-28.06
-18.74
-5.16
13.6
15.4
10
7.94
10.8
4.48
3.22
5.4
5.16
1.82
-1.8
-3.22
-0.68
-1.8
-9.56
-13.44
-18.54
-36.4
-44.44
-36.24
-21.58
-6.58
19.66
-33.66
-28.48
-22.94
-10.84
8.64
18.72
12.72
8.52
12.74
12.54
9.88
10.9
11.72
6.32
1.68
-3.6
-8.94
-10.84
-10.24
-13.3
-16.3
-15
-23.76
-37.12
-38.5
-23.38
-6.54
14.24
-34.08
-28.32
-21.04
-5
16.82
16.4
10.58
11.58
19.32
17.56
19.66
22.32
19.26
8.66
2.6
-4.2
-14.46
-21.42
-20.58
-19.4
-17.54
-7.12
-3.74
-15.38
-26.26
-18.44
-11.84
0.58
-31.44
-27.22
-16.02
4.94
19.14
13.48
10.38
15.88
18.74
19.92
25.3
28.08
20.74
11.66
3.78
-4.76
-16.32
-25.84
-28.46
-24.32
-17.52
-5.36
5.74
2.4
-6.8
-6.6
-3.5
1.76
-30.48
-24.94
-9.86
13.72
17.16
12.88
14.36
21.3
19.3
22.22
26.7
25.54
15.8
9.02
3.62
-2.7
-11.84
-21.48
-28.58
-26.06
-18.34
-7.6
5.22
11.36
5.42
-1.82
-2.12
0.56
-26.16
-17.3
2.82
16.42
13.56
11.72
17.74
19.54
19
22
24.26
18.38
10.32
5.82
3.24
-1.2
-7.16
-14.44
-23.28
-25.26
-19.02
-8.04
4.28
13.58
16.58
10.74
3.72
-0.62
-18.06
-2.72
20.12
25.08
19.74
19.72
24.6
21.6
20.36
20.68
17.58
8.78
2.58
0.58
1.86
1.64
-0.22
-4.92
-12.98
-20.94
-19.34
-10.22
-0.7
8.14
14.74
8.4
-6.66
-15.82
-6.78
16.46
34.28
32.1
25.52
28.46
26.38
21.66
20.14
17.5
8
-1
-5.5
-5.48
-0.96
2.76
4.92
4.12
-1.24
-12.34
-17.28
-14.34
-9.4
-4.32
3.56
1.28
-6.6
-18.86
-1.04
29.36
40.14
37.04
34.06
36
26.52
21.48
19.12
12.6
-0.34
-7.86
-10.02
-9.6
-3.8
3.78
8.62
9.46
7.1
-3.28
-15.06
-17.52
-15
-13.84
-11.8
-8.2
-12.66
-25.58
6.78
33.8
39.76
37.12
41.6
37.26
26.62
21.5
17.34
6.16
-4.9
-10.18
-10.86
-10.04
-4.12
3.92
9.16
10.4
10.44
2.68
-11.04
-18.4
-18.66
-20.3
-20.94
-14.68
-11.84
-21.2
31.18
48.16
53.82
54.46
55.52
39
22.92
11.06
-2
-17.58
-23.04
-21.56
-17.66
-13.3
-4.68
4.68
12.22
15.46
18.4
15.32
0.14
-14.72
-20.76
-22.38
-26.42
-22.68
-14.94
-19.34
40.1
47.12
47.22
45.92
39.78
20.28
4.04
-8.64
-19.66
-25.4
-22.4
-15.92
-10.24
-7.38
-5.72
-3.22
1.5
4.86
9.76
12.52
4.4
-8.88
-13.2
-12.24
-12.28
-8.3
2.86
-0.36