45.625
41.5
33.625
37
16.75
12.375
9.875
-5.5
6.125
-4.5
-5.25
-4.75
-4
6
19.75
50.125
76.75
72.125
57.75
27.375
-1
3.125
3.875
-13.625
-32.125
-35.875
-28.875
-15.875
4.75
19.125
15.125
19.75
15.875
6.25
93.125
82.25
65
54.25
21.25
12
7.25
-2.625
11.375
4.375
3.75
1.25
-1.75
2.25
3.5
16
25.5
28
23.375
9.875
9.75
25.75
36.625
32.75
13.625
-13.5
-32.75
-30.875
-18.875
-1.625
16.125
19.625
14.25
6
107.125
91.75
73.625
57.25
23.25
14
9.125
11.5
40.5
41.25
34.125
12.75
-23.75
-41.125
-45
-50.375
-51
-45.875
-54.5
-52.25
-28.375
7.5
38.75
74.125
70.5
35.875
7.375
-1.25
12.25
34.25
52
37.5
18.375
3.75
44.125
38.125
37.25
33.125
19.875
20.625
29.875
47.625
76.75
65.25
27.75
-19.25
-70.5
-91.5
-94.125
-97
-98.5
-97.5
-100.375
-98.5
-87
-63.25
-39.375
13.875
59.25
77.5
77.25
70.625
53.75
46.75
48.5
25.25
11.375
1.375
0.375
-0.5
9.625
11.125
14.625
35.125
58.5
71.5
62.5
21.75
-36.375
-70.5
-79
-72
-61.125
-54.25
-53.875
-54
-51.375
-54.875
-60.75
-70.75
-80.875
-66.875
-16.75
48.25
97.5
109.875
79.5
38.75
10.625
0.375
0.125
-0.125
0
-5
6.125
5.625
22.875
52.5
51.875
38.375
-2.75
-43
-64.375
-56.375
-34.875
-20.125
-9.625
-4
-2.5
-2.25
-1
-3
-6.625
-17.25
-33.75
-55.875
-57.125
-29
28.75
58.75
55.875
25.375
-22.875
-28.375
-19.75
-6.375
0.125
-6.125
3.125
4.125
26.5
33.625
5.75
-15.5
-47.375
-51
-33.25
-13.25
-4.875
-2.5
-2
-1.625
-0.25
13.875
29.25
44.125
58.125
49.875
32.25
4.875
-29.5
-52.875
-42.75
-29.125
-18.375
-18.375
-34.5
-35.75
-26.5
-8.75
0.25
-4.625
0.625
1.5
1
-14.25
-34.875
-42.125
-41.5
-21.375
-5.875
0.5
-0.25
-0.375
-0.75
-0.25
0.75
15.75
40.5
66.875
92.375
95.875
77.25
50.125
17.625
-16.125
-44.625
-55.75
-42.375
-20
3.75
15
8
1
0
3
10.5
5.375
-16
-32.75
-43.625
-38.5
-16.75
-3.5
0.375
0
0
0.875
1
2.125
1.5
-10.125
-11.375
-1.5
12.375
45
65.5
61.25
48.625
24.125
-9.875
-37.5
-34.875
-17
2
23.125
19.5
4.75
-0.125
20.375
27.25
10.625
-7.125
-30.25
-37.5
-21
-3.25
-0.75
-0.25
-0.5
0.375
0.625
1
2.25
2.125
-11.5
-34.5
-47.875
-49.75
-27.25
17.625
50.25
58.375
49.625
24.75
-12.125
-33.75
-30.5
-24.25
-7.375
7.375
3.875
-4.5
20.5
17.5
-1.5
-4.125
-29.375
-27
-6.125
-1.25
-0.875
-0.125
0.625
1.375
2
7
17.875
30.5
41
34.125
13
-3
-13.5
-3
28.875
51
57.375
49
20.625
-18.875
-32.625
-29.125
-22.875
-2.75
4
-34.75
-25.625
-37.5
-29
-14.375
-23.625
-11.5
-0.125
-0.875
-1
-0.5
0.875
3.375
16.875
36
60.125
83.75
95.25
98.375
83.625
59
34.375
12.375
10.375
30.875
49.875
53.375
43.875
9.875
-25
-27.75
-26.875
-14.75
1.25
-70
-66.625
-72.375
-35.375
-23
-19.25
-2.5
-0.625
-1.125
-1.5
-1.75
1.875
17.5
44
67.625
82.75
84.25
73.375
65.375
59.375
45.75
30.625
14.875
3
9.25
23.375
26.75
26.75
14.625
-14
-18.875
-19.375
-16.125
-1.5
-66.375
-49.25
-33.625
-11.125
-22.375
-14.375
-2.25
-2
-1.625
-0.75
0.75
14.125
39.25
55.25
63.5
49.875
22.125
2.625
-10.25
-12.375
-11
-7.5
-4.625
-2
-5
-14.875
-17.875
-17.25
-13
-10.875
-16.375
-17.375
-16.625
-8.875
16.75
18.375
21
-1.125
-16.75
-7
-2.75
-1.75
-1.25
-0.375
7.125
29
43.125
45.25
32.75
-7.625
-42.25
-64.75
-78.5
-73.875
-56.25
-36
-16.625
-8.125
-23.75
-43.5
-47.75
-42.5
-24.25
-8.375
-20.375
-21
-20.5
-16.625
100
65.625
36
-7.625
-12.125
-3
-2.25
-1.125
-1
-0.75
13.875
28.5
30.875
27.875
-5.5
-44.5
-70.5
-90.75
-89.125
-69.875
-44
-21
-7.375
-20.875
-45.625
-55.625
-52.75
-35.125
-12.5
-4.375
-15.875
-15.125
-14.875
-12.875
57.375
33.25
15
-5.5
-6
-0.75
-1
-0.625
-0.125
0.375
14.875
18.375
18
7.5
-28.375
-43.125
-52.625
-46.375
-15.375
8.875
21.75
20.5
-6.75
-42.625
-57.25
-54.625
-37.125
-14.875
-3.5
-1.625
-6.125
-5
-5.125
-4.625
1
0.25
0.75
0.625
1
1.25
0.75
0.125
1
1.25
7.5
8
6.5
-7.625
-23
-24.625
-25
-3.5
19.125
21.375
12.25
-14
-51.625
-63.625
-56.125
-38.625
-14.625
-3.375
-0.875
0.375
-0.5
-0.375
-0.625
-0.875
0.5
3.625
4.625
5.125
5.5
2.25
1.5
1.25
1.625
2.125
2.375
2.125
0.75
-8.375
-10.125
-10.75
-10
-3.625
-15.625
-37.75
-63.25
-85
-83.25
-62.5
-37.625
-14.375
-3.25
-1.125
-1
-0.5
0.25
-0.125
0.25
0.125
0.25
7.875
9.5
10
10.125
2.5
1.25
1.75
1.625
2.5
1
0
-0.75
-3.625
-2.75
-2.375
-1.125
-8
-27
-47.875
-68
-70.625
-52.75
-32.75
-12.875
-1.375
-0.625
-0.25
-1.125
-1.375
1.75
1.75
2.375
2.375
-0.625
9.75
13.5
13.875
14.5
4.375
1
1
0.5
1.125
-0.875
-1.25
-1.25
-1
0.875
1
1.125
-4.5
-11.5
-18.375
-23.375
-20.125
-13.625
-6.875
-1.5
-0.25
-0.125
-0.125
0.125
1.75
13.25
13.375
13.125
11.375
-1.25
7.25
17.125
17.375
18.75
10.75
0.75
0.25
-0.25
0
-1
-0.75
-0.375
1.625
3
2
1.125
-2.125
-3.75
-3.875
-3.375
-2.625
-1.25
0.125
0.125
-0.25
0
-0.25
0.75
4.625
22.125
22.5
21.875
17.75
0
5.375
19
20
20.5
15.5
1.625
0.25
0
-0.875
-1
-0.625
-0.625
2.375
3.125
3
2.375
0
-0.5
-0.625
0
-0.25
-0.375
0
-0.25
-0.25
0.25
-0.125
0.625
6.5
16.75
17.375
16.625
10.625
1.25
3.5
15.5
22.375
21.75
20
8.25
1
0.625
-1.25
-1.375
-1
-0.875
2.625
2.625
3.5
3.25
1
1.375
0.875
1.125
0.5
0
-0.375
-0.375
0.25
0.75
0.75
2.375
14.125
15.875
16
14
0.5
0.5
-4.875
3.5
19.375
21
27
19.125
3.25
1.375
0.25
0.125
0.125
0.375
3.875
3.25
3.375
3.75
1.75
3.75
5.5
6.875
8
6.875
5.25
3.25
1
0.5
0.875
9
25.75
22.25
21.25
12.75
-9.375
-0.25
-11.375
-11.75
6.75
19
31.125
31.75
13.5
2
0.875
1.5
1.25
1.25
4.75
3.375
4.25
11.125
21.875
38.875
54.875
64.625
68
54.75
38.25
21
3
-0.5
2.125
20.75
26.875
8.875
-4.25
-23.125
-34.375
-0.125
-3.625
-9.375
3.25
26
38.375
44.75
32.375
10
0.375
0.25
0
0
2.625
1.25
12.5
33.25
58.375
87.75
105.25
112.5
113.125
95.625
67.25
39
11.5
1.375
14.875
33.75
30.625
17.625
-7
-26
-24.375
0
5.125
2.5
6.5
23.375
39.75
51.75
49.375
32.5
10.125
-8.25
-20
-30.625
-38.625
-30.625
-2.125
31.625
56.875
71.5
66.625
56.625
48.25
41.75
28.75
16
11
16.375
36.5
31.5
20.625
12.125
-4.875
0.125
11.375
0
-1
-2.75
-3
1.5
21.75
46
57.25
55.25
35.875
-5.75
-41.625
-69.5
-88.5
-70.5
-44.125
-18.875
-7.875
-18.625
-33.125
-47
-58
-55.5
-42.5
-23.5
10
38.75
31.75
0.375
-28
-44.5
-31.5
-4.875
14.875
0
-11
-19.625
-21.5
-21.375
-4.5
23.625
48
60.875
63.625
34.125
-7.375
-39
-58.625
-49.5
-47.5
-53.375
-68.75
-95.75
-107.625
-113
-111.875
-92.375
-54.875
-6.875
35.375
32.375
-17.625
-41.625
-50.625
-25.125
22.75
28.625
24.75
0
-10.5
-28.25
-34.875
-35
-24.5
-1
23.625
46
68.75
74.5
59.375
36.5
14.75
4.25
-12.5
-33.75
-55.625
-75.5
-77.625
-68.75
-49.875
-16.625
22.625
49.125
43.875
-10.5
-68.875
-64.75
-36.125
16.875
57.125
39.5
19.375
0
-7.875
-16.75
-20.5
-20.625
-12.75
-3.875
4.875
20.5
39.5
61.375
77.625
79.375
75.625
67.375
55
43.625
35.875
32.125
37.75
50.25
63.75
66.125
51.75
10.625
-41.875
-81.25
-92.125
-70.5
-44.25
-31.375
-35.625
-49.875
-60.75
-0.75
-9.75
0.625
7.125
3.625
-8
-40.375
-69.625
-85.25
-84.625
-73.5
-47.625
-13.625
21.25
48
64.25
69.375
72
70.125
63.5
55.75
32.25
-10
-64.5
-118.125
-145.875
-126.25
-84.875
-70.125
-67.125
-91.25
-125.125
-136.875
-147.375
-47.75
-56
-41
-25.5
-9.25
-39.5
-93.375
-144.875
-184.375
-185
-186
-177.625
-156
-135.5
-110.75
-89.75
-77.875
-66.125
-67.25
-75.5
-89.625
-119.5
-134.875
-145
-141
-116.25
-81.5
-45.75
-43.125
-41
-50.125
-62.875
-69.25
-88.375
-2.125
-13.25
-24.125
17
79
8.625
-89.375
-42.5
18.625
71.25
138
86.25
4.25
-10
-28.5
-56.375
-37.25
22.625
60
42.875
-27
-100.125
-63.625
4.625
-30.875
-59.125
-27.875
23.625
65
47.125
43.125
74
51.625
7.75
-1.625
-22.25
-50.25
4.5
70.25
-14.25
-90.5
-33.625
23.625
71.375
126
82.25
4.75
-11.25
-13.5
-27.25
-19
12.5
27.625
20.375
-17
-70.25
-51.375
-19
-70.125
-79
-14
39.375
76.875
73.625
51.375
52.625
37
8.75
-0.625
-29.5
-71.125
-5.75
58.75
-36.5
-90.125
-17.75
47
77.25
91.875
51.5
-6.25
-18.375
-15.5
-13.125
0.75
5.875
-0.5
8.5
0.875
-30.25
-19.5
-15.375
-79.25
-99.625
-39.375
47
115
94.25
43.25
30.75
18.625
3.75
0.125
-35.625
-87
-15.125
45.875
-49.375
-70.125
13.875
54.25
48.5
38.75
17.5
-11.75
-17.75
-15.375
-12.5
0.5
9.25
4.125
4.5
6.25
-3.25
-0.125
-1.875
-45.75
-78.75
-66.75
14.875
120
103.5
38
22.5
11.375
1.375
-0.375
-43
-95.625
-15.125
37.875
-46.375
-39.5
26
31.75
13.5
1.875
-5.5
-16.75
-16.75
-8.375
-6.25
-5.125
3.75
4.375
3.375
12.75
18.75
15.625
6.125
-18.5
-44.25
-49
16.125
111.5
89.5
17.625
0.375
0.125
-0.125
-0.5
-45.75
-87.125
0.625
45.375
-30.75
-30.625
8.125
7
-9.5
-24.625
-22.375
-17.125
-13.875
-8.375
-5.75
-3.75
3.75
8
8.25
10.125
14
16.5
19.375
12.875
-9.5
-21.5
26.5
78.375
34.625
-4.375
16.125
19.75
5.875
-0.375
-50.125
-83.375
13.875
54
-21.875
-32.5
-11.25
-24.375
-34.5
-26.75
-12
-2.375
-1
-2
-3.375
-2.5
16.625
33.75
19.875
2.875
-7.875
-20.5
-8.375
20
27.625
13.5
29.625
55.375
15.625
-11.25
18.5
26.5
8.25
-0.25
-55.375
-80.875
27
56.25
-26
-48.375
-38.625
-36.5
-23.375
-7.125
0
0.5
-0.875
-1.25
-2.5
-2.25
18.25
47.75
44.125
16.625
-7.125
-32.25
-43.875
-21.375
14.375
36.375
50.75
49.875
12.75
-8.5
19.25
31.25
10.75
-0.25
-53.25
-70
29.625
37.5
-46.25
-64.375
-41.75
-18.75
-4.5
-1.125
-0.75
0
-0.625
-0.5
-1.625
-1.75
18.125
49.625
57.25
39.625
7
-30
-52
-49.125
-23.625
10.875
43
57.375
33.5
7.5
23.375
33.25
12
-0.125
-39.625
-53.25
7.625
-5.375
-63.25
-53
-20
-4.25
-1
-0.75
-0.25
0.375
-0.375
-1
-1.25
0.125
19.25
48.5
57.875
52.5
28.75
-15.875
-48
-56.625
-48.375
-24.25
12.125
54.25
68.75
42.75
21.375
15.875
5.875
-4.5
-25.5
-33.25
-17.75
-47.375
-64.875
-30
-5.625
-0.5
-0.375
-1.125
0.125
1.125
0.75
5
14.125
16.75
13.25
21.875
42.75
54
41.5
8.75
-27.875
-50.75
-56.375
-48
-22.625
23.375
66.375
68.125
40.375
16.5
3.5
-33.5
-3.375
4.75
-41.75
-74.625
-49.375
-11.25
-1.125
-1.125
-0.5
-0.5
1.375
4.625
15.125
28
28.125
20
11.25
6.625
17.875
39.75
40.125
17.625
-5.875
-30.875
-51.625
-61.125
-52.375
-10.875
46
79.75
65.375
23.5
1.25
-43
32.625
24.875
-66.625
-77.75
-27.75
-2
-0.875
-1.375
-0.75
0.25
5.375
20.5
39
41.375
30.5
20.5
10.625
2.875
3.375
16.25
25.625
15.625
2.75
-9.25
-38.125
-74
-74.25
-30.625
24
78.375
87.125
35.375
1.5
-26.125
64.25
27.375
-74.625
-62.875
-14.375
0
-0.25
-1.125
-1
2.25
18.625
44.25
55
45.25
26.125
9.125
1.125
-0.25
1.375
6.5
12.25
10.625
3.5
-5.75
-34.375
-76.625
-78
-34
9.125
61.875
93.875
54.125
9.375
-21.25
56.375
5
-78.625
-46.25
-5.5
1
0.75
-1.5
-1.875
8.125
39.25
67.875
63.5
33.75
-8.125
-30.25
-17.25
-1.5
8.125
23.25
30
17.375
-1.375
-23.75
-49
-66
-59
-27.25
2.125
45.375
91
71
19.875
8
39.875
-38
-85.375
-34.375
-2.25
1.5
1.875
-0.75
-1.5
19.125
63.25
82.875
50.875
-5.5
-47.5
-46.5
-18.75
4.375
27.125
46.25
40.25
13.875
-18.875
-47.625
-59.625
-54.75
-34.625
-10.75
2.875
31.875
82.875
84.875
31.125
17.875
3.75
-72.25
-84.25
-27.75
-1
1.5
1.625
0.375
-0.375
29.625
85.125
85.5
23
-40.625
-71.125
-55.125
-14.625
24.375
51.625
56.75
36
-5
-42.625
-59
-55.125
-34.625
-12.125
-1.5
2.625
20.875
74.5
96.375
41.125
1
-36.75
-95.25
-81.625
-25
-0.75
1.75
1.125
0.5
0.75
39.25
97
78.75
0.875
-67.25
-86.875
-51.75
-4.5
35.125
58.625
53.75
22.25
-20.875
-50.375
-55.625
-37.875
-12.375
-0.625
0.875
3.375
17.25
70.875
100.375
44.875
0.5
-35.625
-93.125
-82.125
-27
-1.25
1.75
1
1.125
2.125
44.625
100.625
72
-13.875
-84.375
-87.25
-35.5
5.375
36.375
52.75
34.25
-0.75
-31
-46.5
-37.875
-15.125
-1.25
0.875
1
3.5
17
70.625
101.25
45.625
0.25
-29.375
-85.5
-86.5
-33.875
-2.75
1.5
1.25
1.375
2.5
44.25
99.5
71
-20.875
-91
-80.875
-28.375
5
30
34.125
11
-11.375
-26.75
-28.5
-14.375
-3.375
0.125
1.25
1.625
4.125
19.75
72.5
98.375
43.375
-0.625
-22.25
-73.75
-89.875
-44.5
-5.875
1.75
1.25
0.75
2.875
44.375
97.5
70.25
-21
-91.375
-80.5
-28.125
0.25
10.75
9.875
0.375
-6.875
-7.375
-4.625
-3.75
-2.25
0.375
1.375
1.875
5.5
30.5
80.625
87.625
33.875
-1.25
-14.25
-56.375
-89.375
-60.75
-14
1.5
1.25
0.75
3
43.5
95.75
70.625
-18.375
-89.25
-81.75
-30.375
-3.875
1.25
1.375
-0.875
-0.125
2.5
0.875
-2.375
-1.75
0.25
0.75
1.75
8.375
43.875
89.25
74.625
22.5
-1.25
-7.125
-40
-86.25
-75.75
-23.5
0.625
0.25
-0.25
2.875
43
95.375
71.625
-15.625
-86.875
-83.25
-33.125
-5.5
0.25
1.125
-0.5
0.5
2.875
1.5
-1.75
-2
0.25
1.375
2.625
14
59
94.625
58.875
11.125
-1.25
-3.5
-23.75
-71.125
-85.5
-41.25
-5.25
-1
-1.125
2.75
42.625
95.5
72.625
-12.125
-84.375
-86.75
-36.5
-5.5
0.625
1.125
-0.125
1
2.75
1.625
-1.625
-2.25
0.5
1.75
3.875
25.625
76.625
91.75
39.75
-0.25
-0.75
-6.625
-18.5
-47.875
-78.25
-58.75
-17.625
-3.5
-1.375
2.5
41.875
95.875
73.375
-9.375
-82
-89.375
-38.25
-4
2.5
2.75
0.875
1.75
1.125
-2.25
-3.5
-2.75
-0.25
2.125
12
44.75
79
70.25
29.25
-1.875
-0.25
-11.375
-22
-26.25
-50.25
-64.125
-41.25
-14.75
-2.5
1.625
41.5
97.25
74
-6.75
-80.125
-91.75
-32.375
14.625
22.375
13.875
3.625
1
-12
-29
-21
-6.25
-0.5
5.375
27.75
60.125
54.375
28
28.125
17.875
-0.375
-15.125
-25.125
-8.25
-18.75
-55.625
-60.25
-36.375
-11.25
0.375
40.75
97.5
74.5
-4.625
-79
-84.75
-8.75
35.625
27.5
13.75
3.75
1.125
-18.625
-50.25
-44
-14.75
-0.125
17.375
52.75
70.125
35.375
2.75
19.75
17.625
-0.5
-17.625
-30.75
-0.5
10.125
-32.25
-60.5
-54.625
-32.25
-10.375
30
79.5
62.875
-4.125
-66.875
-58.375
24.375
57.875
33.25
13.375
3.625
-3.75
-36.75
-73.5
-55.75
-14.75
13.125
38.5
50.5
35.875
0.375
-4.375
38.125
36.375
-0.5
-19.75
-37
1.25
32.75
-5.25
-48.5
-57.25
-48.5
-32.125
7.25
52.125
44
-3.5
-48.25
-31.625
44.125
64.625
29.375
6.375
-1.75
-8.5
-38.5
-71
-48.75
2.75
29.25
25
17.375
18.5
9.75
13.25
41.375
36.125
-0.5
-23.5
-47.875
-3.75
46.375
21.25
-23.375
-46
-51.375
-42.625
-18.375
10.625
15.75
-5.125
-30.25
-9.75
46.125
47
9
-4.875
-4.25
-8.125
-23.125
-31.625
-9.625
15.875
6.625
-19.625
-1.875
45.125
49.875
34.25
30.375
16
-0.5
-31.25
-68
-13.625
61.25
44.75
1.5
-23.625
-42.25
-42
-31.5
-24.875
-19
-18
-18.5
0
28
26.125
4
-2.375
2
3.125
1.375
5.375
9.125
0.125
-26
-63.375
-20
79.875
83.875
41.625
29.5
16.375
-0.5
-42.375
-84.25
-8
77.125
50.25
7.625
-4.875
-20.75
-33.5
-34.875
-31.375
-22.875
-16.375
-14.125
-8
2.375
4.875
-1.125
0.25
6.75
8.5
2.375
-3.25
-5.125
-15.875
-50.5
-91.125
-8
131.5
111.625
29.875
3.875
-2.75
-1.25
-51.5
-94.125
-0.875
83.625
27.25
-30.875
-19.625
-7.75
-15.875
-25.75
-23.375
-2.875
4.75
-5.25
-7
-1.875
-2.25
-7.125
-4.5
5.5
1.75
-15.75
-17.5
-16.125
-37.125
-68.5
-77.875
24.375
144.875
100
11.875
-9.625
-13.875
-23.75
-71
-71
38.5
91.75
-2.5
-74.375
-39.875
-5.375
-4
-11
-15.375
1.25
7.75
-5
-7
2.375
8.375
-2
-10.75
3.375
1.5
-23.625
-33.75
-40.75
-50.25
-47.25
-36.5
37.875
129.5
97.875
18.625
-20
-42.125
92.1667
85.2222
59.5
43.3889
24.9444
20.1111
26.3889
11.3889
16.5556
9.77778
3.88889
-6.77778
-18.3333
-8.66667
0.111111
0.555556
-2.77778
-2.72222
3.44444
10.6111
10.5556
15.0556
16.9444
16.5556
4.33333
-9.05556
-8.94444
-0.166667
8.94444
14.8333
21
21.5
97.4444
86.4444
61.1667
45.8333
33.9444
37.3333
46.1667
33.5556
31.2222
16.4444
-2.88889
-27.7222
-50.7222
-53.8889
-52.0556
-51.7222
-55.0556
-54.8889
-46
-26.3889
-14.1667
10.0556
34.5
48.7778
39.7222
38.6111
47.2778
45.5556
38.8333
36.2778
43
30.8333
62.6111
56.3889
43.5556
42.1667
47.1111
56.8333
61.2222
47.8889
34.4444
7.72222
-26.5
-59.5556
-88.5556
-98.7222
-102.111
-101.333
-100.944
-99.8333
-92.5556
-74.4444
-58.3333
-28.1111
8.27778
40.1667
53.9444
67.7222
78.3889
70.3333
52.2778
37.1111
31.5
16.9444
30.2778
27.8333
29.6111
40.4444
55.2222
62.9444
51.7222
35.5556
11.5556
-19.2778
-51.6111
-71.9444
-80.7778
-78.8889
-73.6111
-70.2222
-68.0556
-68.6667
-70.0556
-69.1111
-68.5
-55.0556
-26.7778
9.22222
41.3333
64.6111
78.5556
75.2222
55.4444
32.3889
11.3333
-1.5
6.27778
7.22222
20.2778
34.0556
41.7778
39.7222
18.9444
6
-18.5
-41.1667
-55.6667
-56.1667
-51.5
-45.1667
-39.7778
-31.2778
-22.6667
-16.8889
-12.8333
-15.5556
-21.2778
-32.3333
-32.6111
-19.9444
6.27778
20.8889
28.6111
32.1111
26.6667
14.5556
-9.44444
-15.8889
3.66667
4
16.1667
17.8889
11.6111
4.94444
-14.1667
-21.3889
-38.5
-42.9444
-38.1667
-26.8333
-16.7222
-9.72222
-4.83333
4.61111
17.7778
29.7778
40.0556
43.2222
38.9444
20.8889
0.833333
-14.2222
-15.7222
-21.4444
-21.6667
-19.3333
-16
-12.4444
-21
-18.6667
5.61111
4.05556
3.77778
-5.66667
-16.9444
-24.0556
-35.5
-35.3333
-35.1667
-25.9444
-15.1111
-6.11111
-2.16667
-0.388889
-0.0555556
6.77778
19.0556
36.0556
54.0556
67.8889
75.3333
66.1667
45.7778
18.1667
-7.27778
-31.3333
-37.9444
-32.6111
-24.2222
-13.6667
-6.11111
3.66667
12.8889
5.55556
-5.66667
-17
-24.1111
-33.5
-39.5556
-32.4444
-21
-9.88889
-2.55556
0.388889
0.5
1.5
1.72222
-2.22222
-2.33333
4.16667
15.1111
30
44.7222
57.7222
57.8333
44.5556
21.3333
-10.1667
-28.9444
-32.2778
-30.3889
-23.7222
-11.8333
4
16.5
3
-11.0556
-16.3333
-17.0556
-32.2222
-35.6667
-22.2778
-8
-1.83333
0.444444
1.05556
3.5
9.05556
14.6111
13.6667
7.72222
6.38889
8.83333
13.4444
24
40.3889
55.2778
57.7222
46.4444
22.3889
-2.83333
-13.9444
-18.9444
-20.5556
-14.1667
-0.111111
-1.5
-17.2778
-24.6111
-17
-11.2778
-28.8333
-25.5
-9.88889
-2.11111
-0.333333
1.77778
7.77778
16.6667
28.7222
40.9444
46.1111
43.8889
33.9444
24.2778
16.5
14.3333
24.9444
40.6667
53.7222
55.2222
42.8333
17.5556
-4.88889
-17.3333
-26.2222
-26.8333
-18.4444
-35.5556
-43.6111
-41
-21.9444
-14.3889
-24
-14.6111
-3.5
-1.27778
0.777778
7.72222
20.3333
35.6667
53.7222
71.7778
86.2778
90.3333
82.6111
68.2222
50.6667
36.4444
30.3333
35.7778
43.1667
44.4444
41.5556
26.3333
4.5
-10.6667
-22.7222
-24.5556
-21.8333
-69.7778
-63.6111
-51.1111
-25.2222
-19.4444
-19.6667
-6.83333
-1.66667
-0.555556
6.27778
19.3333
37.6111
55.2222
68.2222
78.6111
82.6667
79.5
66.0556
49.0556
36.3333
25.2222
18.5
16.2778
18.7778
20.2222
20.1111
14.0556
-2.05556
-13.1667
-20.3889
-21.8889
-21.7222
-48.3333
-37.8889
-26.3333
-16.6111
-21.1667
-13.5
-3.5
-2.27778
1.55556
14.4444
31.6111
45.3333
54.1667
54.3889
49.2222
34.5556
15.7222
1.5
-7.05556
-7.11111
-5.05556
-4.72222
-7.38889
-11.5
-12.6111
-12.2778
-13.9444
-20.6111
-24.5556
-20.1111
-18.6667
-18.9444
-6.05556
-1.22222
1.33333
-9.61111
-17.6667
-8.5
-2.55556
-1.72222
6.66667
23.3333
36.2778
42
38.2222
25.1667
2.77778
-27.6667
-51.8333
-63.0556
-59.8889
-47.0556
-34.2222
-28.1111
-31.3333
-37.7222
-39
-38.8889
-37.5556
-34.2222
-31.7222
-20.1667
-17.8333
-17.8889
47.2222
35.5
22.2222
-5.11111
-12.5556
-4.22222
-2
-1.22222
10.2778
23.3889
30.0556
26.5
11.7778
-5.66667
-34.1667
-61.6111
-76.0556
-74.7222
-59.1111
-44
-34.4444
-34.5
-43.1111
-51.5556
-54.5
-52.7222
-44.9444
-32.3333
-26.0556
-15.5
-13.3889
-12.9444
40.1111
28.0556
15.3889
-3.83333
-5.88889
-1.27778
-0.5
0.444444
11.7222
18.3333
19.3889
10.9444
-5.44444
-17.8333
-40
-53.2778
-53.8889
-43.6667
-30.7778
-27.2222
-30.7222
-41
-53
-59.6667
-57.2778
-49.4444
-35
-18.8889
-13.6667
-8.61111
-7.88889
-7.38889
25.6111
17
9.05556
0.388889
0.222222
0.777778
1
1.44444
8.11111
9.38889
9.11111
-0.944444
-12.1667
-18.0556
-29.2222
-31.1667
-28.7222
-22.6111
-21.9444
-31.3333
-44.2222
-55.5
-63
-60.3333
-50.7778
-36.2778
-19.1111
-7.44444
-4.05556
-2.66667
-2.44444
-2.11111
5.55556
5.38889
5.61111
5.72222
6
2.38889
1.88889
2.44444
4.55556
4.33333
3.5
-4.44444
-9.22222
-10.8333
-13.2222
-14.3333
-20.0556
-25.2222
-38.7778
-55.2222
-66.9444
-71.2222
-65.9444
-53.4444
-36.0556
-18.9444
-7.38889
-1.83333
-0.111111
0.166667
0.555556
0.611111
9.27778
9.5
9.66667
10
10.5556
4.05556
1.88889
2.33333
1.5
1.16667
0.333333
-3.27778
-3.94444
-4.94444
-4.27778
-8.5
-19.0556
-31.4444
-46.4444
-57.8889
-63.1667
-59.8889
-48.8889
-33.4444
-18.2222
-6.66667
-1.66667
-0.0555556
5.38889
5.38889
5.66667
5.61111
13.7222
14
14.1111
14.3889
15.1667
6.66667
1.05556
1.55556
0.222222
-0.0555556
-0.722222
-0.666667
-0.277778
-1.33333
-0.333333
-4.72222
-13.7778
-24.0556
-33.3889
-38.1667
-38.6111
-34.3333
-24.8889
-15
-6
-1.11111
-0.277778
1.66667
11.6111
11.7222
11.9444
11.8333
15.8889
16.5
16.7222
17.1667
17.7222
9.94444
1.05556
0.777778
-0.444444
-0.888889
-0.944444
1.27778
1.66667
1.05556
1.55556
-0.333333
-3.44444
-8.77778
-11.1667
-11.4444
-11.1111
-9.11111
-6.05556
-2.94444
-0.611111
-0.111111
0.5
4.16667
17.1667
17.5
17.3333
17.1667
17.4444
20.6667
21.0556
21.4444
21.4444
15.6111
3.72222
0.166667
-0.722222
-1.11111
-0.944444
1.66667
1.94444
2.22222
2.38889
2.11111
1.5
-1.27778
-1.61111
-1.72222
-1.44444
-1.05556
-0.555556
-0.222222
0.111111
0.166667
1.5
8.72222
18.2222
18.6111
18.3333
17.3889
11.1111
18.9444
20.2222
20.7778
20.4444
20.0556
9.83333
1.27778
0.0555556
-0.5
-0.277778
2.66667
2.44444
3.38889
3.55556
4.05556
4.55556
2.77778
3.94444
4.38889
4.27778
3.94444
3.16667
2.11111
1.16667
0.722222
4.77778
15.6111
18.8333
19
18.6667
15.9444
3.38889
17
22.6111
23.3333
23.1667
27.1111
20.5
6.22222
1.05556
0.333333
0.5
3.27778
2.77778
4.16667
7.11111
13.2778
20.3333
25.1667
33.1667
39.9444
38.1667
32.1667
24.8889
17.0556
9.44444
3.27778
11.3333
21.3889
14.0556
9.83333
9.5
3.94444
-5.61111
9.11111
20.9444
25.2222
25.6667
32.2222
31.8889
16.6667
5.33333
1.05556
0.888889
3.38889
2.5
8
17.5
30.5
44.2778
56.0556
71
80.2778
75.4444
62.8333
48.6667
34.1667
20
12.3889
21.8333
28.7222
20.1667
15.1667
14.7222
4.27778
-5.05556
6.72222
23.2222
33.5
37.8333
41.3333
43.8333
31.4444
11.5
-3.27778
-11.9444
-15
-16
-6.27778
13.3889
36.6667
60.4444
82.1111
102.222
110.056
99.7222
81.2778
62.1111
43.6667
30
24.4444
27.3889
23.5556
12.2778
4.16667
-1.5
-14.0556
-4.66667
0.833333
14.7778
30.6111
41.2778
47.4444
52.1667
46.2222
23.7778
-3.11111
-24.9444
-37.7778
-40
-29.9444
-8.44444
12
30.6667
45.5
52.7778
46.9444
37
27.9444
22.7222
22.4444
25.3333
28.7778
22.9444
17.5
17
11.8889
2.83333
-2
-7
-6.05556
1.55556
16.3333
32.7222
46.1667
56.8333
59.2222
39.4444
7.22222
-26.8333
-50.9444
-57.6667
-60.6667
-48.9444
-35.8889
-24.5556
-18.6667
-25.1111
-35.1667
-38.0556
-29.6667
-15
1.55556
14.4444
14.8889
7.72222
-2.11111
-7.5
-14.3889
-19.6667
-6.27778
-16.9444
-20.1111
-18.1667
-9.61111
5.5
29.4444
51.0556
64.5
58.3333
37.9444
9.38889
-15.6667
-28
-46.5
-56.1667
-61.9444
-67.5
-77.5556
-95.6111
-101.167
-86
-58.1111
-28.8889
-2.61111
4.94444
-7.16667
-12.9444
-16.8333
-14.3333
-14.7222
-3.94444
25.6111
-19.1667
-22.2778
-22.2778
-19.6667
-11
12.5
38.7778
57.6667
63.8889
62.4444
53.3333
40.8889
30.3889
9.16667
-8.16667
-20.0556
-29.3333
-39
-50.6111
-47.4444
-33.6667
-15.0556
-3.44444
-4.38889
-22.5556
-47.4444
-48.7778
-52.2222
-54.1111
-49.2778
-32
-10.2222
-15.6667
-17.3333
-19.3333
-28.5
-35.3889
-27.8889
-19.3889
-13.6111
-7.27778
7.55556
22.0556
32
37.2778
35.8333
30.3889
23.3333
14.2778
6.22222
-0.388889
-2.33333
-1.94444
-6.38889
-21.2222
-42.5556
-67.8889
-84.8333
-88.8889
-87.2778
-79.4444
-70.8333
-64.3333
-65.7778
-28.7778
-23.7778
-24.5
-39.2222
-48.5556
-56.6111
-74.0556
-88.8333
-95.4444
-80.2778
-59.0556
-39.2778
-23.5556
-9.83333
2.05556
9.72222
8.27778
7.38889
6.38889
-3.38889
-22.9444
-50.8333
-77.6111
-104.833
-119.278
-115.722
-112
-102
-93.1111
-85.2222
-97.2778
-122.389
-36.5
-25.6667
1.5
23.5
-23.5
-50.2222
-39.3889
47.1667
100.444
126.222
74
27.1111
-25.1111
-38.5556
-44.8889
-20.3333
11.8889
41.8333
23.5556
-14.2778
-44.7778
-46.6111
-46.6111
-71.1111
-85.3333
-42.3889
34.2778
99.0556
102.167
83.0556
62.2222
41.1667
-45.1111
-36.4444
-13.6111
12.3889
-31.3889
-38.6667
-23.7222
48.7778
77
86.1111
45.6667
13.2778
-19.9444
-24.4444
-24.6111
-10.1667
6.61111
22.4444
11.5556
-11.2778
-29.2778
-29.7222
-34.0556
-56.4444
-75.9444
-37.7222
30.0556
99.8889
103.5
81.5
50.6667
31.1667
-51.9444
-47.1667
-24.8889
6.27778
-30.1111
-26.8333
-20
33.8889
45.8889
52.1667
28.3889
7.33333
-14
-15.9444
-11.1111
-3.44444
2.61111
6.38889
3.55556
-5.55556
-12.6667
-17.1111
-24.9444
-42.3889
-53.8333
-17.6111
38.9444
98.3333
95.3889
69.1111
34.0556
16.9444
-56.9444
-56.7222
-27.2778
5.33333
-25.3333
-27.5
-26.9444
15.7778
22.7778
26.1667
10.7222
-2.05556
-14.6667
-15.1111
-10.5
-1.33333
5.16667
9.55556
7.61111
4.77778
0.944444
-4.05556
-17
-33.1111
-42.2222
-6.61111
40.1111
85.3333
75.2222
54.8333
33.2222
23.7222
-60.8333
-62.7778
-24.8333
4.27778
-23
-31.8333
-30.3889
4.22222
5.83333
2.94444
-7.88889
-12.1667
-14.2778
-11.3889
-7.11111
3.38889
14.8889
25
22.1667
16.2222
4.5
-3.77778
-17.7222
-25.9444
-33.6111
3.55556
46.6111
89.2222
68.2222
39.8889
17.2222
15.8889
-57.1111
-58.2222
-13.9444
5.22222
-20.7222
-35.7222
-31.9444
-7.72222
-11.0556
-18.1667
-21.1667
-18.0556
-13.7222
-10.1667
-6.27778
4.83333
22.1111
38.4444
39.5
26.8889
5.94444
-7.77778
-17.0556
-15.6667
-17.7222
11.6667
43
75
56.1111
33
16.8889
18.2222
-50.7222
-53.8333
-10.2222
-2
-21.8333
-39.0556
-38.1667
-25.7778
-28.1667
-24.0556
-14.6667
-5.55556
-2.16667
-2.27778
-2.61111
5.66667
22.6111
42.7222
48.0556
35.1111
7.22222
-17.3889
-27.1111
-18.8333
-5.94444
17.7778
39.0556
57.6111
48.7778
34
23.5556
21.1111
-42
-50.4444
-16
-16.6667
-30.4444
-49.0556
-47.1111
-32.4444
-22.6667
-10.7778
-3
0.0555556
-0.5
-1.72222
-1.61111
7.11111
23.8889
44.8333
54.2222
46.6667
20.8333
-12.7222
-37.3889
-41.1111
-22.4444
8.72222
36.8333
50.2778
48.6111
40.8333
35.0556
27.3333
-35.0556
-47.3333
-24.8333
-35.4444
-44.0556
-57.2222
-42.6667
-22.6111
-8.77778
-2.38889
-0.333333
0.388889
2.05556
6.05556
10.8333
20.5556
32.0556
47.7222
54.3889
48.1111
23.4444
-10.2778
-38.8333
-52.6111
-45.7778
-21.7222
11.9444
39.0556
53.6111
55.5556
50.9444
36.8889
-28.1667
-36.3889
-32.0556
-51.3333
-54.2778
-49.2778
-27.1667
-10.3333
-2.33333
-0.333333
1.77778
7.55556
14.8889
22.9444
23.5
27
32
45.7222
52.1667
47.1667
23.8889
-8.72222
-37.1111
-53.2778
-57.7778
-47.1667
-18.7778
24
60.6667
72.3333
61.7222
36
-10
-24.7222
-40.3333
-64.9444
-56.6111
-35.5556
-14.0556
-3.72222
-0.944444
1.22222
9.38889
21.3333
32.7778
35.9444
29.8889
21.7222
19
26.6111
38.8889
44.2222
33.4444
7.33333
-22
-47.1667
-64.7778
-68.8889
-47.4444
-0.944444
53.7778
81.2778
77.6667
45.3889
14.6667
-14.2778
-49.1111
-73.4444
-53
-22.6667
-5.61111
-1.11111
0
7.5
21.8889
38.8333
46.4444
41.3333
26.9444
13.7778
6.72222
10.8333
22.7222
36
37.1111
22.3889
-4.94444
-39
-70.6667
-84.6667
-66.9444
-18.7222
41.9444
82.2778
88.6667
58.8333
9.33333
-24.4444
-60.3333
-72.6111
-43.5
-12.3889
-1.27778
-0.833333
2.55556
16.8889
37.8333
56.3333
54.3889
36.6111
11.7778
-2.66667
-5.16667
2.72222
18.3889
34.1111
40.7222
28.0556
-0.166667
-37.1667
-72.1667
-86.8333
-73.5
-29.7222
27.8889
77.1111
95.4444
73.2778
-0.277778
-35.4444
-62.7778
-64.6111
-33.1111
-5.94444
0
-0.388889
7.33333
28.4444
55.2778
70
55.3333
24.9444
-6.55556
-16.1111
-10.3889
8.05556
26.4444
38.7222
34.6667
13.6667
-15.6667
-45.1667
-67.8889
-77
-66.1111
-33
16.8333
68.2778
97.0556
85
-8.44444
-46.2778
-65.2222
-58.1111
-24.8889
-1.55556
0.555556
-0.111111
12.5
39.8333
73.1667
80.7222
51.4444
3.22222
-34.6111
-37.1667
-14.2778
19.2778
42.5556
45.8889
28.1111
-3.38889
-34
-53.5556
-63.1667
-61.3889
-50.5
-26.3333
12.0556
60.8333
95.3889
93.2778
-16.8889
-65.2778
-76.6111
-58.6111
-19.8889
0.0555556
1.16667
0.777778
18.1667
51.2222
89.0556
83.7222
36
-29.0556
-62.6667
-51.7222
-14.2222
25.7778
48.3333
47
24.0556
-9.77778
-39.1111
-55.8889
-58.5
-49.2222
-32.5556
-13
13.7778
56.3889
91.6667
99.2778
-35.1667
-83.6667
-87.2778
-58.5
-18.1111
0.444444
1.55556
1.77778
23.4444
61.1667
98.7778
80.1667
15.9444
-56.8333
-84.2222
-61.6111
-16.2778
26.5
48.9444
46.7778
23.4444
-10.6111
-39.6667
-53.5556
-49.7778
-33.8333
-16.3333
-3
13.0556
52.3333
88.4444
104.556
-58.6667
-99.1667
-96.6111
-60.0556
-19.4444
0.166667
1.77778
2.22222
27.4444
66.4444
103.167
73
-0.333333
-76.8333
-96.3333
-63.8889
-13.8333
28.4444
47.3333
42.3333
17.5
-16
-40.2778
-46.5556
-35.3889
-17.7222
-4.83333
2.27778
13.8889
52.1667
88.1111
105.278
-54.8333
-94.3889
-97.5556
-63.8889
-23.6667
-1.27778
1.66667
2.66667
29.9444
68.8333
104.111
66.3889
-10.5
-86.6111
-97.2778
-57.6111
-6.83333
29.5556
38.7778
27.4444
1.5
-23.8889
-36.3333
-32.5556
-19
-6.22222
0.555556
4.05556
18.6111
56.7222
91.3333
100.944
-47.1667
-85.7778
-97.3333
-71.0556
-31.6111
-5.22222
1.38889
2.88889
30
68.6111
103.056
63.6667
-13.2778
-88.8889
-95.6667
-55.8333
-7.33333
20.8333
23.7222
10.8333
-7.05556
-19.8889
-22.1111
-15.5556
-7.44444
-0.888889
1.61111
5.66667
25.0556
62.8333
95.0556
94.7222
-38.5556
-76.5
-96.5
-78.7222
-40.2778
-9.94444
0.5
2.55556
29.3333
68.2222
102.167
63.8333
-13.1111
-88.1667
-95.6667
-58.2222
-16.2222
5.44444
6.38889
1.55556
-3.55556
-5.44444
-4.83333
-3.83333
-2.27778
-0.222222
1.94444
8.16667
32.5
69.9444
97.7778
87.3889
-28.5556
-63.6667
-91.3889
-85.4444
-52.5556
-18.5
-2.61111
2.05556
28.2778
67.5556
101.611
65.6667
-11.2778
-86.2222
-96.8333
-61.2222
-22.0556
-1.72222
0.722222
0.611111
0.888889
1.27778
0.666667
-1
-1.33333
-0.277778
2.5
13.1667
42.7778
78.9444
97.5556
76.1667
-22.5556
-52.7222
-80.7778
-85.3333
-62
-29.3889
-8.61111
0.5
27.7222
67.1667
101.611
67.6667
-9.11111
-84.3889
-98.4444
-62.8333
-23.1111
-0.888889
1.94444
2.05556
1.61111
0.944444
-1.27778
-2.77778
-2.72222
-0.388889
6.22222
23.0556
55.3889
84.4444
91
61.7222
-19.2778
-42.7778
-64.5
-76.7778
-66.6111
-44.2222
-20.3889
-5
27.1667
67
102.278
69.9444
-6.88889
-82.6111
-97.6667
-55.9444
-10.1111
15.1667
13.1667
7.05556
-2.61111
-11.1667
-20
-17.7222
-10.7778
-0.722222
13.5556
33.3889
61.0556
73.8333
73.8333
48.7222
-16.7222
-34.1111
-47.8333
-62.4444
-64.7778
-56.2222
-36.6667
-16
22.7778
65.9444
102.778
71.6111
-5.16667
-77.1111
-87.9444
-39.1667
4.38889
24.2778
15.4444
6.94444
-5.88889
-21.0556
-36.1111
-34.2778
-20.6667
0.944444
25.1667
49.8333
67.3889
66.7222
56.5
34.8333
-16.5
-27.8333
-33.1111
-43.1667
-54.2778
-59.1111
-51.3889
-32.7778
7.61111
52.5
89.9444
63.8889
-4.22222
-63.3889
-65.3889
-13.4444
23.7778
34
18
4.61111
-14.1667
-36.0556
-53
-45.2222
-19.7778
11.2222
35.0556
48.1111
49.7222
46.6111
43.9444
38.1667
-20.5556
-25.7222
-17.6667
-20.2778
-37.0556
-53.8889
-58.1667
-46.5556
-12.8889
29.3333
66.9444
50.6667
-3.66667
-48.6111
-45.2222
3.33333
32.6667
34.7222
14.5556
0.166667
-17.6667
-38.3889
-52.3889
-38.3333
-8.88889
16.1111
28.9444
35.6111
43.2222
45.8889
45.0556
37.4444
-29.3333
-31.2778
-8.55556
4.33333
-12.2778
-39.6111
-56.2778
-51
-27.4444
5.11111
35.9444
29.5
-7.77778
-37
-29.7222
13.2222
36.6667
34.8889
14.3333
0.0555556
-16.5
-32.6667
-40.6667
-25.3333
-7.77778
-0.888889
10.0556
29.1111
54.6111
53.0556
45.6667
32.9444
-38.5
-41
-7.61111
24.7222
15.6111
-18.8889
-48.2778
-50.0556
-33.5556
-10.8333
8.72222
4.55556
-19.5556
-32.3889
-18.1667
20.6111
38.5
34.1111
15.8333
5.83333
-5.11111
-17.3333
-29.8889
-26.9444
-26.7222
-27.8333
-9.83333
26.8333
69.4444
66.5
53.0556
32.0556
-44.3889
-47.0556
-4.61111
38.3333
36
0.5
-36.7778
-46
-39.5556
-23.6667
-9.11111
-7.22222
-19.6111
-21.7222
-7.05556
20.8333
27.8889
19.6667
7.27778
3.11111
-5.77778
-20.3889
-35.5556
-35.5
-37
-38.6667
-17.7778
26.2222
79.5556
81.0556
60
26
-52
-54
-2.33333
37.5
31.1667
-9.77778
-39.8333
-46.1667
-43.3889
-34
-19.2778
-5.66667
-3.83333
-1.83333
5.83333
17.1111
16.0556
5.44444
-2.5
-6.55556
-14.6111
-26.3889
-32.7778
-28.2222
-31.4444
-42.5
-27.2222
16.8333
79.2222
86.2778
63.3333
23.2222
-63.6667
-47.3333
17.3889
46.7778
22.7778
-28.3889
-44.5
-38.5
-34
-33.9444
-28.1667
-12.8333
-5.66667
-2.16667
0.0555556
6.05556
5.38889
-0.166667
-6.61111
-6.38889
-9.61111
-14.6111
-19.6111
-20.9444
-34.8333
-54.5
-33.3333
30.4444
111.556
115
67.0556
0.611111
84.5313
75
69.2813
62.9063
56.875
43.8125
28.3125
9.8125
4.78125
-12.125
-26.1875
-38.6563
-52.4063
-55.4688
-58.5
-59.2188
-49.4063
-31.5625
-25.5313
-16.0625
-6.59375
7.875
20.9688
39.8125
50.2188
52.625
53.2813
46.6563
40.375
35
66.3125
64.8125
66.125
64.2813
61.5
49.4063
28.4375
9.34375
-3.875
-27.25
-49.875
-68.9063
-87.9063
-92.5313
-93.1875
-93.0313
-86.2188
-71.8125
-63.5625
-46.375
-23.9688
-1.375
18.6563
43.4375
54.875
57.4375
60.1875
52.7188
40.4375
29.9063
46.75
50.625
56.9688
55.6563
49.2813
37.9063
15
-0.625
-17.125
-38.4688
-60.2813
-75.5
-86.4063
-81.9063
-74.3125
-69.5938
-62.6875
-56.0313
-54.6875
-43.1563
-21.0625
-1.15625
17.2188
33.6563
40.0938
43.2188
49.5938
47.9688
36.25
22.0313
27.75
33.7188
37.2188
32.0313
24.0938
17.3125
-2.03125
-12.3125
-27.6875
-43.5625
-55.25
-59.1875
-60.8125
-54.5938
-44
-35.7188
-27.6563
-22.0313
-22.875
-21.3438
-11.3125
0.375
15.125
21.1563
21.4375
20.2188
24.1563
28.9688
25.75
16.7813
13.0625
14.9688
13.1875
6.6875
0.65625
-3.53125
-19.0313
-23.75
-34.4375
-39.9688
-41.6563
-38.0938
-35.4063
-28.125
-17.0938
-5.875
3.75
9.40625
11.2188
9
10.1875
10.1563
12.8125
4.5625
-4.8125
-12.0938
-13.5625
-8.46875
-6.375
-6.96875
4.53125
-0.03125
-5.1875
-11.9063
-17.8125
-23.1875
-32.9375
-30.6875
-31
-26.6875
-21.625
-14.5313
-8.46875
-0.625
8.84375
20.1563
32.375
41.25
45.9688
44.375
41.2188
33.9063
25.6563
7.4375
-6.53125
-14.1875
-18.8438
-17.6563
-14.75
-11.4063
-3.5
-10.2188
-16.7188
-21.3125
-22.9375
-30.0313
-35.2813
-27.8125
-21.4063
-14.4063
-6.40625
1.96875
7.4375
8.96875
11.9063
18.6563
28.2813
40.25
50.2188
52.5938
49.6563
44.7813
36.6875
18.1875
2.9375
-8.0625
-18.2813
-23.9688
-24.3125
-20.0625
-15.5938
-21.9688
-25.9375
-22.625
-19.125
-30.5625
-32.0625
-20.9688
-11.25
-1.53125
7.59375
16.1875
23.1563
26.4375
26.7813
29.7813
35.1563
40.9375
48.6875
53.9375
54.2813
52.1875
45.7813
31.2188
16.3125
6.75
-3.5625
-15.6875
-23
-24
-31.5625
-33.3438
-31.75
-21.0938
-16.9063
-29.375
-25.4375
-12.0625
-0.03125
10.5313
20.25
30.9375
41.75
48.5313
51.2188
51.125
49.7188
48.4688
49.1563
51.4688
53
52.7188
47.3125
38.125
25.4688
16.5
9.9375
-2.875
-15.0313
-21.25
-48.5625
-43
-36.0313
-20.4375
-16.2188
-23.8438
-15.8125
-1.96875
9.9375
21.5313
34
46.9375
59.5313
67.8125
72.125
69.8438
62.25
53.9063
47.4375
44
43.0938
42.125
37.8438
31.8438
22.0313
10.7813
4.375
-5.03125
-16.4375
-23.4688
-48.6563
-42.3125
-35.25
-20.625
-17.9063
-19.7813
-7.8125
6.0625
18.6875
32.75
44.625
52.2813
59.0625
64.5625
65.3438
58.4063
47.25
33.6875
24.125
21.1563
19.5
18.0938
16.2188
14.5938
7.96875
-2.09375
-8.125
-12.75
-17.3438
-21.1563
-34.6875
-28.4688
-21.75
-16.0313
-19.0938
-14.6563
-0.84375
13.0938
26.9063
38
43.0938
43.25
42.5625
41.25
36.5625
26.0938
12.625
2.03125
-3.875
-6.375
-7.9375
-9.28125
-9.84375
-10.0625
-13.3438
-21.6563
-27.875
-25.625
-22.875
-20.125
-10.4063
-7.65625
-6.09375
-11.9688
-16.5625
-8.96875
4.59375
18.375
29.5
35.0313
33.0313
25.6563
17.2188
9.875
-0.5625
-13.7813
-24.4688
-30.8438
-33.0313
-33.8438
-35.125
-34.7813
-32.75
-32.25
-33.2188
-37.6563
-42.9063
-34.875
-24.9063
-17.9375
22.25
15.7813
8.28125
-7.46875
-12.0625
-5.03125
7.5
18.75
26.2188
25.5938
16.375
3.84375
-9.09375
-19.75
-34.9688
-48.625
-57.6563
-61.4688
-60.0938
-59.5313
-59.7813
-57.0625
-52.25
-49.5625
-47.8125
-46
-46.6563
-34.7188
-21.4688
-13.6875
27.1875
20.5625
13.0938
-2.1875
-5.78125
-0.9375
9
16.5313
20
13.5938
1.28125
-9.1875
-19.4063
-27.3125
-39.75
-49.625
-58.375
-60.2813
-59.5625
-62.4375
-62.9688
-61.7813
-59.6563
-57.3125
-52.0313
-44.8125
-39.4063
-26.125
-15.6875
-9.46875
25.5625
19
11.875
1.125
0.65625
1.5625
7.59375
11.3438
11.4375
3.3125
-6.09375
-12.9063
-19.625
-24.1875
-33.0313
-42.7813
-52.2813
-56.3438
-60.3125
-63.9688
-64.5625
-63.4688
-61.5
-55.75
-46.5313
-34.8125
-24.4375
-14.0625
-7.28125
-4.3125
19.3125
14.5938
10.1875
5.375
5.78125
3.46875
5.4375
6.0625
5.46875
-1.125
-7.25
-10.5625
-13.3125
-17.0938
-26.4688
-37.1563
-49.9063
-56.9375
-61.25
-64.875
-65.5313
-63.3125
-57.6563
-47.9375
-34.8438
-21.125
-9.03125
-2.28125
0.78125
1.53125
10.0625
10.0625
10.2188
10.4688
11
5.8125
3.125
2.78125
2.15625
-1.75
-4.25
-5.03125
-5.375
-8.71875
-16.0313
-26.4063
-38.3125
-44.875
-49.25
-51.8125
-52.2188
-49.875
-43.5625
-33.2813
-21.0313
-9.84375
2.3125
5.375
5.90625
5.96875
13.5625
13.75
13.9375
14.0938
14.4063
7.5
1.1875
0.625
0.0625
-1.125
-1.40625
-1.6875
-1.9375
-5.15625
-11.0938
-20.2188
-28.8438
-34.5313
-37.5
-37.8438
-37.7188
-35.1563
-28.5313
-19.4375
-10.25
-1.40625
10.0625
10.625
10.75
10.75
17.0938
17.4688
17.5625
17.5938
17.7813
11.3125
2.15625
0.1875
-0.15625
0.875
0.875
0.65625
0.5
-2.25
-6.8125
-12.4063
-17.3125
-21.6563
-22.0938
-21.9063
-21.6563
-19.25
-13.7813
-8.21875
-2.5625
5.09375
15.5
15.6875
15.7188
15.0938
19.0938
19.5
19.5938
19.5
19.5938
15.5
5.15625
0.59375
-0.0625
1.8125
1.90625
2
1.875
1.21875
0.40625
-0.9375
-1.71875
-3.84375
-4.0625
-3.9375
-3.8125
-3.09375
-1.65625
-0.28125
2.90625
10.1875
17.4688
17.4688
17.375
15.9375
20.5625
21.1875
21.3438
21.1563
21.0625
20.0625
11.6875
3.5625
0.53125
2.5
2.34375
2.9375
4.46875
8.34375
12.375
16.5
20.5625
22.0313
22.8438
22.5938
20.9688
17.4063
13.625
10.25
11.6563
15.75
15.9375
13.4063
13.25
11.0313
22.3438
24.9688
25.3125
25.2813
25.3125
26.9688
21.0313
9.6875
3.21875
3.1875
2.59375
5.46875
10.8125
18.6563
26.4063
34.4688
42.3438
47.6875
50.9375
48.3438
42.875
35.5313
27.9063
23.5625
24.4063
25.4688
20.375
17.3438
17.125
14.0313
20.9688
26.9688
29.5
29.9375
30.0625
33.1563
29.2188
14.7188
2.03125
-3.96875
-6.96875
-2.15625
7.03125
18.7813
32.3438
46.7813
61.0313
71.5938
75.4688
70.5313
61.1563
50.5
41.8438
36.5938
33.25
26.4375
15.4688
11.0313
10.8125
7.90625
18.6875
28.0938
34.1563
37.0313
37.7813
40.5938
37.375
20.9375
1.875
-10.625
-17.4688
-14.3125
-4.4375
7.8125
23.9688
41.7813
59.0625
71.7188
75.8125
70.0313
60.6563
52.5625
46.1563
39.9063
33.6563
23.25
13.75
9.53125
8.1875
3.9375
11.0313
23.5
33.125
39.625
43.0625
47.7188
44.5
28.5313
7.21875
-11.5938
-22.0625
-23.4063
-19.5
-16.0625
-5.3125
8.25
21.4688
29.875
33
30.3438
27.75
28.25
27.625
24.5938
22.0625
19.4688
18.1563
16.5625
11.9688
7.65625
-1.53125
10.3125
23.1563
33.2188
40.125
49.5625
49.75
36.6563
16
-4.6875
-18.0625
-28.0313
-35.1875
-43.1563
-40.125
-31.7188
-22.125
-16.4375
-14.25
-8.4375
-2.28125
5.65625
9.09375
3.59375
2.71875
3.46875
3.46875
-0.84375
-6.625
-9.1875
-10
-1.6875
10.4063
23.3125
33.6875
48.7188
54.125
48.2813
36.375
24.1563
14.7813
0.1875
-15.1875
-31.25
-37.5313
-38.25
-37.6563
-39.125
-41.1875
-35.0313
-26.5625
-17.9688
-19.25
-30.0313
-27.3438
-21.25
-17.4063
-21.4688
-28.6875
-31.1875
-16.4063
-16.75
-13.75
-7.6875
-0.71875
13.375
18.3438
16.0938
12.9688
12.75
13.9375
6.15625
-6.78125
-21.2188
-28.375
-32.4375
-36.4375
-43.1563
-49.5625
-46.6563
-43.0313
-43.4063
-51.8125
-63.1563
-60.6563
-53.875
-52.625
-58.3125
-65.5
-65.2813
-29.9063
-38.0625
-42.9063
-43.7813
-38.5938
-27.9688
-26.6563
-29.2188
-29.6875
-21.3125
-13.6563
-14.25
-20.0625
-26.5
-31.0625
-33.7188
-36.5313
-41.75
-48.4375
-51
-57.1875
-67.125
-76.6563
-86
-88.0938
-86.1875
-87.4063
-89.75
-91.5313
-91.3125
-31.2813
-22.5625
-3.71875
-22.5313
-22.625
3.5
27.9375
58.4375
79.4063
54.875
19.5
-8.84375
-32.1563
-31.4063
-14.3125
9.09375
18.0313
9.375
-3.03125
-26.4375
-39.9063
-40.8125
-55.9063
-39.0625
-6.65625
28.1875
84.2188
96.8438
87.4375
73.25
-40.3125
-25.6875
-6.8125
-27.5938
-24
-8.53125
10.375
39.5313
55.25
39.125
13.6875
-5.84375
-19.7188
-18.7188
-7.9375
7.03125
10.4063
4.3125
-3.25
-20.875
-33.4688
-36
-46.2188
-27.6875
6.75
37.875
80.5
87.7813
76.5
65.0938
-49.3125
-30.4375
-12.9063
-34.4063
-27.4688
-18.4063
-3.0625
24
36.0625
25.5938
7.59375
-3.9375
-11.3438
-7.46875
3.0625
14.2188
17.125
10.2813
0.1875
-17.9063
-33.875
-39.4063
-46.0938
-22.7813
14.8438
47.7813
86.7188
86.4063
69.875
55.0938
-58.4375
-35.6563
-20.5313
-40.9063
-29.2813
-24.9375
-12.8438
10.75
17.4375
10.375
-1.875
-8.6875
-11.5625
-5.28125
7.9375
22.1563
31.2188
28.5938
16.3125
-4.46875
-27.25
-41.5625
-49.25
-27.2188
10.5
45.7813
84.7188
84.9688
67.875
52.9688
-64.125
-39.9688
-29.6875
-46.625
-29.8438
-28.7813
-19.2813
-1
-0.5625
-5.21875
-10.4063
-12.2188
-10.3438
-2.8125
7.84375
24.125
38.375
42.2188
36.0938
16.5625
-11
-33.4688
-46.9375
-30.625
6.25
43.3438
81.1875
82.2188
63.125
45.5938
-60.3438
-40.7188
-36
-47.9063
-31.125
-32.0625
-25.875
-13.875
-16.1875
-17.5
-17.0625
-14.5313
-9.78125
-1.3125
9.96875
26.2813
43
49.5
45.5938
30.75
5.03125
-18.0938
-33.1563
-26.4375
-0.65625
30.6875
64.4688
70.7188
61.25
47.5313
-57.875
-42.5313
-41.4688
-48.5625
-35.8125
-38.8438
-35.0313
-24.625
-20.4688
-14.7188
-6.84375
-0.40625
4.75
12.7813
21.7813
33.2813
45.5938
47.1875
39.4063
23.4063
0.65625
-16.9063
-26.9375
-21.6875
-5.25
16.8125
44.9688
57.4688
58.875
52.875
-51.0938
-40.9063
-43.125
-51.3125
-43.8125
-44.6875
-35.625
-21.5313
-11.9375
-1.71875
7.34375
13.875
19.0938
23.75
29.1563
36.6563
45.7188
46.625
38.125
19.5625
-6.28125
-25.9375
-35.9688
-31.4688
-15.6875
4.5625
31.125
50.125
59.0625
60
-43.4375
-42.1563
-48
-56.9063
-48.2813
-41.125
-26.875
-12.125
-0.34375
10.5938
20.25
27.5625
30.25
31.2188
32.7188
36.75
44.9063
45.6563
37.4688
19.1563
-7.8125
-31.9063
-48.5625
-51
-39.4688
-16.6875
19.0625
48.5625
66.7813
73
-36.5625
-46.75
-53.8438
-60.625
-44.9063
-30.0313
-15.5625
-1.46875
10.5625
22.3438
33.75
38.125
35.5938
31.1875
27.75
31.2188
41.1875
44.9688
40.25
24.1875
-3.46875
-32.6875
-57.7188
-68.9688
-60.9688
-34.1563
11.0625
51.2813
74.875
80.9063
-43.9688
-58.0625
-61.125
-60.5
-38.4063
-20.5938
-6.5
7.5
20.25
35.1875
45.9375
43.4688
33.25
18.0625
8.03125
12.2188
26.125
42.3125
50.25
41.1563
13.75
-23.0938
-59.2188
-80.4063
-76.5938
-50.0313
-2.0625
46.6875
77.6563
88.6563
-50.25
-67.3438
-65.25
-57.4063
-32.5938
-13.0313
1.28125
15.3438
30.7188
48.3125
54.0313
44.3125
26.5
4.9375
-4.875
2.65625
20.375
40.7188
53.625
45.25
17.625
-20.0938
-60.3438
-83.5625
-82.9688
-59.0938
-11.875
39.75
77.5
94.4375
-56.3438
-73.5313
-64.7188
-51.9063
-26.875
-7.09375
6.84375
22.25
41.1875
60.4688
60.6563
43.4688
18.2188
-5.8125
-10.3125
1.59375
23.2188
41.9063
45.9688
34.5938
6.5
-27.8438
-58.625
-78.1875
-79.4063
-59.8438
-18.4063
32.125
74.5313
98.125
-62.1875
-75.0313
-60.4688
-46.4063
-21.25
-3.40625
10.5
29
51.3438
71.7188
66.375
41.6563
9.09375
-17.25
-18.0938
-1.875
21.8438
37.7813
36.2813
20.5313
-5.40625
-32.875
-55.5
-67.5
-68.125
-54.25
-19.0313
27.7813
69.9063
99.0625
-67.5625
-76.875
-57.9688
-43.125
-17.0313
-0.75
13.6875
35.5313
61.25
82.4063
70.4688
35.9375
-6.78125
-38.25
-36.8125
-14.5625
15.375
34.7813
34.0625
17.875
-7.84375
-32.6563
-51.0313
-58.5625
-55.5938
-43.6875
-14.3438
28.6875
67.6875
98.5938
-76.75
-84.5625
-64.25
-44.6875
-15.4063
0.5625
16.9063
41.9688
70.3125
89.125
68.6563
23.5938
-28.5
-60.125
-52.9688
-23.6563
12.7813
34.4063
34
17.9063
-7.625
-32.2188
-47.875
-51.6875
-45.0938
-30.6875
-5.3125
34
69.3438
98.0625
-86.75
-93.4063
-71.8125
-46.25
-16.1563
0.34375
19.875
47.625
76.2188
92.4375
63.375
8.75
-47.875
-78.9063
-65.8438
-29.7188
11.0313
34.4375
34.25
18.125
-7.59375
-30.6875
-43.0313
-43.1875
-32.7188
-17.6875
4.46875
40.1563
71.7813
98.3438
-97.3125
-101.938
-79.9688
-49.5313
-19.5
-1.5625
22.125
50.6563
79.0313
92.9375
56.25
-2.71875
-61.4375
-90.7813
-71.0938
-31.3438
10.875
33.4375
30.9375
13.6875
-10.4688
-29.125
-36.625
-32.1563
-19.9063
-6.90625
13.5625
45.9375
74.9688
99.8438
-92.4375
-101.063
-84.0625
-54.1563
-24.2813
-4.3125
22.9375
51.8125
79.9375
91.875
50.9063
-8.375
-66.875
-92.6563
-67.9688
-29.2188
9.59375
26.8438
19
2.09375
-15.5313
-26.8438
-27.0938
-19.25
-9.5
1.21875
20.5625
50.625
78.9375
101.188
-84.7188
-98.0313
-87.9375
-61.3438
-31.6563
-9.5625
20.9063
51.4375
79.4063
90.5625
49.6875
-9.65625
-68
-92.1875
-68.625
-33.3438
1.8125
14.9063
7.09375
-3.09375
-13.2813
-17.4375
-13.8438
-8.78125
-2.3125
7.53125
27
56.6875
84.0938
100.344
-77.1563
-92.25
-88.4063
-67.3125
-38.7813
-15.9375
17.2813
50.4688
78.875
90.4375
50.0313
-9.3125
-67.375
-93.4688
-73.2188
-41.1875
-9.65625
4.09375
2.375
-1.125
-4.625
-5.96875
-5.15625
-3.34375
1.71875
13.0625
34.3438
63.7188
87.4375
96
-67.3125
-83.75
-85.0313
-71.3438
-48.0625
-25.125
10.4375
47.1875
78.2188
91.375
51.2188
-7.6875
-64.2188
-90.3438
-67.8125
-34.1875
-3.1875
10.5313
4.90625
-2.78125
-9.90625
-15.8438
-14.125
-9.5
1.40625
18.1875
39.25
65.0938
82.1875
85.8438
-56.5938
-72.5938
-78.4375
-72.2188
-56.3125
-37.0313
0.28125
40.8125
75.5313
92.1875
52.5313
-3.90625
-56.875
-81.5313
-55.4688
-23.2188
4.21875
15.375
4.625
-7.65625
-18.5
-28.1563
-26.7813
-15.875
2.46875
26.2188
51.3125
71.0938
80.6875
76.9063
-46.5313
-59.4688
-67.75
-68.5625
-60.0625
-48.0938
-14.9688
26.0313
61.8438
81.5313
48.0938
-0.65625
-44.7813
-63.5313
-35.4063
-6.46875
14.7813
19.6563
1.71875
-15.7188
-30.4688
-40.875
-33.7813
-16.4063
6.0625
31.25
49.8438
62.6563
71.5625
68.0938
-39.4375
-45.9063
-53.1563
-58.8438
-56.9063
-53.7813
-29.1875
7
41.4375
63.375
38.4063
0.3125
-34.3125
-48.5625
-21.6563
2.34375
17.1875
18.0313
-1.8125
-19.4063
-31.9688
-38.3125
-28.2188
-11.5313
8.78125
29.375
44.125
59.2813
69.375
66.125
-36.0938
-34.4375
-35.5625
-44.125
-46.75
-51.3438
-37.3125
-8.71875
20.5313
40.7188
23.0625
-4.34375
-29.3125
-38.3125
-12.875
7.6875
18.9688
18.125
-1.25
-16.4688
-25.375
-29.6875
-22.5625
-13.9063
1.875
21.5938
40.5313
64.625
73.2188
65.9063
-36.1563
-25.25
-16.7188
-25.9063
-32.125
-43.125
-39.125
-17.6563
5.125
20.25
5.6875
-14.3438
-30.0625
-32.5938
-6.875
12.5313
22
22.1875
6.4375
-6.25
-15.9063
-25.0313
-28.2813
-30.0313
-13.5938
10.8438
39.6563
74.5938
80.125
68.1875
-35.9375
-14.75
1.65625
-8
-17.875
-36.2188
-40.9375
-24.7813
-5.6875
7.96875
-1.46875
-14.8125
-23.8125
-22.625
1.15625
18.1875
25.3438
23.6875
4.625
-13.4063
-29.8125
-44.8438
-48.375
-47.6563
-23.2813
7.875
39.9063
76.9063
77.125
63
-36.9063
-12.125
5.5625
-8.125
-24.6563
-44.9375
-52.5938
-36.0313
-13.0313
2.6875
2.5625
-1.84375
-5.90625
-3.40625
13.3125
22
22.625
14.8438
-6.125
-25.0313
-42.4063
-54.5313
-55.8125
-52.5313
-25.4063
5.8125
38.5
74.75
73.25
58.9688
-30.9688
-1.5625
14.9063
-3.40625
-28.5313
-49.9063
-60.1563
-45.9688
-24.625
-13.375
-7.65625
-4.0625
-1.25
6.125
17.1875
19.5938
15.4063
4.375
-10.375
-23.5625
-36.1875
-42.9375
-47.0313
-47.5625
-23.9063
7
44.7813
86.5
85.4688
63.5625
-23.7083
-16.5833
-12.2917
-7.45833
-2.95833
-5.5
-10.4167
-15.9583
-13.9167
-10.7917
-4.08333
5.41667
19.125
37.9583
51.625
50.5833
49.9583
48.7917
39.1667
15.625
-4.25
-19.7917
-32.4583
-34.8333
-25.4583
-23.2083
-23.3333
-10.625
-3.54167
-5.20833
-12.0833
-4.91667
16.9167
14.9167
9.125
3.95833
-6.95833
-16.5417
-21.9167
-23.375
-15.4167
-6.83333
8.54167
24.625
38.9167
51.125
57.875
59.625
57.25
56
57.5833
51.625
41.25
20.4583
1.125
-14.8333
-27.6667
-43.0417
-48.4167
-37.25
-23.25
-14.5833
-10.7917
-1.875
39.0417
32.6667
20.75
6.41667
-13
-18.0833
-7.91667
-2.45833
7.625
16.7083
26.9583
27.8333
20.3333
11.5
4.41667
2.79167
0.875
2.08333
9.83333
27.5833
39.7917
46.375
39.9583
22.5833
-1.04167
-16.75
-22.3333
-25.9167
-16.3333
-0.25
13.7917
12.4167
17.8333
16.375
6.25
-3.45833
-4.20833
5.08333
22.375
23.4583
27.5
28.0833
17.8333
-3.41667
-27.1667
-39
-44.875
-47.5417
-48.4167
-47.0417
-43.5
-31.875
-18.2917
7.95833
28.4167
35.4583
24.6667
27.25
29.5833
19.3333
9.66667
9.625
23.7917
17.9583
2.25
2.41667
-3.95833
2.29167
19.75
29.5417
30.5
24.2083
22.6667
9.95833
-11.7917
-27.9583
-33.6667
-31.8333
-28.625
-31.5
-35.8333
-41.6667
-48.5417
-54.1667
-55.6667
-42.9583
-17.4167
12.5417
30.7083
43.5833
52.9167
55.5
41.5
21.9167
15.0417
12.0417
1.83333
1.375
7.20833
22.125
30.8333
28.3333
18.2917
13.5417
4.04167
-12.875
-22.1667
-19.875
-11.8333
-6.91667
-3.75
-6.91667
-14.125
-23.625
-33.7917
-43.375
-50.0417
-52.9583
-44.875
-24.375
7.41667
22.9167
24.875
26.0833
23.4583
12.75
-8.83333
-14.5417
-2.45833
-0.416667
14.2083
19.0833
13.9583
10.2917
6.45833
3.66667
-11.4167
-16.25
-11.625
-5.125
-2.20833
-1.66667
-1
7.29167
12.9583
14.6667
15.25
10.1667
2.45833
-12.125
-24.3333
-30.7083
-23.75
-10.9583
-7.75
-12.375
-9.875
-4.91667
-12.125
-19.6667
-8.875
-3.04167
2.83333
-3
-8.125
-1.75
-1.04167
-6.83333
-12.7083
-6.75
-2.125
-0.125
-0.541667
-0.708333
-0.708333
8.625
24.6667
37.875
47.25
50.5
45
28.75
8.66667
-9.66667
-25.5
-26.8333
-14.0833
-6.125
-2.58333
2.54167
9.25
7.45833
-2.29167
3
-2.5
-7.66667
-9.33333
-1.95833
-5.33333
-10.8333
-5.20833
-1.04167
-0.25
-0.416667
-2.04167
-5.41667
-10.0833
-17.25
-16.75
-9.875
-2.95833
7.5
15.75
17.9583
11.4167
1.25
-9
-20.9167
-16.75
-4.33333
2.16667
5.5
10.2917
15.2917
21.8333
20.125
13.7083
6.20833
1.625
-2.16667
-8.66667
-6.91667
-0.708333
-0.416667
-1
-5.375
-11.5833
-19.7917
-28.2917
-40.5
-54.875
-58.2083
-52.875
-41.75
-25.9167
-9.33333
0.583333
2
0.791667
-7.45833
-15.7083
-13.125
-7.20833
-0.875
1.20833
6.41667
35.875
27.25
22.2083
9.70833
5.875
-3.625
-7.79167
-1.375
0.125
-0.666667
-5
-13.5417
-20.0417
-22.5
-23.4583
-23.9167
-25.0833
-23.9583
-19.5
-17
-13.125
-4.54167
4.83333
9.79167
10.5417
8.125
-0.375
-5.04167
-6.79167
-4.375
-3.33333
-1.16667
16.2917
3.95833
-4.375
-5.125
2.66667
-3.29167
-2.83333
0.75
-0.416667
-4.625
-11.7083
-12.6667
-9.83333
-1.125
9.25
22.625
38.3333
43.6667
41.75
33.1667
23.4583
16.9167
17.5
22.75
23.875
23.3333
19.4583
13.9167
8.125
-1.41667
-3.66667
-3.08333
-30.5417
-32.75
-31.5833
-11.0833
-1.54167
-4.04167
-0.416667
-0.0416667
-2.41667
-9
-9.04167
-0.833333
9.16667
21.5
36.0833
54.25
65.6667
66.3333
58.4583
46.3333
34
24
21.5
24.2083
24.8333
24.875
23.9583
18.625
14.3333
3.125
0.583333
0.583333
-58.7917
-41.625
-23.2917
-1.625
-3.33333
-3.625
-0.291667
-0.458333
-4.29167
-4.625
2.5
8.95833
18.9167
26.8333
37.75
44.875
42.4167
36.875
25.75
17.9167
12.4583
12.0417
13
12.3333
13.0833
13.5
11.9167
3.875
-0.625
-0.833333
-0.291667
-0.75
-16.9167
-6.58333
1.79167
1
-3.95833
-2
-0.583333
-0.708333
-2.95833
3.625
8.375
12.25
17.7917
15.7083
14.4167
2.58333
-11.625
-24.4583
-31.9583
-28.0833
-18.375
-6.83333
0.25
3.20833
4.08333
2.79167
-3.375
-10.5417
-11.8333
-6.25
-4.95833
-5.33333
29.25
20.75
11.125
-3.125
-4.75
-1.45833
-1.29167
-1.04167
1.75
6.79167
7.83333
11.2083
8.25
0.833333
-9.45833
-24.7083
-35.9583
-41.4167
-34.0417
-20.4167
-6.04167
1.91667
5.54167
4.33333
0
-6.33333
-13.0833
-11.5
-8.625
-5.58333
-5.125
-4.91667
15.6667
9.16667
2.91667
-3.83333
-4.125
-1.33333
-1.125
-0.875
3.875
5.08333
5.45833
5.04167
-1.625
-5.125
-12.9167
-14.625
-7.29167
5.125
21.5
31.3333
32.4167
26
14.875
2.375
-7.20833
-13.75
-11.4583
-4.625
-2.79167
-1.95833
-1.95833
-1.625
-2.75
-3
-2.95833
-3.08333
-3.16667
-1
-0.25
-0.375
2.04167
2.08333
2.33333
-1.16667
-4.5
-4.91667
-7.79167
-2.33333
8.45833
19.5
25.7083
23.9583
16.7917
7.70833
-4.08333
-11.5417
-14.625
-12.2083
-4.375
-0.666667
-0.958333
-0.5
-0.708333
-0.708333
-2.79167
-2.91667
-2.79167
-2.75
-3
-0.791667
0.541667
0.5
1.08333
1.04167
1.04167
-2.04167
-2.95833
-3.20833
-3.75
-2.875
-5
-7.20833
-13.375
-20.5833
-24.5
-26.0417
-24.0417
-18.8333
-12.25
-4.75
-1.20833
-1.04167
-4.54167
-4.54167
-4.45833
-4.45833
-2.45833
-2.45833
-2.45833
-2.54167
-2.79167
-2.16667
0.708333
0.75
0.75
0.833333
0.416667
-1.5
-1.79167
-1.45833
-1
-3.70833
-9.41667
-14.375
-20.625
-24.9167
-25.8333
-23.375
-17.2083
-10.625
-4.5
-0.708333
-0.666667
-1.66667
-6.95833
-7.25
-6.95833
-6.79167
-1.83333
-2.04167
-2.20833
-2.25
-1.83333
-3.25
-0.208333
0.458333
0.208333
0.25
-0.208333
-0.916667
-0.708333
-1.08333
-0.666667
-2.20833
-4.16667
-5.875
-7.70833
-8.16667
-8.16667
-6.66667
-4.45833
-2.25
-0.5
-0.0416667
-0.208333
-1.54167
-1.25
-1.375
-1.25
-1.29167
0.541667
-1.66667
-1.83333
-1.83333
-1.125
-3.16667
-2.66667
0.25
0
0
0
0.166667
0.416667
-0.916667
-0.833333
-0.958333
-1.45833
-2.16667
-2.45833
-1.5
-1.16667
-0.958333
-0.583333
-0.0833333
0.0833333
-0.25
-0.708333
-3.41667
2
2.08333
2.16667
2.66667
5.16667
0.208333
-0.333333
-0.416667
-0.5
-4.20833
-5.95833
-1
-0.708333
-0.625
-0.458333
-0.5
-0.291667
-0.375
-0.541667
-0.833333
-1.375
-1.91667
-2.79167
-3.45833
-3.33333
-3.08333
-2.54167
-1.83333
-1.125
-0.666667
-2.91667
-6.5
-1.79167
-1.54167
-1.54167
0.5
9.08333
5.20833
1.41667
1.25
0.75
-3.91667
-8.125
-4.66667
-1.125
-0.958333
-1
-1.20833
-0.916667
-0.5
-2.66667
-7.41667
-12.7083
-17.7917
-23.5833
-29.6667
-28.3333
-23.7083
-18.2083
-12.5833
-6.75
-1.66667
-6.08333
-3.95833
2.70833
6
5.875
8.125
4.29167
5.375
-1.45833
-4.20833
-4.45833
-3.91667
-8.625
-9.625
-2.83333
-0.0833333
0.0416667
0.5
0.708333
-3.08333
-9.75
-18.4167
-27.4167
-36.75
-45.625
-50.4167
-47.1667
-38.5417
-29.5417
-20.6667
-12.25
-8.16667
-8.20833
-1.625
1.20833
4.75
5
8.04167
-4.75
0.0833333
-1.54167
-8.375
-11.3333
-6.375
-6.95833
-11.5417
-6.625
3.58333
10.3333
14.875
14.875
8.79167
0.25
-3.875
-6.625
-9.58333
-8.41667
0.583333
4.54167
5.25
4.125
1.83333
-3.75
-12.7917
-3.79167
0.75
-6.5
-9.91667
-5.91667
-3.04167
-2.20833
2.08333
8.125
4.66667
-2.58333
-5.33333
-4.75
-9.25
-8.75
3
18.8333
29.4167
30.25
33.7083
34.2083
37.625
42.5417
49.4583
63.4583
75.7917
75.5417
63.9583
48.8333
30.1667
9.91667
1.29167
9.58333
13.125
9.79167
8.95833
15
5.66667
7.375
9.33333
14.9167
20.125
16.75
4.41667
-1.91667
-7.04167
-12.2917
-14.5417
-8.5
-0.833333
3.45833
18.4167
33.9583
45.25
56.4167
69.8333
84.2083
83.5
72.7917
55.8333
36.0833
17.2917
10.9167
20.5
15.75
13.1667
15.7083
19.4167
11.5833
-9.33333
8.5
10.625
12.1667
18.5833
24.1667
18.6667
6.75
-3
-14.75
-30.4167
-44.25
-48.625
-42.75
-30
-12.5417
0.958333
11.5417
19.25
19.625
8.79167
-6.375
-18.375
-23.5417
-17.3333
2.79167
17.875
11.125
7.08333
6.54167
-0.375
-20.0833
-27.9583
-0.958333
-0.333333
-0.25
1.70833
8.20833
15.0833
14.1667
10.0833
-0.625
-16
-34.4583
-49.0417
-53.0417
-58.2083
-57.7083
-55.5833
-56.2083
-61.9167
-73.1667
-79.9583
-76.7083
-62.5833
-36.375
-5.75
15.5833
20.7917
26.0833
27.6667
23.5
14.5
14.375
31.3333
-9.625
-14
-12.625
-5.75
3.25
17.3333
40.75
59.375
65.4583
58.5
44.3333
26.125
7.125
-18.2083
-39.375
-52.0833
-58.125
-63.0833
-66.2917
-53.875
-25.9583
8.5
38
56.4167
54.125
41.2083
42
37.7083
34.4167
38.7083
62.2083
87.9583
12.1667
7.54167
8.04167
19.0833
26.0833
41.4167
68.25
92.25
112.333
117.583
116.875
112.708
103.417
91
74.9167
61.625
58.0833
58.375
62.1667
74.4583
84.5833
89.9583
79.5833
61.5
38.0417
13.4167
3.45833
-5.16667
-6.25
-2.29167
9.83333
19.5
24.7917
-12.4583
-58.9167
7.79167
77.7917
7.25
-63.2917
-52.4583
-36.5417
7.70833
58.7917
39.5417
8.5
11.3333
1.625
-28.5417
-34.0417
-6.33333
25.6667
42.25
11.875
-26.6667
8.66667
42.0417
-1.45833
-58.9583
-74.2083
-20.875
30.9583
12.1667
1.79167
22.2083
31.6667
-13.2083
-61.5
14.0833
67.5417
-12.7917
-59.5417
-30.5
-14.7917
8.29167
40.2917
28.25
2.79167
2.125
-0.125
-15.375
-17.25
-3.25
13.0833
26.875
8.25
-19.6667
9.625
37.4167
2.45833
-47.9167
-72.1667
-30.5
29.875
24.4167
6.83333
14.625
37.7917
-14.8333
-63.25
15.6667
53.75
-20.5833
-42.1667
-12.9583
-8.25
2.20833
24.7083
19.5833
2.70833
-1.125
-5.20833
-7.45833
-1.125
-1.16667
0.0833333
13.2083
6.16667
-9
11.7083
24.0833
-2.66667
-37.625
-61.7083
-27.1667
31.5417
29.75
9.41667
9.04167
42.4583
-18
-67.125
14.0417
50.0417
-14.7917
-32.5
-10.1667
-3.625
2.70833
14.4583
11.8333
1.58333
-1.25
-4.875
-8.29167
-3.41667
0.708333
0.375
4
3.20833
0.333333
13.0417
17.8333
-2.70833
-34.75
-53.6667
-13.1667
33.5417
15.75
-1.20833
10.4583
45.125
-23.7083
-70.3333
16.9167
50.5
-13.3333
-30
-6.79167
4.04167
5.20833
6.08333
3.79167
-2.54167
-3.33333
-1.125
-8.875
-13.7083
-0.666667
6.95833
3.83333
7.45833
8.41667
6.08333
8.79167
1.70833
-32.0417
-57.2083
-8.375
45.875
20.1667
-7.95833
3.54167
42.3333
-31.75
-67.0417
25.5
48.8333
-15.0417
-25.4583
-0.583333
9.54167
4.125
-2.66667
-2.625
-2.70833
-2.66667
-1.625
-9.04167
-18.375
-9.25
8.58333
13.75
13.0833
9.66667
-0.25
-2
1.91667
-20.5833
-46.375
-6.41667
40.8333
15.25
-11.2083
2.83333
37.5417
-34.5417
-55.7917
30.7083
38.0833
-15.8333
-11.6667
6.29167
0.833333
-7.625
-8.375
-3.75
-0.208333
0.958333
0.625
-7.70833
-18.6667
-13.3333
3.875
17.0417
22.5833
15.625
-1.83333
-13.4583
-9.375
-10.9583
-25.75
-8.25
24.25
11.9583
-7.375
3.83333
31.125
-26.9167
-38.7917
26.25
27.25
-8.125
-7.29167
-4.95833
-9.95833
-7.875
-2.75
0.125
0.833333
0.791667
0.0416667
-7.875
-18.3333
-13.75
-0.25
11.125
23.875
26.375
11.4167
-7.66667
-20.5
-23.7083
-17.5833
-2.5
10.0417
4.54167
-1.125
8.58333
22.9583
-17
-21.125
22.2083
18.9167
-8.95833
-16.0833
-12.7083
-5.70833
-1.29167
-0.875
-0.166667
-1.04167
-4.29167
-3.95833
-5.25
-12.25
-10.625
-0.958333
9.375
23.5
27.3333
14.5417
1.5
-9.375
-23.1667
-27.5
-13.5833
-0.333333
-0.875
3.41667
15.6667
0.708333
-3.5
3.58333
17.5833
2.375
-18.1667
-16.2917
-6.66667
-1.20833
-0.791667
-1.875
-4.375
-7.58333
-4.29167
2.58333
-0.25
-10
-9.95833
-1.75
8.25
22.5833
26.7917
14.7083
3.625
0.541667
-8.33333
-29.8333
-36.5
-16.9583
2.625
15.5833
20.7917
-12.75
19.875
24.2083
5.83333
-16
-21.25
-9.16667
-1.5
-0.5
-2.16667
-7
-11.2917
-7.04167
3
7.41667
5.58333
-0.708333
-9.83333
-10.875
0.375
15
23.0833
19.9583
12.1667
10.0417
1.75
-26.25
-45.6667
-34.2917
-8.125
19.5417
28.9583
-13.5833
46.8333
37
-11.5
-28.5833
-17.0417
-2.95833
0.375
-1.29167
-6.625
-14.2083
-12.2917
-0.0833333
9.875
11.75
7.375
1.45833
-5.20833
-12.875
-9.58333
6.20833
17.0417
20.5
24.375
22.375
2.95833
-27.2917
-44.2083
-41.375
-21.5417
14.7083
33.9167
-9.04167
55.625
31.7917
-27.4583
-30.7917
-9.54167
-0.0416667
0.583333
-3.04167
-13.75
-20.4167
-8.20833
10.1667
19.25
16.9583
4.375
-4.70833
-6.04167
-12.5417
-14.6667
2.25
18.125
21.875
26.8333
24.7083
2.375
-24.9167
-37.125
-41.1667
-33.875
3.45833
35.5833
-1.66667
54
18.3333
-33.75
-25.4583
-5.125
0.708333
0.791667
-6.66667
-22.125
-22.75
-0.291667
21.4167
28.2083
16.625
-3
-10.8333
-12.375
-14.375
-5.83333
10.5833
20.9167
21.625
17.0833
13.7083
3.5
-18.3333
-30.125
-35
-39.8333
-11.0417
32.875
7.70833
51.7917
4.66667
-37.625
-19.9583
-2.375
1.04167
0.916667
-10.4583
-30.5
-24.875
9.625
36.2917
38.8333
16.1667
-13.5417
-25.5
-22.0833
-10.9583
5.16667
20.5
26.1667
18.125
6.83333
2.83333
-1.33333
-13.5
-20.9167
-26.8333
-40.75
-22.8333
27.7917
31.25
49
-12.875
-41
-16.375
-1.58333
0.833333
0.708333
-14
-38.0833
-25.6667
24.3333
56.375
43.4583
3.91667
-25.7083
-31.9583
-24.0417
-8.04167
9.95833
23.7083
25.9167
15.9167
4.95833
-2.125
-9.70833
-14.9583
-12.75
-16.625
-37.5833
-31.75
21.2083
44.7917
38.0417
-24.4583
-41.4583
-15.125
-1.33333
0.375
0.25
-17
-44.5417
-22.7917
41.1667
69.25
40.875
-6.29167
-33.125
-34.5417
-24.25
-7.375
10.5833
23.7917
25.75
15.875
2.75
-9.08333
-15
-11.2083
-5.25
-10.1667
-35.2083
-38.9583
15.375
44.75
26.75
-28.9583
-41.5833
-16.2917
-1.75
0.375
0.125
-19.8333
-47.9167
-17.6667
51.9583
75.75
38.5833
-16.2917
-39.9583
-33.4167
-22
-5.79167
12.9583
24.5417
23.7083
12.0417
-3.91667
-14.75
-12.5833
-4.625
-2.04167
-9.08333
-34.375
-39.8333
14.4167
40.8333
29.3333
-22.1667
-41.25
-19.625
-2.66667
0.541667
-0.5
-21.7917
-48.3333
-13.5833
57.2083
78.7917
34.7917
-26.25
-43.5
-28.875
-16.8333
0.75
18.0417
21.125
14.9583
3.20833
-9.83333
-12.625
-5.875
-1.08333
-1.91667
-12.1667
-36.1667
-33.3333
19.6667
34.2917
32.2917
-10.2083
-38.4167
-25.1667
-5.29167
0.333333
-1
-21.625
-47.4167
-13.4583
58.25
80.2083
31.7917
-29.375
-42.0833
-25.5417
-10.5
6.625
14.8333
11.7917
5.875
-2.95833
-7.75
-5.375
-2.20833
-0.791667
-2.79167
-16.4583
-37.875
-24.3333
26.2083
27.6667
35.0833
2.29167
-34.625
-30.8333
-8.375
0.291667
-1.29167
-21.6667
-46.875
-13.7083
57.4583
80.0417
32.0417
-29.0417
-40.2083
-19.1667
-4.375
3.66667
5.58333
2.08333
-0.791667
-0.583333
-0.25
-1.625
-1.79167
-0.958333
-4.54167
-21.5
-38.125
-13.75
32.0833
20.1667
34.3333
15.0417
-24.5833
-34.125
-14.5417
-1.41667
-1.25
-21.5
-46.75
-14.5
55.7917
79.4167
34.2083
-27.0833
-39.5833
-16.8333
-3.16667
0.666667
0.875
-1.29167
-0.708333
1.91667
1.54167
-1.04167
-1.5
-1.33333
-8.66667
-27.875
-33.9167
0.166667
36.4167
15.5417
27.5833
19.7917
-10.6667
-30.25
-20.3333
-5.08333
-2.125
-21.7083
-46.625
-14.9583
54.125
78.4583
37
-24.5417
-41.0833
-18.5
-3.29167
0.583333
0.541667
-0.708333
1.04167
2.45833
0.791667
-1.5
-2.16667
-4.41667
-15.25
-29.1667
-22.2917
11.3333
35.375
12.9583
18.2083
16.4167
2.125
-16.375
-20.4167
-12.625
-6.04167
-22
-46.9583
-15.375
52.7917
77.5833
40.125
-24.4167
-48.9167
-24.3333
-0.541667
6.54167
3.95833
4.41667
10.1667
4.16667
-6.95833
-7.375
-4.54167
-9.70833
-20.0833
-19.2917
-4.375
10.625
19.875
11.5417
10.25
9.91667
9.16667
-1.58333
-12.4167
-16.375
-13
-24.4583
-47.7083
-16.3333
52
77.3333
38.9167
-31.375
-53.4167
-18.2917
6.125
8.125
4.20833
6.95833
17.0833
9.08333
-11.2917
-14.875
-11.2917
-18.0833
-20.75
-6.16667
9.375
10.5
11.5417
11.875
3.58333
-0.0416667
11.125
10.1667
-2
-11.0833
-15.4167
-28
-45.7917
-16.4167
45.625
69.375
31.1667
-37.875
-52.375
-9.25
13.4167
9.83333
6.08333
13.2917
22.875
6.625
-18.9167
-23.125
-18.4167
-13.2917
-5.25
2.875
6.45833
-2.16667
0.583333
14.7917
-5.79167
-15.375
12.4167
22.2917
4.91667
-5.375
-9.625
-25.875
-43.875
-17.6667
35.6667
56.375
23.8333
-37.4167
-47.25
-2.45833
18.3333
10.7083
5.29167
12.6667
22.2083
4.33333
-24.9583
-26.8333
-8.45833
0.333333
-8.875
-7.83333
6.33333
0.75
-0.0833333
21.25
-10.9167
-35.5833
3.75
33.625
15.4167
-1.91667
-5.91667
-18.4167
-33.7917
-16.75
22.1667
40.5833
16.7917
-33.9167
-40.75
0.416667
18.9583
10.7083
5
11.6667
18.2083
-1.79167
-24.0833
-12.0833
8.625
-5.75
-33.7083
-12.2917
21.2917
4.83333
-4.70833
28.125
-9.375
-53.0833
-13.9167
38.5417
28.7917
3.625
-4.875
-13.625
-22.2917
-10
14.625
25.375
6.25
-32.2917
-33.6667
3.29167
17.875
8.25
2.04167
7.25
15
4.95833
-9.70833
-2.08333
11.5
-16
-54.2917
-18.4583
30.625
12.0417
-4.08333
32.5417
-12.8333
-63.25
-20.9167
36.3333
32.8333
11.2917
-0.416667
-8.625
-14.625
-9.58333
5.95833
15.0833
0.0416667
-27.4583
-21.2083
10.1667
14.7083
0.958333
-0.958333
9.54167
16.7917
6.125
-7.125
-1.16667
10.5417
-18.0417
-61.2083
-28.125
29.625
25
8.08333
37.5
-20.375
-72.5
-12.75
46.625
26.9583
3.25
1.375
-2.54167
-9
-14.0417
-7.75
6
1.04167
-15.125
-8.70833
11.375
11.7917
-1.41667
-1
12.2917
11.5
-4
-6.58333
5.25
15.8333
-13
-65.5417
-38.8333
28.2083
32.0833
13.4583
26.9167
-41.7083
-76.2083
6.83333
65.4583
20.4167
-15.5
-3.125
4.20833
-0.0416667
-9.875
-13.4167
-0.583333
3.625
-5.95833
-7.125
4.83333
10.5
-0.958333
-4.79167
7.20833
6.70833
-2.41667
1
13.0417
21.7917
-21.6667
-89.9167
-49
44.8333
56.7083
29.125
17.2778
17.0926
19.6667
15.7037
12.3148
12.537
8.46296
12.9444
16
15.4074
9.01852
-3.35185
-11.5185
-16.2963
-14.2593
-5.7963
1.90741
10.5185
13.7593
10.7037
3.7037
10.9074
20.7963
26.0556
21.4259
15.5741
7.05556
4.11111
23.6667
28.8333
32.8704
28.7222
21.9074
17.2407
10.0926
8.7963
0.833333
-12.7778
-27.8148
-43.2037
-52.5741
-58.7222
-60.2593
-55.8889
-49.3333
-35.5926
-20.4259
-8.16667
-1.72222
13.4074
27.2222
38.5
41.5556
40.7778
32.1111
22.7963
28.8148
32.9074
32.3519
26.7963
20.2778
14.3148
8.72222
2.35185
-9.22222
-23.4259
-33.2407
-40.4259
-43.9444
-48.1296
-52.8148
-56.9259
-59.2407
-54.6296
-41.963
-26.5926
-10.9444
4.09259
14.5
22.6852
30.2593
36.7037
35.2778
26.5556
22
21
17.2407
13.3333
12.8889
8.85185
3.74074
-6.5
-17.1111
-24.1852
-25.3519
-20.3333
-15.8519
-14.3519
-16
-21.6667
-28.5
-33.0185
-30.4444
-22.0185
-11.3333
-4.53704
-2.2963
-2.24074
3.75926
12.7407
19.4815
18.9815
10.2778
6.31481
2.57407
-0.0925926
4.98148
2.2963
-2.92593
-12.0556
-15.5741
-15.9074
-13.8889
-7.88889
0.12963
5.90741
8.53704
6.88889
0.388889
-7.64815
-11.7593
-11.5926
-9.16667
-11.0741
-13.6852
-19.8519
-20.7037
-13.8704
-4.94444
0.888889
3.2963
0.240741
-4.03704
-6.55556
-0.203704
-4.05556
-9.44444
-13.8519
-14.0926
-14.3704
-15.463
-13.8333
-9.24074
-2.12963
4.37037
8.38889
9.5
6.18519
2.16667
-0.314815
-3.35185
-8.05556
-9.7037
-12.9815
-17.2593
-16.463
-10.1852
-2.38889
7.42593
4.92593
-1.27778
-3.92593
-2.88889
-8.94444
-12.3889
-13.5
-14.6481
-18.0926
-23.0741
-30.1296
-33.6296
-33.0741
-28.7963
-21.5556
-13.6667
-9.27778
-8.87037
-9.25926
-7
-7.90741
-5.94444
-3.83333
-8.55556
-12.3519
-11.8889
-6.64815
15.037
10.8704
2.61111
1.09259
-4.18519
-11.963
-13.463
-14.6667
-17.5926
-19.4259
-21.3333
-25.3519
-30.5185
-32.0741
-28.2963
-20.7593
-9.55556
-0.814815
2.2037
2.24074
3.44444
3.92593
4.7037
8.62963
7.90741
2.59259
-1.27778
-1.87037
4.18519
0.185185
-0.12963
3.44444
-5.94444
-12.2593
-12.6296
-12.9074
-12.5
-8.40741
-3.59259
-1.07407
-0.703704
-0.87037
2.87037
9.40741
15.3889
21.3148
23.8704
23.6296
21.6296
18.3889
15.0741
16.1111
18.4074
15.1296
9.01852
2.53704
-14.5185
-14.1111
-4.18519
0.888889
-7.81481
-11.463
-9.90741
-7.22222
-0.925926
9.31481
20.3519
30.537
38.0741
43.9815
49.2963
51.4074
51.1296
50.8704
50.9259
47.9444
39.1296
30.8333
23.8704
21.0741
25.3704
23.537
17.4074
7.14815
-32.7963
-24.3889
-6.81481
-2.68519
-8.81481
-7.2037
-3.33333
3.75926
14.3704
24.2407
33.9259
42.5
48.6667
54.2963
56.1296
54.5926
50.1111
45.6852
43.8333
40.1481
32.9444
27.0185
22.8519
19.7222
21.3519
18.6296
12.4444
4.2963
-22.3333
-14.037
-4.51852
-5.64815
-7.33333
-2.03704
3.72222
11.3333
19.6111
23.5185
26.4815
28.2407
27.8333
29.7778
28.8148
26.1481
23.5741
20.463
18.963
16.0926
14.4259
15.3333
15.537
11.9815
8.62963
3.7037
-1.25926
-3.72222
-6.7037
-2.83333
-3.77778
-6.38889
-3.31481
3.90741
8.42593
14.0556
16.3519
13.9815
10.4444
6.25926
1.77778
1.05556
-0.944444
-0.314815
-0.537037
-1.40741
-2.07407
-2.07407
1.81481
6.51852
6.7963
2.31481
-6.05556
-11.2407
-12.4444
-9.2963
9.33333
5.03704
-4.12963
-6.7037
0.203704
5.57407
8.14815
9.81481
6.48148
1.2037
-4.57407
-8.88889
-9.2963
-8.59259
-6.64815
-3.90741
-4.05556
-3.64815
-3.40741
-0.981481
2.96296
3.5
-0.0740741
-7.03704
-15.7963
-17.037
-13.9259
-8.62963
5.81481
1.40741
-4.92593
-5.74074
2.12963
5.24074
5.98148
4.24074
-0.814815
-4.55556
-8
-8.88889
-5
-3.24074
-1.31481
-0.685185
-1.92593
-2.09259
-2.07407
-0.0740741
0.592593
-3.33333
-8.96296
-13.5926
-18.6481
-15.5556
-10.2222
-6.2963
0.907407
-1.94444
-4.53704
-4.92593
0.925926
3
3.18519
-0.351852
-3.83333
-5.51852
-6.74074
-5.7963
-1.75926
-2.5
-3.16667
-6.51852
-8.51852
-8.88889
-8.88889
-7.98148
-9.27778
-13.2593
-15.2778
-15.7407
-16.3889
-10.9074
-7.01852
-5.2037
-3.66667
-3.59259
-3.38889
-3.38889
-0.962963
1.59259
1.51852
-1.7963
-3.2037
-3.44444
-3.37037
-3.35185
-4.57407
-8.94444
-14.1481
-19.5185
-20.0741
-20.4259
-20.5741
-20.8519
-21.2963
-20.2593
-17.2222
-13.2222
-11.7407
-8.01852
-6.18519
-5.81481
-3.72222
-3.46296
-3.40741
-2.90741
-3.44444
-0.259259
0.425926
-1.31481
-1.55556
-1.66667
-1.81481
-3.18519
-7.14815
-12.1111
-17.2593
-20.8148
-20.7407
-20.8333
-20.8704
-20.963
-19.8333
-16.2407
-11.7407
-8.81481
-6.42593
-4.7963
-4.44444
-4.05556
-2.11111
-1.90741
-2.09259
-1.2037
-4.53704
-2.81481
-0.611111
-0.981481
-0.87037
-1.01852
-1.37037
-2.81481
-6.81481
-9.98148
-13.463
-15.0556
-14.5556
-14.6667
-14.5926
-14.3889
-12.9259
-9.55556
-7.2963
-6.87037
-2.81481
-2.51852
-2.40741
-1.57407
-2.14815
-2.16667
-2.31481
-1.64815
-6.01852
-6.62963
-2.46296
-0.87037
-0.62963
-0.87037
-2.14815
-4.68519
-8.57407
-11.6852
-15
-17.5185
-17.9074
-18.0741
-17.8519
-16.5
-13.8148
-10.7222
-10.2037
-9.03704
0.314815
2.48148
2.55556
4
-1.44444
-1.57407
-1.7037
-1.61111
-5.94444
-9.66667
-5.90741
-2.18519
-0.62963
-2.12963
-5.44444
-9.74074
-14.6667
-19.2778
-24.1111
-28.8519
-30.5
-30.8519
-29.1481
-25.7037
-21.2778
-18.6667
-18.1667
-13.3148
-2.46296
1.07407
1.22222
2.11111
-5.59259
-5.98148
-5.94444
-6.18519
-5.92593
-8.7037
-5.77778
0.907407
4.44444
2.83333
-2.11111
-8.24074
-14.3519
-21.7222
-29.2407
-36.2778
-39.8148
-40.1667
-37.2222
-32.2963
-27.9815
-25.5556
-20.9074
-10.0556
0.185185
4.46296
4.51852
4.09259
-5.87037
-7.53704
-7.87037
-8.11111
-4.2037
-3.96296
-2.77778
3.53704
8.81481
9.2963
7.75926
7.01852
7.11111
4.33333
1.12963
-1.51852
-5.53704
-5.83333
-3.53704
-2.64815
-4.59259
-6.57407
-2.62963
2
-2.18519
-3.72222
-3.77778
-5.31481
-2.31481
-6.07407
-7.85185
-9.16667
-3.48148
0.444444
1.87037
5.57407
9.24074
16.0741
23.3148
30.8889
39
41.8519
43.3333
45.3148
43.037
41.6667
37.3333
30.5741
23.0556
21.537
22.8333
19.9074
8.07407
2.59259
3.68519
3.83333
10.7407
5.55556
1.55556
-2.03704
-3.40741
-3.33333
-5.31481
-8.01852
-8.81481
0.592593
15.8148
31.9444
48.3519
60.8148
70.8704
78.1111
77.5
74.4074
65.2778
53.0556
46.3519
46
37.7222
21.9259
3.74074
-2.55556
0.703704
2.44444
17.4074
14.2593
9.2963
3.90741
-3.62963
-9.92593
-16.3889
-24.3148
-30.9259
-26.5556
-15.3704
-3.7037
7.42593
17.2222
25.3889
31
34.4074
34.0926
29.1852
26.2593
30.6667
36.4074
30.1481
22.8704
21.4259
23.0926
27.9444
30.4259
22.8148
27.3148
28.2963
27.9259
19.9074
11.9444
2.75926
-7.2963
-18.2963
-26.9444
-31.2222
-33.2037
-34.463
-31.1667
-26.4259
-21.5926
-15.6111
-9.31481
-0.222222
9.98148
20.7593
24.5926
24.8889
27.3148
34.7037
40.8333
43.4074
42.3519
24.2778
34.963
42.2222
46.0741
47.0926
48.7593
45.8704
40.7222
30.8704
15.8333
-1
-16.8333
-30.5
-38.8519
-42.537
-39.5741
-29.8889
-17.7778
-2.03704
14.6296
22.7593
21.8704
31.4444
44.6111
56.8148
59.1481
56.2963
54.963
-11.7778
15.4815
27.6111
-16.0741
-37.8519
-44.463
-7.81481
13.8333
32.2222
22.7963
13.1852
-5.2963
-15.5741
-23.5185
-10.9815
9.14815
27.6852
25.0185
13.8704
6.14815
3.75926
-14.7037
-40.8148
-60.3333
-37.5185
-5.7037
20.8889
20.5556
-11.9444
14.9444
23.8148
-16.7222
-33.6481
-35.7593
-5.40741
10.1296
21.5556
14.8889
6.35185
-6.03704
-13.3519
-17.5556
-11.037
4.05556
20.2778
26.7963
22.963
15.3889
4.77778
-19.7593
-46.3889
-62.5556
-37.1667
-1.66667
27.1667
25.9074
-11.0185
11.963
16.1296
-18.2593
-28.4444
-25.963
-1.38889
7.68519
13.5
8.68519
2.98148
-6.81481
-13.8333
-19.9074
-15.3704
-3.92593
13.9259
25.9815
31.4259
26.6296
13.8889
-15.5741
-45.1667
-64.2037
-41.8519
-6.35185
25.5
27.7222
-9.83333
6.22222
6.12963
-19.0556
-22.0556
-15.3704
3.07407
5.83333
5.44444
1.31481
-1.68519
-6.38889
-12.0741
-18.3519
-18.2222
-11.2222
4.38889
19.7037
33.0556
33.7037
24.8333
-6.53704
-38.1852
-63.463
-44.4074
-10.537
24.5926
28.0926
-7.33333
3.75926
-0.259259
-16.0926
-14.963
-6.31481
4.2963
2
-2.46296
-5.90741
-7.61111
-9.83333
-12.2593
-15.4815
-14.1296
-8.27778
5
17.4074
27.1296
27.0741
22.6111
2.03704
-21.7963
-47.3519
-40.4259
-19.5926
9.66667
18.4444
-4.14815
3.46296
-1.37037
-8.77778
-7.59259
-5.38889
-4.66667
-10.2407
-12.2593
-11.2593
-6.46296
-4.27778
-4.24074
-9.2963
-10.1296
-5.16667
8.05556
20.0185
24.6667
19.1296
11.3704
0.5
-10.037
-26.7593
-31.7037
-27.2407
-9.35185
6.88889
0.537037
5.53704
-1.38889
-6.98148
-10.8333
-12.9444
-13.2222
-14.8333
-13.6481
-9.42593
-2.2963
1.64815
0.425926
-6.74074
-9.46296
-5.22222
8.16667
21.7778
28.3519
23.963
12.3889
-0.296296
-11.8889
-23
-31.3333
-31.463
-21.7222
-0.759259
6.64815
5.48148
-7.55556
-12.6852
-16.963
-16.0741
-14.9074
-15.6667
-13.4815
-6.37037
4.16667
8.37037
4.37037
-6.35185
-11.6852
-8.42593
5.16667
20.0185
30.1481
30.8519
23.5556
9.25926
-9.96296
-29.1481
-41.7037
-41.3519
-30.0556
-5.87037
5.7963
-4.09259
-18.4074
-18.7778
-16.6667
-14.3148
-15.963
-18.5185
-12.6111
0.481481
15.0185
16.6481
6.85185
-10.2037
-19.4074
-17.1481
-1.61111
18.8704
35.5926
41.2407
34.5741
16.7778
-8.64815
-35.8333
-52.8148
-51.6481
-33.5926
-4.57407
2.64815
-15.0556
-26.963
-20.8889
-13.9259
-13.7407
-19.5185
-21.0556
-9.25926
10.2593
25.5185
23.3148
8.46296
-12.5185
-26.1481
-27.1481
-11.3148
15.3148
39.8704
50.1667
42.0741
21
-7.01852
-34.1481
-54.1296
-57.5741
-42.7593
-12.0741
-1.96296
-24.7222
-32.2037
-20.0185
-11.4259
-14.8148
-24.6111
-23.0741
-4.85185
21.0741
34.7593
25.8889
4.33333
-18.537
-29.1481
-26.7407
-8.77778
16.963
39.1111
47.0926
39.2222
20.7407
-3.25926
-28.7222
-50.0926
-60.037
-50.2778
-21.2593
-8.61111
-31.7037
-33.3519
-16.9815
-10
-17.3704
-30.3889
-24.5556
0.111111
32.2407
43.3148
27.5741
-0.888889
-23.6667
-29.3519
-21.4074
-3.2037
17.5741
32.6296
37.0926
31.4259
18.8333
1.48148
-20.7407
-42.3704
-58.5741
-55.5926
-30.8333
-14.6481
-34.7222
-31.5556
-14.2778
-9.7037
-20.7037
-35.7407
-26.1667
4.85185
42.8704
51.9444
30.037
-4.55556
-28.1667
-30.6111
-18.6481
1.18519
19.3148
29.1481
28.9815
22.2037
13.1296
1.68519
-14.3519
-33.6667
-53.0185
-57.2778
-38.3519
-18.8333
-37.5741
-30.5741
-12.7593
-9.90741
-24.2037
-41.1296
-27.7963
10.2593
55.7593
64.0926
35.7222
-7.96296
-35.6481
-37.4815
-21.7963
0.722222
19.5741
28.7037
26.8519
18.1852
7.44444
-2.35185
-13.4259
-27.1296
-45.8148
-54.7037
-41.9074
-23.7407
-41.9259
-32.2037
-12.9074
-11.4259
-27.7593
-45.7407
-27.3704
18.9074
71.1111
74.8889
36.3889
-16.7222
-45.0741
-43.1481
-23.5185
0.462963
19.463
28.7593
26.8704
16.5926
3.38889
-8.18519
-16.2593
-25.1481
-40
-50.1111
-40.2407
-26.037
-44.1667
-34.1481
-14.7593
-14.1296
-31.0556
-48.537
-24.8519
28.5556
83.0926
81.4815
33.8148
-24.3704
-52.4444
-46.9444
-24.7963
0.259259
19.3333
28.7778
26.1296
13.8889
-1.7037
-12.8333
-17.2407
-21.8889
-35.0741
-46.3519
-38.0926
-26.9444
-44.7593
-36
-17
-16.963
-33.0185
-50.1481
-21.6296
35.2407
91
83.963
30.037
-31.1852
-57.6111
-47.7037
-22.9074
2.98148
20.7963
27.5926
21.8148
7.14815
-7.37037
-14.5
-14.8889
-18.7963
-32.963
-44.3519
-33.9259
-18.6667
-40.0185
-37.1852
-20.963
-20.6111
-34.7037
-50.6852
-19.0926
38.8889
94.4444
82.6296
25.2037
-36.2037
-58.3889
-42.9815
-15.8704
8.59259
20.6111
21.1852
11.7593
-1.11111
-9.74074
-11.7963
-11.4259
-18.4815
-33.8519
-42
-26.8333
-10.7778
-32.9074
-35.5926
-24.2037
-24.3148
-36.4815
-50.8889
-18.5926
39.2407
94.7593
81.7963
24.1296
-36.7593
-55.8148
-38.0185
-10.6667
9.22222
15.3889
12.1296
3.83333
-3.75926
-7.61111
-8.2963
-11.3148
-20.9815
-34.2963
-36.5741
-17.7407
-3.75926
-23.1111
-29.8148
-25.037
-29.0185
-40.2407
-52.463
-19.3148
38.7593
94.0741
81.5185
22.537
-37.963
-55.2963
-33.9444
-7.46296
9.59259
12.3704
11.0926
4.66667
-1.87037
-8.11111
-11.7593
-15.8704
-23.2407
-28.7963
-27.6111
-10.7222
1.61111
-13.5741
-20.8704
-22.2778
-31.7222
-45.2778
-55.9074
-21.7963
37.537
91.7037
79.2778
18.4815
-38.9444
-53
-28
-3.96296
9.94444
12.2593
14.4074
9.68519
0.222222
-12.3333
-20.2222
-24.5926
-26.2963
-24.2037
-17.4444
-0.888889
4.62963
-6.25926
-11.3889
-15.2963
-28.7037
-45.8148
-57.1111
-24.7037
32.3889
82.3333
69.7778
11.037
-39.9074
-48.6667
-20.5741
2.61111
15.2963
17.5
19.1667
10.8148
-4.59259
-21.1667
-27.1852
-24.2778
-19.0926
-16.037
-14.4815
-3.74074
3.40741
-0.425926
-2.75926
-6.61111
-21.537
-40.6296
-54.3333
-27.6296
23.9815
69.5185
59.4815
6.51852
-37.2778
-42.6667
-14.3704
6.64815
16.7963
17.3333
17.5741
7.35185
-9.14815
-22.6852
-23.0185
-17.1667
-17.2963
-19.6111
-18.8889
-1.53704
-1.42593
2.42593
4.87037
0.722222
-14.2593
-32.7778
-45.8519
-25.9259
16.7407
55.1852
47.8148
2.5
-34.1667
-37.6481
-11.2222
7.75926
16.3704
15.3889
13.5
3.35185
-7.77778
-12.963
-12.5556
-16.037
-28.7037
-29.463
-18.4259
7.83333
-11.5926
1.55556
12.8889
9.18519
-7.68519
-26.5556
-37.0926
-20.0741
14.8519
44.4815
36.2593
-3.44444
-33.2037
-34.4074
-9.90741
6.27778
13
11.9074
13.0556
8.27778
3.51852
-1.22222
-8.27778
-24.7963
-44.7593
-39.3333
-15.5185
17.9444
-19.3704
4.03704
21.6296
16.5741
-2.57407
-22.037
-31.5556
-18.5926
10.2963
34.8333
28.2963
-5.98148
-30.5185
-30.5
-7.88889
6.72222
15.0741
17.6481
21.8519
14.4815
4.72222
-5.53704
-15.7407
-33.463
-51.7407
-39.0741
-9
25.4259
-23.0741
13.2037
32.5185
21.7037
-4.92593
-23.8333
-31.6852
-21.9074
1.2037
23.2778
21.2778
-5.14815
-23.5185
-21.1667
-0.814815
11.1296
17.5
20.4074
23.1667
13.5926
1.03704
-9.40741
-19.3889
-35.8519
-52.5185
-36.5556
-4.81481
28.9074
-21.8333
26.1296
44.6111
25.963
-7.7963
-24.0741
-26.8519
-18.4444
-2.46296
11.6667
10.1111
-10.7778
-22
-16.0741
5.24074
14.9259
19.2778
19.8333
22.463
13.1296
0.925926
-9.24074
-20.0556
-37.4444
-55.8519
-39.4074
-4.03704
35.3519
21.0556
30.1111
38.5
27.7222
30.1667
0.888889
-10.7222
-16.6111
2.66667
27.3333
24.1111
20.6667
0.777778
-11.5556
-27.5556
-19.6667
5.66667
30.3889
16.7778
-19.0556
-43.6667
-28.3889
12.7222
37.6667
39.1111
13.2778
-12.1667
-34.6111
-31.2778
-11.6111
13.4444
18.7222
21.6667
33.2222
38.8333
29.9444
19.2778
-15
-30.2778
-18.8889
21.1111
60
55.3333
37.8333
7.16667
-4.33333
-13.5
-6.16667
5.5
16.3333
0.444444
-34.1667
-57.0556
-56.5
-26.7222
-5.88889
26.8333
22.6111
7.38889
-32.6667
-22.8333
3.61111
35.2222
30.8333
8.83333
14.8333
15.4444
11.6111
-5.55556
-28.7222
-30.6667
4.77778
51.1111
84.1667
69.6111
42.8889
12.1111
2.61111
-0.333333
0.666667
-0.388889
-1.94444
-9.44444
-26.1111
-39.5556
-55
-56.6111
-58.9444
-27.0556
-2.83333
20.7222
10.6667
18.2778
20.5556
28.1667
17.0556
-0.611111
0.944444
-9.72222
-9.55556
-28.3333
-23.6111
-1.72222
48
75
72.7222
39.1667
8.5
-11.2222
-11.8889
-6.83333
0.666667
1.05556
1.88889
-0.833333
0
-2.05556
-14.1667
-42.3333
-75.6667
-82.2222
-49.0556
6.33333
48.3333
58.2222
39.8333
15.5556
-1.27778
-5.94444
-6.88889
-27.6111
-21.8333
-27.6667
8.16667
36.9444
63.4444
50.0556
23.1667
-1.77778
-12.3889
-12.8333
-8.72222
-4
-7.38889
-13.7778
-18.8889
-11.0556
6.66667
23.2778
30.5556
10.3889
-24.6111
-69.1667
-63.8889
-23.9444
43.3333
58.1111
38
-1.77778
-15.5556
-3.66667
-3.77778
-26.3889
-10.5556
-3.83333
37.6111
42.6111
36.8333
5.83333
-13.8333
-20.0556
-17.5
-12.3889
-8.38889
-4.5
-8.94444
-19.1111
-30.1111
-26.5
-6.33333
20.9444
45.6667
48.7222
32.2222
-9.05556
-26.4444
-24.7778
12.6667
21
15.5556
-11
-18.3333
-5.61111
-3.83333
-7.33333
16.8889
24.8333
35.1667
12.9444
-6.44444
-24.0556
-22.5
-13.7778
-5
-1.27778
-0.944444
-1.05556
-7.66667
-18.5
-35.0556
-39.6111
-30.3333
-4.22222
27.5
52.4444
61.3889
45.9444
24.6667
-5.27778
-20.6111
-31.7778
-19
-5.88889
3.88889
-12.8889
-5.44444
18.7778
42.7778
35.1111
9.05556
-20.2222
-26.7778
-21.5556
-9.44444
-3.11111
0.166667
-0.944444
-0.944444
-1.5
3.66667
4.77778
-0.944444
-21
-37.1111
-39.6111
-21.6111
9.27778
39.7778
58
58.7222
33.7222
-4.38889
-38.5
-38.9444
-16.0556
4.11111
-18.3889
-7.11111
37.2778
51.2222
27.1667
-16.1111
-31.8889
-21.9444
-8.11111
-1.94444
-0.777778
-0.944444
-3.38889
-7.83333
-12.6111
-6.77778
9.16667
20.8333
11.6111
-14.8889
-38.4444
-43.1667
-26.9444
4.72222
37.1111
59.8333
55.8333
23.2778
-18.5
-38.1111
-23.0556
-0.333333
-16.9444
-13.6111
29.1667
32.4444
7.61111
-24.9444
-23.9444
-9
-1.77778
-1.22222
-2.66667
-8.11111
-15.7778
-24.2778
-25.0556
-13.6667
9.11111
32.0556
35.5
18.2778
-12.4444
-36.1667
-42.4444
-26.9444
5.88889
40.2778
63.1111
54.2222
19.8889
-19.3333
-32.2778
-18.7778
-19.1111
-20.2778
5.55556
5.5
-8.94444
-22.5556
-12.8333
-1.94444
-0.166667
-2.55556
-9.27778
-21.4444
-32.3333
-36.7222
-30
-18.2778
0.111111
19.1667
36.3333
39.5556
27
1.55556
-24.6667
-33.7222
-15.6667
18.8889
50.5556
55.6111
33.3333
-1.5
-26.5556
-22.1667
-31.3333
-25.9444
-13
-13.2222
-18.2222
-18.4444
-5.16667
0.444444
-0.666667
-7.94444
-21.4444
-37.5
-41
-27.4444
-3.5
13.5556
16.1667
16.0556
20.0556
27
24.7778
10.5
-6.94444
-18.3333
-12.2222
3.11111
23.0556
34.5
30.1667
11.3889
-14.6667
-21.6111
-20.5556
1.66667
-0.888889
-11.1667
-18.3889
-11.9444
-1.94444
-0.5
-3.11111
-16
-33.3889
-40.6667
-23.7222
10.6111
36.7778
43.3333
28.0556
10.9444
-1.72222
-5.22222
-4.38889
-0.611111
5.5
10.8333
8.5
-0.611111
-8.38889
-0.5
12.8889
14.5556
-1.44444
-18.5
9.38889
31
16.8889
-5.83333
-14.5556
-7.05556
-1.22222
-1.38889
-8.11111
-24.6667
-36.6111
-27.2222
9.77778
47.7222
66.4444
56.1111
29.2778
-0.611111
-23.8889
-34.0556
-28.2222
-7.88889
18.3333
31.7222
18.7778
-10.7778
-31.8889
-23.5556
3.61111
14.5
7.16667
-17.4444
54.4444
57.9444
29.1111
-2.11111
-9.88889
-2.66667
-1
-1.44444
-11.8333
-24.3889
-29.8333
-4.38889
36
65.5556
65.0556
37.3889
4.83333
-24.5
-39.8889
-36.8889
-15.7778
15.2778
36
32.8889
4.72222
-26.3889
-39.5
-26.8889
-0.277778
10.0556
7.94444
-12.8333
46.7778
39.1667
17.1667
-2.83333
-5.22222
-0.5
-0.5
-1.11111
-12.5
-18.3333
-17.8333
13.2778
42.1111
55.0556
37.6667
5.72222
-19
-34
-28.2222
-7.66667
21.0556
38.4444
33.4444
7.88889
-22.1667
-37
-32.5556
-16.2222
1.22222
6.16667
5.22222
-7.5
25.5
17.2222
7.61111
-0.277778
-0.444444
0.666667
-0.333333
-0.777778
-8
-8.05556
-6.88889
17.0556
29.6111
34.0556
11.2222
-10.6111
-23.3889
-17.8333
1.38889
26
39.4444
32.1667
5.66667
-23.3333
-36.8889
-32.3889
-17.8889
-6.44444
0.166667
1.44444
1.44444
-2.11111
-4.22222
-5.05556
2.27778
4.05556
4.44444
0.944444
-0.222222
-0.888889
-3.11111
-2.22222
-0.166667
12.1111
15.7778
14.5
-3.33333
-10.6667
-5.27778
15.3333
35.1111
40.4444
26.3889
-2.66667
-29.7222
-39.8889
-32.5
-17.2778
-6.16667
-1.72222
-1.55556
-1.38889
-0.666667
0.833333
-8.83333
-10.0556
3.77778
8.11111
9
1.83333
0
-0.777778
0.722222
0.722222
2.77778
4.05556
4.38889
2.5
-3.05556
0.166667
11.6111
30.2222
37.7778
27.2222
1.5
-24.3333
-36.2222
-31.2222
-17.3333
-6
-0.555556
-0.833333
-6.05556
-6.5
-4.88889
5.83333
-13.5
-15.1111
2.44444
12.8333
13.9444
5
0.5
-0.333333
1.44444
0.611111
2.61111
-0.555556
-0.388889
-2
0.222222
4.83333
14.4444
23.5
23.8333
9.94444
-8.94444
-22.8889
-23.2222
-14.6667
-5.44444
-0.555556
-0.0555556
-2.22222
-12.1667
-11.9444
-8.05556
11.9444
-15.8889
-17.6111
-2.38889
14.6111
16.3889
9.16667
1.5
0.555556
1.22222
0.444444
1.16667
-2.94444
-3
-3.16667
2.66667
5
7.66667
7.66667
5.83333
0.333333
-5.33333
-7.88889
-5.72222
-2.83333
-0.611111
-0.222222
-0.611111
-4.16667
-17.0556
-16.3889
-9
17.0556
-17.4444
-20.6667
-9.94444
13.4444
19.8889
15.3889
4.27778
1.38889
0.944444
0.555556
-0.277778
-3.33333
-3.61111
-2.88889
2.61111
3.44444
3.61111
1.05556
0.277778
-0.388889
-0.888889
-0.833333
-0.777778
-0.333333
-0.333333
0.0555556
-1.38889
-8.27778
-18.1111
-15.7222
-1.33333
18.9444
-11.1111
-17.9444
-19
1.44444
16.4444
19.1667
9.5
2.72222
0.833333
0.833333
-1.16667
-3.44444
-3.77778
-2.5
2.55556
2.16667
1.33333
-1.77778
-2.05556
-1.16667
0.277778
2.05556
2.38889
1.88889
0.722222
0.0555556
-4.55556
-15.1667
-18.1667
-9.66667
12.1111
21.0556
-3.38889
-16.1111
-29.6111
-16.5556
9.94444
25.1111
19.3889
7
0.944444
0.777778
-1.27778
-3.16667
-3.22222
-2.38889
-0.666667
-7.27778
-13.7778
-17.3889
-12.6111
-5.83333
4.38889
13.6111
20.8889
16.7222
9.11111
0.722222
-11
-21.0556
-11.5
12.5
32.9444
21.6111
5.61111
-8.88889
-33.6111
-36.4444
-7.66667
22.3333
29.7778
16.6667
4.55556
1.05556
-0.888889
-2.61111
-2.5
-6.22222
-11.5
-25.5
-30.0556
-27.0556
-15
-5.94444
7.66667
23.1667
37.5556
33.6111
19.6667
-1.27778
-21.2778
-28.3889
-6.5
27.9444
42.3889
22.3889
5.05556
-6.94444
-28.6667
-43.6111
-24.1667
10.5556
33.2778
30.5556
19.2778
13.8333
12.8333
7.22222
-1.11111
-18.5
-35.6111
-51.5556
-48.2222
-33.1111
-14
-1.38889
15.5
34.9444
49.3333
40.5556
16.3333
-11.6667
-24.2778
-9.88889
23.8333
47.5
34.9444
2.5
4.66667
-0.944444
-17.2222
-39.9444
-39.5
-15.4444
18.3889
34.5556
39.1111
36.8889
36.6111
22.4444
0
-31.6111
-51.7778
-52
-29
-2.16667
11.2222
12.7222
10.6667
13.6111
11.5
3.88889
-11
-17.5556
-4.38889
18.8333
29.3333
15.4444
-4.16667
-10.3333
7
6.05556
-5.66667
-30.3333
-44.8333
-38.9444
-10.1667
18.3333
45.6667
59.7778
67.7222
44.7222
5.11111
-33.8889
-46.7222
-26.8889
-2.22222
16.4444
16.1111
12.8333
2.94444
-11.5556
-33
-42.5556
-32.5556
3.11111
36.3889
49.1111
19.2778
-14.2778
-31.5556
-20.5
16.9444
20.1111
3.16667
-24.2778
-45.7222
-50.7778
-36.3889
-13.2778
21.8889
49.5
68.3889
52.1111
16.4444
-12.5
-11.6111
17.5
33.5
33
16.1667
0.166667
-24.5556
-53.6667
-72.4444
-58.8333
-9.38889
50.7222
69.1667
31.1667
-43.5556
-67.3889
-44.0556
3.61111
19.1667
22.2778
4.16667
-18.6667
-33.5556
-38.9444
-39.7778
-35.1111
-12.4444
16.1111
39.4444
35.4444
15.9444
4.72222
13.6111
34.5
33.7778
17.2222
-3.94444
-15.6667
-22.5556
-31.6111
-28.3333
-6.72222
39.1111
72.3333
51.1111
-9.44444
-65.6667
-50.6111
-10.7778
21.7778
15.6667
16.6667
-0.555556
-2.83333
1.38889
9.11111
-6.27778
-23.1667
-29.7222
-20.6667
-12.5
-9.55556
-9.05556
-1.27778
11.1667
23
22.8333
13
0.722222
-6.22222
-4.83333
5.27778
25.1111
45.4444
56.2222
38.5
0.888889
-36.8333
-43.8889
-18.9444
13.8889
30.2222
8.22222
-13.7778
-28.1667
2.22222
38.5556
60.2778
32.6111
1.72222
-21.4444
-26.3889
-31.5
-34.7222
-30.3333
-17.7222
-6.61111
-2.94444
-0.388889
1.27778
6.27778
12.0556
29.0556
50.9444
62.1667
52.8333
17.5
-24.0556
-45.6667
-34.7778
1.44444
18.8889
30.0556
27.8333
12.52
11.78
8.2
7.68
22.82
47.72
62.6
79.86
71.22
48.98
24.88
5.6
-14.08
-12.62
-12.12
-15.62
-18.24
-27.78
-44.3
-50.02
-46.82
-52.34
-41.94
-23.4
-6.6
4.74
24.14
30.86
-3.08
3.2
3.12
11.6
30.76
58.28
65.74
72.86
58.58
35.02
12.1
-3.14
-17.82
-17.8
-18.44
-21.62
-19.78
-19.82
-30.78
-36.08
-38.16
-48.48
-46.84
-26.84
-5.96
11.54
29.7
36.52
-9.48
5.32
6.88
19.08
36.48
54.64
50.46
50.32
36.4
18.56
4.38
-5.22
-14.54
-17.7
-23.42
-30.68
-27.88
-22.38
-21.3
-17.36
-16.94
-21.64
-24.34
-16.04
-3.98
13.92
22.48
25.8
-4.98
13.64
12.42
24.14
32.72
37.52
26.6
26
14.04
3.04
-3.96
-8.4
-15.02
-18.48
-24.26
-30.52
-29.12
-22.86
-15.88
-4.66
0.86
3.98
5.08
7.12
7.74
15.68
13.68
9.72
4.7
21.8
16.96
21.3
20.96
16.92
4.48
3.32
-3.86
-9.66
-13.82
-16.7
-21.68
-26.18
-29.32
-31.72
-28.24
-18.38
-6.72
7.4
17.96
28.76
30.6
28.88
22.54
18.4
2.72
-5.98
14.42
26.72
16.38
14.06
10.28
-1.24
-14.06
-16.38
-20.76
-24.7
-27.42
-25.34
-21.72
-18.7
-15.64
-14.22
-16.74
-14.4
-8.38
1.32
14.38
36.3
45.72
46.3
39.84
29.7
3.26
-12.28
18.46
24.58
9.4
5.44
-0.46
-17.74
-27.78
-26.2
-27.2
-29.68
-31.24
-27.12
-19.1
-11.68
-4.2
0.86
-3.1
-10.72
-12.62
-7.68
4.38
29.26
51.02
58.82
52.54
38.94
10.62
-13.36
13.16
12.04
-3.42
-4.7
-10.74
-27.44
-31.46
-28.4
-30.76
-34.26
-34.94
-29.6
-19.1
-5.36
7.68
15.9
14.08
3.28
-8.6
-12.24
-5.06
13.24
39.62
58.26
58.72
45.52
22.26
-5.72
7.06
-1
-13.5
-13.6
-16.86
-28.78
-29.94
-30.94
-35.28
-38.84
-36.38
-27.04
-11.32
5.58
19.36
26.66
23.7
12.78
-0.62
-9.4
-8.24
3.78
23.28
42.46
49.86
42.88
26.54
4.24
-0.06
-11.38
-19.66
-16.3
-18.48
-27.7
-29.52
-34.42
-39.3
-37.8
-27.58
-9.94
11.72
27.22
34.1
33.52
23.8
10.44
0.06
-7.2
-8.24
-0.76
11.72
25.32
34.08
32.8
24.1
7.78
1.26
-9.72
-13.82
-12.6
-19.56
-27.16
-30.52
-34.74
-36.72
-27.32
-8.04
14.24
30.48
36.82
32.48
22.34
12.02
5.7
4.52
6.12
6.3
4.72
5.88
9.3
11.74
11.18
10.86
3.62
8.24
-2.4
-5.62
-10.2
-19.96
-26.26
-29.12
-31.28
-29.3
-11.62
15.26
37.72
47.86
46.26
32.16
13.4
1.06
-0.22
5.16
11
11.6
5.64
-3
-9.16
-8.68
-7.44
-2.6
-0.84
21.54
9.44
3.36
-7.52
-18.26
-22.34
-24.98
-24.62
-17.82
5.42
32.52
52.92
57.8
48.02
27.56
6.72
-6.42
-5.06
5.4
12.12
10.9
2.96
-12.28
-25.02
-24.66
-21.22
-14.02
-5.38
21.1
13.04
7.66
-3.3
-13.78
-17.48
-19.82
-15.76
-5.92
17.36
39.52
54.96
52.04
37.86
19.48
3.72
-4.28
1.8
12.04
13.9
7.74
-5.1
-22.6
-35.08
-33.94
-28.22
-18.76
-8.26
20.48
16.5
11.4
1.02
-6.96
-11.12
-13.08
-6.3
3.08
21.14
36.82
45.66
37.26
26.46
15.64
8.28
7.2
14.26
16.74
10.82
-2.08
-18.72
-32.72
-39.56
-37.16
-28.8
-18.26
-9.38
16.18
15.84
11.26
3.88
0.1
-4.7
-6.42
-0.7
6.66
18.42
27.14
31.22
26.62
22.54
20.7
21.24
21.6
21.14
14.06
-1.28
-18.7
-32.12
-39.3
-39.7
-33.94
-23.86
-15.26
-8.58
9.2
13.4
11
7.58
6.48
1.42
-1.66
1.84
6.6
11.9
14.44
16.7
15.3
15.52
19.68
24.88
25.66
22.02
11.08
-6.3
-22.4
-32.48
-35.46
-32.36
-28.1
-19.6
-13.24
-8.78
-1.72
9.56
12.22
12.2
12.8
7.02
1.7
2.04
4.1
4.54
4.58
5.78
7.04
10.68
17.9
24.08
25
19.54
7.54
-8.06
-21.02
-27.74
-27.5
-24.48
-23.8
-17.4
-13.22
-10.06
-6.72
8.02
14.08
14.96
16.56
11.82
4.52
1.06
1.04
-0.28
-0.28
1.06
6.12
11.36
16.84
20.42
19.34
10.88
-0.18
-10.48
-18.1
-20.4
-18.36
-18.14
-20.74
-16.88
-14.86
-10.42
-12.94
2.98
13.6
18.06
19.48
16.52
8.46
1.36
-1
-2.42
-3.56
-4.08
0.36
1.36
2.48
3.66
4.66
1.24
-0.56
-1.44
-0.82
-1.36
-4.24
-9.3
-13.24
-12.48
-11.86
-2.8
-19.88
-5.86
9.2
18.6
22.26
21.64
14.32
4.68
-0.56
-4.6
-8.32
-11.78
-11.34
-15.16
-15.7
-13.56
-7.68
-2.06
6.12
13.3
19.12
16.44
6.72
-4.54
-11.42
-13.94
-10.98
2.94
-28.12
-17.32
1.8
15.82
25.04
30.64
26.94
16.72
9.22
-0.72
-11.6
-21.6
-27.34
-34.84
-34.54
-27.66
-14.5
-0.88
14.22
25.9
31.18
24.4
11.38
-1.64
-7.08
-6.94
-0.6
13.64
-34.66
-31.28
-11.98
6.54
21.64
36.54
41.28
33.56
24.06
8.42
-10.5
-27.68
-38.24
-46.68
-44.08
-32.88
-15.54
1.18
16.74
26.42
29.64
22.56
9.54
-0.22
-0.2
2.38
7.38
19.74
-36.26
-41.98
-26.96
-6.38
14.26
36.28
51.52
50.48
42.02
21.68
-3.92
-27.76
-43.58
-53
-48.38
-34.48
-15.98
0.26
12.5
19.36
22.34
18.56
9.66
6.94
10.5
11.48
11.58
19.92
-33.64
-48
-41.62
-25.52
-0.82
27.4
52.38
60.88
58.26
36.38
8.2
-17.66
-34.64
-41.76
-33.86
-19.78
-9.02
-2.82
-0.52
-1.7
-1.06
5.06
8.38
11.68
15.28
12.32
4.86
3.96
-30.52
-49.44
-50.06
-40.8
-17.26
16.12
46.98
62.12
64.24
44.92
17.54
-7.94
-23.86
-26.54
-19.28
-8.16
-0.48
0.64
-2.9
-5.74
-5.44
4.34
13.32
19.84
23.92
20.92
6.44
-1.1
-16.88
-35.4
-38.96
-34.28
-21.18
5.72
32.12
45.02
46.36
33.32
14.3
-2.2
-9.08
-3.72
5.12
13.12
13.6
6.2
-5.46
-12.96
-12.26
2.5
13.44
19.88
21.46
12.4
-7.7
-12.88
-9.2
-21.76
-24.68
-23.04
-17.78
-2.24
14.3
24.26
28.12
23.44
14.58
5.9
3.3
8.34
13.3
16.12
13.34
2.88
-7.66
-9.68
-4.64
9.6
19.52
20.38
12.76
-2.9
-19.78
-19.28