-0.75
-1.125
5
11
14.125
15.75
11.25
15.875
18.25
11.375
10.125
-0.25
-5.375
0.5
19.75
25
29.5
31.75
27.25
21.875
17.375
14.625
-0.125
0
0
0
0
0
0
0
0
0
0
0
-4.75
-0.375
5
7.125
7.75
5.875
2
2.25
7.25
-6
-7.625
-10
-25.125
-27.875
-44.625
-52.125
-47.5
-37.625
-40.375
-51.25
-61.125
-64.25
-45.875
-26.75
-11.75
-2.75
0
0
0
0
0
0
0
0
-8
-4.375
-3.75
-2.875
-1.5
-1.625
-0.25
-0.625
0.75
-15.25
-37
-59
-93.875
-118.5
-139.25
-127.375
-99.75
-67.375
-61.375
-93.625
-126.875
-150.5
-136.625
-107.625
-74.375
-42.75
-20.125
-6.125
-0.25
0
0
0
0
0
-11.25
-10.75
-12.25
-9.75
-6.5
-4.125
-0.5
-7.5
-21.625
-40.75
-84
-123.25
-148.75
-164
-146.5
-106.125
-70
-41.5
-34.875
-59.875
-90.625
-123.75
-146
-153.125
-146.375
-119.5
-82.125
-44
-16.5
-4.375
0
0
0
0
-19.5
-21.125
-20.75
-14.25
-9
-5.375
-9.75
-39.375
-64.25
-80.75
-100.875
-99.875
-92.875
-86
-61.625
-34.625
-17.875
-9.5
-9.125
-15.25
-25.625
-41.875
-64.75
-92.375
-121.25
-138.75
-134.25
-105.25
-65.125
-29.25
-6.5
-0.25
0
-0.75
-9.5
-14.875
-18.625
-14.875
-12.625
-20
-45.75
-87.125
-103.375
-99.125
-73.25
-36.375
-20.875
-14.25
-8.75
-4.375
-2
-1
-0.625
-0.875
-2.5
-4.625
-10.375
-22.375
-43.375
-78.125
-110.25
-123.75
-109.75
-72.625
-34.375
-8.5
-6.75
-25.75
1.125
-2.25
-10.875
-21.625
-34.75
-65.375
-98.25
-110.75
-100.5
-68.25
-28.375
-7.875
-2.875
-1.875
-1.75
-1.5
-1.375
-0.5
4.875
12.625
20
25
21
11.75
0.125
-19.5
-47.125
-83.75
-107.375
-102
-79
-56.75
-55.125
-85.125
-11.625
-9.5
-12.875
-38.375
-70.625
-105.5
-118.125
-94.375
-58.75
-22.375
-3.5
-0.625
-0.375
-0.125
0.125
-0.25
-0.25
0
5.375
18.25
34
48.125
50.75
39.75
23.25
7.25
-8.875
-34.625
-70.5
-98.5
-113.75
-127.625
-126.25
-121
-15.75
-11.875
-13.375
-40.25
-71.875
-87.625
-83.375
-52.25
-19.5
-3.25
-1.25
-1
-0.375
0
0.5
0.625
0.375
-0.375
-3.875
-4.875
2.25
14.125
31.125
41
36.25
24.25
9
-5.875
-30.375
-66.375
-101.25
-121.5
-116.875
-84.5
-19.125
-16.125
-18.625
-32.5
-43
-43.5
-36.625
-16.875
-3.375
-0.75
-0.375
-0.125
0.375
0.375
0.25
0.25
0.125
-0.375
-6
-18.625
-28.375
-28.5
-13.375
13.125
32
34.875
24.875
9.875
-5.125
-28.125
-47.75
-49.375
-43
-21.375
-32.125
-29.75
-29.125
-29.375
-23.875
-21.125
-13.75
-3.25
-0.625
-0.125
0.125
0.75
0.75
0.5
0.75
2.5
6.625
11.875
15.5
12.625
0.125
-9.625
-12
-2
19.625
33.875
34.75
24.875
11
-4.375
-15.125
-13.125
-7.625
1.875
-18
-15.625
-19.5
-16.5
-13.75
-13.625
-5.125
-0.5
-0.25
-0.125
-0.25
-0.25
-0.375
2
7.875
18.625
31.375
43
51.75
55.25
51.375
38.875
24.25
12.125
12
24.375
34.25
33.25
24.375
9.5
-8.125
-12.375
-9
0.75
11.375
6.25
-5.875
-6.5
-10.25
-9.5
-1.75
-0.75
-0.375
-0.125
-0.25
-0.625
2.125
11.875
26.125
42
53.25
56
54
50.25
47.75
40.25
29
17.625
8.375
11.625
20
20.875
18.375
10
-2.625
-11.75
-11.125
7.5
17.875
6.375
-4.375
-6.5
-10.375
-5.5
-0.875
-0.375
-0.125
0.25
0.25
1.625
11.875
25.875
38.75
44.625
36.125
20
3.75
-7.25
-13.125
-14.25
-11.375
-6.875
-2.375
-2
-5.5
-7.5
-8.25
-5.75
-2.125
-8
-9.75
9.75
9
0.875
-4.125
-5.375
-7.125
-1.125
0.625
0.5
0.5
0.5
0.875
7.375
21
29.625
31.25
17.75
-8.375
-31.375
-48.625
-57
-58.25
-50.75
-36.875
-21.375
-11.75
-17.125
-27.375
-29.375
-25.875
-14
-2.375
-3
-6.125
1.125
7.625
2.125
-1.125
-3
-3.5
0.5
1
0.625
0.5
0.375
2
13.5
22.125
23.5
13.125
-14.125
-36.75
-49.875
-52.5
-45.875
-34.25
-19.5
-7.875
-3.25
-13.5
-29.375
-36.25
-32.25
-20
-7.25
-0.875
-0.75
-3.75
-5
8.375
2.375
-0.5
-1.875
-1.75
0.125
0.25
0.125
-0.125
-0.125
3.125
13.75
16.625
14
-2.625
-23.625
-31.875
-32.375
-19.875
-3.125
13.875
23.625
21.375
2.375
-22.625
-35.375
-33.5
-20.875
-7.25
-1
-0.125
-0.625
-3
-7
-1.25
-3.625
-4.5
-4
-0.875
0.125
0.125
-0.125
-0.125
-0.25
3.375
8.375
8.75
3.875
-8.625
-15.625
-16.125
-11
3
15.5
21.125
17.875
1.125
-22.75
-34.875
-33.125
-21.375
-7.875
-1
0.375
0
-0.75
-1.875
-6.125
-4.25
-2.875
-1.875
-1.75
1.625
2
2
1.875
1.75
1.25
3.25
3.875
3.25
-0.875
-5.75
-6.75
-6.375
-2.375
1.875
-0.75
-11.25
-24.875
-39.625
-43.625
-34.75
-21.375
-8
-1.125
0.125
0.25
0
-0.375
0.625
1.875
5.5
7.25
8.875
7.75
5.75
4.5
4.375
4.375
3.75
3
2.625
3
3.375
2.375
1.75
1.125
0.125
0.25
-4.75
-17.625
-31.75
-44.375
-45.875
-35.375
-21.25
-8.375
-1.75
0.125
-0.375
-0.375
0
0.375
3
8.25
10.25
13.875
14.25
13.5
9.125
5
4.25
3.625
3.25
2.5
1.875
3.375
6.125
8.625
9.125
7.75
4.75
1.875
-2.375
-9.25
-15.125
-19.75
-17.875
-12.125
-6.25
-1.625
-0.375
-0.375
-0.5
-0.625
-0.375
0.625
4.125
10.5
9.375
15.875
14
12.875
11.125
4.25
2.875
2.5
2.375
1.875
2.25
3.125
5.5
8.875
9.125
8.125
5.25
2
0.75
0.25
-0.25
-0.75
-0.875
-0.625
0
0.25
0.25
-0.25
0
-0.125
-0.375
1.375
8.125
16.625
9
16.5
16.25
14.5
13.25
5.375
2.5
2.75
2.5
2.625
2.375
2.5
2.875
3.75
4.375
3.875
2.75
1.375
0.375
0.125
0
0
0
0.125
0.125
0
0
0
0.25
0.375
0.75
5.5
21.75
30.5
8.625
12.375
16.625
15.375
13.625
9.125
2.5
2.125
1.625
2
1.75
3
3.625
2.75
2.75
1.375
1.875
2.875
3.625
4.375
3.625
3
2.25
1.125
0.375
0
-0.5
-0.125
0
0.125
1.875
11.375
35.25
41.375
5.125
5
12.75
13.125
13.625
13.25
3.875
1.125
0.625
0.625
1.625
3.75
4.625
4
2.5
2.25
10.25
19.5
30
38.25
39
37.5
34.125
24.25
14.75
7.125
0
-0.25
-0.25
0
5.375
23.625
43
45.125
3.125
-0.375
3.625
9.5
10.375
13.5
9.5
0.625
-0.125
0
0.875
2.125
1.25
1.125
0.125
3.25
20.375
38
57.625
73.375
76.875
76.375
71.375
52.125
32.375
15.125
0.75
0.125
0
2.375
14.625
42.5
52.875
50.75
7.625
-1.625
-8.625
-0.25
3.5
11.25
17.5
6
0.625
0.875
0.5
0.25
-1.75
-2.375
-2.125
1
13.875
26.125
38.375
48.25
50.75
52.25
49.5
37.125
23.625
9.875
0.875
0.5
1.125
9.875
32.125
56.25
59.75
51
10.125
2.625
-4
0.375
11.125
20.125
25.75
19
7
2.875
0.25
-4.25
-9
-12.25
-11.125
-7.875
-7.25
-7.75
-11.125
-14.375
-13.25
-9.875
-7.875
-4.125
-1.5
-1.75
0.25
1.125
7.625
29.625
58.625
69.25
63.75
41.375
6.75
5.5
9.625
14.625
27.25
37.75
37.875
32.75
19.5
7.25
-2
-16.875
-30.375
-39.375
-36.375
-27
-29.5
-36.5
-52
-64.5
-65.25
-63
-57.625
-41.625
-25.125
-10.875
1.375
8.75
30.5
62.75
83.25
79.875
57.875
24.5
2.625
3.125
10.5
18.875
30
42.75
47.625
45.875
36.25
21
4.5
-19.5
-38.5
-50.125
-46.75
-34.125
-30.875
-34.625
-49.875
-62.125
-65.75
-67.625
-64
-47.625
-29.625
-9
13
35.125
68.875
90.875
90.125
69.125
34.5
9.125
0.75
0.5
4.125
10.125
18.125
28.625
40
47.25
49.25
41.625
26.25
4.875
-13.25
-23.375
-23.125
-16.75
-12.875
-12.375
-17.625
-22.375
-24.5
-26.5
-25.25
-17
-4
14.125
38.625
71
91.75
90.5
72.125
37.875
10.75
1.875
0.875
-0.5
-3.75
-9.75
-15.125
-17.125
-10.375
1
15.625
27.25
32.125
31.75
24.875
14.875
6.625
2
0
-0.25
-0.375
-0.5
0.75
4.5
12.125
22
32.625
39.625
49.125
66.875
65.75
56.75
39.75
12.125
1.5
0.125
1
0.125
-9.25
-28.25
-48.125
-65.625
-69
-59
-45.75
-20
9.625
33.5
50.5
49.625
39.25
30.5
25.375
23.125
22.75
23.875
26.625
31.5
37.375
40.375
35.75
23.875
15.625
16.25
14.5
16.625
13.625
3.625
2
1.5
-3.5
-1.625
-7.25
-20.875
-34.875
-48.75
-52
-43.875
-37.625
-21.875
2.5
23.125
46.125
56
54.125
49.875
41.625
35.5
31.875
31
33
32.625
26.375
13.125
-0.625
-12.875
-18.25
-13.5
-8.625
-2.125
1.75
1.125
1.375
1.125
7.75
0.625
12
65.25
82.125
36.5
5.75
-7.375
-57.5
-65.875
32.625
77.5
27.625
-0.75
-28.25
-110.75
-149.5
-67
56.75
141.125
119.875
37.375
1.125
0
0
0
0
0
0
0
0
0
0
0
9.25
0.875
15.75
73.875
86.75
33.375
1.75
-1.25
-45.25
-77.25
8.375
76.75
26.625
-23.625
-37.125
-88.125
-126.75
-62.125
48.125
115
91.625
37.25
22.875
21.25
11.75
2.75
0
0
0
0
0
0
0
0
10.25
2.625
19.5
76.875
86
30.875
0.25
-0.625
-44
-91.75
-26.75
48
14.625
-30
-35.5
-65.875
-93
-45.125
36.375
83.125
64.875
31.25
28.875
34.375
34.625
30.5
19.625
6.125
0.25
0
0
0
0
0
11.5
4.5
22.25
78.75
88.75
32.875
0
-7.75
-59.375
-112.25
-54.75
25.25
7.5
-30.75
-35.25
-47.375
-55
-23.75
18.625
44.625
44.625
30.75
29.75
35.875
38.625
45.75
49.125
35.25
16.5
4.375
0
0
0
0
9.5
6.125
23.25
81.75
96.25
36.125
-9.5
-38.875
-87.75
-109.5
-57.375
2.875
-3.625
-30.5
-31.375
-22.875
-13.875
-3
4.375
9
14.875
21.875
30
36.125
39.25
47.25
56.25
59.5
52.625
28.75
6.5
0.25
0
-0.75
5.5
2.125
18.125
82.125
104.625
30
-43
-75.375
-95.125
-89.875
-51.25
-16.875
-8.375
-7.25
-5
-3.125
-2
0
2.125
2.625
3.5
5.125
7.625
14.375
27.375
45.125
57.75
65.75
74
64.625
34.375
8.25
-6.75
-25.5
4.375
-1
15.125
76.375
92.25
6.625
-69.75
-88.75
-84.25
-58.5
-25.375
-6.875
-2.125
-0.875
-0.5
-0.75
-0.625
1
6.125
12.375
11.75
4.25
-5
-10
-3.125
15.75
38.375
60.25
79.375
85.75
66.75
17.5
-29.875
-46.875
2.125
-1.25
11.125
56.625
59.875
-16.75
-78.875
-84.625
-57.5
-20.625
-3.5
-1.625
-0.625
0.125
-0.125
-0.75
-0.5
1.25
7.625
19.75
24.75
14.125
-4.75
-20.75
-20.75
-8
6.875
31.375
63.75
86.25
76.75
21.625
-34
-49.5
6.25
-2.375
3.625
30
21.375
-38.125
-73.875
-54
-18.5
-1.75
-0.75
-1
-0.375
0.25
-0.25
-0.875
-0.625
1.125
8.125
20.875
31
27.125
5.625
-19.25
-29.5
-23
-9.75
4.625
27.875
62.625
75.75
30.75
-30.625
-51.5
4.625
2.125
7.875
8
-19
-46.25
-41.125
-17.375
-2.625
0.25
-0.125
-0.125
-0.125
-0.375
-0.25
-0.5
-0.875
0.625
7.5
20.375
31.125
33.5
20.625
-6.875
-28.25
-32.625
-24.875
-10.875
3.875
26.625
50.75
30.875
-15.75
-24.125
4.375
11.75
10.875
-12.125
-39.125
-35.125
-14.75
-3.75
-0.625
0.125
0.375
0.25
0
-0.25
0.25
2.25
4.625
6.375
7.5
11.875
22.375
32.875
31
9.5
-18.125
-32.625
-33.25
-24.875
-11.75
2.375
18.375
27.125
18.625
4.125
1.5
16.125
10
-23.25
-39.75
-23.125
-5.375
-0.75
-0.25
0.125
0.5
0.5
-0.125
1.75
7.875
13.875
14.375
10
6.5
5
9.375
22.625
30.25
18.875
-4.75
-24.375
-33.25
-35.25
-27.625
-10.75
7.125
25.125
31.75
22.75
-5.875
17
6.875
-29.75
-34.25
-12.25
-1
0
0.125
0.125
0.5
0.625
2.875
11.625
21.375
22.5
16.5
9.5
5.25
3.75
3
8.75
19.5
18.625
4.375
-11.875
-29
-45.375
-41.375
-17.25
0.875
16.25
35.125
49.25
-8.875
15.875
-3.375
-36.75
-26.625
-5.75
-0.375
0.125
0.375
0.25
0.25
1.625
11.625
27.125
31.25
23.875
11.875
-0.25
-3
0.25
1.625
4
12.625
18.125
9.625
-6.5
-28.5
-49.75
-45
-18.25
-1.875
8.5
32.25
70.25
-13.5
6.875
-15.875
-38.625
-18.875
-2.125
-0.125
0.25
0.5
0.5
0.625
6.625
25.25
40.375
33.25
12
-7.875
-15.125
-9.875
-3
2.25
11.75
22.875
22.375
5.5
-17.375
-34.125
-42.875
-36.375
-15.25
-1.625
3.5
25.375
85.375
-17.625
-1.625
-25.625
-37.25
-12.75
-0.75
-0.25
0.375
0.5
0.375
2
16
41.625
47
19.125
-14.875
-28.5
-21.875
-10.75
-1.375
10.75
25
31.625
20.75
-6
-30.375
-38.75
-34.25
-21.25
-7
-0.375
1.5
20.25
90.75
-21.375
-8.125
-30
-34.125
-9
-0.375
-0.25
0.125
0.125
0.375
4.625
27.5
54.875
42
-5.375
-39.125
-38.125
-21.875
-7.875
7.375
24.375
34.375
29.625
7.875
-20.125
-36.375
-35
-21.625
-7.75
-1.25
0.375
0.875
16.75
85.75
-25.25
-14.625
-30
-29.75
-7.125
-0.625
-0.375
0.125
-0.125
0.25
7.625
37.875
61.5
30.625
-27.125
-55.625
-39.625
-12.25
3.75
19.5
32.625
32.875
16.125
-11.5
-32.125
-34.625
-21.875
-7.625
-1.5
-0.375
0
0.25
15.125
82.375
-27.5
-16.625
-30.375
-28.75
-6.375
0
-0.5
-0.375
-0.25
0
9.75
44.375
63.25
20.625
-42
-61.25
-31.375
-4.125
5.625
20.5
31.5
23.875
1.625
-21.625
-31.25
-22.375
-8
-0.875
-0.375
-0.75
0
0.125
14.875
82.375
-26
-14.75
-29.125
-29.5
-7.5
0
-0.375
-0.875
-1
-0.25
10.875
47
64.375
16.375
-49
-62.125
-26.875
-2
5.25
17.875
22.25
10.125
-7.625
-20.375
-19.75
-9.125
-1.25
0.625
-0.375
-0.875
0.25
0.375
16
84.75
-24
-11.625
-27.5
-33
-10.875
-0.5
-0.5
-1.375
-1.5
-0.75
11.125
48.625
66.125
16.875
-50.875
-64.25
-27.5
-2.625
2.875
9.5
8.375
0.25
-6.375
-9.125
-6.75
-2.125
0.125
0.375
-0.5
-0.875
0.125
0.875
19.875
93.75
-21.375
-6.125
-25.75
-40.625
-16.875
-0.75
-0.625
-2
-1.875
-1.125
10.5
49.125
68.75
19.375
-51.375
-67.125
-30
-4
-1
0.25
0.5
0
-0.625
-1.125
-1.25
-0.5
0
0
-0.5
-0.625
0.375
2.375
27.375
105.875
-20
0.25
-20.25
-47.25
-26.25
-3.875
-0.75
-2
-2.25
-1.375
10.375
50
71.625
22
-51.875
-70.125
-32.5
-5.125
-1.625
-0.375
-0.25
-0.5
-0.5
-0.625
-0.875
-0.25
0
-0.25
-0.25
-0.125
0.5
6.5
45
123
-21.625
0.375
-12.875
-47.125
-35.625
-9.125
-1.25
-2.375
-2.625
-1.5
11.25
51.75
73.125
22.25
-53
-72.125
-33.125
-3.625
-0.625
-0.375
-0.875
-1.75
-1.25
-1.125
-1.625
-0.75
-0.25
-0.375
0
0.125
1.375
14.375
68.25
139.125
-20.875
1.5
-4.5
-42.375
-44.125
-17.75
-3.375
-2.875
-2.875
-1.125
11.875
52.75
73.625
20.75
-54.5
-70.5
-23.75
10
7
2
-0.25
-3.75
-5.375
-10.5
-15.25
-7.625
-0.5
-0.25
0.25
0.5
6.125
34.625
98
141.375
-18.875
-2.625
-7.125
-31.25
-37.625
-27.25
-11.25
-4.125
-3.125
-0.5
12.875
53.875
73.75
18.875
-55.625
-68
-11.125
28.5
16.375
4.375
1.375
-4.875
-10.375
-24.125
-33.375
-15.875
-1
-0.375
0.5
2.625
17.375
63.25
123.875
128.5
-18.875
-11.375
-15.125
-20
-20.5
-28.5
-22.75
-9.5
-3.625
-0.125
13.5
54.25
72.75
16.875
-56.125
-65
1.625
46.875
25.875
6
2.25
-4.5
-14
-38.125
-51.875
-24.375
-1.375
-0.25
1.125
10.125
41.875
95
127.5
97.25
-17.125
-16.125
-22.5
-10.125
-0.375
-24.625
-34.75
-20.75
-8
-0.625
12
49
65.75
14.75
-50.875
-57.375
8.25
52.75
30.375
8.875
4.5
-1.875
-13.625
-45.625
-62.75
-29
-1.5
0.625
7.625
32.375
75.875
113.25
108.75
58.875
-17.75
-21.25
-29.625
0.375
23.75
-14.25
-42.375
-34
-19.25
-6.25
7.5
35.625
48.125
10.375
-37.875
-42.75
6.25
40.25
23.25
6.75
4
0.25
-9.375
-36.625
-49.875
-22.375
0.375
8
28.75
65.25
98
103.375
73.625
28.25
-18.625
-21.375
-27.25
8.625
39
0.25
-41.875
-43.625
-31
-18.75
-3.5
19.5
29
5.625
-24.5
-27.875
1.625
22.875
14.125
4.625
2.75
1.375
-4.75
-23.125
-30.875
-10.5
11
29.125
58.375
88.125
97.375
75.375
36.75
8.875
-20.5
-19.75
-20.625
17.625
46.375
10.125
-32.5
-44.75
-38.25
-26.625
-18
-4.875
5.75
0.125
-11.375
-13.5
-3.125
5.875
5.375
3.125
1.75
1.25
-0.25
-6.75
-5.25
9.625
24.875
52.5
86.5
94.25
73.375
38.875
11.5
1.375
-21.875
-17.75
-20.75
11.5
40.625
13.875
-21.125
-36
-37.125
-25
-12.625
-10.25
-12.125
-12.125
-9.875
-7
-3.75
-0.75
0.125
0.5
2
5
9.125
10.75
10.125
11.875
29.125
78.125
112.75
84.75
38.25
12.375
2
-0.125
-22.75
-16.375
-25.25
-4.5
26.125
13.375
-11.25
-22.75
-27
-15.25
3.125
0.5
-14
-17.375
-12.75
-8.5
-5.375
-2.125
0.25
1.875
3.875
6
7.625
6.875
6.5
10.625
35.625
100.75
127.75
65.875
11.625
1.625
0.25
0.5
-22.25
-13.625
-28.75
-21.125
9.625
11.25
-2.5
-10.375
-15.375
-2.375
22.25
16.625
-10.625
-23
-21.625
-15.125
-11.125
-9.25
-2.625
4.25
7
7.875
8.875
5.875
3.875
8.375
34.25
108.25
133.875
55.875
1.5
-0.125
0.125
0.375
-1.88889
2.27778
4.83333
6.33333
7.72222
11.6667
12.5
-1.77778
-12.6667
-23.3889
-38.8333
-61.0556
-76.0556
-67.9444
-60.2778
-53.5556
-51.7778
-53.3333
-59
-69.4444
-77.5
-80.3889
-69.8889
-50.5556
-33.1667
-19
-8.94444
-2.72222
-0.111111
0
0
0
-8.88889
-5.38889
-3.16667
-1.5
0.0555556
-2.27778
-4.72222
-20.6111
-41.6111
-63
-89.1111
-115.889
-140.667
-133.056
-116.333
-101.278
-98.7778
-99.8333
-100.778
-118.333
-135.222
-145.944
-134.389
-109.444
-82.8333
-57.5
-36.5
-19.5556
-7.33333
-1.94444
0
0
-17.7778
-15.1667
-12
-8.88889
-9.72222
-21.1111
-30.3333
-47.6667
-78.5
-110.222
-135.278
-148.444
-158.944
-147.611
-120.556
-93.8333
-84.2778
-82.7778
-86.5
-108.944
-134.944
-157.667
-161.333
-152.278
-135.833
-110.111
-80.4444
-52.3333
-29.1667
-13
-2.88889
-0.444444
-21.3333
-19.5556
-17.1667
-18.8889
-29.6111
-50.2778
-62.7778
-76.9444
-100.722
-119.5
-124.278
-116
-110.389
-98.8889
-75.8889
-54.5
-44.2222
-42.3889
-46.6111
-63.2222
-85.2222
-109.444
-129.5
-142.278
-146.889
-139.056
-119.389
-92.3889
-63.2222
-36.2222
-18.2778
-15.1667
-20.1111
-22.9444
-27.3333
-40.1667
-62
-87.7778
-97.2778
-102.611
-109.222
-106.611
-89.0556
-64.2222
-51.1667
-43
-30
-17.6667
-9.38889
-4.55556
-4.22222
-9.16667
-20.6667
-36.7222
-58.1111
-85.7222
-111.889
-128.722
-129.389
-116.444
-96.8889
-76.2778
-59.7778
-55.1111
-16.5556
-27.6111
-43.3333
-68.7222
-95.0556
-112.5
-113.722
-105.333
-90.9444
-66.6667
-38.1667
-18.2222
-10.4444
-7.05556
-4.22222
-2.16667
1.33333
7.61111
14.5
20
20.8333
15.7778
2.66667
-20.5556
-50.2222
-83.7778
-108.167
-116.333
-116.056
-115.5
-113.944
-112.722
-18.3889
-36.5556
-61.2778
-87.4444
-104.611
-112.333
-108.222
-87.7222
-60.7778
-33.3333
-13.6667
-4.11111
-1.66667
-1.05556
-0.777778
-0.5
2.11111
8
17.4444
27.5556
34.9444
38.0556
34.5556
22
-0.388889
-32.3333
-67.2778
-94.6111
-113.111
-132.222
-144.611
-143.167
-23.6667
-45.0556
-67.2778
-81.7222
-87.0556
-86.5556
-80.1667
-55.1111
-28.8889
-10.4444
-1.77778
-0.5
0.111111
0.222222
0.166667
-0.222222
-1.61111
-2
1.11111
8.66667
18.7222
26.8889
31.8889
32.4444
25.3889
6.55556
-24.5556
-60.1111
-90
-110.944
-123.778
-123.222
-30.7778
-45.0556
-56.2778
-57.2778
-54.1667
-52.6667
-46.1111
-26.1667
-9.11111
-1.33333
-0.388889
-0.166667
0.5
1.61111
3.22222
5.05556
4.94444
1.77778
-0.5
1.05556
7.44444
15.7222
23.7222
30.8333
33.2222
27.6667
9.16667
-21.7778
-49.8889
-64
-69.9444
-67.2222
-31.5
-40.5
-41.6111
-34.9444
-30.0556
-28.1111
-20.6667
-8.16667
-1.55556
-0.0555556
-0.0555556
1
3.83333
8.66667
14.1667
19.8889
23.8889
23.5
17.8889
12.3889
10.8333
13.1111
18.9444
26.5556
33.7222
34.3333
27.4444
9.16667
-13.9444
-24.7778
-26.5556
-21.6667
-21.1667
-24.6667
-23.3889
-18.1111
-16.1667
-14.7778
-7.05556
-1.72222
-0.5
-0.166667
1.05556
5.33333
12.0556
20.9444
30.7222
40.8333
49.3333
52.6111
49.7778
41.3333
32.6667
26.8333
24.9444
27.4444
30.0556
30.0556
28.5556
21.5556
7.38889
-5.44444
-9.38889
0.444444
-6.66667
-11.8333
-13.8333
-11.6111
-12.3889
-9.83333
-2.88889
-0.555556
-0.333333
0.5
5.05556
13.3889
23.6667
34.5
43.1667
49.4444
51.3333
49.0556
42.2222
31.6667
23
17.4444
15.1111
14.7778
15.6667
15.7778
15.6111
13.7222
5.83333
-5.77778
-9.55556
4.88889
2.77778
-1.05556
-5.16667
-6.11111
-9.05556
-5.22222
-0.444444
0.0555556
0.166667
3.05556
11.7778
22.1111
31
35.0556
36
32.5
22.2778
10.2222
0.166667
-4.94444
-6.22222
-5
-4.16667
-4.38889
-5.27778
-4.88889
-4.94444
-5.66667
-6.55556
-10.0556
-9.77778
5.05556
5.05556
1
-3.27778
-4.88889
-6.88889
-2.16667
0.277778
0.388889
1.22222
7.61111
17.9444
25.7222
27.5
23.4444
15.3889
0.333333
-19.3333
-35.6667
-43.2222
-41.3333
-34.5556
-27.6667
-23.7222
-23.8333
-24.6667
-23.6111
-23.5
-21.8889
-16.7222
-11.5556
-7.88889
1.38889
3.5
1.27778
-1.61111
-3.22222
-3.94444
-0.166667
0.555556
0.5
2.22222
11.2222
19.2778
22.0556
16.2778
5.38889
-6.5
-24.5556
-40.8889
-48.7222
-44.0556
-32
-23.6111
-20.2222
-21.8333
-26.5556
-31.5556
-33.6667
-32.2778
-26.7778
-17.1111
-8.61111
-5.5
-3.61111
2.44444
0.0555556
-2.11111
-3.05556
-1.94444
0.333333
0.444444
0.166667
3
11.6111
15.6667
13.8889
4.05556
-4.55556
-13.9444
-27.8889
-34.7778
-31.5
-18.1111
-8.66667
-7.05556
-11.7222
-19.2778
-27.5556
-33.8889
-34.8889
-30
-20.0556
-9.94444
-3.72222
-3.05556
-5.44444
0.444444
-0.388889
-1.05556
-1.5
0.222222
1.22222
1.16667
0.944444
3.61111
8.94444
9.88889
6.05556
-1.88889
-6.66667
-11.9444
-18.8333
-18.7222
-11.2778
-1.94444
-0.333333
-6.88889
-15.8889
-24.3889
-31
-32.8333
-29.6111
-20.7778
-10.5
-3.33333
-0.833333
-1.27778
-3.72222
1.77778
1.5
2
2
3.33333
2.94444
2.83333
2.5
4.11111
6.11111
6.27778
3.05556
-1.44444
-2.27778
-4.44444
-7.16667
-7.05556
-5.44444
-6.77778
-15.4444
-25.2778
-32.5556
-36.2222
-35.6111
-30
-20.6111
-10.8333
-3.5
-0.5
0
0.555556
1.38889
7.77778
8.16667
8.94444
8.55556
7.16667
5
4.5
4.11111
4.33333
4.77778
5.44444
4.38889
3.11111
3.05556
2.05556
0.555556
-3
-8.83333
-17.3889
-27.4444
-34.6667
-37.8889
-36.1667
-29.8889
-20.5556
-10.8889
-4
-0.833333
-0.222222
0.111111
2.33333
6.38889
14.3333
14.1667
13.5556
12.6667
10.4444
5.94444
5
4.38889
4.11111
4.61111
6.11111
7.22222
7.22222
7.44444
6.94444
5.44444
0.777778
-6.72222
-13.8889
-20.5556
-23.7222
-24.5
-22.0556
-16.3333
-9.88889
-4
-0.888889
-0.166667
-0.277778
0.611111
5.22222
11.9444
19.1111
18.8889
16.8889
15.5556
12.6111
6.38889
4.38889
3.94444
3.66667
4.33333
5.88889
7.77778
8.22222
8.27778
7.77778
6.44444
2.72222
-2.33333
-5.94444
-8.33333
-9.11111
-9.27778
-7.72222
-5.16667
-2.66667
-0.888889
-0.0555556
-0.0555556
-0.111111
2.44444
12.1111
20.1111
19.8333
19.3333
16.6111
15.1111
13.7222
7.55556
3.72222
3.55556
3.33333
4.11111
5.16667
6.27778
6.61111
6.38889
6.38889
5.61111
4.33333
3
2.22222
1.94444
1.5
1
0.5
0.222222
0.0555556
0
0.0555556
0.0555556
0.722222
6.05556
21.4444
28.9444
19
19.6111
17.6111
16
14.6111
10.0556
3.61111
2.77778
2.83333
3.77778
4.22222
4.55556
4.66667
5
8.27778
10.9444
14.6667
18.6111
22.3889
24.8889
23.9444
19.8889
15.2222
10.6667
6.38889
3
0
0.111111
2.77778
14.3333
33.9444
39.7222
12.5556
15.7778
14.7778
12.6667
12.3333
11.8333
5.83333
2.05556
1.94444
3.11111
3.16667
3.11111
2.94444
4.33333
12
19.2778
28.5
38.1667
47.6111
53.6667
52
43.5
34
24.3333
14.7778
6.88889
0.222222
1.05556
7.5
25.5556
42.8333
45.7222
5.27778
11.4444
13.4444
11.1111
10.1667
12.7778
10.5
3.77778
1.55556
2.11111
1.5
1.44444
1.05556
3.55556
14.8333
26.5
40.6111
54.5
68.7222
78.2778
76.4444
64.2222
50.7778
36.8889
22.9444
10.4444
0.888889
4.55556
18.2222
41.2778
53
54
0.444444
7.66667
12.7778
11.8333
11.2778
16.3333
18.2778
9.5
2.77778
-0.555556
-3.44444
-4.72222
-5.22222
-3.83333
3.33333
12.2222
22.5556
32
41.1667
48.5
48.1667
40.8889
33.1667
24.8333
16.0556
7.33333
3.88889
15.2222
35.7222
56
61.2222
60.7222
3.5
9.38889
18.6111
21.8889
22.9444
26.7222
28.3333
20.3333
8.11111
-3.77778
-13.1111
-18.1667
-18.9444
-19.6667
-19.8889
-15.5556
-10.6667
-8.38889
-9.22222
-8.66667
-7.33333
-5.61111
-3.66667
-1.66667
0.5
3.38889
14.5
34.9444
58.8889
72.1667
73.2222
69.7778
8.44444
13.8333
24.8889
33.5556
38.8333
42.7778
41.3889
33.5
18.2778
-2.88889
-20.0556
-30.9444
-32.6667
-35.5556
-42.8889
-43
-43.3889
-47.3333
-57.8889
-64.5556
-61.8889
-51.2222
-39.6111
-26.7778
-11.3889
8.55556
36.6667
62.6111
81.5556
85.7778
81.8333
70.9444
9.61111
14.2222
24.7778
36.6111
46.6111
52.0556
52.0556
47.0556
33.5
8.61111
-14.2778
-29.9444
-35.3333
-40.2778
-48.0556
-47.3333
-47.1111
-51.1111
-63.1111
-72.2222
-70.6111
-58.4444
-43.3333
-25.6667
-2.72222
30.1111
65.8333
86.8889
95
91.6111
81.4444
60.7778
5.05556
5.05556
9.22222
16.6667
25.1667
31.1667
34.8889
37.6667
35.3333
21.9444
6.38889
-6.5
-12.7778
-19.4444
-27.2222
-28.3889
-28.9444
-31.2222
-37.8889
-42.1667
-38.5
-27.1667
-13.7778
1.33333
23.0556
56
81.8333
90.2778
88.2222
81.0556
66.6111
40.2778
-1.44444
-9.16667
-14.1667
-15.5
-13.6111
-11.7222
-4.33333
9.22222
22
26.3889
25.5556
23.6111
21.7222
16
9.16667
6.55556
5.5
4.77778
3.16667
2.88889
5.77778
11.4444
18.3889
24.7222
36.6667
58.4444
68.7778
67.4444
61.2222
54.8333
42.2778
19.3889
-6.72222
-19.8889
-31.1111
-40.3333
-46.3889
-49.6667
-45
-25.6111
-0.944444
19.7778
34.9444
43.7778
50.8333
48.6667
39.3889
31.3333
25.8333
23.9444
23.9444
25.4444
29.1667
31.7222
31.6111
28.3333
28.8889
36
33.8889
29.5
26.3889
25.5556
20
7
17.4444
44.5
80.1667
89.4444
59.9444
20.4444
-32.3889
-60.6667
-61.7778
-9.5
28.5
24.5
-19.8333
-76.3889
-113.278
-117
-49.7778
40.1111
108.889
109.333
74.9444
43.9444
32.5556
32.6667
27.7222
18.7778
8.94444
2.72222
0.111111
0
0
0
19.2222
49.6111
87.1667
95.3889
61.0556
19.1667
-37.2778
-72.8333
-85.7222
-38.7778
4.88889
12.8889
-15.3333
-57.5
-82.8889
-91.2778
-39.3333
27.5
83
80.2222
57.6667
37.5
34.8333
40.3333
43.7222
42.8333
32.6111
19.5556
7.33333
1.94444
0
0
21.6667
54.7222
92.3333
98.6667
57.6111
4.88889
-56.7778
-92.8889
-97.8333
-51.6667
-5.5
4.44444
-15.0556
-46.2778
-61.8889
-66.8333
-27.8333
19.2222
59.8333
58.0556
45.5
34.2222
35.3333
41.1667
47.3889
54.4444
54.4444
46.5556
28.9444
13
2.88889
-0.222222
19.1111
54.3333
92.9444
98.4444
45.5
-18.6111
-79.1111
-103.056
-97.5
-55.3889
-13.5
-3.44444
-17.5
-38.1111
-44.4444
-40.9444
-17.2222
11.7222
35.2778
40.1111
36.3333
33.3333
35.0556
41.1667
48.1111
57.6111
64.9444
67.2778
56
36.1111
12.2778
-7.72222
16
50.5
85.2222
85.9444
26.5556
-38.4444
-88.1667
-99.6111
-88.8889
-55.5
-23.2778
-13.2222
-20.8333
-27.2222
-23
-12.8889
-1.72222
9.55556
18.5556
23.2778
24.1111
24.2778
26.7778
34.6111
44.8889
57.1667
67.6111
77.1111
75
54.6111
18.6667
-18.5556
12.6667
42.7222
69
64.3889
7.61111
-50.0556
-88.9444
-91.1111
-78.7222
-52.3333
-27.7222
-11.8889
-6.88889
-5.27778
-3.66667
-1.61111
2.88889
10.6111
18.6111
21.3333
15.1667
5.55556
2.33333
12.7778
31.8889
52.2222
67.0556
79.4444
79.8333
60.5
21.8333
-19.0556
10.9444
32.7778
49.1667
40
-11.0556
-59
-85.3333
-76.9444
-56
-31
-12.8889
-3.55556
-1.11111
-0.722222
-0.888889
-0.277778
3.22222
10.4444
20.4444
26.1111
21.7222
5.94444
-10.2222
-14.2222
-0.388889
26.4444
53.9444
76.0556
82.2222
65.3333
27.6111
-15.9444
8.22222
23.6111
30.1667
15.6111
-27.6111
-63.1111
-73.3889
-54.1111
-28
-9.88889
-1.88889
-0.722222
-0.444444
-0.555556
-0.611111
-0.111111
3.38889
10.4444
20.5556
28.6667
27.8333
15.5556
-4.33333
-20.4444
-23.0556
-7.66667
22
55
75.1111
66.9444
33.7778
-10.1111
8.22222
14.0556
8.5
-9.83333
-40.2778
-55.1111
-48.5556
-25.5
-8.55556
-0.888889
-0.388889
-0.388889
-0.277778
0.5
2.22222
4.61111
8.83333
15.1111
23.5
30.1667
29.5556
18.1667
-1.16667
-19.6111
-29.2222
-26.7778
-9.83333
19.4444
49
56.8889
36.0556
-2.22222
9.27778
5.72222
-11.6111
-30.8333
-41.6111
-35.7778
-21
-7.61111
-1.11111
0.166667
-0.0555556
0.777778
3.27778
7.77778
11.2778
12.5556
13.1111
16.3889
23.5556
30.1667
30.0556
18.6667
-0.722222
-19.7778
-30.9444
-34.5556
-28.8889
-12.1667
14.1667
31
30.1111
14.3333
6.94444
-3.44444
-24.5
-38.1111
-34.0556
-19.1111
-7.05556
-1.27778
-0.0555556
0.388889
1.38889
5.55556
12.0556
18.0556
19.1667
15.8333
11.3333
10.3889
14.8889
23
28.6667
24.0556
8.16667
-12.7778
-29.8333
-40.3889
-41.5556
-32.2222
-11.3889
10.1111
26.3889
36.2222
3
-9.83333
-28.1667
-36.0556
-26.0556
-10.8333
-2.44444
0.111111
0.222222
1.16667
5.38889
13.5
22.6667
26.1667
21.5
12
3.33333
0.277778
3.33333
12.1111
24
29.7778
23
1.11111
-25.1111
-46.3333
-51.3889
-41.6111
-18.9444
3.88889
25.6667
47.4444
-2.33333
-14.9444
-28.3889
-31.5556
-18.5
-5.55556
-0.333333
0.277778
0.611111
3.61111
11.8889
23.5556
31.6667
27.8333
15.5556
1.72222
-4.5
-4.33333
0.0555556
9.05556
21.6667
32.2222
27.7222
6.16667
-24.1667
-48.3333
-54.5
-43.8889
-22
-0.722222
22
54.3889
-9.05556
-23
-31.1667
-29
-13.8889
-2.72222
0.0555556
0.277778
1.22222
7.5
20.1667
34.6111
37.0556
24.6667
5.16667
-7.55556
-9.66667
-4.77778
3.66667
14
25
27.8889
18.3889
-3.61111
-27.4444
-45.3889
-49.2778
-40.3333
-22.1667
-4.22222
17.5556
58.1667
-18.5
-31.6111
-32.5
-26.2222
-10.0556
-1.05556
0.222222
0.388889
2.33333
12.5556
29.5
44.9444
39.5
17.6111
-8.72222
-19.8889
-17.5556
-5.83333
8.5
22.2222
29.1667
23.6667
6.5
-15.2222
-32.1111
-41
-39.9444
-31.7778
-17.6667
-5.27778
13.8333
58.7222
-25.4444
-36.0556
-31.1111
-22.8333
-7.38889
-0.444444
0.111111
0.388889
3.55556
17.8333
39
53.4444
37.8333
3.77778
-28.2778
-34.8889
-23.4444
-3.83333
14.1111
26.8889
29.1667
19.3889
0.0555556
-20
-33.7778
-37
-31.3333
-20.8333
-10.0556
-2.72222
11.8333
58.5556
-29.1111
-38.6111
-30.1667
-20.8333
-5.55556
-0.333333
-0.277778
-0.0555556
4.61111
22.9444
47
58.1667
30.6667
-13.2222
-46.7222
-45.2778
-26.6111
-3.27778
14.7222
27.3333
29
18.4444
-1.38889
-21
-31.9444
-30.7222
-21.3333
-10.7222
-3.66667
-0.277778
11.1667
57.3889
-30.5556
-39.6111
-30.6667
-20.6667
-5.44444
-0.5
-0.722222
-0.611111
5.33333
27.4444
53.0556
60.7222
22.1111
-28.3889
-60.5556
-49.0556
-22.6111
2.77778
18.5556
27.7778
25.8333
11.6667
-9.66667
-25.1667
-28.8889
-21.0556
-10.9444
-3.72222
-0.944444
0.222222
11.1111
57.3889
-30.8889
-39.6111
-32.1667
-22.1111
-6.83333
-0.888889
-1.16667
-1.11111
6
30.5556
57.3333
61.9444
15.8889
-37.1667
-66.9444
-47.4444
-18.7778
6.38889
18.5
23.8889
17.5556
0.888889
-16.2778
-24.1111
-20.1111
-11
-3.77778
-0.944444
-0.444444
0.111111
12.1111
60.0556
-29
-37.9444
-34.4444
-24.5556
-9.33333
-1.38889
-1.55556
-1.61111
6.22222
31.6111
59.2222
62.1111
13.7778
-40.6667
-68.9444
-47.1111
-17.8889
5.94444
14.1111
15.6667
7.16667
-5.5
-15.2778
-15.8889
-10.3333
-4
-0.777778
-0.277778
-0.388889
0.611111
15.3333
65.9444
-24.7778
-36
-38
-29.7778
-13.5
-2.72222
-1.94444
-2.05556
6
31.8889
60.2222
63.1111
14
-41.7222
-70.4444
-48.4444
-19.6111
1.55556
5.94444
5.33333
0.444444
-4.83333
-7.38889
-6.16667
-3.22222
-0.888889
-0.0555556
-0.277778
-0.222222
2.66667
23.8889
78.7778
-20.8333
-34.6667
-40.6111
-36.1111
-18.3889
-5.44444
-2.61111
-2.77778
5.66667
32.6667
61.9444
65.2778
14.6111
-42.9444
-72.5
-49.7222
-21.1111
-2.33333
-0.555556
-0.611111
-1.05556
-1.77778
-1.94444
-2
-1.05556
-0.555556
-0.166667
-0.277778
0.5
6.61111
36
93.9444
-16
-30.2778
-41.0556
-42.2222
-25.7222
-9.94444
-3.94444
-3.11111
5.72222
33.7778
63.8889
67.4444
15.1111
-43.2222
-70.8333
-43.9444
-12.3333
4.5
3.05556
-1
-3.05556
-7.55556
-9.77778
-11.5556
-7.16667
-3.66667
-0.333333
0
2.77778
16
54.2778
111.944
-15.8889
-28.2222
-38.6667
-42.1111
-31
-15.5
-7.61111
-3.5
6.16667
34.7778
64.7222
68.2222
14.8333
-42.6667
-66.6667
-34.7222
-0.0555556
13.8333
8.16667
-0.111111
-4.77778
-14.5
-21
-24.6667
-15.6667
-7.55556
-0.555556
1.05556
7.83333
31
76.5
129.167
-18.2778
-27.8889
-34.4444
-37.5556
-32.0556
-21.3333
-13.1667
-5.66667
6.11111
35.2222
64.1667
67.6667
13.5
-41.8889
-61.3889
-24.1667
12.8333
22.8333
12.7222
0.722222
-5.77778
-20.7778
-32.2222
-38.1111
-24.2778
-11.1111
-0.222222
4.55556
19.5556
53.0556
101
138.889
-20
-26.3333
-26.3333
-29.8333
-31.0556
-28.6667
-22.2778
-11.3889
3.66667
33.4444
60.6667
63.7222
11.6667
-39.6111
-55.3333
-16.7778
20.1111
28
16.2778
2.72222
-5.05556
-23.5556
-38.5
-46.1667
-29.5
-13
2.66667
15.2222
40.2778
79.4444
118.889
136.389
-22.8333
-23.0556
-14.7222
-16.6667
-26.0556
-34.2778
-33.4444
-21.3333
-3.55556
25.7778
50.2222
52.8333
8.5
-33.5556
-44.1111
-8.66667
24
28.9444
16.7778
3
-5
-23.6111
-38.7778
-46.4444
-29.1667
-9.83333
13.2778
35.2778
66.2222
100.167
122.333
119.889
-24.4444
-19.0556
-2.88889
-0.444444
-17.1667
-35.6667
-43.0556
-32.2778
-15.2778
12.4444
34.9444
39.7222
5.44444
-26.1111
-32
-1
26.2778
28.6667
16.8889
3.77778
-4.22222
-22.7778
-37.8333
-44.1111
-23.7222
2.33333
33.2222
59.6111
86.8889
109.111
113.611
96.7222
-28.2778
-17.2222
7.55556
16.8333
-4.16667
-31.7222
-47.0556
-39.6111
-25.3889
-4.05556
14.6111
21.8333
0.555556
-19.9444
-23.5
-0.222222
20
21.7778
12.8889
3.66667
-2.16667
-15.7778
-25.8889
-27.4444
-6.38889
22
54.5
80.8889
98.5556
105.5
93.7778
68.8889
-29.8333
-18.5
7.66667
20.3333
3.05556
-26.6111
-45.7778
-40.5556
-25.6667
-6.94444
4.72222
6.83333
-8.66667
-20.4444
-20.5556
-3.72222
10.3889
12.8889
8.66667
5.38889
4.83333
-1.16667
-7.77778
-10.7778
4.72222
36
74.2778
103.056
108.111
96.0556
69.1667
40.9444
-30.1111
-20.5
2.27778
16.2778
4.83333
-20.5
-40.7778
-36.7778
-21.2222
-3.38889
2.22222
-1.94444
-13.1667
-18.4444
-16.7222
-7.88889
0.277778
4.55556
5.5
6
6.33333
3.55556
0.388889
-0.611111
15
52.3333
97.2222
125.667
112.667
80.2778
41.6111
18.5
-29.8333
-22.4444
-4.44444
11.7778
6.94444
-11
-31.2222
-29.5
-15.9444
1.44444
3.72222
-6.33333
-17.8333
-21.3333
-17.8333
-13.3333
-8.27778
-2.38889
2.83333
6.44444
7.72222
6.72222
6.38889
6.77778
24
67.5556
117.333
140.722
108.278
60.1111
19
5.55556
-8.53125
-5.96875
-5.5625
-8.4375
-10.5938
-23.1875
-40.9375
-60.7188
-82.625
-105.594
-121.281
-120.625
-118.469
-108.75
-106.25
-111.25
-112.469
-110.188
-110.688
-122.063
-133
-138.125
-128.156
-106.281
-83.9063
-63.375
-45.25
-29.4375
-16.4063
-7.5
-13.6563
-14.7813
-20.7188
-31.7813
-39.3125
-52.25
-73.4063
-98.1875
-120.719
-139.188
-148.813
-140.406
-133.25
-122.938
-114.281
-110.156
-108.594
-109.5
-114.75
-131.813
-148.188
-159.063
-155.688
-141.781
-122.656
-100.313
-77.2188
-55.0625
-37.375
-26.7813
-25.0313
-31.6563
-43.5313
-60.7813
-70.625
-80.6875
-96.2813
-114.188
-127.688
-134.344
-132.844
-116.188
-104.844
-94.8125
-84.75
-77.4063
-73.75
-74.0313
-79.9688
-98.0313
-118.719
-137.25
-145.219
-145.25
-138.656
-125.063
-106.938
-89.4063
-73.25
-61.7813
-36.0625
-49.9063
-68.125
-88.5
-97.375
-102.75
-111.031
-118.188
-119.5
-113.5
-99.4688
-77.9375
-66.2813
-59.0313
-48.6563
-39.625
-33.9688
-32.0938
-36.6875
-50.375
-67.875
-88.3438
-106.875
-121.063
-129.094
-129.156
-123.5
-117.688
-111.563
-105.156
-45.8438
-65.3125
-86.375
-102.719
-108.781
-111.063
-112.125
-107.438
-95.9375
-77.5625
-55.875
-38.4063
-29.8125
-25.1563
-16.9688
-7.96875
-0.90625
2.84375
1.28125
-5.6875
-17.0313
-32.8125
-52.7813
-76.625
-98.75
-113.281
-121.313
-128.469
-134.344
-138.781
-62.1875
-81.125
-95.4063
-104.219
-105.281
-104.781
-99.8125
-82.625
-61.375
-39.6875
-22.2188
-10.5938
-5.90625
-3.875
-1.03125
3.09375
8.6875
15.4375
20.4688
21.8125
18.0625
8.59375
-6.34375
-28.2188
-55.1875
-81.625
-103.188
-124.063
-139.531
-146.719
-66.2188
-79.375
-86.375
-87.5
-85.625
-84.1563
-77.375
-56.9063
-35.75
-19.0625
-7.6875
-1.71875
0.78125
2.3125
3.15625
4.4375
7.65625
13.5625
20.9688
26.8125
29.2188
26.625
19.2188
5.28125
-16.2188
-44.0625
-72.75
-95.875
-113.406
-122.844
-59.5625
-65.875
-66.5313
-62.125
-59.0313
-57.5313
-50.25
-32.4375
-16.4375
-5.34375
1
4.4375
7.84375
11.2188
13.4063
13.7813
15
18.0625
23.3438
28.5938
31.9688
32.8438
30.8438
24.125
10.7188
-10.9688
-35.5625
-55.0938
-69.4063
-77.0625
-49.625
-51.125
-47.5313
-41.25
-37.75
-35.75
-28.4688
-14.9063
-4.46875
2.3125
6.71875
11.875
17.5313
23.0625
27.3125
29.5625
29.2813
28.625
29.3125
31.3125
33.5313
34.6875
33.6563
29.8438
23.4688
9.625
-8.90625
-23.6875
-33.3125
-34.5938
-29.5313
-29.3125
-27.4375
-22.5625
-21.2188
-19.25
-12.0938
-4.3125
1.875
7.375
13.5313
20.7813
27.625
33.9688
39
41.6875
40.0625
35.1563
31.25
28.7813
28.7188
29.1563
27.9063
24.8438
22.25
16.6875
5.4375
-3.3125
-8.84375
-6.25
-12.9688
-14.4063
-15.4063
-13
-13.0938
-10.2813
-4.03125
0.65625
6.28125
13.5
21.1875
27.7813
32.6875
36.5938
39.7813
40.0938
35.5313
28.1563
21
17
15.5
15.0313
14.125
12.2813
11.625
10.4063
6.15625
-0.59375
-3.53125
4.90625
-3.15625
-6.21875
-8.8125
-8.28125
-9.5
-5.84375
-0.90625
3.96875
11.375
19.5
25.1875
27.5625
28.0938
27.5938
26.3125
22.1563
14.4375
6
0.09375
-2.5
-3.84375
-4.53125
-4.84375
-4.71875
-4.59375
-4.5625
-6.5625
-10.7813
-11.0938
1.5
2.875
-0.3125
-3.71875
-4.6875
-6.4375
-2.71875
1.09375
7.0625
15.3125
21.4688
22.6563
20.4375
16.3438
11.5
5.71875
-3.25
-12.5625
-19.1875
-21.625
-22.4063
-23.1563
-23.9063
-22.9063
-20.375
-19.5938
-19.25
-18.9375
-19.2813
-16.75
-4.0625
3.40625
0.65625
-2.46875
-3.9375
-4.375
-0.90625
2.21875
9.4375
16.4063
19.375
16
9.4375
2.84375
-3.5
-10.4688
-20.6875
-28.5
-31.5313
-31.0625
-29.9063
-31.1875
-32.3125
-31.3438
-29
-28.375
-28.4375
-25.8125
-22.5313
-17.0938
-6.5625
3.125
0.96875
-0.96875
-2.0625
-1.75
0.65625
3.375
10.3438
14.875
14.5625
7.65625
0.625
-5.25
-10.4375
-16.5625
-25.0625
-30.0625
-31.7188
-30.0625
-31.0625
-33.375
-34.4063
-34.0313
-33.125
-33
-31.25
-26.25
-19.2188
-12.9375
-6.6875
2.78125
1.84375
1.09375
0.375
1.125
2.03125
4.25
9.5
11.75
9.125
2.25
-2.75
-6.46875
-9.5
-13.4063
-19.1875
-23.1563
-24.9375
-25.6875
-29.1563
-32.0625
-33.0313
-33.0625
-33
-31.7188
-27.7188
-20.4063
-12.4375
-6.71875
-3.96875
5.1875
4.90625
4.625
3.90625
4.3125
3.5
5
8.09375
8.96875
6.4375
1.625
-1.125
-2.65625
-3.59375
-5.875
-10.8125
-15.9063
-20.2813
-23.5625
-27.7188
-30.5313
-31.4063
-31.4063
-30.125
-26.4688
-20.2188
-12.5938
-6.0625
-1.28125
1.53125
10.2188
10.0313
9.75
8.875
7.875
5.25
5.65625
7.15625
7.6875
6.28125
3.71875
3.0625
2.59375
2.25
-0.4375
-6.1875
-13.3125
-20.0313
-24.3125
-28.4063
-30
-30.3125
-29.0313
-25.5
-19.7813
-12.5313
-6.25
-1.625
2.625
6.625
14.5938
14.6875
13.9688
12.9063
10.9688
6.5625
5.59375
6.25
7.28125
7.25
6.5625
6.4375
6.0625
5.71875
3.59375
-1.625
-8.90625
-15.4063
-19.4688
-21.7188
-22.1563
-22.25
-21.0313
-17.4063
-11.9375
-6.3125
-2.1875
1.125
7.5
13.1875
18.625
18.375
16.5313
15.0938
12.9375
7.71875
5.375
5.9375
7.03125
7.90625
7.90625
7.75
7.625
7.5
5.78125
1.5
-4.03125
-8.9375
-11.25
-12.0625
-12.375
-12.6875
-11.7813
-9
-5.3125
-2.09375
-0.15625
3.5
13.5313
20.5938
20.6563
20.2188
18.1563
16.4688
14.5313
9.34375
5.34375
5.59375
6.34375
7.125
7.15625
7.46875
9.25
11.0625
12.1875
11.75
11.0938
10.4688
11.1563
10.4063
8.15625
5.8125
3.96875
2.9375
2.125
1.40625
1.53125
8.65625
22.5938
29.1875
19.625
19.0625
17.0625
15.125
13.5625
10.4688
6
4.65625
4.875
5.34375
5.34375
6.34375
10.8438
15.3125
20.0938
24.125
28.3125
31.8438
35.1563
34.0313
29.25
24.25
18.75
13.3438
8.28125
4.46875
4.5
16.5625
32.875
38.1563
17.7188
17
15.2188
12.875
12.0938
11.9688
8.46875
5.3125
3.6875
3.53125
3.34375
4.90625
11.875
18.9688
26.5
33.5625
41.4688
48.4375
54.125
52.6563
45.5
37.8438
29.6563
21.4375
13.5313
8.59375
11.125
27.25
42.0938
45.5
17.625
17.625
16.7813
14.2813
13.4688
15.2813
12.75
6.34375
1.375
-0.59375
-1.09375
0.75
8.125
15.9688
24.9063
34.1875
44.875
54.25
61.2188
59.5
51.9375
43.5938
34.5938
25.625
17.8125
15.75
22.75
41.7188
53.0938
54.6875
18.75
20.1875
20.4688
18.2813
17.3125
20.7813
19.3438
8.3125
-1.96875
-7.625
-9.375
-8.84375
-5.1875
-1.21875
4.15625
11.875
20.9375
28.5625
32.5625
31.7813
28.0313
23.75
19.6563
16.5938
17.3438
24.625
39
56.375
63.2188
63.5313
22.1563
26.125
28.6875
28.4063
28.1875
30.8125
28.625
14.6563
-1.28125
-11.6875
-15.75
-18.125
-20.0625
-21.4063
-20.8438
-16.0313
-10.0938
-5.78125
-5.71875
-5.3125
-3.90625
-2.09375
1.46875
8.4375
20.9688
38.7813
59.0625
71.9063
74.75
73.7813
24.5
31.3125
37
39.4688
41.25
43.0938
39
22.5313
3.28125
-11.875
-18.8125
-24.5938
-33.4375
-40.9375
-45.3125
-43.2188
-40.5625
-39.875
-43.5625
-41.5625
-33.7188
-24.5
-12.1875
6.46875
30.8125
57.0313
78.25
85.7188
85.0313
81.9375
18.0625
24.2188
30.9688
35.0313
37.7813
40.1563
38
25.0625
8.5
-6.375
-14.1563
-21.4063
-32.5313
-43.7188
-52.3125
-53.3125
-53.25
-54.4688
-58.75
-54.125
-43.0313
-30.1875
-12.0938
15.2188
45.75
72
88.5
89.4688
86.3438
81.9688
6.15625
9
14.375
18.7188
21.9063
24.9688
27.25
23.6563
16.4688
8.5
4.1875
-0.90625
-9.0625
-18.6563
-26.9688
-28.8438
-29.375
-30.6563
-33.8125
-30.1563
-21.25
-10.8125
5.875
32.9375
57.7813
75.4063
83.8438
81.5625
77.4688
72.5313
-8.5625
-9.9375
-7.34375
-4.375
-1.3125
3.34375
11.5313
17.7813
21.8125
22.3125
22.9688
21.7188
17.0313
9
0.46875
-3.09375
-5.125
-6.40625
-8.03125
-5.65625
0.9375
7.84375
19.9063
41.2188
56.6875
64.9063
66.0938
62.4688
57.6563
53.1875
66.5313
93.3438
97.0625
61.5
6.40625
-48.8125
-79.75
-79.1563
-42.6875
-11.4688
-9.09375
-28.9375
-64.6563
-92.125
-81.3125
-30.875
23.4063
72.375
90.4375
76.1875
59.0625
44.6875
41.4688
47.5313
51.0938
48.75
42
29.3125
16.4063
7.125
68.4688
94.5938
93.8438
51.5313
-7.875
-64.25
-91.2188
-87.75
-51.9688
-19.5625
-12.125
-23.2813
-48.6875
-68.875
-62.3438
-24.4688
16.7188
53.875
67.75
59.5
48.8125
40.375
41.625
49.2813
57.1563
61
60.0313
50.8125
34
13.9063
65.5313
86.4063
80.4063
34.7188
-22.25
-72.875
-94.5313
-87.1875
-55
-24.7188
-15.7813
-21.8125
-38.2813
-52.0625
-45.1875
-14.8438
17
45.5938
54.9063
47.7188
38.9688
32.625
36.2188
45.8125
56.7813
66.1875
71
63.8438
45.8125
18.4688
57.25
72.5313
62.9375
18.8125
-31.5
-75.375
-92.7188
-83.625
-56.625
-29.0625
-19.9688
-21.4375
-29.8438
-37.3438
-30.0313
-7.1875
16.5938
37.7813
47.5
42.3125
34.3125
28.2188
29.1875
39.3125
52.5313
65.4063
73.3125
67.375
49.9375
21.0938
46.7813
56.3125
44.6875
3.71875
-38.8438
-74.75
-88.5
-78.375
-56.625
-34.4375
-24.4375
-20.5938
-20.4375
-19.9063
-12.0313
0.59375
14.0938
26.7188
34.9688
36.1875
31.7188
26.75
25.4063
32.375
45.8125
60.9688
72.4375
69.4688
53.5938
25.2813
36.9375
42.0625
28.2813
-8.78125
-45.0938
-72.8438
-82.75
-72.25
-52.25
-32.8125
-18.4063
-8.96875
-5.46875
-3.5625
-0.34375
5.15625
12.75
21.3125
26.7813
26.9375
22.5625
16.5313
14.8438
21.8438
35.6875
53.375
68.4375
69.125
56.4063
29.9688
28.4688
27.6875
11.9375
-21.3125
-50.1875
-67.9688
-69.8125
-53.9688
-34.25
-18.1875
-7.375
-1.84375
0.34375
2.3125
5.34375
10.125
16.3438
23.25
26.9688
24.5
16.2188
4.8125
-2.84375
0.28125
14.1563
35.5
56.375
64.0625
56.6563
33.6563
16.5
10.4375
-5.71875
-32.9375
-51.5313
-57.7813
-50.6875
-31.875
-16.125
-5.21875
0.8125
3.9375
7.15625
9.84375
12.4063
15.0938
19.0625
24.375
26.9688
24.0938
14.9063
0.15625
-12.9688
-17.625
-10.5313
8.84375
32.4375
48.4688
50.4063
35.5625
2.125
-8.8125
-22.5313
-38.625
-45.25
-40
-27.9688
-14.4063
-4.09375
2.375
6.46875
11.25
15.1563
16.4375
16.5625
16.875
19.1563
23.9375
26.625
23.9375
14.7813
-0.0625
-15.9688
-27.7813
-29.0313
-17.75
2.71875
24.25
36.0625
34.2813
-10.2188
-22.875
-32.0625
-37.5
-32.7188
-21.5
-11.4688
-3.6875
2.375
7.5625
13.5313
19.5938
21.125
18.4688
14.375
11.1875
13.1875
19.7813
25.8125
26.7188
20.1563
5.21875
-14.3438
-31.9063
-41.625
-38
-21.6875
-1.125
18.2813
33.3125
-19.2813
-30.0313
-33.9688
-32.1875
-21.9688
-10.9063
-3.53125
1.15625
6.78125
13.625
21.25
25.3438
22.25
14.9688
6.15625
1.40625
4.15625
13.4063
25.1875
32.5
29.9375
14.5938
-9.6875
-33.9688
-48.875
-49.5938
-36.7188
-15.7188
7.34375
34.4688
-24.9688
-32.5938
-31.5625
-27.1563
-15.875
-6.03125
-0.65625
4.28125
11.6875
20.5625
28.125
28.25
20.3438
8.71875
-1.375
-5.28125
-0.625
10.75
24.4688
34.625
33.2813
18.0313
-7.90625
-34.8438
-50.9063
-52.875
-40.75
-19.5938
4.15625
37.25
-29.1875
-32.875
-27.7188
-22.25
-11.375
-2.96875
1.09375
7.3125
17.0625
27.5938
34.1563
29.6875
17.0313
2
-7.46875
-7.5625
0.125
13.25
25.3125
30.9688
27.4688
11.9688
-11.5938
-34.25
-48.2188
-50.1875
-40.25
-21.7188
1.3125
37.6875
-33.6563
-34.5313
-25.4063
-19.75
-8.75
-1.34375
1.90625
10.1875
22.2813
34.3125
39.5625
30.8125
13.4063
-4.5625
-12.6563
-9.25
2
15.9688
24.5
25.0313
17.3125
2.25
-16.6563
-33.25
-42.4375
-43.625
-36.3125
-21.4688
-0.71875
37.875
-39.6875
-36.6563
-24.3438
-17.9375
-6.5625
-0.46875
2.5625
12.9688
27.375
40.875
44.6563
30.9375
7.9375
-14.1875
-22.875
-17.5625
-3.5
12.8438
21.9375
22.375
14.25
-0.65625
-17.2813
-30.625
-36.6875
-35.8125
-29.3125
-18.0313
0.0625
39.75
-43.3438
-37.6563
-23.9688
-17.1875
-5.5
-0.40625
2.8125
15.6875
32.8125
47.375
48.75
28.1875
-2.28125
-28.625
-36.5313
-27.0625
-8.34375
11.0625
21.125
21.7813
13.8125
-0.90625
-16.875
-28.0625
-31.8438
-28.6563
-20.8438
-11.875
3.59375
42.8438
-45.0625
-38.7188
-24.5
-17.5313
-5.6875
-0.9375
3.0625
18.5313
37.7813
52.6875
50.375
22.625
-14.2813
-43.0938
-48.125
-33.875
-10.7188
10.9688
20.9375
21.2188
13.0938
-1.59375
-16.3438
-24.875
-26.2188
-20.7813
-12.7188
-5.9375
7.34375
45.2188
-45.5313
-40.7188
-26.1875
-18.75
-7
-1.5
3.28125
20.8438
41.125
55.7813
50.0313
16.0625
-24.0938
-52.9375
-53.75
-33.875
-7.75
14.0313
21.125
18.2188
7.6875
-6.875
-18.2813
-22.625
-19.7813
-12.8438
-6.375
-1.75
10.3125
48.125
-45.3438
-43.0625
-29.2813
-21.5313
-9.40625
-2.5
3.46875
22.3125
43.1563
57.5
49
12.0625
-29.1875
-57.3438
-54.4063
-32.4375
-6.15625
13.5938
16.9063
11.1563
0.34375
-10.9375
-17.7813
-17.1563
-12.1875
-6.4375
-2.1875
0.9375
15.0625
54.4375
-43.6875
-44.1875
-32.4688
-24.5313
-12.5
-4.34375
3.3125
23
44.5313
58.5938
48.7813
10.4375
-31.625
-58.875
-54.3438
-32
-7.34375
9.4375
9.625
3.1875
-4.4375
-11.125
-13.2813
-10.25
-6.1875
-2.53125
-0.15625
3.375
21.7813
63.1563
-40.9688
-44.7813
-36.4688
-29.0313
-16.7813
-7.15625
2.59375
23.3438
45.3438
59.625
49.2813
10.4688
-30.5625
-56.125
-49.5
-27.125
-5.84375
6.71875
3.59375
-3.78125
-9.34375
-13.125
-14.0313
-9.75
-5.75
-2.46875
1.34375
8.71875
32.5313
76.4375
-40.125
-45.125
-38.4375
-33.5
-20.8125
-10.4688
0.375
23.4063
46.0625
60.6563
50.3438
11.0938
-28.1563
-51.875
-43.4688
-20.375
-2.125
7.21875
2.03125
-7.59375
-13.6875
-17.9375
-20.3125
-14.5938
-9.15625
-3.78125
4.1875
17.3125
46.6875
91.9063
-39.0938
-44.5
-38.0938
-35.875
-24.9063
-14.2188
-2.84375
22.4375
46.5625
61.4688
51.1563
11.7188
-25.625
-47.4063
-36.375
-11.5
4.90625
12
3.4375
-10.7813
-19.9375
-26.7813
-30.3438
-22.125
-13.6563
-3.90625
10.6875
30.25
64.5313
108.313
-36.375
-41
-35.8438
-36.9688
-29.6563
-20.5313
-8.5
18.3438
43.6875
59.0938
49.2813
11.3125
-23.4375
-43.2188
-30.9688
-5.6875
9.5625
15.625
5.53125
-11.375
-22.625
-31.7188
-36.3438
-26.5
-15.0625
0.8125
22.6875
48.2188
84.7813
121.438
-31.8125
-33.9375
-30.1563
-35.7188
-33.5
-28.2813
-17.6563
9.1875
34.5938
50.125
42.625
9.34375
-20.125
-36.2813
-24.2813
-1
11.6875
16.0625
5.75
-11.3438
-22.7188
-31.9375
-36.2813
-24.8438
-9.09375
12.8125
40.5
69.3125
102.219
127.844
-26.2188
-24.0625
-21.1875
-31.0938
-34.75
-35.4375
-28
-3.21875
21.8438
38
33.6875
6.625
-16.75
-28.9688
-17.1563
3.96875
13.9063
16.4688
5.90625
-11.3125
-22.5938
-31.0938
-33.4063
-17.8125
3.65625
30.4688
60.625
87.2188
112.25
126.344
-21.25
-13.5625
-9.8125
-23.3438
-31.625
-38.4063
-35.875
-14.5938
6.90625
22.25
21.25
1.21875
-14.5
-21.8125
-9.8125
9.03125
16.25
16.9375
6.25
-10.5625
-20.4063
-26.9375
-26.25
-5.53125
19.375
48.5313
78.5
98.7188
114.281
117.688
-21.3125
-10.4688
-4.65625
-19.2188
-29.1563
-37.4688
-36.6875
-17.3125
1.8125
13.625
11.4688
-5.09375
-15.8438
-18.5313
-5.3125
12.25
18
18.4688
9.75
-4.8125
-13.7813
-20.9375
-20.5313
2.40625
30.75
64.375
95.625
109.656
114.844
106.781
-25.0938
-11.6875
-2.1875
-15.6563
-25.9063
-33.9688
-33.875
-15.9063
2.28125
10.9375
7.0625
-7.28125
-16.5625
-17.8438
-6.34375
8.40625
13.9375
15.4063
9.375
-2.15625
-9.75
-16.25
-13.125
13.875
46.2813
84.2188
114.656
119
112.406
92.4688
-26.0625
-12.125
-0.78125
-10.875
-21.625
-29.4063
-29.5938
-15.0313
2.375
8.4375
2.34375
-10.4063
-20.8438
-22.4375
-13.4063
-1.71875
5.8125
10.1563
8.78125
2.53125
-2.25
-6.84375
-1.15625
28.9688
63.9375
104.156
132.156
125.156
106.719
75.9375
4.70833
5.45833
5.83333
6.04167
6.125
9.875
8.75
10.2917
16.625
23.6667
34.4167
44.4583
63.7917
65.5833
61.7917
57.9167
63.8333
64.4167
56.875
62.1667
66.25
67.25
52.125
37.9167
24.875
14.25
6.70833
2.04167
0.0833333
0
0
0
6.29167
6.58333
6.375
5.83333
4.95833
6.375
10.25
11.7917
25.6667
40.7917
50.625
53.9167
50
47.2083
32.6667
17.4583
6.95833
4.70833
8.54167
19.2917
32.8333
45.5417
55.25
55.3333
50.375
40.375
27.375
14.6667
5.5
1.45833
0
0
6.45833
6.54167
5.54167
4.08333
5.79167
13.875
21.5417
22.125
24.5833
26.25
18.0417
-1.625
-22.9583
-26.5
-30.5417
-34.5417
-40.0417
-41.7917
-38.4167
-39.8333
-36.7083
-27.5833
-5.375
18.2917
35.0833
41.6667
40.2083
33.125
21.625
9.75
2.16667
0.333333
1
2.16667
2.58333
6.20833
16.6667
27.3333
27.7083
23.9583
11.0417
-6.91667
-30
-52.5
-62.125
-60.2917
-49.0833
-37.0417
-30.9167
-30.0417
-32.5417
-42.8333
-53.4583
-60.125
-55.4583
-36.9583
-14.7083
6.16667
20.8333
29.375
31.0833
22.7917
13.7083
11.375
-6.33333
-2.41667
4.75
18.5833
30.0417
27.6667
20.125
11.9583
-2.70833
-23
-39.375
-39.875
-34.75
-29.875
-20.7083
-12.2083
-9.41667
-11.125
-15.9583
-23.4583
-32.5
-42.8333
-51.75
-53.9167
-46.3333
-27.7083
-9.08333
5.04167
18.2917
30.875
38.3333
40.3333
-0.291667
7
18.4167
27.5417
23.125
11.2083
5.45833
-5.875
-19.4583
-29.2083
-25.5
-13
-7.54167
-5
-2.83333
-1.41667
-2.70833
-6.66667
-12.0417
-17.625
-22.5
-27.0417
-32.25
-39.7083
-44.125
-39.1667
-24.9583
-10.375
4.54167
29
48.6667
51.0833
4.41667
10.5
14.4167
6.33333
-6.16667
-12.2083
-13.4167
-21.5417
-27.5833
-21.9167
-9.29167
-2.66667
-1.33333
-0.958333
-0.833333
-0.416667
2.41667
5.5
5.83333
3.91667
-0.375
-4.20833
-9.125
-16.5
-25
-33.7917
-31.4167
-18.625
-5.54167
2.375
7.875
7.125
2.875
0.208333
-7.66667
-20.625
-26.7917
-27.8333
-28.0417
-25.875
-18.625
-7.33333
-1.125
-0.208333
-0.208333
-0.291667
-0.208333
0.0833333
3.83333
12.1667
20.625
25.7917
25.3333
20.9167
13.9167
4.29167
-6.70833
-19.4583
-29.25
-28.0417
-25.7917
-36.3333
-45.75
-46.4167
6.58333
-0.75
-11.875
-19.0833
-22.0833
-23.0417
-23.4167
-16.5
-6.54167
-1.45833
-0.583333
-0.333333
-0.333333
-1.04167
-2.20833
-3.83333
-6.41667
-6.70833
-1.41667
4.70833
10.0417
11.7083
10.5833
7.33333
0.75
-6.45833
-17.5833
-27.6667
-33.5
-39.375
-45.4167
-46.2083
-0.541667
-4.70833
-9.29167
-10.75
-10.6667
-10
-10.625
-5.625
-0.958333
0
0.125
-0.708333
-2.45833
-5.91667
-10.25
-15.2083
-21.9583
-30
-34.2917
-31.5417
-24.0833
-15.2083
-8.375
-3.41667
-0.625
-0.541667
-5.66667
-16.2917
-20.5
-16.375
-13.875
-15.875
-15
-15
-11.7917
-8.5
-4.5
-3.83333
-4.125
-0.875
0.166667
0.5
-0.583333
-3.83333
-8.20833
-12.6667
-16.25
-19
-20.5833
-21.4167
-23.6667
-22.4583
-18.7083
-13.25
-7.08333
-2.5
2.08333
4.70833
4.125
-0.75
-5.83333
-3.16667
0.375
-3.95833
-11.5833
-10.0833
-6.54167
-3.29167
-1.04167
-2.79167
-1.54167
-0.0833333
-0.0833333
-0.708333
-4.20833
-8
-10.3333
-9.25
-5.625
0.291667
9.75
19.5417
26.1667
26.6667
23.2083
18.2083
14.9583
14.625
14.9583
14.0833
13.9583
13.375
8.16667
3.83333
0.958333
-3.20833
0.25
-0.666667
-1.08333
-0.708333
-1.33333
-2.875
-0.791667
-0.541667
-0.666667
-2.75
-6.29167
-6.04167
-2.08333
5.54167
14.625
25.75
38.4167
47.2083
51.6667
48
39.8333
31.0833
24.1667
21.8333
20.2917
17.5
16.9583
16.8333
13.5
5
-0.5
2.20833
1.45833
-0.25
-1.41667
-1.5
-2.58333
-2
-0.541667
-0.375
-0.875
-3.95833
-3.33333
0.75
7.875
15.6667
21.5417
28
30.0417
27.75
20.0417
10.1667
4.58333
3.25
5
6.41667
7.79167
9.75
10.0833
8.125
3.66667
-1.79167
-2.16667
4.79167
-1.58333
-1.04167
-1.20833
-1.04167
-1.66667
-0.416667
0.208333
0.333333
-0.625
-2.125
1.54167
5.41667
10.4583
11.4583
10.125
7.875
-0.583333
-11.7083
-25.2083
-30.7083
-27.8333
-19.9583
-12
-6.66667
-1.75
2
1.20833
-3.08333
-6.125
-4.875
-1.875
2.45833
1.95833
1.83333
1.25
0.541667
-0.708333
0.166667
0.333333
0.416667
-0.291667
1.75
4.5
6.70833
6.75
2.04167
-1.91667
-7.95833
-16.2083
-24.9583
-27.625
-20.9167
-12.3333
-5.5
-2
0.791667
1.16667
-1.16667
-5.33333
-8.25
-6.25
-2.41667
-1
0.25
3.33333
1.54167
0.208333
-0.458333
-1.45833
-0.791667
-0.875
-0.875
-0.375
3.125
4.16667
4.66667
1.29167
-2.04167
-4.29167
-8.625
-10.4167
-7.79167
3.04167
13.1667
18.4167
17.5417
14.3333
9.29167
1.54167
-5.20833
-8.45833
-6.45833
-2.54167
-0.625
-1.16667
-2.83333
-3.79167
-4.125
-5.125
-4.875
-2.95833
-2
-1.95833
-2.04167
-0.5
1.25
1.25
-0.0416667
-2.66667
-3.25
-4.41667
-5.58333
-1.875
7.29167
16.6667
20.75
19.2083
15.25
9.54167
1.45833
-4.95833
-8.16667
-6.33333
-2.5
-0.416667
-0.291667
-1.41667
-4.625
-6.95833
-6.33333
-5.75
-5.33333
-2.875
-1.33333
-0.875
-0.666667
0.0833333
-0.166667
-1.08333
-3.25
-4.375
-4.58333
-5.25
-4.83333
-2
1.41667
1
-1.70833
-5.54167
-7.66667
-9.91667
-11.125
-9.375
-6.20833
-2.45833
-0.333333
0.25
0.0416667
-1.08333
-2.95833
-3.25
-3.29167
-1.54167
-1.20833
-1.45833
0.208333
0.625
0.875
0.458333
0.0833333
-0.583333
-1.91667
-2.45833
-2.625
-2.41667
-2.45833
-3.58333
-6.41667
-10.4583
-14.6667
-16.875
-17.4167
-15.7083
-11.5833
-7.04167
-2.75
-0.833333
-0.0833333
0.166667
-0.208333
-1.875
-3
-1.20833
-1.16667
-0.416667
-0.166667
-1.04167
0
0.5
0.125
0.166667
0.416667
1
1.45833
1.5
1.75
1.83333
1.33333
-0.5
-3
-4.79167
-6.54167
-7.125
-7.25
-6
-3.95833
-2.20833
-0.791667
-0.291667
-0.208333
-0.458333
-1.875
-6.04167
-6.75
-0.666667
-0.458333
-0.791667
-0.833333
-0.791667
-1.5
0.333333
-0.0416667
0.208333
0.166667
0.833333
1.875
2.08333
2.45833
1.79167
1.54167
0.5
-0.958333
-1.625
-1.95833
-1.66667
-1.25
-0.791667
-0.5
-0.125
-0.0416667
0.25
0
-0.75
-3.45833
-9.04167
-8.20833
1.75
1
0.583333
0.666667
0
-2.29167
0.0416667
0.875
0.375
-0.0833333
-0.0833333
0.25
0.375
-0.208333
-2.83333
-5.375
-8.91667
-12.8333
-16.4583
-18.4167
-17.7917
-14.8333
-11.4583
-8.08333
-4.79167
-2.25
0.0833333
0.0833333
-1.45833
-5.91667
-7
-4.875
5.66667
2.70833
1.58333
2.04167
1.5
-1.04167
-2.16667
0.75
0.708333
0.708333
0.958333
0.791667
1
-0.583333
-5.5
-11.2083
-17.7917
-24.125
-30.7917
-35.0417
-34.6667
-29.4167
-23.4583
-17.0833
-10.6667
-5.04167
-0.416667
-0.833333
-4.25
-10.375
-5.875
-3.875
7.25
4.58333
2.41667
2.75
3.54167
0.75
-4.70833
-1.79167
0.541667
1.25
1.95833
1.95833
2.08333
1.75
0.375
-1.41667
-2.83333
-3.70833
-5.08333
-6.75
-6.75
-5.79167
-5.25
-4.33333
-3.125
-1.125
-0.583333
-3.33333
-9.08333
-11.0833
-5.875
-5.04167
0.791667
2.16667
-0.833333
-2.33333
-2.29167
-2.95833
-5.75
-6.33333
-1.83333
1.375
3.08333
4.25
4.29167
6.04167
12.0833
17.375
23.7917
30.8333
38.375
42.4167
41
34.3333
26.75
18.7917
11.125
5.25
-2.20833
-9.04167
-14.8333
-9.29167
-6
-5.58333
-6.625
-4.66667
-7.08333
-11.5
-13.7083
-11.2083
-7.29167
-8.66667
-4.95833
3.33333
9.04167
12.5833
12.75
14.7917
22.6667
27.75
33.3333
40.0417
49.9167
56.8333
54.5833
45.4167
36.0417
26.1667
15.75
4.25
-9.45833
-17.7083
-17.5417
-10.5417
-8.66667
-6.125
-3.54167
-4.5
-5.08333
-9.375
-13.3333
-13.2917
-10
-9.25
-8.45833
-0.666667
7.125
12.3333
13.1667
14.125
16.4167
16.2083
16.25
17.4167
22.0417
26.7083
27.0833
22.9583
18.5
13.2083
5.33333
-7.625
-20.625
-21.7083
-14.5417
-10
-6.625
0.375
2.875
2.75
4
3.45833
0.166667
-3.75
-7.75
-9.5
-12.2917
-14.0417
-12.75
-10
-6.79167
-6
-8.875
-10.7917
-12.5417
-14.7083
-18.0417
-19.5417
-17.7917
-14.875
-13.625
-13.8333
-16.625
-23.4583
-23.25
-14.875
-5.875
-1.125
4.875
13.4167
4.70833
9.875
15.6667
20.8333
23.4583
23.625
17.7917
9.20833
-0.791667
-13.4167
-22.6667
-27.4167
-25.4583
-23.375
-23.75
-21.7917
-20.8333
-22.25
-28.125
-33.7917
-35.9167
-34
-32.375
-29.4583
-25.7917
-20.5417
-5.95833
5.125
11.75
14.6667
17.0833
18.7083
4.45833
12.75
22
31.5833
40.875
48.0417
49.2083
39.3333
24.3333
7.08333
-8.375
-20.4167
-28.125
-29.2083
-26.6667
-22.7083
-20.3333
-20.2917
-22.9167
-26.2917
-28.4583
-27.5833
-22.7083
-14.125
-3.75
10
23.9167
29.625
29
24.6667
19.1667
11.5
2.70833
4.25
6.5
10.375
15.125
18.8333
23.0833
23.0417
18.4167
11.1667
2.125
-5.625
-15.1667
-21.1667
-21.625
-20.4167
-18.8333
-17.9583
-16.5417
-13.8333
-9.70833
-3.08333
5.29167
14.1667
23.5
33.0833
34.8333
30.8333
25.0833
19.25
12.4167
3.70833
-2.66667
-33.5417
-34.4167
16.9167
39.875
20.25
28.375
36.9167
-26.375
-68.4583
-8.58333
39.0833
28.4167
34.2083
34.4167
-21.0833
-74.5417
-73.3333
-24.25
30.9167
34.75
7.625
-1.75
1.29167
5
8.125
6.45833
2.04167
0.0833333
0
0
0
-3.95833
-37.0417
-35.875
20.7083
44.2083
20.25
29
45.7917
-15.2083
-69.0833
-19.5
30.6667
20.25
19.9583
28.9167
-9.41667
-59.4167
-59.7917
-14.8333
25.1667
21.3333
1.79167
-2.875
-3.29167
-3.5
3.5
10.875
10.2917
5.5
1.45833
0
0
-6.41667
-37.9583
-35.4583
23.2083
49.4167
29.875
33.5417
36.5
-19.5417
-63.375
-21.4583
24.125
16.1667
11.875
19.3333
-7.04167
-43.4167
-42.7917
-9.79167
16.6667
11.7917
-0.958333
-2.875
-3.70833
-5.66667
-4.08333
1.20833
10.25
15.375
9.5
2.16667
0.333333
-6
-38.7083
-38.7917
25.4583
62.9167
39.9583
23.8333
19.2083
-18.8333
-52.4167
-21.625
18.25
14.125
5.70833
6.54167
-8.16667
-24.7917
-22.9167
-8.79167
4.54167
5.16667
-1.25
-2.95833
-4.08333
-6.20833
-5.95833
-5.41667
0.375
13.2083
18.7917
13.7083
11.25
-4.83333
-37.7917
-36.75
30.5833
68.4167
37.4167
12.125
7.33333
-15.9583
-37.875
-18
11
9.25
-2.5
-5.95833
-7.08333
-8.04167
-7.75
-5.08333
-0.958333
0.75
-0.0833333
-2.75
-7.29167
-8.83333
-6.70833
-7.20833
-6.45833
4.29167
22.75
32.2083
21.4583
-4.79167
-32
-28.4583
31.6667
62.125
31.3333
6.20833
-0.875
-15.3333
-24.0833
-14.375
-3.375
-1.16667
-1.25
-0.833333
-1.41667
-3.83333
-6.91667
-6.04167
1.125
8.25
8.08333
-1.25
-13.7083
-16.625
-10.5417
-8.08333
-8
1.16667
23
36.9167
23.7083
-2.45833
-24
-19.2083
30.5833
52.5833
24.6667
0.333333
-11.2917
-19.7083
-17.0417
-7.79167
-2.29167
-0.583333
0.291667
0.291667
-0.791667
-3.20833
-6.625
-7.91667
-2.70833
8.25
15.5417
10.75
-3.75
-17.25
-21.4167
-17.7917
-11.125
-0.666667
20.125
37.625
27.75
-3.5
-15.9167
-7.66667
28.25
40.7083
16.7917
-8.79167
-21.5
-18.125
-6.45833
-0.875
-0.333333
-0.0833333
0.208333
0.166667
-0.666667
-3.04167
-6.70833
-8
-4.45833
3.70833
13.9167
16.2917
7.79167
-3.83333
-16.7083
-25.875
-22.4167
-7.91667
15.9167
35.875
29.5833
-2.41667
-4.625
4.25
23.0417
25.0417
1.95833
-18.6667
-17.5
-6.16667
-0.458333
0.0416667
0.0416667
-0.0833333
-0.791667
-1.58333
-1.83333
-2.91667
-5.58333
-6.54167
-3.66667
2.91667
12.4583
16.7083
10.4583
1.875
-5.20833
-15.5833
-25.7917
-21.125
5
29.9583
28.7917
-3.41667
7.79167
16.9583
14.25
1.45833
-11.25
-12.875
-6
-0.958333
0.125
0.125
-0.583333
-2.70833
-3.91667
-2
0.916667
0.166667
-4.375
-6.54167
-3.91667
2.66667
12.4167
17
10.9583
3
-0.0416667
-4.54167
-16.5417
-23.625
-7.75
15
13.25
-3.125
17.375
20.2083
1.5
-12.5
-11.2083
-4.875
-1.25
-0.208333
0
-0.833333
-3.95833
-6.20833
-3.29167
1.875
4.125
2.79167
-0.916667
-5.29167
-7.08333
-2.83333
7.5
16.4167
15
7.70833
4.58333
0
-12
-18.9583
-13.7917
-6
-4.70833
-2.33333
20.9167
16.3333
-6.54167
-14.2917
-7.79167
-1.91667
-0.208333
-0.0833333
-0.583333
-3.70833
-8.25
-6.45833
1
6.5
8.04167
4.625
-0.708333
-3.83333
-7.58333
-9.79167
-2.41667
11.9583
20.25
18.0833
10.8333
-1.41667
-14.625
-17.9583
-14.5417
-12.4167
-14.7083
-2.5
21.3333
11.1667
-11.8333
-12.9583
-4.125
-0.416667
-0.166667
-0.291667
-2.25
-8.04167
-10.7917
-2.70833
8.29167
12
7.875
0.666667
-3.04167
-2.95833
-6.5
-12.4167
-6.54167
10.7917
22.4583
21.6667
12.5
-2.29167
-15.6667
-16.75
-11.875
-14.5
-25.9167
0.333333
21.625
3.70833
-16
-10.0833
-2
-0.291667
-0.125
-0.625
-5.20833
-13.0833
-11
4.75
16.6667
13.6667
3.625
-2.95833
-4.625
-5.83333
-8.33333
-7.79167
0.375
13.25
19.4167
15.0417
8.5
-0.791667
-13.125
-14.9583
-9.16667
-14.0417
-34.8333
1.91667
18.0833
-3.45833
-17.4167
-7.29167
-0.916667
-0.291667
-0.0416667
-1.375
-9
-17.7083
-8.95833
13.9583
24.5833
14.25
-0.25
-6.33333
-8.83333
-11.0833
-9.08333
-1.70833
8.54167
16.625
15.7083
7.625
2.25
-1.91667
-9.70833
-11.625
-6.25
-11.375
-40.6667
2.08333
12.8333
-7.875
-16.2083
-5.08333
-0.583333
-0.291667
0.0416667
-2.41667
-13
-21.875
-5.41667
25.75
33.7917
12.8333
-7.70833
-12.4583
-12.9583
-12.5
-6.16667
2.66667
11.125
16.375
13.5417
5.16667
-1.79167
-6.33333
-8.875
-6.875
-2.79167
-9.25
-42.875
2.70833
9.79167
-10.5417
-15.5833
-3.83333
0.0833333
-0.125
-0.25
-3.5
-16.875
-25.0833
0.791667
38.5417
39.2083
6.83333
-15.5
-15.4167
-13.1667
-12.3333
-5.95833
3.04167
11.9167
16.7083
12.5417
2.79167
-5.83333
-8.95833
-6.33333
-2.79167
-1
-8.04167
-42.3333
3.20833
9
-11.25
-15.5
-3.70833
0.25
0.166667
-0.291667
-4.625
-20.5
-27.125
7.70833
49.0833
41.75
-0.166667
-24.4583
-18.625
-11.0833
-9.95833
-4.5
5.83333
15.25
16.2917
7.45833
-3.83333
-9.16667
-6.58333
-2.125
-0.791667
-0.666667
-7.91667
-42.375
2.29167
10.0417
-10
-16.0833
-4.5
0.166667
0.25
-0.166667
-5.54167
-23.4167
-27.8333
12.875
55.625
42.1667
-7.25
-29.8333
-17.125
-8.83333
-8.875
-1.08333
10.0833
15.2083
10.9583
0.125
-7.875
-7.08333
-2.45833
-0.0833333
-0.25
-0.583333
-8.95833
-44.3333
0.875
12.4583
-6.54167
-17.3333
-6.33333
0.208333
0.375
-0.25
-6.04167
-24.5417
-28.0833
14.8333
58.2917
42
-10.1667
-31.0833
-16.2083
-7.54167
-5.83333
2.70833
10
10.0833
4.04167
-3.70833
-6.16667
-3.25
-0.333333
0.416667
-0.208333
-0.958333
-11.375
-47.625
-0.0833333
16.9583
-1.54167
-18.7917
-9.41667
-0.375
0.5
-0.375
-6.20833
-24.9583
-28.75
14.9583
59.625
42.875
-10.5417
-31.4167
-15.625
-5
-2.04167
3.08333
4.875
3.125
0.25
-2.33333
-2.45833
-0.916667
0.208333
0.416667
-0.333333
-2.5
-17.4167
-52.875
-1.29167
19.7917
3.95833
-18.4583
-12.9167
-1.75
0.708333
-0.541667
-6.66667
-25.7083
-29.7917
15.125
61.5833
44.4583
-10.9583
-32.8333
-15
-1.58333
-0.25
0.416667
0.458333
0.25
0.333333
-0.375
-0.875
-0.291667
0.125
0.125
-0.75
-5.20833
-25.1667
-56.5833
-4.125
20.625
11.2083
-14.7083
-16.125
-4.91667
0.166667
-0.625
-7.125
-26.5833
-30.5833
15.625
63.25
45.2917
-13.9583
-37.625
-15.0417
2.04167
2.16667
1.95833
1.83333
2.29167
3.29167
-1.08333
-5.04167
-2.375
-0.166667
-0.291667
-2.08333
-11.6667
-34.625
-52.5
-4.08333
17.0833
10.8333
-8.83333
-12.75
-7.79167
-2.54167
-1.25
-7.41667
-26.9167
-30.5417
16.2917
63.625
44.7917
-17.625
-43.2083
-14.6667
7.125
4.83333
3.20833
3.95833
6.33333
7.66667
-2.70833
-10.7917
-5.16667
-0.541667
-1.08333
-5.625
-20.75
-41.625
-41.25
-2.5
12.7083
5.79167
-5.125
-5.20833
-7
-6.20833
-3.29167
-7.70833
-26.625
-30.1667
16.8333
63.5833
43.125
-22
-48.1667
-13.5833
12.6667
7.66667
3.5
5.375
11.2083
12.75
-4.58333
-17
-8.125
-0.833333
-3.45833
-13.7083
-30.2083
-39.375
-22.6667
-0.958333
6.29167
-0.458333
-0.333333
3.95833
-3.45833
-8.625
-6.95833
-9.20833
-25.5
-28.2917
16.625
60.4167
39.6667
-23.5417
-48.5
-12.7083
14.4583
8.875
3.91667
6.125
14.4583
16.5
-5.70833
-20.875
-10
-3.08333
-10.6667
-23.2083
-31.1667
-27.125
-3.95833
-0.25
-2.41667
-8.58333
4.625
14.4167
2.29167
-8.04167
-9.66667
-11.8333
-23.4167
-23.7083
14.7083
50.75
32.2917
-22.2083
-43.625
-10.4167
14.7917
9.04167
4.08333
6.20833
14.5417
16.6667
-5.70833
-21.5
-12.5
-9.70833
-19.3333
-24.9167
-22.1667
-11.6667
11.375
1.70833
-8.75
-18.8333
6.625
25.6667
9.08333
-6.625
-9.25
-11.9583
-21.9167
-20.75
11.0833
39.4167
24.5
-19.7083
-37.2917
-8
14.2917
8.54167
3.83333
6.33333
14.7083
16.25
-6.79167
-24.2917
-18.25
-16.25
-20.5833
-18.1667
-11.75
0.875
22.5
3
-14.375
-29.75
5.58333
34.6667
16.25
-4.125
-8.75
-9.54167
-15.9167
-17.5
4.5
26.5833
17.25
-14.5
-27.7917
-6.16667
10.9167
6.45833
2.20833
4.33333
11.625
11.125
-9.08333
-22.125
-19.9583
-21.125
-17.125
-7.375
-0.375
11.875
25.4167
2.58333
-13
-31.0833
0.208333
33.3333
20.875
-0.583333
-9.41667
-12.0417
-12.2917
-8.16667
5.58333
16.5417
9
-10.75
-18.4167
-4.83333
6
3.25
-0.666667
-0.166667
6.125
8.5
-3.33333
-16.4167
-26.9167
-30.4583
-11.875
7.25
13.1667
20.4583
21.9583
1.83333
-9.25
-27.5
-4.16667
26.125
20.6667
3.58333
-9.04167
-16.1667
-10.5417
1.75
8.20833
7.375
2.04167
-5.41667
-8.45833
-4.20833
-0.166667
-0.0416667
-0.791667
-0.458333
3.04167
4.41667
-2.375
-14.375
-34.5
-39.5833
-4.25
27.375
27.5417
20.6667
12.5
2.08333
-4.25
-24.25
-9
18.25
17.5833
6.58333
-5.20833
-17.8333
-11.7083
8.125
12.875
4.20833
-2.16667
-3.5
-2.54167
-3.45833
-4.83333
-3.29167
-0.958333
-0.333333
0.791667
1.54167
-2.08333
-14
-41.6667
-46.4167
7.45833
48.7083
33.875
12.2917
4.20833
22
30.963
34.7037
31.8704
28.1296
23.5741
16.1296
5.68519
-8.01852
-18.8333
-29.1481
-35.1481
-41
-48.6111
-54.7407
-55.2037
-50.1111
-41.7222
-36.4074
-27.7407
-17.1852
-1.66667
12.6111
22.7593
29.8333
35.2222
39.1481
42.1296
27.0185
29.9074
29.3889
24.7963
15.1481
3.83333
-9.5
-23.9444
-40.0556
-50.5
-54.0926
-54.5185
-57.2593
-58.2222
-59.2037
-61.1111
-62.6111
-62.8333
-65.0741
-63.3519
-57.1852
-41.3519
-23.2407
-7.83333
6.87037
22.7407
37.6481
50.7407
23.7222
18.9444
14.6111
10.537
3.12963
-5.33333
-18.8148
-33.0556
-44.4815
-47.0741
-42.5926
-38.4815
-37.8519
-36.537
-37.1111
-40.463
-45.3519
-51.4074
-59.9259
-66.2593
-67.9444
-60.5926
-45.9259
-29.3148
-13.037
5.7963
23.3333
36.7593
9.01852
-1.03704
-6.33333
-9.12963
-12.8333
-17.5741
-27.4444
-35.5926
-37.2778
-31.8889
-22.4815
-17.6852
-14.2037
-9.66667
-7
-8.74074
-14.3704
-21.7963
-29.7963
-39
-46.9444
-51.2407
-48.463
-38.7963
-26.1481
-14.3148
-4.40741
1.46296
-10
-18.2037
-22.7222
-24.2037
-24.7037
-25.4074
-28.4074
-28.537
-22.5556
-13.463
-7.24074
-5.27778
-3.22222
0.685185
4.22222
5.44444
3.24074
-1.61111
-7.35185
-13.963
-21.1852
-30.5
-37.8148
-38.1296
-35.7222
-35.5926
-35.8704
-38.6481
-21
-25.0926
-28.037
-29.0556
-29.2778
-29.7407
-26.8519
-20.2407
-12.3704
-7.44444
-6.18519
-7.35185
-7.59259
-5.66667
-1.42593
2.14815
3.55556
2.7963
0.851852
-2.2037
-6
-12.8148
-22.8519
-31.6481
-37.2593
-46.0556
-53.6667
-58.5185
-24.037
-23.8889
-24.6481
-24.1852
-24.1296
-24.3519
-18.1852
-11.2037
-7.42593
-7.46296
-10.3889
-13.6667
-17.3704
-19.9444
-20.2222
-17.4074
-13.0926
-9.66667
-8.14815
-8.09259
-8.09259
-8.25926
-12.5926
-20.6667
-29.7222
-38.6111
-46.2407
-51.7963
-19.3889
-16.963
-15.7407
-14.1481
-14.3889
-14.5
-10.1296
-7.33333
-8.24074
-11.1852
-13.4259
-14.8889
-17.0556
-20.1667
-21.8704
-19.5741
-14.0926
-7.74074
-3.22222
-1.5
-1.22222
-0.148148
-0.481481
-5.33333
-11.5926
-15.7222
-20.7778
-27.0556
-15.7037
-12.6296
-9.75926
-7.18519
-7.72222
-7.62963
-6.5
-7.51852
-9.2037
-8.98148
-7.37037
-5.09259
-3.22222
-2.51852
-2.25926
0.740741
5.35185
10
13.2778
15.0741
14.9444
13.2778
11.7222
9.03704
5.03704
4.48148
3.31481
-3.33333
-9.11111
-6.90741
-4.5
-3.24074
-4.57407
-4.94444
-6.18519
-7
-5.24074
-0.981481
4.74074
11
17.4074
23
28.3519
32.2037
33.9444
34.3148
34.463
34.9815
33.0926
27.2037
21.8704
17.7963
14.9444
14.6111
14.4259
10.6667
-4.72222
-4.25926
-2.81481
-2.81481
-3.88889
-4.7037
-5.09259
-3.07407
2.44444
9.7037
15.8889
21.1111
26
30.3704
34.7778
35.6667
34.3148
31.2037
28.6111
27.5926
25.8519
21.4074
17.6852
15.9444
15.037
13
11.9444
11.9259
-0.5
-1.09259
-1.01852
-2.27778
-2.72222
-3.14815
-1.42593
2.66667
8.98148
13.2963
15.7778
17.2778
17.6296
17.5185
17.9259
15.8333
13.3148
10.537
9.46296
8.59259
7.33333
6.81481
7.75926
9.24074
9.35185
6.2037
2.85185
5.27778
0.259259
-0.87037
-1.16667
-2.35185
-1.7963
-0.703704
2.48148
6.42593
9.75926
10.0556
8.44444
5.98148
2.46296
-0.907407
-3.55556
-6.2963
-7.33333
-7.74074
-7.35185
-7.62963
-7.22222
-4.09259
-0.111111
2.22222
1.85185
-1.98148
-5.5
-2.61111
-0.444444
-1.61111
-2.07407
-2.72222
-1.25926
1.27778
3.96296
5.92593
5.57407
2.25926
-0.907407
-3.75926
-6.64815
-7.87037
-8.55556
-7.59259
-6.68519
-5.55556
-4.40741
-4.16667
-3.27778
-0.666667
0.592593
-0.888889
-4.42593
-7.59259
-9.40741
-7.12963
-3.51852
-4.38889
-4.40741
-3.53704
-1.2963
1.46296
2.59259
2.46296
-0.222222
-3.03704
-5.07407
-6.66667
-6.68519
-4.64815
-2.74074
-0.185185
0.962963
1.74074
1.48148
1.46296
2.2963
2.40741
-0.148148
-4.42593
-8.01852
-9.01852
-8.22222
-7.16667
-5.51852
-5.51852
-5.31481
-3.88889
-1.09259
0.759259
0.592593
-1.03704
-3.62963
-5.18519
-5.81481
-6.05556
-4.75926
-2.38889
-1.09259
0.296296
0.185185
-0.148148
-0.833333
-0.981481
-0.648148
-1.74074
-4.92593
-7.57407
-8.59259
-7.07407
-5.68519
-6.18519
-6.07407
-5.18519
-4.77778
-3.2963
-0.777778
0.333333
-0.148148
-1.7963
-3.48148
-3.72222
-3.7037
-3.68519
-2.92593
-2.98148
-4.35185
-6.22222
-7.51852
-8.22222
-8.90741
-9.05556
-8.92593
-9.53704
-10.0741
-9.09259
-6.66667
-4.48148
-5.01852
-6.27778
-3.5
-2.37037
-2.16667
-2.22222
-0.703704
0.462963
0.314815
-0.444444
-1.14815
-1.14815
-1.2963
-1.48148
-2.31481
-4.72222
-7.90741
-11.037
-12.7222
-13.2778
-13.4259
-13.3148
-13.0926
-12.2222
-10.1296
-7.03704
-3.94444
-3.24074
-6.5
-7.51852
-1.44444
-0.925926
-0.740741
-1.22222
-1.37037
0.37037
1
1.31481
1.22222
0.981481
-0.444444
-1.92593
-4.16667
-7.55556
-11.1481
-14.7963
-17.2222
-17.5741
-17.4074
-16.1111
-14.7407
-12.5
-9.07407
-5.57407
-3.27778
-4.7963
-9.51852
-9.33333
1.38889
1.2037
1.46296
0.37037
-1.74074
-0.574074
1.25926
2.05556
2.25926
1.59259
-1.33333
-4.37037
-7.96296
-12.0185
-16
-19.9815
-23.2593
-23.7222
-23.1852
-20.4444
-17.537
-13.9815
-9.85185
-6.24074
-5.05556
-7.77778
-10.1852
-8.61111
2.25926
1.46296
1.83333
1.48148
-1.55556
-2.09259
0.851852
2.01852
2.35185
1.24074
-2.62963
-6.7963
-11.1667
-15.7407
-20.4815
-25.4259
-29.2222
-29.7222
-28.8704
-25.1481
-21.1481
-16.8148
-12.3333
-9.05556
-9.25926
-11.9074
-10.5926
-8.40741
1.62963
1.14815
1.46296
1.22222
-1.61111
-3.51852
0.203704
2.62963
3.37037
3.05556
2.12963
0.944444
-0.185185
-1.85185
-4.33333
-7.37037
-9.03704
-9.35185
-9.11111
-8.22222
-7.12963
-6.18519
-5.87037
-8.12963
-12.2222
-14.037
-9.22222
-7.2037
-3.68519
-4.16667
-4.2037
-3.81481
-4.12963
-4.07407
-0.388889
4.2037
6.16667
7.72222
11.463
15.037
18.7593
21.7778
22.8148
23.0741
24.1481
24.1111
23.3148
19.8148
15.963
11.1852
3.87037
-6.12963
-14.5926
-15.5
-10.537
-9.38889
-9.37037
-10.3519
-11.037
-10.8889
-9.03704
-5.07407
-1.38889
4.25926
7.68519
11.7037
20.2037
28.3889
36.5185
43.7778
48.2222
52.1296
55.5185
55.6296
53.6111
45.7593
36.5
24.7593
9.64815
-5.92593
-15.1111
-15.1852
-11.5926
-11.0185
-10.537
-13.1481
-15.3333
-15.9444
-13
-7.24074
-4.74074
-0.740741
2.96296
7.98148
16.037
23.8704
31
37.2037
40.7778
44.6111
47.2222
46.9444
44.3519
36.9074
27.1852
13.7963
-1.12963
-11.7037
-15.6481
-14.5556
-12.6667
-11.7222
1.09259
-1.61111
-4.22222
-6.16667
-5.81481
-4.7963
-6.85185
-8.62963
-8.01852
-5.5
-1.88889
1.66667
5.01852
8.05556
10.1111
12.1667
12.3889
10.9074
8.46296
4.61111
-1.68519
-11.463
-17.6667
-17.0926
-12.4815
-8.74074
-6.66667
-5
19.0185
18.7222
17.0185
14.2222
11.2222
4.81481
-3.85185
-12.4815
-17.463
-20.4444
-24.2963
-26.9444
-28.2407
-28.6111
-28.0556
-27.7222
-28.6667
-29.7037
-30.3889
-28.4259
-27.5556
-28.0556
-22
-10.963
-1.12963
4.44444
6.51852
8.46296
31.963
34.8148
36.5
34.6296
29.2037
17.7778
4.18519
-8.38889
-17.8704
-26.0185
-33.8519
-40.7963
-44.3519
-44.8889
-43.1667
-42.1667
-42.537
-42.1296
-39.6852
-33.7407
-27.4815
-19.8148
-6.87037
6.01852
15.7407
21.537
23.0556
23.0926
5.22222
51.463
78.5926
60.8704
28.6852
-18.2593
-42.8704
-41.8704
-11.0741
20.2778
31.7407
25.1296
-7.05556
-38.9444
-61.1296
-41.7037
-8.83333
19.6667
20.4259
8.53704
-3.85185
-10
-11
-10.7407
-5.94444
4.33333
19.4815
31.1852
10.6296
50.8519
70.7778
51.3519
22.037
-16.5556
-37.3333
-36.7778
-12.5556
13.5
22.0741
17.1481
-7.37037
-30.3889
-47.7593
-33.5556
-8.77778
15.4444
18.5926
10.2037
-2.2963
-11.0185
-14.1296
-14.1111
-8.7963
2.18519
19.2037
32.963
13.8889
47.3333
61.8333
42.7037
16.5741
-14.6667
-32.2593
-31.7222
-12.7037
8.14815
13.7407
7.85185
-8.01852
-22.037
-31.8333
-26.2407
-11.6852
5.59259
14.1296
12.6296
3.44444
-7.7037
-14.8148
-17.1481
-12.3704
-0.814815
17.0556
32.7593
16.0185
43.5185
53.3333
34.6481
11.3889
-13.2963
-25.8889
-25.3148
-11.4444
1.38889
3.40741
-2.57407
-8.81481
-12.3889
-14.3333
-14.9074
-11.8704
-4.74074
4.53704
9.83333
7.77778
-1.68519
-11.5741
-17.963
-15.7593
-4.75926
13.5926
30.8519
18.2222
39.1852
45.0556
26.7963
6.24074
-13.2407
-21.2963
-22.3148
-15
-7.68519
-3.57407
-3.27778
-4.27778
-5.7037
-7.5
-8.33333
-6.31481
-0.777778
5.75926
8.42593
4.92593
-3.44444
-11.6481
-17.6852
-17.1667
-8.42593
9.01852
26.7963
19.4444
33.963
35.8519
17.4444
-2.83333
-18.4074
-21.463
-17.7407
-10.9259
-6.61111
-4.46296
-3.40741
-2.03704
-2.16667
-4.14815
-6.18519
-4.83333
1.51852
9.96296
14.3519
10.2778
-0.759259
-12.7963
-20.9815
-21.9259
-13.3333
3.33333
21.1481
19.2407
27
24.0185
5.31481
-12.6296
-21.2407
-17.8519
-10.8704
-7.14815
-6.07407
-4.72222
-1.44444
1.24074
0.777778
-2.72222
-5.74074
-4.87037
1.44444
10.2407
16.5741
16.1852
8.85185
-3.98148
-18
-27.4444
-23.1111
-6.57407
12.8704
17
15.9259
7.75926
-7.53704
-15.8889
-16.0556
-9.96296
-7.11111
-7.51852
-7.01852
-2.7037
3.44444
6.38889
3.72222
-2.64815
-7.85185
-7.92593
-1.90741
7.38889
16.3889
20.3889
18.463
7.7963
-8.88889
-26.4259
-30.0556
-17.7778
1.11111
12.1296
2.53704
-7.75926
-13.0741
-11.7778
-8.07407
-6.27778
-8.01852
-9.42593
-5.37037
2.74074
10.0185
9.72222
3.31481
-5.87037
-11.6481
-12.1481
-5.77778
6.22222
19.4074
27.1667
25.1667
13.3333
-4.18519
-21.6852
-28.3519
-23.2407
-13.9444
5
-7.18519
-14.3889
-12.1296
-6.74074
-4.88889
-7.07407
-11.2222
-9.74074
-1.42593
9.96296
14.9444
11.1296
1.77778
-7.59259
-14.463
-16.9444
-10.9074
4.24074
22.8704
33.0926
29.7037
14.6481
-2.92593
-17.5556
-24.1111
-25.1852
-27.1111
-0.666667
-10.9815
-14.8704
-9.59259
-4.44444
-5.14815
-9.87037
-14.2407
-8.83333
3.75926
17.0556
18.2778
10.1667
-1.90741
-10.2222
-15.4444
-16.463
-10.1852
4.66667
22.4259
32.2963
29.0185
14.6852
-1.94444
-15.7407
-22.1667
-25.3889
-31.6296
-4.72222
-12.3148
-13.5741
-7.11111
-3.16667
-6.2037
-12.9815
-16.8889
-7.62963
9.18519
23.6667
21.1111
8.35185
-6.53704
-13.5741
-15.3333
-12.0741
-5.07407
6.7963
18.7593
25.8889
23.8148
13.7037
0.185185
-12.3148
-19.0741
-23.7037
-34.4444
-8.85185
-14.037
-12.5
-5.35185
-2.57407
-7.81481
-16.1296
-19.6296
-6.57407
14.4444
30.2778
23.9815
7.01852
-10.0185
-15.8333
-15.2963
-9.83333
-1.46296
8.81481
17.1481
20.1111
17.5185
10.2778
0.944444
-8.87037
-15.1481
-20.9444
-35.8889
-12.5
-15.3333
-11.7963
-4.22222
-2.31481
-9.55556
-19.4815
-22.8519
-5.53704
20.4259
38.5926
28.7963
7.24074
-13.0926
-18.8889
-17.537
-10.7963
-1.38889
9.42593
17
18.1111
13.7222
6.31481
-1.05556
-7.87037
-11.537
-17.1852
-35.4074
-14.5741
-15.9444
-11.463
-3.64815
-2.51852
-11.5926
-23.2407
-26.037
-3.5
28.7407
49.2037
34.2222
5.37037
-19.4259
-24.1852
-20.1852
-11.3148
-1.53704
9.31481
16.6852
17.6296
12.1296
3.51852
-4.31481
-8.96296
-9.68519
-13.5
-34.0556
-14.7407
-16.4074
-11.7037
-3.77778
-2.92593
-13.463
-26.463
-27.9815
0.0925926
37.4259
58.1852
36.5
1.2963
-26.1111
-28.3148
-21.7593
-11.2593
-1.31481
9.61111
16.7407
16.7407
9.75926
0.0185185
-7.07407
-9.09259
-7.35185
-10.8519
-33.3519
-13.5741
-16.963
-12.9444
-4.68519
-3.66667
-15.2222
-28.8704
-28.8519
4.2963
44.6667
64.2407
35.537
-4.81481
-32.9815
-31.2407
-20.8333
-8.18519
2.22222
12.537
17
13.463
3.74074
-4.85185
-8.42593
-6.83333
-4.64815
-11.0185
-35.8333
-11.3333
-16.4259
-14.3333
-6.05556
-4.81481
-16.6481
-30.6852
-29.1111
7.74074
49.463
66.9259
32.5741
-9.7037
-36.5556
-30.5185
-17.6481
-3.83333
6.05556
13.463
13.9074
6.85185
-2
-7.12963
-6.64815
-3.88889
-3.40741
-13.8333
-40.1296
-7.33333
-14.9259
-15.5741
-8.16667
-6.48148
-17.9074
-31.8333
-29.0741
9.5
51.6481
66.5556
28.7963
-14.7222
-38.4444
-27.7593
-11.1852
2.61111
10.1481
13.2037
10.4444
1.53704
-5.77778
-8.68519
-5.74074
-3.27778
-5.57407
-19.7407
-45.5
-4.38889
-12.5741
-14.4815
-9.90741
-8.40741
-19.5741
-32.5185
-29.3333
10.0926
52.2593
65.6667
25.5185
-18.6852
-38.963
-23.7222
-4.25926
7.07407
11.2222
11.1481
8.83333
-0.0925926
-6.59259
-9.96296
-6.51852
-5.22222
-10.5
-27.1296
-50.3889
-3.62963
-10.0926
-11.9444
-9.85185
-10.3333
-21.8148
-33.6481
-29.9259
10.4074
52.3519
64.9815
22.537
-21.9444
-39.3519
-20.1481
0.62963
9.22222
11.3889
11.3519
11.0741
1.07407
-7.25926
-12.8889
-9.61111
-10.2037
-17.9074
-34.7593
-50.963
-2.14815
-5.68519
-7.37037
-8.5
-12.0556
-24.2963
-34.7963
-30.1481
9.92593
50.7778
62.9074
20.6667
-23.0741
-39.4074
-19.3333
2.01852
10.5185
13.2037
13.7778
13.7778
1.92593
-8.51852
-16.3704
-14.9074
-17.8333
-25.9259
-38.1111
-45.037
-1.18519
-0.388889
-0.703704
-4.64815
-11.963
-25.5741
-34.8333
-29.1852
8.27778
45.4444
56.1296
17.537
-22.0741
-36.2222
-17.1852
2.96296
10.8148
13.3889
13.9815
13.8148
1.7963
-9.7037
-20.0185
-21.5185
-25.4815
-29.8889
-35.0926
-34.2778
-1.03704
4.92593
6.85185
0.888889
-9.31481
-24.5741
-33.6111
-28.7963
5.18519
38.3148
47.8704
13.6111
-21.037
-32.3333
-14.5
4.07407
10.8519
13.4074
13.9444
13.3148
0.166667
-13.6296
-26.1296
-28.037
-28.5556
-27.4074
-27.4815
-23.2407
-2.14815
9.18519
13.3889
6.22222
-6.05556
-21.1852
-29.6296
-26.1852
2.01852
29.8704
37.9815
8.75926
-20.4444
-28.5741
-11.7222
5.44444
11
13.1667
12.7407
11.1852
-3.2037
-17.9815
-30.963
-31.4815
-27.5926
-22.1111
-18.8333
-13.5
-4.07407
10.6111
16.8333
8.44444
-5.81481
-21.2407
-26.8519
-21.1296
4.7037
26.6667
30.2778
3.05556
-21.5926
-26.1111
-9.72222
5.72222
9.38889
10.9074
11.2963
11.8333
-1.51852
-19.0185
-36.2778
-38.3148
-29.037
-16.8519
-7.77778
-1.66667
-6.64815
9.22222
18.2407
9.22222
-6.38889
-22.5185
-25.0741
-16.4815
7.64815
24.2778
23.9815
-0.666667
-20.9074
-23.0556
-8.22222
5.55556
9.05556
11.6296
12.7778
13.0741
-2.5
-24.1111
-44.8889
-46.2407
-29.963
-10
5.35185
11.5741
-10.4259
6.87037
19.7222
11.1852
-5.18519
-22.6111
-23.537
-12.7778
10.1296
23.4259
20.6481
-0.518519
-17.1296
-19.4444
-9.05556
0.888889
4.62963
8.37037
10.8704
11.2593
-3.7037
-26.8704
-49.4815
-51.4259
-29.2593
-1.40741
20.5556
25.5926
-5.88889
-8.27778
-7.38889
-2.33333
2.83333
0.555556
-3.83333
6.66667
23.7778
39.7222
30.3889
24.6111
12.9444
-1.27778
-25.3889
-35.4444
-14.8889
18.4444
40.8889
32.5556
5.72222
-19.5
-32.1111
-32.6667
-27.7222
-18.7778
-8.94444
-2.72222
-0.111111
0
0
0
-4.33333
-5.27778
-3.72222
-3.05556
-0.166667
2.83333
6.27778
20.8333
36.5
52
47.6667
37.7778
25.6667
-3.72222
-37.3333
-65.0556
-30.5556
20.8333
64.5556
50.1111
14.5556
-19.3889
-34.0556
-40.3333
-43.7222
-42.8333
-32.6111
-19.5556
-7.33333
-1.94444
0
0
-0.888889
-4.5
-5.66667
-8
-0.944444
14.7778
29.4444
38.8889
42.6111
50.4444
48.7222
27.3333
-1.72222
-36.3889
-55.2222
-63.3889
-26.9444
17.4444
56.0556
51.6111
34.7222
15.1111
0.777778
-17.3889
-36.9444
-52
-54.4444
-46.5556
-28.9444
-13
-2.88889
0.222222
4.22222
-1.55556
-5.38889
-6.66667
11.6111
38.5
50.5556
35.7222
11.9444
6.16667
11.6111
3.33333
-15.2778
-37
-43.4444
-40.6111
-17.6667
9.94444
32.7222
36.6667
32.8889
30.1111
29.6111
24.1667
7.33333
-20.0556
-47.0556
-61.8333
-55.7778
-36.1111
-12.2778
7.72222
7.55556
4.38889
5.66667
12.5
34.6667
54.7778
44.6111
5.94444
-33.3333
-35.2778
-19.5
-11.6667
-20.1667
-26.5556
-22.5556
-13.3333
-7.05556
-2.88889
-0.111111
6.83333
19
32.6111
42.1111
46.0556
42.5556
28.5
-2.38889
-38
-60.3333
-50.7222
-18.6667
18.5556
9.88889
16.5
29
42.2778
50.9444
40.1667
2.72222
-40.6667
-61.7222
-49.7778
-26.5
-11
-6.44444
-4.61111
-3
-1.83333
-3.77778
-8.83333
-14.8333
-14.8889
-4.38889
13.5556
32.2222
45.7778
52.4444
54.2222
41.8333
13.6667
-21.9444
-34.5
-16.0556
18.6111
3.94444
23.1111
49.1667
65.1111
44.9444
1.88889
-44.3333
-61.8333
-53.4444
-30.5556
-12.2222
-3.22222
-1.11111
-0.388889
-0.111111
-0.0555556
-2.77778
-8.66667
-17.8889
-22.6667
-18.2778
-2.72222
15.6667
31.2222
41.1667
51.2222
58.0556
53.0556
29.5556
6.88889
-3.05556
0.5
0.222222
22.5
49.3889
57.8333
19.5
-30.1111
-59.3889
-51.4444
-27.5556
-10.3333
-1.88889
-0.833333
-0.222222
-0.111111
0.166667
0.555556
1.94444
2
-1.88889
-12.2222
-22.7222
-23.8889
-11
9
25.3889
36.3333
48
60.1111
60.2222
38.3889
3.55556
-27
-5.44444
12.1667
31.5
31.9444
-3.05556
-35.1111
-43.1111
-24.9444
-8.44444
-1.66667
-0.833333
-0.5
-0.166667
-1.16667
-2.88889
-4.38889
-2.16667
4.33333
9.94444
6.05556
-10
-26.1667
-28.7222
-13.3889
8.66667
24.7778
35.0556
46.3333
52.7778
38.1111
1.83333
-35.4444
-2.27778
3.94444
11.6111
5.72222
-14.3889
-25.1111
-20
-7.5
-1.44444
-0.611111
-0.611111
-1.11111
-3.27778
-8.11111
-12.0556
-12.7778
-7.11111
2.72222
14.7778
18.6111
9.94444
-10
-25.1667
-25.6667
-10.6111
9.77778
24.7778
35.1667
38.5
27.4444
0.555556
-30.7778
1.05556
4.55556
5.27778
-4.11111
-13.0556
-13.8889
-6.94444
-1.38889
-0.388889
0.0555556
-1.38889
-5.44444
-12.2778
-18.5
-19.9444
-16.5
-9.88889
-1.94444
7.55556
17.8889
21.8889
15.3889
-1.5
-16.6667
-18.6111
-3.61111
15.5556
27.1111
26.2778
18.4444
3.83333
-19.3333
10.6667
11.7222
5.16667
-5.72222
-11.1667
-9.16667
-3
-0.666667
-0.333333
-0.388889
-4.94444
-13.3889
-22.7778
-24.5
-16.3889
-3
7.66667
10.5
10.2222
12
15.5556
14.5556
4.55556
-7.33333
-12.7778
-5.22222
6.5
14.7222
15.1667
14.8889
8.55556
-14.2222
13.8889
16.7222
5.16667
-5
-8.72222
-5.11111
-0.666667
-0.388889
-0.277778
-2.83333
-11.3333
-21.6667
-25.1111
-11.9444
7.77778
23.6111
24.7222
18
8.72222
2.5
-1.55556
-3.55556
-3.27778
-0.277778
3.83333
4
0.833333
-3.44444
-2.33333
4.27778
7.55556
-9.27778
14.9444
15
1.38889
-5
-7.11111
-2.5
-0.166667
-0.166667
-0.888889
-7.16667
-17.3889
-23.6111
-12.7222
11.8889
33.9444
39.8889
30.8889
17.1111
3.66667
-8.88889
-18.2222
-19.2222
-8.72222
7.5
16.2222
8.61111
-7.83333
-19
-15.5
-4.11111
5
-2.61111
10.8333
10.0556
-0.833333
-4.11111
-4.83333
-0.611111
0.333333
0.388889
-1.77778
-11
-19.1667
-18.0556
5.94444
33.0556
46.6111
34.8889
13.2222
-4.38889
-15.3889
-22.1111
-20.7222
-8.44444
11.9444
23.6667
19.7778
-0.111111
-17.9444
-24.5556
-16.4444
-5.72222
3.27778
2.94444
9.22222
4.38889
-2.44444
-3.72222
-2.38889
0
0.222222
0.277778
-2.66667
-11.3889
-15.7778
-8.22222
18.9444
36
36.0556
13
-5.77778
-18.5
-22.7778
-20.3333
-5.94444
16.3889
30.9444
26.4444
5.77778
-15.3333
-24
-19.6111
-9.61111
-2.27778
2.61111
5.11111
5.11111
0.611111
-2.38889
-3.16667
-1.22222
0.111111
0.5
0.5
-2.5
-8.27778
-9.44444
0.0555556
19.1111
26
17.9444
-2.16667
-13.9444
-18.6111
-14.7222
-4.44444
14.2222
28.6667
28.5
9.88889
-11.7222
-23.2778
-20.1111
-10.6111
-3
0.166667
1.38889
3.38889
1.22222
-2.05556
-1
-1.44444
0.222222
0.0555556
0.611111
0.611111
-1.22222
-3.88889
-4.38889
2.27778
11.4444
12.9444
5.22222
-5.72222
-8.16667
-4.22222
5.33333
16.5556
24.0556
20.4444
4.22222
-13.7222
-23
-19.8333
-11.0556
-3.5
-0.277778
0.222222
-0.555556
-1.61111
-3.77778
-0.833333
3.5
3
1.83333
0.444444
1.05556
1.22222
0.222222
-1.33333
-2.55556
-0.277778
3
4.94444
2.61111
-0.444444
1.11111
8.27778
18.3889
23.3333
17.5556
2.11111
-14.6111
-22.3333
-19.4444
-10.6667
-3.55556
-0.277778
0
-0.555556
-2.88889
-6.61111
-5.22222
-1.27778
6.66667
6.88889
5
0.944444
0.777778
1.05556
0.888889
-0.388889
-2.77778
-4
-2.22222
1.44444
4.27778
4
5.22222
9.38889
15.3333
16.1111
7.61111
-4.72222
-14.6111
-15
-9.88889
-3.44444
-0.444444
0.166667
-0.277778
-1.05556
-5.55556
-11.9444
-7
-1.55556
8.33333
10.5556
7.83333
2.16667
0.611111
0.833333
0.555556
-0.555556
-2.77778
-4.66667
-3.33333
0.388889
4.66667
5.11111
5.16667
5.44444
7.27778
5.88889
1.33333
-3.94444
-6.5
-5.27778
-2.66667
-0.333333
0.166667
0.0555556
-0.444444
-2.66667
-12.2222
-19.7778
-6.27778
-4.11111
4.94444
11
9.72222
4.11111
0.388889
0.444444
0.111111
-0.777778
-2.05556
-3.05556
-1.72222
0.833333
2.94444
2.72222
1.22222
0.444444
0.666667
1.16667
1.05556
0.555556
0.277778
0.222222
0.388889
0.222222
-0.0555556
-0.388889
-0.944444
-5.94444
-21
-27.2778
-7.77778
-6.38889
-0.0555556
10.7778
11.3889
7.61111
1.61111
0.444444
-0.388889
-1.77778
-1.88889
-1.33333
0.888889
1.11111
-2.38889
-7.16667
-10.7778
-7.94444
-4.27778
0.555556
2.61111
6.77778
9.11111
10.6667
6.72222
3.11111
0
-0.444444
-2.88889
-14.3333
-33.3889
-34.0556
-1.88889
-6.22222
-7.66667
1.77778
9.66667
10.6111
5.05556
0.611111
-0.722222
-2.33333
-1.72222
-0.444444
2.5
0.555556
-8.44444
-18.8333
-24.7222
-17.7222
-9.5
-0.444444
3.88889
13.6111
20.1111
23.7778
15.1111
7
0.333333
-1.38889
-7.61111
-25.6667
-40.3889
-30.6111
3.72222
-2.66667
-11.1111
-9.55556
3.94444
11.7778
10.1667
2.44444
-0.555556
-1.77778
-0.166667
0.666667
2.83333
-1.88889
-14.0556
-28.2778
-35.1667
-25.6111
-13.9444
-2.5
3.66667
18.4444
30
35.8889
22.8333
10.3333
0.111111
-4.44444
-18.1111
-40.5
-44
-17.6667
11.7778
2.44444
-14.6667
-23.1667
-6.05556
11.1111
16.7222
7.83333
2.44444
2.11111
5.11111
5.05556
2.55556
-4.72222
-13.1111
-20
-21.6667
-15.5556
-8.94444
-4.27778
-0.611111
9.22222
19.6111
23.9444
15.6111
6.22222
-3
-14.7778
-34.6111
-49.1111
-31.2222
9.61111
8.83333
1.05556
-16.2778
-27.2222
-14.6111
8.16667
20.7778
17.2222
10.4444
11.3333
16.2222
15.8333
3.83333
-9.66667
-14.1111
-7.22222
0.666667
2.61111
0.888889
-2.66667
-3.66667
-4.5
-2.33333
-2
-1.61111
-4.72222
-14.1667
-32.8333
-50.7778
-43.5
-5.44444
39.8889
2.44444
-6.16667
-20.4444
-27.5556
-18.8333
2.55556
19.7222
24.1667
21.9444
24.5556
29.3889
27.2778
5.22222
-13.8889
-15.3333
5.11111
21.7222
19.7778
9.77778
-0.555556
-5.22222
-16.4444
-24.3889
-29.8889
-23.3889
-23.7778
-33.5556
-50.6111
-49.2222
-15.5556
31.3889
59.8333
-3.5
-11.5556
-19.2222
-23.5
-20.8333
-8.05556
8.05556
20.3889
26.6111
35.3889
40.9444
36.8333
8.55556
-14.9444
-18.7222
3.44444
21.7778
21.7778
12.3333
3.33333
-2.27778
-17
-32.2222
-42.6667
-38.7222
-41.2222
-48.8333
-50.8889
-23.6667
23.0556
56.3333
57.8889
-1.83333
-5.61111
-6.11111
-9.77778
-14.5
-15.8333
-8.44444
2
11.6667
21.3889
29.2778
30.1667
13.3333
-3.44444
-9.44444
2.27778
12.9444
13.4444
7.22222
0.277778
-6.16667
-17.9444
-28.6667
-33.6667
-32.2778
-41.1111
-46.8333
-34.9444
8.88889
47.6111
58.6111
39.0556
3.22222
7.61111
15.2778
10.8333
-3.16667
-17.7222
-22
-19.6667
-16
-8.72222
3.33333
14.3889
13.3889
6.22222
0.0555556
1.77778
4.27778
4.33333
1.61111
-1.66667
-5.33333
-9.88889
-13.8333
-13.6111
-15.3333
-26.2222
-30.4444
-15.4444
23.4444
44.3889
40.6111
18.3889
5.05556
16.7778
31.2222
28.5556
9.72222
-12.6667
-23.8889
-30.5
-36.0556
-40.8889
-30.0556
-8.66667
9.83333
16.3333
13.0556
9.66667
6.5
2.38889
-2.27778
-6.11111
-7.61111
-5.5
-0.0555556
8.44444
8.33333
-4.33333
-14
-8.94444
13.9444
22.3333
18.4444
5.44444
8.66
17.2
26.62
37.38
48.48
51.98
50.28
52.12
41.54
11.64
-17.06
-40
-56.96
-53.82
-24.66
9.04
40.12
55.36
52.58
36.8
15.26
-10.62
-32.2
-47.66
-58.32
-61.42
-54.92
-39.3
24.52
35.44
40.5
42.44
43.22
35.6
21.28
18.12
12.66
-8.36
-26.92
-37.78
-46.22
-46.54
-24.76
1.22
25.92
39.58
47.32
45.64
37.64
22.26
4.66
-16.62
-37.2
-49.58
-50.94
-40.52
41.6
51.86
49.28
40.2
28.74
9.48
-11.96
-14.68
-13.62
-23.76
-30.94
-32.3
-35.88
-36.84
-21.74
-3.96
13.2
23.6
33.2
40.54
45.32
43.62
36.84
21.9
-0.84
-20.68
-31.94
-30.92
55.62
60.74
47.96
27.24
4.28
-21.82
-39.68
-38.32
-30.8
-30.04
-28.22
-25.72
-27.1
-27.32
-18.04
-7.82
1.78
10.48
19.48
29.78
41.82
52.08
56.28
51.04
35.94
18.04
0.34
-9.06
57.26
58.98
36.96
7.72
-20.06
-43.62
-57.42
-51.52
-39.36
-30.94
-25.26
-19.96
-18.88
-18.8
-16.34
-13.48
-10.52
-4.58
4.8
18.74
35.88
53.32
66.62
71.62
65.8
54.3
36.62
16
51.34
48.04
20.46
-9.2
-34.5
-54.4
-62.16
-51.32
-37.22
-26.04
-18.08
-13.28
-11.56
-10.52
-9.5
-9.58
-10.56
-10.88
-8.02
0.46
15.26
36.14
57.52
74.48
81.72
76.9
59.46
33.44
39.54
31.74
5.16
-18.86
-37.7
-50.12
-50.42
-38.5
-27.12
-19.6
-15.92
-15.04
-13.9
-10.44
-6.06
-2.76
-1.88
-4.1
-8.14
-9.02
-2.74
13.14
35.06
59.04
76.22
79.12
65.56
38.74
25.02
13.64
-8.76
-24.52
-35.42
-39.72
-35.28
-25.86
-19.56
-17.24
-17.78
-18.08
-15.16
-9.1
-0.56
6.08
8.24
5.72
-0.68
-8.84
-10.92
-2.44
14.14
36.7
58.74
68.32
60.54
36.36
13.76
2.16
-13.68
-21.82
-26.2
-25.6
-22.46
-18.22
-17.18
-19.1
-21.16
-18.86
-13.06
-4.6
4.3
11.2
13.38
10.76
4.26
-3.34
-8.08
-5.5
4.28
20.38
38.2
48.26
45.08
25.06
9.86
-2.64
-12.84
-15.1
-16.44
-16.02
-14.98
-16.04
-19.04
-22.18
-20.78
-13.86
-3.54
6.78
14.92
18.8
17.5
12
5.08
-1.12
-5.32
-4.64
0
8.08
18.18
25.06
23.34
8.86
7.14
-3.62
-9.44
-9.44
-11.02
-11.4
-13.24
-17.46
-20.7
-20.78
-13.7
-1
11.9
19.68
22.38
19.76
13.38
6.46
2.72
1.46
1.22
1.14
1.42
1.64
2.74
4.84
5.16
-4.38
5.74
-2.76
-6.7
-6.76
-8.42
-10.14
-13.98
-18
-18.76
-15.02
-2.22
14.46
26.68
29.58
26.4
17.18
6.32
-0.56
-0.26
3.18
6.1
5.52
2.18
-3.46
-8.46
-9.22
-6.58
-10.54
5.42
-0.46
-3.16
-4.04
-6.14
-9.28
-13.48
-16.22
-14.16
-6.86
9.44
25.44
34.4
32.06
22.62
9.08
-1.7
-6.14
-1.58
6.7
11.72
9.6
3.08
-7.34
-16.56
-18.82
-14.48
-13.9
4.3
0.2
-1.72
-2.64
-4.5
-8.3
-12.1
-13.1
-8.82
-0.4
16.06
29.54
34.74
27.84
17.58
5.08
-3.18
-4.22
3.18
10.78
13.18
8.2
-1.54
-13.1
-22.14
-23.76
-18.28
-14.06
1.92
0.4
-0.36
-0.88
-2.26
-6.26
-9.48
-9.06
-4.24
3.9
17.76
27.82
29
20.56
12.12
3.62
-0.12
2.46
9.98
13.56
11.28
2.34
-8.82
-18.52
-24.04
-23.78
-17.58
-11.82
2.04
1.8
1.46
1.12
0.26
-4.04
-6.24
-5.08
-1.1
4.98
14.82
20.9
19.96
13.78
9.86
6.78
7.2
10.98
14.76
12.56
4.92
-5.98
-15.94
-21.94
-23.06
-19.66
-14.46
-10.44
4.18
5.18
4.82
4.5
3.06
-1.58
-3.48
-2.74
-0.32
3.2
9.12
12.3
12
9.3
9.2
10.16
12.98
15.4
15.16
9.38
-0.36
-10.58
-17.9
-20.34
-18.38
-14.28
-12.72
-11.94
5.3
8.06
7.5
7.02
5.54
0.7
-2.16
-2.4
-1.42
-0.06
3.06
5.7
6.6
6.52
9.3
12.5
15.18
16.24
13.78
6.48
-3.14
-11.22
-16.04
-15.84
-12.78
-10.24
-13.16
-15.22
5.04
10.46
10.14
9.38
7.92
2.8
-1.18
-2.34
-2.46
-2.02
-1.16
0.02
0.66
1.34
3.68
7.56
10.52
12.32
10.9
6.3
0.16
-4.28
-7.34
-7.02
-5.96
-8.46
-16.96
-21.58
3.92
10.08
11.5
10.58
9.16
4.58
0.34
-1.92
-2.26
-2.66
-3.62
-4.68
-5.52
-6.52
-6.14
-2.08
1.74
6
8.42
9.4
7.92
7.32
4.34
2.52
-0.88
-10.06
-23.84
-29.48
1.3
7.38
11.04
11.16
9.68
6.38
2.38
-0.96
-1.7
-2.56
-5.06
-8.58
-11.78
-15.96
-18.18
-14.1
-8.56
-0.2
8.1
15.38
18.68
20.64
15.98
10.18
0.48
-15.46
-32.9
-37.54
-3.96
1.6
8.1
10.38
10.96
10.22
7.24
3.16
1.4
-0.38
-4.9
-11.08
-17.1
-23.52
-27.26
-23.06
-16
-4.16
8.08
19.02
25.24
28.3
21.5
11.04
-4.28
-24.68
-41.76
-43.16
-10.28
-6.44
3.9
9.5
13.2
16.96
17.2
12.92
9.62
5.58
-3.02
-13.4
-22
-28.7
-32.02
-26.6
-17.92
-5.2
6.96
17.82
24.12
26.4
17.24
3.14
-15.8
-37.48
-50.18
-44.92
-16.96
-16.94
-3.78
6.08
14
23.74
29.1
25.4
20.22
13.7
2.22
-10.46
-19.22
-23.36
-24.52
-19.66
-12.16
-3.88
2.46
7.92
10.7
8.74
-1.4
-16.36
-34.28
-49.88
-52.04
-37.98
-22.64
-24.6
-12.64
0.56
13.08
28.22
38.26
38.38
32.66
24.26
10.32
-3.82
-12.74
-13.98
-12.8
-9.14
-4.2
-1.96
-3.92
-6.34
-9.1
-16.5
-26.88
-39.58
-52.28
-57.12
-46.04
-23.18
-22.1
-24.74
-15.92
-4.4
9.04
25.92
38.16
41.68
38.36
31.48
17.94
4.48
-3.36
-2
0.24
1.48
2.12
-2.94
-12.96
-22.28
-29.66
-40.66
-48.96
-57.96
-63.52
-57.72
-34.36
-4.58
-15.42
-20.04
-16.1
-9.74
0.18
15.5
28.42
34.02
34.12
30.7
19.06
7.46
1.76
4.84
7.52
8.34
7.64
-0.36
-13.58
-25.88
-37.04
-52.68
-61.36
-66.92
-66.76
-52.7
-19.68
14.1
-6.28
-12.94
-15.42
-15.6
-11.78
-1.92
9.44
16.8
21.02
23.46
18.68
12.96
10.7
14.24
15.64
13.52
9.54
-0.08
-13.88
-26.36
-38.12
-54.94
-62
-63.34
-58.7
-39.62
-2.48
28.2