24.25
13.125
5.125
2.375
1.5
-2
-2.5
-1
1.5
5.375
9.375
4.875
1.875
1.875
2.375
12.75
23.5
31
31.375
28.375
23.5
19.875
18.25
15.75
15.625
13.125
14.25
16
13.625
13
10.375
7.25
5.25
5.375
57
32.125
16.125
11.125
9
7.875
4.75
1.5
1.875
8.75
15.625
24.5
34.75
37.5
36.5
36.375
35.375
30.125
28.625
27.25
23.625
25.5
24.5
22.375
19.125
16.625
23.125
26.25
24.75
21.75
5.5
-3.125
-3.625
-4.5
37.5
19.25
11.375
9
8.625
9.875
8.875
11.375
18.25
28
33
34.75
32.75
23.5
14.625
7.25
0.25
-4
-1.5
4
9.625
13.25
13
12.125
11.75
23.375
40.75
47.625
45.375
30.125
8.375
-1.75
-2
-2.75
-33.875
-26.5
-13.5
-8.375
-3.5
4.875
18.25
33.75
43.375
38.875
26
5
-15.75
-26.5
-31.375
-30.5
-28.25
-23.5
-16.875
-9.25
-1.125
2.5
4.75
5.375
9.125
27
43.625
51.875
49.625
29.625
13.625
6.375
5.25
4.75
-53.25
-34.75
-17.875
-6.625
7.25
24.5
40
43.25
30.75
6.5
-16.375
-31.125
-37
-32.875
-26.125
-21
-16.625
-13.375
-10.25
-6.625
-2.875
0.5
3.875
5.5
6.5
2
-4.625
-4
0.75
3.875
13.75
20.5
20.625
20.125
-19.625
-7.125
5.875
19.75
33.625
41.25
36.5
17.625
-6.375
-23.5
-30.5
-25.125
-14.5
-4.875
5.375
13.625
20.625
24.5
24.875
23
19.625
16.5
13.625
11.875
6.375
-12
-33.125
-40
-30.875
-13.75
7.5
18.625
17.75
16.375
-6.75
8.75
23.75
34
34.375
22.375
1.75
-17
-26.125
-23.25
-10.25
7.375
26.75
44.125
59.375
71.375
76.625
76
70.625
61.875
52.125
43.125
34.125
27
18
4.625
-10.75
-18.75
-15.875
-3.375
7.5
11.875
10.375
5.875
-3.375
17
26.25
25.25
12.125
-6.625
-22
-25.875
-17.75
0.75
26
51.5
75
92.25
99.875
99.125
91.625
83.25
75.5
67.75
60.625
52.875
45
37.5
30.375
22.25
12.75
3.375
-2.625
2.125
8.375
13.625
15
10.375
10.75
20
17.875
7.75
-7.625
-20.25
-20.875
-11
9.75
38.125
62.875
78
81.125
75.375
63.125
51.625
45.375
44
46
48.25
49.625
47.125
43.375
38.375
33.125
28.75
21.625
11.625
0.25
-7.625
-11
-11
-8.625
-8.625
15.25
12.25
3
-8.375
-16.125
-16.625
-5.75
12.375
35.375
55.125
63.375
58.375
43.75
27.5
13.375
6.625
7.375
10.875
17.375
25.125
31.25
35.25
36.5
34.125
30.5
27.375
22.25
15.5
5.25
-7.625
-19.875
-27.625
-26.875
-22.625
5.625
1
-7.375
-14.125
-14
-4.5
10.875
28.875
42.875
45.25
38.25
25.875
13.25
3.875
-0.125
-1.5
-1.625
-1
1
6.375
12.5
20.5
26.125
27.875
28
24.875
21.75
18.75
14.25
7.25
-1
-8.125
-12.375
-11.875
-7.875
-10.25
-12.625
-11.5
-5.75
6.875
20.5
31.5
34.75
26.875
12.625
-2.125
-14.125
-21.625
-22.625
-21.875
-20.75
-16.625
-12.25
-6.375
1.25
9.75
16.75
21.875
24.75
22.625
20.625
18.75
16.75
13.875
8.5
1
-7.75
-12.75
-10.75
-12.625
-11.125
-6.125
1.5
10.25
16.125
14.875
5.125
-12.375
-33.75
-52.25
-65.125
-69.75
-66.125
-58.25
-48.125
-35.875
-23.375
-12.75
-3.625
3.875
9.875
15.125
18.875
19.5
17.875
16.125
14.5
12.5
8.375
4.625
3.125
6.375
-1.875
-5
-3.625
-0.25
4.125
5.375
0
-12.75
-31.375
-51.75
-71
-83.5
-87.875
-83.5
-71.375
-56.5
-40.75
-27.5
-15.5
-7.75
-2.75
1
4.25
8.875
12.75
16.375
15.875
14.5
14.125
12.375
11
13.125
19.25
29.75
2.25
-1.25
-0.375
2.625
4.875
3.25
-4.875
-15.875
-28.25
-38
-44.75
-48.125
-46
-39.625
-30.5
-21.25
-12.625
-7
-3
-1.125
-0.5
-0.875
-0.625
1.5
3.125
6
7.375
7.375
9
9.125
9
8.875
7.375
5.75
12.875
6.375
0.625
3.5
6.75
7
4.75
1.25
-2.875
-5.375
-6.375
-8
-7.125
-5
-4.125
-3.25
-2.875
-3.25
-5.375
-8.5
-13.25
-19.5
-22.875
-22.875
-19.875
-14.5
-7.875
-3.75
0.5
4
4.5
1.625
-6.625
-17
14.125
4.625
0.25
2.375
5.375
7.125
8
7.25
5.375
3.5
2.375
1
0.375
-0.25
-2.125
-4.75
-9.125
-14
-20.375
-27.25
-32.5
-35.75
-34.625
-29
-20.75
-12.75
-7
-4.125
-2.5
-0.125
1.375
1
-1.5
-5.75
-15.75
-12.75
-2.25
0.5
2
2.875
3.25
3.375
3
2.375
1.75
1.375
0.625
-0.625
-2.75
-6.25
-11.125
-16.5
-20.75
-23
-24
-22.5
-20.625
-19.125
-17.625
-17.125
-17.5
-16.75
-14.25
-9.375
-4.375
-0.75
2.25
2.625
-24.875
-11.25
-2.875
-0.75
0.375
0.25
0.25
0.125
0.5
0.875
0.75
0.875
0.125
-1.5
-4.75
-8.375
-13.5
-20
-26.125
-34
-44.625
-54.875
-63.625
-69.5
-69.875
-65.125
-56.125
-44.75
-31.375
-18.875
-10.5
-4.625
-1.75
-1.125
-7
-2
-2.625
-2
-1.625
-1.25
-1.375
-1.625
0.125
3.125
6.5
10.875
13.875
15
11.75
3.375
-11
-30.25
-50.125
-70
-86.25
-97.25
-100.5
-95.5
-83.625
-66.625
-49.125
-33.5
-21.125
-13.375
-8.875
-5.875
-4.25
-3.125
-1.5
-2.625
-3
-3
-4
-2.875
-1.5
0.5
6.625
15.25
25.125
34.5
39.125
38.75
31.625
17.875
1.75
-15.75
-29.25
-35.75
-35.5
-29.625
-18.625
-6.125
5
13.25
14.875
12.625
7.125
0.5
-2.375
-3.875
-3.875
-2.5
-1.875
-1.625
-2.625
-4.125
-6
-6.375
-4.25
-1.875
3.5
11.75
20
26.125
27.625
23.875
17.75
12.875
11.875
16.375
26.25
41
58
72.875
83.5
85.875
80.375
68.375
51.25
34.5
18.625
5.875
0.375
-2.375
-2.625
-1.125
4.125
3.625
0
-4.125
-7.25
-10.5
-11.25
-11.125
-10.25
-4.5
3.625
11.75
18.75
22.125
25.75
32.125
41.375
54.875
68.625
82.75
95.125
101.375
99.125
87
69
49.5
33.125
21
10.25
2.375
-1.375
-2.625
-0.5
1.5
5.125
5.875
2.75
-1.75
-5
-7.75
-6.875
-2
4.5
14.75
30
44.875
54.875
58.75
59.375
59.375
63.25
68.625
70.5
70.75
67.875
63.625
55.375
43.5
30.125
16.625
7.5
1.25
-4
-3.75
-2.625
-0.5
3.875
5.125
22.125
21.5
17.625
10.25
3.125
-1.625
-0.125
7.75
16.875
24.375
33.25
41.625
46.625
48.625
47.75
44.625
42.5
40.375
35.375
28.25
22.5
18.75
14.125
9.625
2.5
-6.5
-12.5
-15.625
-16
-7.5
0.5
6
12.375
13.375
39.125
32.875
26
15.5
4.75
-2.75
-7.5
-8.25
-8
-9.25
-10.25
-8.625
-3.625
2.625
7.875
10.875
10
7.625
4.875
0.875
-0.5
-3.375
-7.875
-13
-21.25
-27.875
-29.75
-26.125
-16.25
-1
14.75
28
37.5
42.625
13.875
10.625
8.875
5.125
-0.125
-5.625
-13.125
-20.75
-26.75
-30.5
-33.125
-33.25
-28.75
-22.625
-16.25
-9.625
-6.25
-5
-4
-4.375
-7
-13.625
-22.625
-33.125
-41.75
-43.25
-37.875
-25.75
-8.5
5.25
19.625
32.5
37.5
41.375
-17.625
-14.375
-10
-5.75
-4.75
-8
-14
-21.625
-28.375
-33
-36.75
-39.75
-40.25
-37.625
-32.375
-25.125
-18
-12.875
-11.25
-13.75
-23.25
-36.25
-49.375
-59.125
-58.875
-48.625
-32.25
-14.5
-0.125
5.625
8
6.625
1
-4
-46.625
-42.625
-36.875
-28.625
-21.25
-17.625
-18
-21.375
-26.5
-33.625
-40.75
-47
-53
-55.875
-55.875
-55.75
-55.375
-56.75
-60.75
-66.5
-74.125
-79
-78.375
-69.875
-51.625
-30.625
-11.625
1
5.5
3
-4.125
-13.75
-23.25
-29.125
-50.125
-49.5
-45.75
-38.625
-29.25
-20.5
-15.75
-14.5
-16.875
-23.125
-31.75
-41.5
-52.75
-63
-71.375
-79.875
-88.125
-96.375
-102.25
-103
-96.5
-82.625
-63
-40
-18.125
-2.75
5
3.625
-5.5
-19.25
-34.875
-47.75
-55.875
-58
-17.125
-19.125
-20.25
-19.75
-17.125
-12.25
-7.75
-5.5
-5.5
-7.125
-10.625
-17.125
-26.375
-37.875
-49.625
-58.625
-63.5
-64.625
-62
-55.75
-45.5
-32
-16.125
-0.375
9.625
13.25
8.25
-4.875
-22.625
-40
-54
-61.625
-63.75
-65.125
1.625
0.5
-2.75
-6.5
-9.625
-10
-7.375
-4.5
-1.875
-0.25
0.625
0.875
0.25
-2.25
-6.5
-10.25
-11.875
-11.375
-7.25
-2.5
4.375
13.75
21.375
25.5
21.875
11.5
-4.125
-19.125
-29.375
-33.125
-31.5
-27.25
-23.875
-23.75
1.25
1.5
0
-3.75
-8.625
-13.125
-14.25
-11.875
-8
-3.75
-0.75
2.25
6
10.875
15.625
19.625
22.75
25.375
30.375
35.375
39.375
39.875
32.25
18.125
0.125
-17.75
-28.875
-31
-25.25
-15.75
-6.75
-1.5
0.5
1.25
-0.875
-0.625
-0.5
-2.125
-5.625
-10.375
-15
-17.625
-18.375
-16.75
-14.125
-10.625
-6.375
-0.75
5.5
11.5
17.125
22.125
24.375
24.625
18.25
3.75
-13.875
-31.5
-41.625
-42.25
-34.75
-23.5
-12.25
-4
0.625
2
2.125
2.375
-29
-24.375
-8.375
0.375
2.25
-1.75
-5
-0.75
4.5
2.125
2.375
15.125
18.875
3.625
-4.625
-2.5
-2.75
-2.75
-6.625
-14.625
-14
-4.625
2
1.5
0.625
2.625
3.25
-0.25
-4.875
4.25
20.125
10.25
-8.75
6.125
-57
-43.875
-8.375
5.375
-1.25
-8.625
-7
-0.25
4.625
8.75
15.625
18.75
11.5
0.25
-2
-0.375
-3.625
-3.875
-6.125
-14.5
-14.625
-5.25
1
-0.875
-1.375
2.875
9.375
7.5
-9.5
-6.25
18
12.125
-10.375
3
-75.5
-50.75
-7.125
5.75
-5.375
-10.625
-1.125
10.625
14
13.75
15.5
9.75
-2
-5.25
-1.375
1
0.75
0.75
-4
-12.75
-13.375
-5.75
-0.5
-2.625
-0.75
15.375
32.25
14.125
-29.875
-30.625
4.875
7.5
-9
6
-79.375
-49.25
-6.5
7.875
-0.25
-1.125
9.5
14.75
10.375
6.125
6.25
3.25
-1.75
-2.75
-2.625
-2.5
-1
-1
-4.125
-6
-5.875
-3.75
-1
-2.625
-0.375
20.5
46.875
24.375
-39.375
-49.875
-7.375
7.625
-2.5
4.5
-70.75
-42.5
-2.625
15.375
12.5
11.75
14
8.5
-1
-4.25
-1.875
-3.125
-5.5
-5.375
-5.125
-3.25
-0.375
1.375
1.75
1.375
-0.625
-3.5
-3.125
-1
3.25
21.5
46.125
26.25
-33.75
-52.375
-15.25
14
7.625
-1.875
-49.375
-19.125
9.375
22.75
21.625
18.75
12.25
0.125
-10.125
-15.25
-14.75
-10.875
-6.5
0.125
6.375
9.125
8.375
5.25
2.125
0.5
-1.625
-5
-5.375
-3.125
1.125
18.75
40.375
23
-24.625
-44.5
-19.75
11.375
11.75
-3.125
-28
-2.5
20.5
28.75
25.125
17.875
1.5
-18.25
-25.625
-20.5
-8.5
6.125
17.5
20.375
15.375
10.125
5.875
0.25
-4.125
-4.875
-5.875
-8.875
-9.125
-6.75
-4.25
1.375
13.75
17
-1.125
-19.875
-11.5
13.375
13.625
-7.625
-11.125
11
26.25
27.75
18.375
3.375
-15.75
-27.375
-20.75
-2.25
15.5
25.25
28.25
25
16.375
9.625
5.375
-0.25
-6.75
-11
-12.875
-14.875
-15.75
-13.25
-10.375
-10.25
-5.25
5.125
7.875
-1.625
-2.875
12.375
11.75
-9.625
3.75
18.5
26.375
20.75
4.375
-13.75
-23.625
-16.75
2.25
20.875
32.625
35.25
31.625
25.375
15.875
8.625
4.875
-1.25
-8.5
-13.25
-16.375
-20.375
-22.875
-20.125
-16.875
-17.25
-13.875
-4.875
0
-1.875
-0.5
7.25
7.875
-5.125
15
18.5
17.5
7.875
-6.125
-16.875
-15
2.625
23.875
37.125
42.625
39.875
30.5
20.25
8.625
0.375
-1.125
-2.625
-6.375
-9.875
-14.25
-20.75
-24.75
-23.875
-22
-21.625
-19.5
-14.25
-10.25
-6.625
1.125
8.875
7.375
-4.375
17.125
12.25
7.125
-0.375
-8.5
-11
0.875
23.125
40.375
46.5
43
30.125
14.5
5.875
1.625
-1
-0.125
1.25
-0.25
-4.125
-9.5
-16.5
-22.375
-25.375
-25.75
-24.625
-22.75
-20.75
-20
-16.75
-7
3.375
5.375
-2.625
13.125
5.25
2.375
-0.75
-3.25
1.875
18.75
37.5
45.5
40.375
26.875
10.875
-0.125
-1.125
0.375
0.625
3
6.625
8
5.375
-1.25
-9.75
-17
-23.875
-27.75
-27.625
-26.125
-24
-24.5
-24.875
-18
-5.75
3.25
1.5
9.5
2.875
1.375
0.375
3.25
14.25
28.625
35.875
33.625
22.875
6.25
-5.5
-5.125
2
6.875
9
11.125
14.125
15.875
13.5
5.625
-3.375
-10.375
-19.875
-26.875
-28.75
-28.875
-26.125
-24.75
-26.5
-23.625
-10.125
5.375
8.875
6.375
2.25
2.625
5.75
11.125
19.375
26.5
26.5
20.625
7.75
-10
-17.25
-6.875
7.5
15.125
18.75
20.75
22.75
24
19.25
9
1.25
-4.75
-14.875
-23.5
-28.375
-31.375
-29
-24.875
-26.875
-29
-15.875
6.25
14.5
2.5
1
5.375
12.625
17.125
19
19.625
16.625
8.25
-7.25
-23.75
-25.375
-7.75
12.875
24
28
29.875
31.75
31.5
24.875
12.25
2.125
-3.625
-11.75
-20.875
-28
-31.625
-28.875
-23.75
-25.625
-30.75
-19.125
5.625
16.5
-11.875
-8.625
6.875
18.5
20.75
15.75
10.75
6.25
-2.625
-17.625
-29.875
-26.25
-4.625
19.5
32.375
35.5
35.375
35
32.125
21.5
5.75
-3.25
-4.125
-5.875
-12.625
-21.5
-27.125
-27
-22.5
-23.25
-30.5
-21.125
4.875
17.75
-18.375
-8.375
9.75
23.625
23.125
13.375
6.5
3.25
-4.625
-19.75
-30.375
-25.5
-4.375
20.25
33.625
34.5
31.125
30.25
28.625
19
5.5
-0.25
0.875
-0.25
-7.75
-18.75
-26.75
-28.125
-22.5
-20.625
-28.125
-23.25
-1.5
10.75
-16.75
-6
13
26.25
25
13.875
5.75
2.875
-5.5
-21.875
-31.75
-25.625
-4.625
19.875
32
31.25
28.625
29
26.75
15.75
0
-8
-4.625
-1.125
-6.125
-15.875
-21.5
-21.5
-16.5
-13.625
-22.625
-24.5
-7.5
5.875
-15.125
-4.5
14.625
28
26.625
14.75
5.5
1.875
-6
-21.375
-31.75
-26.375
-5.625
17.5
27.5
25.875
21.5
18
14.375
4
-10.875
-14.625
-3.875
6.25
4.625
-4.625
-11.625
-13.25
-8.375
-5.625
-17.5
-22.875
-6.25
7.125
-2.25
5
16.375
28.5
26.875
14.75
5.375
2.125
-3.875
-17.375
-28.25
-23.375
-1.875
19.75
23.75
14.125
5.75
2.25
0.875
-3.75
-13.5
-15.25
-2
11.25
11.125
2.625
-4.125
-6.5
-2.625
-1.125
-14.375
-20.875
-4.5
8.375
4.25
5.125
15.75
28.5
27.75
15.375
6.75
4.5
1.125
-8.5
-20.125
-20
-3.875
13
13.375
2.625
-3
-4
-4.75
-8
-16.5
-17.375
-0.375
17.875
18.5
7.5
-1.875
-5.625
-1.125
0.5
-13.375
-19.125
-3.125
8.25
4.375
4.375
13.375
26.625
27.5
15.125
6.75
5.875
4
-2.75
-13.25
-15.875
-1.875
14.125
11.75
-2.875
-10.875
-10.875
-7.25
-5.75
-9.75
-8.625
5.5
19.375
17.375
5.875
-5
-10.5
-6.375
-5.625
-16.625
-17.125
-0.625
8.625
5.125
3.125
9.25
22.375
26
15.25
7
7.375
10
10
3.375
-3
1.75
10.625
7.25
-5.875
-11.125
-6.375
-0.375
2.25
-0.625
-2.875
4.625
12.5
7
-5.25
-16.375
-22
-17.25
-13.875
-18.375
-14.125
1.25
8.75
6.875
4.875
7.75
16
22
17.5
12.125
13.75
17.75
19.75
15
6.125
2.375
3.75
2.125
-2.875
-3.25
1.875
6.75
8.25
5.375
2.125
3.375
1.5
-8.875
-20.625
-30.5
-33.25
-25
-16.5
-14.875
-11.25
1.125
9.625
4.625
2.25
1.125
4.25
12.375
15.125
13.375
16.25
21.625
24.375
22
16.125
11.625
8.875
5.5
1.875
1
4.375
7.625
7.25
5
1.25
-5.375
-15.125
-24.75
-31.25
-35.5
-33.625
-24.5
-12.75
-6.25
-6.75
1.875
12.875
2.625
-0.875
-3.5
-3.25
4.25
12.5
15.75
19
25
30.25
31
26.375
17.875
8.625
2.625
1.125
2.25
3.875
3.375
1.625
0.75
-2.625
-11.875
-23.5
-32.25
-37.375
-38.25
-30.125
-15.25
0.5
7.75
4
7.75
14.625
2.125
-1.125
-5.875
-9.125
-4.125
5.875
13.625
19.75
24.75
27.75
28.875
27.25
22.5
15.375
8.25
4.375
3
2.25
0.75
-2.125
-4
-8.125
-20.375
-34.375
-40.5
-38.25
-30.875
-18.25
-3.25
11
17.125
10.25
8.25
12.125
0.625
-2.875
-7
-10
-8.25
-1.25
6.75
13.625
19.125
23.25
26.25
27.25
25.75
21.125
14.125
9.375
7.25
4.625
0
-6.75
-13.25
-21
-31.375
-37.625
-35.625
-27.625
-16.75
-4
8.875
19.625
22.75
14.875
8.5
7.75
1.125
-0.375
-0.125
-1.375
-3.25
-1.625
3
8.375
13.25
17.125
19.75
21.75
23.75
22.625
16.625
10.25
5.125
0
-4.5
-9
-15.125
-23
-29.125
-29.875
-24.125
-13.625
-3.375
6.25
15.75
19.5
16.625
12.25
7.5
3.625
0.875
2
4.75
4.625
1.75
0
1
4.75
9.375
12.125
12.75
13.25
14.75
15.75
14.375
10.375
4.625
-0.625
-4.75
-9
-14.75
-20.875
-22.5
-18
-9.125
0.5
6.5
8.375
7.25
4.5
3.125
2.5
0.125
-0.75
0.625
2.125
7
9.5
8.375
6
4
3.75
6
7.875
7.625
7.625
7.875
7.125
6.375
5.125
2
-1.875
-5.25
-8
-11.25
-12.75
-7.875
0.625
7.125
8.75
4
-2.625
-5.375
-4.75
-3.25
-1.875
-1.5
-1.125
-0.375
1
6
9.5
10.125
9.75
8.375
6.5
6.375
6
3.375
2.125
2.75
2.25
1
-1
-4.125
-6.875
-5.5
-0.5
3.375
7.25
9.875
8.25
3.875
-2.5
-9.375
-12.875
-12.625
-11.125
-8.5
-4.5
-1.625
-0.5
0.75
0.25
2.5
5.5
7.375
8.125
8.75
9.625
9.75
8.5
6
3
0.5
-0.375
0.125
0.625
1.5
2.375
4.375
6.625
4.625
0.875
-1.5
-3.125
-5.625
-9.75
-13.625
-15.5
-15
-11.75
-6.5
-2.25
-0.75
-1.5
1.625
-0.125
0
2.125
4.125
5.375
7.25
9.125
9.625
8.5
6.875
6.875
6.625
4.25
2.25
1.25
0.875
0.375
1.375
3.625
2
-1.5
-3.875
-6.5
-9.625
-12.5
-15
-14.75
-9.75
-3.75
-0.625
0
-0.375
-1.125
39.4444
22.0556
9.72222
6.38889
8.16667
9.27778
9.72222
15.3889
22.7222
25.1667
26.3889
28.3333
28.8889
26.4444
24.6111
25.7778
26.7778
27.2222
27.5
28.1111
26.8333
25.8333
24.4444
27.9444
36.2778
38.7222
36.2778
34.4444
30.1667
21.6111
9.05556
1.83333
21.2222
11.7222
7.11111
8.66667
13.9444
19.1667
22.7222
27.9444
30.8333
29.4444
26.3889
22.1667
16.3333
10.2222
6.44444
4.38889
4.44444
7.22222
11.1667
13.6111
15.8333
19.0556
20.7778
26.7778
37.6111
43.6667
43
38.7222
33.7222
25.2222
12.3333
2.33333
-16.3889
-12.6111
0.333333
11.5
20.7222
29.5
36.1667
36.3333
30
19.4444
8.16667
-3
-12.5556
-17.1111
-18.3333
-17.3889
-13.7778
-8.22222
-2.16667
2.22222
6.83333
11.3889
14.4444
21.7222
29.7778
35.9444
38
34.3889
31.9444
26.1667
18.8889
9.38889
-31.1667
-14.2778
6.77778
21.6667
30.5556
34.1111
32.8889
24
9.55556
-5.33333
-16.6667
-22.7778
-23.6667
-19.6111
-13.8889
-8.33333
-2.72222
2.44444
6.22222
8.11111
10.2778
11.9444
12.2778
8.88889
4.72222
5.83333
9.11111
6.83333
8.16667
15.2778
22
18.4444
-19.2778
0.333333
19.7778
30.6111
31.7778
26.0556
17.1111
5.16667
-6.77778
-13.6667
-12.2778
-4.44444
6.77778
18.9444
29.6111
36.7778
40.0556
40.2778
38.3333
34.9444
30.6667
26.6667
21.1111
9.66667
-4.72222
-10.2222
-7.77778
-7.77778
-5.27778
6.27778
20.7222
22.9444
3.22222
19.7778
28.5
28.1667
19.5556
7.11111
-4
-10.0556
-9.22222
0.611111
18.1111
38.3333
57.0556
71.7222
81.7778
85.8333
84.5556
80.0556
73.4444
65
55.3889
46.6667
36.7778
20.7778
2.55556
-7.83333
-10.0556
-9.83333
-8.94444
0.444444
13.0556
17.7778
12.5
22.2778
21.7778
13.1111
0.833333
-7.66667
-9.05556
-2.22222
13.6111
36.6667
61.4444
81.6667
94.9444
102.222
103.944
102.056
96.8889
90.5
84.3333
76.8889
68.5
59.5556
49.8889
37.8889
23.0556
10.9444
3.33333
0.666667
-2.33333
-2.33333
1.77778
5.61111
12.3889
14.7778
8.11111
-3.16667
-10.3889
-9.22222
1
18.1667
41.1667
63.9444
79.4444
87.3333
87.9444
83.9444
77.7778
73.1111
70.7778
69.3889
68.8333
67.5
64.8333
59.8333
53.6111
46.2778
36.5
25.1111
13.6111
6.33333
-1
-7.83333
-10.7222
-9.83333
6.16667
3.22222
-4.61111
-10.3889
-7.88889
2.77778
19.4444
38.3889
56.6111
68.2778
70.4444
65.8333
56.7778
46.3333
37.3889
33.1111
33.3889
36.1111
40.2778
45.0556
48.8889
49.7222
48.1667
44.8333
39.2778
30.6111
19.6111
9.38889
-1.05556
-11.2222
-17.9444
-20.5556
-2.05556
-6.27778
-10.1667
-7.77778
1.72222
15.5
30.9444
43.9444
50.6111
47.5
37
23.5
10.1667
-0.777778
-6.55556
-6.61111
-2.11111
5.05556
12.8333
22.3333
30.5
35.8333
38.7222
38.7778
36.7222
31.3333
24.1111
15.4444
5.72222
-3.5
-10.7778
-15.4444
-9.61111
-11.5
-9.66667
-1.72222
8.33333
18.2222
25.5556
26.5
18.3889
3.77778
-11.9444
-26.3889
-36.7222
-40.8889
-38.5556
-32.2222
-23.9444
-14.2778
-4.5
6.44444
16.4444
24.1111
29.4444
31.8889
32.2778
30
26.5
20.6667
12.4444
5.11111
-0.555556
-3.66667
-10.7778
-10.1667
-5.22222
2
7.44444
10.1111
7.55556
-2.44444
-20
-39.7222
-56.8333
-69.2222
-74.9444
-73.1111
-64.2222
-52.3333
-39.0556
-26.3333
-14.6667
-3.38889
6.72222
14.9444
20.8333
24.7778
26.2778
26.2222
25.3889
22.2222
17
13.5556
12.7778
13.7222
-4.61111
-3.61111
0.166667
2.94444
2.88889
-1.11111
-11.5556
-28.0556
-48.5556
-66.6667
-79.7222
-86.2222
-85.2222
-77.2778
-63.7222
-49.1111
-34.4444
-22.3333
-12.3889
-4.77778
1.94444
7.88889
11.7222
15.0556
17.0556
18.6667
19.5
18.1111
15.1667
13.5556
14.7222
17.6667
5.11111
4.27778
3.16667
2.83333
0.944444
-3.61111
-14
-27.9444
-42
-53.0556
-59.8889
-61.8889
-58.4444
-51.3889
-41.6667
-31.5556
-22.4444
-16.9444
-13.6111
-12.3333
-11
-8.88889
-6.66667
-2.77778
1.16667
5.5
9.44444
11.1667
11.3889
10.9444
10.9444
10.8889
8.94444
5.83333
4.44444
4.38889
3.94444
1.55556
-4.94444
-13.1667
-20.3333
-25.3333
-28
-28.1667
-25.4444
-22.1111
-19.1111
-16.5
-15.6667
-17.0556
-19.3889
-21.6111
-22.2778
-21.1667
-18.3889
-14.1667
-9
-4.22222
0.333333
3.72222
5.55556
4.77778
2.11111
-0.722222
4.77778
3.16667
3
4.33333
5.61111
5.83333
4.05556
1.22222
-0.666667
-2.22222
-3.33333
-4.16667
-4.66667
-5.88889
-8.61111
-11.3333
-15.4444
-21.1667
-27.5556
-33.1111
-36.5556
-37.9444
-36.7778
-33
-27.2778
-21.2222
-14.8333
-8.55556
-4.11111
-2.55556
-3.05556
-4.55556
-8.33333
-5.72222
0.333333
2.83333
4.5
5.05556
5.11111
4.55556
3.55556
2.66667
1.55556
-0.0555556
-2.88889
-6.66667
-12.5
-20.0556
-28.7778
-37.5
-46.2222
-53.2222
-57.1111
-57.8333
-56.1111
-52.3333
-46
-38.7778
-30.8333
-22.1667
-14.9444
-9.72222
-6
-3.77778
-14.1111
-6.83333
-1.77778
-0.111111
0.5
0.777778
1.83333
2.83333
3.77778
5.44444
7.44444
8.61111
6.27778
1.77778
-5.44444
-16.1111
-29.1111
-43.3333
-57.4444
-70.5
-79.8889
-84.4444
-84.8333
-80.5
-71.3889
-59.1667
-45.9444
-33.1667
-22.5
-13.9444
-7.33333
-3.16667
-12.4444
-6.94444
-3.5
-2.44444
-1.83333
-0.555556
2.66667
6.94444
11.6667
16.6667
20.7222
22.7222
19.1111
11.0556
-0.944444
-17.1111
-34.7222
-51.7778
-65.7222
-75.9444
-80.0556
-77.9444
-71.3333
-61.8889
-51
-39.4444
-29.4444
-21.7778
-15.8889
-11.2222
-7.44444
-5.22222
-6.5
-3.94444
-4.38889
-4.88889
-5.11111
-3.88889
-0.0555556
5.77778
13.1111
20.7222
27.5556
32.8333
32.5556
26.7222
17.6667
6.88889
-3.94444
-13.2778
-18.1111
-19.3333
-16.8889
-12.5556
-7.16667
-2.27778
0.444444
2.22222
1.55556
-0.666667
-2.44444
-4.05556
-4.72222
-5.16667
-1.55556
-3.16667
-4.94444
-6.66667
-7.72222
-6.88889
-2.11111
6.16667
16.5
26.3333
33.9444
39
40.1667
36.8333
31.8889
28.3889
28.2222
32.5
40.5
50.3333
59.7778
66.1111
68.9444
66.2222
57.5556
45.7222
31.6667
18.5
8.83333
2.05556
-1.55556
-3.16667
0.111111
-2.16667
-4.27778
-6.77778
-8.61111
-8.77778
-4.66667
3.55556
14.1111
25.2778
35.1111
43.1111
50.1111
54.6111
58.0556
63.2222
70.7222
81.3333
92.5
102.056
106
103
94.7778
81.1667
63.4444
44.5556
26.8889
14.5
6.66667
1.66667
-0.444444
-0.722222
15.3889
9.27778
3.77778
-0.611111
-4.16667
-5.38889
-1
8.55556
21.2222
34.4444
45.4444
53
59.8333
64.9444
68
70.4444
74.3333
80.3889
85.2778
87.6667
84.2222
76.3333
65.6111
51.7778
36.0556
20.3889
7.77778
2.22222
0.111111
0.166667
2.44444
6.27778
22.7222
15.3333
8.66667
3.33333
-0.666667
-2.94444
-1.22222
4.94444
13.8333
23.5556
32.5556
39.6667
46.6111
52.7222
56
56.4444
55.3333
53.7222
51.7222
47.7222
39.7778
29.6111
18.5
7.16667
-4.05556
-12.3889
-15.4444
-10.7222
-2.94444
6.27778
15.8889
24.7222
33.3889
24.4444
15.1667
6.66667
-0.888889
-6.72222
-10.3333
-10.2222
-7.16667
-2.72222
2.72222
8
13.3889
18.5556
21.8889
22.6111
21.0556
18.1111
14.5556
8.44444
-0.0555556
-9.5
-18.8889
-26.6111
-31.8333
-32.1667
-26.7778
-16
-1.88889
12.3333
24.1667
33.4444
8.33333
5.61111
1.44444
-4
-9.38889
-15.4444
-22.7222
-28.7222
-32.5556
-34.6111
-34
-30.8333
-25.8889
-19.6111
-13.5556
-8.66667
-6.77778
-8
-12.1667
-20.2222
-30.0556
-40.2222
-48.7778
-52.8889
-51.0556
-42.6111
-28.9444
-13.5556
3.88889
19.6111
29.7778
35.6111
-17.2222
-15.3333
-14.8889
-16.0556
-18.8889
-23.5556
-30.8333
-39.3889
-47.3333
-53.3333
-56.8333
-57.6111
-56
-52.7222
-48.7778
-45.4444
-44
-45.2778
-50.5556
-57.8889
-64.7778
-69.6667
-70.3333
-65.3889
-53.9444
-39
-23.0556
-10.5
-0.277778
4.88889
4.27778
1.16667
-49.3889
-43.1111
-36.8889
-31.2222
-27.5
-27
-30.0556
-36.3889
-44.5556
-53.2222
-61.5
-68.2222
-73.1667
-76.3333
-78.2222
-79.6111
-80.7222
-82.7778
-86.7778
-89.7778
-89.5
-84.2222
-73.7778
-59.5
-41.9444
-25.6111
-13.5556
-8.83333
-9.72222
-14.7778
-23.1111
-31.2778
-49.5556
-45.2222
-39.6111
-33
-27.5556
-24.1111
-23.4444
-26.6667
-33.4444
-42.3889
-52.6667
-63.3333
-73.6667
-83.3333
-91.7778
-99.1667
-103.944
-106.222
-105.5
-99.6667
-88.0556
-71.3889
-52.0556
-33.3889
-18.2778
-9.94444
-9.66667
-17
-29.5
-43.5
-56.4444
-66.3333
-33.2778
-32.1111
-29.6667
-26
-21.9444
-18.2222
-15.7778
-15.3889
-17.6667
-23.1667
-31.1667
-40.4444
-50.4444
-60.2222
-68.6111
-74.9444
-77.3333
-76.1667
-69.7778
-58.7222
-44.3333
-27.9444
-13.9444
-3.94444
-0.555556
-4.16667
-14.1667
-27.4444
-41
-52.1111
-60.5556
-66.2222
-12.6111
-14.2222
-15.6111
-16.6111
-16.3889
-14.7778
-12.3889
-10.2222
-8.66667
-8.33333
-9.88889
-12.9444
-16.8333
-20.7222
-23.6667
-25.1667
-23.5556
-19.3889
-12.3333
-4.05556
3.61111
8.83333
9.33333
6
-1.94444
-12.5
-23.5556
-32.5556
-38.9444
-42.6111
-43.7778
-43.9444
-1.5
-4
-7.16667
-10.7778
-13.7222
-15.2222
-15.4444
-14.2222
-11.8889
-8.77778
-6.05556
-3.33333
-0.777778
2.05556
5
7.77778
11.2222
14.3889
17.2778
18.3333
16.1667
10.7778
1.77778
-8.94444
-19.1667
-26.8333
-30.5
-30.3889
-27.2222
-22.7778
-18.5556
-15.7778
-46.7778
-23.7222
-4.05556
-2.27778
-3.72222
-1.83333
5.94444
11.6111
14.6111
15.5
14.6111
9.22222
0.777778
-6
-6.61111
-5.44444
-5.22222
-9.22222
-12.7222
-12.7778
-8.38889
-3.38889
0.666667
6.94444
16.6111
17.5
4.5
-11.7778
-11.9444
-1.5
4.5
6.27778
-50
-22.3889
-1.22222
2.33333
2.94444
5.83333
11.0556
11.3889
9.5
6.77778
5.5
1.72222
-0.888889
-3
-1.77778
-1.94444
-3.11111
-6.44444
-9.94444
-9.94444
-7.05556
-3.16667
0.333333
9
23.8333
26.5556
8.55556
-17.9444
-22.2778
-8.55556
3.44444
5.33333
-51.8333
-19.2778
5.33333
11.0556
11.3889
9.94444
8.38889
3.55556
1.33333
0.555556
1.16667
-1.44444
-1.66667
-1.55556
1.33333
1.83333
0.888889
-3
-7.5
-8.44444
-6.38889
-3.16667
-0.222222
8.61111
24.7778
29.0556
11.5556
-19.1667
-27.2778
-14.3889
2.77778
6.61111
-47.3889
-10.0556
14.7778
18.1111
13.5556
6.22222
0.111111
-5
-4.55556
-1.44444
1.55556
1.66667
3.11111
4.16667
6.11111
4.44444
1.83333
-3
-6.33333
-7.66667
-7.16667
-5.72222
-3.94444
5.44444
22.1667
29.9444
14.5556
-17.0556
-30.6111
-20.0556
-0.444444
6.88889
-31.5
2.33333
22.3333
21.1667
11.8889
0.611111
-7.22222
-10.1667
-6.44444
1
8.05556
11.3333
12.2222
9.5
6.94444
3
-0.277778
-3.72222
-6.55556
-8.72222
-10.7778
-10.3333
-7.55556
2.66667
18.1667
26
13.6667
-14.2222
-26.7222
-17.3889
1.83333
6.61111
-8.11111
15.6667
24.7222
20.1667
9.55556
-1.66667
-8.22222
-8.61111
-2.88889
5.05556
13.3333
17.3333
18.2778
14.6111
10.6667
5.83333
0.888889
-3.94444
-8.66667
-12
-15.0556
-15.2222
-12.6667
-2.44444
11.1111
18.3889
8.05556
-13.2778
-21.7222
-12.2222
4.27778
5.22222
5.94444
21.3889
25.3333
18.2222
5.5
-6.44444
-10.9444
-6.55556
4.83333
17.1111
26.1111
28
24.5
17.4444
10.9444
5.5
0.111111
-4.94444
-10.5556
-15.1111
-19.3889
-20.5556
-19.3333
-14.3333
-6.72222
-0.0555556
0
-8.44444
-11.5556
-5
7.22222
6.05556
12.6111
22.3333
21.5556
11.3889
-1.83333
-9.66667
-6.77778
5.5
21.3889
32.7222
36.2222
32
24.9444
17.0556
10.7778
5.44444
0.111111
-5.27778
-11.7222
-17.5
-23.3889
-25.8333
-26.5
-24.2778
-21.0556
-14.8889
-9.5
-8.22222
-7
-1.61111
7.27778
6.27778
17.8333
20.4444
14.1667
2.61111
-6.55556
-5.11111
7
24.1667
38.0556
43.2778
40.7778
33.1667
25
16.6667
9.83333
4.22222
-1.27778
-6.11111
-12.2778
-17.7222
-24.7778
-28.9444
-32.0556
-31.3889
-29.7222
-24.3889
-19.0556
-14.7222
-11.7222
-5.44444
1.27778
2.44444
19.2778
14.8333
7.16667
-0.222222
-1.38889
7.94444
24.0556
39.5
46.8333
44.3889
36.7778
26.9444
18.1667
9.77778
4.22222
2.16667
1.11111
-0.0555556
-5.5
-11.6667
-20.8333
-27.3889
-33.3889
-35.2222
-35.5
-32.3333
-28.3333
-23.3333
-18.1667
-9.94444
-3
-0.555556
14.6111
8.61111
3.22222
1.72222
6.55556
19.2222
34.3333
43.8333
43.0556
32.7778
20.7222
11.7222
8.38889
8.11111
9.33333
11.6667
12.8333
12.0556
5.5
-3.11111
-14.5556
-23.4444
-31.7778
-36.2222
-38.6111
-37.5556
-35.6111
-32.4444
-28
-18.3333
-6.77778
2.33333
8.77778
5.38889
5
7.88889
15
26.7778
37.1111
39
29.8889
14.7222
3.61111
1.33333
6.83333
13.4444
18.2222
21.3333
23.0556
22.1111
15.4444
5.27778
-7.16667
-17.6111
-27.7222
-35
-40.1667
-40.8889
-40.0556
-38.2222
-36.1111
-27.1111
-12
4.05556
5.83333
5.94444
9.5
15.0556
22
30
33
27.3889
12.4444
-3.11111
-9.72222
-3.44444
9.77778
20.9444
27.0556
29.8889
31.4444
30.1111
22.9444
12.1111
-1.27778
-12.5556
-24.2778
-33.3889
-40.2778
-41.8889
-40.3889
-38.7778
-37.7222
-31.4444
-17.1667
0.333333
-0.333333
5.83333
15.9444
22.2778
25.8333
27.6111
24.2222
13.8333
-3.55556
-17.9444
-19.6667
-6.33333
13.2222
28.0556
35.4444
38.2222
38.7778
34.9444
24.6111
11.4444
-0.777778
-9.22222
-17.6667
-26.3333
-34.6111
-38.9444
-38.6667
-38.0556
-38.2778
-35.1667
-22.6111
-4
-2.05556
9.94444
22
26.9444
26.1667
22.2222
14.2778
0.833333
-17.5556
-30.1111
-27.4444
-8.27778
16.3333
34.1111
41.8889
43.3889
42.8889
38.3889
28.1667
15.1667
4.38889
-2.5
-10.1667
-20.3889
-31.7778
-38.8889
-39.5556
-37.9444
-37.5556
-35
-23.3333
-4.05556
-0.777778
13.3889
26
28.7778
23.5
15.0556
4.5
-9.44444
-26.5556
-36
-29.1111
-5.61111
21.6667
40.2222
47.2778
47.4444
45.4444
38.7222
25.8889
10.1111
-1
-5.61111
-9.44444
-17
-27.3889
-34.2222
-34.1667
-31.8889
-31.7778
-31.3333
-21.9444
-3.55556
0.111111
16.2778
29.6667
30.7222
22.2778
11.8333
1.22222
-11.4444
-27.6667
-36.4444
-29.3333
-5.72222
20.7778
38
42.6111
40.3889
35.6667
27.5
14.2222
0.222222
-7
-5.72222
-3.66667
-7.11111
-16.2222
-23.4444
-24.1667
-22.6111
-24.0556
-27.0556
-22.1111
-7.55556
1.77778
18.7222
32.2222
32.5556
22.8333
11.6667
1.27778
-10.6111
-25.8889
-33.8889
-26.2222
-2.94444
20.8333
33.1111
31.5556
25.4444
19.4444
12.8889
1.88889
-8.72222
-11.8889
-5
2.61111
3.38889
-4.05556
-11.8333
-14.2778
-14.7222
-18.1667
-23.8333
-22.3333
-10.3889
3.44444
20.0556
33.3889
34.1111
24.3889
13.4444
4
-5.94444
-19.2222
-27.7778
-23.3889
-5.38889
13.4444
22.2778
18.9444
12.7778
8.05556
3.66667
-4.27778
-11.3889
-9.61111
1.94444
13
13.3333
2.66667
-9.22222
-13.8889
-14
-16.1111
-21.1111
-20
-9
10.2778
23.2778
32.8333
33.3333
24.3333
13.8889
5.72222
-2.55556
-14.2222
-22.6111
-19.4444
-3.05556
13.2222
19.0556
12.3333
5.11111
1.83333
1.83333
-1.66667
-5.77778
-4.55556
4.11111
11.6111
9.83333
-1.22222
-12
-15.7778
-14.8889
-16.3333
-19.9444
-17.7222
-6.83333
11.3333
20.5
30.1667
31.8889
23.8333
14.3333
8.44444
4.61111
-2.16667
-9
-9.05556
0.666667
10.6111
13.1667
6.77778
1.5
-0.111111
0.388889
-3.38889
-8.44444
-8.66667
-1.11111
6.61111
6
-3.44444
-13.3889
-16.8889
-16.1667
-16.8333
-18.8333
-15.1111
-4.38889
11
18.2778
26.6111
29.6667
24.8333
18.6667
15.6667
14.5556
10.6667
4.5
1.44444
4.77778
8.44444
7.27778
0.0555556
-5.33333
-6.61111
-5
-5.5
-6.61111
-4.55556
1.44444
5.55556
1.61111
-9.44444
-20.1111
-24
-21.6111
-19.5556
-18
-13
-2.27778
7.05556
10.9444
17.3333
22.1667
22.0556
20.7222
21.3333
23.3333
22.5556
18
13.3333
11.6667
9.83333
4.94444
-2.55556
-6.55556
-5.33333
-1.83333
-0.166667
-0.666667
-0.666667
-0.777778
-3.38889
-11.8889
-23.6111
-32.8333
-34.2222
-27.4444
-20.4444
-14.7222
-9
0.722222
3.27778
4.66667
9.22222
15.4444
19.1111
21.7222
24.8889
28.8333
30.6111
27.7778
22.1111
16.2222
10.7222
5.05556
0.444444
-0.555556
2
5.05556
6.05556
3.94444
0
-7.05556
-16.3889
-28.8333
-39.7222
-44.5
-39.2222
-25.6111
-13.1667
-4.38889
0.888889
7.61111
0.388889
-1
1.16667
6.66667
12.3333
17.7222
23.7778
29.8889
34.0556
33.9444
30.6111
25.5556
19.9444
13.4444
8.11111
5.5
5.83333
6.44444
4.88889
-0.333333
-9.5
-22.5
-35.3333
-44.8333
-47.3889
-42.7222
-32
-16.7778
-4.55556
3.88889
7.38889
10.6667
-0.333333
-3.05556
-3.11111
1.22222
7.61111
15.1111
23.1667
31.1667
37.6667
39.7222
37.1111
30.0556
22.2222
15.0556
11.3333
8.88889
6.77778
2.22222
-4.27778
-12.8889
-22.9444
-33.6667
-41.7778
-44.8889
-41.8333
-33.5
-21.2778
-5.55556
6.44444
13.2778
12.6667
11.7222
0.555556
-1.44444
-2.88889
-0.0555556
5.66667
13.5556
21.0556
27.3889
31.7778
33.8889
33.7222
30.6111
25
17.7222
11.2222
5.55556
0.666667
-4.5
-9.88889
-16.2222
-23.8889
-32.3333
-37.8889
-38.1667
-32.3889
-22.5556
-10.1667
3.83333
13.0556
16.2222
12.8333
10.5
-1.05556
-1.66667
-2.11111
-0.444444
3.27778
9
15.0556
20.7222
24.7778
27.1111
27.6111
26.3333
22.9444
17.4444
11.2222
5.27778
-0.0555556
-5
-10.1111
-16.1111
-22.9444
-29
-30.8889
-27.9444
-20.9444
-12.2778
-3.11111
5.72222
11.1667
12.8889
10.7778
8.72222
0.888889
2.22222
3.05556
4.22222
5
7.55556
11
15.3333
18.7778
21.0556
21.6667
20.7778
18.3333
14.2222
9.44444
4.5
-0.166667
-4.77778
-9.72222
-15.1111
-19.8333
-22.1667
-20.5
-16.1667
-11.0556
-6.5
-2.33333
2.44444
6.38889
9.05556
8.55556
6.66667
2.61111
4.55556
5.66667
6.33333
6.27778
7.77778
10.1111
12.8333
14.3333
14.9444
15.0556
15
14
11.4444
7.5
2.61111
-1.44444
-4.83333
-6.88889
-9.38889
-11.2222
-12.6111
-12.3889
-11.0556
-9
-6.94444
-5.16667
-3
-0.666667
1.22222
1.33333
0.444444
3.72222
6.44444
8.05556
8.94444
8.61111
9.55556
11.0556
12.6667
12.7778
12
10.8889
10.3889
9.61111
8.5
6.44444
3.83333
1.66667
-0.5
-3
-7.38889
-11.1667
-12.3889
-10.2222
-7.33333
-6.05556
-6.61111
-7.33333
-6.66667
-5.05556
-3.16667
-2.33333
-1.61111
2.83333
5.55556
8.05556
9.55556
9.61111
10
10.5556
11.1111
10.3333
9.22222
8.05556
7.88889
6.88889
5.27778
2.22222
-1
-2.66667
-2.61111
-1.05556
-1.22222
-2.05556
-3.22222
-3.33333
-4.38889
-6.83333
-10.1667
-11.9444
-11.7222
-9.88889
-7.44444
-4.88889
-2.44444
18
14.7813
16.3125
19.6875
23.6875
27.5313
28.5625
27.0625
24.7813
20.9688
16.125
12.375
9.4375
6.40625
5.90625
9
11.8125
14.125
16.5625
18.8125
21.375
27.1875
34.8125
38.1875
37.6875
34.75
33
32.875
31.75
24.2813
1.3125
7.71875
18.1875
25.1875
29.4688
30.4688
28.7188
24
17.75
10.6563
4.0625
-0.40625
-2.9375
-3.1875
-0.28125
5.1875
10.125
13.6563
16.8438
19.1875
21.1875
26.4063
31.2188
33.75
34.2188
31.4688
29.375
29.5625
29.4375
22.1563
-4.5625
9.9375
22.5
27.6563
27.7813
24.75
20.1563
15.1875
9.78125
4.90625
2.9375
4.125
7.28125
11.7813
17.5938
22.3125
24.9063
25.6563
25.875
25.6875
24.6875
22.3438
18.9063
17.75
18.4375
16.625
16.0313
18
20.1563
19.4688
-0.15625
14.25
23.4375
24.875
22.1875
18.3438
15.0625
12.3438
10.7813
12.1563
17.5625
25.5313
33.7188
41.1875
46.9063
50.0938
50.8438
49.2813
46.3438
42.7813
37.75
28.4063
16.7813
10.4688
9.375
7.375
6.78125
8.125
10.25
13.0313
3.09375
12.9375
17.5313
16.8438
14.1563
11.7813
12.1563
14.9688
21.4688
32.2188
45.4375
58.75
69.9063
78.3438
83.1875
84.6875
83.25
79.125
73.125
65.8125
56.6563
43.4688
27.75
17
11.2188
7.375
3.3125
0.84375
0.5
3.1875
7.65625
12.625
12.0313
10.0313
8.8125
11.125
17.9063
28.625
43.1875
60.0625
75.8438
88.6875
97.625
102.25
102.938
100.531
95.8438
89.8438
83.3438
76.1563
67.4375
54.3438
38.6875
25.8125
16.6875
10.6875
4.75
0.125
-2.5
-0.65625
6.375
6.78125
5.75
6.3125
10.3438
18.9063
31.1563
44.7813
59.625
74.25
84.8125
90.5938
92
90.4375
87.2813
84.4688
82.4063
80.2188
77.6563
74.0938
69.0313
61.2188
50.3125
38.7188
27.7813
18.9063
9.6875
1.25
-5.09375
-8.65625
-1.65625
-0.4375
1.65625
6.84375
15.4688
26.2188
38.0938
49.125
59.0313
65.875
67.3438
64.1563
58.5
53.5
50.5
50.5313
52.5
55.375
58.1875
59.8125
60.125
58.1875
53.1563
45.1875
35.1875
25.0938
13.75
3.125
-5.46875
-11.7188
-5.71875
-2.40625
2.25
8.75
16.625
24.3125
30.6563
34.7813
35.7813
32.4063
25.5938
16.9688
9.125
4.875
5.34375
9.65625
16.25
24.5313
32.5313
39.375
44.75
47.5
47.125
43.625
37.8125
29.3438
19.5938
10.6563
3.25
-1.65625
-6.46875
-2.6875
2.34375
7.75
12.5
14.9063
13.2188
8.3125
0.28125
-10.5313
-21.4063
-30.75
-36.8125
-37.2813
-31.4688
-22.25
-10.9688
1.46875
12.9063
22.8438
30.9375
36.1875
38.4063
38.5625
36.4063
30.375
21.875
13.75
7.4375
3.53125
-4.9375
-1.5625
2.0625
4.75
4.6875
0.4375
-8.9375
-21
-34.5313
-48.1875
-59.2188
-66.5
-68.375
-63.75
-52.9063
-39.875
-26.4375
-13.0938
-0.875
9.84375
18.4063
24.3125
27.5313
29.5
30.2813
27.8125
22.4063
17.0938
13.375
12
2.625
2.6875
1.5
-0.3125
-5.40625
-14.3438
-27.625
-42.4688
-56.9688
-68.9063
-76.3125
-78.8125
-75.5313
-67.125
-54.5313
-42.125
-30.6563
-20.6563
-11.5625
-3.40625
3.21875
8.28125
11.7188
15.1875
18.9688
20.875
19.875
18.2188
17.4063
18.0938
6.125
3.34375
0.6875
-2.03125
-7.34375
-15.25
-26.625
-39.2813
-50.6875
-58.5313
-62.5313
-63.25
-59.8125
-53.2813
-44.75
-36.9375
-29.9063
-24.375
-18.9375
-13.2813
-8.1875
-3.71875
-0.09375
3.96875
8.59375
12.3438
13.3438
12.5313
11.5938
10.6875
6.9375
4.3125
2.03125
0.09375
-3.625
-9.46875
-17.3125
-26.25
-33.9063
-38.5625
-41.0938
-41.8438
-39.7813
-36.1563
-32.3438
-29.25
-27.7188
-27.75
-27.2813
-25.9375
-24.4688
-22.5625
-19.875
-16.4375
-10.9375
-4.6875
-0.4375
1.46875
2.28125
2.34375
5.40625
3.625
2.15625
1.34375
-0.25
-3.09375
-6.96875
-11.625
-15.5313
-17.9375
-19.6875
-21.0938
-22.375
-24.1563
-27.3438
-32.1875
-38.625
-45.5625
-50.8438
-53.9063
-54.5938
-52.9688
-49.0625
-42.9063
-33.9063
-23.6563
-15.375
-9.84375
-6.1875
-4.21875
-4.125
-2.40625
0.84375
2.21875
3.09375
3.5
3.375
3
2.8125
2.8125
1.4375
-1.6875
-7.03125
-14.4375
-23.7188
-34.2188
-45.9063
-57.0625
-65.4063
-70.2813
-71.5625
-69.2813
-64.1563
-56.8438
-46.9688
-35.875
-26.2813
-19.125
-13.875
-10.75
-8.75
-3.9375
-0.375
1.46875
3.78125
6.3125
9
11.3125
13.1875
14
12.25
8.40625
1.34375
-8.5625
-20.4688
-33.6563
-47.9063
-61.2188
-70.5938
-76.2813
-78.1875
-76.2188
-71.2188
-63.7813
-53.4063
-41.7813
-31.5938
-23.2813
-16.75
-11.9688
-9.71875
-6.09375
-3.46875
-2.34375
-0.125
3.59375
7.75
11.875
15.6875
18.4063
18.3125
15.6563
8.6875
-1.84375
-14.0625
-27.1563
-39.9375
-51.1875
-58.2188
-61.5625
-60.75
-56.5313
-50.6563
-43.375
-35.5938
-28.0625
-21.5625
-16.0313
-11.6875
-8.75
-9.65625
-7.21875
-5.71875
-5.21875
-2.84375
2.71875
10.1563
17.9063
25.1563
31.25
34.7188
35.2813
32.125
25.375
17.0625
9.1875
2.71875
-2.34375
-4.4375
-4.375
-2.84375
-0.46875
1.25
1.6875
0.5625
-1.15625
-2.46875
-3.375
-4.21875
-5.03125
-6.0625
-5.28125
-5.46875
-4.84375
-1.75
4.90625
14.9375
25.1563
33.9063
40.7188
45.7813
49.125
50
48.1563
44.875
42.8125
43.4063
45.8125
48.6875
50.625
51.2188
49.7188
45.6875
39.125
29.8438
20.3438
12.5313
6.40625
1.625
-1.40625
3.375
0.15625
-2.375
-3.75
-3.09375
1.28125
10.375
21.4063
31.5625
40.5625
49.125
56.5938
62.5625
66.5
68.5625
71.1875
76.0625
81.5625
84.2813
83.875
80.6875
74.4063
65.5938
54.125
39.2813
25.875
16
8.96875
4.78125
2.90625
9.0625
4.59375
0.84375
-1.5625
-1.6875
1.84375
11.0625
23.2813
34.5625
44
53.5313
62.4375
70.5313
76.3125
79.125
81.4688
85.4063
89.5
89.625
85.8125
78.1563
67.625
55.7188
42.6875
28.4375
17.7813
11.5938
8.875
9.25
12.2813
15.2813
9.46875
4.875
1.28125
-1.09375
-1.40625
3.09375
11.3438
20
27.625
35.5
43.375
50.8438
56.8438
60.0938
61.6563
63.3125
63.9688
60.0313
52
41.3438
29.625
18.75
9.28125
0.5
-3.53125
-2.625
1.46875
7.875
15.5625
16.375
9
2.21875
-4.15625
-10.0313
-14.5
-15.7813
-13.0625
-8.125
-2.59375
3.875
10.9688
18.1563
24.3438
27.9375
28.6875
27.2188
22.9063
14.8125
4.28125
-6.90625
-16.7813
-23.5
-26.7813
-26.9688
-21.9688
-12.3438
-0.84375
10.8125
21.5625
-3.78125
-7.59375
-11.4688
-15.8125
-20.375
-25.1875
-29.5313
-31.75
-31.75
-30.6875
-28.5938
-25.5625
-22.3125
-19.7188
-18.5
-19.3438
-22.75
-28.4688
-35.7188
-43.375
-49.5625
-52.7813
-52.3438
-48.1563
-40.0313
-29.4063
-16.0625
-2.21875
9.15625
18.25
-20.0625
-21.1563
-22.75
-25.1563
-28.9063
-34.4063
-41.6875
-48.9063
-54.625
-58.5
-60.9375
-62.2188
-62.75
-62.5313
-62.0313
-62.2188
-64.4063
-68.25
-72.375
-75.2188
-75.1563
-71.5938
-64.7188
-55.6875
-44.7813
-34.2188
-23.3438
-14.5
-9.59375
-8.09375
-39.0625
-36.7188
-35.5
-35.2188
-36.25
-39.5
-45.5313
-53.3438
-61.5938
-69.2813
-75.7188
-81.0313
-85.4063
-88.8438
-91.2813
-93.2188
-95.3125
-96.6875
-95.75
-91.5938
-84.0313
-73.7188
-62.0938
-50.4688
-38.875
-30
-23.875
-21.3125
-23.2188
-27.6875
-47.2813
-42.9688
-39.2813
-36.1563
-34.2188
-34.625
-38.125
-44.25
-52.375
-61.3438
-70.3125
-79.25
-87.9063
-95.7188
-101.156
-104.344
-104.5
-101.188
-94.25
-83.9688
-71.2813
-57.5938
-45.0938
-35
-28.4375
-27.1563
-29.9063
-35.625
-43.7813
-52.4375
-35.9375
-33.6563
-31.2813
-29.0313
-27.4063
-26.7188
-27.625
-30.8125
-36.3125
-43.0938
-50.5625
-58.0938
-64.8438
-70.3438
-73.4688
-74
-71.3438
-65.9375
-58.1875
-48.7813
-39.5
-31.25
-25.5938
-23.0625
-24.3125
-28.6563
-35.7188
-44.5625
-53.8125
-62.7188
-25.4688
-25
-24.3125
-23.7188
-23.2813
-22.8125
-22.5313
-22.875
-24.4063
-27.1563
-30.875
-34.8125
-38.3438
-41.3125
-42.8125
-43.0625
-41.0625
-37.0938
-31.625
-25.9688
-21.375
-18.3438
-18.0313
-19.6563
-23.125
-27.875
-33.8125
-39.5938
-44.5
-48.1563
-26.75
-6.34375
6.875
10.875
9.0625
5.84375
4.125
3.875
4.46875
5.03125
4.375
0.6875
-2.3125
-3.65625
-5.21875
-5.4375
-6.875
-9
-8.8125
-7.25
-3.25
4.25
14
18.6875
16
7
-5.75
-11.5
-7.5
1.15625
-21
0.84375
11.75
12.0625
6.34375
0.84375
-1.21875
-1.3125
0.3125
2.40625
3.8125
4.34375
4.625
4.8125
2.46875
-0.625
-4.875
-9.21875
-10.2188
-9.625
-6.3125
0.84375
11.2188
17.4375
16.2813
7.96875
-5.0625
-11.875
-9.0625
-0.96875
-14.25
5.75
13.3125
10.3438
2.21875
-3.6875
-3.96875
-1.3125
4.46875
10.0313
13
14.3125
12.5313
9.59375
4.78125
-1.125
-7.21875
-12.2188
-14.0625
-14.0625
-10.875
-4.15625
6.59375
13.8125
14
7.125
-5.65625
-12.25
-9.90625
-2.59375
-8.21875
8.8125
12.4375
6.875
-1.1875
-4.78125
-1.3125
5.90625
14.9063
20.7813
22.125
20.0313
14.5938
8.8125
2.90625
-3.09375
-9.03125
-13.4688
-16.2813
-17.5313
-15.75
-10.0313
0.84375
8.53125
10.25
4.4375
-7.90625
-13.375
-10.6875
-4.15625
-0.65625
11.5625
11.9688
5.96875
-0.28125
-0.46875
5.90625
14.2813
22.2188
25.2188
23.4375
19.375
13.0313
7.71875
3.25
-1.5625
-6.5
-11.875
-16.6875
-20.1875
-20.6563
-15.4688
-5.25
2.1875
4.28125
-1.8125
-12.75
-16.4688
-12.4375
-4.6875
8.71875
15.625
13.7813
9.28125
5.9375
7.3125
13.1563
18.875
23.375
25.0625
22.7188
19.8125
15.3125
10.5
6.3125
1.34375
-4.28125
-10.4688
-16.5313
-21.9688
-24.25
-20.6563
-12.75
-6
-3.5
-9.125
-16.875
-18.3125
-13.25
-4.53125
15.25
18.3438
15.8125
11.75
9.03125
10.6563
16.5938
23.2813
28.9375
31.1875
28.875
24.4688
17.9375
11.5
6.03125
0.78125
-4.59375
-10.4688
-16.6563
-22.9688
-27.0938
-28.2188
-25.125
-20.5938
-17.2813
-16.8438
-17.4375
-15.0625
-9.78125
-3.34375
18.5938
18.875
15.4688
11.9063
11.4688
15.9063
23.7188
30.625
34.4063
33.5625
28.8438
23.5313
17.5
12.6875
8.6875
4.34375
-0.8125
-7.375
-14.9375
-23
-29.4375
-34.1875
-35.0938
-32.9375
-29.375
-25.5313
-21.375
-16.3125
-10.8438
-5.34375
19.0938
16.0313
12
10.3125
13.375
20.625
28.9063
34.0938
35.0313
32.6563
28.6563
25.5313
22
18.875
15.5313
10.9063
5
-2.59375
-11.8438
-21.8125
-30.25
-37.4375
-40.875
-40.75
-38.5
-34.0938
-29.0938
-22.6563
-14.9375
-7.59375
16.6563
12.625
10.4063
11.9375
18.125
26.4063
33.2813
35.375
33.3438
29.4688
25.9063
24.3125
22.6875
21.5313
20.1563
17.1875
12.4063
4.84375
-5.59375
-17.0938
-27.4375
-36.75
-42.8438
-45.5
-45.5938
-42.5
-37.25
-29.3125
-19.3125
-9.34375
13.3125
11.4375
12.5625
17
24.5625
31.6875
34.25
30.75
23.4688
16.875
14.5938
17.3125
21.9375
26.4375
29.0938
28.4375
23.75
15.0313
2.6875
-11.2813
-23.9688
-35.3125
-43.4063
-48
-49.7813
-48.5625
-44.9063
-37.5313
-27.0625
-15
9.3125
12.4375
18.4375
24.1875
29.8438
31.9688
28.0625
18.4688
8.03125
2.59375
5.0625
14.375
24.7813
33.0625
37.4063
36.5625
30.7813
20.5938
7
-7.21875
-19.5313
-30.4063
-38.7813
-44.75
-48.4688
-49.8125
-48.9375
-43.5313
-33.9688
-20.6563
9.9375
17.5313
24.75
29.5938
31.4063
27.25
17.25
3.59375
-7.1875
-9.15625
-0.65625
14.25
28.4375
38.4063
42.375
41.1875
35.5938
26.4375
14.3125
1.28125
-10.625
-22.8438
-33.5938
-42.3438
-48.2813
-50.7813
-50.4688
-45.4688
-36.7188
-23.5625
14.25
23.375
30.0313
31.9688
28.9375
19.4688
5.1875
-10.4375
-19.9688
-18.125
-4.40625
15.4688
33.0313
44.7813
49.1563
47.125
39.9688
28.75
14.8438
1.375
-9.84375
-20.75
-30.375
-38.75
-44.1875
-46.4375
-46.8125
-42.9688
-36.4688
-25.2188
17.7813
27.875
33.1563
31.6563
24.0625
10.5313
-6.46875
-22.625
-30.5313
-25.4375
-7.6875
15.7188
35.25
46.9688
50.0313
45.5625
36.125
23.75
10.2813
-0.40625
-7.46875
-14.0313
-20.8125
-28.2188
-33.7188
-37.0313
-38.9375
-36.6563
-32.3125
-22.9063
20
30.2188
33.6563
29.0938
18.3438
3.0625
-13.75
-27.8125
-32.3125
-23.75
-3.75
19.625
36.7188
43.9375
42.8438
35.4688
24.8438
13.5625
2.84375
-3.46875
-5.375
-6.65625
-10.0938
-16.4688
-22.2813
-27.5625
-31.5938
-31.0625
-28.625
-20.5625
21.9375
32.4375
35.125
29.3438
18.4688
4
-11.0625
-23.5625
-28.1875
-21.5
-5
14.5313
28.4688
33.4375
31.7813
25.1563
16.2188
7.65625
0.59375
-1.65625
0.1875
1.59375
-1.65625
-9.65625
-17.5313
-24.7188
-29.3438
-29.0938
-27.8125
-21.4688
23.2188
33.2813
35.9688
29.9063
19
5.46875
-8.875
-20.5
-24.5
-18.4063
-3.5625
13.7188
24.6875
27.2188
24.6875
18.6563
11.75
5.375
0.21875
-1.25
0.8125
2.46875
-0.78125
-8.4375
-16.1563
-23.3125
-27.875
-28.0313
-27.375
-22
22.5938
32.3438
35.4063
29.9063
20.4063
9.28125
-1.96875
-10.7188
-14.1563
-10.5
-0.34375
11.7188
19
19.9375
17.375
12.375
6.71875
1.65625
-2.0625
-2.5
0.40625
2.53125
-1
-9.0625
-17.5
-24.9688
-28.7813
-27.8125
-25.5938
-19.4063
25.4375
32.7813
34.8438
31.2188
24.4375
16.5938
8
0.84375
-3.03125
-2.15625
3.40625
10.25
13.6875
12.5313
9.625
6
2.40625
0
-1.8125
-2.25
-0.78125
-1.40625
-7.1875
-15.75
-23.6563
-28.7813
-29.7813
-26.7813
-22.375
-15.9688
20.6875
25.8438
29.3125
28.625
25.7813
21.9688
16.875
12.1563
8.5625
7.5
9.0625
11.0938
10.875
7.8125
4.4375
1.125
-1.9375
-4.3125
-6.46875
-7.5625
-7.3125
-8.59375
-13.9063
-21
-26.6563
-28.625
-27.0625
-22.4063
-16.5313
-10.7188
14.625
19.4688
23.9688
25.875
26.4375
26.2188
24.5625
22.5938
20.125
17.8125
16.0313
13.5625
9.03125
3.0625
-1.6875
-4.96875
-6.34375
-6.625
-7.0625
-7.6875
-9.15625
-12.75
-19.8438
-26.9375
-30.75
-29.4688
-23.8438
-16
-8.0625
-2.03125
8.96875
12.4063
16.9375
20.6563
24.4688
28.2813
30.5938
31.7188
30.875
28.0625
24.0625
18.6875
11.7813
4.71875
-0.09375
-2.40625
-3
-3.71875
-6.15625
-10.9375
-17.4063
-24.5625
-32.5
-37.2813
-37.125
-31.7188
-22.375
-12.4688
-3.375
2.5625
5.6875
7.5625
11.7813
16.4688
22.0938
28.5
33.4688
36.6875
36.875
33.6563
28.4375
22.4063
16.1563
11.0938
7.75
5.25
2.40625
-2.34375
-9.25
-18.0938
-27.0938
-34.8438
-41.0625
-42.4688
-38.7813
-29.9063
-17.9063
-6.84375
2.3125
6.9375
4.21875
5.28125
8.90625
13.625
19.1875
26.0625
31.9688
36.375
38.4375
37.1875
33.6563
28.25
21.4375
15.0313
9.375
4.78125
0.5625
-5.21875
-12.9063
-22.5625
-32
-39.1563
-42.7813
-40.5313
-33.8438
-23.2188
-11.5
-2.09375
5.34375
8.5625
3
4.09375
7.5
12.5313
18.4688
25.5938
32.3125
37.0313
38.625
36.5
31.5
24.9688
18.375
12.6563
7.34375
2.65625
-2.46875
-8.75
-15.9375
-23.9688
-31.0313
-35.8438
-37.2188
-34.25
-28.2188
-18.8438
-9.21875
-1.3125
5.40625
7.96875
2.3125
3.40625
6.8125
11.9063
17.5625
23.625
28.9063
32.4063
33.5313
31.9688
27.9688
22.3438
16.1563
10.4688
5.03125
0.03125
-4.8125
-10.1875
-15.8125
-21.4063
-26.2813
-29.4688
-30.4688
-28.4063
-23.9375
-16.25
-7.5625
0
6.46875
8.5
0.03125
1.40625
4.46875
9.15625
14.4063
19.5
23.9375
27
28.3125
27.8438
25.4375
21.125
15.4688
9.46875
3.96875
-0.84375
-4.4375
-7.625
-11.6875
-16.0313
-21.1563
-25.6563
-27.7813
-26.625
-21.9375
-13.8438
-4.84375
2.625
7.90625
9.125
2.6875
3.65625
5.59375
8.78125
12.6563
17.0313
20.875
23.5
24.6875
24.3438
22.75
20.0313
16.0938
11.5938
7.46875
3.3125
-1.03125
-6.125
-12.9375
-19.9063
-25.375
-27.875
-26.7813
-22.25
-15.75
-8.53125
-1.34375
4.0625
6.9375
7.46875
4.46875
5.1875
6.1875
7.84375
10.3438
13.4375
16.4688
18.8125
19.9063
20.2188
19.75
17.9375
15.0313
10.75
6.0625
1.4375
-3.5
-8.34375
-13.8125
-18.6563
-21.0625
-20.8438
-18.0938
-13.7188
-9.5625
-6
-2.75
-0.59375
0.5625
0.96875
-4.95833
-3.91667
-3.91667
-4.29167
-4.33333
-6
-7.41667
-9.625
-9.83333
-12
-13.9167
-12.7083
-8.33333
-2.625
1.70833
8.91667
12.9167
12.7083
10.4167
9.29167
6.91667
2.25
0.75
-2.25
-6.54167
-10.5
-11.5833
-9.16667
-7.16667
-4.08333
-0.333333
4.08333
34.2083
23.5833
10.125
3.45833
-0.583333
-6.70833
-13.5833
-13.0833
-8.20833
-1.20833
7.75
19
28.25
31.125
32.4167
30.375
26.5833
21.9583
18.0417
15.75
11.9583
9.75
6.20833
0.125
-3.125
-6.45833
-8.66667
-8.16667
-9.16667
-6.16667
-4.79167
-2.70833
34.0833
20.6667
6.375
-2.33333
-6.54167
-7.95833
-7.54167
-0.375
9.45833
18.875
26.0833
29.0417
27.2083
21.125
15.25
10.2083
6.875
5.875
5.83333
5.04167
4.29167
4.95833
4.66667
8.625
15.25
17.9167
16.5
15.1667
11.7083
3.375
-6.16667
-9.66667
-9.29167
-14
-14.2917
-13.9583
-10.625
-2.16667
8.75
16.2083
20.5833
20
14.4167
3.625
-8.25
-15.5
-20.7083
-22.4167
-21.75
-19.0417
-15.375
-12.375
-8.41667
-5.20833
-0.541667
11.375
24.0833
30.0833
29.25
28
25.2083
13
-0.5
-6.5
-24.5
-21.9583
-13.9167
-5.375
3.75
12.625
18.9167
18.0833
10.75
-0.916667
-15.0833
-27.6667
-36.7083
-41.625
-44.125
-44.625
-42.4167
-38.7917
-33.9583
-28.0417
-21.4167
-16.1667
-10.8333
-6.08333
-1.04167
2.95833
4.79167
3.5
4.875
6.70833
6.16667
3.33333
-7.66667
-4.45833
2.625
10.5417
17.25
18.0833
13.2083
4.29167
-8.75
-23.4167
-36.125
-42.5833
-44.0417
-43.8333
-40.9583
-36.625
-31.0833
-26.375
-23.125
-20.25
-17.875
-15.3333
-14.25
-16.75
-19.5
-17.6667
-13.2083
-13.5
-11.7917
-4.58333
3
2.95833
0.0833333
4.875
10.0417
14.3333
13.4583
6.625
-3.875
-14.875
-24.9167
-31.125
-29.5417
-23.2917
-14.2083
-4.08333
5.25
10.9167
12.125
10.875
7.33333
3
-1.375
-3.58333
-5.91667
-9.58333
-13
-12.375
-8.20833
-4.375
-1.79167
3.29167
8.91667
10.5833
0.791667
6.83333
10.1667
9.29167
1.58333
-7.5
-15.2917
-20.0417
-20.2917
-13.125
0.541667
14.2917
26.25
35.8333
41.0833
40.7083
35.2083
28.4583
22.0417
15.75
9.95833
5.45833
2.625
-0.166667
-3
-4.45833
-2.83333
1.95833
6.45833
11
14.2917
17
5.16667
7.91667
7.08333
0.458333
-7.125
-11.7083
-12.375
-9.20833
-1.04167
10.9167
20.8333
27.9167
31.0833
31
28.2917
25.5417
23.4583
21.125
19.5833
16.7083
13.5417
9.625
6.29167
4.04167
1.125
-1.625
-4.125
-4.41667
-3.91667
-3.875
-2.83333
-0.958333
8.25
6.5
1.20833
-5.79167
-8.20833
-7.375
-3.79167
2.58333
12.1667
20.625
24.25
25.3333
23.9583
20.7083
16.7083
14.3333
14.5417
14.8333
14.7083
13.3333
11.75
9.75
6.75
4.41667
2.29167
0.166667
-3.66667
-6.83333
-9.08333
-10.9583
-10.5833
-9.04167
4.58333
1.625
-3.04167
-4.66667
-2.625
1.75
8.29167
17.2083
26.5417
32.7083
36.1667
37.0833
35.9583
32.4167
27.6667
22.6667
17.9583
14.25
11.0417
9.29167
7.875
6.875
5.95833
4.70833
3.79167
2.20833
0.458333
-1.29167
-2.375
-3.83333
-6
-8.25
-4
-4.625
-4.29167
-0.375
4.83333
11.875
20.75
29.5833
36
38.5
38.5
35.4583
30.2083
23.8333
17.2917
11.9583
6.70833
3.66667
2.375
3.33333
4.20833
4.375
5.29167
4.95833
4.45833
2.875
2
1.125
-0.375
-3.25
-8.58333
-14.4583
-6.25
-5.58333
-2.79167
1.20833
5.08333
8.45833
11.9167
12.6667
9.875
4.75
-1.45833
-7.625
-13.125
-16.125
-16.9583
-15.875
-13.5417
-9.95833
-6.125
-1.95833
1.79167
4.20833
5.91667
6.41667
6.33333
5.54167
4.25
3
0.875
-0.375
-0.666667
0.291667
-5.79167
-4.45833
-1.41667
-1.125
-2.45833
-5.33333
-9.5
-15.3333
-23.125
-29.9583
-34.8333
-36.8333
-36.0417
-32.25
-25.9167
-19.75
-12.5
-5.83333
0
4.83333
9.16667
12.8333
14.25
14.875
13.5833
12.0833
9.75
7.08333
4.875
5.625
10.4583
16.5833
-4
-1.375
-0.333333
-1.79167
-4.33333
-7.125
-11.3333
-15.7083
-19.875
-22.2083
-22.5
-21.125
-18.125
-13.875
-7.95833
-2.41667
3.125
7.95833
12.1667
14.7083
15.625
15.7917
14.3333
12.25
9.75
8
6.83333
5.16667
4.33333
4.375
5
5.16667
9.875
7.75
2.20833
1
0.833333
0.666667
-0.708333
-2.58333
-3.45833
-3.83333
-3.79167
-3.33333
-1.95833
-0.25
1.66667
4.20833
5.75
6.04167
5.70833
4.20833
2.25
0.375
-0.166667
0.25
1.875
3.70833
5.5
5.95833
5.58333
3.625
-0.666667
-4.91667
13.375
6.375
2.33333
2.25
2.95833
3.45833
2.91667
2.08333
1.83333
1.20833
0.416667
0.125
1.08333
1.54167
1.33333
2.08333
2.91667
3.375
4.5
7.25
11.125
14.875
18.9583
22.4583
23.4583
22.0417
18.9167
15.2083
11.0417
6.45833
2.625
0.125
-2.25
-3.125
0.666667
1.75
2.20833
2.125
1.5
0.666667
-0.583333
-2.41667
-4.45833
-6.20833
-6.375
-5.375
-2.91667
1.54167
7.83333
15.5
22.6667
29.6667
34.5
36.375
34.875
30.5
24.2917
17.0417
10.5417
6.375
3.79167
2.25
2.16667
2.70833
-7
-2.41667
0.708333
1.33333
1.375
0.333333
-1.375
-4.20833
-8.20833
-11.9167
-14.9583
-17.5
-18.2917
-15.875
-11.9167
-7.70833
-4.25
-1.875
-2.83333
-7.375
-14.1667
-21.5833
-28.8333
-34.0833
-34.7917
-32.2917
-26.6667
-19.4167
-12.5417
-6.41667
-2.29167
0.166667
-1.25
0.875
1
1.41667
1.41667
1.08333
-0.125
-2.16667
-4.54167
-5.70833
-5.66667
-5.20833
-5.41667
-6
-8.79167
-15.6667
-26.2917
-40.0417
-54.875
-69.2083
-80
-84.9583
-84.0833
-77.2083
-65.375
-50.9167
-36
-23.1667
-13.7917
-7.08333
-3.08333
-1.16667
-1.875
-0.875
0.0833333
1.70833
3.25
5.08333
6.70833
7.91667
9.33333
10.125
10.25
9.58333
5.66667
-1.20833
-10.125
-21.5417
-33.75
-46.25
-55.625
-60.4583
-59.7917
-53.75
-44.3333
-33.0417
-22.3333
-12.875
-6.125
-2.625
-1.33333
-1.20833
-1.16667
-1.16667
-3.25
-2.08333
-1.20833
-0.75
-0.0416667
0.458333
0.25
-0.958333
-3.04167
-6.25
-9.70833
-12.625
-16.5833
-20.75
-23.5
-23.7917
-22.25
-19.0417
-12.9167
-5.20833
4.25
12.5
18.5833
21.9583
22.125
20.5
16.75
11.0417
6.375
2.625
0
-2.125
-9.16667
-7.375
-6.16667
-6.33333
-6.875
-7.70833
-9.33333
-11.1667
-13.2917
-14.7083
-14.9167
-13.7083
-11.5833
-9.25
-5.41667
1.08333
8.79167
17.75
26.125
32.7917
37.5
38.7083
37.2083
33.2917
28.5
23.375
17.625
10.7917
5.70833
1.83333
-1.875
-5.375
-14.25
-11.25
-8.08333
-5.16667
-2.70833
-0.166667
3.83333
8.58333
13.9583
19.3333
23.125
25.2083
26.9583
27.5
27.4583
27.7083
29.3333
32.0833
33.0833
33.875
32.6667
30.5833
28.3333
25.4167
22.2917
17.375
11.3333
5.66667
-0.625
-6.95833
-12.2917
-15.9583
4.25
2.70833
2.5
3.95833
5.83333
8.58333
14.125
20.5417
26.875
32.2083
34.9167
34.7917
33.6667
32
29.0417
24.9583
21.6667
19.125
17.5417
17.6667
17.6667
18.25
19.1667
19.0417
16.2917
10.8333
4.41667
0.541667
-4.83333
-10.25
-12.4167
-12.1667
22.6667
16.5833
11.4167
8
5.91667
5.29167
6.20833
8.83333
11.5833
13.9167
16.25
17.7917
18.2083
18
16.75
14.25
11.375
9.45833
10.9167
13.2083
15.875
18
18.0833
15.25
9.125
3.16667
-1.125
-2.33333
-1.16667
3.375
10.2083
17.0833
25.625
21.625
16.8333
11.375
7.08333
4.08333
1.5
1.16667
2.58333
4.66667
7.95833
12.0417
15.875
19
21.7917
24.7083
26.7083
28.625
30.9583
31.125
28.9167
23.625
15.3333
6.20833
-2.20833
-7.08333
-7.91667
-5.29167
2.41667
12.5417
21.0833
27.125
16.5
16.3333
14.4167
10.5
6.25
2.25
-1.33333
-3.75
-3.58333
-1.33333
2.25
7.08333
13.25
20.2083
27.2917
34.3333
39.4167
41.5
38.7083
31.5417
20.5833
7.29167
-5.20833
-13.5
-16.25
-14.2083
-7.95833
1.16667
11.625
19.2083
23.4167
25.2083
-10.6667
-8.08333
-6.08333
-4.5
-4.25
-5.54167
-7.54167
-10.375
-12.9167
-13.7083
-13
-11.0833
-8
-3.91667
-0.25
1.5
1.29167
-1.5
-7.70833
-15.125
-22.1667
-27.2917
-28.5417
-26.1667
-19.25
-9.66667
1.58333
11.3333
17.7917
20.9167
21.7083
21.375
-22.375
-19.5417
-15.75
-11.3333
-7.91667
-6.20833
-6.41667
-8.25
-12.1667
-16.8333
-21.2917
-25.1667
-28.7917
-32.4167
-35.9167
-39.375
-42.7917
-45.6667
-47.9167
-48.2917
-45.5
-39.1667
-29.5833
-19.5417
-8.83333
0.541667
6.5
6.91667
3.375
-1.54167
-7.20833
-12.0833
-9.5
-8.29167
-6.20833
-3.625
-1.20833
0.708333
1.375
0.583333
-1.66667
-6.04167
-11.5833
-17.7917
-24.25
-31
-37.0417
-41.3333
-44.25
-45.125
-43.5833
-39.2083
-31.625
-21.2917
-9.625
1.5
9.04167
11.375
7.375
-0.416667
-9.875
-19
-26.4167
-31.25
-0.375
-0.791667
-0.875
-0.166667
1.33333
3.20833
5.375
6.79167
7.58333
6.91667
5.04167
1.91667
-1.91667
-5.83333
-9.54167
-13.0833
-14.6667
-14.375
-10.1667
-2.5
6.75
15.7917
21.5417
24.4583
21.5833
13.9167
4.08333
-4.25
-10.2917
-13.75
-14.7917
-14.4167
-22.3333
-21.0417
-3.66667
4.95833
1.04167
-5.5
-6.54167
-2.375
0.416667
-1.125
-0.0416667
6.79167
8.16667
1.375
-2.04167
-1.08333
1.04167
4.20833
2.91667
-2.70833
-5.08333
-2.625
-1.125
-5.375
-9.79167
1
20.5417
13.0833
-14.6667
-13.0833
8.04167
1.20833
-26.2917
-22.5417
-3.75
3.58333
-1.33333
-5.45833
-2.95833
2.41667
3.04167
-0.333333
0.75
4.25
2.25
-1.5
-0.458333
0.75
0.708333
3.33333
3.04167
-2
-4.29167
-1.625
-0.791667
-8.25
-15
0.416667
28.9583
22.2083
-15.7917
-20.7917
5.33333
5.04167
-30.0417
-25.3333
-5.5
2.41667
-0.541667
-0.833333
3.33333
4.625
0.0833333
-2.25
1.58333
2.79167
-0.666667
-2.125
-0.875
-0.291667
1.125
4.25
3.45833
-1.33333
-3.70833
-1.29167
-0.458333
-8.5
-16.375
-1.20833
29.5
26.5417
-11.4167
-23.75
-1.41667
5.95833
-33.7917
-26.875
-4.79167
5.41667
3.125
3.58333
6.25
2.58333
-3.79167
-3.5
0.541667
0.25
-1.75
-1.375
-0.208333
1.20833
3.25
3.45833
1.625
0
-1.29167
-0.833333
-0.791667
-8
-17.4167
-4.66667
27.75
29.625
-5.66667
-23.125
-8
3.875
-31.625
-23.2083
-1.66667
7.875
6.5
6.875
5.66667
-0.666667
-6
-5.66667
-3.20833
-1.79167
1.04167
2.75
1.75
2.125
3.08333
1.95833
1.04167
1.95833
1.33333
-1.29167
-3.20833
-7.70833
-14.9167
-5.16667
22.7917
26.875
-2.875
-22.1667
-9.95833
6.83333
-22.5417
-11.7083
1.25
7.04167
8.125
7.58333
2.58333
-2.95833
-5.375
-6.16667
-4.875
-1.83333
1.70833
3.41667
2.66667
2.875
3.91667
3.375
2.25
2.375
1.875
-0.708333
-3.375
-8
-13.125
-3.16667
18.2917
19.875
-3.04167
-19.3333
-9
9.33333
-14.7917
-7.25
2.41667
8.45833
10.2083
7.25
-0.25
-6.875
-9.54167
-8.375
-3.91667
1.08333
4.79167
5.54167
3.5
2.91667
4
3.75
2.95833
3.375
2.75
-0.333333
-2.54167
-3.45833
-6.375
-5.75
4.16667
10.625
0.333333
-14.0833
-8.83333
9.58333
-10.3333
-4.29167
5.16667
10.6667
9.33333
2.375
-6.41667
-11.7917
-11.4167
-5.375
1.91667
4.79167
5.25
5.33333
3.58333
2.70833
3.95833
4.20833
3.66667
4.375
3.83333
0.583333
-1.5
-1.04167
-2.5
-5.83333
-4.08333
2.33333
1.20833
-9.125
-8.45833
7.25
-5.58333
0.291667
8.58333
10.2083
3.875
-5.58333
-12.5
-12.7083
-7.16667
0.166667
5.08333
5.54167
5.45833
5.75
3.91667
2.91667
3.83333
3.75
3.33333
4.45833
4.79167
2.5
0.0416667
-0.458333
-1.625
-4.875
-4.75
-0.666667
-1.04167
-6.75
-6.45833
3.54167
0.625
4.25
7.20833
4.83333
-2.33333
-10.5
-13.7917
-9.04167
-0.708333
5.125
6.875
5.83333
5.83333
5.83333
2.45833
-0.416667
0.166667
2.20833
4.08333
5.58333
5.875
4.625
2.375
0.541667
-0.583333
-2.95833
-3.91667
-2.33333
-3.58333
-7.08333
-5.58333
2.08333
4.08333
4
3.33333
0.208333
-6.125
-12
-10.9583
-3.29167
5.29167
9.95833
8.54167
3.33333
0.0833333
-0.208333
-1.08333
-2.08333
-0.916667
2.25
5.79167
7.66667
7
5.875
4.58333
2.20833
0.291667
-1.41667
-2.16667
-1.54167
-3.5
-8.45833
-10.125
-3.75
3.375
0.125
-0.291667
-2
-7.16667
-10.25
-6.125
2.83333
10.875
12.125
5.125
-3.54167
-6.04167
-3.54167
-1.95833
-1.91667
-1.16667
1.79167
6.625
9.08333
7.45833
6.5
6.54167
4.45833
1.83333
-0.5
-1.875
-0.625
-1
-8.125
-15.3333
-10.2083
1
-2.83333
-2.66667
-3.41667
-6.29167
-5.79167
-0.0833333
7.79167
13.625
11
-0.583333
-10.5
-10.375
-4.875
-1.70833
-1.625
-1.16667
2.04167
7.125
9.66667
7.91667
7.20833
7.79167
5.91667
2.95833
-0.458333
-2.75
-0.75
1.125
-5.875
-15.7917
-12.4583
-4.79167
-8.33333
-5.29167
-2.5
-1.95833
-0.833333
3.625
10.4167
14.625
8.91667
-5.58333
-15.9583
-13.7917
-6.125
-1.79167
-1.25
-0.5
4.29167
10.25
10.2083
5.66667
4.45833
6.125
6.5
5.08333
1.33333
-2.375
-1.04167
2.875
-2.625
-15.2917
-15.2917
-8.625
-10.875
-6.33333
0.0833333
2.54167
2.75
5.91667
12.1667
14.75
6.41667
-9.625
-20
-16.875
-7.25
-0.833333
0.0833333
-0.125
4.20833
10.4167
9.95833
4.25
2.91667
6.33333
8.625
7.625
3
-2.66667
-2.70833
2.70833
-0.875
-14.875
-17.0833
-10.125
-12.625
-6.16667
3
6.58333
5.29167
6.54167
12.0417
13.4167
3.54167
-12.9167
-22.7083
-18.0833
-6.75
0.0416667
0.833333
1.125
5.79167
12.4583
11.9583
3.75
-0.5
3.45833
8.125
7.5
2.58333
-3
-3.54167
3.20833
1.875
-13.2917
-17.9167
-11.625
-14.5
-6.04167
5.625
9.20833
5.70833
5.41667
11.2083
13.0833
3.20833
-13.0833
-22.625
-17.4167
-5.33333
1.70833
2.70833
2.79167
6.5
12.125
10.25
0.25
-5.25
-0.541667
6.58333
7.70833
3.29167
-2.45833
-3.41667
4.54167
5.33333
-9.875
-16.125
-12.25
-15
-5.95833
6.625
10.3333
5.75
4.75
10.6667
12.5417
2.58333
-13.3333
-22.0833
-15
-0.5
6.08333
4.04167
2.20833
5.125
10.0417
8.04167
-2.75
-9.75
-4.5
4.875
7.54167
4.16667
-0.708333
-2.125
5.41667
7.625
-6.83333
-14.9167
-11.5
-14.7917
-6.41667
6.58333
10.375
5.58333
4
8.54167
11.1667
4.20833
-9.70833
-18.25
-12.0417
1.25
6.58333
3.54167
1
3.25
7.91667
5.5
-6.41667
-13.4583
-5.70833
6.66667
10.8333
7.08333
-0.291667
-3.66667
4.45833
7.83333
-6.16667
-14.3333
-6.875
-11
-6.25
5.91667
10.1667
5.20833
3
6.95833
10.0833
5.04167
-8.29167
-17.4583
-10.2917
4.25
8.58333
3.33333
-1.16667
-0.416667
4.5
4.66667
-4.625
-10.7083
-3.33333
7.41667
10.125
6.20833
-1
-3.91667
3.95833
6.41667
-6.83333
-13.5417
-3.625
-10.25
-7.16667
4.58333
10
4.95833
0.708333
2.66667
6.70833
5.625
-3.875
-11.9167
-6.58333
4.91667
7
1.45833
-1.625
-0.125
4.5
5.54167
-3.04167
-10.375
-4.20833
6.33333
9.16667
5.75
-0.75
-3.625
3.04167
4.54167
-7.54167
-12.4167
-2.625
-7.95833
-6.70833
2
7.20833
3.33333
-0.875
0.416667
4.70833
5.875
-0.0833333
-6.125
-2.70833
5.5
6.75
1.70833
-1.75
-1.41667
1.58333
2.16667
-3.625
-7.25
-0.916667
7.33333
9.625
6.5
-0.875
-5.08333
0
2.25
-7.125
-11.75
-0.416667
-4.625
-6.16667
-1.45833
3
0.916667
-2.58333
-1.91667
2.45833
5.29167
2.45833
-1.20833
1.04167
6.375
6.08333
0.0833333
-3.58333
-2.375
0.375
1.29167
-0.625
-1.04167
3.58333
8.41667
9
5
-2.875
-8.08333
-4.66667
0.0833333
-5.125
-10.875
1.375
-2.375
-5.33333
-3.91667
-0.833333
-1.16667
-3.16667
-3.29167
-0.0416667
4.33333
4.875
2.83333
3.33333
4.875
2.70833
-1.54167
-3.16667
-1.66667
0.583333
2.25
3.41667
5.08333
7.83333
9.16667
7.04167
0.75
-8.16667
-12.3333
-7.625
-1.33333
-3.54167
-7.33333
2.875
0.208333
-3.75
-4.79167
-2.91667
-3.29167
-4.875
-4.33333
-1.75
1.95833
3.66667
3.04167
3.91667
5.125
3.29167
-0.0416667
-1.45833
0
2.16667
4.41667
7.79167
10.125
8.79167
4.16667
-0.833333
-5.29167
-9.70833
-11.3333
-7.83333
-1.75
-1.16667
-3.91667
2.91667
1.83333
-1.58333
-4.75
-4.70833
-4.70833
-5.91667
-5.66667
-3.41667
0.166667
3.875
5.91667
5.70833
3.75
1.5
0.625
1.875
4.08333
5.16667
5.95833
7.5
7.625
4.45833
-0.5
-4.125
-6.83333
-9.875
-11.3333
-8.04167
0
2.95833
-0.791667
1.375
2.125
0.458333
-3.75
-5.41667
-5.04167
-5
-3.95833
-1.91667
-0.583333
0.583333
3.04167
5.25
5
3.79167
3.33333
3.20833
3.5
3.83333
4.25
5.79167
6.375
2.70833
-2.91667
-5.70833
-7.20833
-9.54167
-9.79167
-5.33333
2.41667
4.45833
-0.375
0.375
0.458333
0.416667
-1.875
-3.875
-4
-4.08333
-3.75
-2.08333
-0.583333
0
1.20833
3.375
4.45833
4.16667
3.70833
3.29167
3.25
3.45833
4.16667
5.33333
3.91667
-0.708333
-4.375
-5.375
-6.08333
-6.58333
-5.45833
-2.875
1.08333
2.79167
0.708333
-0.416667
-1.58333
-0.458333
0
-1.125
-2.16667
-2.79167
-3
-2.16667
-0.708333
0.125
0.791667
2.375
3.45833
3.25
3.125
3.16667
3
3.29167
4
3.20833
0.208333
-2.66667
-3.91667
-3.375
-2.29167
-2.91667
-3.66667
-2.45833
-0.708333
0.958333
2.375
-1.25
-1.79167
-0.375
0.416667
-0.291667
-1.45833
-2.16667
-1.75
-0.416667
0.166667
-0.291667
-0.0416667
1.20833
2.33333
3.08333
3.5
2.70833
1.20833
1.33333
1.95833
1.125
0.333333
-0.333333
-1.54167
-1.70833
-0.958333
-1.125
-1.70833
-1.75
-1.04167
0.666667
1.41667
-1.875
-2.29167
-0.583333
0.375
0.0416667
-0.916667
-1.625
-0.916667
0.708333
1.08333
0.291667
0.208333
0.625
1
1.58333
2.04167
1.5
0.625
2.16667
4.16667
2.375
-1.04167
-2.625
-2
0.166667
1.375
0.125
-1.29167
-1.375
-1
-0.416667
0
-1.625
-2.66667
-1.375
-0.0416667
0.0833333
-0.291667
-0.75
-0.333333
1.20833
1.29167
-0.0833333
0.0416667
0.958333
1.54167
2.33333
2.41667
0.708333
-1.625
-1.16667
1.125
1.25
0.0416667
-0.208333
0.958333
2.70833
2.54167
0.208333
-1.25
-1.29167
-1.75
-2.04167
-1.29167
1.53704
-1.25926
0.0925926
3.90741
7.27778
8.83333
10.6296
11.8333
10.5926
6.94444
1.85185
-3.83333
-8.83333
-11.7222
-12.8333
-13.0556
-11.963
-9.55556
-6.03704
1.7037
12.0741
16.7778
15.9815
15
14.0741
12.963
11.8148
10.0185
-3.38889
2.2963
6.51852
8.44444
8.85185
7.59259
4.09259
-2.09259
-11.1296
-21.5556
-31.9815
-40.2037
-44.1481
-44.5926
-42.6111
-39.1667
-34.3889
-28.7593
-21.9815
-10.9074
0.87037
8.2037
11.0556
11.1852
12.5741
13.8519
14.5741
12.8519
0.925926
6.2963
7.31481
5.53704
1.27778
-4.48148
-12.9259
-23.5185
-35.0741
-44.9815
-51.9259
-55.2593
-54.8704
-51.5185
-47.1111
-41.8704
-36.5185
-31.5926
-26.7963
-21.9074
-16.4259
-10.3704
-5.24074
-3.5
-0.37037
3.37037
6.18519
6.44444
5.27778
6.5
4.35185
-0.37037
-6.83333
-13.5926
-20.4815
-27.9815
-33.963
-36.0926
-34.6481
-31.0741
-26.3889
-21.7037
-18.2593
-16.3704
-15.4444
-15.0741
-15.5556
-17.8519
-19.8889
-17.9074
-12.8704
-9.61111
-6.12963
-1.75926
1.64815
3.85185
5.25926
2.44444
-1.74074
-6.74074
-11.9074
-15.7778
-17.7037
-17.7593
-14.5
-7.42593
1.44444
9.61111
15.5
18.8333
19.1111
16.6667
12.7778
8.5
3.24074
-3.98148
-10.7037
-13.2037
-11.7593
-8.96296
-6.03704
-2.25926
0.648148
3.37037
1.01852
-2.05556
-4.85185
-7.18519
-7.35185
-5.12963
-0.351852
6.68519
16.4444
27.4444
37.2037
44.4259
48.037
47.5
43.8889
37.4815
30.4815
24.0741
17.4259
10.3704
3.11111
-2.31481
-4.92593
-4.68519
-3.44444
-1.90741
-0.611111
0.981481
-1.11111
-1.90741
-1.75926
0.851852
6.27778
13.1481
20.5926
30.0741
40.2778
48.7037
54.2037
56.4444
54.9444
50.3704
44.6667
38.5926
32.4259
26.7963
21.3889
16.3889
10.963
5.38889
0.240741
-2.42593
-3.44444
-4.05556
-4.33333
-4.72222
0.462963
2.40741
6.05556
12.5
20.8889
29.7778
38.4259
47.2222
54.0926
57.4259
57.2037
54.2963
48.963
42.5
36.4074
31.1481
26.2407
21.9815
18.2593
15.3148
12.2593
8.46296
3.5
-0.611111
-3.90741
-7
-9.57407
-12.0741
2.22222
6.88889
13
20.5
28.2593
35.6481
42.0185
46.9074
48.3704
46.3889
41.7778
35.6481
28.7963
22.9815
18.7222
16.5185
14.7222
13.1667
12.2963
11.8333
11.1111
9.96296
7.12963
3.87037
0.111111
-3.37037
-6.7037
-10.0741
0.907407
6.03704
10.7963
14.4444
17.0926
19.8148
22.1481
22.1481
19.5556
15.4815
10.8519
6.40741
3.5
2.90741
3.64815
5.75926
8.16667
10.1667
12.037
13.4259
14.2407
14.4259
12.963
10.2963
6.12963
2.33333
-0.592593
-2.46296
-1.57407
0.851852
1.90741
0.981481
-1.11111
-3.33333
-5.85185
-9.61111
-13.7963
-17.1852
-19
-19.4444
-17.2222
-12.8148
-7.42593
-1.5
4.35185
9.09259
12.8519
15.2037
16.2778
16.4444
15.7963
13.6852
10.5926
8.46296
7.7963
8.18519
-2.37037
-3.5
-6.31481
-10.5556
-15.7222
-20.8333
-25.5741
-29.9074
-32.7037
-33.4444
-31.7778
-28.2222
-22.1481
-14.3333
-6.16667
1.46296
8.40741
13.9074
17.8148
20.0556
21.2037
21.0926
20.2407
17.7407
14.7963
12.5926
11.8519
12.3333
1.61111
-3.14815
-6.75926
-10.2963
-13.9815
-18.1852
-22.2037
-24.7037
-25.2778
-24.0185
-20.8148
-15.6481
-9.25926
-2.66667
4.16667
10.0926
15.1667
19.1852
22.1296
23.5741
23.7222
22.7407
21.7407
19.4259
17.2778
15.0926
13.0556
11.1481
4.03704
0.555556
-1.88889
-4
-6.25926
-9.12963
-12
-13.7778
-13.963
-13.1111
-11.0741
-7
-2.18519
3.01852
8.98148
15
20.3889
24.6667
27.9259
29.6852
29.9074
28.8333
27.0556
24.2778
20.9815
16.7222
11.963
7.5
4.37037
2.40741
1.07407
-0.425926
-2.22222
-4.64815
-7.01852
-8.72222
-9.11111
-8.55556
-6.90741
-3.18519
1.31481
5.59259
9.90741
13.7407
16.5556
18.0741
18.4815
17.7778
15.8889
13.3889
11.2222
9.75926
8.12963
6.16667
4.01852
2.09259
1.2037
2.74074
2.42593
1
-1.37037
-4.14815
-6.87037
-9.7963
-11.963
-13.3333
-14.4074
-14.8519
-14.7407
-14.6852
-15.3148
-15.963
-16.8519
-18.1296
-19.9259
-21.3148
-21.8148
-21.3519
-19.5741
-15.9259
-12.7963
-9.7963
-7.14815
-4.57407
0.185185
1.77778
1.74074
0.222222
-2.40741
-5.2037
-7.42593
-9.40741
-11.7407
-14.2037
-17.4074
-21.3519
-25.4259
-30.4444
-37.4259
-45.6481
-53.8333
-60.2407
-65
-66.9074
-65.5741
-61.5
-54.4259
-44.8148
-35.1667
-25.6852
-17.3148
-10.2407
-0.148148
1.31481
2.05556
1.94444
0.87037
-1.03704
-3.35185
-5.74074
-9.72222
-14.8333
-21.537
-30.2593
-39.6296
-49.2963
-59.5926
-69.3704
-76.7593
-80.2407
-80.4815
-77.3148
-70.963
-62.2222
-51.1667
-39.5926
-28.6667
-19.5926
-12.9815
-8.35185
-4.03704
-2.94444
-2.11111
-1.61111
-1.98148
-3.57407
-5.59259
-6.94444
-9.77778
-14.037
-19.2593
-25.0741
-30.7593
-35.463
-39.6667
-43.7407
-46.2407
-45.6111
-42.2778
-36.7037
-30.3519
-23.7037
-17.0926
-12.1111
-7.46296
-4.40741
-3.11111
-3.25926
-6.42593
-5.42593
-3.92593
-1.68519
0.462963
1.22222
0.203704
-1.11111
-2.74074
-4.62963
-6.25926
-7.83333
-9.24074
-9.07407
-7.40741
-4.22222
0.62963
6.48148
12.8704
18.6481
22.4815
24.1852
23.4074
19.963
15.9259
10.5741
4.5
-1.92593
-8.31481
-5.48148
-2.33333
1.46296
5.40741
9.07407
11.3519
12.7037
14.3889
16.0556
18.1481
20.7222
23.3148
26.6852
31.037
36.463
41.7963
45.9815
49.1852
50.5556
49.2593
45.4815
38.6111
30.1667
20.8333
11.6481
3.55556
-3.7963
3.59259
5
7.88889
11.7963
17.0556
23.5
28.8519
32.1667
35.3333
38.2407
40.8889
42.6296
43.463
43.7037
44.7963
47.7222
51.037
52.9074
53.4074
51.4074
47.463
41.6852
33.8148
25.6852
16.1852
6.83333
-0.5
-6.22222
13.7963
14.1111
15.2222
17.2778
21
26.7407
33.3704
38.6852
42.963
46.3519
49.0556
50.8333
51.7037
51.2963
51.4259
51.7593
51.4815
49.7222
46.1667
40.5556
34.0926
27.5185
21.0185
15.5556
10.0741
6.16667
4.87037
5.75926
24.537
20.6852
17.5185
15.5741
15.8889
18.5185
23.4259
28.7407
33.7407
38.3333
42.5
46.0185
48.6296
49.9074
50.6852
49.6667
46.9074
42.0741
35.2963
27.5
19.9815
13.5556
8.87037
5.90741
5.16667
6.72222
10.8333
16.8333
16.5
12.9074
8.98148
5.81481
3.96296
3.51852
5.77778
10.0556
15.2407
21
27.1481
33.4444
38.8519
42.5
43.7593
41.2593
35.6481
27.9074
18.7037
9.92593
2.66667
-2.01852
-3.51852
-2.05556
3.35185
11.6296
21.0185
30.8704
3.22222
0.814815
-1.83333
-4.61111
-7.55556
-9.92593
-10.9259
-9.83333
-7
-3.12963
0.833333
4.92593
8.18519
10.3519
9.46296
5.7037
-0.259259
-7.12963
-13.1111
-16.7407
-18.1667
-17.0185
-13.5185
-7.88889
0.185185
9.07407
17.3519
24.2407
-11.463
-10.6296
-10.2037
-10.5926
-12.5
-15.5185
-19.037
-21.963
-24.1111
-25.4259
-26.6111
-27.7778
-29.3704
-31.1296
-33.963
-36.7963
-39.2222
-40.0185
-38.537
-34.7778
-29.1481
-22.1111
-14.7593
-7.2963
-0.222222
5.53704
8.75926
9.81481
-13.7778
-11.7407
-9.88889
-8.72222
-9.22222
-11.3889
-15.5741
-20.9259
-26.7778
-32.5741
-38.5185
-44.3704
-49.8148
-53.9444
-56.5
-56.3704
-53.2593
-47.463
-39.2963
-29.8333
-20.5556
-12.3519
-6.11111
-2.07407
-0.722222
-2
-5.7963
-11.2593
-5.57407
7.2963
9.09259
6.07407
0.444444
-4.33333
-7.81481
-6.72222
-3.46296
1.22222
2.96296
4.44444
4.72222
6.16667
6.44444
5
1.92593
-1.61111
-3.48148
-6.24074
-10.4815
-11.5556
-3.62963
11.3333
16.2407
7.57407
-7.07407
-9.81481
-1.72222
9.18519
8.40741
3.05556
-4.09259
-8.51852
-9.90741
-5.92593
-1.18519
3.5
4.35185
5.24074
5.46296
7.24074
8.05556
6.66667
3.44444
-0.481481
-2.59259
-5.90741
-10.6852
-12.2407
-4.55556
10.4074
15.5185
6.96296
-7.81481
-10.4815
0.703704
9.68519
6.48148
-0.796296
-8.27778
-11.0926
-9.75926
-3.74074
2.09259
6.51852
6.7963
6.40741
5.40741
6.2037
6.72222
6.40741
4.7037
2.18519
-0.0740741
-4.51852
-10.3704
-12.9815
-5.2963
9.77778
16.2963
7.42593
-8.48148
-13.1667
2
8
3.51852
-3.98148
-9.66667
-10.1481
-6.53704
-0.148148
4.87037
7.51852
6.74074
5.48148
4.22222
4.2963
5.12963
5.96296
6.66667
5.31481
2.66667
-3.2963
-9.61111
-12.2407
-4.81481
9.11111
14.9815
5.85185
-10.5741
-14.9259
2.53704
4.5
0.481481
-4.62963
-7.01852
-5.38889
-2.14815
1.74074
3.61111
5.01852
4.72222
4.66667
4.27778
4.38889
5.38889
6.22222
7.61111
6.77778
4.85185
-1.09259
-7.14815
-10.4259
-4.03704
7.37037
12.4074
3.90741
-10.6852
-14.5185
2.12963
3.5
1.14815
-2.62963
-4.85185
-4.51852
-2.40741
0.574074
2.66667
4.5
4.98148
4.81481
4.03704
3.55556
4.77778
6.09259
8.42593
8.24074
7.48148
3.42593
-0.833333
-5.09259
-4.81481
-0.185185
3
-0.351852
-9.05556
-11.0741
3.55556
4.31481
1.12963
-3.53704
-6.27778
-5.24074
-2.07407
1.12963
2.11111
2.59259
2.59259
3
3.11111
3.7037
5.83333
8.03704
10.5926
10.2963
9.5
6.33333
3.57407
-0.888889
-3.98148
-4.64815
-3.22222
-3.88889
-8.5
-10.7222
5.2963
3.46296
-2.22222
-7.55556
-8
-3.66667
1.09259
2.66667
0.703704
-0.685185
-0.351852
1.57407
3.07407
4.5
6.90741
9.48148
12.0741
11.9815
11.1481
8.37037
6.14815
1.90741
-1.88889
-4.88889
-4.85185
-6
-9.24074
-12.5741
3.22222
0
-5.5
-8.77778
-6.01852
0.425926
4.7963
3.62963
-0.685185
-2.83333
-1.88889
0.148148
1.12963
2.14815
5.44444
9.68519
13.7778
14.2222
13.2963
10.3889
8.16667
4.18519
0.0740741
-3.7963
-5.27778
-7.09259
-10.1481
-13.3519
-1.48148
-3.12963
-6.59259
-7.33333
-1.62963
6.64815
10.7037
6.7037
-1.77778
-7.90741
-8.64815
-5.92593
-2.61111
0.907407
6.48148
12.2593
16.2222
15.3333
12.7593
9.7037
8.35185
6.03704
2.96296
-0.537037
-2.81481
-5.66667
-10.3704
-15.2407
-4.90741
-4.37037
-4.75926
-2.24074
5.83333
13.8333
14.5926
5.38889
-7.46296
-15.0741
-14.2222
-8.5
-3.22222
0.685185
5.62963
11.1667
15.2407
14.8148
13.0741
11.3704
11.3889
9.5
5.85185
1.2963
-1.40741
-4.37037
-9.7037
-16.7037
-6.53704
-3.44444
-0.481481
4.33333
12.7778
18.3333
15.037
1.31481
-14.0926
-21.5
-18.3333
-10.1111
-3.48148
1.11111
6.61111
12.7963
16.8519
15.4074
12.5926
10.4444
11.037
9.59259
5.68519
0.740741
-1.64815
-2.96296
-7.14815
-14.6111
-6.5
-0.148148
4.90741
10.1481
17.2407
20.4815
14.1296
-2.64815
-19.5556
-26.2407
-20.5926
-10.037
-1.75926
3.38889
8.83333
13.9815
16.0556
12.2407
7.7963
6.07407
8.66667
9.57407
6.62963
1.75926
-0.388889
-0.296296
-3.5
-11.7963
-5.07407
3.88889
9.66667
13.8333
18.9074
20.1481
11.8333
-6.61111
-23.6296
-28.5
-19.6296
-6.88889
1.64815
5.40741
9.25926
13.3889
14.1111
8.72222
2.59259
1.07407
5.57407
9.27778
8.11111
3.66667
1.48148
1.72222
-1.37037
-10.4444
-3.62963
6.90741
12.6296
14.963
17.8333
17.7963
9.7037
-7.61111
-23.1667
-27.0556
-17.5741
-4.96296
2.98148
5.81481
8.57407
11.9074
11.2778
4.85185
-2.07407
-2.05556
5.22222
11.9444
11.4444
5.81481
1.74074
1.44444
-1.37037
-9.85185
-2.51852
8.51852
13.4815
14.0556
15.6852
15.5741
8.62963
-7.46296
-21.8519
-24.9444
-14.5741
-2.12963
4.7037
5.31481
6.68519
9.48148
9.48148
3.75926
-2.59259
-2.31481
5.07407
11.9815
11.7037
6.07407
1.81481
1.48148
-0.87037
-8.2963
-2.81481
8.16667
12.7963
12.1667
12.3704
12.1852
7.35185
-5.07407
-16.6296
-19.2037
-10.6296
-0.62963
4.40741
4.11111
5.2963
8.01852
8.5
3.03704
-2.94444
-2.7963
4.64815
11.7778
11.7963
6.18519
1.33333
0.592593
-1.31481
-7.46296
-3.37037
6.03704
10.1667
9.55556
9.59259
10.0185
7.03704
-2.01852
-11.1111
-13.2222
-6.59259
1.18519
4.64815
3.81481
4.35185
6.35185
6.24074
1.25926
-3.59259
-2.31481
5.42593
12.2778
11.8889
5.2963
-0.444444
-1.98148
-2.81481
-7.68519
-3.53704
2.61111
5.83333
5.72222
6.24074
7.53704
6.2963
0.0555556
-6.44444
-7.53704
-1.92593
3.75926
5.24074
2.98148
2.16667
3.31481
3.75926
1.16667
-1
1.2963
7.81481
12.2963
9.96296
1.88889
-4.2963
-5.62963
-4.5
-7.42593
-4.48148
-0.203704
2.2963
2.14815
2.68519
4.38889
4.64815
1.27778
-2.46296
-2.2963
2.35185
5.88889
5.59259
2.7037
1.98148
3.5
4.46296
2.87037
0.925926
2.42593
6.7037
9.07407
5.18519
-3.09259
-8.51852
-8.37037
-5.33333
-6.2037
-4.7037
-2.25926
-1.16667
-1.87037
-1.48148
0.907407
2.90741
2.2037
0.722222
1.77778
5.87037
8.44444
7.25926
3.51852
1.59259
2.18519
3.35185
3.48148
3.07407
4.38889
6.25926
6.14815
1.44444
-5.88889
-10.1667
-9.57407
-6.11111
-5.51852
-4.07407
-3.5
-3.66667
-5.03704
-5
-2.5
0.685185
2.38889
3.05556
4.85185
7.77778
8.85185
6.68519
3.31481
2.35185
4.22222
6.37037
6.90741
5.74074
4.96296
4.2963
2.62963
-1.85185
-8.14815
-11.7037
-11
-6.77778
-4.55556
-3.81481
-4.16667
-4.66667
-6.22222
-6.22222
-3.81481
0.037037
2.96296
4.57407
5.90741
7.33333
7.38889
5.53704
3.12963
2.59259
4.25926
6.7037
8.22222
8.05556
7.05556
4.98148
1.85185
-3.42593
-9.44444
-12.6481
-11.3889
-6.85185
-4.01852
-3.57407
-4.31481
-5.03704
-6.37037
-6.55556
-4.59259
-1.07407
2.07407
4.01852
5.38889
6.55556
6.85185
5.74074
4.12963
3.7963
5.22222
7.7963
9.62963
9.46296
7
2.98148
-1.33333
-5.46296
-9.14815
-10.5556
-9.72222
-6.5
-4.5
-4.11111
-5.2037
-5.62963
-6.68519
-6.87037
-5.25926
-1.44444
3.11111
6.40741
7.77778
6.98148
5.66667
4.2963
4.22222
4.64815
5.75926
6.64815
7.24074
6.59259
4.87037
2.33333
-0.240741
-3.18519
-7.16667
-10.037
-10.8148
-7.48148
-4.35185
-3.94444
-6.18519
-6.77778
-6.44444
-5
-3.03704
-0.648148
2
4.38889
6.31481
6.88889
6.64815
5.46296
4.68519
3.51852
3.37037
3.57407
5.53704
6.94444
7.25926
4.72222
0.592593
-4.40741
-9.33333
-11.7593
-11.1481
-6.42593
-2.42593
-3.24074
-5.40741
-6.53704
-6.64815
-5.22222
-3.12963
-0.87037
1.03704
2.83333
4.51852
5.61111
5.77778
4.90741
4.14815
3.81481
5.2037
7.05556
8.92593
8.07407
5.16667
0.518519
-3.61111
-7.09259
-9.74074
-10.5
-8.96296
-4.68519
-0.907407
-1.72222
-3.01852
-4.27778
-5.11111
-4.5
-3.16667
-1.62963
-0.425926
1.11111
2.98148
4.92593
6.01852
5.90741
5.16667
4.5
5.2963
6.57407
7.42593
5.53704
2
-2.11111
-4.90741
-6.77778
-7.7963
-7.66667
-6
-2.90741
0.0185185
29.1111
10.7222
1.83333
3.94444
3.16667
-1.38889
-7.27778
-10.3889
-12.0556
-8.16667
-0.611111
6.44444
4.44444
0.555556
-2.72222
-1.33333
-0.888889
0.111111
-0.388889
-0.444444
0.277778
2.05556
4.11111
-1.38889
-12.5
-18.3889
-6.94444
14.3333
26.9444
21.6111
11.0556
1.38889
16.3333
4.38889
-2.33333
-3.77778
-6.61111
-9.72222
-10.2778
-7.38889
-1.94444
3.55556
8.94444
10.6111
9.55556
7.22222
5.11111
2.38889
-1.44444
-5.88889
-9.16667
-7.72222
-2.72222
1.27778
0.555556
-8.22222
-19.8333
-23.4444
-8
18.7222
33.3889
25.7778
7.66667
-2
-11.0556
-12.6111
-11.1111
-16.8333
-20.7222
-18.0556
-7.83333
5.11111
17.5556
24.5556
23.0556
15.4444
7.44444
2.22222
-0.111111
-2.61111
-5.55556
-10
-12.6111
-10.4444
-5.05556
-0.944444
-1.77778
-9.83333
-17.4444
-19.7222
-6.44444
12.8333
23.7222
18.2778
2.66667
-1.16667
-28.5
-24.3889
-20.6667
-24.3333
-20.4444
-6.66667
13.1111
27
31.2222
25.1111
13.6667
1.11111
-6.77778
-10.7222
-10
-8.55556
-6.16667
-6.33333
-6
-4.66667
-1.5
0.277778
0.5
2.88889
6.94444
5.94444
-3.11111
-9.05556
-8.27778
-3.05556
-6.11111
-2
-34.8333
-29.1111
-21.2222
-15.0556
-2.33333
14.9444
28.5556
28.9444
17.8889
2.22222
-11.5
-20.2222
-22.6667
-19.7222
-13.8333
-7.33333
-1.38889
3.16667
5.77778
6.5
6.44444
5.88889
7.33333
14.5556
25.5
24
2.88889
-22.4444
-28.9444
-16.9444
-6.05556
0.722222
-32.6667
-22.3333
-8.27778
7.72222
22.5556
29.6667
24.4444
7.05556
-13.3333
-29.0556
-35.2222
-34.2222
-27.3889
-18.3889
-9.22222
-1.38889
5.55556
10.9444
13.7778
14
13.7222
13
14.2222
20.8889
31.1111
30.3889
9.94444
-18.7222
-29.2778
-20.4444
-4.16667
2.55556
-24.8333
-7.05556
10.1111
24.2222
28.5
19.3333
-2.05556
-25.4444
-40.6111
-43.6667
-38.2222
-27.4444
-14.6111
-2.55556
5.16667
7.5
7.88889
8.27778
10.2222
12.1111
13.7222
14.5556
14.8889
16.8889
21.9444
24.0556
17.6667
0.444444
-10.7778
-12
-1.55556
2.83333
-9.27778
9.11111
22
24.8333
16.0556
-4.66667
-29
-44.6111
-45.7222
-33.9444
-16.6667
-0.444444
9.94444
12.1667
10
4.88889
1
-1.61111
-0.611111
2.27778
6.16667
9.61111
11.6111
12.3889
13.7222
16.8889
20.2778
16.4444
9.22222
1.16667
0.611111
-0.388889
6.72222
17.5556
18.8333
9.83333
-6.44444
-26.2222
-39.6667
-39.8333
-27.6111
-9.16667
7.77778
18.3889
20.6667
16.3333
10.0556
3
-3.38889
-8.77778
-10.1667
-8.27778
-4
0.722222
5.16667
8.05556
9.72222
12.3889
17.1667
20.1667
19.2778
13.6667
7.16667
0.222222
11.5
13.6111
8.05556
-5.77778
-21.6111
-33.7222
-32.9444
-20.6111
-1.38889
16.3889
27.5556
28.5
20.9444
10.2222
1.55556
-4.16667
-8.88889
-13.1667
-15.2778
-15.5556
-12.2778
-7.72222
-0.833333
4
6.83333
8.22222
10.6667
14.4444
17.3889
16.9444
11.7778
3.77778
7.27778
4.61111
-3.66667
-15.1667
-24.4444
-24.2222
-12.1111
6.27778
24.0556
33.8889
32.1667
20.7222
6.61111
-3.22222
-8.55556
-11.1111
-13.7222
-15.7222
-16.6111
-16.6667
-15
-12
-6.33333
-0.444444
3.83333
5.77778
5.83333
7.77778
11.7778
15.5556
13.4444
4.33333
2.33333
-2.5
-9.66667
-15.1111
-15.1111
-5.66667
9.55556
25
35.7778
37.7222
29.3889
13.4444
-2.5
-13.1111
-18.4444
-20.1111
-20.9444
-19.4444
-17.5556
-14.7222
-13.6111
-12.0556
-9.5
-4.44444
0.722222
4.11111
3.83333
3.33333
5.11111
8
6.11111
-1.83333
1.94444
-4.72222
-10.3889
-9.5
-1.77778
11.6667
24
32.7222
35.7778
31.1111
18.9444
1.88889
-12.5556
-21.3889
-24.3889
-23.5556
-21.4444
-17
-13.1667
-8.22222
-7.27778
-7.11111
-8.27778
-5.83333
-2.05556
1.33333
1.38889
1
2.16667
4.55556
2.38889
-4.66667
7.66667
-1.83333
-9.05556
-5.38889
5.16667
15.8333
22.2222
23.7222
22.5556
16.8333
8.22222
-2.66667
-11.4444
-16.7222
-17.5556
-15.4444
-12.2222
-7.16667
-2.5
2.11111
1.22222
-2.22222
-7.77778
-9.44444
-7.83333
-4.38889
-2.77778
-2.16667
-1.5
1.27778
2.38889
2
8.5
-2.05556
-7.33333
-3.94444
3.94444
10.2222
13.2778
13.1667
11.6667
7.11111
1.66667
-3.83333
-7
-7.55556
-5.22222
-1.94444
1.11111
3.16667
4.83333
4.83333
2.05556
-3.05556
-8.05556
-10.1667
-9.11111
-6.11111
-4.33333
-3.61111
-3.66667
-0.111111
5.22222
9.94444
4.66667
-2.72222
-6.11111
-4.22222
0.277778
3.27778
4.5
4.11111
3.22222
1.77778
0.444444
0.277778
0.666667
2.11111
4.16667
6
7.44444
8.38889
10.2222
10.2222
7
0.166667
-6.55556
-10.5556
-10.8333
-9
-7.61111
-7.88889
-8.11111
-4.66667
2.38889
8.55556
-8.11111
-8.61111
-4.66667
-3.05556
-1.61111
-0.0555556
0.777778
1.55556
1.55556
1.66667
1.44444
2.05556
3.88889
6.77778
10.3889
13.2778
15.3333
14.6111
12.8889
9.11111
5
-1.27778
-6.22222
-9.77778
-10.5556
-11.1111
-11.7222
-13.2778
-12.7222
-9.38889
-2.88889
1.55556
-12.3333
-6.72222
-2.88889
-1.66667
-0.611111
0.333333
-0.277778
-1.72222
-3.33333
-3.33333
-2.88889
-1.5
2.5
8.55556
15.5556
19.8889
22.3333
22.3333
21.4444
19.0556
14.2222
5.55556
-4.72222
-13.6111
-18.6111
-20.9444
-20.9444
-19.6111
-15.7222
-11.0556
-6.22222
-3.61111
-8.88889
-3.94444
-1.27778
-1.11111
-1.16667
-1.66667
-4
-7.61111
-10.5556
-10
-6.16667
-0.5
7.55556
15.8333
24.1667
28.6667
29.9444
26.6667
19.9444
11.2778
1.61111
-7.72222
-15.8889
-19.7778
-19.2222
-16
-12.6667
-10
-7.55556
-5.55556
-4.33333
-3.11111
-2.05556
1.61111
1.5
0.444444
-0.444444
-2
-5.27778
-10.4444
-15
-15.5
-11.3333
-4.72222
3.66667
12.1667
19.8889
22
18.5
11.0556
3
-3.11111
-7.44444
-8.55556
-9.05556
-7.16667
-4.44444
-0.333333
3.33333
5.55556
5
2.27778
-1.5
-2.27778
2.77778
4.94444
4.94444
2.33333
-0.388889
-3
-6.88889
-13.5
-20.3889
-21.5556
-14.2778
-2.11111
7.72222
11.3889
9.22222
4.05556
-2.77778
-9.83333
-16.1667
-19.3333
-17.4444
-9.44444
0.722222
11
18
22.5
23.5556
21.0556
14.3889
6.05556
-1
-2.38889
1.33333
5.72222
8.05556
5.55556
0.722222
-3.55556
-7.66667
-12.8889
-19.3333
-22.2778
-18.6667
-9.66667
-2.55556
-0.833333
-5.27778
-10.5556
-15.2778
-18
-18.7222
-16.0556
-6.66667
8.22222
23.3333
31.5
31.3333
26.8889
22.7778
17.6111
11
2.44444
-2.66667
-3.61111
5.27778
10.7222
14
10.7222
2.72222
-4.83333
-10.3333
-15.4444
-21.7778
-25.1111
-21.4444
-10
-0.277778
1.94444
-5
-10.3333
-11.3333
-7.38889
-4.5
-2
3.55556
13.4444
24.0556
28.8889
26.8333
21.1667
15.1111
7
-0.888889
-7.5
-7.22222
-5.27778
5.27778
10.8889
16
14.1111
5.11111
-4.38889
-9.55556
-10.7222
-12.3889
-15.2222
-16.8889
-13.4444
-7.83333
-3.27778
-2.88889
-2
0.666667
5.16667
6.72222
6.94444
8.77778
15.3889
22.2778
23.8333
18.2778
8.61111
-1.22222
-11.6111
-18.0556
-20.5
-15
-9.61111
9.27778
13.5556
17.3889
17.4444
11.7778
4.5
-0.444444
-2.44444
-4.05556
-7.16667
-10.5
-11.1111
-8.94444
-5.33333
-2.77778
-0.277778
2.83333
6.55556
8.33333
9.77778
11.6111
15.7222
17.5556
14.9444
6.61111
-4.27778
-14.7778
-22.4444
-26
-24.3333
-17.7222
-9.33333
2.11111
3.27778
6.44444
10.2222
11.7222
10.4444
8.5
7.61111
6.66667
3.38889
-2.33333
-8.38889
-12.1111
-12.0556
-8.88889
-5.11111
-0.777778
3.33333
8.61111
14.2222
18.7222
19.4444
14.3333
4.11111
-8.61111
-20.5
-28.0556
-28.8889
-26
-20.5
-14.4444
-5.72222
-2.55556
-4.77778
-3.88889
1.38889
8.33333
12.5556
13.3889
12.1667
11.2222
9.11111
5.27778
-0.944444
-6.44444
-9.38889
-7.88889
-4.11111
0.666667
4.38889
9.22222
13.2222
15.1111
9.88889
-0.777778
-14.5
-25.6111
-30.5556
-27.8333
-17.8333
-8.16667
-0.111111
3.05556
6.72222
-7.83333
-12.8889
-14.1111
-10.3333
-2.72222
4.22222
9.16667
11.6111
13.3333
14
13.5
10.3333
5.94444
1.33333
-0.333333
0.5
3.05556
4.88889
6.66667
6
1.83333
-9.22222
-22
-31.8333
-33.0556
-26.1667
-14.1111
-0.0555556
10.2778
15.3333
14.3333
11.2778
-3.33333
-8.55556
-12.6111
-13.2222
-9.11111
-2.88889
3.66667
8.22222
12.2222
15.2778
17.7778
17.6667
16
12.8889
10.7778
9.5
7.72222
3.66667
-3.16667
-12
-21.8333
-30.9444
-35.6111
-32.8333
-22.1667
-6.5
9.11111
20.8889
26.0556
24.7222
18.5556
10.7778
0.5
-1.22222
-4.66667
-7.77778
-8.94444
-6.77778
-2.44444
2.38889
6.22222
9.83333
13.3889
16.5556
17.4444
15.6667
11.6111
7.05556
1.44444
-4.05556
-12.2222
-20.0556
-27.7778
-29.6111
-24.7222
-12.6111
2.22222
14.9444
22.8333
24.6667
21.8889
15.1111
8.44444
3.33333
3.05556
4.77778
3.94444
0.944444
-2.61111
-4.77778
-5.16667
-3.55556
-1.33333
1.11111
3.22222
5.61111
7.38889
7.61111
5.11111
0.944444
-4.77778
-9.38889
-13.7778
-14.7222
-13.6111
-7.38889
1.33333
11.2222
18.1667
20.5
18.3333
12.4444
5.94444
0.722222
-1.22222
-0.944444
1.38889
5.22222
7.61111
7.88889
4.5
0.444444
-3.22222
-4
-3.77778
-3.44444
-4.16667
-4.77778
-4.55556
-3.94444
-3.55556
-4
-5.22222
-5.83333
-5.5
-1.88889
4.05556
12
18.4444
21.0556
17.9444
10.1667
0.5
-6.72222
-9.77778
-8.22222
-5.11111
-1.66667
-21.64
-20.86
-14.32
-6.14
3
10.64
14.82
15.24
11.94
5.64
-2.34
-7.64
-10.56
-12.1
-11.06
-8.2
-5.7
-3
0.5
0.64
-1.02
-3.08
-4.4
-3.82
0.5
4.88
9.12
13.52
-28.82
-20.48
-8.32
2.74
11.5
14.44
12.12
5.68
-2.46
-10.98
-15.6
-15.46
-12.84
-10.18
-6.04
-2.24
0.04
2.16
5.82
9.24
11.5
11.24
9.52
7.98
3.9
-2.3
-3.66
0.42
-25.54
-12.42
1.26
9.62
11.56
6.84
-1.56
-11.04
-18.42
-22.92
-22.18
-17.72
-12.26
-7.68
-2.64
1.72
5.1
8.14
12.5
18.02
23.32
24.28
22.22
18.7
10.24
-2.76
-8.54
-5.92
-16.62
-2.1
7.6
8.48
1.88
-9.22
-19.44
-27.1
-30.62
-29.84
-25.04
-18.78
-12.12
-6.3
-0.44
4.74
9.54
13.3
17.94
23.9
30.42
32.42
31.1
26.92
17.64
2.96
-5.38
-6.22
-6.48
3.72
5.82
-0.86
-13.84
-27.44
-36.14
-39.56
-37.38
-30.4
-20.86
-11.7
-3.96
1.28
4.96
7.4
10.02
12.6
16.5
22.76
30.88
35.12
35.64
32.62
24.46
10.72
1.4
-2.18
2.52
5.78
0.02
-13.22
-28.22
-38.34
-40.76
-36.36
-25.72
-13.24
-3.1
2.34
4.26
2.8
0.4
-1.26
-0.04
2.84
7.9
15.9
25.68
32.32
35.66
35.4
30.18
20.12
11.74
6.32
5.02
1.2
-9.5
-23.04
-33.04
-34.64
-28.1
-16.4
-3.16
6.86
10.46
8.18
2.4
-4.6
-10.32
-13.56
-13.12
-9.5
-3.52
4.12
13.7
21.82
27.48
30.46
31.86
28.74
23.36
16.7
1.26
-6.06
-16.68
-25.2
-26
-19.02
-6.44
7.28
17.08
19.48
15.4
6.64
-3.8
-12.84
-19.26
-23.16
-23.56
-20.44
-15.22
-8.3
0.92
9.86
16.92
22.48
27.22
28
25.12
19.42
-5.02
-12.88
-19.16
-19.28
-11.16
2.56
17.6
29.22
33.02
27.52
16.3
2.28
-11.48
-21.8
-28.24
-31.68
-31.54
-28.08
-23.18
-16.4
-7.72
0.88
7.88
14.74
20.6
23.56
23.12
20.2
-7.4
-13.3
-13.88
-6.38
8.16
25.16
39.24
45.9
42.44
29.48
11.62
-6.98
-22.54
-31.9
-35.8
-35.64
-32.78
-28.04
-23.78
-18.98
-13.46
-7.32
-2
4.44
10.98
15.32
16.42
15.54
-7.02
-9.22
-3.92
8.82
25.4
40.06
48.18
46.86
35.76
17.7
-1.38
-17.48
-28.44
-32.5
-31.8
-28.86
-25.98
-22.86
-21.36
-19.62
-17.04
-12.72
-8.54
-2.98
2.92
7.04
8.28
8.32
-6.64
-5.66
2.3
15.06
28.36
38
41.24
36.08
24.28
9
-5.6
-16.96
-23.08
-23.74
-21.04
-16.72
-13.16
-11.02
-11.26
-12.3
-13.56
-13.26
-12.54
-10.32
-6.8
-3.28
-1
2.12
-5.82
-3.96
3.84
14.62
24.08
30.22
31.28
25.82
16.52
6.26
-2.7
-8.66
-10.12
-8.02
-3.58
1.04
3.62
3.1
-0.46
-6.34
-12.98
-17.48
-20.16
-20.68
-18.22
-13.58
-9.22
-3.64
-4.42
-2.44
3.58
10.76
16.12
18.74
17.82
12.98
7.26
2.92
0.84
1.72
6.04
11.72
17.32
20.94
20.5
15.56
6.94
-4.36
-15.7
-23.62
-28.3
-29.72
-26.9
-21.78
-16.74
-10.52
-7.3
-4.82
0.06
3.14
4.52
4.3
2.64
0.62
0.52
2.86
7.76
14.66
22.24
27.8
31
30.32
24.8
15.58
4.84
-6.96
-17.1
-23.26
-26.24
-26.98
-24.64
-20.8
-16.78
-11.62
-7.8
-5
-2.86
-3
-4.5
-6.36
-8
-7.96
-4.32
2.04
10.38
19.78
28.32
32.86
34.6
32.8
27.04
18.38
9.22
-1.18
-10.88
-17.78
-22.16
-24.42
-23.62
-20.72
-16.84
-11.68
-4.24
-3.02
-3.5
-6.62
-11.02
-15.2
-18.06
-17.2
-11.24
-1.74
10.1
22.28
31.9
36.16
36.16
31.74
23.5
13.32
3.72
-5.14
-11.86
-15.32
-16.22
-15.38
-13.5
-11.38
-9.38
-7.54
-1.48
-1.38
-4.24
-10.34
-18.02
-24.92
-29.02
-27.84
-20.54
-8.58
5.06
17.68
26.3
28.7
25.4
18.9
10.66
3.08
-1.88
-3.62
-2.8
-0.08
3.02
5.32
5.76
4.2
1.62
-1.64
5.62
4.08
-1.5
-10.4
-20.66
-29.48
-34.02
-32.1
-24.26
-12.28
0.2
9.9
14.22
13.02
7.2
0.3
-5.08
-6.98
-4.7
2.16
10.86
18.8
24.32
25.74
22.12
15.78
8.5
0.94
13.82
11.24
3.76
-6.06
-17.46
-27.82
-34.2
-35.04
-30.72
-22.04
-12.44
-4.68
-0.66
-0.34
-3.44
-6.22
-5.98
-1.98
5.52
16.56
26.86
33.02
34.66
30.78
21.68
11.16
1.68
-6.6
19.34
15.94
7.74
-3.06
-15.64
-27.36
-34.78
-36.18
-32.92
-24.92
-15.82
-8.58
-4.86
-3.2
-4.52
-5.02
-2.36
3.76
12.1
23.08
32.28
36.3
35.26
28.28
16.4
4.26
-5.58
-13.24
19.52
17.54
11.04
2.28
-8
-17.88
-24.52
-27.02
-26.94
-23.42
-18.86
-14.88
-12.2
-9.2
-7.04
-3.24
3.54
12.54
21.62
30.5
35.46
33.84
26.94
15.08
0.8
-11.22
-18.82
-22.82
19.38
19.16
15.72
10.42
4.18
-2.92
-9.06
-13.2
-16.26
-17.68
-16.94
-15.04
-12.52
-8.26
-3.14
2.68
9.76
16.94
22.34
25.48
24.04
17
6.52
-5.8
-18.04
-25.98
-28.46
-27.06
9.88
12.08
12.94
12.46
11.1
8.24
4.18
-0.3
-4.76
-8.5
-10.54
-10.42
-8.04
-3.68
2.18
8.48
14.22
18.04
19
15.84
8.18
-2.76
-14.18
-23.84
-30.4
-31.86
-28.02
-21.72
2.02
4.86
8.2
11.06
13.42
14.3
13.68
11.72
8.64
5.08
2.2
0.3
0.08
2.06
5.7
9.26
11.38
10.76
6.46
-2
-12.4
-22.04
-28.66
-30.56
-27.82
-21.3
-12.72
-4.78
-5.84
-3.18
1.36
6.88
13.06
17.86
20.68
20.94
18.94
15.04
11.16
7.86
5.9
5.3
5.66
4.84
1.8
-3.48
-10.96
-19.86
-27.42
-31.44
-31.12
-25.88
-17.64
-8.34
0.58
7.06
-8.12
-6.72
-2.98
2.28
8.72
14.66
19.2
21.64
22.12
20.32
17.62
14.12
10.3
6.28
2.28
-2.8
-9.12
-15.7
-21.96
-27.16
-29.58
-27.72
-21.98
-12.56
-2.16
7.32
14.46
18.08
-7.06
-6.5
-4.26
-0.62
3.82
8.94
13.66
17.08
18.96
19.28
17.54
14.1
9.6
4.52
-0.9
-6.26
-11.94
-16.96
-20.82
-22.9
-22.16
-17.44
-9.66
-0.24
8.88
15.88
19.7
20