-0.25
-0.5
-0.875
-1.125
-1.5
-2
-2.375
-2.375
-1.75
-1.375
-1.375
-2.25
-3.875
-5.625
-7.25
-7
-6.5
-7.125
-9
-11.625
-13.125
-13.875
-14.25
-16.25
-17.875
-17.5
-15.25
-10.875
-7.25
-4.875
-3.25
-2.375
-1.75
-0.875
-3.5
-4.125
-4.5
-4
-3.5
-2.875
-2.375
-2.125
-2
-2.125
-2.75
-3.75
-5.125
-7.25
-9.625
-10.75
-11.125
-11.625
-12.375
-12.625
-11.625
-10.25
-11.125
-12.875
-15.875
-19.125
-18.75
-16.625
-12.75
-8.25
-4.625
-2.75
-2.125
-1.25
-5.75
-6.875
-7.375
-6.875
-6
-5
-3.875
-3.125
-3
-2.875
-3.5
-4.125
-5.125
-7.125
-9.625
-13
-15.5
-16.5
-15.75
-12.5
-8.625
-6
-6.625
-8.5
-12.125
-16.375
-18.25
-18.75
-15.25
-10.75
-7.25
-4.625
-4.125
-3.75
-5.875
-6.875
-7.375
-8.25
-8.375
-7.75
-6.5
-4.5
-3.5
-3
-3.375
-3.75
-4.375
-6
-8.5
-12.625
-15.75
-16
-13.5
-8.75
-4.125
-2.125
-2.5
-4.25
-6.875
-9.375
-11.75
-13.125
-12.25
-11
-10.125
-8.875
-8.25
-7.25
-9.375
-9.375
-9.625
-11.125
-11.5
-10.25
-8.125
-4.875
-2.875
-2.375
-2.5
-1.875
-1
1.375
5
5.5
8.375
12.625
14.625
16.5
14
7.5
1.25
-1.875
-3.25
-3.375
-3.25
-4.5
-7.5
-10.625
-12.25
-12.75
-11.125
-8.625
-14.25
-14.125
-14.75
-15.25
-14.25
-11.5
-8.125
-5.625
-4.25
-4.25
-1.875
3.875
13
27.875
44.875
56.125
66.5
74.375
76.125
75.625
66.5
49.75
30.875
16.375
7
2.5
1.375
-1.5
-7.25
-12.625
-15
-14.625
-11.875
-10.125
-16.75
-16.625
-16.625
-15.5
-13.125
-10.375
-7.625
-6.25
-5.5
-2.5
7.25
20.625
38
56.125
68.375
76.625
79.5
79.75
82.5
86.25
87.875
84.875
75
57.5
38.375
21.625
7.375
-3
-11.25
-16.75
-18.75
-17.5
-15.625
-15.5
-18.125
-16.75
-14.75
-12.125
-10.625
-10
-8.875
-6.25
0.75
15.125
33.375
46.625
53.375
47.5
30.125
15.75
-0.125
-11.5
-11.25
-4
14.125
38.5
64.625
77.375
73
56.25
29.375
6
-8.25
-15.625
-18.375
-18.625
-18.625
-19.125
-18.375
-16.5
-13.75
-10.75
-11
-11.875
-11
-4.625
13.375
36.25
48.375
44.875
27.375
-0.375
-24.5
-33.875
-44.5
-48.125
-47.75
-49.5
-39.125
-25.125
1.625
34.25
54.5
59.875
47
23
3.125
-7.625
-12.75
-16
-17.25
-18.625
-15.25
-14.375
-12.75
-10.5
-10.25
-10.5
-6.25
6.75
27.625
38.625
26.875
2.875
-24.25
-37
-25.125
1.125
22.25
39.875
45.125
33.25
17.625
-6.125
-27.25
-25.5
-6.375
18.5
39.125
37.25
20.75
5.25
-5.375
-11.75
-14.625
-16.375
-9.125
-9.75
-10.125
-9.625
-8.125
-2.875
10.375
27.875
34.875
18.375
-5.125
-21.75
-23.5
-0.125
31.75
55.25
78.125
92.375
95.375
91.25
76
57.5
23.625
-9
-17.125
-6.75
20.5
42.5
40.625
24.75
6.5
-4.625
-9.25
-11.25
-5.75
-7.875
-9.625
-11
-6.5
8.625
27
36
21.625
-5.375
-12.25
1.5
33.125
65.125
72.5
61
53.25
45.5
42.125
50
58.125
72.625
75.875
54.25
26.375
5.875
5.5
28.375
43.75
41.875
24.875
6
-2.375
-6
-7.375
-9
-10.125
-10.625
-1
16.875
26.625
20.25
0.5
-7.125
5.25
32.25
60.375
64.75
50.75
32.125
16.75
5.5
2.625
9.625
21.5
37.5
58.125
66.5
50.625
25
4.375
8
27.125
39.25
35.5
15.625
-0.375
-5.25
-8.75
-8.375
-7.875
-5.25
5.875
16.25
13.875
1.375
-5.875
5.5
21.875
40.25
43.125
26.875
15.375
8.625
3.75
0.375
0.25
2.5
5.75
9.375
19.875
38.625
46.375
36.625
16.375
1.625
8.5
17.5
25.5
17.5
-2.25
-7.125
-7.125
-5.875
-3.875
1.125
11.5
14.75
7.5
-2.75
-3.5
8.625
19.75
25.25
14.375
-2.625
-9.375
-9.375
-7.25
-4.875
-1.625
0.25
0.875
1.375
3.625
15.125
31
34.375
22.5
3.75
-0.5
-0.875
8.25
12.75
-2
-7.125
-4
-3.25
-0.5
5.75
16.125
16.625
9.125
2
-0.125
6.25
8.5
-4.25
-27.75
-50.125
-63
-56
-40.875
-25.25
-8.5
-0.75
0
0
0
2.875
11.875
18.875
16.25
5.375
1.25
0.625
4.625
11.25
4.25
-3.5
-1.625
-1.125
1.5
8.25
16.375
14.375
7.375
3.875
7.375
11.625
6.5
-17.25
-53
-81.375
-97.5
-93.75
-70.875
-45
-18.875
-1.625
0
0
0
0
3.75
12.25
17.375
12.75
5
7.5
5.875
10.625
14.125
2.625
-0.25
0.625
2.875
9
13
9.625
4.5
2.75
8.625
12.125
7.125
-7.375
-31.625
-48.75
-55.25
-60
-47
-30.75
-16.625
-2.125
-0.875
-0.75
-0.625
-0.625
2.625
11.75
19.125
16.125
5.25
3.25
-0.875
3.125
11.625
5.5
1.375
2
2.625
5.875
7.375
5.875
3.875
1.625
1.5
2.875
3.125
-0.625
-6.25
-9
-8.25
-10
-6.625
-5
-8
-8.875
-14.25
-20
-25.25
-25.5
-20.25
-10
0.875
4.375
2.625
-2.625
-5
-3.25
-0.125
3
2.75
2.875
1.125
0.625
1.375
2.125
2.375
0.75
-1.625
-2
1.75
4.75
7.375
12.5
16.875
13.5
11.375
1.5
-17.25
-32
-50.25
-65.625
-75.375
-72.625
-57.375
-37.875
-18
-5.625
-4.125
-5
-4.375
-3.75
-1.75
0.125
3.875
3.625
0.75
-1.875
-2.5
-0.125
1.875
-0.25
-5.25
-7
-2.625
8.25
23.125
36.625
44.5
38.375
26.75
4.75
-24
-45.375
-63.5
-73.25
-71.875
-64.625
-48.5
-34
-23.625
-11.125
-8.25
-6.375
-2.875
-3.625
-4.125
-3
3.625
3.625
0.75
-7.125
-12.5
-10.25
-6.625
-5.25
-10
-11.75
-7.875
7.875
33.375
51.25
58.375
55.375
35.25
16.125
4.75
0.25
9.875
19.75
29.5
28.125
20.375
4.25
-13.75
-14
-8.125
-7.625
-3.875
-7.125
-12.875
-7.375
1.25
2.5
0.875
-11.625
-23.5
-23.25
-18.5
-11.375
-8.375
-9.375
-7.125
10.25
34.25
49.625
56.5
55.5
38.25
32.25
39.375
50.875
76.125
92.375
96.125
86.625
60
25.25
-2.375
-12.375
-7.125
-6
-5.875
-12.125
-16.875
-10.75
-2.5
-0.375
0.25
-7.5
-19.875
-20.25
-12.375
-4.625
-4.625
-13.875
-18.125
-6.375
16.25
33.25
41.25
44
38.5
36
35.5
34.125
40.875
46.25
46.25
40.25
17
-5.625
-14.75
-14.25
-6.75
-4.625
-9.75
-18.125
-15.75
-9.25
-5.375
-2.625
0.5
-0.875
-11.75
-16.875
-8.75
2.125
-0.875
-21.5
-37
-41.125
-23
2.75
13.75
19.375
19.625
17.625
12.875
5
1.375
-0.25
-5.125
-18.625
-35.875
-40.125
-29.375
-14.625
-11.875
-15.125
-23.25
-25.125
-11.25
-3.75
-4.625
-1
4.375
5.25
-7.625
-24.125
-27.25
-15.5
-3.75
-14.125
-33.75
-53.375
-55.625
-33.875
-14.875
-3.375
0.625
2.125
2.25
0.25
-1.375
-7.625
-25
-46
-54
-44.125
-23.125
-11.125
-19.625
-28.625
-33.25
-24.375
-6.75
-1.5
-3
0.375
6
7.75
-2.125
-23.625
-40.75
-39.25
-21.25
-6.25
-13.75
-35.75
-57
-61.125
-47.125
-30.25
-20.75
-16.875
-15
-16.25
-20.25
-32.875
-51.125
-58.375
-51
-30.5
-10.5
-12.375
-24.625
-31.75
-30.125
-17.125
-5.25
-2.375
-3.25
-1.625
2.25
3.875
0.375
-14.375
-34.75
-45.125
-38.125
-12.25
1.5
-6.875
-29.25
-59.25
-75.125
-72.25
-67.625
-64.625
-62.625
-65
-68.375
-74.375
-67.25
-49
-28.875
-8.75
-5.75
-19
-27.75
-28.5
-22.5
-11
-4.875
-3.375
-2.875
-4.625
-4.375
-3.875
-3.5
-7.125
-19.5
-34
-40.75
-27
-1
13
7.125
-21.625
-60
-85.5
-97.5
-101.875
-103.375
-103.25
-98.875
-83.5
-50.25
-21.5
-2.125
1
-16.875
-29.5
-30.375
-23.375
-13.375
-4.875
-2.875
-3.375
1.125
-2.75
-7.25
-7.5
-5.125
-1.375
-2.625
-14.625
-31
-41.875
-30.625
-6.875
11.125
17.875
7.375
-16.875
-34.125
-42.25
-46.875
-43.5
-33.75
-13.125
2.625
6.125
1.25
-18.875
-36.125
-34
-21.25
-6.375
4.625
6.875
2.75
-0.5
5
1.75
-5.25
-3.625
1.25
9.125
18.125
15.75
5.125
-14.375
-29
-24.25
-5.375
25.25
56
67.75
70.375
71.875
70.75
70.75
71.125
67.875
47.5
27.125
8.625
-5.5
2.25
18.875
37
51.125
50.875
37.875
21.75
7.625
4.375
1.25
-5.25
-2.25
6.875
21.25
41.125
55.375
63.125
61.5
45.125
28.25
23.25
31
51
72.875
88.125
95.625
98.875
96.375
88.125
73.875
58.5
53.125
55.125
68.75
90.375
105.625
113.875
115.375
99.875
72.125
43.375
17
2.75
0
-4.875
-5
4.375
23.5
49.375
74.125
92.875
102.375
98.25
84
67.375
51.375
41.625
41.125
44.125
45
46.5
46.75
44.375
43.625
51
63.75
79.375
97
108
113
114.75
109.375
95.375
71.75
43.125
19.125
1.5
0.125
-2.125
-4.875
0.25
16.875
38
58.625
74
77.25
75.125
70.125
59.375
46
32.125
21.75
15.25
11.25
10.25
11.875
15
20.875
30.5
39.875
48.125
53.875
54.625
54.125
56
57.75
56.25
47.625
31.875
15.75
0.5
0.25
0.125
-0.625
-0.5
0.75
1.125
1.125
1
0.375
-0.125
-1.5
-3.375
-3.125
-1
2.5
3.25
-5.125
-16.75
-22.875
-20.875
-6.125
13.75
15.75
6.125
7.25
10.25
7.625
5.25
3.125
1.75
1.625
1
-0.125
-0.5
-0.375
0.5
0
-0.25
0.625
1.125
1.625
1.5
0.375
-0.75
-2.75
-5.125
-5.25
-2.875
2
4.125
-5.625
-19.875
-24.625
-18.875
-4.5
11.375
11.625
4.125
7.875
12.25
11.125
10.25
7
2.625
1.75
2.125
1
-2
-1.625
0.375
0.625
0
0.5
1.875
2.875
1.75
-0.125
-1
-3.125
-6.625
-7.875
-5.625
0
2.75
-6.25
-19
-22.25
-15.625
-2.5
9.375
7.25
1.375
6.625
11.5
12.5
15
12.25
4
1.125
3.375
2.75
-2.875
-2.125
0.375
0.5
-0.125
1.75
4
4.5
2
-1
-1.875
-3.75
-7.375
-10
-9.25
-3.375
1.75
-4.5
-16.5
-19.5
-12.125
-0.625
6.75
3
-0.375
5.125
9
12.625
19
16
4.125
0.375
5
5.5
-3.375
-2.375
-0.125
-0.375
0
4.25
7.375
6.375
2.375
-0.875
-1.75
-3.125
-6
-7.625
-4.75
-2
-0.625
-0.625
-9.625
-20
-18.5
-7.25
1.5
0.125
-0.75
4.375
7.5
11.25
17.75
15.375
4.5
2
7.125
6.875
-2.75
-2.625
-1.75
-1.5
1.5
8
10.375
7.375
2.5
-1
0.125
3.625
4.5
4.375
6.625
3.875
0.25
3.125
-3.125
-18.625
-25.75
-20.75
-13.625
-12.375
-8.25
1.5
6.375
8.5
12.5
11.125
5
5.375
9.125
6.625
-1.5
-1.625
-2.125
-1.75
3.625
11.625
12.625
8.5
4.5
3.25
9.25
16.375
15.25
11.625
10.375
3.375
-1.25
4.25
0.25
-14.5
-23.625
-23.125
-19
-20.75
-21.375
-12.125
-2.875
2
5.25
4.75
4.75
9.75
11.125
5.25
-0.625
0
-1
-0.625
5.375
13
14.375
12
12
17.125
25.625
25.125
13.875
7.75
5.875
-3
-7.625
1
3.25
-7.75
-16.375
-15
-8.125
-12.625
-29.25
-33.25
-21.875
-11
-5.5
-2.125
5.125
13.625
11.875
2.375
-0.625
1.5
1.75
2
6
11.875
15.75
19.625
27.875
36.75
33.625
14.625
0.625
3.625
3.5
-1.625
-3.25
-1.875
2
-3.25
-11.375
-11.375
-3.375
-0.5
-20.75
-42.625
-42
-29
-18.125
-8.625
4.75
14
9.75
0.375
-1
3.375
5.25
4.5
5.75
10
19.75
36
50.125
46.375
19.375
-8.375
-11
2.25
6.625
8.875
8.75
0.625
-1.375
-6.5
-13.875
-13.125
-5
5
-3.125
-28
-46.125
-47.75
-37.25
-19
0.625
10.5
6.875
0.375
-2.375
3.5
7.125
5.875
5.375
13.625
34.875
55.875
57.625
31.875
-1.125
-12
-4
6.625
11.5
17.25
15.125
2.125
-2.375
-9.75
-17.75
-14.25
-8.625
-4.75
-3.375
-10.5
-29.25
-48.75
-54.625
-37.25
-8.75
4.875
3
0.25
-4.25
1.375
7.125
7.25
9.5
26.875
53.5
63.75
44.875
9.125
-10
0
12.625
17.625
21.5
27.5
22
5.25
-2.875
-13.25
-23.875
-23.125
-22.125
-22.75
-14.625
-4.625
-10
-29.875
-53.5
-55.375
-28.125
-6
-0.875
0.25
-4.875
-0.25
5.875
8.125
17.75
45.625
68.625
58
22.25
-7.125
-1
26.25
32.625
22.5
20.5
24.125
18.5
5.75
-2.625
-10.375
-18
-19.5
-24.125
-37
-36.125
-17.5
-5.125
-9.5
-35.875
-63
-53.25
-22.375
-4.125
0
-5
-1.375
4.875
10
28.625
65.25
75.875
37.875
-2.625
-2.25
31.375
53
37.875
14.875
7.875
7.875
4.75
1.125
-0.25
-2.5
-5
-4.375
-9.125
-30.625
-50.625
-47.125
-24.875
0.125
-8.25
-56
-75.25
-41.25
-8.75
-1.125
-4.125
-0.875
5.625
14.125
42.5
80.75
67.5
8.75
-13.75
26.125
63
49
18.375
4.375
1.375
2.875
5.75
4.875
1.625
-0.25
-0.875
-0.625
-1.875
-13.125
-38.5
-63.625
-57.5
-11
16.25
-34.875
-88.25
-60.5
-15.25
-2.625
-3.25
0.75
7.5
20
56.375
87.625
49.125
-14
-4.875
58
70
17
-15.75
-8.375
-1.5
7
24.625
24.5
8.75
0.75
0
0
0
-2.875
-21.375
-60.875
-79.75
-34.625
23.75
-10.125
-86.875
-76.5
-25.25
-5.25
-2.625
2.375
10.5
27.25
67.875
87.375
29.125
-25.875
13.625
79.875
58
-17
-41.5
-21.625
-7
9.75
42.875
51.25
22.125
1.875
0
0
0
0
-9.25
-45.25
-81.625
-59.5
5
3.75
-67.375
-82.375
-38.125
-8.625
-2.25
2.875
13.125
35.25
77.5
83.875
12.5
-31.75
26.625
89.375
45.625
-44.375
-66.375
-34.25
-9.75
15.75
63.25
75.75
32.875
2.625
0.125
0.25
0.125
-0.125
-6.375
-35.25
-73.875
-69.375
-11
7
-54.875
-83.125
-45.125
-11
-1.625
2.25
13.875
40.625
84.125
80.125
0.375
-33.375
40
96.375
32.375
-65.875
-84.75
-45.25
-10.25
20
74.375
94.75
41.25
-2.125
-6.5
-5.5
-4.5
0
4
-17.5
-60.125
-72.375
-27.125
4.375
-42
-80.5
-50.375
-12.25
0.25
1.375
12.125
42.875
88.875
78.375
-6.375
-34.5
45.625
98.75
28.5
-66.5
-82.375
-45.75
-7.875
17
64.125
91.75
33.75
-18.25
-18
-11.125
-6.625
4.375
21.625
7.375
-46
-75.375
-38.875
0.75
-33.375
-75.75
-51.5
-12.125
2.625
-0.375
7.75
41.625
91.75
80.875
-6.375
-38.5
37.25
96
39.375
-53.75
-75.375
-37.375
-0.25
12.875
48.25
73.25
15.25
-34.625
-26.25
-12
-4.125
9.625
32
19
-42.125
-71.625
-28
1.375
-43.375
-75.375
-45.375
-10.5
5.875
-1.875
2
33.125
86
86.5
3.375
-39
28.5
94
51.125
-35.375
-58.125
-25.75
2.375
2.125
25.25
55.375
13.5
-31.25
-25.625
-12.25
-4.5
6.875
28.375
15.75
-47.5
-69.75
-17.875
2.125
-50.375
-75.375
-40.875
-8.875
9.75
-1.5
-2.875
23.125
74.75
89.5
20
-35.375
13.875
88.125
66.625
-11
-35.5
-12.375
3.5
-4.5
8.5
33.75
5.375
-26.625
-19.125
-6.375
0.375
6.875
14.75
-9
-62.375
-58.375
2.875
-0.75
-67.625
-76.625
-33.375
-7.25
11
0.875
-3.25
12.5
57.875
91.25
44.875
-23.125
-8.625
62.375
76.875
23.375
-8.25
-1.5
2.5
-7.25
-0.75
17.5
6
-11.125
-7.625
-0.75
2.5
-2.25
-17
-44.875
-68
-36
16.25
-15.625
-83.25
-70.625
-23
-5
11.625
5.875
0.75
3.375
34.5
81.625
68.25
3.375
-16.375
27.75
62
49.375
24.5
10.5
2.5
-4.875
-2.875
9.125
11.125
4
0.375
-0.75
-5.625
-22.875
-46.125
-62.125
-57.375
-17.375
10.625
-35.875
-85.5
-57.625
-14.5
-3.5
11.125
12.5
8.375
0
14.125
61.625
76.5
30.75
-9
0.625
33.75
53.375
47.375
27.625
12.625
4.875
1.875
2.875
2
-0.25
-1.875
-7.375
-21.5
-40
-51.25
-51.125
-34.625
-5.375
-5.625
-54.125
-78
-41.375
-7.75
-2.5
9.5
18.625
17.75
-0.25
-2.875
37.875
70
50.5
9.25
-10
7.75
38
49.5
40.375
24.125
12.75
7.75
3.125
-0.5
-2
-4.75
-16.625
-37.875
-50.875
-44.5
-27.75
-12
-8.125
-31.375
-65
-60.375
-23.875
-2.75
-1.125
9.5
21.875
24.5
2.375
-15.875
11.625
51.75
58.625
35.875
7
-1.5
13.125
30
35
24.875
15
12.625
5.875
-2.125
-5.5
-7.125
-19.375
-38.75
-41
-24.625
-8
-7.25
-25.75
-51.5
-60.75
-40.5
-13
-1.125
-0.375
8.875
20.625
25.875
5.875
-18.25
-2.875
30.75
48.75
46.75
31.75
17.5
6.75
4.625
11.625
11.75
8.5
9
4.375
-1.875
-4
-4.125
-11.5
-20.75
-19.5
-13.375
-8.75
-17.375
-39.5
-53.625
-46.875
-26.625
-8.875
-1.125
0.125
8.875
16.5
22.25
8.5
-13.375
-6.625
16.625
32.875
39.25
38.375
35.125
22.125
4.375
-1.625
0.875
3.875
2.625
-0.75
0.125
-0.5
-2
-3.375
-6.375
-12.375
-20
-21.375
-26.125
-37.75
-39.75
-30.625
-21.125
-12.375
-4.75
-0.75
7.75
8.75
15.25
13.125
-0.25
-0.625
13.625
26.25
29.625
31.125
40.25
37.5
13.625
-4.25
-3
3
0.625
-2.375
1
0.25
-2.125
1.125
2.25
-10.875
-27.125
-27.5
-24.75
-26.875
-25
-21.125
-24.375
-29.375
-22
-8.125
6.375
1
6.75
15.75
16.375
15.75
23.625
31.375
25.875
18.75
30.875
43.5
28.5
4.5
0.75
4.875
-1.625
-4.375
2.375
2.625
-1.875
1.375
0.25
-18.625
-31.375
-24.5
-16.875
-12.875
-10.625
-18.125
-38.375
-54.875
-45.875
-20.75
4.25
-5
0.875
16.5
29.875
37.25
45.375
45.625
28.375
9.875
12.75
30.5
33.875
19.625
12.375
11.375
2.125
-2.75
2.25
1.25
-5.125
-5.875
-11.75
-24.5
-23.625
-13.25
-6
-0.75
-2.25
-18.625
-52.625
-82.75
-75.125
-37.625
1.5
-9.125
-1.625
17.375
39.25
59.375
72.75
63.625
34.75
11.25
5.125
10.625
16.625
16
13.125
11
6.25
1.75
0.25
-2.125
-5.75
-7.375
-10
-11.625
-6.875
-1.875
0.375
1.625
-3
-19.25
-59.75
-107.125
-105.375
-55.5
-5.11111
-5.38889
-5.83333
-5.72222
-5.05556
-4.27778
-3.94444
-3.77778
-3.72222
-4.11111
-5.5
-7.66667
-10.1111
-12.2222
-14.1667
-16.2778
-17.9444
-17.8889
-16.5
-16.1111
-17.4444
-18.5
-19.2222
-21.1667
-23.4444
-23.5
-20.1111
-16.5556
-13.4444
-9.66667
-5.88889
-3.66667
-8.16667
-8.88889
-9.22222
-8.61111
-7.33333
-6.16667
-5.66667
-4.94444
-4.66667
-4.88889
-6.33333
-8.55556
-11.1111
-14.1667
-16.7778
-18.7778
-19.5556
-18.3333
-15.6667
-13.1111
-12.7778
-12.8889
-14
-17.0556
-20.7222
-22.4444
-20.2222
-18.2778
-16.3889
-13.1111
-9.22222
-6.61111
-11.3333
-12.3889
-12.6111
-11.8889
-10.5
-8.88889
-7.5
-5.72222
-4.66667
-4.05556
-4.33333
-4.5
-4.38889
-6.11111
-6.66667
-5.55556
-3.72222
-2.44444
-1.72222
-0.111111
-0.777778
-3.22222
-6.61111
-10.1111
-13.4444
-15.5556
-15.6667
-16
-16
-14.8333
-12.6667
-10.7222
-15.8889
-16.7222
-16.1111
-14.7778
-13.2222
-11.2778
-9.05556
-6.72222
-4.83333
-2.22222
1.5
7.05556
13.9444
19.3333
25.7778
32.7778
38.1667
40
38.2222
35.6111
28.8889
19.6667
10.2222
2.22222
-4
-8.38889
-11.5556
-14.3889
-16
-16.7222
-16.8333
-16.1111
-20.6111
-20.5
-18.9444
-17.1111
-15.3333
-12.9444
-9.5
-5.72222
-0.333333
6.66667
16.1111
28.2222
41.4444
51.8889
60.9444
69.7222
76.2222
78.0556
75.3333
71.7222
64.3889
52.7222
38.8333
26
15.1111
5.11111
-4.94444
-12.3333
-16
-18.3889
-20.5
-21
-23.7778
-22.4444
-20.1667
-17.8889
-15.7778
-12.7222
-7.61111
-0.277778
10.2222
21.4444
34.2778
46.9444
56.8889
63.2778
65
66.3889
67.9444
70.0556
72.7778
74.9444
77.7222
75.7778
66.8889
53.6667
38.8333
22.6111
4.22222
-9.83333
-17.1111
-21.0556
-24.2778
-25.6111
-24.1111
-22
-20.2778
-18.3333
-15.7222
-11
-1.83333
11.1667
24.9444
35.3333
43.9444
48.1667
44.7778
38.5
28.5556
22.7222
19.4444
20.5
27.1111
33.9444
48.9444
62.3333
67.5
64.3889
54.9444
40.7222
19.7222
-0.222222
-12.8889
-20.2778
-24.8889
-27
-22.1111
-19.9444
-19.0556
-17.3333
-13.1667
-4.72222
8.77778
22.4444
31.0556
34.7222
34.3889
27.5556
14.2778
5.55556
-0.222222
-0.833333
-0.611111
1.66667
6.5
7.55556
16.1111
29.3889
42
49
48.9444
43.6111
32.1111
15.2778
-1.16667
-13.8333
-21.5
-24.6667
-18.7778
-17.6667
-17.5
-14.3889
-6.27778
6.16667
19.1667
25.3333
26.2778
24.2222
17.8889
7.94444
0.166667
4.66667
13.8889
24.3889
31.9444
35.6111
34.5
26.5
17.8333
14.1111
18.9444
27.1667
33.2222
35.3889
35.6111
30.0556
16.3889
0.222222
-12.1111
-18.2222
-15.2222
-15.2778
-13.7778
-6.88889
5.38889
18.1667
23.7778
20.6667
18
16.1111
11.1111
7.72222
15.8889
34.6111
53.2222
65.0556
73.8889
78.2222
75.1111
67.8333
50.7778
32.8333
23.3889
22.6667
26.4444
29.2222
33.7222
37.5556
31.5
17.8889
2.72222
-8.66667
-13.1667
-13.8333
-9.88889
1.38889
14.6111
21.6667
18.7778
15
17.8889
20.1667
21.7222
29.6111
47.8889
63.8333
70.4444
69.4444
69.2222
70.1667
70.7778
74.9444
71.8889
60.6667
46.7778
37.0556
34.1667
34.1111
33.1111
35
35.3333
30.1111
17.7222
1.44444
-12.5
-11.9444
-4.11111
8.55556
16.6111
15.2778
10.9444
15.8889
21.6111
24.3333
30.7778
45
59.4444
59.3889
52.6667
43.0556
36.8889
35.5556
39
48.6667
58.3333
63.6667
58
45.9444
37.6667
37.6667
36
28.7222
27
28.7778
24.4444
8.94444
-11.1667
-8.5
1.83333
11.8333
12.5556
6.33333
6.94444
18.5556
21.7222
21.5
28.7778
41.2222
43.1667
30.2222
18.7222
10.6111
5.55556
4.83333
9.61111
17.8333
30.2222
45.0556
51.1111
44.3889
34.0556
32.4444
34.5
22.6667
14.5556
16.1667
19
11.0556
-7.88889
-3.16667
8.27778
13.7778
9.33333
3.55556
9.5
19.8333
14.2778
6.72222
7.44444
8.83333
-4
-20.8889
-25.1111
-21.5
-16.3889
-10
-1.33333
3.83333
9
20.8333
31.8889
32.0556
24
20.3333
27
19.6111
8.27778
5.38889
9.88889
10.2778
-3.55556
2.33333
12.5556
14.1111
8.66667
6.77778
14.9444
18.3333
6.44444
-5.16667
-12.2222
-23.9444
-47.5556
-64.6111
-62.3333
-51.1667
-38
-24
-9.33333
-0.222222
1.61111
6.88889
16.7222
23.0556
20.6111
14.1111
17.0556
18.7778
10.4444
2.77778
3.33333
8.5
0.0555556
6.38889
14.1111
13.3333
9.05556
10.2778
17.6111
15.3333
1.44444
-12.5
-25.7778
-45.8333
-73.5
-89.3333
-83.7222
-68.6111
-50.8333
-32.2778
-13.8333
-1.61111
-0.5
0.777778
6.16667
13.7778
16.4444
11.5
10.3889
16.5556
13.6667
5.94444
2.66667
7.33333
1.77778
7.5
12.0556
9.94444
7.05556
9.72222
15.6111
11.4444
1.11111
-6.83333
-17.2778
-34.3889
-54.4444
-67.3889
-62.7778
-53.3889
-41.2778
-29.1111
-19.3333
-10.5556
-12.9444
-14.5556
-10.9444
-1.66667
5.88889
5.44444
3.83333
11.5556
11.5556
4.66667
0
4
2.27778
6.55556
8.77778
6.83333
4.94444
6.55556
9
5.38889
0.833333
-2.22222
-6.83333
-13.6111
-19.8889
-26.3333
-25.1667
-23.3333
-22.5
-24.6111
-29.9444
-32.8333
-41.6111
-45.2778
-40.6111
-30.0556
-19.1111
-11.4444
-5.11111
1.94444
3.44444
0.5
-1.61111
0.5
1.72222
3.55556
4.22222
2.94444
1.44444
1.33333
1.33333
0
0.611111
3.66667
7.33333
12.8333
19.7778
18.2778
15.6111
7.88889
-4.83333
-22.3889
-42.2778
-54.8889
-68
-72.8889
-65.0556
-52.5
-39.7778
-26.4444
-14.6111
-6.44444
-5
-5.11111
-4.11111
-3.05556
1.16667
-0.444444
-1.77778
-2.33333
-3.44444
-5.61111
-8.44444
-6.38889
-1.61111
4.16667
13.6667
28.1667
43
46.3889
40.8333
29.7222
12.5
-8.05556
-26.8333
-38.3333
-43.8889
-46.3889
-41.2778
-36.6667
-32.5556
-23.7222
-15.4444
-12.6667
-12.2222
-8.72222
-4.77778
-6.11111
0.444444
-4.55556
-9.33333
-9.72222
-9.83333
-13.2778
-17.7222
-12.2778
-3
6.44444
19.3333
38
56.6667
64.4444
58.6111
47.4444
33.6111
20.3889
11.1111
7.44444
13.2778
14.8889
12.0556
3.33333
-4.94444
-6.44444
-8.83333
-15.7222
-16.5
-10.6667
-6.33333
-10.2778
-0.611111
-8.38889
-16.4444
-15.9444
-13
-16.2222
-24.2778
-19.5
-6.94444
3.27778
13.5556
29.7778
50.7778
65.1667
61.2222
54.1667
49.5
48.5556
50.6667
54.1111
67.5556
69.5
54.5556
33.0556
16.4444
6.38889
-6.77778
-20.9444
-19.4444
-11.9444
-10.0556
-16.1111
-0.777778
-7.77778
-18.0556
-18
-12.3333
-13.1667
-23.5
-26.5556
-15.0556
-5.83333
-1.77778
6.5
26.5
48.3333
51
47.1667
45.6111
47.2778
48.8333
48.4444
53.9444
50.8889
32.5
13.7222
3.33333
-3.77778
-16.8889
-26.9444
-20.6111
-13.7778
-15.5556
-21.1111
-0.0555556
-5.11111
-15.6111
-18.3333
-12.8889
-10.6667
-21.2222
-33.1667
-28.6111
-23.0556
-24.9444
-26.3333
-12.1667
12.5
22.4444
24.5556
26
28
27.7222
22.6667
17.1111
5.55556
-11.2222
-20.6667
-22
-25.1111
-33.8889
-32.5556
-22.7778
-19.6111
-23.7222
-24.0556
2.05556
0.222222
-9.83333
-18.6667
-19.6667
-17.3889
-22.7778
-36.0556
-38.7222
-36.4444
-39.6111
-47.2222
-45.4444
-28.0556
-13.7222
-6.16667
-3.55556
-3.38889
-6.27778
-16.3889
-30.7778
-43.7222
-50.3333
-47.6667
-42.2778
-41.2222
-41.0556
-32.3333
-25.2778
-26.4444
-29
-22.5
2.16667
2.05556
-5.55556
-18
-26.6667
-28.7222
-30.4444
-35
-39.1667
-40.0556
-42.8333
-52.3333
-63.0556
-64
-57.6111
-49.1667
-44.8889
-43.6111
-44.0556
-52.2222
-61.1111
-64.9444
-60.5556
-50.9444
-43.5556
-40.7778
-37.7222
-30.6111
-28.3889
-30.8333
-29.4444
-18.2222
-0.222222
0.722222
-3.77778
-15.5
-28.1667
-35.4444
-37.2778
-33.7778
-31.9444
-31.0556
-32.1667
-40.2222
-56.7778
-75.1667
-86.4444
-89.3889
-90.3889
-90.8333
-89.9444
-90.0556
-83.6667
-72.4444
-57.5556
-43.5
-35.1667
-32.2222
-31.4444
-29.6111
-29.9444
-29.4444
-23.4444
-12
-3.27778
-1.88889
-3.44444
-10.4444
-20.6111
-29.8333
-36.1111
-35.2778
-30.1111
-25.6111
-23.8889
-26.0556
-33.8889
-50.8889
-71
-84.2778
-90.2778
-92.3889
-91.5
-83.5
-67.0556
-52.3333
-40.3889
-31.6667
-27.2778
-27.7222
-29.7778
-28.2778
-25.1111
-19.3333
-11.2222
-3.77778
-4.77778
-2.61111
-1.83333
-3.55556
-6.61111
-10.3333
-16
-22.3333
-20.7778
-14.7778
-10.6111
-7
-1.72222
-3.38889
-14.2778
-26.2222
-31.3889
-33.0556
-33.5
-24.1111
-12.2222
-5.83333
-3.94444
-3.66667
-3.66667
-5.27778
-3.77778
2.77778
8.5
13.4444
16.1111
14.1111
-3.5
-0.5
2.16667
5.83333
11.7222
18.1111
20.8333
13.4444
8.38889
10.1111
13.4444
19.2222
31.5
45.3333
54.1667
56.3333
58.1111
58.7222
56.6667
57.7222
54.2222
48.4444
40.9444
35.4444
34.6667
38.0556
48.6667
58.9444
62.9444
60.3889
51.4444
37.2222
-2.44444
0
4.61111
14.1111
29.1111
46.6111
62.2222
66.8889
63.7778
59.7222
56.4444
55.2778
58.3333
66.5
79.3333
88.5
93.5556
95.2778
94.1111
90
82.0556
78.2222
76.6667
78.4444
85.3889
97.6111
112.222
120.667
117.889
104.111
82.9444
58.6667
-1.16667
-1
3.88889
17.5556
37.1667
58.3889
80.5556
96.5
100.667
94.8333
86.3889
78.5
70.3889
66.2222
69.2778
73.6667
75.6667
76.3333
76.7222
74.2222
71.9444
75.1667
81.2222
89.2778
99.7222
112.722
124.278
128.611
123
106.667
84.2222
60.5556
-0.777778
-0.0555556
0.166667
0.611111
1.38889
2.27778
2.38889
1.55556
0.277778
-1.44444
-3.83333
-6.22222
-6.66667
-4
-0.944444
-2.27778
-10.3889
-21.2222
-26.5
-20.4444
-5.22222
7.72222
12.8889
10.3889
10.5556
11.9444
14.8889
13.8889
11
6.55556
3.55556
2.33333
-1.27778
-0.555556
0
0.5
2.11111
3.5
3.88889
2.38889
0.111111
-2.33333
-5.33333
-8.22222
-9.55556
-7.05556
-3.11111
-3
-10.2222
-20.6667
-25.2222
-18.8889
-4.88889
5.55556
9.55556
7.83333
10.0556
13.2222
17.7778
17.3889
13.8333
7.88889
4.44444
3.83333
-2
-1.27778
-0.277778
1.11111
3.94444
5.88889
5.94444
3.38889
0.333333
-2.38889
-5.22222
-7.5
-7.94444
-5.44444
-1.55556
-1.55556
-7.72222
-19
-26.0556
-22.6667
-10.5556
0.111111
5.05556
5.66667
9.11111
13.2222
18.1111
18.3333
15
9.16667
6.22222
5.94444
-2.66667
-1.94444
0.111111
3
7.11111
8.72222
7.5
3.61111
0.833333
0.111111
0.611111
1.16667
1.94444
2.66667
3.88889
1.77778
-3.94444
-15.5556
-25.3333
-27.6111
-21.5556
-14
-8.44444
-3.66667
3.66667
10.3889
16.2222
17.2778
15
10.5
8.38889
8
-2.72222
-1.83333
0.944444
5
10.1111
11.6111
9.94444
6.38889
6.11111
8.55556
11.1111
10.4444
8.11111
4.44444
2.72222
-0.0555556
-2.77778
-10.9444
-19.4444
-24.3889
-22.7222
-20.0556
-18.7222
-17
-9.77778
-0.666667
8.5
12.2222
12.6667
10.8333
10.5
9.77778
-1.77778
-1
1.61111
6.22222
12.2222
15.1667
15.5
15.3889
18.2222
20.5556
18.7222
11.5
4.22222
-2.16667
-4.66667
-5.38889
-3.94444
-6.61111
-12
-15.8333
-13.6111
-12.4444
-16.3333
-24.6667
-25.5
-18.6111
-6.55556
1.72222
6.66667
9.38889
11.7222
11.0556
-0.222222
0.777778
2.94444
7.44444
14.1667
20
25.2778
29.9444
31.9444
26.3333
15.2778
5.16667
1.33333
0.388889
-1
-0.833333
-1.88889
-4.5
-12.8889
-17.7222
-15.2778
-9.77778
-10.1667
-21.1667
-31.6111
-33.2778
-24.7222
-13
-2.55556
6.27778
11.5556
11.3333
1.11111
2.94444
4.94444
9.44444
17.2778
27.9444
39.2222
44.4444
38.1667
21.3889
6.83333
3.44444
9.61111
15.6667
14.6667
11.6111
4.16667
-3.88889
-18.1667
-27.6667
-29
-21.0556
-13.8889
-16.2222
-26.8333
-37.6111
-40.1111
-31.8333
-16.2778
0.0555556
9.61111
10.2222
1.77778
4.55556
6.94444
12.9444
24.7222
40.9444
52.6111
50
35.5
17.5556
11.2222
12.6111
18.6111
21.1111
18.2222
13.9444
4.72222
-2.72222
-14.8333
-22.9444
-27.6111
-27
-24.8333
-25.3889
-28.7778
-37.9444
-46.8333
-46.8333
-32.7222
-11
3.66667
7.33333
2
5.94444
10
19.3333
35.9444
54.1667
60.5556
50.3333
33.5556
20.5556
18.1111
16.5
16.3333
15.6111
13.5556
11.2778
3.11111
-2.11111
-10.5556
-14.2778
-16.6667
-19.1667
-24.5
-32.4444
-36
-39.8889
-47.0556
-52.6667
-47.2778
-27.2222
-8.27778
1.77778
1.94444
6.94444
13.8889
27.9444
48.5
64.8889
64.2222
49.2222
33.2222
23.7222
20.7222
16.6111
14.5556
15.0556
14.5556
13.1111
4
-2.16667
-11
-13.6111
-14.5556
-15.4444
-21.6667
-32.6111
-39.3889
-40.8889
-44.5556
-52.1111
-56.5556
-44.4444
-24.1667
-6.88889
1.5
7.83333
19.2222
38.6667
61.3889
71.7222
62.8333
44.2222
31.1667
25.7778
24.4444
22
21.4444
23.2778
22.4444
18.9444
7.33333
-2.33333
-13.7778
-19.2222
-23
-23.7778
-26.7778
-33.0556
-38.8889
-39.8889
-40.6667
-48.8333
-60.4444
-59.7778
-40.7778
-17.6111
1.5
9.27778
26.2778
51.1667
74.3333
74.3333
54.5
33.2222
28.6111
33.5
35.8889
30.6667
24.8333
22.7778
22.3889
19.3889
10.5556
0.166667
-9.61111
-15.5
-21
-26.9444
-34.4444
-42.0556
-45.6111
-42.7778
-36.2778
-43.3333
-60
-72.1667
-56.1111
-29.1667
1.55556
11.6111
35.0556
64.5556
84.7778
70.5556
40.7222
23.8333
34.5
45.8333
40.4444
21.6111
9.44444
9.11111
16.4444
22.2778
19.8333
10.7778
1.33333
-3.5
-6.77778
-15.7222
-31.8889
-52.1667
-62.4444
-54.8889
-34
-32.6111
-53.3889
-79.6111
-70.6667
-41.9444
3
15.8889
45.1111
75.8889
88.2222
59.4444
28.8333
26.3333
49.4444
53.0556
26.6667
-3.27778
-13.1111
-2.72222
17
33.5
37.4444
24.3333
9.44444
0.222222
-1.27778
-6.11111
-19.9444
-45.7222
-68.8333
-69.6667
-43.9444
-29.6667
-45
-78
-79.6667
-53.0556
5.05556
21.0556
54.5556
83.8889
86.2778
46.7222
21.1667
33.5556
62.7778
51.2778
4.66667
-31.2778
-32.2778
-8.11111
23.9444
48.8333
55.2778
36.1667
14.7222
1.27778
0.166667
-1.22222
-10.1667
-34.7778
-66.6667
-80.3889
-56.8333
-33.5556
-38.1111
-74.3889
-83.4444
-60.8889
6.55556
25.1667
62.1667
89.3889
83.2778
36.3889
17.2778
40.2222
70.7778
44.0556
-17.0556
-55.6111
-47.1111
-11.8333
31.3333
62.3889
71.3889
44.6667
15.4444
-4.11111
-5.5
-2.88889
-3.61111
-19.1111
-51.6667
-78.3333
-66.6111
-42.1111
-35.8889
-67.7778
-82.4444
-65
7.16667
27.6667
67.7778
93.9444
81.1667
28.7778
13.7778
43.5
74.0556
36.7778
-33.2778
-72.7222
-56.8889
-14.6667
36.5
70.2222
79.8333
43.7222
7.94444
-14.7222
-12.0556
-3.72222
4.16667
-1.94444
-31.3333
-67.2222
-68.7778
-47.9444
-36.2222
-61.8333
-80.3889
-66.7222
6.83333
27.7778
70.1111
96.6111
80.1111
24.4444
11.1111
44.5556
75.5
33.5556
-40.1111
-79.0556
-59.4444
-15.9444
36.6111
69
78.5
36.9444
-0.833333
-22.7778
-14.4444
-1.66667
11.5
9.61111
-17.4444
-58.1111
-66.7222
-49.3333
-36.7778
-59.4444
-79.2222
-66.6111
6.16667
24.2222
66.3333
94.4444
80.7778
26.0556
11.7778
44.1667
76.5
39.7222
-29.6667
-67.0556
-51.5556
-16.6111
27.0556
54.6111
68.3889
33.7222
0.722222
-21.2222
-14.2222
-2.94444
10.1667
8.11111
-17.3333
-58.1667
-67.1111
-50.8889
-38.4444
-59.7222
-77.3333
-63.8889
5.55556
19.1111
58.8889
89.9444
82.8333
31.5
11.9444
39.8333
75.8889
51.5556
-10.2222
-48
-39.1111
-12.1111
20.8333
39.7778
50.2778
21.7222
-4.55556
-21.6667
-14.1667
-2.77778
7.94444
1.77778
-25.9444
-60.3333
-59.7222
-43.0556
-38.2778
-67.1111
-79.4444
-61.3889
5.61111
14.1667
49.6667
83.7222
87
42.2222
14.0556
29.7222
66.2778
60.5
15.1111
-20.8889
-22.7778
-8.61111
12.6667
23.8333
32.3889
10.2222
-9.33333
-22.1111
-14.3333
-4.94444
1.11111
-9.5
-34.1111
-57.2778
-49.5556
-36.7222
-42
-72.2778
-78.6111
-56.1111
7.55556
11.2222
38.9444
72.3333
86.2222
54.5
22.2778
21.5556
50.1667
59.5
37.7778
10.6111
-0.166667
-1.22222
6.55556
10.6111
16.3889
1.61111
-10.1667
-17.2222
-11.2778
-9.55556
-12.7222
-27.8333
-44.4444
-54
-40.5556
-34.1667
-47.9444
-76.4444
-74.7778
-48.7778
11.0556
10.2222
27.8333
56
78.6667
63.5556
35
21.2778
36.1667
50.8333
48.1667
35
22.7222
12.0556
7.22222
5.44444
8.77778
2.66667
-3.38889
-9.66667
-13.1111
-22.3333
-33.3333
-47
-53.7778
-51.4444
-36.3333
-36.5556
-54.8889
-78.0556
-67.7222
-39.8333
15.7222
11.4444
18.0556
37.5556
65.2222
66.5
47.7778
28.6111
29.9444
40.6667
45.7222
43.6667
35.5556
23.9444
13.0556
8.16667
8.66667
7.5
2.72222
-6.61111
-20
-35.6111
-47.8889
-55.2222
-55.0556
-47.3333
-37.0556
-43.2222
-61.8333
-75.3333
-57.8889
-30.1667
20.3889
15.2778
12.7778
22.1111
48.8889
62.3889
54.5556
36.3333
29.9444
35.2778
39.9444
39.2222
33.3889
25.5556
17.1667
11.6111
6
1.27778
-4.38889
-11.3333
-21.7778
-34.1667
-42.8889
-47.3889
-46
-40.3333
-38.3889
-49.9444
-66.0556
-68.6111
-46.4444
-21
22.7778
18.2778
10.5556
10.7222
33.9444
54.1111
55.6111
40.1111
31.1667
34.6111
39.1667
34
24.1111
15.5
10.7778
8.16667
3.61111
0.277778
-3.5
-7.5
-14.4444
-26.8889
-36.8889
-43.2778
-39.5
-36.4444
-41.2222
-55.8333
-65.2778
-56.8889
-33.4444
-12.7778
23.2778
19.4444
8.88889
2.11111
18.6111
41.7222
53.4444
44.1667
33.1111
31.8333
38
36.0556
27.1111
16.2222
9.22222
5.5
1.5
0.277778
-1.94444
-5.5
-14.8333
-29.2222
-39.8333
-41.8889
-34.9444
-33.6111
-41.8889
-54.3889
-57
-45.4444
-26.3333
-10.8889
20.5556
19.0556
11.3889
3
12.3889
32.1111
48.7778
48.7778
39.3333
32.6667
31.3889
30.4444
26.0556
20.1667
13.3889
8.33333
2.5
0.277778
-3.27778
-7.88889
-17.4444
-28.5
-34.5
-33
-28.1111
-30.2778
-39.6667
-48.4444
-49.9444
-43.2222
-33.4444
-21.3333
15.7222
16.6111
15.2778
11.8333
18.9444
33.6667
47.7222
51.2222
45.3889
38
29.6667
22.3333
16.3889
13.8889
11.1667
8.11111
2.77778
0.0555556
-3.66667
-6.72222
-11.5556
-17.4444
-21.9444
-24.7778
-25.4444
-28.9444
-34.4444
-40.0556
-45.6111
-49.9444
-50.5556
-40.2222
9.44444
12.5556
18.9444
25.3333
35.8889
47.2778
52.6667
50
44.4444
40.6111
33.1111
20.2778
8.66667
4.16667
4.11111
3.72222
1.22222
-0.0555556
-1.77778
-2
-2.38889
-6.11111
-13.5556
-22.5556
-25.8333
-26.2778
-25.5556
-29.2222
-41.4444
-59.4444
-72.1667
-64.3333
3.72222
8.55556
22.1111
39.7778
57.0556
67.3889
62.5556
47.7222
35.8889
34.3889
34.0556
25.5
12.9444
4.55556
1.83333
0.222222
-0.444444
0.111111
0.611111
0.888889
-0.833333
-6.27778
-16.1111
-23.7222
-23.6111
-18.5
-14.0556
-17.6111
-37.6667
-69.2222
-95.3333
-90.4444
-11.5313
-11.4688
-10.875
-9.875
-8.90625
-7.9375
-7.28125
-6.46875
-6.4375
-7
-8.09375
-9.96875
-11.0625
-11.5
-11.8438
-11.9063
-11.375
-11.4688
-13.0313
-13.8125
-15.4375
-18
-20.3125
-22
-22.6563
-22.6563
-21.25
-19.3125
-16.5938
-13.5
-16
-15.4688
-14.375
-13.125
-11.9375
-10.5625
-8.71875
-6.03125
-3.53125
-0.9375
1.71875
3.1875
5.75
9.84375
13.75
16.4063
17.625
16.5
12.875
10.125
6
-0.03125
-6.53125
-12.3438
-16.7813
-19.5625
-20.1875
-19.875
-18.75
-17.1875
-20.8438
-19.5313
-17.75
-15.9375
-14.0938
-11.5
-7.25
-1.59375
4.15625
10.4063
16.875
21.8438
27.9063
35.0625
41.1875
45.3438
47
45.5938
41.7188
38
31.75
23.0938
13.375
3.625
-5.4375
-12.5625
-16.9688
-19.5938
-20.875
-21.3125
-25
-23.1563
-20.8125
-18.2188
-14.6875
-9.28125
-1.34375
7.15625
15.9375
25.2188
34.4063
41.5
48.0313
54.625
59.7188
63.4688
65.0313
64.2813
62.8438
61.0938
55.7813
46.9375
36.0625
23.9375
11.2813
0
-9.53125
-16.7188
-21.4063
-24.625
-27.5
-25.5
-22.75
-18.7188
-12.3125
-3.5
6.5
15.5625
25.4688
35.5313
44.4063
52.2813
56.3125
59.3125
62.2813
66.0938
68.375
69.0313
71.1875
71.7188
69.6563
62.9688
52.8438
39.9688
25.2813
12
-1
-12.8125
-21.625
-27.5
-27.875
-26
-22.2813
-15.3438
-5.21875
5.65625
14.9063
22.1563
30.0938
37.625
42.9375
47.1875
46
44.2813
44.6875
47.4063
50.2188
52.9688
57.9063
61.625
64.75
63.5313
58.0313
48.3438
35.9063
23.7188
10.5313
-3.96875
-16.6875
-25.8438
-26.4688
-24.0938
-18.375
-8.5625
3.21875
12.8438
19.9063
25.25
31.3438
35.9063
37.5
38.1875
34.4688
32.7813
33.375
35.6563
38.5625
42
46.0625
48.875
53.9688
56.6875
55.9375
50.625
41.4688
31.8438
21.0313
7.84375
-5.9375
-17.8125
-23
-18.9375
-11.0625
-0.21875
10
16.1563
20.125
24.2813
28.9063
31.4063
31.8125
33.2188
33.9063
38.0938
43.375
47.875
51.2813
53.1563
51.7813
48.2813
48.5313
49.5
49.7813
47.375
40.9063
33.9688
27.2188
18.1875
6.6875
-5.28125
-18.0625
-11.4375
-1.9375
7.6875
13.8438
16.2813
19.9375
26.25
31.0938
32.5
33.2813
35.5938
42.3125
51.5625
58.8438
62.8438
65.7188
67.375
63.1563
56.3438
51.3125
49.6875
49.8438
49.6875
45.5938
38.125
32.0313
26.5938
18.8438
8.6875
-13.2188
-3.875
5.4375
10.5938
11.9063
14.0938
21.4688
31.5625
37.5313
38.375
39.875
44.4688
54.4063
62.8438
66.2188
66.875
68.0313
69.9375
68.5
64.3438
58.0938
53.8438
52.7188
54.3125
52.375
43.3438
34.0938
28.3438
23.7813
17.75
-7.40625
3
9.21875
8.96875
8.4375
14.5938
24.0625
33.4063
36
34.875
37.25
44.5313
54
56.3125
55.7188
55.2188
56.0625
58.0938
60.625
62.4688
58.75
52.875
48.8125
50.3438
52.375
45
34.375
25.4063
20.5938
18.375
-1.46875
7.46875
9.5
6.25
7.78125
17.4063
25.9688
29.625
25.3438
20.1563
20.0625
25
27.875
22.4375
18.5938
19.125
22.375
28.0938
37.4375
47.1563
50.1563
47.3438
42.5313
42.8438
48.25
43.875
33.75
22.3125
14.8438
13.4375
3.78125
9.71875
8.15625
4.625
9.8125
20.625
25.0625
21.0313
9.25
-0.03125
-3.5625
-3.71875
-8.125
-17.7813
-21.25
-17.9688
-11.3438
-2.25
11.4688
26.3125
34.9063
36.5625
33.0313
31.25
36.875
37.75
31.1563
20
10.2188
7.03125
8.53125
11.2188
7.65625
5.84375
13.4063
22.3125
20.6563
8.125
-10.375
-23
-29.9688
-34.75
-42.25
-50.75
-49.8125
-41.125
-30.0313
-18.0625
-3.53125
10.6563
19.4063
23.6875
21.8125
18.0625
22.25
27.0313
25.4688
17.9063
8.53125
3.34375
10.6563
10.8125
6.96875
7.53125
16.0938
21.0313
15.5
-0.8125
-21.2813
-34.9063
-44.1875
-54.1875
-63.375
-68.5625
-65
-54.6875
-42.25
-29.625
-17.25
-5.5625
1.21875
7.5625
9.125
5.8125
7.59375
15.0938
18.2813
16.0938
9.5625
3.15625
10.4375
9.71875
6.71875
8.15625
14.75
16.625
11.25
-1.5
-17.0313
-26.6563
-33.0313
-44.1875
-51.7813
-55.0938
-53.9063
-49.875
-43.875
-38.0938
-33.9063
-27
-23.0625
-15.6563
-10.0313
-9.75
-8.15625
1.65625
8.75
11.4375
8.34375
2.4375
8.40625
8.125
6.125
6.25
8.4375
9.09375
6.78125
-0.84375
-9.3125
-13.0938
-14.8438
-21.4063
-24.9375
-28.25
-32.0938
-35.0313
-37.3438
-40.875
-45.3125
-45.0938
-44.3125
-38.75
-31.7188
-26.3125
-20.8125
-11.4688
-2.875
2.71875
2.9375
0.375
3.03125
3.40625
2.125
0.53125
-0.34375
0
1.34375
2.25
2.96875
5.96875
9.90625
8.09375
6.875
3.96875
-2.375
-10.875
-20.125
-30.9688
-42.0625
-45.9063
-45.8125
-43
-38.125
-31.7188
-25.7188
-18.5313
-11.0313
-5.15625
-3.96875
-4
-2.6875
-1.46875
-1.46875
-4.9375
-9.625
-9.53125
-5.03125
3.96875
14.2188
23.3438
32
37.0938
39.8438
37.6563
30.1563
18.375
5
-9.34375
-22.375
-29.2188
-30.5938
-31.7188
-30.4063
-24.5938
-19.5625
-18.5313
-16.3438
-13.2188
-11.5625
-8.78125
-9
-7.21875
-5.09375
-8.875
-17.4375
-19.5
-13.8438
-0.0625
16.0313
27.2188
35.6875
45.5938
52.6875
54.5
50.6563
42.7188
32.6875
22.4688
14.4063
6.625
2.6875
-3.71875
-7.59375
-6
-6.6875
-14.9688
-20.5313
-21
-17.5938
-12.1875
-15.0625
-14.375
-10.2188
-11.7188
-21.0313
-27.6875
-24.4375
-8.3125
11.4375
22.8438
29.3438
39.0938
47.875
56.375
59.7188
57.5313
53.25
49.5313
45.7188
37.8438
31.4375
21.9063
14.375
9.875
0.3125
-14.2813
-23.9063
-25.875
-20.875
-15.4375
-16.4688
-18.25
-13.25
-11.7188
-20.7188
-32.125
-34.125
-22.0625
-3.1875
7.5625
12.0313
20.4375
30.7813
43.5313
51
52.1875
50.7813
48.7188
43.75
32.8438
22.6563
13.375
7.65625
2.25
-10.2188
-24.1563
-30.75
-30.3438
-23.0938
-18.2188
-15.4063
-20.75
-17.2188
-13
-20.125
-34.8125
-42.9063
-38.5313
-25.0313
-16.1563
-14.5
-10.9375
-3
11.1563
21.75
27.1563
28.8438
27.4063
21.2188
8.90625
-1.03125
-6.625
-9.21875
-15.75
-29.5625
-38.375
-38.5313
-33.375
-25.0313
-22.1563
-12.4375
-21.7188
-22.5938
-18.4688
-21.25
-34.3125
-46.4375
-50.1875
-43.625
-37.0313
-36.9375
-38.75
-38.0313
-29.5313
-21.5625
-16.3438
-14.5313
-16.9375
-23.4063
-32.7813
-37.5313
-36.5
-34.4375
-39.0625
-48.4063
-48.25
-41.375
-33.3438
-26.9688
-26.5
-8.4375
-19.4375
-25.4063
-24.9063
-25.9063
-33.0625
-43.8125
-52.5
-53.5
-50.5313
-51.5
-56.5625
-62.3125
-64.7813
-65.25
-64.3438
-64.3438
-66.875
-69.5313
-71.9063
-69.5
-62.4063
-56.2188
-56.4375
-57.875
-50.5313
-41.0313
-33.2813
-29.0313
-28.4688
-5.5
-15.3125
-24.4375
-28.7188
-30.75
-33.6875
-40.1875
-48.5938
-53.5
-53.75
-54.7813
-59.6875
-67.9375
-75.9688
-81.9063
-84.5
-85.1563
-84.7188
-81.6875
-77.7813
-70.5938
-62.5
-56.9063
-55.25
-51.7188
-43.125
-36.0938
-30.6563
-27.5313
-25.1875
-2.90625
-8.96875
-17.4063
-23.7813
-26.375
-25.8438
-26.5938
-31.375
-36.4375
-38.4375
-38.9688
-41.875
-48.375
-56.9688
-65.5313
-71.375
-73.0625
-70.1875
-63.7813
-56.5625
-48.375
-41.5
-36.5313
-31.6875
-23.75
-15.3438
-12
-10.375
-9.40625
-7.21875
0.09375
-0.4375
-4.09375
-8.09375
-10
-7.59375
-3.375
-2.84375
-5.1875
-6.75
-6
-6.375
-7.875
-11.5
-16.7188
-22.1875
-23.875
-20.0625
-15.25
-9.8125
-4.75
-1.125
2.21875
8.75
18.0938
24.0938
24.75
23.375
21.9063
21.6875
3.3125
8.375
11.5938
13.875
16.4375
20.3125
26.3438
30.0313
31.5313
31.7188
33.2188
34.9063
37.7813
41.7813
44.5625
44.0313
43.7813
45.6875
45.0938
45.375
45.5625
45.7188
47.8438
54.4375
63.2188
68.8125
69.8438
65.9688
60.5313
54.8125
5.0625
14.4688
24.4375
34.4688
44.5313
54.0938
63.0938
68.625
71.5625
71.0625
69.0625
67.5938
68.5938
71.5313
75.6563
77.9375
78.7188
78.9375
77.8125
78.3438
79.2813
82
87.3438
95.9063
105.531
113.656
114.969
107.531
95.9688
82.8438
-0.84375
0.21875
1.875
4.125
4.96875
4.875
3.34375
0.46875
-2.4375
-5.125
-6.59375
-6.40625
-4.5625
-3.875
-6.71875
-13.4688
-22.375
-26.2188
-22.4688
-13.4375
-0.875
7.5
10.9375
14.5
15.9688
16.9688
17.5
14.875
10.9063
8.125
-1.125
0.65625
3.1875
6.1875
7.0625
6.5
4.71875
2.15625
0.53125
0.0625
0.46875
1.25
2.8125
2.09375
-2.625
-10.5938
-21.5625
-28.5625
-28.625
-23.625
-13.3125
-4.34375
2.03125
9.40625
13.9688
16.6875
17.9375
15.75
12.3125
10
-0.84375
1.65625
5
8.625
9.71875
9.5
8.8125
7.71875
7.84375
8.34375
7.5625
6.03125
4.90625
2.125
-2.75
-9.34375
-18.8125
-25.2813
-26.7188
-25.375
-19.625
-14.5313
-10.25
-2.5
4.375
10.125
14.4688
14.8438
13.0625
11.6875
0.125
3.09375
7.0625
11.4688
14
15.9688
17.5313
17.5313
17
14.1563
8.34375
2.625
-1.53125
-4.625
-7.09375
-10.1563
-15.2188
-18.4063
-17.9063
-17.0313
-15.2188
-15.75
-18.375
-16.0625
-10.4688
-2.75
5.84375
10.8438
12.2188
12.4375
1.3125
4.625
9.1875
14.9688
20.625
26
28.875
27.3125
22.1563
13.7188
4.96875
-0.03125
-2.9375
-3.4375
-4.15625
-7.96875
-12.25
-16.9063
-17.3125
-15.2188
-13.7813
-14.4063
-19.8438
-23.6563
-22.7188
-16.75
-6.5
2.9375
8.75
11.5
2.625
6.1875
12.0313
20.5938
30.0313
37.5313
38.7188
32.3438
21.2813
10.625
4.9375
5.3125
7.25
8.96875
6.6875
-1.21875
-9.90625
-20.0938
-25.5938
-25.0625
-22.0625
-18.7813
-20.2813
-24.9063
-28.9063
-28.2188
-20.9063
-9.78125
0.625
7.71875
3.78125
8.84375
17.625
29.75
41.5313
47.2813
44.9688
34.75
22.4063
15.5313
13.125
15.375
17.2188
16.4688
11.875
2.28125
-7.9375
-19.875
-28.125
-31.125
-30.3438
-27.75
-27.3125
-29.375
-34.5938
-37.1563
-33.7188
-24.2813
-10.8125
0.5625
5.5625
13.625
25.9375
40.5313
51.875
54.4063
49.3125
38.3438
28.6563
25.4688
24
25.0938
23.9063
20.1563
14.125
4
-6.28125
-18.4688
-27.5938
-33.1563
-36.1563
-36.6875
-37.4688
-38
-41.6563
-44.2813
-43.2188
-37.0625
-23.5
-9.90625
8.375
19.75
34.875
50.6875
60.6563
60.5938
54.3125
44.4375
37.1563
34.375
30.7813
28.9063
24.125
18.75
13.4688
4.15625
-3.84375
-13.5625
-21.7188
-28.2188
-35.3125
-41.5
-47.0938
-49.0625
-51.2813
-52.1875
-50.9063
-47.5313
-36.3438
-22
12.1563
26.5625
43.625
59.7188
68.2813
66.7813
60.3438
51.6875
43.9688
37.625
29.75
23.9063
17.3438
13.0938
9.96875
2.8125
-2.15625
-8.4375
-13.375
-17.4063
-25.2188
-35.9688
-48.1563
-55.875
-60.3125
-61.3438
-59.1563
-57.0938
-49.1563
-34.3125
16.7188
34.25
52.7188
68.3438
74.125
70.4063
63
54.4063
45.5
35.75
25.875
19.7813
15.25
14.5625
13.4688
6.03125
0.1875
-6.96875
-12.125
-14.4063
-20.375
-31.1875
-45.25
-56.4688
-63.4375
-66.4375
-65.125
-64.9063
-61.1563
-46.4375
21.9063
42.7813
62.25
76.5
77.7813
70.2813
60.6563
50.25
39.2188
27.5938
18.4375
17.5
20.875
27
29.7813
20.375
8.625
-4.59375
-16
-21.0938
-26.0313
-34.9688
-45.9688
-55.2813
-61.3125
-65
-66.0625
-69.5
-71.4688
-58.875
27.7188
51.4688
71.3438
83.375
79.25
67.5
56.625
46.7188
35.25
23.0313
13.1875
11.2188
19.875
31.4063
38.9375
34.8438
20.5938
5.125
-10.1563
-21.125
-27.9063
-39.0625
-50.4063
-57.875
-62.4375
-65
-67.2813
-73.0625
-78.5938
-69.3438
33.7188
60.2813
79.6563
87.4063
76.7188
62.125
53.3438
47.25
37.375
21.25
4.53125
-1.625
8.9375
26.1875
41.6875
44.375
32.0938
18.25
3.46875
-9.71875
-19.9688
-37
-55.4375
-66.1875
-68.4375
-67.4688
-66.8438
-72.9063
-83.3438
-77.4688
39.9688
67.9375
85.1563
87.9688
72.1563
58.5313
53.9375
50.875
37.6563
11.9688
-11.5625
-18.9375
-1
26.125
48.5625
54.9375
39.625
22.1875
5.4375
-6.9375
-13.6563
-28.375
-48.25
-64.6875
-70.1563
-69.5938
-67.4063
-71.3438
-84.25
-81.8438
45.375
73.4688
88.2188
86.5938
67.875
56.4375
55.6875
53.875
34.9063
0.90625
-26.7813
-33.4375
-7.03125
27.5313
52.6563
59.75
38.9375
17.5313
-0.03125
-9.5625
-7.75
-15.4063
-32.9688
-53.875
-66.5938
-70.7188
-69.0625
-70.25
-83.0938
-82.8125
49.0313
77
90.0625
85.25
64
53.8438
55.4688
54.1563
32.1875
-6.15625
-35.9063
-41.5313
-10.0625
27.6875
53.0938
59.7188
34.9063
11.75
-4.8125
-11.7813
-2.9375
-4.75
-20.5938
-43.5
-61.9375
-70.8438
-70.125
-69.6563
-82
-82.375
49.3438
77.0313
89.5
84.5938
62.5938
53.0625
55.7188
54.0625
31.0313
-9.03125
-39.9063
-45.4688
-12.6875
26.7188
54
62.875
38.9375
15.4688
-2.25
-11.4688
-3.0625
-4.5
-20.4375
-42.8438
-62.4063
-72.1563
-71.0938
-69.8438
-81.3438
-81.9375
47.25
74.4688
87.2813
83.5625
63.375
54.1563
56.7813
55.8438
32.9063
-6.71875
-37.0625
-44.1563
-12.7188
25.4688
51.4063
60.9375
37.625
14.7813
-2.1875
-11.4063
-3.78125
-6.15625
-22.2813
-44.2188
-62.625
-71.0938
-70.1563
-70.1563
-81.8125
-82.5313
43.9375
70.6563
85.2188
84.25
65.1875
53.875
54.4688
55.375
39.2813
6.90625
-20.3125
-31.9688
-9.5
20.375
40.2813
49.7188
29.3125
9.65625
-3.90625
-12.75
-7.3125
-11.2813
-27.2188
-46.0625
-61.5
-68.7813
-68.9688
-71.875
-82.5938
-81.1875
39.375
64.5
80.7188
83.7188
67.7188
54
51.25
52
43.1875
22.0313
0.46875
-12.5313
-0.25
17.875
29.8438
35.5313
18.0625
2.09375
-8.78125
-17.3438
-14.875
-20.5938
-34.375
-47.125
-57.625
-63.9063
-65.7813
-72.75
-83.75
-78.625
34.4688
56.25
72.625
80.2813
69.8438
56.5625
50.9375
49.75
44.625
33.125
19.5938
7.1875
11.5938
18.5313
21.1875
23
7.65625
-6.09375
-16.375
-25.9688
-25.5938
-30.3125
-38.4688
-44.75
-52.6563
-59.4063
-64.375
-73.9688
-82.2188
-74.2188
30.2188
47.5625
62.1563
73.1875
68.75
58.9375
52.6563
49.5938
46.4688
40.0313
32.5
22.8125
21.375
20.3438
16.25
13.3438
0.53125
-10.8438
-20.0938
-29.6563
-32.1563
-36.9375
-42.8438
-46
-51.75
-58.875
-64.8438
-74.625
-80.1563
-68.7813
26.25
38.8438
50.4688
64.0313
65.625
60.8125
56.625
52.6875
49.9375
43.9688
36.5625
27.8125
22.0938
18.0938
13.75
9.46875
1.21875
-7.5
-15.4688
-25.0313
-32.2188
-39.875
-48.6875
-52.6875
-56.8438
-63.1875
-67.375
-74.5313
-76.7188
-62.25
22.5
30.9375
39.5313
54.7188
61.1563
60.625
59.8125
56.8125
54.625
48.4688
38
26
15.9375
10.7188
8.9375
7.65625
5.21875
0.3125
-6.15625
-16.7188
-29
-41.9688
-55.0313
-60.25
-63
-66.8438
-68.2188
-72.2188
-70.7188
-54.7813
20.5
25.25
31.3125
45.5313
54.3125
55.3125
55.625
54.2813
54.9375
54
46.4688
34.0625
20.8125
11.4063
6.15625
3.0625
1.21875
-2.53125
-8.375
-18.6563
-32.7188
-47
-57.7813
-60.125
-59.5313
-60.875
-62.6563
-66.5938
-64.0313
-48.875
20.0313
22.5938
27.5938
41.0313
50.75
52.9688
52.3438
48.625
49.5
52.0625
48.8438
40.875
28.4375
17.0938
9.59375
3.875
0.625
-4.5625
-12.2188
-23.625
-37.4375
-48.5625
-53.9063
-51.8125
-50.375
-52.8438
-58.5625
-65.125
-62.6563
-50.4688
19.7188
21.625
26.9063
40.7188
53.25
58.2813
57.0625
49.5313
44.75
44.625
43
38.875
30.1875
20.1875
11.9688
5
0.625
-5.5625
-14.0625
-24.625
-35.5
-42.4375
-43.6563
-40.8125
-41.5938
-47.1563
-56.8125
-66.0625
-66.7188
-58.9375
19.5625
23.6875
31.5313
46.375
59.75
66.1875
64.1563
53.7188
43.5313
36.8438
32.8438
29.9063
24.4688
18.1563
11.6875
5.09375
0.65625
-5.3125
-12.6563
-20.375
-27.8125
-31.8438
-32.4688
-32.0625
-34.9063
-42
-53.5938
-65.7188
-72.6563
-71.5625
19.375
27.9688
40.4375
56.9688
69.6563
73.8438
69.4063
57.125
43.875
32.375
24.0625
19.0938
14.4688
11.2813
8.03125
3.5625
0.46875
-3.75
-7.875
-12.0313
-16.8438
-20.5
-23.9688
-26.6563
-30.2813
-36.3438
-48.0313
-63.8438
-78.6563
-86.2813
2.75
2.91667
2.75
2.125
1.41667
1.04167
1
0.708333
0.625
0.666667
0.916667
0.958333
1
2.16667
3.20833
3.45833
2.83333
1.95833
0.916667
-1.16667
-2.70833
-3.75
-3.25
-1.83333
-0.208333
1.5
1.95833
2.70833
3.04167
2.625
1.75
1.04167
1.375
1.875
2
2.08333
1.95833
1.75
1.54167
0.958333
0.541667
0.125
-0.0833333
-0.25
-0.333333
0.458333
1.25
1.20833
0.291667
-0.416667
-0.875
-2.125
-4.125
-4.75
-4.25
-4.08333
-3.95833
-3.20833
-1.54167
-0.291667
0.875
2.08333
2.83333
2.875
1.875
2.08333
1.91667
1.91667
2.08333
1.83333
1.125
0.333333
-0.0833333
-0.666667
-1.66667
-3.08333
-4.91667
-6.66667
-9.29167
-12.0417
-13.6667
-13.5
-11.9583
-10.375
-8.33333
-6
-4.79167
-5.04167
-5.79167
-6.25
-4.75
-2.875
-1.16667
0.791667
2.58333
3.5
4.25
3.75
2.95833
2.25
2
1.70833
0.75
0.333333
-0.458333
-2.08333
-5.58333
-11.3333
-18.5
-25.4167
-32.5
-38.9167
-42.5833
-42.25
-38.25
-33.2917
-26.2917
-19
-13
-9.125
-7.125
-5.58333
-3.54167
-1.70833
-0.875
0.291667
2.04167
3.125
3.58333
2.66667
1.75
1.25
0.958333
0.708333
0.291667
-0.166667
-2.83333
-6.83333
-12.5417
-18.875
-24.8333
-30.5833
-33
-33.75
-34.4583
-35.5833
-36.5
-35.8333
-35.3333
-33
-27.75
-20.9167
-14.25
-7.70833
-1.91667
0.916667
1.79167
2.20833
3.125
3.70833
0.583333
-0.291667
-0.5
-0.375
-0.458333
-0.958333
-2.16667
-5.79167
-11
-14.7083
-15.875
-12.5417
-4.41667
5.20833
18.0833
30.3333
38.1667
38.2917
30.625
20.625
4.70833
-10.6667
-20.5
-23.8333
-22.0833
-16.9167
-8.91667
-2.5
1.04167
2.33333
2.66667
3
-0.875
-1.20833
-0.25
0.0833333
-0.291667
-1.70833
-5.58333
-11.25
-13.2917
-10.2917
-3.16667
8.125
23.9583
39.4583
51.875
58.8333
63.8333
65.875
63.25
58.6667
46.9583
31
14.4583
0.666667
-8.58333
-14.3333
-14.7917
-10.125
-5.20833
-2.08333
-1.04167
-0.416667
-1.5
-1.125
-0.25
-0.0416667
-1.41667
-4.66667
-8.54167
-7.33333
0.875
9.75
18.2083
25.1667
28.25
22.4583
8.58333
-6.54167
-16.4167
-18.125
-11
3.45833
21.6667
33.2917
34.25
28.4583
19.5833
8
-6.04167
-12.7917
-11.2083
-6.875
-4.125
-3.29167
-3
-2.08333
-2.25
-3.54167
-7.04167
-10.6667
-8.20833
2.79167
11.75
14.5417
15.875
13.5417
0.166667
-21.125
-42.8333
-55.5
-64.5
-67.9583
-62.4583
-53.3333
-30.9583
-6.70833
9.125
15.7917
16.25
14.3333
3.95833
-9.41667
-14.0417
-11.6667
-7.54167
-5.375
-2.75
-1.625
-2.70833
-6.75
-10.6667
-9.20833
0.333333
7.75
3.625
-2.375
-7.70833
-16.5417
-30.9167
-37
-31.0833
-18.875
-10.7917
-8.54167
-12.0417
-25.1667
-34.8333
-33.25
-23.9583
-15.375
-10.125
-4.04167
2.75
-1
-9.29167
-14.1667
-12.5417
-7.41667
-0.166667
-0.166667
-2.79167
-6.33333
-5
2.625
8.66667
1.83333
-6.08333
-8.79167
-13.875
-22.3333
-23.875
-9.58333
10.0417
24.625
35
39.25
34.5417
23.5833
3.04167
-14.875
-18.9583
-14.2083
-9.75
-10.0417
-2.95833
6.125
3.16667
-6.20833
-11.2917
-7.375
0.458333
-1.25
-4.16667
-3.04167
3.83333
10.125
5.58333
-4.75
-3.41667
-0.25
-2.125
-3.54167
6.45833
20.8333
25.75
24.4167
23.75
23.9167
24.1667
28.0417
25.9167
14.0833
3.54167
1.95833
4.83333
1.91667
-3.375
4.875
11.2917
8.33333
0.208333
-3.66667
-1.70833
-3.54167
-4.625
-0.708333
4.75
5.16667
-1.20833
-2.04167
4.08333
6.79167
7.75
12.75
22.7917
25.875
20.5833
13.875
8.875
6.54167
7.41667
12.0833
19.0417
20.2083
12.5417
5.83333
6.125
9.58333
3.58333
2.08333
8.66667
13.6667
10.1667
1.29167
-3.375
-4.29167
-4.08333
-1.20833
-0.208333
-2.79167
-3.54167
2.20833
7.66667
12.1667
18.5
28.0833
35.7083
33.9583
28.9167
21.7917
15
9.375
4.70833
3.375
6.75
12.75
13.2917
8.20833
4.875
8.375
9.08333
1.91667
0.333333
4.54167
6.875
1.95833
-3
-3.41667
-2.25
-0.416667
-1.125
-4.04167
-4.08333
0.958333
4.91667
10
18.3333
29.4167
37.9167
39.125
35.125
28.625
21.2083
13.5
6.04167
0.958333
1.20833
5.16667
9.375
7.70833
2.625
1.70833
6.33333
-0.125
-5.66667
-4.95833
-0.75
-0.375
-1.75
-1.95833
0.416667
1.91667
1.04167
-0.916667
-1.375
1.04167
0.458333
-2.20833
-1.625
0.833333
0.791667
1.08333
-0.0416667
1.625
2.20833
2
2.83333
0.541667
0.375
1.33333
3.20833
2.45833
-0.875
-2.5
1.66667
0.416667
-2.125
-2.16667
0.166667
1
-0.666667
-0.0416667
2.29167
2.625
1.5
1.75
4.625
4.75
-0.375
-6.625
-12.125
-20.125
-32.0833
-37.4583
-34.6667
-27.9167
-20.125
-10.9167
-0.166667
6.66667
9.70833
10.9167
11.4583
11.6667
10.4583
7.04167
3.83333
6.54167
6.08333
4.25
3.08333
3.625
0.333333
2.04167
3.125
2.5
2.04167
3.45833
5.95833
4.41667
-0.0416667
-3.08333
-7.75
-16.6667
-27.5
-32.2917
-29
-23.375
-14.2917
-1.91667
11.5
22.75
30.0833
32.8333
31.2917
29.3333
26
18.4583
9.5
8.08333
7.16667
4.20833
1.58333
2.625
0.541667
2.20833
2.54167
1.83333
2.04167
3.375
4.16667
2.54167
0.666667
-1.58333
-6.29167
-13.2917
-19.1667
-21
-19.3333
-13.5833
-4.04167
6.375
14.6667
20.2917
22.625
22.6667
18.75
16.125
14.375
10.0833
6.83333
4.33333
4.25
2.20833
0
1.16667
0.25
2.54167
4.20833
3.91667
3.54167
4.79167
6.875
4.58333
2.125
-0.375
-4.79167
-10.3333
-14.5
-17.5833
-15.9583
-14.1667
-13.1667
-15.4167
-22.1667
-28.6667
-40.1667
-44.125
-40.75
-31.9583
-21.5417
-12.875
-4.45833
2.5
4.20833
2.29167
0.666667
2.20833
0.541667
3.79167
7.29167
7.54167
6.45833
7.125
8.375
5.08333
0.958333
-1.25
-2.125
-2.95833
-4.08333
-7.75
-7.45833
-11.4583
-21.5
-35.5
-50
-60.9583
-73.6667
-76.75
-65.0417
-48.625
-34.2083
-21.125
-9.41667
1.66667
2.95833
1.45833
1.91667
3.83333
0.833333
1.70833
3.83333
3.08333
0.708333
0.166667
1.875
3.66667
1.66667
1.58333
5.66667
9.875
9.16667
4.66667
1.16667
-1.5
-6.79167
-12.625
-14.875
-14.125
-11.2917
-10.0417
-3.5
0.458333
-0.625
-1.125
1.625
3.5
0.208333
-0.75
2.25
4.04167
0.208333
-1.66667
-1.79167
-2.33333
-5.25
-7.875
-4.41667
5.29167
8.625
11.375
17.9167
25.4167
25.375
19.375
14.1667
13.1667
15.125
19.0417
24.8333
32
42.6667
49.25
47.9583
38.5
26.75
19.125
15.7917
6.45833
0.583333
1.66667
4.91667
3.375
-1.5
-3.58333
-3.25
0.833333
2.75
-0.166667
-2.16667
5.16667
12.0417
14.2083
16.8333
23.9167
31.0417
29.9167
24.25
19.5417
18.1667
18.8333
19.625
21.7083
29.2917
36.2917
32.2083
23.25
18
17.2917
12.75
2.5
2.16667
6.54167
6.95833
0.958333
-1.875
-3.54167
-3.95833
1.91667
9.58333
11.25
4.66667
-0.291667
5.04167
7.20833
5.33333
7.20833
18.5417
28.8333
26.5417
20.5
16.5
14.625
13.4583
14.8333
18.375
16.375
9.20833
4.54167
4.875
4.75
-1.875
-3.16667
2.125
5.29167
2.41667
-2.875
0.666667
-0.375
-3.08333
-2.20833
3.625
9.29167
7.66667
-3.29167
-5.45833
-2.95833
-3.625
-4.70833
3.16667
20.625
30.875
33.0417
33.5833
33.9167
33.125
32.3333
24.9167
12.6667
3.125
-1.20833
-3.20833
-6.95833
-8.25
-2.25
1.58333
0.375
-3.08333
-4.25
3.33333
3.08333
0.541667
-3.04167
-3.70833
-0.333333
3.58333
0
-8.41667
-11.0833
-10.7083
-11.4167
-10.625
0.416667
19.125
33.1667
40.2083
42.5833
41.0417
31.625
14.3333
1.95833
-4.70833
-7.875
-9.75
-9.20833
-2.5
1.625
0.958333
-2.79167
-5.41667
-3.75
2.41667
2.45833
1.125
-2.625
-6.83333
-8.08333
-4.41667
3.45833
2.04167
-3.75
-7.16667
-12.0833
-23.0833
-32.0833
-29.0417
-19.5417
-14.875
-13.5417
-13.0833
-21.5
-27
-24.4583
-17.875
-10.9583
-5.33333
0.958333
3.25
0.0416667
-4.33333
-8.375
-9.41667
-5.91667
-1
-1.83333
-2.91667
-5.79167
-10.9167
-16.2917
-18.5
-9.91667
0
1.54167
-1.79167
-8.95833
-23.375
-45.3333
-67.0833
-79.2917
-85.5833
-87.7083
-85.0833
-78.6667
-62.2083
-46
-30.625
-18.5
-11.9167
-11.6667
-20.5
-27.125
-29.75
-28.0833
-22.3333
-14.6667
-1.5
-2.58333
-4.25
-8.04167
-15
-24.5833
-34.9583
-40.75
-36.25
-28.75
-24.4167
-21.7917
-19.4167
-24.2083
-39.9167
-56.0417
-63.9583
-66.4583
-66
-55.125
-41.8333
-36.1667
-35.375
-37.7083
-43.375
-53.7083
-61.7917
-62.625
-57.1667
-46.25
-33.1667
-21.9167
-0.166667
1.125
-0.25
-4.875
-11.3333
-18.9167
-29.375
-44.25
-52.7083
-50.2083
-43.2083
-33.5
-18.6667
-2.41667
7.95833
11.5417
13.6667
14.2917
12.0833
10.75
3.75
-6.875
-19.5833
-31.4167
-40.4167
-46.3333
-44.3333
-38.625
-31.6667
-23.4583
-16.2083
-11.0833
-0.666667
2.125
2.79167
0.583333
-0.583333
0.666667
0.208333
-5.54167
-12.7917
-14.75
-12.875
-9.45833
-2.875
7.54167
21.4167
32.625
38.7083
40.7083
39.5
33.25
23.75
17
12.2917
10.0417
11.2917
16.5
22.25
24.8333
23.5
19.7083
14.1667
8.08333
-0.75
-0.458333
0.25
-0.375
-0.958333
-0.583333
0.375
1.08333
0.75
1.04167
2.29167
1.70833
-0.75
-3.08333
-2.79167
3.08333
9.33333
7.83333
0.541667
-8.54167
-14.5833
-7.75
4
2.66667
-3.08333
-1.75
-0.416667
0.458333
3.66667
3.75
0.5
-0.208333
-1
-0.625
0.375
-0.666667
-1.66667
-1
0.541667
1.83333
1.54167
1.375
2.41667
2.25
0.0416667
-3.16667
-4.125
1.83333
9.41667
7.95833
-0.625
-8.875
-12.375
-5.5
3.75
0.916667
-4.33333
-2.58333
-1.66667
0.0833333
5.25
5.08333
-0.166667
-1.25
-1
-0.666667
0.0416667
-1.58333
-2.66667
-1.04167
1.375
2.58333
1.91667
1.33333
2.08333
1.91667
-0.791667
-3.29167
-2.79167
1.08333
7.58333
9.875
2.66667
-7.875
-11.9583
-5.25
1.95833
-1.04167
-4.41667
-2.625
-2.5
-0.25
5.58333
4.91667
-0.916667
-1.375
-0.75
-0.75
-1.04167
-3.125
-3.125
-0.0416667
2.625
3.20833
1.29167
-0.958333
-0.583333
0.416667
-0.875
-1.29167
0.25
1.33333
5.79167
10.625
6.375
-3.41667
-8.04167
-3.875
-0.75
-5
-6.375
-3.33333
-3.04167
-0.708333
4.75
3.79167
-1.33333
-0.625
-0.666667
-0.708333
-1.875
-4.375
-3.41667
0.583333
3.04167
2.58333
-1.20833
-3.95833
-0.791667
2.75
1.66667
1.54167
2.5
0.25
2.16667
8.16667
7.125
-0.0833333
-4.58333
-1.25
2.25
-3.04167
-7.875
-6.33333
-4.79167
-1.95833
2.66667
1.58333
-1.875
0.708333
-0.541667
-0.291667
-2
-5
-4.20833
-0.333333
1.45833
-0.291667
-3.75
-2.33333
4.875
7.20833
3.45833
2.83333
2.70833
-2.04167
-2.20833
4.54167
6.25
0.25
-5.04167
-0.916667
8.375
6.54167
-4.08333
-8.91667
-7.79167
-4.25
-0.833333
-1.91667
-2.58333
2.25
-1
-0.0833333
-1.5
-4.91667
-5.29167
-2.83333
-2.70833
-4.125
-0.916667
7.70833
11.2083
4
-1.41667
1.08333
2.25
-0.916667
-1.41667
5
8.25
1.41667
-6.29167
-5.625
5.08333
12.7917
6.04167
-5.20833
-9.29167
-7.125
-5.70833
-6.33333
-2.79167
3.70833
-1.75
-0.25
-1.375
-4.54167
-6.41667
-7.79167
-8.16667
-2.08333
10.25
16.375
7.70833
-5.20833
-7.375
-1.29167
3.20833
3.70833
3.08333
8
12
5.08333
-4.70833
-8.70833
-3.75
6.70833
11.0833
5.75
-2.66667
-9.16667
-12.8333
-11.25
-3.125
4.45833
-2.75
-0.833333
-1.25
-5.41667
-10.7917
-12.7917
-6.20833
8.16667
17
9.91667
-1.25
-4.95833
-3.08333
-0.125
2.66667
5.75
5
5.66667
9.29167
5.66667
-0.958333
-1.95833
-0.25
0.291667
3.5
8.70833
7.08333
-4.41667
-17.0417
-16.9167
-4.91667
3.875
-4
-1.875
-1.70833
-8.375
-15.9167
-12.8333
1.70833
15.125
13.75
2.25
-1.20833
1.58333
1.20833
-0.625
0.416667
5.125
4.95833
3.45833
5.70833
2.83333
-1.58333
1.75
7.66667
5.125
-0.75
1.83333
8.75
5.125
-11.7917
-20.2917
-10.2917
0.583333
-4.79167
-2.91667
-3.54167
-12.9583
-19.25
-8
10.0417
15.8333
8.41667
0.958333
2
3.66667
1
-2.20833
-0.958333
5.5
6.125
4.125
5.41667
1.58333
-2.70833
1
8.29167
9.16667
1.875
-3.16667
3.66667
11.625
-0.0833333
-18.2083
-17.0417
-5.25
-5.16667
-4.25
-7.16667
-18.4167
-19.1667
1
17.2083
13
3.45833
0.625
1.625
1.70833
-0.0416667
-2.54167
-0.25
7.29167
8.375
6.29167
7.04167
3.29167
-0.583333
0.833333
3.04167
5.33333
4.95833
-2.58333
-2.75
12.5
13.0417
-10.9167
-23.0417
-12.6667
-5.20833
-5.66667
-12.125
-24.3333
-15.875
13.7917
24.9167
8.08333
-6.66667
-5.08333
2.625
6.25
3.54167
-1.375
-1.04167
5
8.125
6.91667
5.66667
3.08333
2.04167
5.83333
6.16667
3.08333
2.75
-4.29167
-9.54167
10.3333
25.4167
-0.833333
-27.5833
-19.9583
-5.5
-7.91667
-17.8333
-29.0833
-8.83333
29.7083
29.8333
-5.41667
-21.4583
-2.33333
17.25
13.5833
2.33333
-3.54167
-7.58333
-3.45833
6.875
9
4.45833
0.875
1.375
8.75
15.4167
13.4583
4.375
-13.5
-22.7917
6.54167
37.7083
11.6667
-28.75
-26.5417
-6
-10.4167
-23.25
-30.4167
3.5
43.8333
22.7917
-27.4167
-25.9583
18.625
34.2083
11.4167
-5.33333
-9.125
-16.375
-13.375
7.20833
16.625
7.66667
0.708333
0.333333
4.16667
13.125
22.3333
17.375
-11.1667
-33.6667
-5.625
39.3333
24.5417
-22.875
-31.375
-6.5
-13.0833
-27.8333
-28.0833
17.1667
51.8333
9.625
-45.5833
-21.1667
42.1667
46.5
4.20833
-15.9583
-15.9167
-24.4167
-20.125
10.2083
24.5
10.9583
0.791667
0
1.08333
7.70833
23.0833
29
0.375
-38.2083
-21.4583
36.125
35.5833
-17.2083
-34.625
-6.79167
-15.6667
-31.5833
-25
29
55.75
-3.75
-56.875
-11.875
60.125
52.875
-1.875
-25.3333
-22.5833
-29.9167
-26.0417
12.125
33.8333
16.4583
1.16667
-0.666667
-1.83333
-0.666667
15.4167
34.4583
16.6667
-30.7917
-33.0833
24.5833
41
-8.41667
-35.25
-6.16667
-17.9583
-35.5
-22.5
38.6667
58.2083
-13.6667
-63.2083
-4.41667
71.1667
56.375
-6.04167
-32.5
-26.7917
-32.625
-30.625
15.3333
44.4583
20.125
-2.125
-3.79167
-5.16667
-7.83333
6.95833
35.5
29.8333
-19.625
-37.5417
13.5417
42.0833
-0.541667
-34.375
-4.45833
-19.4167
-38.9583
-21.2917
44.5417
59.625
-18.8333
-66.4583
-1.08333
76.1667
57.5833
-8.91667
-36.0417
-26.375
-31.0833
-32.8333
16.8333
50.875
20.6667
-6.95833
-7.375
-7.20833
-11.125
2.375
35.75
36.5833
-13.7917
-37.9167
9.625
41.5833
2.125
-33.7083
-1.625
-18.3333
-39.5417
-23.3333
42.2917
59.7917
-16.75
-65.9167
-3.75
71.625
54.3333
-7.45833
-31.375
-20.0833
-23.3333
-32.0417
8.83333
45.4583
21.0833
-5.79167
-7.04167
-6.25
-10.375
0.791667
34.8333
37.625
-13.5833
-37.25
10.0833
39.2917
0.166667
-33.0417
1.79167
-15.5833
-38.3333
-27.0833
34.3333
59.625
-6.875
-62.7917
-14.6667
60.875
53.75
-2.95833
-26.8333
-14.75
-14.9583
-24.9583
6.25
37.5
17.25
-6.20833
-7.16667
-6.25
-8.54167
5.625
36.0417
28.375
-23.6667
-31.2083
23.9583
37.5833
-10.0833
-33.7917
3.70833
-11.0417
-34.4167
-32.5417
21.3333
57.7917
8.875
-51.3333
-26.5833
39.5833
47.4167
5.625
-17.2083
-8.20833
-7.20833
-18.875
2.95833
29.625
13.75
-6.375
-7.16667
-4.79167
-3.5
9.45833
30
15.5
-26.75
-18.875
32.0833
30.375
-17.375
-32.2083
4.33333
-5.79167
-26.7917
-34.2083
5.375
47.875
22.5833
-31.3333
-29.75
14.875
31.0417
10.9167
-3.875
0.5
-1.08333
-12.5833
1.125
20.2917
8.33333
-6.5
-4.70833
2
5.20833
9.625
18.125
3.375
-25.4583
-6.16667
36.7083
20.5417
-24.3333
-29
3.25
-0.333333
-15.875
-32.0417
-10.25
32.4583
29.0833
-11.4583
-23.7083
-1.04167
12.8333
8.04167
5.04167
8.41667
4.25
-6.45833
-1.33333
9.83333
5.125
-1.04167
3.29167
9.79167
8.95833
5.5
6.75
-5.20833
-20.875
4.375
36.0417
9.54167
-29.2917
-24.7917
0.75
4.70833
-3.45833
-26.7083
-22.6667
15.625
27.9167
2.20833
-13.4583
-5.04167
1.58333
1.70833
6.66667
11.2083
6.66667
-1.625
-2
3.25
4.83333
6.20833
11.25
12.375
5.70833
1.04167
0.5
-8.375
-12.5
12.0833
28.5
-1.70833
-29.9583
-19.75
-2.58333
7.125
7.04167
-17.8333
-28.75
0.291667
22.5417
10.2083
-6.58333
-5.58333
0.5
1.54167
4.66667
7.75
4.5
1.91667
3.95833
4.54167
2.375
4.58333
10.4167
8.79167
2.75
1.41667
-1.08333
-7.08333
-2.125
16.75
17.5833
-11.375
-27.3333
-14.25
-5.54167
7.33333
13.7917
-9.16667
-29.2083
-10.9583
15.2083
15.5
-2.41667
-9.83333
1.29167
8.83333
6.75
4.16667
1.5
1.54167
3.70833
2.95833
0.916667
2.75
7.33333
9.08333
7.54167
0.75
-6.25
-2.83333
8.375
15.5
4.20833
-17.4167
-21.4167
-8.875
-5.95833
6.20833
16.375
-0.75
-24.5833
-18.8333
3.70833
15.2083
6.16667
-8.625
-5.29167
7.66667
9.79167
4.66667
2.58333
3.33333
1.75
0.208333
1.29167
3.375
8.125
12.2917
7
-5.70833
-8.20833
3.20833
11.75
8.79167
-3.33333
-14.875
-14.6667
-6.79167
-5.375
2.41667
12.9583
3.95833
-16.0417
-19.4167
-5.625
8.70833
9.125
0.0416667
-2.04167
2.66667
4.875
3.66667
3.66667
4.83333
2.54167
0.666667
2.29167
4.33333
7.79167
9
2
-6.5
-4.04167
6.33333
10.25
4
-3.75
-6.20833
-7.08333
-8.79167
-3.625
-1.95833
5.75
2.70833
-10.375
-15.2083
-6.70833
4.375
6
3.75
5.83333
5.95833
2.33333
0.0416667
1.70833
4.33333
2.66667
1.16667
2.5
2.625
3.16667
4.58333
3.375
-0.333333
-0.375
4.29167
5.45833
2.25
2.70833
5.125
-1.41667
-12.6667
-1.66667
-6.125
-2.75
-3.375
-10.0833
-9.54167
0.625
7.25
2.29167
-0.708333
8.16667
13.25
5.45833
-2.29167
-0.541667
3.04167
0.916667
-0.0833333
1.95833
0.25
-1.5
3.875
9.29167
4.70833
-1.29167
-0.458333
0.666667
2.5
11.3333
17.6667
5.29167
-16.3333
0.0833333
-9.125
-10.7083
-11.6667
-13.2083
-4.58333
11.0833
15.4583
3.58333
-6.375
1.375
13.1667
9.25
-0.333333
0.791667
3.375
-1.16667
-2.29167
1.625
0.5
-1
6.5
10.6667
2.04167
-4.83333
-3.875
-1.875
4.08333
19.25
30.3333
13.6667
-19.7917
4.5
3.81481
3.12963
2.2963
0.240741
-2.87037
-6.85185
-11.6852
-17.2222
-22.3889
-27.9259
-33.6481
-39.037
-42.3704
-43.7037
-43.1852
-41.3889
-38
-34.6296
-30.8148
-26.1481
-20.4444
-14.3519
-9.64815
-6.48148
-3.33333
-0.518519
1.96296
3.90741
3.01852
1.62963
-0.611111
-4.18519
-8.09259
-12.3148
-16.6481
-20.7963
-25.5
-29.3519
-32.1111
-34.3889
-35.8519
-37.1296
-37.6481
-38.3704
-38.0185
-35.7593
-33.2222
-30.5741
-26.4815
-20.8333
-15.2407
-10.3704
-4.98148
-0.37037
2.98148
2.7037
1.33333
-1.62963
-6.07407
-9.96296
-12.1111
-13.2037
-13.7593
-13.0926
-13.2963
-10.7963
-6.35185
-1
2.66667
3.12963
1.40741
-3.77778
-10.2963
-13.7037
-17.1296
-19.8704
-21.2037
-20.7037
-18.7222
-15.2963
-9.25926
-2.96296
1.51852
0.296296
-2.14815
-6.5
-10.5926
-11.0185
-8.87037
-5.61111
-1.96296
2.48148
5.57407
12.1111
20.7407
29.3889
33.963
34.7778
33.0556
27.9815
19.463
12.8889
5.90741
-0.0185185
-5.38889
-9.83333
-12.6852
-13.4444
-11.7037
-7.46296
-3.11111
-3.55556
-6.64815
-9.83333
-9.74074
-5.88889
-1.18519
3.5
7.24074
10.2407
12.963
17.4444
21.7407
24.037
24.0741
23.9259
23.6481
24.4074
23.3889
20.4815
15.8704
11.7963
7.38889
2.46296
-2.66667
-6.83333
-11.1852
-12.8148
-11.0556
-8.74074
-10.8333
-9.38889
-3.7037
1.25926
3.44444
4.44444
4.81481
4.05556
4.62963
2.75926
-2.12963
-10.537
-16.7407
-18.3519
-17.6111
-11.3333
-1.92593
2.87037
5.38889
5.25926
4.37037
3.24074
1.48148
-0.62963
-6.72222
-13.7778
-16.4444
-11.5185
-10.0741
-3.66667
2.7037
2.61111
-1.05556
-5.25926
-7.7037
-8.62963
-7.46296
-12.1481
-21.1481
-31.0185
-34.9259
-34.9074
-34.1481
-30.0556
-20.3704
-13.1852
-7.38889
-6.55556
-7.7037
-7.55556
-5.51852
-2.88889
-3.44444
-9.2037
-14.8148
-9.37037
-4.2037
2.40741
2.98148
-1.74074
-7.35185
-11.7593
-12.0926
-9.7037
-7.62963
-11.6296
-16.3148
-16.5556
-13.6296
-11.1667
-10.7222
-12.7778
-13.0741
-11.3333
-6.96296
-6.42593
-9.83333
-12.9259
-11.1296
-7.48148
-2.98148
-2.09259
-5.87037
-3.24074
2.90741
4.75926
-0.703704
-5.40741
-7.18519
-6.87037
-3.05556
1.90741
3.14815
2.14815
5.35185
15.2037
22.6481
25.537
25.7037
20.1667
10.3704
4.5
3.90741
4.85185
1.85185
-4.55556
-6.5
-6.51852
-2.37037
3.5
4.51852
1.33333
4.7963
1.25926
-4.74074
-3.61111
2.18519
9.64815
17.7778
22.6852
21.7407
22.2037
29.4074
39.7963
43.2963
42.2407
40.6852
36.2407
25.3889
16.5185
13.1111
15.3148
16.7407
11.5556
6.48148
1.83333
0.388889
4.64815
8.83333
1.85185
1.25926
-3.83333
-4.77778
1.07407
10.4815
20.9444
29.7963
33.6852
33.9074
36.5741
43.2222
46.7222
44.5926
39.963
35.8704
32.5
26.4815
19.1481
13.8889
14.2407
18.7593
18.963
13.6852
8.37037
3.64815
2.35185
5.14815
-0.185185
-2.92593
-5.92593
-2.53704
4.27778
13.2037
22.963
30.1852
33.463
36.1481
39.7407
43.1667
40.6852
35.7963
29.9444
24.4444
20.963
19.037
15.8148
11.8519
9.40741
12.6296
16.6296
13.2593
9.62963
5.01852
0.0925926
-1.11111
-0.888889
-3.48148
-3.59259
0.888889
4.55556
7.35185
10.9074
12.1852
11.9444
15.6296
19.1667
20.0185
16.4074
14.1667
13.4259
12.1852
12.0741
15
15.1852
12.8519
8.83333
8.85185
13.4259
11.6852
9.2963
5.77778
0.333333
-3.33333
-0.425926
-1.03704
1.57407
4.57407
4.24074
1.85185
-0.814815
-5.74074
-10.0741
-9.42593
-8.22222
-9.40741
-10.2963
-7.40741
-2.22222
3.24074
9.62963
17.2037
21.5741
22.6852
20.2963
16.9259
16.8148
15.9444
13.037
9.03704
4.55556
0.481481
1.03704
2.07407
5.94444
7.55556
4.48148
-2.44444
-10.9444
-20.7778
-28.6111
-30.8519
-31.6111
-33.3704
-31.3889
-24.3519
-13.7407
-2.05556
10.4444
22.2778
28.2222
30.8519
30.5
25.9259
22.0741
20.463
16.6852
12.037
8.2037
5.64815
2.27778
4.38889
8.96296
9.81481
6.24074
-0.518519
-10.6852
-21.0741
-27.6111
-31.6111
-33.4074
-36.2407
-34.5556
-29
-21.4444
-12.037
-2.24074
6.85185
13.4815
17.2037
19.0741
15.6111
11.2037
12.4259
12.1481
11.3519
10.0556
8.87037
4.35185
6.11111
9.61111
10.1667
7.81481
1.92593
-8.07407
-17.1296
-21.4259
-25.0185
-26.7222
-30.5741
-32.6667
-33.4074
-32.2222
-29.7222
-27.8148
-25.1111
-19.963
-16.6111
-13.3519
-12.6852
-11.5741
-5.53704
0.111111
5.40741
8.27778
8.46296
5.38889
5.85185
8.62963
9.90741
9.40741
6.33333
-0.666667
-6.68519
-8
-10.537
-11.6481
-17.6296
-25.2778
-32.8519
-39.1111
-44.7963
-51.1852
-54.7593
-49.5185
-46.1667
-42.4259
-37.6296
-30.1481
-18.9444
-8.37037
1.2963
7.01852
6.59259
4.72222
3
4.2037
7.40741
9.42593
9.37037
7.42593
4.7963
4.48148
3.7963
3.51852
-1.46296
-10.3333
-18.1296
-24.0741
-30.2778
-36.3148
-39.3889
-34.2778
-31.537
-30.2222
-25.8889
-17.3889
-9.40741
-2.55556
2.75926
5.7963
3.7037
3.48148
0
-0.333333
4.68519
9.75926
14.2037
18.0556
19.3519
19.7407
20.9815
22.6852
20.6667
13.6296
8.27778
4.37037
1.14815
-0.037037
0.833333
4.07407
4.22222
2.42593
4.83333
10.8519
11.9815
11.2407
8.48148
5.11111
1.66667
4.01852
0.87037
-2.53704
0.851852
7.90741
16.1852
24.6111
28.7407
28.6296
29.7037
32.5
36.7963
36.7778
35.463
34.3704
35.4815
39.6111
42.463
40.6667
37.3889
33.8333
33.6667
33.7222
27.2778
19.1111
9.44444
2.40741
0.833333
5.44444
5.53704
1.05556
-1.12963
3.51852
12.6667
22.4074
29.3148
30.9074
31.537
34.537
42.463
49.7593
51.5741
50.463
51.4074
53.2778
51.2222
43.3333
36.9259
33.9815
33.5741
29.9259
21.4815
12.3704
4.25926
0
1.59259
4.57407
8.75926
5.92593
-1.22222
-3.33333
1.14815
8.92593
17.3333
21.7407
22.9074
24.7037
33.7778
47.5185
55.8333
58.2963
58.0741
53.6667
44.9074
33.7407
27.1481
24.7037
21.6481
13.2407
4.7037
-1.44444
-3.16667
-1.38889
2.18519
-0.777778
5.24074
7.35185
1.53704
-6.09259
-9.25926
-6.72222
0.314815
6.24074
8.83333
8.85185
12.3333
22.4444
32.8519
38.2593
36.4444
28
19.0556
11.5185
8.42593
7.22222
3.03704
-5.42593
-10.7037
-10.9074
-6.03704
-1.57407
0.111111
-8.25926
-5.05556
-0.777778
-1.09259
-8.44444
-17.2778
-20.5556
-18.9259
-16.4074
-14.6111
-16.7593
-20.1111
-20.8333
-16.3148
-11.5
-13.2407
-17.9444
-19.3704
-19.5
-17.6296
-17.1481
-20.5741
-25.7407
-26.9815
-22.4259
-16.0926
-12.6296
-12.4815
-15.1667
-17.6481
-16.2407
-13.463
-15.6296
-23.963
-30.7778
-35.4815
-38.5556
-40.3333
-44.6481
-53.1667
-64.537
-71.8889
-73.7037
-74.3889
-70.7963
-64.037
-57.2037
-51.3333
-48.4074
-48.3148
-47.6481
-44.6852
-38.9074
-35.3148
-33.0741
-31.8889
-17.9259
-25.7778
-31.3704
-33.3333
-33.6852
-38.037
-44.0741
-50.2037
-53.9259
-55.8889
-58.3148
-62.8519
-71.2963
-81.463
-87.3519
-86.9444
-80.9074
-75.6296
-71.1852
-68.0556
-67.3148
-67.4444
-65.6852
-63.4074
-61.0185
-59.5
-55.1852
-49.2407
-14.8889
-23.537
-32.8333
-39.8519
-41.7593
-42.9259
-46.6852
-50.1296
-49.8333
-48.463
-46.7037
-44.037
-42.7593
-46.1111
-50.037
-48.9074
-46.2593
-47
-47.9444
-49.2407
-51.2037
-52.5556
-52.4815
-52.2037
-53.3333
-52.2593
-46.9074
-39.6481
-4.05556
-3.85185
-2.03704
0.962963
1.85185
0.962963
-0.685185
-0.407407
0.722222
1.83333
1.35185
2.01852
4.01852
8.96296
11.5741
9.53704
1
-6.38889
-8.74074
-5.37037
-4.48148
-5.77778
-8.62963
-6.53704
-2.98148
1.05556
1.81481
1.68519
-4.53704
-4.75926
-3.42593
-1.22222
-0.796296
-0.925926
0.0185185
3.57407
6.37037
6.77778
3.98148
2
1.88889
5.03704
7.25926
5.74074
-0.981481
-6.07407
-5.42593
1.05556
3.25926
-0.037037
-7.55556
-9.74074
-7.87037
-3.31481
-1.2037
0.148148
-4.85185
-6.05556
-6.2963
-5.2963
-3.46296
0.666667
6.2963
10.5741
9.7963
5.31481
1.03704
-0.574074
1.33333
4.22222
7.62963
6.18519
0.555556
-6.01852
-6.48148
0.425926
6.57407
6.46296
-1.42593
-8.5
-11.0741
-8.64815
-5.35185
-2.14815
-5.59259
-8.53704
-10.6667
-8.87037
-2.2963
7.51852
14.2222
13.3148
5.75926
-1.98148
-4.22222
-2.14815
3.27778
7.62963
12.2222
11.1667
6.03704
-2.7037
-7.22222
-5.03704
1.48148
6.44444
4.77778
-1.57407
-8.77778
-11.9259
-10.7407
-6.22222
-8.33333
-13.1481
-14.5
-8.07407
3.44444
13.7037
14.6667
8.90741
0.574074
-3.03704
-2.44444
0.62963
4.92593
8.40741
12.7037
12.4259
8.7963
1.55556
-3.01852
-3.51852
-1.31481
2.44444
4.51852
3.61111
-2.88889
-10.963
-14.9259
-11.9444
-12.6296
-17.2222
-14.8889
-3.59259
8.98148
14.7778
10.3333
3.92593
-0.666667
-0.203704
1.09259
3.03704
5.7963
8.64815
12.7037
12.7778
9.88889
4.07407
0.981481
0.833333
0.425926
0.0925926
0.851852
3.31481
1.75926
-6.38889
-14.6667
-16.5
-17.0185
-19.6852
-13
0.814815
11.2778
12.3889
6.24074
2.35185
1.37037
3.14815
3.74074
4.68519
6.64815
8.68519
12.2037
12.5185
10.3889
5.35185
3.42593
4.88889
5
1.85185
-1.33333
0.148148
2.44444
-2.27778
-11.8148
-18.2037
-20.6481
-20.2037
-9.87037
4.31481
10.8704
8.64815
3.74074
4.01852
5.96296
7.09259
5.81481
4.96296
6.44444
7.48148
10
9.61111
8.72222
5.98148
6.33333
9.81481
11.2963
7.05556
-0.87037
-3.35185
-0.425926
0.0740741
-7.92593
-17.1481
-23.5185
-19.2037
-5.90741
7.24074
9.14815
5.2037
4.40741
10
13.2963
10.3704
4.7037
1.18519
3.2037
5.14815
8.25926
6.98148
5.61111
3.53704
6.22222
13.4074
18.6852
15.5185
3.27778
-4.72222
-3.7963
1.40741
-4.05556
-14.7593
-26
-16.8148
-1.07407
10.2037
7.88889
5.35185
10.2593
19.0556
17.7407
6.24074
-5.07407
-9.14815
-2.7037
4.96296
12.7407
11.7407
7.96296
2.77778
4.12963
12
20.4815
20.1296
7.22222
-4.18519
-4.83333
4.05556
1.37037
-11
-28.037
-13.4074
4.27778
13.6111
7.7963
7.31481
15.6667
24.2407
17.1852
-0.203704
-14.5926
-18.1111
-9.05556
5.31481
18.5185
20.8704
15
6.59259
3.53704
7.61111
15.2407
18.2593
9.96296
-0.37037
-2.68519
5.7037
5.07407
-7.7963
-29.9074
-8.92593
11.963
19.2407
7.61111
5.09259
15.0741
26.3519
18.8519
-0.907407
-19.3704
-24.7222
-16.0926
3.40741
20.0556
25.5
18.2963
10.4259
7.31481
10.5185
14.963
15.7963
7.01852
-1.51852
-2.09259
9.7963
10.1481
-4.27778
-31.6111
-3.42593
20.963
24.2222
3.22222
-2.48148
12.7963
32.9074
27.8333
4.35185
-21.5
-31.1481
-24.9259
-1.94444
17.9259
27.0741
18.7407
10.5
7.85185
13.6852
19.3333
18.8519
6.53704
-4.7037
-4.59259
11.5
15.4444
0.333333
-31.7593
4.12963
30.0741
25.2963
-6.03704
-10.7037
16.4074
45.3148
37.537
4.18519
-28.7222
-38.963
-30.5185
-1.90741
21.1667
31.9074
19.0185
5.81481
-0.592593
7.18519
19.9074
26.4815
14.2593
-3.83333
-9.01852
9.7037
19.7222
6.37037
-30.963
10.7407
36.3333
23.8889
-14.7407
-15.6111
21.8889
55.8333
42.8889
1.48148
-34.8333
-43.3148
-32.4444
-0.185185
24.2593
34.9444
17.8889
0.944444
-8.61111
0.12963
18.3333
33.5926
23.8519
0.351852
-13.3704
5.59259
20.7037
11.537
-31
13.6111
38.5741
22.6481
-19.4815
-17.463
25.3704
61.3704
45.1111
0
-37.1296
-45.0185
-34.7222
-2.83333
22.6667
35.7407
19.8148
2.51852
-9.01852
-1.46296
17.2963
36.5
28.3148
2.75926
-16.6296
1.62963
19.5
14.037
-31.4259
13.2222
38.3333
22.2222
-20.5185
-18.2407
25.7593
62.4815
45.963
0.037037
-37.3889
-45.2407
-35.1667
-3.24074
22.3889
36
20.0741
2.66667
-8.85185
-1.05556
17.9259
36.6481
27.9259
2.01852
-16.8889
1.7963
19.8889
14.1852
-32.5
9.57407
36.2963
24.6296
-15.6481
-17.3889
20.8333
56.0926
43.7222
2.62963
-33.3148
-42.0741
-33.8333
-3.18519
21.4444
34.9815
19.4259
3.18519
-6.74074
1.88889
18.463
32.4815
22.2963
0.111111
-12.9259
5.40741
19.8519
10.7037
-32.2222
3.22222
29.7037
25.463
-7.35185
-13.1852
12.9259
41.7963
35.5926
6.90741
-21.8704
-30.463
-27.2222
-2.18519
17.8704
30.5
17.1852
4.61111
-3.11111
4.07407
15.3889
24.9444
16.8333
1.81481
-6.11111
8.25926
16.2963
4.42593
-30.463
-3
21.3889
23.7963
-0.240741
-7.90741
7.55556
28.1296
24.8519
6.42593
-12.7037
-17.6667
-16.037
2.05556
16.0926
25.6481
15.7407
6.94444
0.574074
3.66667
9.48148
15.9444
11.2963
3.48148
0.351852
12.2593
13.4444
-1.33333
-27.1481
-8.01852
12.0185
18.5185
2.7963
-3.2037
6.55556
19.9074
16.7407
4.48148
-6.22222
-7.14815
-6.22222
5.74074
14.7037
22.037
15.0556
8.40741
1.33333
0.222222
3
10
10.4444
7.44444
5.55556
12.5
8.96296
-6.61111
-22.8333
-11.5185
3.72222
12.4815
2.7963
-2.11111
5.07407
16.1481
15.3519
6.53704
-0.796296
-1.25926
-0.462963
6.90741
12.3519
16.3519
10.7778
6.33333
1.66667
2.53704
4.98148
10.7407
9.48148
7.25926
6.09259
11.3148
4.88889
-10.6852
-18.8148
-14.2963
-3.35185
7.61111
2.22222
-3.57407
0.481481
12.6111
18.2407
14.1296
6.75926
2.44444
0.296296
2.66667
5.51852
8.18519
6.38889
6.57407
7.24074
11.9259
12.9259
12.7037
4.96296
1.92593
3.05556
9.33333
1.61111
-13.4815
-14.7778
-16.5926
-9.31481
4.25926
4.24074
-2.7037
-5.33333
3.59259
14.2963
17.9444
14.1852
7.94444
2.55556
-0.0925926
0.648148
3.55556
7.33333
12
16.1296
18.9259
15.1111
7.2037
-3.14815
-4.03704
1.98148
9.01852
0.537037
-14.6111
-11.1481
-17.1111
-13.1111
1.12963
7.05556
1.5
-5.88889
-3.09259
7.37037
15
15.1852
10.8333
7
4.40741
3.77778
4.09259
7.11111
11.7963
16.2222
16.7037
10.463
0.759259
-6.01852
-2.59259
7.01852
11.9074
2.48148
-13.5926
-10
-18.2593
-16.5741
-1.2963
10.6481
8.53704
-1.94444
-5.48148
1.83333
11.0556
13.963
11.3889
8.46296
6.05556
5.24074
4.83333
7.64815
12.1296
15.5185
13.3889
4.42593
-4.48148
-5.98148
2.64815
13.2593
14.963
4.81481
-10.8333
-10.6481
-19.9444
-20.3148
-5.27778
11.7593
16.2963
7.31481
-1.09259
-0.37037
6.22222
10.3519
10.037
8.42593
6.31481
5.48148
4.94444
7.64815
11.3148
12.9259
8.55556
-0.148148
-5.22222
-1.90741
7.7037
15.7037
16.2222
9.31481
-3.68519
-14
-21.4259
-20.5556
-5.96296
11.8519
19.6852
15.037
6.42593
2.61111
3.37037
5.74074
6.57407
7.07407
5.83333
5.2963
4.7037
6.7963
8.83333
8.83333
4.64815
-0.87037
-2.22222
2.01852
8.68519
14.5
17.7407
17.2593
6.62963
1.33333
0.277778
-0.722222
-0.722222
-0.611111
-0.833333
-1.05556
-0.666667
0.277778
1.22222
2.38889
3.66667
4.77778
4.33333
2.83333
1.38889
1.38889
0.888889
-1.16667
-3.22222
-1.33333
3.16667
6.33333
5.05556
1.77778
-2.05556
-6.11111
-8.66667
-8
-4.33333
-2
-1.77778
1.38889
0.333333
-0.666667
-0.944444
-1.88889
-2.38889
-2
-0.5
0.888889
1.22222
1.88889
3
5
5.94444
5.22222
2.66667
-0.555556
-3.66667
-5.77778
-5.88889
-1.88889
3
6.77778
6.16667
4.83333
1.66667
-3
-7.27778
-7.72222
-4.11111
-1.77778
-2.05556
1.33333
1.27778
0.5
-0.777778
-3.16667
-4.22222
-3.61111
-1.61111
0
0.166667
0.222222
-0.166667
0.166667
1.55556
2.33333
1
-3.94444
-6.55556
-4.83333
0.333333
4.88889
6.33333
6.16667
4.44444
3.88889
2.77778
1.11111
-1.33333
-2.33333
-1.94444
-2
-2.94444
0.555556
1.61111
0.777778
-1.66667
-5.11111
-5.61111
-4.05556
-1.38889
-0.833333
-2.77778
-6.83333
-11.0556
-13.3889
-11
-7.66667
-5.44444
-7.83333
-6.55556
0
10.3889
17.6667
18.5556
15
9
5.11111
3.61111
4.77778
5.27778
4
0.388889
-2.83333
-3.88889
0.0555556
0.944444
-0.277778
-3.55556
-6.11111
-5.72222
-4.05556
-3.5
-6.88889
-12.1111
-18.3333
-21.6667
-22.6667
-17.4444
-11.0556
-5.61111
-6.88889
-6.05556
0
11.3889
19.7222
22.6111
21.5
18.6667
15
12.2222
12.2778
12.4444
8.88889
1.16667
-4.27778
-3.88889
-1.55556
-1.55556
-2.38889
-4.33333
-5.11111
-5.05556
-5.94444
-10.3889
-17.8889
-23.1111
-24.1667
-18.8333
-12.3333
-4.83333
0.777778
2.83333
0.166667
-5.83333
-9.22222
-7.16667
-1.83333
6.22222
15.2222
25.8889
30.7222
29.0556
23.5556
17.9444
10.6667
1.72222
-3.5
-2.16667
-3
-4.33333
-3.61111
-2.77778
-1.94444
-5.66667
-13.7222
-24.9444
-30.2778
-23.4444
-7.83333
7.05556
14
13.2778
12.5556
8.05556
5.77778
-4.5
-12.4444
-20.2778
-23.9444
-22.7778
-13.2778
8.5
30.1667
40.0556
36.1667
25
13.5556
3.83333
-0.333333
0.555556
-3.88889
-5.72222
-3.72222
-0.888889
-1.05556
-10.6111
-25.2222
-34.5556
-25.1667
-0.722222
22.6111
28.6667
21.1667
6.22222
-0.888889
-6.05556
-0.0555556
-1
-1.27778
-8.11111
-13.4444
-21.6111
-26.3333
-19.4444
2.05556
24.7222
36.3333
31.6111
20.0556
9.61111
5.16667
3.44444
-2
-4
-2.94444
-2.38889
-7.38889
-20.7222
-31.1667
-24.2222
0.611111
26.1111
31.6667
17.7222
-2.05556
-18.4444
-23.6667
-22.1667
-8.83333
1.94444
12.0556
14.2778
15.8333
8.33333
-6.72222
-25.1667
-27.4444
-9.72222
16.7222
30.6111
28.7222
18.6667
11.5556
5.88889
0.777778
-0.833333
-3.44444
-9.11111
-19.8333
-28.5
-21.5556
4.55556
28.6667
29.2222
5
-18.3889
-29
-28.5
-27.1111
-20.1667
-10.7778
2.11111
10.1111
16.8333
25.3333
32.1667
27.6111
2.77778
-25.7778
-33.4444
-13.8333
14.6667
31.1667
29.6667
20.1667
9
3.05556
1.72222
-5.22222
-17.6111
-30.1667
-26.3333
0.222222
29.7778
30.1111
-1.61111
-36.5
-41.8333
-26.1111
-5.61111
1
4.55556
0.222222
-0.722222
-5.88889
-5.94444
-1
16
34.1111
35.8333
10.5
-21.4444
-31.8889
-11.3333
20.2222
34.8889
28.6111
13.6667
2.27778
0.722222
-9.33333
-23.3333
-29.2778
-10.0556
20.9444
30
3.72222
-34.3333
-44.8889
-27.1111
-0.777778
16.2778
19.4444
17.1667
6.22222
-2.33333
-13.1111
-18
-20.4444
-11.5556
8.66667
32.8333
37.5556
11.6667
-22.8889
-28.6111
-1
30.1111
32.8889
19.0556
-0.277778
-2.5
-12.8333
-22.7222
-18.5556
8.33333
27.6111
12.5556
-23.7222
-42.1667
-22.7778
4.22222
20.5
21.3333
18.2778
12.0556
3.33333
-4.38889
-11.0556
-15.6111
-21
-24.3889
-17.6667
6.83333
35.3889
36.3333
3.05556
-24
-18.4444
15.2778
27.6667
21.9444
-2.66667
-6.38889
-15.9444
-19
-6.11111
20.6667
23.2778
-4.38889
-31.3889
-20.5
16.7778
36.8333
31.2222
11.5556
-2.88889
-13.7222
-16.0556
-12.2222
-6.44444
-4.16667
-6.77778
-15.7222
-23.8889
-16.2778
12.5556
35.4444
21.3333
-8.16667
-23.3889
0.277778
17.8889
21.3889
-3.77778
-8.77778
-16.5556
-13.8889
2.44444
22.3333
13.0556
-12.1111
-22
7.05556
42.6667
52.3889
35.3333
9.72222
-14
-31.7222
-36.3333
-24.3333
-10.1111
-1.44444
-1.27778
-6.11111
-15.5
-20.1667
-7.61111
18.1111
26.1667
9.44444
-14.4444
-11.8889
6
16.3889
-3.27778
-9.27778
-15.4444
-10
6.61111
19.2778
5.72222
-12.8889
-10.4444
24.3889
54
57.7222
36.6111
9.55556
-19.8333
-41.5
-48.0556
-31.6111
-13.2778
-1.16667
-0.166667
-1.33333
-6.61111
-14.1111
-14.3333
1.27778
17.5
14.2222
-3.44444
-13.0556
-0.333333
9.77778
-2.33333
-7.16667
-11.1667
-5.83333
7.61111
13.5
0.166667
-12
-4.88889
22.2778
40.7222
40.3889
25.3333
9.38889
-12
-26.3889
-35.5
-21.6667
-7.66667
4.77778
5.5
2.88889
-4.38889
-16.7778
-23.3333
-12
11.2778
17.6667
5.88889
-12.1111
-6.11111
1.66667
-0.388889
-3
-6.11111
-4.16667
4.61111
8.33333
2
-5.05556
-2.61111
9.22222
17.2778
17.0556
8.44444
2.22222
-5.5
-5
-6.05556
4.94444
11.6111
16.3889
12.0556
3.72222
-8.61111
-23.6111
-29.8889
-20.5556
-1.33333
8.83333
5.66667
-4.27778
-5.27778
-2.72222
1.5
2.55556
-0.111111
-2.72222
-0.444444
3
4.33333
1.88889
-2.27778
-6.66667
-9.22222
-9.94444
-9.44444
-1.72222
7.16667
21.3333
24.8333
30.8333
28.8333
25.2222
14.7778
1.77778
-15.0556
-30.2778
-34.8889
-23.5556
-7.61111
1.55556
2.11111
-1.88889
-3.88889
-4.05556
2.72222
8.11111
7
0.777778
-5.11111
-3.16667
5.33333
8.05556
-0.833333
-17.9444
-28.1111
-28.9444
-20.8889
-4.61111
16.2778
34.1667
38.5
32.6111
22.3889
12.3333
3.22222
-2.83333
-9.38889
-10.4444
-11
-8.16667
-10.7778
-8.88889
-3.33333
4.05556
1
-2.77778
2
11.5556
15
8.16667
-6.27778
-11.0556
-0.166667
8.72222
0.777778
-24
-40.3333
-41.7778
-26.2222
-4.77778
21.1667
35.4444
35.6111
17.0556
0.888889
-9.44444
-9.94444
-4.66667
4.83333
19.8889
24.5
13.6667
-7.72222
-13.7222
-3.61111
9.55556
4.33333
-2.61111
-0.277778
11.0556
20.5556
15.6111
-6.44444
-20.7778
-7.27778
12.9444
11.5
-20.2778
-46
-48.2222
-27.2222
-5.61111
16.7778
23.8333
21.2778
-4.11111
-20.3333
-25.8889
-14.8889
1.5
25.4444
49.3889
51.5556
22.7222
-9.55556
-14.1667
3.11111
14.7222
3.27778
-6.44444
-4.11111
4.88889
20.3889
21.3333
-0.333333
-25.2778
-15.8333
14.5556
27.1667
-1.83333
-39.3333
-48.7222
-30.5
-10.7778
4.22222
9.83333
13.5
-0.5
-11.5
-16.3333
-6.16667
9.44444
32.2778
46.3889
38.1111
4
-15.7778
-7.83333
12.8333
12.6667
-3.55556
-12.3333
-7.5
-2.66667
16.0556
25.7778
10.4444
-21
-22.8889
9.83333
38.9444
24.7222
-18.0556
-41.2222
-35.6111
-19.3889
-7.55556
-1.11111
5.88889
2
-2.05556
-2.55556
8.88889
24.2222
36.4444
28.8889
3.33333
-22.5556
-15.6667
7.22222
20.2222
1.38889
-16.0556
-18.9444
-9.83333
-8.33333
11.0556
30.5556
28.2222
-3.5
-26.4444
-11.8333
24.8333
40.1111
15.3889
-16.3333
-31.1111
-26.9444
-17.1667
-8.16667
2.44444
6.83333
8.27778
10.3889
20.5556
29.1667
23.5556
-3.66667
-30.6111
-32.6667
-2.94444
20.6667
16.7222
-11.6667
-24
-19.5
-8.72222
-8.94444
5.77778
28.8889
37.6667
17.3889
-16.4444
-29.3333
-6.94444
26.0556
37.1667
20.1111
-3.05556
-16
-14.8333
-10.8333
-3.11111
0.833333
5.72222
10.4444
16.6667
15.1667
-2.11111
-26.8333
-36.5556
-17.6667
13.6111
23.6111
5.27778
-20.5
-24.7778
-15.4444
-4.22222
-5.38889
1.22222
19.5
34.2778
30.4444
2.27778
-28.6667
-33.9444
-8.5
27.0556
42.2222
34.2222
15.9444
4
-1.61111
-0.722222
0.388889
2.16667
0.388889
-7.55556
-19.6667
-32.8889
-32.6111
-17.6111
7.55556
20.5556
12.0556
-9.83333
-22.5556
-18.2222
-8.11111
2.27778
0.333333
-1.88889
4.88889
18.3889
28.2778
20.7778
-3.72222
-28
-31.2778
-7.66667
23.9444
39.5556
34.6667
21
10.8333
4.72222
0.388889
-3.61111
-11.5
-25.7222
-35.5556
-31.6111
-9.66667
10.5
18.9444
7.77778
-9.5
-21.5556
-18.2222
-7.55556
0.222222
8.55556
5.16667
-4.38889
-9.77778
-1.16667
12.8889
22.2222
16.8889
-2.44444
-23.4444
-28.6111
-11.3333
10.3889
21.3889
18.6111
14.1111
6.61111
0.166667
-6.83333
-13.8889
-21
-20.8333
-6.27778
12.4444
18.6667
7.61111
-12.3333
-25.1111
-21.3889
-4.88889
11.7778
15.7778
11.2778
7.05556
-5.94444
-20.6111
-19.2778
-10
5.61111
17.5556
19.7222
5.11111
-17.5556
-30.5556
-26.5
-14.3333
-4.38889
1.66667
1.55556
-0.166667
-2
-1.16667
4.66667
10.2222
17.9444
14.1111
3.55556
-15.0556
-27.3333
-27.8333
-9.83333
15.6111
35.3333
35.5556
11.5556
6.55556
-8.16667
-28.1111
-35.6667
-33.8333
-20
-2.11111
16.6667
22.5
12.5556
-8.16667
-21.1111
-22.6111
-15.8889
-9.05556
-4.44444
-0.0555556
3.44444
8
13.2778
12.4444
5.33333
-9.66667
-19.6111
-26.2778
-24.1111
-15.6667
6
32.2222
53.3889
53.2222
8.27778
5.33333
-6.33333
-27
-43.5
-48.1667
-36
-15.8333
5.88889
21.7222
25.9444
16.2778
2.72222
-5.77778
-7.05556
-6
-3.66667
0
2.94444
5.11111
4.38889
-1.38889
-12.1111
-21.7222
-23.1667
-19.3889
-13.2778
-5.72222
9.11111
30.8889
50.1111
53.3333
-1.9
-3.96
-5.88
-6.76
-7.58
-8.26
-9.16
-10.56
-12.16
-11.42
-10.2
-9.16
-7.52
-5.78
-6.24
-4.64
0.2
6.38
13.16
20.14
23.76
23
19.58
14.46
8.62
3.2
-0.76
-3.26
-3.42
-5.78
-8.44
-10.76
-13.36
-15.64
-17.64
-18.92
-18.66
-15.22
-11.52
-8.42
-5.72
-4.48
-6.34
-6.68
-4.04
0.58
7.54
16.2
23.12
27.46
29.38
27.24
21.98
15.6
9.02
2.6
-4.96
-7.9
-11.84
-16.4
-20.56
-23.54
-25.34
-24.84
-21.72
-17.3
-13.48
-10.74
-8.46
-7.42
-7.48
-6.64
-3.16
0.82
6.78
14.1
21.08
27.88
34.68
36.3
33.34
27.94
19.88
9.74
-6.7
-10.74
-16.06
-21.7
-26.28
-28.66
-28.18
-24.54
-19.86
-17.2
-15.16
-13.94
-13.68
-13.6
-10.54
-7.46
-3.04
1.62
7.68
13.52
19.86
27.28
35.98
40.88
41.12
37.72
29.88
18.44
-9.14
-14.66
-21.02
-27.2
-31.48
-31.68
-27.4
-20.28
-13.64
-9.58
-6.86
-6.28
-7.56
-8.96
-7.64
-8.22
-8.08
-6.6
-3.16
0.96
8.38
18.76
30.54
39.6
44.58
44.86
38.7
27.5
-12.7
-19.2
-25.86
-31.28
-32.6
-28.86
-21.44
-12.86
-6.04
-3.56
-3.12
-4.84
-7.28
-8.72
-6.62
-6.88
-6.56
-6.14
-4.88
-3.64
0.9
8.28
19.4
29.72
37.92
43.12
42.6
34.58
-16.16
-23.18
-29.26
-31.78
-28.34
-21.02
-12.72
-5.88
-3.6
-6.98
-11.06
-15.12
-17.52
-16.12
-9.72
-4.92
0.66
4.82
6.88
6.38
6.16
5.32
9.38
16.68
25.12
33.78
40.42
38.92
-19.66
-26.18
-30.16
-28
-20.58
-12.5
-6.64
-4.62
-8.34
-13.76
-17.08
-18.18
-17.46
-13.44
-8.56
-4.78
-0.56
4.82
8.56
10.88
11.84
8.82
6.34
9.68
15.7
23.76
34.34
40.44
-22.6
-26.64
-27.48
-22.04
-12.86
-6.48
-6.6
-10.28
-14.56
-15.28
-13.14
-8.06
-2.98
-0.18
-2.54
-5.8
-8.54
-7.3
-3.56
3.04
9.14
10.9
8.58
9.44
11.12
15.7
26.34
37.18
-23.5
-23.98
-22.54
-15
-4.66
-0.52
-4.88
-8.42
-7.7
-7.02
-6.22
-2.04
-0.18
-4.56
-10.02
-11.46
-13.04
-12.46
-7.4
1.34
8.06
10.56
9.46
9.64
7.34
7.62
17.18
31
-21.56
-19.52
-17.28
-8.44
0.84
1.54
-3.52
-1.54
4.32
6.52
6.2
7.04
1.56
-10.58
-20.04
-20.36
-20.46
-19.32
-14.04
-4.34
3.54
8.54
9.72
12.1
10.18
6.76
10.92
23.64
-18.8
-15.02
-11.6
-2.22
4.66
3.52
0.62
8.26
19.18
24.2
22.42
18.46
5.46
-14.3
-28.46
-29.58
-30
-29.04
-24.1
-14.68
-5.58
3.82
8.3
13.52
14.08
9.16
7.06
16.66
-15.12
-10.68
-7.12
1.6
6.3
5.56
7.36
21.36
36.58
42.74
36.7
25
4.02
-21.24
-36.8
-34.8
-31.14
-28.54
-24.54
-18.84
-14.3
-6.54
-0.28
6.3
10.9
8.84
4.28
9.22
-10.72
-7.22
-4.42
3.38
6.7
7.18
14.44
33.34
48.4
52.28
40.98
22.5
-2.98
-27.04
-39.06
-29.98
-19.8
-15.04
-14.28
-15.22
-19.78
-19.54
-15.22
-7.8
1.76
4.92
1.86
3.62
-6.6
-4.6
-2.02
4.38
5.76
5.64
13.26
28.36
36.98
40
31.72
17.3
-0.54
-13.54
-21.28
-11.86
-2.7
-0.3
-5.66
-12.3
-22.22
-26.52
-25.22
-17.38
-4.68
2.06
0.52
0.34
-2.58
-1.46
0.66
4.44
4.2
3.9
7.82
13.76
16.3
19.06
15.4
9.14
3.54
1.1
-2.14
4.1
9.42
9.08
1.76
-5.84
-15.36
-21.54
-23.8
-18.28
-8.9
-2.92
-1.86
-0.58
1.92
2.38
2.42
2.1
0.5
-1.58
-3.28
-5.2
-7.14
-4.32
-1.08
3.14
10.16
18.42
19.54
22.12
22.62
17.68
7.54
-0.42
-9.26
-17.02
-20
-16.64
-11.74
-7.42
-3.2
-1.46
5.02
5.04
4.3
0.86
-1.24
-4.22
-11.76
-23.36
-30.36
-28.9
-19.78
-5.14
14.38
31.46
36.8
34.1
27.64
18.7
8.9
3.72
-0.2
-4.72
-7.44
-6.94
-8.64
-8.22
-3.3
-1.28
8.54
8.36
6.52
0.28
-2.5
-5.38
-16.2
-34.52
-46.66
-48.12
-35.76
-15.48
10.36
31.84
39.92
31.2
20.42
13.06
9.58
10.96
15.54
16.02
12.76
8.64
0
-4.44
-1.58
-0.94
12.76
12.5
8.92
0.34
-3.04
-4.68
-14.16
-32.5
-46.88
-52.66
-43
-25.62
-2.7
17.2
27.24
17.54
9.24
8.44
14.34
21.86
31.32
32.8
28.4
18.54
5.22
-1.18
0.1
-2.38
15.46
15.84
12.74
3.24
-1.06
-1.84
-7.64
-22.74
-36.96
-46.1
-41.8
-30.52
-12.66
5.76
18.86
14.56
10.78
12.6
20.2
25.66
30.18
28.5
24.9
13.46
2.06
-0.68
0.58
-6.02
17.18
18.9
17.5
8.74
2.5
2.48
1.28
-9.42
-20.82
-29.24
-30
-26.56
-16.2
-3.72
7.84
6.5
5.58
9.78
18.24
21.16
22.1
20.76
17.98
7.52
0.44
1.06
-0.62
-10.74
20.12
23.72
22.9
13.9
3.98
1.3
2.88
-0.04
-5.36
-9.12
-10.32
-12.44
-10.88
-5.32
1.64
0.42
0.64
4.72
10.08
9.5
8.42
7.88
6.96
0.92
-0.56
1.16
-3.94
-15.52
20.68
26.2
27.38
19.96
8.6
2.38
3.04
3.44
2.88
2.58
2.12
-2.02
-4.78
-3.46
0.74
0.8
2.2
4.24
5.1
1.02
-2.7
-4.34
-4.2
-7.28
-6
-4.3
-10.18
-19.86
16.28
22
25.68
20.88
10.2
2.98
2.38
3.16
6.54
10.66
11.92
8.4
4.74
3
3.9
3.62
2.76
0.3
-4.34
-11.86
-17.24
-17.46
-15.48
-15.32
-11.46
-8.62
-12.44
-16.9
8.66
11.5
15.14
13.16
5.22
-0.48
-0.82
0.14
4.66
12.84
18.12
17.1
13.48
9.78
5.4
-0.28
-5.52
-9.96
-15.94
-21.82
-22.84
-19.12
-17.1
-16.04
-12.06
-9.48
-10.22
-7.32
-0.74
-3.16
-1.52
-1.08
-3.26
-4.86
-3.4
-2.36
-0.2
5.9
12.56
14.24
12.46
11.04
6.46
-1.38
-7.62
-11.7
-16.9
-20.04
-17.84
-15.48
-16.46
-17.38
-15.26
-12.22
-5.94
5.94
-11.5
-19.74
-21.2
-18.84
-13.02
-6.68
-0.66
1.06
0.22
-0.98
0.08
0.4
0.18
1.64
1.76
-1.08
-2.66
-4.04
-6.52
-8.5
-9.06
-13.04
-18.14
-22.82
-21.7
-13.98
1.38
20.58