71.625
64.375
31.75
2.375
-2.375
0
0
0
0
0
0
0
0
0
0
0
0
0
0
0
0
0
0
0
0
0
0
0
0
0
0
0
0
0
47.125
40.625
25.875
4
-2.625
0
0
0
0
0
0
0
0
0
0
0
0
0
0
0
0
0
0
0
0
0
0
0
0
0
0
0
0
0
10.75
6.5
3.5
-1.625
-4.75
-1.5
0
0
0
0
0
0
0
0
0
0
0
0
0
0
0
0
0
0
0
-0.25
-0.875
-1.25
-1.875
-1.875
-1.5
-1.125
-0.5
-0.25
8.875
15
13.625
12.25
4.75
-1.375
0
0
0
0
0
0
0
0
0
0
0
0
0
0
0
0
0
0
-0.375
-2.875
-7.25
-11.5
-15.125
-15
-11.625
-7.375
-3.375
-1
17.5
35.25
37
34.625
19.5
1.75
0
-0.125
-0.125
-0.125
-0.375
-2.125
-2.75
-4.25
-5.25
-5.25
-6.625
-6.625
-8.125
-7.25
-8.625
-7.5
-8.75
-8.25
-9.375
-14.125
-19.875
-29.25
-33.625
-33.125
-24.5
-14.625
-5.75
-1.125
9.5
19.125
20.75
19.375
11.25
1.625
-0.125
-0.375
-0.5
-0.5
-5.25
-16.5
-26.625
-37.125
-43.875
-49.625
-57.75
-65.625
-74.125
-68.5
-70.25
-70.625
-73.25
-81.375
-84.5
-85.75
-84.375
-86
-80.125
-65.625
-44.125
-22.75
-5.375
0.125
0
-1.375
-11.125
-25.5
-41.625
-54.75
-62.375
-61.375
-63.625
-61.25
-66
-75
-82.375
-92.75
-96.25
-103.625
-108.5
-118.125
-122.5
-119.75
-116.625
-120.5
-118
-127.625
-128.125
-123.125
-121.125
-110.125
-99.5
-73.75
-48
-22.375
-5
0.25
0
-1.5
-15.75
-45
-80.375
-112.375
-134.25
-137.125
-138.375
-135.125
-128.875
-115.75
-101
-89.875
-78.125
-70
-56.5
-44.875
-29.75
-30.875
-21.125
-16.125
-4.875
8
16.125
15.625
0.375
-9.375
-19.5
-15.25
-8.25
0.625
1.25
0
0
1.125
6.25
0.625
-18.25
-38.875
-48.625
-51.875
-33.625
-24.125
-14.625
-0.5
10.125
27
34.5
47.25
57.875
74.375
85.5
88.5
93.125
102.5
108.125
123
129
121.25
97.375
64.125
45
28.5
24.375
21.75
9.625
1.125
0
1.375
15.5
37.875
46.125
45.375
53.875
59.125
87.125
112.75
124.375
124.125
119
119.875
114.125
113.125
107.25
104.875
98
94.5
87
83.125
75.375
71
65.625
56.125
42.875
34.75
39.75
35
35.25
24.875
7.5
0.875
0
0.25
4.875
21.125
35.875
37.625
27.375
23.625
27.25
47.375
70.5
77
75
70
67
61.625
57.25
50.375
45.125
38.5
32.125
25.5
18.625
12.125
-3.125
-24.75
-26
-7.25
15.875
35.5
34.375
15.125
1.625
0
0
0.125
0.25
5.125
20.25
25.5
3.5
-18.25
-35.625
-37
-14.625
5.375
8.625
7.125
7.875
6.5
7
5.625
5.875
4.875
4.375
3.625
2.75
0.5
-22.375
-45.625
-38.5
-20
5.5
28.375
20.625
3.625
0
0
0
0
0
3.75
20.875
33.75
25.625
5
-17.5
-31.375
-23.25
-6.375
-1
0
0
0
0
0
0
0
0
0
-0.375
-2.75
-19.625
-26.625
-14.75
-0.25
17.875
24.875
13.375
1.25
0
0
0
0
0
2
14
35.375
46.125
33.375
7.75
-15.25
-26
-15.25
-1.625
0
0
0
0
0
0
0
0
0
-0.75
-11.125
-19.75
-10.625
8.5
26
35.625
26.5
8.125
1
0
0
0
0
0
0
3.125
21.625
49.375
47.625
17.75
-8.875
-36.625
-34.875
-8.125
0
0
0
0
0
0
0
0
0
-7.75
-34.25
-38.125
-17.25
7
35.375
39.25
18.375
1.875
0
0
0
-5.125
-0.125
0
0
0
5.875
30.125
44.5
22.625
-8.375
-39.75
-54.125
-32.25
-7.125
0
0
0
0
0
0
0
-1
-22.5
-49
-43.375
-21.625
4.75
31.25
25.625
4.875
0
0
0
0
-74.25
-61.5
-46
-28.875
-13.625
-2.75
8
23.625
23
-2.125
-31.625
-51.25
-50.5
-26
-4.5
0
0
0
0
0
-0.75
-4.25
-23.625
-32.875
-21.5
-4.5
16.375
25.625
15
1.5
0
0
0
0
-131.75
-118.125
-89.25
-56.625
-30.375
-11.125
-1
13.25
28.75
21
-4.5
-28.375
-43.5
-36
-11
0
0
0
0
0
-1.125
-12.625
-23.125
-16
3.625
17.375
29
21.875
3.375
1.125
0
0
0
0
-44.375
-29.875
-14.25
-4.25
-4.625
-5.75
-1.125
13.125
39.25
45
28
3
-23.375
-29.375
-12.375
-0.75
-0.25
0
0
0
-6.5
-32
-40.75
-21.625
-7.625
-0.625
-6.75
-39.5
-59.625
-54.125
-52.625
-52.5
-53.75
-55.125
8.375
5.875
-11.875
-36.75
-59.75
-78.625
-87.75
-84
-50.125
-3.625
19.125
19.25
-0.875
-25.75
-26.125
-8.75
-0.625
0
0
-1.375
-20.625
-46.75
-46
-29.125
-33.375
-38.25
-74.375
-123.125
-131.375
-132.25
-128.875
-127.25
-127.5
-128.25
-46.75
-71.375
-114.75
-149.25
-166
-175.5
-182.875
-184.125
-163.25
-97.625
-31.5
-3.375
-3.125
-28.625
-48.5
-30.625
-6
0
-0.875
-5.75
-24.375
-35
-23.125
-19.75
-28.75
-40.875
-80.125
-107.125
-108.25
-113.125
-111.75
-109.25
-105.75
-103.375
-53.125
-63
-84.625
-98.25
-103
-102.875
-102.875
-102
-109.25
-99.875
-57.875
-35.875
-31.25
-33.75
-53.25
-50.375
-21.75
-3
-1.25
-12.75
-23.375
-17.125
1.625
2.125
-1.125
-18
-45.875
-47.125
-46.5
-47.875
-49.125
-48.375
-45.75
-44.125
-30.625
-25.375
-16.25
-12.625
-11.5
-10.875
-10.5
-10
-22.375
-49.5
-46.625
-35.5
-33.25
-25.5
-37.75
-48.5
-35.625
-13.75
-7.25
-27.25
-36.875
-17.125
-6.75
-1.375
2.125
-21.75
-30.375
-18
-16.25
-16.25
-16.875
-17
-17.375
-17.5
-22.5
-20.625
-7.125
-4
-3.5
-4
-4.75
-4.875
-8.625
-25.375
-31.375
-10.625
0.625
4.25
-5.875
-29.25
-35.625
-22.875
-22.5
-42.75
-44.125
-27.125
-32.375
-28.25
-28.875
-45.625
-24.875
-6.75
-6.25
-6.625
-6.625
-6.75
-7.5
-7.625
-4.875
-7
-1.5
-0.75
-1.25
-1.75
-2.375
-2.625
-3.375
-14.25
-31.375
-18.75
6.375
12.5
13
-4.25
-29
-30.25
-31.75
-37.75
-28
-25.25
-31
-29.5
-38.75
-35.75
-12.5
-4.125
-4.875
-5.75
-6.375
-7.25
-7.5
-7.5
9
3.875
0.125
-0.125
-0.5
-0.625
-0.625
-1.5
-1
-4.875
-29.875
-49.375
-29.75
-14.25
-4.25
-1
-26.75
-48
-43.625
-22.625
-2.375
-3.875
-3.625
-8.875
-24.375
-13.625
-4
-3.5
-3.25
-4
-4.75
-5.5
-5.75
-5.625
9.125
4
-0.125
0.625
0.75
0.375
0
-0.5
-0.375
0.875
-10.875
-41.125
-51.875
-36.375
-26.875
-21.875
-31.625
-66.25
-73.125
-32.375
-5.5
-1.625
3.875
-12.5
-20.125
-6.375
-3.25
-2.75
-2.25
-2.5
-2.125
-2
-2.625
-3.375
8.625
2.5
0.375
1.25
1.5
1
0.125
0.125
-0.375
-0.25
-0.125
-14.75
-42.125
-41.125
-29.75
-30.625
-33.25
-60.25
-75.375
-47.875
-34.125
-28.125
-25.25
-37.875
-21.125
-1.375
-1
-1.25
-2.25
-2.75
-2
-2
-2.875
-4.25
15.75
6.125
1.625
0.625
0
-0.125
-1
-2
-3.875
-4.375
-4.5
-7
-24.875
-33.25
-18.625
-14.75
-12.75
-17.375
-25.875
-31.875
-38.375
-37.25
-44.125
-40
-16.375
-3.875
-2.25
-1
-1.375
-2.375
-3.25
-3.75
-4.125
-3.875
17.75
16.125
10.875
10
9.875
9.5
7.75
3.875
0.625
-1.5
-2.125
-1.375
-9.5
-21.625
-11.25
6.25
16.25
30.75
30.625
3
-11.125
-15.875
-28.75
-20.25
-8.125
-4.375
-0.375
2.625
4
3.125
1.375
0.75
0.625
1.5
4.5
21.125
22.125
20.625
20.5
19.125
17.125
14
12.5
11
10.375
9.875
5.25
-14
-24.75
-6.5
12.25
43.625
58.75
31
9.875
-3.5
-10
-1.375
4.625
6.75
7.875
7
4.25
0.125
-3.125
-4.875
-6.5
-8.25
-18
-3.25
2.5
-2.375
-4.625
-5.75
-5.875
-5.25
-4.5
-4.875
-6.125
-8.75
-9.875
-22
-47
-45.125
-15.625
23.375
48.625
41.625
16.875
-3.5
1.25
12.875
14.75
14.625
12.375
4.125
-7.375
-18.5
-26.125
-29.125
-30.375
-31.75
-32.625
-34.25
-31.5
-35
-36.875
-36
-33.375
-31.25
-30.875
-31.75
-33.375
-32.75
-24.75
-7
2.25
5.875
21.875
29
36
57.125
65.375
63.125
67.5
52.75
34.125
24.25
10.625
0.25
-13.125
-25.375
-32.25
-33.875
-33
-30.75
-24
-27.5
-23.875
-18.625
-18.875
-15.75
-9.625
-5.875
-2.875
-2
4.125
19.125
42.375
76.75
98.75
87.125
52.375
10.25
-9.125
15
59.75
97.125
121.25
105.125
79.75
57.375
27.25
14.125
5.125
-3.25
-8.25
-8.25
-7
-4.375
-43.125
12.125
58.5
67.375
27.125
0.5
0
0
0
0
0
0
0
0
0
0
0
0
0
0
0
0
0
0
0
0
0
0
0
0
0
0
0
0
-46.625
-24.625
35.875
66.25
29.375
0.5
0
0
0
0
0
0
0
0
0
0
0
0
0
0
0
0
0
0
0
0
0
0
0
0
0
0
0
0
-40.75
-54.25
9
63.625
34.25
2
0
0
0
0
0
0
0
0
0
0
0
0
0
0
0
0
0
0
0
-0.25
-0.875
-0.75
-0.125
0.125
0.5
0.625
0.5
0.25
-27.875
-45
0.625
47.25
27.25
1.875
0
0
0
0
0
0
0
0
0
0
0
0
0
0
0
0
0
0
-0.375
-2.875
-6.5
-5.75
-1.375
2.25
4.875
5.375
3.375
1
-17.5
-30.5
-2
31.125
19.5
1.75
0
-0.125
-0.125
0.125
-0.125
-2.125
-2.25
0
-0.25
-1
-1.125
-0.375
-0.375
-0.25
-0.125
0
0
-0.75
-0.625
-5.625
-11.625
-11.5
-4.125
6.375
14
13.625
6.75
1.625
-9.5
-16.375
-1.75
16.125
11.25
1.625
-0.125
-0.375
-0.25
0.25
-4.5
-16.25
-16.875
-4.375
-0.375
-8.125
-13.5
-7.875
-2.875
5
6.75
-7.125
-9.75
-3.625
-2.25
-6.5
-11.375
-11
-0.125
24.375
43.125
33.75
12.125
1.875
0
-1.375
-11.125
-22.75
-19.375
-6.5
-1.375
-0.375
-0.125
0.5
-2.75
-18.25
-18.375
-3.75
-0.5
-9.125
-14.5
-8.125
-2.5
5.25
7.375
-6.5
-9
-2.125
-2.375
-5.625
-13.375
-13.625
5.5
41
65
48.875
17.5
2.5
0
-1.5
-15.75
-42
-48.875
-25.375
-5.25
-0.125
0.375
1.875
-0.375
-14.5
-14.5
-0.875
2.875
-4.25
-9
-2.625
3
10.875
13.375
-0.375
-3.125
3
0.875
-9.875
-30.125
-32.875
3
60.75
87.25
56.125
16.25
1.75
0
-1.625
-16
-47.125
-69.5
-50.875
-2.375
24.375
14.625
3.625
-0.875
-11.5
-11.875
-0.75
3.5
-2.75
-7.375
-1.875
4
11.5
14.375
0.5
-2.375
4.25
1.75
-9.25
-42.125
-54.125
3.5
82.25
97.875
52.25
12.875
1.125
0
-1.625
-16
-48.875
-82.625
-78.375
-17.625
41.875
41.875
15.5
4.875
2.625
2.75
3.625
3.625
4.375
5
5.625
6.5
6.25
7.5
7.625
7.375
7
1.625
-21.125
-69.375
-68
19.25
90.25
77.75
32.375
7.5
0.875
0
-0.25
-4.875
-28.125
-74.125
-92.875
-36.625
39.375
63.75
40.125
12.25
5.25
4.25
3
3.75
5.375
6
5.875
6.125
6
6.875
7
6.625
4.875
-8.125
-48.5
-86.75
-54.5
37.625
89.75
61.625
17.625
1.625
0
0
-0.125
-0.25
-8.875
-47.75
-90.5
-61.5
24
79.875
68.25
25.125
3.625
0.375
0.125
0.375
0.5
0.5
0.375
0.625
0.375
0.875
0.875
0.75
-1.5
-26.625
-73.625
-80
-11.25
70.75
82.125
36.875
5.625
0
0
0
0
0
-3.75
-27.125
-70.75
-87.375
-25.5
71.25
92.375
42.25
7.625
1
0
0
0
0
0
0
0
0
0
-0.375
-4.25
-42.125
-100.125
-70.75
41
96.125
62.125
17.125
1.25
0
0
0
0
0
-2
-14
-43.625
-79.875
-68.625
20.75
93.5
71.5
20.75
1.625
0
0
0
0
0
0
0
0
0
-0.75
-14.875
-69.25
-105.875
-25.25
83.25
87.125
36.5
8.125
1
0
0
0
0
0
0
-3.125
-22.875
-60.375
-76.125
-30.5
50.125
83.875
48.875
10.125
0
0
0
0
0
0
0
0
0
-8.5
-41.25
-83.625
-70
20.75
89.875
69.5
21.375
1.875
0
0
0
5.125
0.125
0
0
0
-6.375
-31.625
-69.25
-73.375
-7.375
69.5
75.875
35.5
7.125
0
0
0
0
0
0
0
-1
-24
-73
-85.875
-19.875
67.75
86.75
42.125
7.125
0
0
0
0
8.25
10.25
20
22.375
12.375
2.5
-8
-49.125
-99.5
-59.125
43.875
83
59.75
26
4.5
0
0
0
0
0
-0.75
-4.25
-38.375
-99.875
-82
34
102.125
68.625
19
1.5
0
0
0
0
20.75
27.125
32
34.625
26.875
10.375
1
-23
-83.75
-98.75
-15.75
72.125
89.25
50.25
11
0
0
0
0
0
-1.125
-14.625
-67.375
-110.75
-36.625
78.625
92
45.625
13.125
1.125
0
0
0
0
39.375
52.875
47.25
38
27.125
11.5
2.375
-12.875
-54.5
-89.25
-67
22
100.375
79.875
20.875
0.75
0.25
0
0
0
-8
-40.5
-88.25
-81.875
3.125
65.375
55.75
28.5
11.125
2.875
-0.125
-1.25
-1
-1.375
32.375
43.625
42.625
37
27.25
11.625
2
-5.25
-17.375
-28.375
-46.125
-24.75
60.625
94.5
46.875
8.75
0.625
0
0
-1.375
-22.875
-71.25
-93
-39.875
28.375
32
11.375
11.875
11.125
5
1.125
0
0.25
-1
30.5
25.375
18.25
13.25
14.5
8.5
1.625
0.375
6.25
15.875
-7.25
-30.875
17.625
75.125
69.25
32.125
6.5
0
-0.875
-5.75
-37.125
-96
-92.125
-0.75
34.5
-15.875
-26.125
4.625
12
6.125
2.5
1
1.25
-0.375
19.875
2.25
3.375
0.5
0.25
1.625
1.125
0.25
14.75
48.625
42.375
-14.875
-21.25
41.75
81.5
61.875
23
3
-1.25
-15.5
-64.375
-106.875
-51.875
32.625
-2.875
-69.75
-43.125
-0.375
8
7.375
4.125
2.125
2
0.125
8.625
-23.125
-13.5
-3.375
-0.25
0.625
0.5
0.5
15.125
62.75
91.375
30.5
-39.25
-1.5
76.25
83.75
44.125
13.75
-5
-38.75
-86.125
-82.125
-11.75
16.375
-42.625
-74.5
-32.875
0.75
4.75
5.75
5.625
4.5
3.625
1.5
17.5
-13.125
-10.375
-2.75
-0.75
0.25
1
1.625
4.625
28.875
81.125
83.625
-1.375
-39.75
33.125
93.25
73.125
25.375
-17.75
-67.5
-91.625
-43.625
12.125
-12.5
-66.125
-62.125
-20.625
1.75
3.5
4.625
5.625
4.25
3
1.375
20.875
-5.75
-8
-1.75
-0.75
-0.25
0.875
1.375
1.875
10.75
52.375
92
50.875
-21.75
-11.75
64.25
92.25
42
-27.5
-88
-89.5
-10.25
18.75
-44
-72
-40.75
-9.75
2.375
3.375
4.25
4.875
3.75
2.75
1.5
20.5
-1.375
-6.875
-1.875
-1.25
-1.125
0.125
1.25
1.25
5.375
32.875
77.375
79
16.5
-28.25
16.75
82.25
61.25
-30.625
-97.875
-59.125
21.125
-9.875
-83.375
-61.375
-13.375
-1
2
3.25
4
4
3.25
2.75
1.375
13.125
-2.75
-6.125
-1.875
-1.5
-1.375
-0.25
0.75
1.625
1.125
14.125
55.125
85.875
51.125
-15.125
-10.875
48.875
46.75
-28.375
-66.375
-17.25
11.375
-47.125
-80.75
-37.875
-4.125
-0.75
1
3
4.25
3.875
2.75
2.125
0.875
2.625
-6.5
-6.125
-2
-1.5
-1.75
-1.125
0.125
1.625
2.75
3.875
21
66.125
81.625
22.5
-24.625
5.5
26
-12.875
-24.875
5.625
-13.375
-67
-63.625
-20.875
-1.375
-1
0.25
2.75
3.75
3.25
2.75
1.625
-0.5
-9.25
-10.875
-7.125
-2.625
-1.25
-1.625
-2.25
-1.75
0.375
2.625
4.25
9
34.375
75.75
67.625
-2.5
-32.75
-8.625
-1.375
8.375
10.875
-38
-71.625
-45
-9.625
2.375
2
1
2.125
3.125
3
3
1.625
-0.875
-12.5
-14.125
-6.125
-1.75
-1.375
-2.75
-4.75
-5.375
-2.375
2.5
5.375
6.875
15.25
49.125
84
46.25
-32
-50
-3.125
35.75
-4.625
-73.125
-65.5
-18
2.375
5.375
3.625
0.625
1.25
2.375
2.375
2.5
0.875
-1.75
-3.25
-16.625
-9.625
-2.875
-2
-3.625
-5.875
-6.75
-3.5
2.25
5.375
5.625
7.75
29
70.5
70.25
7.25
-33.875
-8
6.5
-43.875
-76
-42.5
-7.625
3.625
9.25
6.125
-2.75
-4.75
-1.375
0.625
1.125
-0.25
-2.5
8.25
-17
-13.25
-4.125
-2.375
-4.25
-7.125
-9
-5.75
1.125
4.375
4.5
5.125
18
55.25
82.125
55.625
7.125
-12.125
-30.875
-69.125
-70.5
-34.25
-8.625
5.25
13.625
6.125
-11.125
-16.625
-8
-1.125
-0.125
-0.625
-1
21.875
-15.25
-16
-5.5
-2.625
-3.5
-5.125
-7.25
-6.375
-0.75
3.625
6.5
13
30
62.25
89.625
72.125
20
-12.25
-31.875
-59.125
-66.125
-45
-25.75
-12.625
7
2.125
-24.25
-28.125
-12.375
-2.5
-1.375
-1.25
-0.25
33.5
-4.25
-17.875
-7.125
0.125
-1.75
-1.625
-1.125
-3.125
-2.5
7.125
25.375
36.875
41.5
42.75
45.875
53.125
35
-6.875
-35.75
-37.25
-28.625
-20.25
-26.125
-36.75
-14.875
-6.75
-36.375
-45.625
-22.75
-4.25
-1
-0.5
1.125
36.4444
33.3889
17.5556
0.444444
-3.5
-0.666667
0
0
0
0
0
0
0
0
0
0
0
0
0
0
0
0
0
-0.111111
-0.388889
-0.555556
-0.833333
-0.944444
-1.05556
-0.944444
-0.666667
-0.5
26.6667
24.9444
18.3889
7.72222
0.722222
-0.611111
0
0
0
0
0
0
0
0
0
0
0
0
0
0
0
0
-0.166667
-1.27778
-3.22222
-5.11111
-6.88889
-7.94444
-8.22222
-7.11111
-5.16667
-3.27778
17.1111
16.6667
16
12.8333
5.22222
-0.611111
-0.0555556
-0.0555556
-0.166667
-1
-1.27778
-1.88889
-2.44444
-3.27778
-4.05556
-3.88889
-4.83333
-4.61111
-5.55556
-4.88889
-5.77778
-5.33333
-6.11111
-8.16667
-11.5556
-16.1111
-18.8333
-20.8889
-19.6111
-17.1111
-12.2222
-7.5
24.5
24.5
24.5
22.6667
12.0556
0.666667
-0.222222
-0.222222
-2.38889
-7.5
-12
-16.5556
-21.6667
-29.3333
-35.3333
-38.3889
-42.7778
-43.2778
-47.0556
-47.7222
-49.6667
-50.2778
-52
-57.7222
-61.6111
-66.2222
-66.8333
-62.3889
-52.3333
-41.4444
-28.6111
-15.6667
11.5
5.11111
-2.05556
-9.55556
-24
-37.3333
-41.9444
-40.9444
-43.8333
-49
-53.2778
-58.5556
-62.8889
-72.3889
-77.7222
-81.7222
-85.5
-87.0556
-89.7778
-91.2222
-91.6111
-92.7222
-93.0556
-96.6111
-98.3333
-98.8889
-96
-83.9444
-68.1667
-51.7222
-34.7778
-17.8889
2.22222
-10.7778
-26.5
-42
-61.7778
-79.7778
-90.5556
-91
-92.6667
-94.7778
-96.8889
-99
-99.8889
-104.944
-105.833
-107.167
-105.667
-103.944
-100.944
-99.8889
-94.6111
-93
-89.1667
-91.8333
-95.7222
-97.4444
-96.5
-82.7222
-69.5556
-52.1111
-33.9444
-14.7778
-7.11111
-22.3889
-45.1111
-66.6667
-84.0556
-99.1111
-109.222
-109.167
-99.9444
-88.2222
-81
-74.8333
-66.9444
-57.3333
-48.2222
-42.2222
-34.0556
-30.1111
-21.3333
-17
-9.22222
-5.11111
1.22222
5.27778
-2.83333
-10.6111
-14.7222
-13.5
-17.5
-15.8889
-7.94444
1.11111
2.77778
-0.5
-13.9444
-30.5556
-37.3333
-42.3333
-44.8889
-46.0556
-30.3333
-10.5556
0.944444
9.16667
15.5
28.7778
36.5556
44.4444
51.3889
57.4444
64.1111
70
74.6667
79.7222
83.0556
80.7778
65.5556
50.9444
44.2222
33.1111
18.8889
11.3889
13.8889
13.7778
6.88889
15.9444
15.6667
9.66667
12.2222
20.1667
29.7778
32.3889
49.9444
72.3889
87.9444
95.4444
96.8333
103.722
104.944
107
106.222
105.056
103.111
102
98
96
88.7222
79.4444
67.5556
60.9444
60.5
49.2222
39.6667
34.0556
30.6111
19.7778
7.11111
20.7222
33.0556
34.4444
31.3889
36.3333
45.2778
46.8889
50.2222
63.7778
81.5556
90.1667
88.6111
86.6667
83.5556
80.6111
76.8333
73.3889
68.3889
64.7222
58.8889
54.5
38.6667
19
12.6667
18.1667
22.6111
17.9444
23.2222
32.0556
29.6111
14.5
2.16667
10.9444
26.2222
34.5
25.5556
20.3333
23.7778
24.3889
16.8889
17.0556
33.2778
46
46.9444
43.6111
41.1667
37.2778
34.1111
29.6111
25.6667
21.2222
16.7778
11.1667
-8.11111
-25.3889
-19.8333
-5.94444
-0.611111
1.16667
16.3333
30.5
22.4444
6.94444
0.111111
4.05556
18.6667
30.8889
25.2778
10.8889
3.11111
0.222222
-14.1667
-25
-18.9444
-3.5
4.77778
4.5
4.94444
4.05556
4.27778
3.5
3.38889
2.77778
2.05556
-4
-20.5
-27.2778
-16.2778
-4.22222
-1.66667
3.88889
19.7222
26.1667
14.7222
2.5
0
1.66667
12.0556
29.3889
38.6667
30.1667
15.1111
8.94444
-1.44444
-18.7778
-28.0556
-19.5556
-4.5
0
0
0
0
0
0
0
-3.77778
-16.8889
-25.6667
-18.8889
-3.44444
3.61111
7.94444
21.0556
29.8333
23.0556
7.61111
0.555556
-2.27778
0.833333
6.22222
20.7222
40.6111
39.9444
20.3333
7.72222
-0.777778
-15.2778
-35.1667
-34.5
-14.8889
-3.16667
0
0
0
0
0
-0.444444
-10.3333
-30.5
-34.2778
-17.8333
-5.16667
-1.55556
8.77778
28.9444
32.7222
16.2778
3.61111
0.444444
-38.7778
-28.7778
-19.3333
-2.94444
22.8889
37.3889
22.9444
5.16667
-5.72222
-16.2778
-35.2778
-45.2222
-29.5556
-11.5556
-2
0
0
0
-0.333333
-1.88889
-17.2222
-37.0556
-31.3333
-13.7222
-5.72222
-3.33333
12
31.8333
26.1111
8.5
0.833333
0
-75.8333
-57.5
-40.4444
-22.5
0.555556
21.7778
24.0556
5.83333
-11.4444
-19.1667
-30.3889
-43.1667
-41.1667
-22.3333
-4.88889
0
0
0
-0.5
-6.5
-23.7222
-32.4444
-22.2222
-10.6111
-6.94444
-0.944444
16.2778
25
14.7778
3.16667
0
0
-94.2778
-73.1667
-48.2778
-27.5
-10.3333
12.3333
29.1111
22.8889
2.77778
-6.66667
-10.4444
-24.6111
-36.8889
-29.8333
-9.5
-0.333333
-0.111111
0
-3.55556
-17.1111
-28.9444
-24.5
-13.4444
-14.7778
-17.1667
-9.66667
-3.44444
-13.6667
-30.6667
-35.3333
-35.5556
-35.8889
-75.5
-70.1111
-63.8889
-60.7222
-60.9444
-51.4444
-23.8889
-7.77778
-10.2778
-14
-7.88889
-8.38889
-23.9444
-29.8333
-17.3889
-3.88889
-0.277778
-0.611111
-9.5
-29.5556
-36.8889
-23.6667
-23.1667
-37.5
-43.8333
-38.5556
-45.3333
-72.7222
-87.4444
-86.5556
-85.5556
-85.2778
-61.5556
-71.6667
-86.1667
-99.1667
-110.111
-112.556
-92.2222
-56.5
-36.1667
-30.1667
-21
-9.38889
-13.2222
-28.8333
-28.7778
-14.2778
-3.27778
-2.55556
-16.6111
-36.6667
-34.2222
-24.2778
-37.9444
-58.8889
-70.6111
-75.3333
-101.778
-135.556
-145.333
-145.778
-143.556
-142.778
-81.2778
-102.111
-134.278
-158.944
-173.444
-179.778
-167.222
-129.611
-86.7222
-68.6111
-56.8889
-36.6667
-23.6111
-30.7222
-42.5556
-29.5
-10.5556
-8.22222
-23.1111
-32.2222
-23.6667
-22.1667
-41.1667
-55.3889
-62
-75.7778
-107.222
-130.833
-133
-133.667
-131.667
-129.611
-76.5
-87.2778
-105.611
-119.5
-126.611
-130
-133.167
-118.5
-85.5556
-65.7222
-64.5
-57.5
-40.3889
-33.9444
-44.5
-42
-24.0556
-22.1111
-28.9444
-24.1667
-14.4444
-24.2778
-37.4444
-37.7222
-40.7222
-60.4444
-86.2778
-91.8333
-90.6667
-92.4444
-92
-90.6667
-60.3333
-63.5556
-66.7222
-70.9444
-72.2222
-71.9444
-77.7222
-86.1111
-69.8889
-50.6667
-49.3333
-55.6667
-48.4444
-29.6667
-33.7222
-41.6667
-38.9444
-39.1111
-36.7778
-22.2222
-22.1667
-35.8889
-35.6667
-22.9444
-20.3889
-39.7222
-46.5556
-38.3889
-36.7222
-37.1667
-37.6111
-36.8333
-22.2222
-20.2778
-11.7778
-9.61111
-9.33333
-9.11111
-16
-32.9444
-40.1667
-26.1667
-19.5556
-30.8889
-38.2222
-23.8333
-15.3889
-30.6667
-48.7222
-54.3889
-38.6111
-25.3889
-38.2222
-50.8333
-40.8889
-25
-27.6111
-39.3889
-28.7222
-16
-15.7222
-16.3333
-17.1667
-17.5556
-6.72222
-8.5
-4.22222
-3.27778
-3.22222
-3.61111
-5.33333
-17.5556
-32.0556
-28.5
-13
-15.6111
-29.3889
-25.8333
-13.2778
-22.0556
-52.3333
-58.5556
-36.3333
-26.5
-41.2222
-44.7222
-30.6667
-22.0556
-29.7222
-31.7778
-15.7222
-7.94444
-8.22222
-8.94444
-9.33333
-9.72222
3.27778
-0.666667
-0.944444
-0.722222
-1.16667
-1.72222
-2.16667
-6.33333
-24.5
-36.1667
-25.8889
-18.1667
-29
-40.1667
-31.6667
-32
-54.2222
-59.3889
-39.4444
-34.1111
-37.5556
-30.2222
-18.6667
-21.2778
-30.9444
-21.8333
-9.27778
-5.44444
-5.88889
-6.72222
-7
-7.55556
9.27778
3.61111
0.333333
0.5
0.0555556
-0.5
-0.5
-2.27778
-13.8333
-33.6667
-38.9444
-30.2778
-32.6667
-49.7222
-55.8889
-52.5556
-55.6111
-54.7222
-51.1667
-46.3333
-34.4444
-18.7222
-10.5556
-20.1667
-22.2778
-9.16667
-4.16667
-4.22222
-4.55556
-5.16667
-5.55556
-6.33333
11.7222
4.61111
1.05556
0.944444
0
-0.666667
-1.33333
-1.33333
-7.33333
-23.1667
-40.0556
-36.5
-28.7778
-41.1111
-57.3333
-60.5556
-45.2778
-41.7222
-59.7222
-63.5556
-44.1111
-26.2778
-24.6111
-31.3889
-21.1111
-5.55556
-3.55556
-2.94444
-2.94444
-3.44444
-4.05556
-4.77778
16.1667
11.6667
7.72222
7
5.77778
4.11111
2.16667
0.888889
-0.555556
-8.22222
-26.2222
-32.4444
-21.3889
-21.0556
-35.1111
-39.3889
-17.8889
-11.8333
-38.5556
-49.3889
-36.7778
-26.5
-30.1667
-29.1667
-12.6111
-2.05556
-0.722222
-0.277778
-0.555556
-1.22222
-2.27778
-3.05556
16.2222
17.8889
15.2222
13.2222
11.5
9.27778
7.22222
5.33333
3.72222
1.05556
-10.3333
-22.2222
-17.8333
-7.16667
-7.77778
-6.16667
10.7778
14.5
-3.72222
-20.2778
-21.4444
-23.3333
-29.6667
-20
-5.5
-0.111111
0.555556
1.05556
-0.277778
-2.94444
-5.22222
-6.11111
4.33333
13.2778
13.2778
10.3889
8.77778
6.22222
4.27778
2.16667
0.277778
-2.16667
-7.55556
-21.8333
-29.7778
-18.7222
-3.88889
10.6667
20.8889
28.0556
31.2778
21.6667
7.61111
-4.44444
-7.5
3.05556
8.94444
6.22222
3.33333
-0.333333
-5.77778
-12.0556
-16.5
-18.1111
-17.8333
-9.5
-6.83333
-10.0556
-11.0556
-11.2222
-11.1667
-11.7778
-12.2222
-12.5
-11.4444
-14.2222
-20.3889
-11.2778
9.94444
29.6667
35.2222
41.0556
57.8889
58.5556
45.6667
29.7222
28.0556
30.4444
21.6667
10.5556
-0.222222
-6.94444
-16
-25.6667
-31.2778
-32.5
-32.5556
-28.1667
-23
-22.6667
-21.8889
-19.8333
-17.8889
-17.7222
-14.0556
-7.55556
1.72222
10.8889
11.8889
13.8333
23
28.6667
24.5
27.7222
46.7222
63.5556
70.7778
69.5
72.5
67.1667
51.3333
32.1111
10.6667
-2.38889
-13.8889
-24.3889
-30.7222
-31.1667
-6.11111
40.9444
64.5556
45.7778
20.7222
1
0
0
0
0
0
0
0
0
0
0
0
0
0
0
0
0
0
-0.111111
-0.388889
-0.555556
-0.611111
-0.166667
0.0555556
0.5
0.444444
0.5
-17.4444
21.7222
49.3889
38.5
18.0556
0.944444
0
0
0
0
0
0
0
0
0
0
0
0
0
0
0
0
-0.166667
-1.27778
-3.22222
-4.77778
-4.33333
-1.5
1.66667
4.11111
4.27778
3.27778
-24.5556
4.66667
32.6667
30.0556
15.2222
0.833333
-0.0555556
-0.0555556
-0.0555556
-0.888889
-1.16667
-1.66667
-0.555556
-0.833333
-0.5
-0.888889
-0.722222
-0.0555556
-0.777778
0.666667
-1.11111
1
-1.88889
-1.27778
-7.22222
-8.11111
-9.38889
-2.11111
4.61111
11.1111
10.7778
7.5
-20.8333
0.277778
22.8333
22.6667
12.0556
0.666667
-0.222222
-0.111111
-2.05556
-7.05556
-11.6667
-12.1111
-7.11111
-5.66667
-6.66667
-9.61111
-7.77778
-1.27778
0.944444
2.83333
-5.11111
-4.16667
-7.11111
-3.16667
-7.94444
-8.22222
-7.38889
6.05556
21.1111
32.5556
28.2778
16.6667
-19.2778
-12.2222
-2.38889
0.333333
-1.33333
-1.55556
-1.94444
1.72222
-3.38889
-5.11111
-14.0556
-11.3333
-8.77778
-5.05556
-7.83333
-10.0556
-8.05556
-1.5
2
2.33333
-3.05556
-4.94444
-4.5
-4.5
-7.11111
-11.2222
-6.11111
12.0556
35.7222
49.9444
42.6667
24.4444
-15
-20.7778
-26.6111
-28
-21.7778
-9.77778
-3.44444
2.44444
-1.88889
-2.66667
-10.7778
-7.88889
-5.33333
-1.27778
-3.27778
-4.83333
-2.55556
4.05556
7.72222
8.22222
2.94444
0.666667
0.0555556
-4.94444
-15.8333
-28.3333
-21.0556
10.1667
49.2222
68.8889
55.9444
29.7778
-7.11111
-22.3889
-43.6667
-52.4444
-39.3889
-10.6667
9.44444
13.9444
5.38889
-3
-9.33333
-8.61111
-4.05556
-1.66667
-2.33333
-4.66667
-1.94444
4.55556
8.22222
9.11111
3.55556
1.55556
0.555556
-5.38889
-22.7222
-41.9444
-34.2778
9.38889
61.8333
83.6667
64.2778
31.2222
-7.11111
-23.1667
-49.5
-66.2222
-56.3333
-18.1111
17.8889
31.0556
18.6667
2.33333
-8.72222
-8.61111
-4.05556
-1.66667
-2.33333
-4.66667
-1.94444
4.55556
8.22222
9.11111
3.55556
1.5
-0.0555556
-10
-33.3333
-53.6111
-36.5556
20.2222
76.7778
91.8333
64.4444
28.5556
-7.11111
-24.0556
-54.3333
-77.3333
-73.2222
-30.8333
17.4444
44.8333
36.0556
14.8333
-3.5
-6.66667
-3.5
-0.833333
-1.83333
-3.77778
-1.22222
4.61111
9
8.44444
4.66667
0.222222
-2.72222
-22.4444
-46.5556
-61.6111
-27.1667
35.5556
89.1111
92.9444
60.7222
24.7778
-7.11111
-24.0556
-55.7222
-84.6667
-88.7222
-49.3333
9.94444
53.6667
57.1111
36
13.7778
4.72222
3.05556
4
4.33333
4.94444
5.83333
5.83333
7.27778
6.27778
8.66667
4.83333
-4.44444
-35.8889
-65.5556
-69.2778
-20.1667
46.8333
87.3333
77.8333
44.0556
15.6111
-2.16667
-12.7222
-38.4444
-72.1667
-89
-63.4444
-1.22222
53.8333
72.5556
49.0556
24.3889
6.11111
5.16667
3.38889
5.5
5.38889
6.11111
6.05556
6.22222
6.77778
6.44444
4.61111
-14
-48.9444
-81.6111
-69.6111
-9.38889
57.0556
83
62.9444
29.6667
7.83333
-0.111111
-4.05556
-21.3333
-50.7778
-75.7222
-67.1111
-16.7778
42.4444
77.0556
63.5556
35.2778
8.5
2
-0.388889
0.944444
0.166667
0.611111
0.5
0.5
0.888889
0.277778
-5.77778
-31.7222
-65.9444
-81.2778
-44.1111
23
72.1111
74.2778
44.1667
16.3889
2.5
0
-1.66667
-12.0556
-35.0556
-63.4444
-71.6111
-43.1111
14.1667
61.6667
73.6667
50.9444
22
4.5
0
0
0
0
0
0
0
-3.77778
-18.6667
-49.8889
-78.4444
-70.4444
-15.0556
52.8333
81.5
64.3889
29.3889
7.61111
0.555556
2.27778
-0.833333
-6.22222
-21.2778
-46.5
-67.8333
-63.2222
-22.7222
32.7778
68.7222
66.9444
41.2778
15.7778
3.16667
0
0
0
0
0
-0.444444
-10.6667
-34.1667
-69.9444
-81.5
-48.5
21.2222
74.5556
79.0556
48.7222
17.6111
3.61111
0.444444
13.5556
16.7778
16.3333
2.16667
-23.6667
-55.8333
-71.6111
-52.3889
-2.38889
51.0556
70.5
59.1111
31
11.5556
2
0
0
0
-0.333333
-1.88889
-17.8889
-49.0556
-81.6667
-73.6111
-18.9444
50.1111
82
67.5
33.4444
9.5
0.833333
0
26.7222
30.8333
30.3333
20.9444
-0.888889
-33.6667
-66.8333
-72.8333
-41.1111
20.2778
64.7222
74.9444
50.1667
22.3333
4.88889
0
0
0
-0.5
-6.5
-31.2778
-67
-84.7778
-52.9444
16.8333
70.3889
81.0556
50.6667
20.8889
3.16667
0
0
45.3889
45.3889
37.1667
25.3889
9.88889
-16.8889
-53.6667
-78.7778
-68.4444
-12.2222
46.7778
81.3889
66.8889
35.9444
9.5
0.333333
0.111111
0
-3.55556
-18
-49.9444
-82.0556
-82.5556
-35.5556
32.0556
70.3333
66.5556
36.1111
12.8889
1.22222
-0.666667
-1.22222
41.0556
40.6667
35
25.2778
13.2778
-5.33333
-32
-53.8889
-54.8333
-17.8889
31.4444
73.9444
76.7222
52.3889
21.3889
3.88889
0.277778
-0.611111
-10.1667
-33.3333
-70.7778
-90.1111
-73.2778
-17.8333
33.2778
54.3333
44.1111
23.9444
9.77778
2.66667
0.555556
-0.277778
38.6667
36
32.8333
24.7222
13.5556
-0.333333
-17.1111
-28.3889
-31.2778
-10.6111
19.5556
60.1667
76
67.7222
38.5556
14.2778
2.5
-2.55556
-17.6111
-48.8889
-84.1111
-89.5
-59.3889
-11.6667
18.5
28.8889
23.7778
16
8.11111
3.33333
1.66667
0.555556
35.0556
32.7778
31.6111
24.8333
14
3.77778
-4.77778
-5.83333
-5.61111
1.72222
13.2222
41.2222
67.7222
76.2778
58.8889
30.1667
9.66667
-5.55556
-30.2222
-66.2222
-88.7778
-75.3889
-39.6111
-14.2778
-7.11111
-3.44444
4.77778
9.94444
8.44444
4.66667
2.77778
1.38889
25.9444
15.8333
13.0556
12.1667
7.94444
4.66667
4.27778
12.7222
20.7778
23.1667
18.7222
28.2778
51.0556
73.7222
71.0556
48
18.3889
-11.1111
-46.8333
-80.8333
-88.8889
-62.9444
-32.6667
-23.6111
-30.5
-24.6667
-6.5
7.72222
9.66667
5.88889
3.77778
2
14.7778
1.88889
-0.388889
0.388889
0.555556
1.27778
7.38889
24.3333
45.5556
54
39.1111
24.3333
30.5556
60
76.9444
65.4444
26.5
-20.1111
-66.2222
-89.5556
-81.2778
-47.6667
-33.4444
-39.9444
-54.1667
-38.5
-14.4444
5.72222
8.5
6.94444
4.72222
2.61111
-3.22222
-13.3889
-8.22222
-1.94444
-0.222222
0.777778
7.33333
28.6111
59.3889
78.0556
64.8889
35.5556
24.3333
46.5
74.1667
75.2222
34.7222
-25.5
-76.8333
-89.6111
-68.1111
-40.0556
-40.6667
-53.4444
-59.0556
-35.5
-11.6111
4.66667
6.94444
7
6.05556
4.44444
0.611111
-9.94444
-7
-2.05556
-0.333333
0.944444
2.77778
14.7778
40.5
68.9444
75.2222
53.0556
29.7222
34.9444
61.6111
75.0556
40.5556
-24.5556
-75.1111
-77.2778
-50.4444
-38.3889
-53.6667
-66.1667
-56.5
-27.7778
-6.16667
4.38889
6.11111
6.16667
5.55556
4.05556
2.38889
-6
-5.5
-1.83333
-0.722222
0.388889
1.38889
6.55556
25.7222
53.0556
74.1111
64.7222
40.8889
30.3889
45
58.8889
32.7778
-21.2778
-62.2222
-59
-41.3333
-41.5556
-62
-64.3889
-45.5
-17.1667
-1.61111
4.55556
6.11111
6.05556
5.11111
3.22222
1.16667
-4.5
-5.11111
-2.5
-1.72222
-0.5
0.5
4.16667
16.2778
41.5556
66.0556
71.5
49.7778
30.2778
28.1111
37.4444
20.1667
-17.2778
-45.6111
-42.4444
-39.8889
-51.0556
-67.5556
-54.1667
-28.3889
-5.72222
1.38889
3.66667
5.44444
5.38889
4.55556
2.33333
-5.94444
-7.5
-5.61111
-2.83333
-2.11111
-1.55556
-0.777778
0.888889
7.88889
27.5
54.9444
72.9444
64.6667
41.3333
23.2222
15.6667
3.5
-15.8333
-29.1667
-32.6667
-44.2222
-59.2778
-63.5
-40.5
-15.4444
0
2.33333
3.27778
4.5
4.55556
4.16667
2.33333
-9.61111
-9.66667
-5.27778
-3
-3.44444
-4.22222
-3.72222
-0.777778
2.88889
13.7778
34.7778
62
74.1667
60.6111
31.5556
4.61111
-8.33333
-12.2778
-14.5556
-29.2778
-53.4444
-67.9444
-57.0556
-28.3889
-5.94444
2.83333
2.83333
2.83333
3.55556
3.66667
3.27778
1.61111
-9.11111
-11.6667
-6.77778
-4
-4.5
-5.61111
-5
-1.55556
2.5
7.72222
19.4444
42.8889
65.7222
69.2778
45.5556
13.2778
-6.77778
-11.2778
-17.6111
-37.2778
-61.5556
-66.2222
-46.3333
-16.7778
1.05556
4
0.555556
-1.16667
0.166667
1.72222
1.77778
0
-8.55556
-13.0556
-8.61111
-4.94444
-5.66667
-7.33333
-7.05556
-3.5
1.05556
5.5
10.8889
28.5
53.4444
73.1667
64.7778
35.5556
7.11111
-9.83333
-27.6111
-53.7778
-73.0556
-63.1111
-32.6111
-3.5
6.94444
1.88889
-6.55556
-10.2222
-6.77778
-1.83333
0.388889
-0.555556
-8.61111
-15.6111
-10.8333
-5.38889
-4.94444
-6.66667
-7.27778
-4.88889
-0.333333
5.61111
12.1111
31.3333
61.2778
88.6111
83.7222
49.5556
13.3333
-10.0556
-30.4444
-59.1111
-76
-68.1667
-38.5
-13.4444
0.111111
-5.11111
-14.3333
-19.5
-13.5556
-5.11111
-0.722222
-0.277778
-1.88889
-12.8333
-10.4444
-4.33333
-3.44444
-4.72222
-5.88889
-4.61111
1.83333
12.7778
26.2778
42.5556
61.2222
77.7222
72.4444
46.2222
13.3889
-11.1667
-30.0556
-49.4444
-54.5556
-50.6111
-34.6111
-25.9444
-14.8889
-18.5556
-26.2222
-32.3889
-23.4444
-10.0556
-1.61111
0.5
29.5625
27.8438
18.9375
8.40625
1.875
-0.34375
-0.09375
-0.5625
-0.71875
-1.09375
-1.40625
-1.84375
-2.34375
-2.71875
-3.34375
-3.125
-3.8125
-3.53125
-4.21875
-3.875
-4.5
-5.53125
-7.59375
-10
-11.6875
-12.875
-12.2813
-12.1563
-11.0313
-9.625
23.125
22.1563
18.4375
11.875
4.40625
-0.40625
-1.34375
-4.21875
-6.78125
-9.40625
-12.2813
-16.5313
-21.0938
-25.6875
-29.5
-29.5313
-32
-34.0625
-36.8438
-37.4688
-38.875
-40.5313
-43.0313
-47.5938
-48.9063
-46.7813
-41.5625
-36.625
-30.625
-24.375
9.59375
5.71875
1
-4.875
-17.8125
-28.5625
-32.2813
-35.2188
-37.9375
-40.6875
-43.375
-48.3438
-52.4063
-58.1563
-61.375
-62.0938
-63.9063
-66.7188
-68.5625
-69.5938
-70.1875
-71.7813
-74.3125
-78.5
-78.875
-73.375
-65.0625
-55.6563
-46.4063
-36.0313
-6.3125
-14.6875
-23.7813
-32.9688
-48.125
-61.6563
-68.4688
-71.6563
-73.4063
-75.0625
-76.3125
-79.5
-81.5625
-85.0625
-85.9688
-84.2813
-83.4063
-83.375
-82.3438
-80.6563
-78.7188
-79.0313
-81.75
-86.9063
-87.0313
-80.0625
-70.9375
-61.2813
-51.9375
-40.5625
-16.125
-28.25
-38.0938
-47.625
-60.75
-73.3438
-80.0938
-81.8438
-79.5938
-77.375
-77.5625
-79.4688
-80.7813
-82.8125
-82.7188
-80.875
-78.625
-78.625
-76.0625
-74.6875
-71.3438
-71.2813
-75.3438
-81.4688
-81.0625
-72.8125
-65.2188
-55.75
-48.4375
-37.9063
-23.4688
-40.0625
-52.5
-62.0625
-73.375
-83.9375
-88.3438
-84.8438
-74.9375
-63.75
-56.1563
-50.0938
-43.2813
-36.875
-30.4063
-28.0625
-22.25
-17.5625
-10.8125
-7.53125
-3.03125
-4.53125
-12.0938
-16.0938
-16.5
-14.875
-16.5313
-16.6563
-18.6875
-15.0313
-10.5625
-23.4375
-31.5
-36.1563
-36.4688
-39.25
-39.25
-35.125
-22.6875
-7.71875
3.75
13.375
19.3438
28.0625
33.3438
37.0625
41.5625
47.75
52.625
56.5625
57.125
51.1563
41.125
35.3438
33.2813
28.3438
20.6875
11.7813
5.5625
5.3125
8.03125
1.3125
-1.875
-0.3125
8.09375
14.3125
20.5625
25.1875
36.4688
52.5938
65.8125
75.1563
77.6563
81.875
82.5313
81.4375
80.5625
81.0625
80.1875
78.375
70.5625
59
49.0625
47.6563
47.625
41.3438
32.625
23.5313
20.4375
21.2188
18.5938
17.9375
11.9375
11.75
19.4375
27.3438
33.7188
36.875
40.625
51.5625
67.9063
79.4063
82.875
85.5313
86.0625
84
82.4375
82.1563
80.1875
77.5
65.125
49.6563
43.9063
48.4688
49.4375
42.375
34.2813
25.6563
26.875
31.375
25.1563
33.3438
30.75
26.5313
31.0625
38.8125
44.0313
43.9063
39.5625
39.4063
49.75
61.4375
63.9688
62.5625
59.9063
57.5938
54.25
51.625
47.4688
41.2813
24.2188
11.1563
13.625
20.4063
21.875
18.125
14.75
13.4688
23.4688
29.7813
20.1875
31.75
33.2188
27.4688
22.6875
25.625
28.8438
27.6563
18.7188
11.4375
13.5938
22.75
30.5313
30.0938
28.0313
25.0313
22.3438
18.9688
13.8125
2.71875
-12.0938
-17.4375
-9.59375
0
2.59375
2.09375
3.625
11.3125
23.125
25.9063
10.7813
25.5313
31.5313
25.5313
12.6875
6.5625
4.875
3.4375
-6.09375
-18.9688
-24.625
-18.1875
-4.96875
1.40625
3.4375
2.84375
2.84375
2.0625
-3.84375
-16.4688
-25.2188
-21.4688
-9.5
-1.875
-0.71875
-0.5625
5.03125
17.2188
25.5938
21.5625
-15.1875
3.1875
21.5938
24.6875
13.625
5.75
1.0625
-0.875
-6.6875
-19.3125
-33.1563
-31.8438
-16.9375
-6.5
-1.125
0
-0.1875
-1.0625
-9.875
-26.0313
-29.5313
-17.4688
-5.96875
-2
-1.5
-0.625
8.1875
24.3438
27.8438
15.7813
-39.5938
-20.5938
4.03125
20.25
16.3438
6.25
-1.15625
-4.0625
-6.96875
-15.3125
-30.25
-37.9688
-27.4063
-12.5625
-2.75
0
-0.28125
-3.65625
-17.2188
-31.2813
-26
-12.7813
-5.46875
-3.6875
-3.15625
0.21875
13.7813
27.8438
22.5625
9.34375
-55.4063
-35.625
-10.5
11.5
18.5625
10.5625
-1.90625
-6.59375
-7.375
-12.375
-23.3125
-33.7813
-33.1875
-20.3438
-5.34375
-0.1875
-2.0625
-10.125
-23.9375
-30.4063
-24.1875
-16.8438
-15.6875
-18.625
-19.7813
-14.9063
-4.4375
-1.34375
-11.0313
-21.9688
-95.1875
-81.375
-62.5
-40.75
-22.625
-16.25
-22.3125
-26.1563
-22.5313
-18.7188
-19.4375
-25.0938
-30.1875
-26.2188
-12.0313
-2.53125
-5.875
-18.25
-28.6875
-27.875
-23.0938
-24.5313
-31.5938
-39.5625
-42.125
-37.5625
-35.125
-43.8438
-56.625
-63.3438
-99.6563
-95.5938
-91.5938
-80.2188
-62.6563
-49.875
-46.0625
-45.7188
-40.5313
-30.7813
-21.2188
-20.1875
-26.7188
-28.3438
-19.6563
-9.46875
-11.1563
-25.8125
-32.2813
-25.4063
-25.9063
-37.4688
-51.375
-64.0938
-69.5
-66.625
-73.5625
-93.6875
-106.438
-108.375
-105.25
-110.156
-119.25
-121.281
-108.406
-89.3438
-75.875
-70.625
-64.3125
-51.8438
-35.1563
-23.4063
-24.875
-31.0625
-29.4375
-20.8438
-22.1875
-31.5625
-28.6875
-21.9063
-32.5
-50.0938
-69.7813
-85.9063
-92.5313
-97.0938
-118.125
-143.594
-151.656
-152.969
-129.156
-141.406
-159.344
-170.125
-164.438
-141.844
-114.75
-101.094
-93.125
-77.9688
-57.1875
-37.4375
-27.6875
-31.4688
-39.0313
-37.3125
-35
-33.2188
-25.6875
-25.3125
-38.7813
-55.8125
-72.7813
-83.5625
-88.8438
-100.188
-122.594
-139.938
-143.75
-144
-97.4063
-107.281
-121.625
-132.531
-136.625
-129.281
-106.563
-89
-85
-79.4375
-66.625
-50.4688
-35.625
-29.4688
-40.875
-52.0938
-47.8125
-34.25
-25.0313
-30.6875
-44
-57
-66.5313
-69.3125
-73.7813
-88.625
-106.188
-113.719
-114.281
-114.688
-75.7813
-82.0313
-88.75
-95.5
-100.406
-102.469
-90.5938
-74.9688
-68.6563
-69.5
-66.7813
-56.25
-42.375
-31.2188
-39.5313
-57.4688
-58.0938
-38.0625
-28.6875
-37.5
-47.3438
-53.6563
-55.25
-49.8125
-52.2188
-67.875
-76.3125
-74.4375
-73.4063
-74.3125
-49.9063
-52.9688
-52.9375
-54.9063
-59.5
-66.75
-65.875
-54.9375
-46.8125
-48.75
-54.9375
-54.0938
-44.875
-34.0625
-39.7813
-57.6875
-58.4375
-43
-39.1563
-46.0313
-49.3125
-49.5313
-41.5938
-31.8438
-36.375
-47
-41.6875
-32.875
-32.1875
-32.5313
-11.125
-12.3438
-8.65625
-7.3125
-10.6875
-22.7813
-33.875
-32.4688
-25.4688
-28.5
-39.7188
-48.25
-49.4063
-44.3438
-45.625
-53.5
-55.9063
-52.4375
-52.1875
-52
-48.4688
-42.2188
-30.875
-25.4688
-30.9375
-32.4688
-22.5938
-15.625
-15.8125
-16.5313
0.28125
-3.65625
-3.09375
-2.6875
-3.5
-9.90625
-24.2813
-32.9688
-28
-25.1875
-33.8438
-46.5
-55.8438
-61.125
-57.3125
-49.4375
-51.3438
-60.5313
-62.5
-54.9375
-45.4375
-34.3125
-24.6875
-24.7188
-28.4375
-22.9063
-13
-8.6875
-9.21875
-10.125
7.34375
1.5
-0.875
-1.125
-1.9375
-4.5
-15.25
-28.4063
-32.5625
-27.5938
-29.25
-42.6875
-56.8125
-68.4063
-65.8125
-49.2813
-45.5938
-61.4688
-67.8125
-57.2188
-43.1875
-29.5313
-22.1563
-26.2813
-26.5313
-16.375
-8.78125
-6.40625
-6.90625
-7.8125
14.0938
8.96875
4.78125
3.75
2.8125
1
-6.21875
-19.4063
-31.1563
-31.25
-26.8125
-34.0625
-50.125
-63.9688
-59.6875
-42.8438
-39.6875
-53.4375
-61.6563
-55.0625
-39.125
-24.1875
-22.3125
-27.0625
-19.625
-6.78125
-3.4375
-3.03125
-3.65625
-4.75
16.5938
14.1563
10.0938
8
6.40625
5.59375
1.40625
-8.9375
-23
-28.4375
-24.5938
-25.7813
-35.3125
-43.5625
-38.75
-30.75
-29.3125
-34.25
-40.125
-39.75
-30.1563
-21.75
-23.5625
-22.9063
-12.25
-3.625
-2.90625
-3.03125
-4.53125
-6.625
10.6875
11.4375
8.59375
5.375
3.25
1.53125
-0.1875
-5.90625
-18.6563
-28.625
-27.4375
-22.375
-21.8438
-20.4375
-16.1875
-15.875
-13.9688
-9.6875
-11.75
-16.4375
-15.5313
-14.7188
-17.7188
-14.3438
-6.0625
-2.625
-3.6875
-5.375
-8.40625
-12
-0.9375
4.0625
3.5625
0.40625
-1.40625
-3
-4.3125
-6.3125
-12.2188
-20.5938
-20.75
-10.4688
-1.375
7.65625
15.4375
16.3438
20.0938
29.4375
32.75
24.3125
18.4375
13.1875
6.875
5.8125
5.25
1.59375
-4.40625
-8.53125
-14.0313
-19.6563
-15.125
-8.90625
-5.40625
-6.46875
-7.375
-7.75
-5.96875
-3.0625
0.46875
-0.53125
-4.1875
0.84375
12.625
24.7188
28.0625
26.0938
29.9375
40.5
53.4375
52.9688
45.875
39.125
36.6563
33.9063
23.875
11.2813
-1.875
-10.1875
-18.1875
-25.875
24.75
45.2188
37.4375
25.7188
11.625
0.53125
-0.09375
-0.5
-0.65625
-1.03125
-1.21875
-0.78125
-0.96875
-0.59375
-0.71875
-0.5
-0.5
-0.21875
-0.15625
-0.25
-0.1875
-1.78125
-3.21875
-5.875
-7
-5.5625
-1.46875
3.71875
7.65625
8.8125
13.1875
31.4688
28.8125
21.5625
10.0313
0.40625
-1.28125
-4.03125
-6.53125
-9.15625
-9.65625
-8.28125
-7.78125
-7.125
-7.5625
-4.71875
-3.125
-1.25
0.21875
-3.21875
-3.75
-5.21875
-6.40625
-6.90625
-6.28125
-1.03125
7.875
17.875
24.5625
23.4375
-7.53125
5.40625
6.5625
7.875
3
-1.1875
-1.09375
-4.40625
-6
-9.9375
-10
-8.71875
-8.46875
-7.53125
-8
-5.03125
-3.03125
-1.03125
0.8125
-2.46875
-3.25
-4.15625
-7
-7.0625
-6.375
1.625
15.5
29.3438
38.5938
35.7188
-19.9375
-14.875
-15.9063
-10.4688
-7.9375
-5.46875
-1.21875
-2.71875
-3.71875
-7
-6.625
-5.125
-4.4375
-3
-3.03125
0.34375
2.59375
4.6875
6.65625
3.28125
1.90625
-1.78125
-9.6875
-15.2813
-17.7813
-6.75
14.6875
37.2188
51.375
47.1875
-25.875
-28.3125
-30.0938
-22.5
-10.0625
0.78125
6.40625
4.53125
-0.40625
-6.0625
-6.5
-4.71875
-4.03125
-2.625
-2.53125
0.75
3.25
5.1875
7.4375
3.9375
2.65625
-1.84375
-13.4688
-22.9688
-26.75
-14.375
14.2188
44.375
60.6875
55.7813
-29.0938
-40.0625
-44.5625
-36.1875
-16.3125
5.5
16.4688
14.8438
7.0625
-3.0625
-6.15625
-4.71875
-4.03125
-2.625
-2.53125
0.75
3.25
5.1875
7.4375
3.90625
2.21875
-5.09375
-21.0938
-32.7188
-35.75
-17.75
19.5938
54.0938
70.125
62.4063
-31.375
-50.6875
-60.25
-52.6563
-26.4688
4.8125
24.6875
26.8125
17.125
3.46875
-3.875
-4.5625
-4.03125
-2.625
-2.53125
0.75
3.25
5.1875
7.4375
3.75
-0.25
-12.0313
-30.875
-43.4063
-41.9063
-14.9063
28.1875
64.9688
78.875
66.5625
-32.1563
-54.8125
-69
-64.6875
-37.4688
0.5
29.625
38.3125
28.9063
11.9063
-0.0625
-4.03125
-4.03125
-2.625
-2.53125
0.75
3.25
5.1875
7.4375
3.4375
-4.0625
-20
-41
-52.4063
-43.0625
-7.21875
40.375
75.8438
84.5625
67.0313
-32.1563
-56.25
-74.75
-73.8125
-47.5625
-6.96875
30.8438
46.75
39.4375
21.875
5.78125
-2.03125
-2.8125
-2.03125
-1.8125
1.25
3.75
5.40625
7.5
3.125
-7.875
-27.2188
-49.0938
-57.9688
-41.625
2.1875
50.3438
82.2813
85.625
63.125
-32.1563
-56.3438
-76.6875
-80.4063
-57.25
-16.625
26.0313
53.6563
54.9375
39.8438
22.1875
8.75
4.15625
4.5
5.03125
5.46875
6.375
6.4375
7.03125
3.40625
-11.7188
-33.7813
-55.8125
-61.6563
-37.625
7.5625
51
75.5313
71.4063
48.5938
-21.75
-43.0625
-64.0938
-74.0938
-59.5
-24.75
16.4063
49.4688
59.9688
50.375
32.1563
16.375
6.96875
4.90625
5.46875
5.78125
6.28125
6.21875
4.5
-4.09375
-22.1563
-46.0625
-62.8438
-59.5
-29.1563
15.8438
52.9375
68.8125
58.9375
36.5938
-10.7813
-28.6563
-47.2188
-61.9688
-56.875
-31.625
3.625
39
57.9063
56.7813
41.6875
23.625
9.28125
2.15625
0.5
0.40625
0.65625
0.25
-5.21875
-18.5938
-39.5313
-60.6563
-65.125
-46.5
-6.03125
36.6875
62.5938
64.9063
46.6563
25.125
8.375
-5.1875
-26.2188
-48.125
-58.4375
-46.0625
-16.4375
20.625
51.1875
60.125
53.0313
35.6563
17.4375
6.5
1.125
0
-0.1875
-1.0625
-10.0625
-28.1563
-50.5938
-69.6563
-63.9063
-31.6875
13.4375
54.1875
69.6875
59.5313
37.3438
16.5313
24.4063
14.7813
-5.28125
-31.375
-51.9688
-55.4375
-37.2813
-2.3125
34.8438
57.6875
62.125
48.3438
28.2188
12.5625
2.75
0
-0.28125
-3.65625
-17.5938
-38.7188
-60.8125
-73.2813
-53.2813
-12.8125
31.9688
67.0313
68.8438
51.2813
29.125
9.90625
39.4688
29.375
9.3125
-18.4375
-44.25
-57.125
-52.7813
-24.0938
14.8125
45.625
64.6875
57.8438
38.125
20.3438
5.34375
0.1875
-1.9375
-10.125
-28.1875
-51.0313
-70.5
-72.8438
-45.3125
-3.5
38.2813
64.0938
59.875
41.4063
20.7813
5.09375
37.5
30.75
16.875
-6.75
-30.6875
-44.875
-46.9375
-23.7188
13.0313
42.0313
65.625
65.7813
47.625
29.7813
12.0313
1.84375
-5.5625
-18.75
-40.6875
-64.6875
-78.5938
-71.4688
-38.2188
2.5
38.5
55.375
46.6875
30.7188
13.9375
2.78125
35.5313
29.4688
21.4063
2.21875
-19.7813
-32.4375
-39.0625
-20.7813
14.3438
40.5313
66.2813
71.625
57.8438
41.3438
21.4688
6.59375
-8.28125
-27.9375
-51.7813
-76.7188
-86.5938
-70.8438
-37.375
2.21875
33.875
43.0625
35.125
22.375
9.3125
2.3125
34.625
27.9063
22.9375
9.09375
-9.40625
-20.9063
-27.3125
-16.4375
13.0625
39.0938
63.7813
75.7813
69
54.6875
34.3125
13.0938
-11.25
-37.375
-62.875
-84.1563
-85.875
-67.2188
-37.3438
-3.78125
19.8438
26.9688
23.8125
16.0938
7.84375
3.21875
35.5938
27.7813
22.5938
11.625
-1.6875
-9.78125
-12.875
-3.21875
17.625
39.2188
60.9375
73.4375
74.9375
65.2813
45.2188
18.3125
-14.9375
-46.5938
-73.3125
-87.375
-83.4063
-65.6875
-39.0313
-13.625
5.53125
14.5
15.0313
12.4375
7.375
3.8125
35.2188
27.7188
22.0625
13.5938
4.9375
1.28125
3.125
14.0625
29.125
43.25
58.375
67.5938
73.25
71.0313
52.4375
20.9688
-19.0625
-56.8125
-81.9063
-87.75
-78.5
-62.4375
-41.4063
-24.75
-10.4063
1.6875
6.6875
9.28125
7.84375
4.625
21.4063
12.7188
10.0625
7.4375
6.71875
9.59375
15.9688
29.0313
41.7188
50.5625
59.9063
66.0625
70.5625
72.0313
56.6563
21.6563
-21.1563
-62.9375
-88.75
-87.75
-77.7188
-63.0938
-46.0625
-37.75
-23.4688
-8.0625
0.5625
8.125
8.53125
5.25
8.09375
-0.34375
-1.0625
0.28125
4.375
14.375
27.125
43
56.0625
59.3125
61
64.4063
67.375
69.9375
57.9688
23.4375
-20.5
-62.0625
-85.1563
-83.9063
-77.8125
-67.5938
-58.5938
-53.8438
-35.3125
-17.125
-3.375
7.4375
8.0625
5.90625
-4.8125
-9.28125
-5.71875
-1.375
3.875
16.4063
34.8125
53.6563
68.5938
71.1875
64.9688
64.4375
65.4688
63.9688
53.4375
22.1875
-19.2813
-55.125
-74.75
-77.75
-75.4063
-69.5313
-63.375
-54.9688
-35
-16.2813
-2.15625
7.25
8.125
6.71875
-3.78125
-7.65625
-5.28125
-1.5
0.9375
8.40625
24.3438
42.4063
60.25
70.6875
67.5313
64.25
63.6563
57.625
45.5625
19.75
-17.1563
-47.5938
-64.375
-70.625
-70.6875
-68.1875
-62.625
-50.2813
-31
-12.7813
-0.0625
6.4375
7.15625
5.8125
-5.15625
-6.8125
-5.125
-2.125
-0.625
2.6875
14.9375
31.8438
50.1875
67.3438
70.75
67.6875
64.125
52.7188
36.5
12.2188
-19.2188
-43.5313
-59.75
-66.2813
-66.5
-66.1563
-55.9688
-40.5938
-22.9063
-6.0625
2.78125
6.21875
6.40625
5.375
-5.15625
-6.65625
-5.71875
-3.875
-3.25
-1.0625
7.84375
23.9688
42.4063
60.5
70.625
69.625
64
50.7188
30.625
5.84375
-20.25
-41.25
-59.1563
-66.875
-68.375
-65.6875
-47.6875
-28.6875
-12.3125
0.90625
4.5
5.28125
5.21875
4.375
-6.28125
-8.46875
-7.21875
-5.1875
-4.40625
-3.40625
2.40625
15.375
32.6875
51.25
65.5313
70.0938
65.125
52.9375
32.8125
6.3125
-19.4375
-42.875
-62.0625
-69.375
-68.6563
-59.0625
-38.1875
-19.9688
-6.3125
1.125
1.59375
1.96875
2.28125
2.25
-7.9375
-10.4375
-8.84375
-6.75
-6.125
-4.96875
-2.0625
6.09375
20.9063
38.625
57.125
70.5625
71.9688
61.9375
43.75
17
-13.0938
-40.5625
-63.3125
-73.9375
-70.4063
-54.0313
-31.8438
-14.6563
-4.8125
-3.4375
-5.125
-4.1875
-2.15625
-0.125
-9.375
-11.875
-9.5625
-6.84375
-6.15625
-5.3125
-2.875
2.5625
14.2813
34.6563
58.125
78.5313
86.625
72.8438
48.75
21.5938
-9.03125
-34.9375
-56.6875
-75.625
-75.9375
-59.0625
-39.25
-18.8125
-10
-11.5938
-11.8438
-10.0313
-6.15625
-1.78125
-7.0625
-10.1563
-8.21875
-6.09375
-4.875
-4.375
-1.21875
6.4375
17.9063
38.7813
60.875
76.4063
81.6875
64.9688
39.75
15.5313
-10.1875
-29.1875
-44.875
-61.9063
-61.9375
-49.875
-39.4063
-24.7188
-21.25
-25.3438
-23.4375
-18.75
-11.9375
-4.5
21.0833
19.7917
9.41667
1.33333
0.791667
0.5
0
0
0
0
0
0
0
0
0
0
0
0
0
0
0
0
0
0.0833333
0.291667
0.416667
0.625
0.708333
0.791667
0.708333
0.5
0.375
10.2917
9
4.08333
-2.75
-2.45833
0.458333
0
0
0
0
0
0
0
0
0
0
0
0
0
0
0
0
0.125
0.958333
2.41667
3.83333
5.16667
5.95833
6.16667
5.33333
3.875
2.45833
-10.3333
-10.6667
-11.1667
-12.0833
-8.08333
-1.04167
0.0416667
0.0416667
0.125
0.75
0.958333
1.41667
1.83333
2.45833
3.04167
2.91667
3.625
3.45833
4.16667
3.66667
4.33333
4
4.58333
5.875
7.79167
10.8333
12.25
13.5417
12.3333
10.7083
7.66667
4.5
-2.375
-2.375
-2.375
-2.375
-2.125
-0.875
0.166667
0.166667
1.79167
5.625
9
12.4167
16.25
22
26.5
28.7917
32.0833
32.4583
35.2917
35.7917
37.25
37.7083
38.625
40.5833
39.5417
39
35.875
30.3333
22.3333
16.5
10.8333
5.125
16.0417
20.8333
26.2083
30.25
31
29.0417
31.3333
30.5833
32.5
34.5
37.0833
39.6667
41.6667
46.9167
49.1667
52.5417
53.25
54.9167
54.8333
57.4167
55.7083
57.5417
56.2917
56.25
53.4583
46.8333
41.8333
30
21.7083
13.0833
7.83333
2.58333
12.1667
21.9167
33.7083
44.4167
53.7083
60.625
67.5
67.8333
64.375
55.7083
47.5833
39.8333
29.8333
17.625
5.95833
-0.166667
-9.75
-12.5
-21.8333
-25.125
-32.125
-35.375
-40.5833
-46.375
-44
-42.75
-38
-33.375
-22.4167
-16.75
-11.9583
-7.79167
-5.79167
-8.70833
-7.79167
-6.125
-10.375
-11.0417
-12
-9.79167
-19.7083
-30.5833
-38.25
-46.5417
-53.2917
-68.5
-76.5833
-85.875
-91.7917
-98
-102.917
-109.917
-111.708
-117.375
-119.292
-121.958
-114.625
-101.125
-92.0833
-72.5
-53.0417
-34.375
-24.125
-14.7083
-10.4167
-27.625
-42.1667
-53.5417
-73.125
-92.0833
-106.917
-108.542
-115.375
-119.458
-117.542
-113.042
-104.292
-97.875
-87.7083
-83
-73.5417
-69.75
-59.6667
-55.0417
-45.7083
-40.8333
-33.5833
-26.75
-23.8333
-22.4583
-26.5833
-22.5
-21.8333
-17.0417
-14.5
-8.08333
0.458333
-6.83333
-18.0417
-25.2083
-24.875
-32.2917
-38.7917
-42.2083
-35.2083
-32.625
-35.0833
-31.375
-25.75
-13.5833
-6.5
2.45833
9.33333
17.4167
24.6667
32.9167
38.9583
46.375
55.25
64.9167
59.75
44.5
35.125
25.625
12.375
-1.95833
-3.33333
2.20833
5.08333
10.9167
8.625
7.04167
21.875
36.2917
44.4583
46.0417
59.5833
69.25
64.4583
57.8333
54.0833
54.875
51.5417
51.3333
48
47.1667
43.6667
42.2917
38.7917
37.5833
42.2917
46.3333
38.375
29.3333
29.5
25.0417
13.9167
2.5
4.875
7.08333
1.625
5.79167
5
1.375
2.20833
11.9167
18.2917
21.8333
28.4583
38.4167
43.0417
38.9583
35.875
32.7083
30.875
27.9583
25.5833
22.2083
19.25
15.9167
12.8333
10.375
9.70833
3.70833
-1.625
-0.458333
2.70833
2.29167
-0.125
3.54167
7
4.625
0.0833333
1.04167
2.08333
-3.25
-14.125
-16.2083
-12.4583
-11.5417
-12.4167
-6.04167
5.16667
8.04167
4.66667
3.375
3.70833
3.04167
3.20833
2.625
2.54167
2.08333
2.04167
4.625
-0.291667
-11.2083
-15.0833
-11.9167
-11.5
-14.4583
-10.0417
0.625
4.16667
0.875
0
1.25
5.91667
4.04167
-7.91667
-12.9583
-5.83333
-4.70833
-9.375
-7.5
4.45833
9.5
2.375
0
0
0
0
0
0
0
2.45833
10.5
6.16667
-3.125
-4.79167
-1.375
-3.41667
-11.4583
-7.125
2.16667
3.83333
0.416667
1.70833
0.708333
4.66667
9.83333
5.33333
-3.04167
-0.291667
6.875
5.25
0.0833333
4.58333
12.9583
10.2083
2.375
0
0
0
0
0
0.333333
7.25
12.625
7.875
4
8.5
10.5417
3.95833
-1.41667
3.33333
7.20833
2.70833
0.333333
29.0833
21.5833
16.5833
16.6667
18.125
9.08333
-0.5
4.79167
10.875
6.41667
-0.166667
5.45833
14.125
8.66667
1.5
0
0
0
0.25
1.41667
5.29167
-0.458333
-5.29167
-2.83333
1.91667
1.375
-2.5
3.25
8.08333
5.625
0.625
0
51.75
43
30.3333
20.875
19.9167
14.0833
-1.45833
-7.79167
-1.95833
-0.166667
-8.08333
-8.58333
3.75
9.625
3.66667
0
0
0
0.375
3.875
0.208333
-11
-15.2917
-9.125
-8.25
-11.75
-8.08333
3.125
7.41667
1.25
0
0
-13.125
-9.79167
-10.4167
-7.95833
-0.125
4.25
-5.25
-15.4583
-17
-14.8333
-17.3333
-17.8333
-8.95833
1.125
2.625
0.25
0.0833333
0
1.91667
9.25
5.70833
-3.75
-2.70833
7.95833
11.5
8.70833
16.4583
30.25
33.6667
27.5
26.6667
26.9167
-50.7083
-33.5
-12
8.04167
24.9167
40.25
40.0833
22.875
7.25
1.875
-3.04167
-12.9583
-14
-3.41667
5.04167
2.91667
0.208333
0.458333
6.5
11.375
7.625
4.83333
18.8333
29.4583
35.5833
41.7917
56.125
69.5417
66.2083
65.6667
64.1667
63.9583
24.7917
39.875
63.2917
78.875
84.5833
91.7917
97.2917
78.0833
50.625
37.3333
29.9583
12.0833
-4.83333
-0.25
12.0417
9.95833
2.20833
1.91667
5.95833
1
-5.58333
1.29167
12.7083
12.5
12.9167
22.8333
34.7917
32.7917
25.5833
28.3333
27.6667
26.3333
32.0417
28.5417
27.125
23
16.5833
11.5833
22.5833
34.5833
27.8333
21.875
27.6667
31.25
17.1667
3.66667
9.04167
13.875
7.45833
4.79167
0.916667
-9.875
-15.4583
-6.625
-10.25
-20.4167
-25.875
-22.0833
-22.6667
-38.125
-41.7083
-41.625
-40.4167
-40.8333
-28.5833
-41.3333
-61.125
-74.4167
-80.6667
-84.0417
-75.25
-44.9167
-24.125
-18.4583
-7.75
12.0833
19.25
3.54167
-2.91667
5.95833
11.3333
11.75
4.83333
-5.95833
-4
1.04167
-7.58333
-19.5
-24.75
-22.7083
-32.7917
-45.6667
-46.0833
-47.0833
-45.6667
-44.5833
-26.7917
-30.7083
-42.4167
-47.7917
-49.2917
-48.9583
-50.125
-41.2083
-24.9583
-24.4167
-28.0417
-21.5
-7.20833
-6.625
-14.5833
-6.45833
10.5
16.0417
8.125
3.91667
17.2083
19.5417
10.2917
3.125
3.29167
2.75
-14.4583
-20.75
-20.125
-20.3333
-20.2083
-19.4583
-10.4583
-7.91667
-6.45833
-5.20833
-4.58333
-4.25
-7.875
-13
-6.25
-6.79167
-18.375
-23.2083
-16.8333
-9.79167
-15.5
-12.125
4.54167
6.375
-1.54167
5.33333
14.8333
10.25
3.91667
6.5
11.8333
2.91667
-7.95833
-6.375
-5.29167
-5
-5.29167
-5.08333
-10.9167
-8.625
-3
-1.95833
-1.79167
-1.58333
-3.125
-7.5
-1.29167
12.4583
8.375
-0.208333
0.708333
9.875
5.91667
-4.75
-2.375
-3
-7.45833
-3.08333
-9
-17.8333
-16
-7.04167
-2.04167
-11.1667
-7.41667
-1.45833
-1.16667
-0.916667
-1.04167
-1.04167
-4.875
-3.79167
-0.916667
-1.04167
-1
-0.833333
-1.45833
-5.625
-7.16667
7.33333
18.75
11.375
7.125
18.25
26.4583
15.9167
1.5
0.166667
5.66667
2.16667
-11
-17.5
-14.3333
-5.83333
-6.58333
-10.0833
-3.58333
-1.25
-1.79167
-2.04167
-2.125
-2.16667
-0.25
0.208333
-0.375
-0.75
-0.625
-0.791667
-0.5
-1.83333
-9.875
-11.7917
3.875
7.66667
-1.16667
-0.375
15.9583
23.2917
5.29167
-0.916667
18.0417
21.5
10.3333
4.66667
6.375
9
-1.25
-4.16667
-1.16667
-1.08333
-1.08333
-1.25
-1.125
-0.791667
-2.04167
-0.708333
-0.5
0.166667
0.5
0.5
1.25
1.91667
-1.875
-11.0417
-8.08333
0.375
-5.79167
-15.1667
-12.25
-4.54167
-12.5417
-14.2917
1.45833
9.70833
9.75
11.1667
15.9583
9.04167
-1.54167
-1.29167
-0.333333
-0.166667
0.0833333
0.125
0.5
0.583333
-4.33333
-6.04167
-5
-4.25
-3.83333
-2.75
-1.83333
-0.916667
-0.375
-4.375
-10.1667
-6.16667
-6.20833
-17.0833
-27.3333
-32.0417
-30.6667
-27.5417
-28.8333
-23.8333
-13
-3.08333
2.16667
-5.875
-5.54167
-0.291667
-1.08333
-1.95833
-2.33333
-2.20833
-2.04167
-2.58333
0.125
-8.41667
-10.0417
-9.66667
-9.66667
-8.75
-8.66667
-8.125
-7.79167
-7.95833
-12.6667
-9.20833
-0.291667
-5.58333
-16.0417
-23.9167
-18.4583
-20.125
-34.1667
-32.4167
-21.5
-12.6667
-12.9583
-15
-8.79167
-4.08333
-3.45833
-2.95833
-1.83333
-0.166667
0.708333
1.16667
14.0417
9
5.5
6.66667
6.66667
5.58333
4.41667
3.66667
3.16667
2.95833
0
0.75
13.375
18.9583
9.29167
0.75
7.25
5.95833
-11.9583
-20.5
-13.375
-7.54167
-13.5833
-13.9583
-8.29167
-3.91667
0.208333
4.29167
8.5
12.375
14.7917
15.875
22.1667
28.2083
27.2083
27.1667
26.625
24.8333
23.7917
22.875
22.0833
20.6667
16.9583
5.45833
-1.375
2.29167
-0.833333
-3.875
-3.79167
-4.08333
-10.3333
-21.9583
-26.4167
-27
-27.75
-19.0833
-8.83333
-2.54167
3.875
7.45833
10.7083
12.9583
13.625
12.7083
5.25
10.4167
10.2917
6.41667
4.5
2.54167
0.958333
0.0416667
-3.66667
-10.0833
-17.7083
-33.0833
-51.7083
-53.2083
-36.9583
-19.4167
-15.0417
-11.4167
-2.66667
-8.875
-32.375
-46.5417
-43.5833
-32
-23.0417
-16.3333
-7.75
-6.33333
-7.33333
-9.04167
-10.5833
-12.125
-39.0417
-38.9583
3.29167
32.0833
15.5417
0.75
0
0
0
0
0
0
0
0
0
0
0
0
0
0
0
0
0
0.0833333
0.291667
0.166667
-0.25
-0.291667
-0.208333
-0.166667
0
0.125
-30.0833
-41.125
-2.16667
26.75
13.5417
0.708333
0
0
0
0
0
0
0
0
0
0
0
0
0
0
0
0
0.125
0.958333
2.04167
0.958333
-1.70833
-2.66667
-2.08333
-1.04167
0.5
1.45833
-16.5833
-39.2917
-8.41667
20.5417
11.4167
0.708333
0.0416667
-0.0833333
0
0.75
0.708333
-0.708333
-0.666667
0.333333
0.291667
-0.208333
-0.25
-0.0416667
-0.0833333
-0.0833333
-0.0416667
0.25
0.208333
1.625
3.66667
1.95833
-2.5
-5.95833
-6.04167
-2.41667
2.41667
4
-9.5
-30.75
-8.875
15.125
9.125
0.75
0.0416667
-0.208333
1.41667
5.5
4.125
-3.95833
-5.5
1.25
4.375
-0.0833333
-3.54167
-4.29167
-3.20833
4.04167
5.5
-1.16667
-2.5
0.958333
3.04167
1.5
-3.75
-11.7917
-14.4167
-3.125
10.3333
10.625
-1.45833
-13.4167
-4.41667
4.375
0.5
-1.45833
-0.416667
-0.291667
0.875
6.25
5.20833
-4.83333
-5.95833
1.79167
4.66667
-0.333333
-4
-4.45833
-3.29167
3.91667
5.45833
-1.45833
-2.20833
1.25
3.95833
2.83333
-6.54167
-18.5
-20.0417
-2.79167
15.8333
15.5833
2.66667
2.66667
6.70833
-0.708333
-10.7917
-7.875
-1.875
-0.666667
0.25
5.45833
4.70833
-4.54167
-5.79167
1.125
3.95833
-0.541667
-4
-4.5
-3.45833
3.75
5.5
-1.125
-1.20833
5.25
12.375
8.625
-12.75
-33.875
-30.1667
0.5
24.1667
19.5833
5.33333
15.1667
17.8333
1.25
-22.375
-25.0417
-5.625
6.83333
5.16667
5.79167
4.375
-4.29167
-5.79167
1
3.91667
-0.5
-4.04167
-4.5
-3.54167
3.58333
5.54167
-1
-1.16667
6.04167
18
16.75
-17.4583
-51.125
-37.2917
7.75
30.75
20.9167
5.33333
15.75
22.2083
9.83333
-21.625
-39.9583
-19.7917
8.58333
13.75
9.79167
4.83333
-4.29167
-5.79167
1
3.91667
-0.5
-4.04167
-4.5
-3.54167
3.58333
5.54167
-0.958333
-0.708333
9.375
24.6667
16.1667
-31.5833
-61.875
-31.8333
17.2083
33.25
19.6667
5.33333
16.4167
25.8333
16.1667
-18.5
-46.1667
-33.9167
-0.458333
18.0417
17.125
7.16667
-3.375
-5.125
0.666667
3.625
-0.291667
-3.79167
-4.45833
-3.45833
3.66667
5.58333
-1
2.5
17.4167
26.5
2.875
-45.5
-60.625
-22
23.6667
33.4167
17.4583
5.33333
16.4167
26.875
21.6667
-10
-46.7083
-49.0417
-15.2083
17.0833
21.5
8.83333
0.583333
-0.291667
-0.25
-0.458333
-0.416667
-0.5
-0.208333
-0.333333
-0.458333
0.0416667
0.833333
10.4167
28.3333
27.125
-13.6667
-59.25
-53.2083
-4.45833
29.125
26.125
10.8333
1.625
9.29167
24.125
29
3.70833
-38.0833
-58.0833
-32.1667
13.9583
27.7917
12.9167
3.08333
0.5
-0.791667
-0.75
-0.166667
-0.0416667
-0.0416667
-0.25
-0.333333
0.208333
1.875
14.9583
36.8333
23.875
-32.9583
-66.7917
-39.9583
8.875
30.6667
20.625
5.875
0.0833333
2.91667
15.8333
29.25
14.875
-23.2083
-51.4583
-44.7917
-3.41667
28.5833
23.4167
7.16667
0.541667
-0.125
-0.0416667
0.0416667
-0.0416667
0
-0.0833333
-0.166667
0.291667
5.125
23.4583
35.4167
-0.333333
-54.5417
-58
-15.0833
22.5833
27.5
12.2917
1.875
0
1.25
9.04167
22.5417
22.9583
-3.33333
-38.2083
-49.4583
-25.25
12.5
28.0833
16.5
3.375
0
0
0
0
0
0
0
2.83333
14
28.9167
22.5
-22.9167
-65.375
-46.5417
7.66667
32
20.7917
5.70833
0.416667
1.70833
0.708333
4.66667
13.9583
22.2083
14.3333
-15.2917
-44.625
-42.875
-10.5417
19.4583
23.8333
11.8333
2.375
0
0
0
0
0
0.333333
8
24.625
29.125
1.25
-47.75
-64.8333
-21.1667
26.0833
29.0833
12.2083
2.70833
0.333333
-3.91667
-4.04167
3.58333
14.0417
23
23.2083
5.875
-28.5833
-51
-31.2083
4.95833
21.3333
18.75
8.66667
1.5
0
0
0
0.25
1.41667
12.6667
33.0417
24.5833
-25.5833
-63.7083
-46.5
2.375
30.5
23.2083
7.125
0.625
0
-3.75
-2.5
1.70833
10.125
18.9167
26.0833
23.9167
-4.79167
-44.3333
-49.9167
-19.8333
13.2917
26.625
16.75
3.66667
0
0
0
0.375
4.875
22.3333
36.375
4.08333
-51.75
-61
-22.75
18.5417
30.875
15.6667
2.375
0
0
-2.625
4.95833
6.70833
9.04167
11.125
19.875
33.625
15.2917
-30.75
-52.8333
-41.4583
-5.33333
29.5417
26.375
6.875
0.25
0.0833333
0
2.66667
13.5
29.4583
26.375
-15.4583
-58.5417
-50
-6.04167
23.9583
23.25
9.41667
1.875
0.291667
0.0416667
-1.70833
2.25
5.125
8.54167
8.66667
11.625
24.7083
17.125
-16.375
-36
-39.4167
-22.8333
15.875
30.9583
15.4167
2.91667
0.208333
0.458333
7.625
23.625
31.125
9.20833
-34.1667
-53.0417
-27.4167
4.91667
16.375
12.7917
6.08333
2.04167
0.291667
0.333333
0.166667
0
3.79167
8
8.20833
8.16667
14.2917
8.33333
-8.375
-16.0417
-27.9167
-30.2917
-1.83333
23
22.4167
10.7083
2.45833
1.91667
12.3333
31.5
28.1667
-12.4583
-42.6667
-30.125
-8.70833
-0.0416667
5.91667
7.16667
3.83333
1.70833
0.416667
0.458333
0.0416667
-1.95833
2.75
7.625
8.08333
5.58333
5.45833
-0.291667
-5.91667
-1
-9.95833
-28.5
-19.4583
7.66667
23.1667
19.625
8.08333
6.16667
21.4167
35
10.1667
-34.125
-32.875
0.0833333
3.625
-10.3333
-7.04167
1.75
2.91667
1.75
0.708333
0.666667
8.66667
2.41667
-0.25
1.08333
4.08333
2.70833
-1.75
-8.79167
-8.375
5.29167
7.375
-13.6667
-27.375
-10.7083
16.0833
23.5833
16.4583
17.5
29.4583
26.5417
-7.875
-38.3333
-19.7083
16.375
8.125
-19.5833
-16.2917
-0.791667
2.79167
1.79167
0.958333
1.04167
11.3333
1.29167
0.208333
-0.541667
-0.541667
0.0416667
-4.75
-17.2083
-19.2083
2.70833
23.0833
11
-21.7083
-30.125
-1.58333
25.5417
30.5
31.4167
31.875
10.7917
-25.5417
-33.2083
2.16667
26.625
0.291667
-27.375
-17.9583
-3
1
1.79167
1.16667
1.29167
12.4167
-6.29167
-5.33333
-1.33333
-0.583333
-0.5
-5
-20.25
-29.375
-6.04167
28.375
26.9167
-7.45833
-32.0417
-19.125
17.875
42.2917
45.25
30.3333
-7.91667
-34.6667
-15
18.0417
17.875
-11.9167
-26.7083
-13.3333
-2
-0.416667
0.5
0.833333
1.16667
12.5833
-4
-4.25
-1.08333
-0.791667
-0.833333
-1.375
-9.375
-26.0417
-23.7917
10.25
31.5417
11.7083
-21
-29.0833
1.875
45.5
58.75
23.2917
-27.9583
-29.625
11.1667
24.75
0.708333
-22.1667
-22.1667
-8.54167
-1.20833
-0.666667
0.333333
0.833333
0.958333
11
-1.91667
-3.04167
-0.666667
-0.625
-0.708333
-0.833333
-3.75
-17.0417
-28.2917
-8.25
23
23.5
-4.375
-26.1667
-6.33333
39.75
53.2917
13.6667
-29.4583
-16.25
24.125
19.4167
-14.2083
-24.4583
-14.4583
-4.83333
-1.375
-0.666667
0.583333
1.125
1.20833
8.75
-0.791667
-2.375
-0.25
-0.375
-1.04167
-1.125
-1.95833
-10.75
-24.5417
-18.875
9.66667
27.0833
12
-15.4167
-10.9583
28.5417
42.2083
4.66667
-23.5
2.83333
30.0417
3.125
-28.25
-19.75
-4.79167
-2.16667
-1.58333
-0.458333
0.375
1
1.70833
4.33333
-2.45833
-2.875
-0.333333
0
-0.5
-1
-0.958333
-5.25
-18.9167
-25.2083
-6
19.9583
22.4583
3.625
-3.41667
15.4583
22.0833
-0.791667
-6.91667
17.625
20.1667
-12.9167
-28.2083
-12.5417
-1.16667
-0.833333
-1.04167
-0.416667
0.125
0.625
1.45833
1.16667
-4.66667
-2.625
0.25
0.916667
0.5
-0.958333
-2.91667
-3.125
-7
-20.5417
-23.6667
0.291667
24.2917
22.9167
11.3333
5.58333
-0.791667
-0.833333
16.2917
25.25
3.16667
-23.9583
-23.625
-7.41667
0.708333
0.291667
-0.833333
-0.333333
0.166667
0.458333
1.41667
3.5
-5.16667
-3.16667
0.0833333
1.20833
0.875
-1.29167
-3.625
-3.16667
-2.33333
-9.54167
-22.7083
-18.2917
10.5417
29.5833
20.9583
4.91667
-3.5
4.95833
23.9583
19.375
-9.91667
-26.2083
-18.75
-4.54167
3.91667
3.16667
-1.20833
-1.95833
-0.416667
0.708333
1.66667
6.79167
-5.25
-4.125
0.0416667
1.66667
1.33333
-1.20833
-3.95833
-3.58333
-1.66667
-3.75
-15.125
-25.375
-9.29167
21.2917
28.875
13.5
1.83333
14.1667
29.375
7.625
-25.4167
-27.2083
-12.3333
0.0833333
8.58333
6.83333
-1.95833
-5.375
-2.5
0.416667
1.375
10.5417
-5.41667
-5.79167
-0.833333
1.25
1.45833
0.0416667
-3
-4.41667
-3.33333
-4.41667
-15.1667
-30.125
-18.0833
21.6667
39
17.8333
1.66667
18.5417
30.4167
2.95833
-24
-20.625
-13.5833
-5.08333
10.9583
10.5
-3.91667
-8.66667
-4.04167
-0.375
0.458333
15.375
-2.20833
-7.08333
-1.45833
1.625
0.916667
0.458333
-1.58333
-5.79167
-10.2083
-9.70833
-8.83333
-16.2083
-12.5833
13.7917
31.8333
19.4583
5.83333
15.4583
17.75
-4.625
-14.4167
-3.08333
-6.625
-10.7917
8.41667
14.5
-4.20833
-13.9583
-7.41667
-1.33333
-0.375
13.7222
13.5556
13.0741
14.7778
20.1111
23
24.8704
26.2593
28.2778
30.6667
33.7778
36.2593
39.7222
40.6667
41.8704
43.3148
44.7963
46.2037
46.5556
46.537
46.3333
46.0741
45.4815
41.6111
36.1296
30.8704
25.2963
19.9815
24.7407
29.2963
33.9074
37.0556
42.0926
45.7963
47.463
47.5
48.1111
48.6111
49.6296
50.0556
50.7593
49.7778
48.6481
48.4074
46.8704
46.7963
44.5556
43.7407
42.2778
41.9074
39.6481
35.6111
29.537
25.7963
20.2963
16.6481
36.1667
41.3889
46.2593
47.8148
47.5926
46.7593
43.537
37.6111
31.5741
25.1111
18.6296
11.7037
4.31481
0.703704
-3.90741
-8.12963
-14.2778
-18.4444
-22.7593
-24.5926
-24.7778
-23.7593
-27.2593
-26.1667
-24.1296
-19.6296
-16.6111
-11.6111
7.03704
6.51852
3.53704
0.981481
-5.38889
-8.37037
-12.9074
-20.0185
-29.5926
-37.1852
-45.1481
-51.4074
-60.2407
-63.6852
-68.0741
-72.8519
-78
-82.7593
-85.2222
-84.7222
-80.6481
-77.1667
-76.5741
-70.4815
-60.5
-50.3333
-39.3889
-29.0185
-23.2593
-30.9074
-41.8704
-51.4444
-64
-71.1852
-75.963
-81.6667
-90.2222
-96.3333
-100.944
-102.463
-105.463
-103.796
-102.519
-102.019
-100.333
-99.8889
-95.2037
-90.6296
-85.5556
-84.1852
-83
-75.8519
-64.3148
-55.1481
-44.0741
-36.4074
-38.4815
-45.6296
-56.2407
-66.3889
-75.6296
-79.6296
-78.2963
-74.5741
-74.3889
-75.9074
-74.4074
-69.0741
-63.2407
-59.0185
-53.6296
-48.963
-42.1111
-37.0926
-27.7222
-19.6667
-17.8519
-21.5926
-20.0556
-17.6667
-14.0556
-12.9444
-10.5
-13.5741
-20.963
-20.7593
-22.6852
-27.2963
-29.2593
-31.0926
-27.9259
-19.6481
-11.4815
-11.2778
-9.90741
-5.81481
1.31481
5.37037
10.537
15.7593
21.6667
27.5185
36.6481
42.2963
36.6111
28.963
27.3333
25.3519
21.2407
16.6296
10.9074
0.851852
-4.35185
3.27778
11.1481
14.6852
20.1852
23.1296
27.3148
37.2593
48.9074
52.1111
50.4259
48.5556
50.5741
49.7407
49.6852
49.5556
49.4259
51.2037
53.9074
51.9815
43.3148
37.2963
36.2963
33.0741
27.4815
22.6296
15.2778
6.64815
-2.42593
2.2963
12.4259
19
23.9815
26.8333
27.7593
31.8704
41.7778
50.3148
49.7778
43.6481
40.7222
39.1111
37.0556
35.3519
34.0926
36.4074
33.2778
23.8889
15.5556
14.5926
14.5185
12.5741
9.5
6
-0.907407
-2.2037
-5
-6.5
1.87037
8.90741
12.5185
14.6481
14.4444
13.6667
17.8889
29.5185
32.7778
25.9259
20.2593
17.6481
15.6667
13.9259
14.9815
19.2037
13.3889
1.40741
-1.64815
1.09259
1.98148
1.38889
0.703704
-2.88889
-9.25926
-5.46296
8.38889
-2.40741
-2.37037
1.7037
3.42593
4.12963
2.88889
-1.16667
-2.2037
6.25926
14.5741
12.0926
5.96296
2.81481
1.94444
2.37037
7.09259
11.6667
4.22222
-4.01852
-2.92593
0.648148
1.37037
1.11111
0.537037
-4.55556
-9.31481
-2.12963
27.4259
14.5926
5.2037
6.03704
9.03704
9.24074
8.48148
4.96296
0.12963
0.777778
7.87037
12.2222
7.44444
1.62963
0.166667
2.16667
6.64815
5.18519
-1.14815
-2.75926
1.33333
3.68519
3.87037
3.7037
1.7037
-2.77778
-1.31481
5.01852
36.7037
23.4444
5.98148
-0.111111
2.74074
4.2963
3.7963
1.98148
-2.75926
-8.2037
-3.2963
7.33333
8.88889
3.16667
1.2963
5.59259
6.2037
-2
-6.94444
-1.01852
5.18519
8.25926
10.2778
11.0185
8.62963
9.98148
20.2407
27.3148
33.2222
33.7778
21.6667
12.8148
12.2037
12.4444
10.3148
6.64815
0.537037
-9.03704
-12.2778
-1.87037
6.09259
5.33333
4.35185
9.31481
6.55556
-4.46296
-2.72222
8.12963
15.7593
20.963
25.463
27.3333
25.9074
33.2593
49.0185
52.1111
29.8333
42.7037
43.2963
32.5556
25.5556
24.6852
21.9815
16.2037
8.42593
-2.16667
-11.2593
-9.31481
2.2963
8.81481
10.1296
11.0185
3.5
-2.72222
5.37037
16.9444
26.5926
34.7222
42
45.4259
48.6852
63.0926
77.1667
77.0741
42
65.0556
78.6111
72.8519
57.4815
51.2963
47.8333
40.4074
30.3704
18.7778
4.46296
-4.42593
0.481481
13.3148
16.2407
8.33333
-1.31481
-0.777778
9.42593
15.8333
21.463
26.8889
30.537
31.7593
38.5
50.3704
54.2778
48.8889
18.2407
29.6296
43.7593
46.2778
35.5556
29.5
31.3889
32.0926
29.6481
25.7593
18.4074
5.77778
2.40741
14.1667
18.8889
5.09259
-5.44444
0.5
5.7963
5.2037
5.14815
4.46296
1.03704
0.388889
8.66667
14.6481
7.09259
1.5
-11.1111
-13.037
-5.98148
5.64815
4.25926
-1.42593
1.03704
8.87037
15.1667
18.5556
19.4444
12.537
3.05556
9.81481
15.0556
4.2963
0
4.66667
2.01852
-3.81481
-10.8148
-19.463
-30.5926
-34.4444
-29.3704
-36
-50
-54.0185
-56.7407
-69.7037
-70.9259
-57.463
-43.537
-43.4074
-41.9074
-30.7963
-16.2778
-5.05556
4.2963
7.38889
3.03704
0.111111
3.03704
5.11111
11.0741
12.0741
5.24074
-0.962963
-8.81481
-19.7407
-30.4815
-31.3704
-31.5741
-44.9259
-56.537
-57
-47.9074
-55.2037
-59.7037
-53.1296
-38.5556
-34.0556
-38.8148
-35.3704
-24.6296
-14.7037
-6.83333
1.90741
4.25926
-5.38889
-9.75926
3.24074
16.0556
12.3889
4.7037
-0.203704
-6.77778
-15.7407
-19.6111
-18.037
-23.5556
-36.963
-41.1481
-40.463
-32.6667
-33.4259
-36.7593
-38.5741
-27.037
-16.6667
-19.5185
-24
-19.8333
-11.3889
-4.31481
5.2963
12.1667
-2.11111
-14.1111
0.388889
13.3148
9.88889
3
-1.98148
-7.37037
-10.6667
-5.87037
-1.98148
-11.2407
-17.2593
-15.6852
-14.7593
-9.53704
-5.33333
-6.85185
-11.7778
-10.3519
0.814815
4.88889
-1.5
-5.33333
-0.0185185
6.01852
13.2778
17.4074
7.38889
-3.64815
0.5
4.96296
4.42593
-1.33333
-7.72222
-12.7222
-11.8704
-3.33333
-3.68519
-12.037
-10.1852
-5.88889
-5.5
-4.90741
-2.11111
-2.07407
-5.94444
-8.87037
-2.44444
8.48148
6.61111
-0.87037
0.222222
6.7963
11.7222
11.537
9.24074
8.7037
3.55556
0.796296
5.77778
4.42593
-2.33333
-7
-2.83333
2.35185
-3.68519
-9.68519
-5.12963
-2.61111
-2.46296
-5.16667
-3.44444
-2.68519
-3.66667
-9.37037
-10.6481
-0.944444
4.2037
-2.64815
-7.72222
-6.27778
-6.74074
-10.6481
-3.66667
6.37037
-2.74074
-11.2963
-5.44444
-0.444444
-2.18519
-2.2037
2.77778
1.7037
-6.87037
-7.31481
-3.75926
-2.53704
-2.55556
-6.44444
-6.09259
-4.85185
-4.66667
-7.98148
-13.537
-11.2222
-3.81481
-5.55556
-15.037
-20.7593
-26.4259
-30.8148
-21.037
-9.7963
-14.1852
-22.4074
-19.9444
-10.2593
-5.05556
0.0740741
4.92593
-0.907407
-5.88889
-3
-1.46296
-1.57407
-1.51852
-4.05556
-4.81481
-3.62963
-2.92593
-4.09259
-8.38889
-12
-5.62963
-0.148148
-7.46296
-19.6111
-30.2593
-32.8889
-26.3519
-23.4815
-25.037
-31.963
-37.8704
-31.1296
-20.0185
-9.75926
-6.90741
-11
-8.40741
-1.77778
0.0925926
1.66667
3.24074
9.55556
6.62963
7.03704
7.33333
7.22222
4.51852
-2.42593
-4.2963
1.01852
-1.53704
-12.9074
-22.9444
-24.3519
-25.8148
-32.5556
-32.5926
-34.3148
-41.3519
-40.5
-30.6667
-20.963
-19.0926
-16.8519
-6.98148
0.62963
4.96296
7.44444
10.1296
20.0556
16.0926
14.7037
14.1111
12.2778
8.5
0.685185
-7.68519
-7.16667
-4.01852
-7.68519
-11.4815
-11.5741
-18.0185
-26.8519
-27.9444
-27.3889
-32.5185
-38.6296
-36.8148
-34.1852
-34.1111
-26.3519
-14.5556
-6.14815
1.07407
5.25926
8.2963
0.777778
11.1667
8.46296
2.11111
0.666667
1.05556
5.25926
2.64815
1.22222
-3
-1.16667
0.425926
1
-2.11111
-4.01852
-3.46296
0.518519
2.31481
2.27778
0.481481
0.722222
2.24074
0.537037
-6.38889
-15.6481
-18.6852
-10.2037
3.75926
-1.25926
2.62963
-1.03704
-4.66667
-2.57407
-0.259259
4.40741
2
0.888889
-3.16667
-1.53704
-0.166667
0.425926
-2.44444
-4.18519
-3.59259
0.37037
2.35185
2.72222
2.62963
5.5
9.46296
5.37037
-8.66667
-25.8519
-29.9815
-15.2593
6.48148
1.72222
-3.66667
-13.0741
-13.7407
-5.07407
4.14815
7.75926
4.66667
0.351852
-2.55556
-2.09259
0.203704
0.0925926
-2.2963
-4.2963
-3.68519
0.333333
2.22222
2.85185
3.01852
8.22222
14.3519
9.7963
-10.7778
-34.7963
-39.6852
-18.5
10.0556
7.87037
-5.75926
-22.9074
-26.2407
-12
5.18519
13.2593
9.09259
2.12963
-2.35185
-2.09259
0.203704
0.0925926
-2.2963
-4.2963
-3.68519
0.333333
2.24074
3.11111
4.94444
12.6852
19.3889
9.87037
-18.4259
-45.6111
-45.6111
-16.6667
15.537
14.463
-5.46296
-28.7037
-37.6667
-22.0556
1.14815
16.4815
14.7778
6
-1
-2
0.203704
0.0925926
-2.2963
-4.2963
-3.68519
0.333333
2.33333
4.57407
9.09259
18.3333
21.7037
4.27778
-29.0741
-54.4815
-46.8704
-12.6852
20.4815
21.5741
-2.07407
-31.463
-47.4444
-34.8519
-6.40741
17.1481
20.8148
11
1.25926
-1.68519
0.203704
0.0925926
-2.2963
-4.2963
-3.68519
0.333333
2.51852
6.88889
14.1667
24.5926
21.7963
-4
-42.0556
-61.7778
-45.6111
-6.27778
25.537
24.9815
3.35185
-28.0185
-51.5185
-44.9815
-15.7037
15.0741
24.7963
15.8519
4
-0.962963
0.351852
0.0925926
-2.2963
-4.2963
-3.68519
0.388889
2.85185
9.14815
18.5185
28.3889
19.2407
-13.6667
-52.037
-64.3704
-39.9815
0.851852
29.3519
26.1481
7.27778
-22.4074
-49.1481
-50.9259
-27.3148
6.42593
24.3148
21.5185
8.83333
1.37037
0.333333
0.12963
-2.14815
-4.25926
-3.22222
0.0925926
5.03704
12.7407
24.6481
27.9259
11.5185
-26.9815
-58.0926
-61.0741
-30.2037
7.61111
31.3704
26.2407
8.7963
-18.0185
-43.6667
-50.4074
-37.0556
-8.35185
14.537
23.3889
16.4259
7.05556
0.87037
-0.611111
-0.5
-0.777778
-0.148148
0.314815
6.74074
16.1667
28.5556
24.2222
2.37037
-35.3704
-56.7593
-51.5
-18.5556
13.537
29.8519
26.7222
15.0556
-9.68519
-33.1481
-46.1481
-39.8519
-21.8889
3.61111
18.5556
21.9074
12.8333
5.03704
0.148148
-0.185185
-0.277778
-0.0740741
3.37037
11.3148
24
28.0741
16.7407
-13.2407
-42.6852
-54.5556
-39.1296
-7.94444
18.6852
27.8704
27.6111
24.2037
4.07407
-20.0185
-37.2407
-39.4815
-28.8889
-7.72222
11.7963
21.8148
18.5741
10.7037
3.51852
0.814815
0
0.537037
5.92593
16.2222
28.4444
25.037
2.7963
-31.6852
-52.963
-49.2222
-23.0741
7.27778
24.7963
25.1481
26.4815
30.2593
18.4259
-5.68519
-27.0185
-39.5926
-36.463
-22.537
0.685185
17.9444
23.7593
16.7222
7.44444
1.62963
0.166667
2.16667
10.4259
22.463
30.1296
18.4074
-11.4444
-44.0926
-58.2963
-42.6296
-10.6852
19.6667
28.9074
22.2963
25.7593
31.8333
26.3704
7.16667
-15.537
-34.7037
-40.037
-34.2407
-12.6481
9.96296
25.0926
22.3333
11.9444
3.16667
1.2963
6.03704
16.7037
26.7778
27.6111
9.2037
-21.2593
-49.5741
-56.5556
-35.537
-1.75926
24.5926
27.8519
17.9815
18.8889
28.5556
28.2778
12.5926
-12.1296
-32.8889
-38.1296
-32.8519
-16.1296
2.74074
20.5
24.5185
17.3704
7.33333
4.68519
11.2037
23.5
28.7593
22.3333
-2.03704
-28.7963
-50.6481
-49.2037
-27.6111
4.01852
23.6481
23.7963
13.2778
12.1667
21.9815
27.463
17.7778
-4.61111
-30.537
-37.6296
-33.4074
-16.463
-2.88889
14.1296
22.0741
21.7407
13.7037
10.6296
17.1296
28.4444
29.8889
16.0926
-10.4444
-35.2407
-48.6667
-41.9444
-18.463
7.62963
20.9259
17.3889
8.46296
7.55556
16
23.8333
21.0741
2.31481
-25.2593
-38.0556
-34.1481
-18.0741
-6.11111
6.74074
17.6296
23.2593
21.4815
20.1296
25.4444
31.2407
25.8333
8.2037
-15.2222
-34.7593
-43.8333
-35.8519
-14.0185
7.77778
16.2037
11.9444
5.16667
6.35185
11.7407
18.037
17.7778
5.44444
-19
-33.2778
-33.0741
-18.0185
-8.40741
1.7963
11.1111
22.2963
28.0556
31.7222
33.7037
31.7778
19.5
1.51852
-18.7963
-33.1852
-38.4815
-29.0185
-10.8333
4.94444
10.2037
7.53704
3.77778
6.33333
9.85185
13.4074
12.2593
2.64815
-16.2037
-29.1296
-28.6852
-14.5556
-6
-1.11111
3.59259
18.6111
33.9815
44.0556
40.8519
29.5556
10.0556
-5.2037
-20.2593
-26.537
-30.7963
-23.037
-11.9444
0.12963
4.72222
4.61111
2.98148
6.14815
8.2963
9.2963
5.48148
-1.53704
-14.2963
-22.2407
-23.463
-12.3889
-5.16667
-1.53704
0.111111
14.8148
36.3889
51.9815
47.3333
27.3519
3.12963
-11.8704
-19.2963
-19.7037
-20.9074
-18.4815
-14.2593
-6.74074
-0.592593
2.24074
2.72222
2.2037
1.85185
2.07407
-2.01852
-7.5
-14.0556
-17.3148
-16.537
-9.74074
-3.48148
-1.38889
-0.925926
11.6481
35.3889
54.6296
49.8519
26.1667
0.277778
-12.1296
-15.3704
-12.7222
-15.3519
-17.3333
-19.0926
-12.8333
-4.62963
1.18519
2.81481
-0.166667
-1.31481
-2.87037
-8.62963
-15.537
-18.7222
-14.2963
-7.72222
-2.44444
-2.44444
-2.64815
-0.648148
13.5
34.1667
50.8333
45.5556
24.7037
0.833333
-9
-9.98148
-5.98148
-11.8889
-18.2037
-23.8704
-16.6296
-7.59259
0.314815
2.46296
-5.2037
-3.55556
-3.51852
-10.4444
-20.463
-25.1296
-16.8333
-2.61111
5.55556
2.2037
-2.75926
-0.444444
14.6852
33.4444
46.5185
40.2778
22.1296
1.48148
-4.94444
-5.66667
-4.27778
-13.4815
-20.3333
-23.3519
-15.0926
-6.90741
-0.611111
1.5
-4.57407
-3.05556
-1.74074
-5.61111
-14.2037
-23.7222
-22.8519
-11.8333
1.12963
3.11111
0.851852
3.16667
17.537
33.7407
41.9815
34.5556
17.8519
2.88889
-1.51852
-2.38889
-6.66667
-17.1111
-22.6481
-20.1852
-11.4074
-4.35185
-0.555556
1.14815
-3.22222
-1.55556
-0.296296
-2.61111
-10.037
-19.8704
-25
-17.9074
-5.81481
1.44444
1.83333
6.2037
19.8519
34.8889
39.8148
30.7037
16.0926
3.88889
0.555556
-4.46296
-11.2037
-21.3333
-21.6296
-15.7037
-7.03704
-2.37037
-0.314815
1.11111
-2.5
-1.37037
-0.240741
-2.11111
-7.37037
-16.3704
-22.8889
-21.3148
-9.72222
-0.759259
3.46296
5.07407
17.963
33.8519
42.1481
32.2037
16.3704
4.27778
0.0185185
-9.38889
-19.3704
-25.6296
-17.9074
-7.83333
-1.5
-1.01852
-1.12963
0.425926
-2.88889
-1.37037
0.148148
-1.14815
-4.92593
-11.9444
-20.1111
-23.1852
-16.4259
-5.90741
0.777778
4.01852
15.2222
32.8704
44.0741
37.0741
21.3148
6.74074
-3.12963
-16.7963
-25.2593
-24.1852
-10.6111
-0.62963
1.5
-2.07407
-3.66667
-1.81481
-4.16667
-2.14815
0.0925926
-0.722222
-2.88889
-7.48148
-15.037
-25.3519
-28.8148
-20.9815
-2.57407
14.8889
27.4259
33.0741
33.6111
31.0185
26.2963
19.5926
2.83333
-17.0556
-30.9074
-24.7037
-9.40741
2.62963
1.85185
-3.53704
-6.27778
-3.92593
-3.94444
-2.46296
0.0925926
-0.444444
-3.11111
-7.77778
-15.037
-24.1296
-28.5
-21.0741
0.148148
21.5185
32.2037
28.0926
21.2593
19.7778
22.3889
20.5926
6.42593
-10.3148
-22.5185
-17.1111
-6.2963
3.72222
0.685185
-6.09259
-10.4074
-7.31481
35.5556
40.3889
18.8889
0.444444
-3.5
-0.666667
0
0
0
0
0
0
0
0
0
0
0
0
0
0
0
0
0
0.111111
0.388889
0.555556
0.611111
0.166667
-0.0555556
-0.5
-0.444444
-0.5
11.2222
23.5
19.6111
7.72222
0.722222
-0.611111
0
0
0
0
0
0
0
0
0
0
0
0
0
0
0
0
0.166667
1.27778
3.22222
4.77778
4.33333
1.5
-1.66667
-4.11111
-4.27778
-3.27778
-8.55556
6.22222
17.1111
12.8333
5.22222
-0.5
0.0555556
0.0555556
0.0555556
0.888889
1.16667
1.66667
0.555556
0.833333
0.5
0.888889
0.722222
0.0555556
0.777778
-0.666667
1.11111
-1
1.88889
1.27778
7.22222
8.11111
9.38889
2.11111
-4.61111
-11.1111
-10.7778
-7.5
-20.8333
0.277778
22.8333
22.6667
12.1667
1
0.222222
0.111111
2.05556
7.05556
11.6667
12.1111
7.11111
5.66667
6.66667
9.61111
7.77778
1.27778
-0.944444
-2.83333
5.11111
4.16667
7.11111
2.94444
7.16667
7.11111
6.16667
-6.38889
-21
-31.5556
-27.3889
-15.6667
-9.38889
10.4444
32.1667
30.4444
18.6667
3.11111
1.94444
-1.72222
3.38889
5.11111
14.0556
11.3333
8.77778
5.05556
7.83333
10.0556
8.05556
1.5
-2
-2.33333
3.05556
4.94444
4.16667
1.94444
0.666667
1.66667
-2.55556
-15.0556
-32.3889
-41.7222
-34.1111
-17.8889
-1
19.2222
42.1667
45.2222
31.7778
11.1111
3.33333
-2.55556
1.77778
0.888889
8.44444
4.55556
4.22222
-0.388889
2.27778
3.05556
1.11111
-4.16667
-9.27778
-6.88889
-5.16667
1.33333
-3.83333
2.38889
1.38889
12.1111
2.27778
-14.3889
-40
-46.6667
-34.3889
-14.7778
7.11111
22.3889
43.6667
52.4444
39.2778
10.3333
-9.88889
-14.1667
-9.5
-11.1111
-14
-15.6111
-10.1667
-9.66667
-11
-14.5556
-13.6111
-7.11111
-6.33333
-3.44444
-13.7778
-9.88889
-14.7778
-0.722222
7.61111
26.6111
20.7222
3.05556
-19.7222
-19.5556
-8.61111
1.11111
-2.77778
0.5
14.9444
36.1111
36.3333
13.4444
-21.7778
-27.6111
-25.4444
-12.5556
-19.3889
-14.0556
-13.5
-8.44444
-13.3333
-15.4444
-14.1667
-7.55556
-4.22222
-4.44444
-9.66667
-11.3889
-8.61111
3.55556
25.5556
40.7222
33
6.88889
-8.66667
-0.166667
12.3333
13.7778
-6.88889
-15.9444
-14.4444
4.11111
19.6667
9.94444
-24.2222
-39.8333
-39.7222
-18.3889
-15.7222
-5.77778
-6.05556
-0.0555556
-3.72222
-4.11111
-2.44444
3.61111
8
6.66667
3.44444
-0.888889
6.61111
15.1111
29.3333
21.1667
3.83333
-11
0.111111
22.6111
29.6111
19.7778
-7.11111
-20.7222
-31.6111
-20.2222
10.0556
28.3333
9.38889
-25.5556
-42.2222
-27.8889
-9.11111
2.27778
3.05556
4
4.33333
4.94444
5.83333
5.83333
7.27778
6.27778
8.66667
6.61111
19.7778
31.2222
35.2222
0.722222
-34.8333
-40.5
-5.77778
25.3889
28.8333
14.5
-2.16667
-10.9444
-26
-30.1667
-3.66667
31.8889
40.8889
4.83333
-28.4444
-34.1667
-13.7222
-0.666667
4.27778
3.38889
5.5
5.38889
6.11111
6.05556
6.22222
6.77778
6.77778
8.27778
22.5556
35.3889
22.7222
-24.7222
-60.1667
-43.7222
2.44444
29.0556
22.4444
6.94444
-0.111111
-4.05556
-18.5556
-30.6667
-17.1667
26.3333
58.4444
42.2222
-1.27778
-30.3333
-23.0556
-9.38889
0.555556
-0.388889
0.944444
0.166667
0.611111
0.5
0.5
0.888889
0.944444
6.88889
22.3889
28.3889
5.38889
-38.6667
-54
-25.5556
14.7222
26.1667
14.7222
2.5
0
-1.66667
-12.0556
-29.3889
-35.3333
-6.05556
43.6667
65.0556
37.6667
-9.77778
-28.0556
-19.5556
-4.5
0
0
0
0
0
0
0
3.77778
16.8889
25.6667
11.3333
-30.3333
-54.9444
-38.1667
5.83333
28.7222
23.0556
7.61111
0.555556
-2.27778
-0.944444
-6.22222
-20.7222
-38.8333
-27.5
21.1111
71.7222
68.2222
14.5
-28.8333
-34.5
-14.8889
-3.16667
0
0
0
0
0
0.444444
10.3333
30.5
33.3889
-2.83333
-55.8333
-66.1111
-23.7778
21.7222
31.8333
16.2778
3.61111
0.444444
-13.5556
-16.7778
-19.1111
-22.2778
-34.8889
-37.6111
-3.61111
52.6111
80.7222
42.8333
-12.1667
-41.2222
-29.5556
-11.5556
-2
0
0
0
0.333333
1.88889
17.2222
36.3889
27.5556
-20.7222
-67.7222
-55.5556
-5
30.1667
26.1111
8.5
0.833333
0
-26.7222
-30.8333
-30.3333
-26.6111
-27.2222
-31.8889
-19.9444
21.9444
65.1111
63.1667
14.2778
-33.3889
-41.1667
-22.3333
-4.88889
0
0
0
0.5
6.5
23.7222
31.4444
9.22222
-36.8333
-56.9444
-30.5
9.94444
25
14.7778
3.16667
0
0
-40.8333
-45.2778
-37.1667
-25.9444
-17.5556
-23.4444
-30.6667
-15.6667
33
66.4444
49
-5.61111
-36.2222
-29.6111
-9.5
-0.333333
-0.111111
0
3.55556
17.1111
28.9444
17.3889
-20.7778
-43.1111
-24.7222
17
31.7778
21.2222
4
0.111111
0.666667
1.22222
-13.9444
-7.11111
0.444444
-0.833333
-2.05556
-12.8889
-36
-51.1111
-28.2778
26.1111
51.2222
26.3889
-16.1667
-29.2778
-17.3889
-3.88889
-0.277778
0.611111
9.5
29.5556
35.6667
4.66667
-35.9444
-35.0556
15.5
51.3333
42.8889
13.3889
-2.44444
-1.66667
-0.555556
0.277778
14.7778
25.6667
27.8333
22.8333
12.7778
-1.44444
-29.7778
-66.3889
-74.9444
-32.2778
30.8889
48.1667
15.3333
-23.0556
-28.7778
-14.2778
-2.5
2.55556
16.6111
35.8889
29.1111
-8.94444
-34.6111
-4.44444
55.2778
72
47.3333
9.66667
-2
-3.33333
-1.66667
-0.555556
51.1667
57.8889
42.7222
26.5
13.4444
2.77778
-18.2222
-57.2778
-95.8333
-80.3889
-15.4444
45.7778
35.3889
-10.7222
-39.8889
-29.5
-9.44444
5.55556
23.1111
31.1111
9.88889
-24.0556
-22.1667
21.8333
63.8889
56.7778
30
4.94444
0.444444
-3.55556
-4.11111
-3.83333
29.0556
31.9444
21.5
13.9444
7.38889
2.88889
-0.277778
-15.5
-47.3333
-67.1667
-38.5
19.2778
41.8333
7.94444
-32.2778
-40.2222
-17.8333
9.88889
27.1667
17.9444
-17.5556
-31.8333
-4.66667
40.8333
48.2778
27.6667
7.72222
2.83333
2.55556
-1.55556
-2.66667
-2.55556
9.11111
8.44444
5.38889
1.5
0.222222
-0.166667
5.27778
13.6667
-1.88889
-32.3333
-50.4444
-12.3333
30.1111
30.7778
-9.61111
-36.8889
-21.5
15
32
4.77778
-31.9444
-32.8889
8.66667
32.7222
17.3889
-4.61111
-9.11111
0.611111
1.61111
-0.277778
-1.38889
-1.5
-12.8889
-11.7222
-2.88889
0.277778
0.777778
0.222222
6.11111
22.8333
30.8333
4.05556
-36.2222
-40.1111
8
40.5
24.6111
-15.5556
-15.6111
14.3889
23.5
-7.72222
-30.5556
-11.2778
23.2222
17.3333
-11.9444
-24.7222
-13.6111
0.333333
1.05556
1.22222
0.833333
0.777778
-3.72222
-6.16667
-1.44444
0.277778
0.888889
0.833333
1.77778
13.4444
27.6111
21.3889
-18
-44.0556
-20.5
30.8333
41.7222
13.1667
-4.33333
3.55556
1.11111
-21.5
-20.8889
7.27778
25.6667
1.72222
-22.2778
-24.5556
-8.05556
0.5
1
1.27778
0.888889
0.5
3.27778
-0.555556
-0.277778
0.722222
1.05556
1.05556
0.722222
4.11111
21.7222
33.2778
15.4444
-28.0556
-40.4444
-1.16667
41.5556
43.4444
15.2222
-13.8333
-36
-35.3333
-8
26.7778
19.8889
-8.27778
-26.0556
-16.7222
-3.72222
0.555556
0.777778
1.16667
1
0.888889
8.5
2.83333
-0.222222
0.277778
0.722222
1.05556
0.722222
1.61111
12.2778
32.4444
35.0556
4.16667
-33.4444
-24.2778
21.4444
53.3333
30.1667
-22.6111
-54.7222
-39.4444
2.33333
22.2778
3.66667
-16.6111
-18.7222
-5.05556
0.611111
0.666667
0.444444
0.388889
0.666667
1.33333
10.2778
3.72222
0.0555556
0.5
0.888889
1.66667
1.77778
0.444444
5
20.0556
38.2778
24.1667
-14.4444
-37.2222
-3.33333
46.2222
41.3889
-12.2778
-47.0556
-23.1111
14.6667
13.6111
-15.8333
-27.3889
-18.7778
-3.22222
-0.444444
0.611111
0.611111
0.333333
0.5
1.22222
8.72222
4.22222
0.0555556
0.444444
1.66667
3.55556
4.38889
3.22222
1.11111
6
23.8889
30.7778
7.16667
-29.0556
-28.1111
10.8333
25.8889
4.83333
-11.6667
5.61111
20.1111
-0.388889
-24.8333
-27.7222
-13.5
-3.27778
-0.722222
1.16667
1.77778
1.22222
0.833333
0.722222
1.77778
4.33333
1.88889
1.22222
2.05556
4.05556
4.77778
4.11111
1.5
1.38889
11.5556
24.4444
17.5
-14.7222
-38.8889
-29.1667
-3.22222
16.6111
26.7222
34.2778
19.3333
-7.11111
-24.8889
-20.7778
-10.7222
-4.66667
0.222222
4.16667
4.83333
3.27778
2.11111
1
-7.66667
1.83333
2.94444
1.61111
2.66667
4.11111
4.5
3.94444
1.83333
1.94444
5.77778
20.2778
25.6667
5.38889
-38.2222
-66.1111
-45
6.27778
45.5
44.2222
14.1667
-9.77778
-15.0556
-9.61111
-3.61111
1.33333
9.33333
12.8889
10.6667
6.05556
3.27778
1.66667
-9.72222
1.72222
5.5
1.94444
-0.166667
-1.11111
-0.833333
0.888889
2.11111
2.16667
-1.22222
-0.111111
5.72222
1.05556
-24.0556
-55.7778
-47.5556
-7.05556
27.5556
24.2222
2.44444
0.611111
6.27778
12.7778
7.44444
11.2222
17.8889
21.1667
15.3333
7.55556
3.16667
1.16667
-9
-3.16667
1.77778
-0.888889
-3.11111
-4.94444
-3.88889
-1.05556
-0.833333
-6.44444
-18.3889
-24.1111
-13
6.27778
12
-3.77778
-16.9444
-16.7222
-14.2778
-22.1111
-26.3333
-8.5
13.1667
29.9444
26.6667
27.2222
26.5556
27.0556
18.7778
8.5
1.27778
-1.5
35.76
33.4
26.04
15.78
8.34
3.16
4.84
5.34
8.54
8.98
8.94
8.1
8.56
6.14
4.52
3.5
2.26
1
2.14
3.26
4.54
6.24
5.8
1.04
-6.48
-15.6
-24.8
-30.62
44.32
45.04
39.22
28.14
16.4
5.56
3.84
3.14
5.74
5.68
5.28
4.02
4
1.24
-0.72
-2.04
-3.46
-4.7
-3.26
-0.44
3.84
9.18
11.12
7.18
-2.24
-15.56
-29.96
-38.54
41.94
43.58
38.32
25.86
11.42
1.14
-1.46
-1.1
2.94
5.4
4.72
3.86
3.36
0.96
-1.32
-2.56
-4.08
-5.36
-4.06
-1.54
4
10.54
12.26
7.96
-1.02
-16.56
-33.3
-41.08
44.66
46.6
41.02
25.84
7.14
-6.04
-9.18
-9.02
-3.56
1.32
2.9
2.14
1.72
-0.2
-2.44
-3.12
-5.16
-5.3
-4.82
0.06
5.88
13.86
13.06
9.68
-2.18
-19.2
-35.94
-40.02
48.48
51.7
45.54
27.8
4.48
-15.92
-24.76
-27.28
-23.72
-18.54
-13.36
-12.04
-12.2
-10.88
-10.12
-9.28
-9.6
-7.56
-8.36
-0.98
7.16
16.42
17.46
18.56
7.86
-6.64
-18.74
-19.44
28.92
36.16
33.7
21.56
-1.32
-20.42
-33.36
-34.28
-32.9
-24.06
-17.28
-12.78
-13.76
-11.32
-10.36
-9.56
-8.6
-7.04
-3.86
4.94
16.02
23.06
26.5
24.16
13.5
0
-6.14
-4.92
5.32
11.02
12.78
7.54
-9.16
-25.2
-36.44
-36.2
-33.94
-23.18
-12.92
-5.4
-4.8
-1.52
0.12
1.52
2.9
4.72
9.44
17.52
23.2
22.66
20.44
12.06
-0.28
-6.58
-1.9
5.74
-5.86
1.84
8.72
12.38
5
-12.56
-28
-33.88
-34.7
-28.92
-16.9
-7.18
-3.62
-0.96
1.32
2.56
4.2
7.76
15.6
24.86
26.28
21.36
14.64
0.28
-14.46
-12.84
0.3
11.24
-19.06
-10.22
1.02
13.32
17.34
6.72
-10.9
-23.58
-30.56
-30.24
-21.82
-10.92
-4.16
-0.38
1.88
2.84
5.98
12.02
21.92
28.12
25.38
15.16
3.54
-14.58
-24.12
-13.72
4.86
17.12
-33.3
-25.04
-9.8
11.1
26.04
27.8
14.48
-2.8
-16.8
-22.3
-19.76
-10.62
-1.26
3.82
5.72
6.08
10.68
18.6
29.14
30.06
22.96
6.2
-12.52
-32.88
-34.94
-19.88
1.22
15.24
-45.36
-39.46
-21.36
3.56
30.02
43.02
36.86
14.92
-3.64
-18.78
-22.92
-17.7
-5.96
1.02
5.24
6.74
12.78
23.74
29.98
25.42
13.08
-7.18
-32.7
-46.72
-39.62
-18.72
2.38
18.24
-51.44
-47.36
-28.08
-1.18
30.24
53.2
53.96
31
6.48
-16.68
-28.78
-28.34
-17.1
-7.76
-0.98
2.86
11.76
24.1
26.52
18.8
4.66
-17.92
-43.58
-48.46
-33.64
-12.14
6.56
20.62
-55.76
-54.66
-38.22
-12.58
18.32
47.24
59.26
45.48
19.94
-7.46
-25.32
-30.64
-23.96
-13.02
-2.14
6.36
17.76
27.98
26.34
16.02
0.52
-22.48
-41.02
-35.66
-16.72
0.84
15.1
23.94
-47.48
-49.34
-42.66
-27.38
-3.96
21.24
36.62
36.12
21.06
-3.52
-22.26
-29.3
-27.44
-18.84
-4.04
10.6
23.22
28.74
25.9
14.66
-1.4
-19.86
-25.78
-15.66
1.62
13.78
21.86
22.66
-37.82
-42.2
-43.26
-39.88
-26.04
-7.68
9.4
18.48
18
1.62
-15.46
-25.64
-27.76
-23.26
-7.54
12.42
24.76
26.82
23.42
14.16
-2.12
-9.98
-3.8
9.24
20.08
27.46
26.94
19.6
-7.44
-14.9
-26.96
-36.28
-38.86
-32.36
-17.8
-0.94
7.2
3.56
-8.96
-20.98
-28.3
-25.16
-10.08
12.18
24.2
24.62
22.48
14.52
1.56
4.48
21.72
32.24
35.78
36.46
28.04
13.2
17.58
11.1
-8.6
-29.98
-46.02
-52.4
-45.24
-26.62
-7.58
1.96
-2.66
-14.62
-23.58
-23.26
-10.24
9.42
20.64
21.68
20.96
13.22
8.92
23.18
44.78
50.48
50.06
42.96
26.82
8.3
34.34
26.36
3.5
-24.62
-50.76
-66.34
-67.48
-53.96
-31.64
-8.44
-2.48
-10.68
-17.68
-16.78
-8.7
3.7
14.28
17.3
15.12
7.6
11.5
29.04
46.34
49.02
47.22
36.66
19.04
3.14
30.72
24.8
10.66
-8.48
-31.12
-47.78
-50.68
-45.32
-33.22
-12.82
-1.3
-6.44
-12.24
-9.36
-5.26
-1.48
5.48
10.92
6.16
2.74
12.28
28.2
36.8
40.2
37.24
25.68
10.82
1.6
27.74
23.36
14.72
4.6
-11.56
-26.06
-32.62
-31.5
-29.02
-14.94
-3.3
-0.86
-3.12
-0.56
-1.7
-4.92
-1.36
1.62
-3.38
-1.7
13.16
20.64
22.42
25.58
22.84
10.92
2.8
0.06
15.18
12.66
10.88
8.22
1.88
-8.26
-15.8
-19.4
-20.16
-14.42
-2.32
6.9
12.16
11.1
4.38
-4.66
-5.84
-8.76
-11.9
-3.7
9.88
7.84
4.06
7.3
4.84
-3.12
-3
0.48
6.66
3.3
5.08
9.88
12.6
9.52
4.14
-0.58
-7.74
-10.26
-2.6
11.2
19.78
17.74
7.72
-2.56
-10.5
-19.1
-19.42
-7.84
-1.04
-7.78
-11.04
-7.66
-9.6
-10.52
-4.38
1.2
2.02
-0.68
2.74
10.96
21.52
26.86
25.06
20.08
11.48
-0.04
-2.34
10.08
20.9
18.18
8.04
0.28
-12.6
-23.5
-21.1
-8.9
-8.6
-14.24
-16.76
-15.22
-16
-11.36
-3.46
2.04
4.98
2.16
2.56
7.54
16.66
25.32
27.44
24.66
18.64
9.7
2.62
7.56
16.4
14.96
6.94
0.74
-10.98
-20.74
-16.6
-10.86
-14.28
-17.84
-18.8
-19.78
-17.36
-9.66
-1.84
2.16
5.94
4.44
3.7
5.6
12.06
20.24
26.54
26.66
22.9
15.4
8.7
4.48
5.48
6.62
6.9
3.64
-4.56
-7.64
-6.12
-12.08
-21.4
-21.44
-22.1
-22.32
-14.94
-3.86
2.02
4.42
6.34
6.26
5.14
5.8
9.82
17.42
24.92
27.92
24.94
18.22
7.32
-5.48
-14.52
-12.08
-4.88
-0.32
0.68
6.2
3.96
-10.02
-20.76
-19.34
-19.1
-15.96
-4.72
5.66
8.28
7.92
4.04
5.78
5.28
4.84
6.78
12.26
18.92
21.1
17.04
8.8
-3.14
-19.94
-31.62
-26.48
-13.88
-5.1
3.24
15.82
13.02
-0.22
-7.32
-4.72
-7.34
-3.58
6.42
13.02
12.06
10.7
-2.62
1.38
3
2.82
1.82
2.64
6.16
8.96
6.88
3.16
-1.8
-13.52
-25.22
-23.84
-14.42
-9.58
-3.54
6.16
4.12
-4.92
-4.74
3.82
6.92
13.94
23.22
25.92
20.38
15.86