-104.25
-92
-69.375
-52.375
-49.125
-62.25
-83
-96
-94.375
-89.5
-86
-87
-89.25
-88.375
-74.25
-50.25
-27.625
-8.5
-0.5
-0.75
-3.75
-14.75
-34.375
-58.125
-81.25
-96.5
-102.75
-98.625
-94.375
-93.25
-91.125
-87.375
-67.75
-43.375
-89.75
-62.375
-37.625
-14.875
-15.125
-30.125
-51.25
-75.5
-94
-105.625
-111
-105.5
-91.5
-72.75
-45.25
-22.375
-8.125
1.375
1.625
-0.375
-3.5
-15.375
-37.5
-61.75
-82.5
-92.5
-89.125
-74.25
-60.25
-50.75
-45
-41.75
-32.375
-20.25
-37.375
-22.75
-11.75
-2.25
-2.625
-7.125
-15.875
-28.75
-43
-54
-59.125
-55.625
-45.375
-30.5
-14.75
-4.75
0.75
2
0.375
-0.625
-2.5
-9
-20.25
-30.375
-37.625
-39.125
-33.5
-25.125
-18
-12.875
-9.75
-7.875
-5.25
-2.5
-7.375
-5
-4
-3.125
-3.125
-3.125
-3.875
-6
-8.5
-10.875
-11.625
-11
-9.125
-6.375
-6.5
-7.875
-7.875
-7.75
-5.625
-4.125
-6.375
-10.25
-14.125
-15
-13.75
-11.75
-9.375
-8.25
-7.125
-5.875
-4.625
-2.875
-1.25
0.125
-1.75
-3
-5.125
-6.875
-8.375
-9.125
-9.25
-9.125
-8.75
-8.875
-8.75
-8.25
-9.125
-13.75
-25.625
-39.75
-50
-55.125
-53
-49.375
-49.75
-47.5
-40.875
-32.125
-22.25
-16.875
-16.125
-16.75
-16.75
-15.125
-12.375
-9.25
-6.125
-3.125
-1.125
-2.75
-6.625
-11.375
-16.5
-21.125
-24.25
-26.25
-27.625
-28.75
-29
-28.75
-29
-35.125
-52.375
-76.5
-101.625
-120.625
-128.25
-128.625
-124.25
-110.625
-87.625
-63.625
-43.25
-32.5
-31.75
-32.5
-32.625
-31.5
-28
-23.125
-16.5
-10
0.375
-0.625
-4.375
-10.125
-16.875
-24.25
-29.25
-32.375
-34.25
-34.25
-33.625
-33
-32.625
-36.75
-49.25
-68.75
-92
-112.125
-124
-127.875
-123.125
-109
-86.25
-62.75
-43.875
-33
-30.625
-30.5
-31.25
-32
-31.75
-28.5
-21.875
-14.25
0.75
0.5
-0.125
-2.75
-5.625
-9.375
-10.375
-8.875
-4.375
2.5
8
12
13
11
5.25
-2.75
-12
-20.5
-26.25
-28.5
-26.875
-21.375
-12.375
-3.25
4.125
8.5
8.625
5.625
0.25
-5.625
-11.125
-13.5
-11.875
-8.5
-0.375
0.375
2.625
4.25
5.75
7.875
13
21.5
35.625
51.375
64.25
73.875
77.875
77.875
76
74
72.375
71.375
70.375
69.75
69.75
70.375
71.75
73.25
74.375
73.125
67.5
56.75
41.875
26.5
14.75
6.875
4.125
3
-0.875
0.25
3.125
6.75
10.125
14
18.875
27.125
41
57.75
74.125
87
94.25
96.625
96.75
96.125
96.125
96.625
97
97.625
98.125
98.5
99.125
99.75
99.875
96.375
87.375
72.5
53.5
35.625
23.125
15.75
12.375
9.125
-1.25
-0.25
2.375
6
9.5
11.375
10.25
10.25
13
20.625
33
44.25
52.875
58
59.625
59.75
59.625
59.25
59.875
61.25
62.625
63.875
64.75
65.125
63.875
59.5
50.25
37.625
25.5
17.25
13.375
13.125
11.875
8
-1.125
-0.375
1.5
4.375
7
7.625
3.25
-3.375
-10.625
-13.75
-9.75
-2.5
6.25
13.75
18
19.375
19.125
18.125
17.75
18.375
19.375
20.5
21.125
20.375
17.125
10.625
1.625
-6
-8.25
-4.375
2.125
7.75
8.25
5.25
-0.5
-0.375
0.375
2.625
5
6.5
3.5
-4.125
-14.625
-23.875
-27
-23.25
-14.875
-6
1
3.875
3.75
3.125
2
1.625
2
2.625
2.75
0.375
-5.75
-15.125
-23.5
-26.375
-21.5
-11.125
-0.25
5.875
5.875
3.875
0
-0.25
-0.125
1.25
3.625
6.25
5.625
0.125
-9.5
-20.75
-28
-27.5
-20.75
-12.125
-4.5
-0.125
0.875
1.375
1.5
1
0.75
0.625
-0.875
-5.75
-14.75
-24.625
-30.625
-28.625
-19
-7.375
2.375
5.875
4.375
2.125
0
0
0
0.375
2.5
5.125
6.25
3.75
-4
-14.375
-23.375
-26.5
-22.5
-15.375
-8.75
-3.625
-1.125
0.375
1.875
2.125
1.5
0
-4
-11.5
-21.625
-29.75
-31.75
-25.125
-12.875
-1.75
4.75
5.5
2.75
-0.25
-0.5
-0.125
-0.375
-0.375
1
2.75
4.75
4.875
-0.25
-8.5
-18
-24.75
-24.375
-18.875
-12.25
-6.125
-2.625
-1.375
-0.625
-0.625
-0.875
-3.125
-8.75
-17.25
-26.75
-32.125
-29.75
-19.875
-7.125
2.25
5.75
4.875
1.75
-0.5
-0.875
-0.375
-0.875
-0.625
-0.375
0.5
2.875
4.5
2.25
-4.25
-14
-23.5
-27.125
-23.75
-16.375
-8.375
-3.125
-1.5
-1.875
-3
-3.875
-7.375
-14.625
-23.25
-30.5
-31.25
-23.625
-11.625
-0.375
5.5
5.875
3.75
1.625
1.25
-0.625
-0.125
0.125
0.5
0.25
0.5
2.5
4.5
4.5
0.125
-8.75
-19.25
-26.625
-27
-20.875
-12.25
-4.75
-0.75
-0.25
-1
-3.5
-10.25
-19.75
-28.625
-32.125
-26.375
-13.5
-0.25
8.625
11.25
9.25
6.625
5.75
6.25
5.375
5.75
7.125
7.5
7.75
8.25
9.5
11.25
12.375
9.875
1.625
-9.875
-21.5
-27.5
-25
-17.875
-9.25
-2.875
-0.625
-0.5
-4.5
-13.375
-22.875
-29.75
-27.5
-15.5
1.375
17.125
26.625
30.25
30
28.875
28.75
29.5
25.5
25.875
27.5
29.375
30.75
32.375
33.625
35
35.5
31.75
21.375
5.625
-11.5
-24
-27.125
-22.75
-14.625
-7
-3.25
-3.875
-9.75
-18.25
-25.5
-26.25
-16.5
2
24.125
43.5
56.625
63.625
66.375
67.625
68.5
69.5
54.875
55.25
56.25
59.125
60.875
62.875
64
64.625
63.375
56.5
43.5
23.875
2
-15.75
-25.375
-25.125
-18.5
-10.75
-5.875
-7.625
-15.125
-22.75
-26.75
-20.25
-3.25
20.875
45.375
62.875
73.25
77.375
78.375
79.25
80
80.125
66.375
65.625
64.75
64.5
64.875
65.625
65.875
65.375
63.5
58.625
49
33.25
13
-6.875
-21
-25.5
-21.5
-14.75
-10.25
-12.375
-19.75
-25.75
-25
-12.375
9.125
32.25
49.875
56.875
55.875
52
48.75
47.375
47.125
46.625
46.375
44.25
41
36.875
35.25
34.25
34.25
34.375
35.375
37.75
37.625
32
19.125
1.25
-14.875
-24.125
-24.25
-19.875
-17.375
-19.625
-25.125
-27.75
-20.625
-3.5
17.75
34.25
40.375
36.625
27.625
19.75
15.375
13.375
12.875
12.75
18.875
17.25
13.625
9
6.75
5.25
6
8.125
12.5
19.125
25.875
28.875
23.125
9.75
-7
-21
-26.5
-26.5
-26.375
-27.875
-29.875
-26.25
-12.25
6.875
24.5
33.25
30.125
21.5
12.125
5.375
2.75
1.25
0.625
0.5
2.75
1.875
0.375
-1.875
-2.25
-2.5
-1.5
0.75
4.625
10.875
19.125
25.875
26.125
17.25
1.125
-15.625
-27.875
-34
-35.75
-35.75
-31.625
-19.5
-1
18.25
30.875
31.875
23.5
13.25
5.5
1.25
0.25
-0.625
-1.125
-0.875
-1.625
-2.875
-2.25
-1.125
0.375
1.25
0.875
0.875
2
6.5
14
22
27
22.875
9.5
-8.125
-26.75
-40
-44.625
-42.125
-30.5
-10.75
10.125
26.625
32.875
28.125
17.875
8.25
2.875
0.875
0.75
0.625
0.25
0.125
6.25
5.625
5.875
7
6.625
6.125
4.125
2
1.25
3.5
9.25
18.125
25.75
26.625
18.125
0.625
-21.75
-40.875
-49.5
-44.5
-26.625
-1.875
19.5
30.625
30
21.75
12.5
5.875
3.375
2.625
1.875
1.75
1.25
-0.125
16.375
16.25
14.125
11.875
7.5
3.5
0.5
-1.875
-2.125
-0.625
4.375
13
21.25
26.125
22.625
8.5
-12.5
-32.125
-41.875
-36
-15.5
8.25
25.625
30.25
23
12.625
5.375
1.875
1.125
0.375
-2.25
-3.5
-3.75
-4.25
8
7.375
5.5
3.25
-2.125
-8
-13
-14.125
-12.25
-9.375
-4.5
1.5
9
15.875
17.875
11.25
-1.875
-15
-21.25
-14.375
1.875
17.625
25.625
21.5
9.75
-1.25
-7.75
-10
-10.75
-12.75
-15.625
-16.875
-15.75
-12.25
-17.125
-16.5
-11.875
-9.5
-11
-14.5
-20.5
-21.75
-21.25
-20.375
-19.5
-17
-9.625
-1
6.875
9.5
6.875
4.25
5.25
12.375
20.625
26.25
22
9.5
-4.125
-16.125
-22.375
-24.25
-24.875
-25.375
-25.5
-24.5
-22.25
-16.625
-21.875
-17.75
-9.375
-6.25
-5.875
-8.25
-12.125
-15.125
-17.5
-19.375
-22.375
-21.25
-15
-5.5
5.125
14.125
20
25.25
31.5
36.875
40
37.5
26
10.625
-3.125
-14.375
-18.5
-18.125
-16
-11.25
-8.125
-6.625
-6.75
-6.75
-0.25
5.25
6.25
2.375
-0.875
-4.5
-4.875
-5
-3.375
-1.75
-2
-1.5
0.25
7.375
18.625
31.375
42.125
49.5
54.625
56.75
56.375
49.125
36.875
25
15.875
11
11
12.125
12.625
14.375
14.875
13.5
10.75
6.75
19.5
19
10
0.5
-4.625
-4.25
0.625
6.125
13
17.875
21.25
21.25
19.5
23
32.625
44.625
55.25
61.125
62
61
56.375
47.875
37.875
32.125
30.75
32.875
35.375
33.625
27.5
20.375
15.875
13.375
12.25
11.5
29
20
8.25
0.75
-0.5
5.75
13.625
18.5
22
24.125
27
28.25
27.25
25.75
24.75
24.75
26.25
26.25
23.625
20.375
14.625
10.375
10.75
15.25
21.875
28
29.75
26.875
20.875
14.375
10.75
9.5
9.875
9.625
-20.5
-42
-43.625
-17.875
16.125
37.5
37.5
31.5
23.375
11.75
1.25
-11
-23
-15.625
17.75
47.75
45.125
20.75
3.5
-0.75
-3.25
-13.25
-27.625
-30.875
-20.75
-12.5
-14.25
-26.125
-27.375
-3.5
8.625
-11.375
-40.25
-43.375
-18.5
-30.625
-20.125
-1.375
6.375
16.625
25.5
27.75
23
12.375
1.5
-11.5
-23.5
-11
34.75
73.125
63.625
26.875
4.125
-0.875
-5.5
-23.625
-48.75
-52.75
-32.5
-15.75
-13.375
-20.75
-22.5
-6.25
5.5
-4.5
-20.625
-19.75
-6.125
-5.25
2.5
5.5
-0.625
-0.625
7.125
14.25
15.25
10.25
1.625
-8.625
-12.875
5.75
53.25
90.25
71.75
26.75
3.625
-1.625
-9.5
-34.75
-69.75
-74.125
-42.875
-16.375
-9.5
-10.375
-8.25
-1.625
1
-2.375
-4.75
-3
4.875
11
12
6.375
-2.375
-6.375
-2.625
2.5
3.75
2.625
0.625
-1.75
-0.625
16.625
60.75
94.375
73.375
29.5
6.375
-1.625
-13.625
-44
-82.375
-83.5
-43.5
-12.5
-4.625
-2.25
-0.125
1.125
0.875
0.125
0
0.125
7.5
12
11.125
4.875
-3.375
-7.125
-4.25
-0.875
0
0.375
0.75
0.25
1.375
16.5
53.125
79.25
63
29.125
9
-0.875
-14.5
-42
-73.625
-72.875
-37.75
-11.125
-4.375
-1.5
1.5
3.375
3.875
3.5
3.125
2.625
6.875
11
7.875
-0.375
-7.25
-9.375
-6.25
-2.5
-0.625
0.25
0.5
0.5
2
12.625
37.375
55.5
46.125
24.375
9.25
-0.875
-13.25
-32.875
-53.875
-52.375
-27.25
-9.25
-5
-2
1.625
4.25
6.25
8.375
9.5
8
6.375
9.625
4.125
-6.125
-12.125
-12.5
-8.75
-3.625
0
1.5
1.375
1
1.375
6.5
20
31.25
29
18.375
8
-0.125
-9.375
-22
-33
-31.25
-17.375
-7.75
-5.375
-2.25
1.25
4.25
8
12
15.125
14.5
6.5
9
1.875
-10.25
-16.625
-15.875
-9.375
-0.625
5.125
7.25
5.75
3
1.75
2.75
6.5
10.25
10.5
7.75
4
-0.25
-4.625
-8.375
-11.375
-11.75
-8.875
-7
-7.375
-7.125
-5.25
-0.875
6.375
14
20.125
20.5
7.125
9.125
1.625
-11.25
-19
-17.875
-7
7.25
15.875
18.625
14.75
7.625
2.625
0.125
0.25
1.75
2.375
1.875
0.625
-1
-1.75
-1.625
-1.75
-2.5
-3.625
-6.875
-12.75
-17
-17.625
-12.75
-0.75
12.875
23.125
24
7.375
9.5
4.125
-7.5
-17.375
-18
-4.625
15.125
28.5
33.5
27.875
15.5
4.75
-1.125
-1.75
-0.125
0.875
0.875
0.25
-0.375
-0.375
-0.25
-0.125
-0.5
-2.875
-9.875
-21.375
-31
-33.5
-25.125
-7.125
10.5
22.125
22.375
8
10.5
7.375
-2.5
-14.5
-17.625
-3.5
19.5
37.75
46.625
41.5
25.75
9.375
-0.25
-1.625
0
0.625
0.5
0.625
0.75
0.375
-0.125
0.25
0.125
-3.875
-15.25
-33
-46.875
-47.75
-33.5
-9.875
9.875
20.125
18
8.375
11.375
9.75
1.875
-10.5
-16.875
-6.5
16.125
38.625
52.75
51.75
36.75
17
3.5
0.25
0.375
-0.625
-0.375
1.25
2.125
1.375
0.25
0.875
0.125
-7.125
-23.625
-45.125
-57.75
-53.5
-33.625
-7.125
11.25
17.5
12.5
8.5
12.125
11.375
5.125
-6.75
-16
-12
6.125
30.875
50.625
56
46
26.875
10.5
3.5
0.875
-1.75
-1.625
1.5
3.375
2.25
0.875
1.25
-1.875
-14.25
-34.375
-54
-60.875
-49.5
-24.625
1
13.875
13.875
6.875
8.5
12.5
12.125
7
-3.625
-13.75
-15.125
-4.125
18.25
41.75
54.5
52.25
37.5
19.625
7.75
1.875
-1.625
-1.625
1.5
3.25
2
0.875
0.375
-7
-24.5
-45.125
-59.125
-56.875
-37.75
-11.625
8.875
14.625
9.625
2.875
8
12.5
12.75
8.125
-1
-10.375
-15.5
-11.5
6
30.375
49.125
54.75
46.75
30.125
13.25
2.875
-1.125
-0.375
2.125
2.375
1.25
0.75
-2.5
-15.5
-36.625
-54.5
-59.5
-47.375
-23.125
0.5
13.5
13
5.5
0
7.5
12.375
13.125
8.375
0.5
-7
-13.5
-14.875
-3.5
18.25
40
52.75
52.875
40.375
20.75
5.875
0.375
0.625
2.125
1.375
0.375
-0.125
-7.5
-26.5
-48.5
-59.375
-54
-34.375
-8.625
9.25
14
9.625
2.5
-1.25
7.375
12.375
13.375
8.375
1.375
-4.75
-10.875
-14.5
-9.5
6.5
29
47.25
54.625
48.5
29.875
11.625
3.125
1.75
2.125
0.5
-1.125
-3.875
-16.375
-38.25
-56.25
-58
-43.125
-19.625
2.625
13.25
11.625
5.75
1.125
-1
7.875
12.875
13.625
8.25
1.5
-3.75
-8.5
-12
-11.5
-2.375
17
37.75
51.625
53.5
39.875
20.25
7
2.5
2
0
-3
-10.5
-28.25
-48.625
-58.125
-49.875
-28.75
-5.5
10.875
14
8
2.875
1
-0.25
8.625
13.5
13.875
8.75
2
-3.25
-6.5
-9
-11.625
-9.125
4.125
23.875
43.25
54
48.5
31.125
13.5
4.125
1.625
-1
-6.5
-19.625
-40.125
-54.75
-53
-35.25
-10.625
9.875
18.625
14
5.25
1.875
2
1
9
14.875
15.25
10.375
3.25
-2.875
-5.125
-6.25
-11
-15.75
-10.875
5.625
28.75
48.25
52.875
41.5
22.625
8.5
2.25
-3.125
-13
-31
-50.25
-54.5
-39.5
-13.5
11.875
25.75
24.875
14.375
4.375
1.875
3.25
2.25
8.875
16
16.75
11.875
4.375
-1.875
-4
-5.625
-11.875
-22
-26.25
-15.625
9
36.25
51.875
49.125
32.75
15.5
3.625
-6.875
-21.625
-41.75
-55
-46.5
-19.25
11.875
33.125
37.375
28
14.125
4.375
2.25
3.25
2.125
8.625
14.875
16
12.75
5.875
-1.125
-3.875
-5.625
-12.75
-26.375
-37.75
-35.25
-13.25
19.375
45.25
53
42.25
23.5
5.25
-12.625
-32
-49.25
-52.25
-30.875
5.625
35.75
48.125
42.625
27.125
12.75
4.75
2.875
3.375
2.375
7.625
13
14
11.375
6
-0.25
-3.5
-5.375
-11.875
-27
-43.875
-49
-33.375
-0.75
32.875
51.375
49.25
31.875
6.625
-19.875
-41.625
-52
-42.125
-9.5
29.75
53.75
55.375
39.875
20.875
9.25
4.375
2.625
2.375
2
7.625
9.75
10.125
8.5
5
0.5
-2.75
-4.625
-9.75
-23.125
-41.875
-54.125
-47.875
-21
15.75
44
51.75
37.75
7.125
-25.875
-46.875
-47.75
-25
14.125
49.25
61.75
50.875
29.5
12.375
4.875
3
2
1.375
1.75
7
6.375
6.875
6.875
4.75
1
-2.5
-3.25
-5.625
-15.625
-33.375
-51.125
-55.375
-38
-4.125
30.375
47.875
38.75
7
-28.25
-45.625
-35.5
-3
36
60.875
59.625
39.5
17.75
6
2.5
1.75
1.125
1.125
2.625
5.625
4.875
6.25
6.875
4.625
0.75
-2.625
-2.375
-2.25
-8.75
-24
-43.25
-55.5
-50.125
-24.25
11.375
36
33
5.125
-24.625
-34.25
-16
20.625
52.875
63.125
50.875
27.625
8.75
2.625
2.125
1.25
0.375
0.5
2.125
5.25
4.375
5.875
6.5
3.875
-0.125
-3.375
-3
-1.5
-4.25
-15
-32.875
-50.25
-56.375
-41.875
-10.125
16.75
19.375
2.5
-14.25
-14.125
9.375
42.25
61.375
58
39
17.5
3.875
0.875
1.125
0.125
-0.25
0.75
1.875
3.375
4
5.625
5.125
1.25
-3.5
-5.75
-3.875
-0.625
-0.375
-7.125
-22.5
-42.5
-56.875
-53.375
-30.5
-6.25
2.375
0.125
0
11.25
35
56.875
61.25
47
26.375
11.125
2.625
-0.125
-0.625
-1.5
-1
1.25
2.25
0.75
4.125
7.5
4
-4.625
-9.75
-8.25
-3.625
1.25
2.625
-2
-14.25
-33.25
-52.125
-57.625
-45
-27.125
-13.5
-0.75
15.625
35.125
54.125
62.875
53
32
15.75
8.5
2.5
-2.25
-3.5
-3.125
-0.625
3.25
5
0.375
6.25
11.625
5.5
-10.5
-17.25
-10.5
-2.75
0.75
1.125
-0.25
-7
-22.625
-43.25
-55.375
-51.25
-39.375
-22.75
2.25
29.375
50.875
63.75
59.75
37.75
15.375
6.625
6.875
3.5
-2.625
-4.125
-3
-0.5
4.5
8.875
2.125
9.5
16.125
6
-17.375
-25
-12.625
-1.375
1
0.875
1.125
-3.5
-15.5
-32.75
-46.375
-49.375
-43.25
-24.25
7.5
38.625
58.5
63.75
49.25
20.375
0.625
0.625
7
5.125
-1.25
-2
-1.125
-1.625
2.5
10.5
7.25
11.5
16.5
4.375
-21.625
-28
-12.875
0.25
3.875
2.75
-0.25
-5
-10.5
-20.375
-32.625
-39.625
-38.625
-21.5
12.375
43.5
57.875
55.875
34.625
4.75
-6.625
0
5.75
3.125
-2.375
-2.625
-1.625
-2
2.25
11.5
12.25
9.5
9
-1
-21.375
-24.75
-9.625
1.875
5
5.125
0.5
-6.25
-9.25
-12.5
-19.375
-28.375
-32.75
-17.625
15.25
43.5
53.625
46.375
21.625
-4.875
-8
1.625
4.875
1.125
-4.5
-4.375
-1.625
-1.625
0.75
8.5
12.25
1.75
-2.75
-8
-18.25
-17.5
-6.125
2
7
9.875
3
-7.75
-11.25
-11.25
-16
-25.75
-30.25
-15.75
13.875
39.125
49.125
42.625
20
-1.25
-1.875
4.75
4
-1.625
-7.875
-8.125
-4
-2.25
-0.375
5.125
-81.9444
-65.0556
-55.7222
-50.8889
-56.7778
-71.3333
-89.7222
-105.556
-114.778
-117.167
-113.167
-103.278
-85.1111
-64.2778
-44
-26.4444
-12.3333
-2.88889
-3.16667
-12.7778
-29.5
-48.1667
-66.6667
-83.7222
-96.6667
-97.9444
-92.4444
-87.1667
-81.1667
-71.2222
-56.4444
-46.2222
-47.7778
-33.5556
-25.1111
-20.9444
-27.5556
-40.2778
-54.6667
-68.6111
-78.1667
-81.3889
-77.7222
-68.0556
-53.8333
-39.2222
-25.5556
-14.5556
-7.11111
-3.61111
-5.61111
-12.6111
-24.4444
-37.2222
-49.5
-59.9444
-66.3889
-63.8889
-56.5556
-49.6667
-43.3889
-34.9444
-25.4444
-20.2778
-19.8889
-14.0556
-11
-9.55556
-13.3889
-19.3889
-26.3889
-33.5
-38.8333
-40.6111
-39.3333
-35.7778
-32.9444
-31.7778
-30.6111
-30.8333
-32.3333
-35.1111
-37.1667
-37.6111
-39.1111
-40.1667
-40.7778
-40.1111
-37.2222
-32.7222
-27.8333
-24.0556
-20.1111
-15.2222
-10.7222
-7.55556
-7.33333
-8.77778
-11
-13.3333
-16.6111
-19.7778
-22.0556
-23.9444
-25.1667
-25.9444
-26.2222
-28.8333
-37.8333
-49.6667
-60.8333
-71.6667
-82.1667
-90.1111
-91.4444
-85.9444
-77
-67.1111
-57.2222
-47.3333
-37.4444
-31.1111
-28.9444
-27.7222
-25.5
-21.9444
-17.4444
-12.7222
-5.38889
-9.55556
-14.1111
-19.1111
-24.3889
-28.9444
-31.2778
-32.6667
-33.5556
-33.4444
-33.3333
-37.7222
-50.9444
-69.2222
-88.3889
-107.833
-126.778
-140.833
-143.944
-135.056
-118.056
-99.3333
-80.7222
-62.7222
-47.3333
-38.8333
-37.5
-37.2222
-35.7222
-32.3889
-27.0556
-20.8333
-3.44444
-7.61111
-12.3333
-18.1111
-23.3889
-27.4444
-28.6111
-27.8889
-26.1111
-23.4444
-21.5
-24.0556
-34.8333
-50.9444
-69.3889
-88.5
-107.278
-121.167
-124.833
-117.278
-100.944
-82.3889
-63.7222
-46.1111
-32.0556
-25.2222
-26.0556
-28.4444
-30.0556
-29.8333
-26.9444
-22.2222
-0.888889
-2.72222
-5.11111
-8.38889
-9.33333
-8.55556
-4.61111
1.83333
9.77778
18.2222
24.1667
26.1667
21.6111
12.2222
0.111111
-12.8333
-25.4444
-34.8889
-37.8889
-33.6667
-23.2778
-11.0556
1.5
12.4444
19.2778
19.8333
13.8333
5.83333
-2.27778
-8.66667
-11.5556
-11.7222
1.38889
2.44444
3
3.66667
7.44444
13.5
22.8889
35.3889
50.1111
64.3889
75.4444
82.5556
84.3333
82.1667
77.6111
72.5556
67.7778
64.6111
63.6667
65.0556
68.7222
73.4444
78.1111
80.5
78.6111
71.3333
59.1111
44.4444
29.8333
17.0556
8.33333
3
2.05556
5.11111
7.83333
10.8333
15.8333
23.1111
32.8889
45.7778
61.3889
77.1667
90.7222
101
107.111
109.278
108.944
107.833
107.333
107.389
107.667
108.333
109.611
111.056
111.667
109
101.889
90.3333
75.1667
58.6667
42.6667
29.2222
19.5556
12.6111
1.5
5.05556
8.44444
11.2778
13.3333
16.4444
20.4444
26.8333
36.3889
47.6667
60
70.8889
79.3889
84.1111
85.5556
85.8889
86.3889
86.9444
87.3333
88.2222
89.6111
90.5
89.0556
84.2222
75.7222
64.1667
51.3333
39.2778
29.2778
22
16.7222
12.9444
0.777778
3.77778
6.88889
8.88889
7.83333
5.94444
2.88889
0.722222
1.27778
5.27778
13.1111
22.2778
31.6111
38.3889
41.7778
42.9444
43.5556
43.7222
43.6111
44.2222
45.3889
45.1667
41.8333
35.2778
26.7222
17.9444
10.7222
6.77778
5.88889
7.22222
8.5
9.22222
0.333333
2.33333
5.05556
7.05556
5.27778
0.722222
-6.33333
-14
-20.1667
-22.4444
-19
-12.1111
-3.33333
4.72222
10.2222
12.9444
13.4444
13.3333
13.1111
13.5
13.4444
10.8889
4.83333
-3.33333
-11.3889
-17.3333
-19.1667
-16.3889
-9.77778
-2.38889
2.94444
6.11111
0.166667
1.22222
3.38889
5.83333
5.33333
1.27778
-6
-14.9444
-23.9444
-29.8333
-30
-25.7222
-18.6111
-10.3333
-3.05556
1.27778
2.33333
2.27778
2.44444
2.33333
0.388889
-4.94444
-13.2222
-22
-29.2222
-32.3333
-30.0556
-23.1111
-13.1111
-3.88889
2.38889
5
0
0.444444
2.05556
4.55556
5.61111
3.33333
-2.5
-10.5
-19.8889
-27.5556
-30.5
-28.7778
-23.6667
-16.2222
-8.33333
-2.44444
-0.333333
-0.0555556
0.444444
-0.166667
-4.05556
-11.7222
-21.2778
-29.5
-34.7778
-35.0556
-29.5556
-20.2778
-9.66667
-1.05556
3.83333
4.61111
-0.555556
-0.222222
0.666667
2.61111
4.5
4.22222
0.333333
-6.33333
-15
-23.3889
-28.8333
-29.8889
-26.6667
-20.2778
-12.6111
-5.77778
-2.16667
-1.38889
-1.22222
-3.33333
-9.16667
-18
-27.2778
-33.6111
-36.1111
-33.1111
-24.8333
-14.3889
-4.55556
2.33333
5.33333
4.61111
-0.555556
-0.222222
0.222222
1.5
3.5
4.55556
2.61111
-2.66667
-10.5
-19.2222
-26.7778
-30.5
-29.2222
-24.0556
-16.8333
-9.38889
-4.16667
-2.27778
-2.94444
-7.22222
-14.8333
-24
-31.6667
-35.4444
-34.2222
-27.4444
-16.7778
-5.88889
2.66667
7.66667
8.72222
7.16667
3.27778
3.88889
4.44444
5.27778
7.16667
9.05556
8.72222
4.66667
-2.61111
-11.8889
-21.6667
-28.6111
-30.2778
-27.2778
-21
-13.3333
-6.55556
-2.94444
-4.27778
-10.7222
-19.6667
-28
-32.8889
-33.0556
-27
-15.2778
-1.38889
10.7222
19.1111
23.3333
23.7222
22.3333
17.8889
18.8889
20.0556
21.2778
23.1667
25.4444
26
22.5
14.5556
3.22222
-9.88889
-21.4444
-28.1667
-29.1667
-25
-17.8889
-10.2778
-5.44444
-7.05556
-14.3889
-23.2778
-29.6111
-30.4444
-25.1667
-12.6667
5.05556
23.3889
38.3889
48.1111
52.8889
53.8333
53.3889
45.1111
46.4444
48
49.9444
51.8889
54.0556
54.3889
50.2778
40.6111
25.9444
8.33333
-8.94444
-22.0556
-28.4444
-27.7778
-22.3889
-15.2222
-10.3889
-12.0556
-18.7222
-26.0556
-28.6111
-24.1667
-12.0556
7.22222
29.9444
51.6667
68.5556
79.1111
84
85.3333
85.7222
71.7222
72.6111
73.6667
75.3333
76.6667
78.1667
78
73.6111
63.3889
47
26.7222
5.33333
-13
-24.6111
-28.2778
-25.8333
-20.6111
-17.2778
-18.8889
-23.7778
-28.1111
-26
-16.0556
2.05556
25.3889
48.9444
69.3889
83.5556
91
93.2222
93.2222
93.5556
79.3889
78.7222
78.2222
78.0556
78.1111
78.4444
78.5
76
68.6667
55.2778
36.8333
16
-3.94444
-19
-26.7222
-28.2222
-26.3333
-25.1667
-26.4444
-28.6667
-28.7222
-21.8333
-7.38889
13.1667
35.3889
54.3889
67.5556
73.8333
74.5
71.8333
69.3333
68.5556
60.7222
58.6111
56.5556
53.9444
52.8889
52.8333
54.3889
55.9444
54.8889
49.1111
37.5
21.5
3.77778
-12.5
-23.7778
-30
-32.6111
-33.9444
-34.5
-32.9444
-27.6111
-16.3333
0.666667
20.0556
37.2222
48.4444
52.2778
49.7778
43.8333
37.7222
34.1667
33
31.1667
28.4444
26.1111
23.1667
22.2222
22.4444
25.6111
30.6667
35.5
37.5556
33.8333
24.2222
9.88889
-5.94444
-20.2222
-31.6111
-39.2778
-43
-41.9444
-35.6667
-24.2222
-8.94444
8.72222
25.0556
35.9444
39.6111
35.7778
27.6667
19
12.2778
9.33333
8.27778
9.44444
7.77778
6.38889
4.55556
4.33333
5.16667
8.16667
13.9444
21.3889
28.2222
30.6667
26.3333
15.7222
0.888889
-16
-32.5556
-45.1667
-50.7222
-47.7778
-36.4444
-19.3333
-0.277778
17.0556
29.6667
35.1667
33
25.2222
15.4444
7.44444
2.77778
1.5
1.05556
4.11111
3.27778
2.72222
2.27778
2.05556
2.22222
3.55556
7.61111
14.5
22.6111
28.5
28.5
21.2778
8
-10.8333
-31.3333
-47.6111
-54.5
-49.5556
-34.3889
-13.1111
8.16667
24
33
34.0556
28.1111
18.7778
9.83333
4.16667
1.5
0.722222
0
10.1111
9.22222
7.5
6.16667
4.22222
2.61111
1.66667
3.44444
8.88889
17.0556
24.7222
28.3333
25.2222
14.2222
-4.38889
-26.1111
-43.5556
-50.5
-44.5
-27.7222
-5.38889
15.1111
28.2222
32.8333
30
21.6667
12.2222
5.11111
1.55556
0.388889
-0.5
-1.61111
12.4444
10.3889
6.61111
4
0.333333
-3
-5.38889
-4.83333
-0.166667
7.44444
16.1111
22.4444
23.3889
16.3889
1.38889
-16.6667
-31.2222
-36.5
-30.4444
-15.1667
3.77778
19.0556
26.5
26.2222
19.7778
9.83333
0.722222
-4.72222
-6.83333
-7.83333
-9.05556
-9.38889
4
2.33333
-1.61111
-4.55556
-8
-11.4444
-15.6111
-16.6111
-13.3333
-6.88889
1.22222
8.83333
13.8333
12.7778
5.66667
-3.88889
-11.3333
-12.6111
-7.05556
4.11111
15.5556
21.7778
21.3333
14.7222
4.61111
-6.5
-14.5
-17.7778
-18.7222
-19
-19.2778
-17.4444
-8.38889
-8.22222
-10.2222
-12.1111
-14
-17.1667
-22.3333
-24.1667
-22.5
-18.2778
-11.7222
-3.77778
4.33333
9.22222
11.1111
12
13.2778
16.4444
21
26.9444
29.5
26.1667
17.8889
6.38889
-5.72222
-16.7222
-22.4444
-23.0556
-22.4444
-22.1111
-21.5556
-18.3333
-12.3333
-10.2778
-9.88889
-11.7222
-12.7222
-15
-18.6667
-20.3333
-20.3889
-18.2222
-13.7222
-5.72222
3.94444
13.8333
23.4444
33.0556
41.6111
47.7222
51.3333
51.7222
46.8333
37.1667
25.0556
11.6111
-0.555556
-9.38889
-12.2778
-11.3889
-10.9444
-10.3333
-9.94444
-8
-0.388889
0
-0.944444
-3.94444
-5.83333
-7.16667
-5.55556
-3.38889
-2.11111
-0.944444
2.5
10.1111
19.2222
29.1667
40.7778
53.3889
63.9444
69.8889
70.8333
67.2222
58.5556
48
37.4444
27
18.3889
13.4444
12.4444
12.3889
11.4444
10.2222
8.61111
7.22222
12.5556
9.61111
6.83333
3.11111
1.22222
2.88889
9.38889
14.4444
16.7222
17.6667
20.2778
25.3333
30.3333
36.6667
44.6667
53.3333
59.8333
62.1667
60.7222
55.3889
48.1111
42.5
38.6111
35.1111
32.2778
31.6111
30.7222
27.3889
23.1111
19.9444
16.8333
13.3333
-29.2778
-26.5
-11.6111
10.5556
27.2222
32.3333
29.8333
21.7778
12.2222
0.611111
-10.0556
-10.1667
11.1111
47.2778
72.8889
67.8889
40.5556
14
-1.94444
-16.7778
-38.1667
-57.6111
-60.4444
-45.2778
-27.6667
-21.5
-21.5556
-18.2778
-7.27778
-4.22222
-15.1111
-29.1111
-17.5556
-11.2222
-2.55556
6.5
14.6667
20.8333
24.2222
20.7222
12.3889
0.833333
-10.1667
-9.05556
16.6111
59.3333
89.7778
84.1111
51.7778
18.9444
-2.5
-23.3889
-51.5556
-75.1111
-76.7222
-55.6111
-31.6111
-20.4444
-18.3333
-15.7778
-6.61111
-2.5
-5.77778
-12.9444
0.666667
4.61111
2.88889
0.444444
0.0555556
5.05556
10.8333
12.7222
8.94444
1.27778
-5.55556
-0.888889
26.0556
65.8889
92.7222
84.6111
52.2222
19.4444
-3.16667
-26.6111
-58
-83.3889
-84.6667
-60.5556
-32.8889
-15.9444
-10.0556
-5.61111
-0.666667
1.88889
1.27778
0
11.8889
9.88889
2.55556
-5.55556
-8.72222
-6.22222
-1.61111
1.61111
1.94444
0.722222
0.222222
7.94444
31.1667
62.4444
82.0556
72.6667
44.8333
16.6667
-3.22222
-25.2778
-54.3333
-77
-77.1111
-53.6667
-27.1111
-10
-3.5
0.388889
3.61111
5.94444
7.22222
7.72222
12.0556
7.44444
-1.44444
-10
-12.8333
-10.2778
-5.16667
-1.11111
1
1.33333
1.88889
8.27778
26.1667
49.8889
64.2778
56.9444
35.7778
13.9444
-2.5
-21.1667
-44.6111
-62.1111
-61.5
-42.7222
-21.7778
-8.16667
-2.61111
1.22222
4.72222
8.5
11.6111
13.7222
10.5556
4.83333
-5.22222
-13.7778
-15.2778
-10.3333
-2.27778
3.44444
6.22222
5.33333
4.27778
6.94444
18.2778
34.1667
44.7222
40.8333
27.0556
11.1667
-2.05556
-16.7222
-33.5
-45.0556
-44.1667
-31.2222
-17.9444
-9.88889
-7.05556
-3.77778
1.05556
7.72222
14.2778
18.6667
9.44444
2.94444
-8.11111
-16.6111
-16.2222
-7.77778
4.5
12.9444
16.4444
13.5556
8.94444
6.16667
9.83333
18.3333
25.7778
25.7222
18.7778
8.66667
-1.11111
-11.2222
-21.6111
-27.9444
-27.2778
-21
-16.1667
-15.3889
-16.3889
-14.2778
-7.5
3.33333
14.7778
22.1667
9.16667
2.44444
-9.55556
-18.5556
-17.6667
-6.5
10.4444
23.3889
29.2222
25.0556
16.7778
8.33333
4.88889
5.83333
8.61111
9.55556
7.88889
4.16667
-0.111111
-4.27778
-7.94444
-10.1111
-11
-12.2778
-16.6111
-23.5556
-29.2222
-28
-18.2778
-1.83333
14.8889
24.7778
10.0556
3.44444
-9.05556
-19.1667
-18.9444
-6.33333
14.6667
32.5556
41.8333
37.8333
26.5
13
4.33333
1.05556
1.27778
1.83333
1.88889
1.27778
0.444444
-0.555556
-1.16667
-1.72222
-3.44444
-9.33333
-20.1111
-33.4444
-42.7222
-41.2222
-27.8889
-6.33333
14.1111
25.3889
11.6111
6.38889
-5.33333
-16.5
-18
-6
17.3333
39.3889
52.9444
50.7778
38
20.5556
7.72222
1.44444
0
-0.111111
0.277778
0.833333
1.11111
0.888889
0.5
-0.166667
-3.38889
-12.7778
-28.3889
-45.8333
-56.1111
-51.9444
-34.0556
-8.77778
12.5
22.9444
13.4444
9.88889
-0.777778
-12.4444
-16.0556
-5.72222
17.5556
42.6111
60.3889
61.8333
50
30.6111
14.3889
4.61111
0.888889
-0.388889
-0.111111
0.833333
1.61111
1.66667
1.16667
-0.5
-6.27778
-19.7222
-39.5
-58.9444
-67.7222
-59.2222
-36.4444
-8.88889
11.7222
19.4444
14.7778
12.5556
3.38889
-8.38889
-14.3889
-7.83333
12.5556
38.6667
60.7222
68.1111
60.3333
41.7778
23.1111
9.5
2.77778
0.0555556
0.222222
1.33333
2.22222
2.16667
1.11111
-2.33333
-11.5
-29
-50.9444
-68.8889
-72.7222
-58.6111
-32.5556
-5.5
11.7222
15.8889
15.7222
14.4444
6.72222
-5.16667
-13.6667
-12.1667
3.33333
28.2778
53.8333
68.1667
67.2222
52.3889
33.2778
16
5.5
0.722222
0.666667
2.05556
2.88889
2.33333
0.0555556
-6.16667
-19.5556
-40.1111
-61.4444
-73.6667
-69.7222
-49.2222
-21.8889
1.66667
12.7222
12.5556
16.2222
15.3333
8.83333
-2.55556
-12.2778
-15
-5.38889
15.6111
41.7778
62.1111
69.3889
61.3333
44.3333
24.7778
10.1111
2.22222
0.777778
1.83333
2.55556
1.61111
-2.16667
-12.0556
-29.7222
-51.9444
-69.4444
-73.1667
-60.1111
-34.7222
-8.88889
8.5
13.0556
9.5
16.4444
15.8889
10.3333
-0.166667
-10.0556
-15.5556
-11.3333
4.22222
28.3333
52.1667
67.2778
67.3333
54.8889
34.8333
16.8333
5.44444
1.72222
1.61111
1.55556
-0.444444
-6.83333
-20.6667
-41.5
-62.2778
-73
-66.8889
-46.5
-19.8333
1.55556
12.2222
12
6.83333
16.7778
16.3333
11.1111
1.5
-7.72222
-14.3333
-14.0556
-4.11111
15.7222
39.8889
60.4444
68.7222
62.7778
45.1667
25.5
10.9444
4.05556
1.94444
0.277778
-4.11111
-14.2778
-32
-53.1111
-68.7778
-70.1111
-55
-30.4444
-6.11111
8.77778
13
9.72222
4.5
17.2778
16.8889
12
2.94444
-5.38889
-12.2778
-14.5
-9.88889
4.16667
25.5556
48.5556
64.0556
66.3889
54.2778
35.4444
18.3333
7.88889
2.83333
-1.61111
-9.5
-23.8889
-43.7778
-61.8889
-69.0556
-59.7778
-37.1667
-11.3889
7.83333
14.8889
13
7.61111
3.22222
18.3333
18.2222
13.5
4.5
-3.38889
-9.77778
-13.5556
-13.9444
-7.55556
7.88889
30.5556
52.3333
64.5
60.8333
45.5556
27
12.7222
3.66667
-4.61111
-16.7222
-34.5
-53.8333
-65.2222
-60.9444
-41
-13.5
9.5
20.9444
19.7778
12.8889
6.38889
3.05556
19.3333
19.4444
14.8889
5.83333
-1.66667
-7.72222
-12.8333
-17.9444
-19.3889
-11.6111
8.22222
34.2778
56.2778
63.3333
54.7778
36.9444
19
4.61111
-8.94444
-25.6111
-45.1667
-60.3889
-61.5
-44.5
-16.1111
11.7222
27.6667
29.5556
21.3333
11.6667
5.44444
3.05556
19.0556
19.5
15.3333
6.77778
-0.666667
-6.5
-12.2222
-20.1667
-28.0556
-28.3333
-14.3889
12.2222
41.8889
60.2778
61.2778
46.9444
26.6111
6.05556
-14.2222
-35.5556
-54.6667
-62
-50.2778
-21.5
10.8333
33.8333
40.0556
33.1111
20.3333
10.1111
5
3.55556
17.8333
18.3889
14.6667
7.05556
0.111111
-5.33333
-10.9444
-20.2222
-32.6667
-40.7222
-34.7222
-11.2222
22.5
51
62.8333
55
34.1111
7.5
-20
-44.5556
-59.7222
-56.3889
-32.1667
4.27778
35.7222
50.7222
47.2222
33.7222
18.7222
8.94444
4.55556
3.44444
16.0556
16.5
13.4444
7.16667
1
-3.94444
-9.27778
-19.1667
-34.5556
-48.8889
-50.9444
-33.5
0.222222
35.7222
58.4444
58.8889
39.7222
8.16667
-25.0556
-50.1667
-58.0556
-42.6667
-8.77778
30.0556
55.5556
60.8889
49.0556
31.7778
16.7222
8.05556
4.38889
3.44444
13.9444
14.8889
12.5556
7.5
1.77778
-2.88889
-7.83333
-17.2222
-33.3889
-51.7778
-61.0556
-51.7778
-22.3333
15.8333
47.2222
56.8333
41.7222
8.33333
-27.5
-50.2222
-49
-22.8333
16.5
52.2778
67.9444
62.9444
44.3333
25.8889
12.6667
6.16667
3.55556
3.05556
11.5556
12.7778
11.3889
7.11111
1.66667
-3.05556
-6.94444
-14.2778
-28.5
-47.8889
-63.1111
-63.1111
-42.0556
-6.22222
29.6667
47
37.9444
7.5
-25.4444
-42
-31.8889
1.16667
40.0556
67.3333
70.8333
56.2222
34.1111
17.3333
7.77778
3.88889
2.5
2.05556
9.11111
9.94444
8.83333
5.5
0.611111
-3.55556
-5.88889
-10.1667
-20.6111
-38.5
-57.5
-66.8333
-56.8333
-28.2222
7.16667
29.5556
27.9444
5.61111
-18.4444
-25.5
-7.77778
26.6111
58.5556
73.5556
65.7222
45.4444
23.5556
9.94444
3.61111
1.72222
1.5
1.55556
7.22222
7.44444
5.72222
2.27778
-2
-4.61111
-4.66667
-5.77778
-12.3333
-27.6111
-48.0556
-64.6667
-66
-47.4444
-17.0556
7.66667
13.8889
3.72222
-7.05556
-2.94444
19.5
49.3333
69.5556
71.2778
55.5556
34.2222
15.4444
5.11111
0.666667
-0.277778
0.388889
1.16667
6.88889
7.05556
4.38889
-1.55556
-6.11111
-6.88889
-4.05556
-2.05556
-5.61111
-17.8889
-37.6667
-58.4444
-68.6111
-61.1667
-38.3889
-14.7778
-0.777778
2.94444
7.33333
21.5
44.3333
65.3889
71.7222
62.5556
42.7778
23.8333
8.94444
1.16667
-2.05556
-1.94444
0.388889
2.94444
9
9.88889
5.83333
-4.77778
-10.8889
-10.8889
-5.38889
-1.72222
-2.88889
-11.2222
-27.2222
-48.3889
-64.7222
-67.4444
-53.7778
-32.8889
-12.5556
4.61111
22.6111
43.6667
62.7778
72.1111
65
48.2778
28.9444
15.2778
5.38889
0.111111
-2.38889
-1.88889
0.722222
4.66667
12.1667
11.7778
4.44444
-10.3333
-17.1111
-15.1667
-6.77778
-1.61111
-0.833333
-6.05556
-18.5
-38
-56.7778
-66.5556
-61.5556
-45.2222
-20.7222
7.44444
36.4444
61.1667
73.9444
70.6111
52.3333
31.9444
17.2778
10.2778
5.33333
1.16667
-1.22222
-1.66667
0.222222
4
13.7778
10.2778
-0.111111
-16.2778
-21.8333
-17.1111
-5.66667
0.888889
2.05556
-3
-13.0556
-28.8333
-45.3889
-57.9444
-59.8889
-48.9444
-23.8333
10.8333
46
70.7222
75.8333
62.0556
37.5
18.2778
9.11111
6.94444
3.83333
-0.5
-3.38889
-3.44444
-0.833333
4.66667
12.1667
6.11111
-5.05556
-20.0556
-23.2778
-16.0556
-2.77778
4.5
5.44444
-0.5
-9.72222
-22.3333
-34.5556
-46.7222
-52.3333
-46.6111
-22.6111
14
50.6111
72.4444
70.2222
50.1111
23.6667
8.44444
4.16667
4.77778
1.44444
-3.5
-6.11111
-4.66667
-0.944444
5.44444
8.55556
1.94444
-7.38889
-19.8889
-21.4444
-14.2222
-1.16667
5.77778
6.72222
0.666667
-7.61111
-18.2222
-28.2222
-40.1111
-47.1111
-43.1111
-19.9444
15.8333
50.7222
69.6111
64.5556
43.2778
18.0556
5.22222
2.5
2.94444
-1.16667
-6.27778
-8.11111
-5.61111
-1.38889
5.22222
-60.875
-56.5313
-55.5
-56.5938
-62.9688
-73
-84.25
-92.2813
-94.5625
-92.375
-85.5938
-76.5
-66.3125
-55.6875
-45.5313
-37.7188
-33.6563
-34.9688
-42.125
-50.5938
-59.3125
-67.9688
-75.4063
-79.1563
-81.4688
-81.4375
-77.2188
-69.5
-57.875
-46.4063
-35.875
-33.1563
-33.875
-36.5625
-44.125
-53.4063
-61.625
-67.5
-69.3438
-69.1875
-68.4688
-67.7188
-66.0625
-63.8438
-62.125
-62.9688
-66.5
-70.3125
-72.8125
-73.1563
-73.4375
-73.75
-73.25
-69.6563
-65.0938
-60.625
-55.4688
-48.4688
-39.625
-31
-19.1875
-19.75
-22.5
-26.375
-32.75
-38.9063
-43.4688
-46.125
-47.75
-50.1875
-56.375
-64.5313
-71.875
-78.7813
-86.2188
-95.0625
-104.094
-108.344
-104.469
-96.1563
-87.7813
-79.7188
-71.1563
-61.625
-52.1875
-45.25
-40.6563
-36
-30.5313
-24.5313
-12.6563
-16.1875
-20.0313
-24
-27.4688
-30.1563
-31.0938
-30.9688
-30.5625
-32.875
-41.9063
-55.0313
-69.3125
-83.7813
-98.5938
-113.375
-126.219
-130.594
-122.531
-108.844
-94.4688
-80.2813
-66.5
-53.2813
-42.0625
-35.6875
-34
-32.5625
-29.5625
-25.7188
-9.4375
-13.4063
-16.5
-18.8125
-19.5
-18.9375
-16.625
-13.1875
-9.53125
-8.84375
-14.9688
-25.9063
-39.5313
-54.3438
-69.6875
-84.6563
-96.9688
-100.781
-93.0625
-79.9375
-65.4688
-51.2188
-37.875
-26.3438
-18.25
-15.5938
-17.75
-20.0938
-20.7813
-20.3125
-4.53125
-6.84375
-7.46875
-6.75
-3.25
2.03125
8.75
16.3438
23.9688
29.375
29
24.0938
15.4375
4.625
-7.21875
-18.4688
-27.3438
-29.9688
-24.25
-14.5938
-3.75
6.5
14.9063
20.2188
21.5625
18.4375
11.4375
4.21875
-1.625
-6.25
0.625
0.6875
2.5625
6.3125
13.5313
23
33.7188
44.9688
56.5
66.5313
72.5625
74.5
72.0938
66.7188
59.75
52.9688
47.8438
46.375
49.6563
55.4375
61.9375
67.0938
69.1563
67.375
61.6875
52.75
41.4375
29.75
19.0625
9.5
4.875
6.71875
9.5625
14.2813
22.1563
32.625
44.2813
56.375
68.6875
80.5625
90.8125
98.0938
101.781
102.219
100.563
98.5
97.0313
96.75
98.125
100.438
102.438
102
98
90.3125
80
68.2813
55.5625
42.5938
30.0313
19.0625
6.59375
9.15625
11.1875
14.1875
19.1875
26.4688
35.0625
44.25
53.9375
64.1563
74.875
84.125
91.0313
95.2188
97.0938
97.8125
98.0938
98.4375
99.0313
99.4375
98.3438
94.4375
87.125
77.375
66.9375
56.7188
46.4375
36.1563
26.2813
18.1875
6.15625
8.6875
9.25
9.3125
9.5
11.25
14.4063
18.75
24.0625
30.375
38.7188
47.3125
55.3125
61.5625
65.5625
67.5313
68.2188
68.5938
68.625
67.5313
64.25
58.2813
50.125
41.6563
34.3438
28.125
22.4375
17.25
12.8125
10.3125
4.9375
7.125
6.65625
4.34375
0.4375
-3
-5.21875
-5.75
-4.90625
-2.71875
2.125
8.78125
16.6563
24.125
29.6563
32.625
33.5313
33.75
33
30.25
24.7188
17.1563
9.4375
3.53125
0.09375
-1.8125
-2.71875
-2.46875
-1
2.1875
3.40625
5.46875
5.03125
2.0625
-3.65625
-10.2188
-16.125
-20.125
-22.375
-23.2813
-21.75
-17.3125
-10.3438
-2.46875
4.21875
8.1875
9.5625
9.53125
7.6875
2.84375
-4.78125
-13.0313
-19.6875
-22.875
-23.125
-21.9063
-19.1875
-14.6875
-8.65625
-1.96875
2.0625
4.125
4.59375
2.65625
-2.6875
-9.90625
-17.2188
-22.9688
-26.8438
-29.3438
-30.1563
-27.875
-22.1563
-14.5313
-7.25
-2.21875
-0.125
-0.59375
-4
-10.75
-19.5938
-27.6563
-32.625
-33.5313
-31.7813
-28.75
-23.875
-16.9063
-8.65625
-1.125
1.0625
2.90625
4.21875
3.84375
0.09375
-6.34375
-13.7813
-20.4688
-25.4063
-28.625
-30.6563
-30.2188
-26.3125
-19.75
-12.4688
-6.46875
-3.40625
-4.5
-9.53125
-17.5313
-26.2188
-32.7813
-35.4375
-34.375
-31.25
-26.7188
-20.125
-11.5938
-2.75
3.9375
3.28125
4.84375
6.71875
7.65625
5.59375
0.34375
-7.0625
-14.8438
-21.3438
-25.8438
-29.0625
-30.4063
-28.7188
-23.9688
-17.25
-10.6563
-6.84375
-8.40625
-14.6563
-23.0313
-30.2188
-33.9688
-33.4375
-29.75
-24.2813
-17.0625
-7.78125
2.65625
11.9375
17.8125
14
15.4063
17.6875
19.7188
19.125
14.9063
7.3125
-2.1875
-11.2188
-18.3438
-23.8125
-27.75
-28.9688
-26.6875
-21.375
-14.9688
-11.0938
-12.9375
-19.5313
-26.8125
-31.2813
-31.1875
-26.5938
-19.4063
-10.1875
1.375
14.5
27.2188
37.125
42.4688
35.1875
36.5625
38.875
41.2813
41.5938
37.9688
29.6563
18.0625
5.5625
-5.625
-14.75
-22.1563
-27.0625
-28.125
-25.1875
-20.2188
-17.0313
-18.7188
-24.0313
-28.6563
-29.1875
-24.5625
-15.6563
-4.375
9.34375
25.5
42.1875
56.5625
66.3125
70.9375
60.8438
62.0313
63.875
65.9063
66.4063
63.2813
54.6563
41.2813
25.5938
10.0938
-3.28125
-14.5
-23.0313
-27.8438
-28.2813
-26.0938
-24.5625
-25.5
-28.1875
-28.6563
-24.6875
-15.6563
-2.78125
12.5313
30.4375
50.0938
68.8438
83.2188
91.9063
95.5938
81.5625
82.1875
83.0938
84.375
84.8125
82.2188
74.5
61.1875
44.0313
25.7188
8.90625
-5.59375
-17.2188
-25.5
-30.0938
-31.9063
-32.5938
-32.7188
-31.6875
-27.2813
-19.0313
-6.53125
8.875
26.4375
46.125
66.3125
83.6563
95.0625
100.594
101.813
86.0938
85.8125
85.5
85.3125
85.5625
84.25
79.1563
68.7188
53.1563
35.0313
17.2813
1.5625
-11.625
-22.75
-31.5625
-37.8125
-40.8125
-39.75
-34.4688
-25.1563
-13.2188
0.9375
16.5625
33.6563
51.6875
68.1875
80.1563
85.5938
85.9688
84.0625
69.875
68.625
67.4063
66.2813
66.9688
67.9375
67.2188
61.9688
51.2813
36.7188
20.9688
6.1875
-7.125
-20.125
-32.5938
-42.9063
-47.9688
-45.5625
-36.3438
-22.9063
-8.46875
5.875
20.1563
35.0938
49.2813
59.8438
64.75
63.6875
59.6563
55.7188
45.3125
43.6563
42.125
40.9688
42.3125
45.1875
48.375
48.875
44.1875
34.7188
22.3125
9.34375
-3.75
-18.0625
-33.2813
-46.4688
-52.8125
-49.1875
-36.75
-20.5625
-4.75
9.46875
22.1563
34.0313
43.5
47.625
45.75
39.6563
32.9063
27.8438
23.875
22.25
20.75
19.5
20.8125
24.5938
30.125
34.9375
35.75
31.3438
22.6563
11.7813
-1.15625
-16.5938
-33.2188
-47.5938
-54.1875
-49.3438
-35.375
-18
-1.375
12.7813
24.1875
33.1563
37.875
36.1563
29.4063
20.7188
13.4688
8.9375
11.75
9.75
7.875
6.65625
7.34375
10.6875
16.625
23.4688
28.1875
28.2813
23.2188
14.2813
1.46875
-14.25
-30.7188
-44.2188
-49.7188
-44.5313
-30.9688
-14.4375
1.71875
15.6563
26.2188
32.5625
33.0625
27.4063
18.3125
9.71875
4.09375
1
8.03125
5.5625
2.84375
1.5
0.9375
2.5625
6.71875
13.5625
20.375
23.7188
22.0938
15.125
3.34375
-11.0938
-25.1875
-35.5625
-39.0625
-34.0938
-23.0938
-9.53125
4.40625
17.125
26.0938
29
25.5313
16.9688
7.28125
0.25
-3.21875
-4.90625
4.59375
1.71875
-1.125
-2.875
-4.78125
-5.34375
-3.84375
1.59375
9.09375
14.75
16.2188
12.3438
3.75
-6.46875
-15.375
-20.8438
-21.4375
-17
-9.9375
-1.28125
8.46875
17.3125
22.4063
21.0938
13.75
3.375
-5.75
-10.7813
-12.3125
-12.1875
-0.78125
-3.875
-6.625
-8.53125
-11.0625
-13.1875
-14.0313
-10.375
-3
4.5625
9.21875
9.28125
5.8125
1.8125
-0.375
0.21875
2.90625
6.3125
9.0625
11.9688
15.875
18.9375
18.8125
13
3.0625
-7.3125
-14.75
-17.7188
-17.7813
-16.375
-8.375
-10.375
-12.1875
-13.7813
-15.8438
-18.2813
-20.5
-18.2188
-11.4375
-2.90625
4.59375
9.09375
11.4063
14.3438
19.5625
26.0938
31.375
33.9375
32.4375
29.9375
28.1875
25.3125
19.5313
9.9375
-1.34375
-11.1563
-16.6875
-18.375
-18.375
-16.6875
-8.6875
-9.46875
-9.96875
-11.75
-13.1875
-14.75
-16.1563
-14.5
-8.9375
-0.59375
8.1875
16.0938
22.9688
31.125
41.125
51.125
57.9063
59.2813
54.8125
48.8125
43.125
35.8438
26.5313
15.5625
4.75
-3
-6.34375
-7.34375
-8.0625
-7.28125
-0.46875
-0.9375
-1.9375
-4.3125
-4.8125
-4.375
-3.28125
-1.25
3.03125
9.9375
18.0938
26.3125
33.875
42.25
51.75
60.8125
66.3438
66.0938
61.1563
55.25
49.375
42.1875
33.9688
25.4063
17.6875
12.9063
11.0938
9.71875
7.59375
6.0625
-16.3125
-6.40625
6.5625
19.5938
25.6563
25.9375
20.5
11.0313
1.4375
-2.125
7.40625
29.5
57.0625
76.1875
74.9063
56.2813
28.8438
-2.15625
-31.0625
-53.9688
-69.6875
-71.5938
-59.2188
-44.6563
-30.4063
-19.75
-14.4688
-8.9375
-9.5
-14.1563
-9.25
-3.96875
1.3125
9.5
15
17.5938
16.5
9.875
1.21875
-1.9375
7.78125
30.2188
58.125
77.5313
76.25
57.3438
29.4375
-2.1875
-31.6875
-54.9688
-70.9375
-72.9375
-60.125
-44.4688
-29.3438
-18.125
-12.0938
-5.71875
-2.125
-1.5
0.1875
-2.5
-5.125
-4.0625
-0.1875
4.96875
7.96875
6.625
2.4375
2.1875
13.3125
34.5938
58.9375
75.0938
71.5938
52.5
26.2813
-3.78125
-32.2188
-55.1563
-71.1563
-72.9063
-59.5313
-41.5625
-24.25
-11.6875
-4.96875
0.5625
5.34375
8.34375
5.03125
-2.5
-9.03125
-11.625
-8.53125
-2.15625
3.03125
5.71875
5.6875
7.9375
18.9688
36.1563
54.875
66.4688
61.3438
44.3125
21.5938
-4.71875
-29.9688
-50.4688
-64.5313
-65.5938
-52.625
-35.9063
-20.4375
-9.5
-3.875
1.3125
7.3125
12.2813
4.4375
-4.15625
-10.8125
-12.5
-7.25
1.6875
9
13.0625
12.7188
12.8438
19.2188
30.5313
44.0313
52.4063
48.4375
35.2813
17.0938
-4.09375
-24.5625
-41.125
-52.0938
-53.0938
-43.8125
-32.4688
-22.9375
-16.0938
-11.5625
-5.21875
4.09375
12.5
3.40625
-5.65625
-12.0313
-12.5
-4.625
7.90625
18.3125
24.0313
22.8438
19.3125
19.375
23.5938
31.25
36.875
34.7813
26.1563
13.0938
-2.59375
-17.9375
-30.0938
-37.9375
-39.5
-35.1563
-31.0313
-28.6875
-26.5
-22.75
-13.9688
-0.5
11.8125
2.6875
-6.8125
-13.5
-13.25
-3.34375
12.4375
26.5313
34.7188
33.5625
26.9688
20.6875
17.625
19.2813
21.9063
21.5625
17.4063
9.46875
-0.5
-10.5313
-18.6875
-23.9375
-26.8438
-28.4063
-31.5625
-36.125
-37.625
-33.3125
-21.4375
-3.75
11.75
2.75
-7.28125
-14.625
-14.5938
-3.78125
14.5625
32.2813
43.8125
44.375
36.4375
25.4375
15.7188
10.5313
8.71875
7.9375
6.8125
4.28125
0.75
-2.9375
-6.5
-10.0625
-15.5
-23.75
-34.4375
-44.9375
-48.7188
-42.6875
-27.1563
-5.65625
12.25
3.96875
-6.21875
-14.375
-15.125
-4.25
15.5313
36.3125
51.375
54.4375
46.7813
33.375
19.375
9.40625
4.03125
1.78125
1.375
1.34375
1.0625
0.65625
-0.875
-4.59375
-12.6875
-25.75
-41.1875
-54.625
-58.5938
-50.1875
-31.4688
-7.40625
11.75
6.84375
-2.6875
-11.375
-13.25
-3.4375
16.375
39.0313
57.3125
63.4375
57.3125
43.2188
26.625
13.375
5.3125
1.5625
0.78125
1.09375
1.40625
1.3125
-0.84375
-6.3125
-17.3438
-33.75
-51.3438
-64.9063
-66.875
-55.3125
-34.0625
-9
9.6875
10.1875
1.5625
-7.46875
-10.5938
-2.4375
16.25
39.7813
60.625
70.2813
66.9688
53.625
35.7813
19.7188
8.9375
3.34375
1.5625
1.65625
1.75
0.9375
-2.75
-10.8438
-24.9688
-43.9375
-62.2813
-74.0938
-72.8125
-57.6563
-34.3438
-9.5
7.6875
12.9063
5.09375
-4.28125
-9.0625
-3.71875
12.4063
35.5
58.1875
72.125
73.4688
63.125
45.875
27.9063
14.1563
5.96875
2.5625
2.0625
1.84375
0.0625
-5.65625
-16.7813
-33.9063
-54.25
-71.125
-79
-72.9063
-54.125
-30
-7.09375
7.15625
15
7.6875
-2.21875
-9.09375
-7.4375
4.90625
26.2188
49.7813
68.2188
75.6563
70.3438
55.9375
37.4063
21.0313
9.9375
4.15625
2.4375
1.21875
-2.3125
-10.5625
-24.9063
-43.9063
-63.3125
-76.3438
-77.9063
-66.1875
-44.5625
-20.9063
-1.65625
8.4375
16.4375
9.59375
-0.53125
-8.96875
-10.6563
-2.59375
15.3438
38.1563
59.7188
73.125
74.3438
64.5938
47.4375
29.5625
15.4688
6.78125
2.84375
-0.5625
-6.59375
-17.9063
-34.8438
-53.9688
-70.25
-77
-71.3125
-54.3438
-31.1875
-10.0313
4.375
10
17.7188
11.5313
1.65625
-7.71875
-12.1563
-8.34375
5
25.1563
47.7188
65.6563
73.75
70.2188
56.4688
38.9688
22.5625
10.7188
3.65625
-3.09375
-12.3438
-26.6563
-45.0313
-62.2813
-73
-71.8125
-58.5938
-37.5625
-15.0938
1.59375
10.125
11.3125
19.25
13.7188
4.3125
-5.53125
-12
-12.4063
-4.625
10.5625
31.3438
51.9688
66.5
70.75
62.9688
48.125
31
15.9688
4.78125
-6.375
-19.6563
-36.25
-54.0313
-66.5
-68.9688
-58.8438
-39
-16.625
2.1875
12.5313
14.6875
11.9063
20.5625
15.5625
6.6875
-3.28125
-11.3438
-15.5938
-13.7188
-4.875
11.9375
33.125
52.9375
65.4688
65.75
55.875
39.8125
22.2188
6.15625
-10.2813
-27.7813
-45.5938
-60.25
-65.3125
-58.0938
-39.8125
-16.2188
4.1875
16.8125
20.125
16.75
11.125
20.7813
16.2188
8
-1.59375
-10.4063
-17.2188
-20.4063
-18.1563
-6.84375
12.2813
35.2813
55.375
64.4688
61.3438
47.7188
28.1563
7.1875
-14.75
-35.8125
-52.9063
-62.125
-58.2188
-41.5313
-17.6563
6.0625
21.7188
27.0313
24.0938
16.9688
10.0938
20
15.8125
8.46875
-0.3125
-8.875
-17.0938
-24.1875
-27.9375
-23.2813
-8.28125
15.3438
40.9688
58.8438
63.5625
53.7813
33.4063
7.78125
-19.3438
-42.5625
-57.0938
-58.9688
-45.4063
-21
5.625
26.4375
35.3125
33.3438
25.1875
15.7813
8.8125
18.9063
15
8.5
0.8125
-7.0625
-15.75
-25.5313
-34.2813
-36.3438
-27.1563
-5.59375
22.875
48.125
61.125
56.6875
37.25
8.3125
-22.625
-46.4063
-56.7188
-50.1563
-27.8125
1.75
27.8438
43.125
44.5
36.1563
24.4063
14.1563
7.75
18.0625
14.75
8.84375
2.03125
-5.34375
-14.0625
-25.2813
-37.7188
-45.7813
-43.2188
-26.1563
2.3125
32.4375
52.875
54.9063
38.2188
8.65625
-23.3125
-45.4688
-50.0313
-35.4063
-6.6875
24.4688
46.9063
55.2188
49.5938
36.6875
22.9375
12.6563
7.03125
17.3125
14.6563
9.1875
2.71875
-4.375
-12.875
-24.5625
-39.1875
-51.8125
-55.7188
-44.5625
-18.9063
12.875
38.625
46.9688
35.0313
8.1875
-20.8125
-38.4375
-36.4375
-15.1875
16.3438
45.4063
61.6563
62.5
51.0625
35.3125
21.0938
11.4063
6.46875
15.625
13.1875
8.1875
2.1875
-4.3125
-12.0938
-23.125
-38.1875
-53.6875
-63.0313
-58.7813
-38.7188
-8.90625
19.1563
33.0313
27.4063
7.125
-14.9063
-25.5625
-16.875
8.0625
38.4688
62.125
70.2813
63.8125
47.6563
30.2188
16.7188
8.46875
4.75
12.1875
9.5
4.9375
-0.21875
-5.28125
-10.875
-19.5625
-33.0313
-49.6875
-63.6563
-66.8438
-54.7188
-30.0313
-2.6875
15.1563
16.9688
6.09375
-6.09375
-8.03125
6
31.0938
56.5313
71.5938
70.9375
58.125
39.1563
22
10.4063
4.46875
2.5625
9.15625
5.875
0.96875
-3.375
-6.4375
-8.875
-13.7188
-24.5625
-40.9375
-58.4688
-68.5938
-65.0625
-47.8438
-23.5313
-3.5
5.8125
5.6875
4.65625
11.2813
28.4063
50.5313
68
73.4063
65
48.1563
28.7188
13.5313
4.6875
1.34375
1.90625
8.96875
4.84375
-1.75
-6.4375
-8.40625
-8.59375
-10.0938
-17.6563
-32.0313
-50.375
-65.0313
-69.2188
-60.1875
-40.7188
-19.75
-3.65625
7
16.875
30.25
47.7188
63.9688
71.625
67.9688
54.4688
36.875
20
8.1875
2.03125
0.375
2.1875
9.46875
3.4375
-5.25
-10.5313
-11.5
-9.3125
-7.71875
-11.875
-23.5
-41.3125
-58.4063
-68.5313
-67.1875
-53.25
-32.8125
-11.2188
9.46875
29.25
47.5625
63.0938
71.5
69.0625
58.3125
42.5
26.8125
14.1875
5.6875
1.34375
0.21875
1.9375
8.625
0.75
-9.3125
-14.2813
-13.5938
-9.09375
-4.875
-6.59375
-16.125
-32.4688
-49.8438
-63.0313
-67.4688
-59.1563
-40.8125
-16.2188
12.3125
39.6875
60.5625
72.8125
73.125
62.3125
47.2813
31.125
17.9063
8.65625
2.1875
-0.9375
-1.3125
1.125
5
-3.71875
-13.3438
-16.9375
-13.875
-7.5625
-1.71875
-1.6875
-9.8125
-24.4688
-40.875
-55.7813
-64.0938
-60.625
-45.5625
-19.125
14.4688
46.9063
69.125
77.0625
70.4375
53.5313
36.4688
21.625
11
4.1875
-1.21875
-3.59375
-3.0625
0.28125
0.40625
-7.9375
-16.3125
-18.1875
-13.5625
-6.3125
0.40625
1.625
-5.15625
-18.25
-34.0938
-50.1875
-61.5625
-61.75
-48.625
-21.375
15.6563
51.2188
73.9688
79.4375
68.25
47.6875
29.4063
15.2813
6.1875
0.71875
-4.28125
-6.34375
-5.09375
-0.9375
-27.7083
-28.125
-29.2917
-30.0417
-27.7917
-27.4583
-27.2083
-25.1667
-21.25
-19.5417
-19.4583
-22.0417
-23.9583
-22.875
-19.9583
-15.0833
-9.625
-3.625
-0.541667
-1.83333
-4.875
-9.375
-14.7917
-20.9167
-27.5417
-31.9583
-35.5417
-38.4583
-40.125
-39.3333
-33.2917
-27.5833
-27.7917
-19.9167
-14.875
-12.125
-16.125
-23.9583
-32.1667
-39.7917
-45.25
-46.4583
-43.8333
-38.75
-29.6667
-19.7083
-10.7917
-4.20833
0.208333
3.66667
3.08333
-1.08333
-7.5
-14.9583
-22.25
-29.25
-35.0417
-35.25
-32.1667
-28.625
-25.5833
-21.2917
-15.9583
-13.4167
-10.9167
-5.125
-1.25
0.75
-1.25
-5.08333
-10.4583
-15.8333
-19.9583
-21.5417
-20.3333
-14.875
-4.91667
5.16667
13.375
19.9583
24.9583
27
25.5
21.125
14.9167
8.54167
2.58333
-2.54167
-6.625
-7.08333
-4.70833
-2.375
-0.625
0.791667
1.375
0.625
-0.875
1.875
4.125
6.125
8
9.375
9.625
9.33333
9.33333
9.29167
9.45833
12.1667
18.25
26.2083
34.9167
43.875
52.5
58.125
58.9167
54.4583
45.75
36.7083
27.875
19.875
13.9167
11.3333
11.875
12.2083
11.875
11.1667
9.5
7.5
-0.291667
0.791667
2.16667
4.54167
7.08333
9.33333
10.9167
11.9167
12.5417
12.5417
12.0833
11.8333
11.9167
13.75
17.7917
22.5833
27.75
32.25
34.375
33.4167
28.875
23.4583
17.9167
12.625
9.25
7.54167
7.625
8.04167
8.5
8.58333
8.04167
7.16667
-2.16667
-3.25
-4.25
-4.625
-6.16667
-7.95833
-9.83333
-12.1667
-14.875
-17.625
-19.2083
-21.75
-26.3333
-31.7917
-36.75
-41.5417
-46.3333
-49.7917
-50
-46.7083
-41.5417
-36.5417
-31.7917
-27
-22.5417
-19.5
-17.6667
-15.5
-12.375
-9.04167
-5.75
-3.29167
-2.20833
-4.75
-7.41667
-11.0833
-16.5417
-22.375
-28.375
-34.8333
-41.625
-47.2917
-51.125
-55.0833
-60.0833
-66.3333
-73.2917
-80.625
-88.0417
-94
-95.8333
-92.8333
-85.9167
-78.1667
-70.4583
-62.3333
-54.3333
-47.4583
-42.1667
-36.5
-30.4167
-23.875
-18.125
-13.1667
-0.916667
-2.875
-4.875
-8
-11.2083
-14.9583
-18.9167
-23.25
-28
-32.1667
-36.25
-39.7917
-43.375
-46.7083
-50.25
-53.8333
-57.375
-60.2083
-61.4167
-60.8333
-58.5
-55.5
-52.25
-48.0833
-43.0833
-37.8333
-32.8333
-27.5
-22.5833
-18.2917
-14.6667
-11.0833
0.25
-0.375
-1.125
-1.16667
0.875
3.16667
6.33333
9.66667
12.5417
14.2083
13.75
12.5417
10.4583
8.70833
7.58333
6.70833
5.625
4.91667
4.5
4.125
3.70833
3.58333
4.5
5.83333
7.08333
7.79167
7.625
6.20833
4.04167
1.16667
-0.708333
-1.83333
0.708333
0.875
0.958333
2.25
5.83333
10.8333
17.625
25.2917
32.75
38.5417
41.75
42.75
41.7917
40.2917
39.4583
39.0833
38.875
39.0833
39.4583
39.5
39.2083
39.375
40.625
41.6667
41.5417
39.5417
35.2083
28.5417
20.9583
13.625
8
3.66667
0.458333
1.08333
1.45833
1.70833
2.95833
5.83333
10
15.4167
21.4583
26.7083
30.3333
31.9583
31.7917
30.5
28.9583
28.1667
28.5
29.0417
29.625
29.9583
30.5417
31.9167
33.5417
34.9583
34.9167
32.8333
28.5417
22.8333
16.25
10.375
5.95833
2.875
0.0833333
0.916667
1.20833
0.541667
-0.333333
-0.208333
0.291667
1.83333
4.625
7.66667
10.0833
11.625
12.5
11.8333
10.0833
8.875
8.91667
9
8.79167
9
10.1667
12.125
14
14.9583
14.7083
13.0417
10.25
7.25
4
1.91667
0.791667
0.75
-0.0416667
0.541667
0.833333
0.541667
-0.791667
-1.95833
-2.83333
-3.375
-2.83333
-1.33333
0.625
2.375
3.95833
4.33333
3.45833
2.20833
1.45833
1.04167
0.375
0.583333
2.08333
4.08333
5.625
5.625
4.66667
2.79167
0.5
-1.45833
-2.29167
-1.95833
-1.20833
0.333333
0.25
0.416667
0.875
1.25
0.375
-1.125
-2.29167
-3.375
-3.83333
-3.20833
-1.375
0.458333
1.83333
2.875
3.125
2.29167
1.33333
1.16667
1.08333
1.54167
2.79167
4.08333
4.375
3.5
1.95833
-0.0833333
-2.20833
-3.54167
-3.16667
-2.25
-1.04167
0.25
0.5
0.458333
1.04167
1.54167
1.33333
0.0833333
-1.33333
-2.16667
-2.75
-2.45833
-0.916667
0.875
1.875
2.5
2.875
2.5
1.58333
1.41667
2.125
3.375
4.45833
4.70833
3.83333
2.16667
-0.0416667
-2.25
-3.875
-4.16667
-3.375
-2.16667
-0.791667
-0.166667
0
-0.0833333
0.125
0.541667
0.708333
0.0416667
-1.29167
-2.04167
-2.625
-2.54167
-1.29167
0.541667
1.83333
2.375
2.5
2.16667
0.958333
-0.208333
0.5
2.5
3.91667
3.79167
2.41667
0.458333
-2.375
-5.125
-6.5
-6.33333
-5.33333
-3.79167
-2.41667
-2.04167
-3.45833
-3.58333
-4
-3.75
-3.58333
-3.79167
-4.70833
-5.75
-6.08333
-5.75
-4.375
-2.25
0.166667
2.125
2.875
2.75
1.625
0.0416667
0.208333
1.58333
2.33333
1.75
-0.375
-2.83333
-6.20833
-9.83333
-12.125
-13.25
-13.25
-12.9583
-12.8333
-13.0833
-13.5
-13.9167
-14.5
-15
-15.1667
-15.4167
-15.7083
-15.9167
-15.0417
-13.0833
-10.375
-6.75
-2.625
0.958333
2.95833
3.625
3.41667
2.91667
2.95833
2.79167
2.04167
0.0416667
-3.25
-7.625
-12.5833
-17.2083
-21.1667
-24.2917
-26.4167
-28.0833
-29.5417
-30.7917
-25.0417
-25.375
-25.5417
-26.5417
-26.7083
-26.6667
-26.1667
-24.875
-22.9583
-19.7083
-15.8333
-11
-5.83333
-1.75
1.20833
2.875
3.75
4.54167
4.625
3.58333
1.95833
-1.25
-5.20833
-10.9167
-16.25
-19.625
-22.0417
-23.4583
-24.2917
-24.2917
-24.4583
-25.0833
-19.4583
-18.7083
-17.9583
-17.3333
-16.5833
-15.5833
-14.875
-14.5833
-14.4167
-13.7083
-12.2917
-10.1667
-7.125
-3.83333
-0.791667
1.625
3.375
4.70833
4.58333
3.20833
0.916667
-2.5
-6.29167
-9.70833
-11
-9.45833
-5.875
-1.20833
3.41667
7.375
9.83333
10.875
6.66667
8.25
9.79167
12.375
13.75
14.6667
14.0417
11.2083
7.16667
2.41667
-1.58333
-4.54167
-5.66667
-4.16667
-1.625
1.20833
3.875
5.5
5.20833
3.20833
-0.0833333
-3.125
-5.625
-5.25
-1.75
3.95833
11.625
19.5417
26.25
30.375
32.3333
33.25
25.0833
26.0833
27.1667
28.6667
29.2083
29.0417
27.125
23.3333
17.5417
10.375
3.79167
-1.29167
-4.125
-4.29167
-2.25
1.16667
4.625
6.41667
5.79167
2.83333
-1.29167
-3.91667
-4.70833
-2.66667
1.91667
7.70833
14.125
19.2917
22.375
23.4167
23.0417
22.875
20.75
20.375
19.8333
18.9167
18.125
17.4583
16.5417
14.9583
11.7917
7.25
2.29167
-1.58333
-3.79167
-4.54167
-2.66667
1.08333
4.66667
6.16667
4.83333
1.16667
-3.08333
-5.79167
-5.66667
-3.41667
0.375
4.75
8.25
10
9.79167
8.625
7.29167
6.75
8.41667
7.25
5.83333
4.16667
3.29167
2.95833
4.04167
5
5.125
3.91667
1.04167
-1.79167
-3.875
-4.58333
-2.83333
0.416667
3.5
4.54167
2.875
-0.458333
-4.04167
-6.54167
-6
-3.5
-0.166667
3.04167
4.54167
4.58333
3.29167
1.54167
0.583333
0.291667
-2.54167
-3.20833
-3.41667
-3.875
-3.25
-2.375
-0.458333
1.54167
3
3.08333
1.54167
-1.16667
-3.79167
-4.79167
-3.79167
-1.45833
0.666667
1.25
0.208333
-1.91667
-4.125
-5.16667
-4.08333
-1.45833
1.20833
3.16667
3.45833
2.20833
0.375
-1
-1
-0.5
-8.20833
-7.375
-5.625
-4.08333
-2.08333
-0.0833333
1.20833
2.625
3.5
3.66667
3
0.625
-2.25
-4.25
-4.95833
-5
-5.08333
-5.20833
-5.58333
-5.79167
-5.5
-3.79167
-1.375
1.41667
3.66667
4.66667
4.375
2.79167
1.375
0.875
1.54167
2.125
-0.5
0.875
2.95833
4.5
5.79167
6.83333
7.33333
7.54167
7.45833
7.66667
7.20833
5.75
3.04167
-0.166667
-4
-8.41667
-11.9583
-13.7917
-13.5833
-11.375
-7.375
-2.125
2.58333
6.33333
8.875
9.66667
9.33333
8.41667
7.95833
8.20833
8.25
7.16667
13.875
12.9583
12.125
11.0833
9.70833
8.66667
9.83333
10.5417
11.5
12.6667
13.125
12.9583
10.375
5.75
-1.29167
-9.16667
-15.625
-19.4167
-18.5833
-14.8333
-7.95833
-0.375
6.16667
10.875
13.3333
14.3333
13.625
12.5417
12.0417
11.75
10.5417
7.95833
11.25
8.375
4.91667
3.25
1
0.333333
1.70833
3.41667
5.70833
7.83333
10
10.2083
8.20833
3.54167
-3.25
-10.7917
-17.375
-20.6667
-20.2083
-16.4583
-10.2083
-3.625
1.66667
5
6.08333
5.70833
3.54167
0.875
-0.708333
-2.08333
-3.04167
-3.66667
-6.83333
-7.45833
-8.20833
-7.08333
-6.41667
-5.79167
-8.125
-9.33333
-8.875
-7.625
-6.20833
-6.54167
-6.83333
-8.70833
-12.125
-16.4583
-20
-20.7083
-20.125
-16.7917
-13.2083
-10.7917
-10.3333
-11.0417
-12.4167
-15.2917
-17.875
-19.125
-19.2083
-18.9167
-17.75
-14.7917
-13.2083
-10.2917
-7.45833
-5.54167
-3.66667
-5.125
-11.1667
-15.7083
-17.7917
-17.9583
-18.4167
-18.125
-16.7917
-15.7083
-15.625
-15.9167
-15.4583
-14.25
-11.9167
-9.20833
-7.66667
-9.45833
-13.0417
-16.9167
-20.1667
-23.25
-23.5833
-20.2917
-16.875
-14.1667
-11.9583
-9.125
-7.875
-4.54167
-2.66667
-3.25
-4.29167
-7.45833
-10.4583
-12.4167
-13.8333
-13.9583
-13.2917
-10.7083
-7.41667
-3.125
1.66667
6.95833
11.9167
15.125
17.625
17.6667
15.3333
10.625
5.29167
-0.125
-4.83333
-7.20833
-6.16667
-3.375
-1.45833
-0.208333
0.375
0.583333
7.04167
-7
-17.4167
-16.0417
-6.66667
0.916667
3.91667
6.45833
7.25
7.58333
7.91667
-2.16667
-24.8333
-34
-9.45833
21.5417
25.125
11.5
4.95833
11.0417
20.125
13.25
-8.79167
-18.6667
-9.29167
2.66667
3.83333
-7.83333
-12
2.79167
16.3333
10.6667
-0.166667
-8.79167
-6.5
-3.75
-6
-4.83333
0.0833333
5.08333
7.125
7.91667
8.16667
-3.25
-29.2917
-39.9583
-11.4167
24.9167
30.0833
15.1667
7.95833
15.5417
25.625
15.1667
-13
-24.375
-12.4167
0.125
2.20833
-5.375
-9.45833
-0.541667
8.66667
5.20833
-3.41667
-2.25
3.375
3.625
-2.75
-5.95833
-3.33333
1.04167
4.41667
6.33333
4.79167
-6.5
-28.0417
-36.2083
-9.125
25.3333
29.4583
15.125
9.5
17.875
27.7917
16.0417
-14.4167
-27.2917
-15.125
-3.33333
-1.83333
-4.25
-3.875
0.0416667
2.125
0.5
-2
4.375
7.5
5
-0.625
-4.125
-3.25
-0.916667
0.708333
1.41667
0.0833333
-7.08333
-22.375
-28.2917
-5.33333
22.5
24.375
12.875
9.41667
16.8333
25.25
14.2083
-14.25
-26
-14.3333
-4.29167
-2.875
-2.66667
-1.75
-1.08333
-0.75
0
0.0833333
6.29167
7.91667
4.54167
-0.666667
-4.04167
-3.70833
-1.83333
-0.583333
0.166667
-0.166667
-5.54167
-17.4583
-21.125
-3.33333
16.8333
18.25
10.5
8.5
14.1667
19.875
10.4583
-11.7083
-20.375
-11.125
-3.70833
-2.75
-2.45833
-2.25
-2.41667
-2.33333
-0.833333
0.833333
7.375
8.5
4.125
-2.04167
-6.20833
-5.58333
-2.66667
-0.25
1.375
1.16667
-3
-11.4583
-14.4167
-3.125
10.3333
12.4167
8.58333
7.625
10.6667
13.4583
6.58333
-8.41667
-13.625
-6.54167
-1.5
-1.54167
-2.625
-4
-4.91667
-4.625
-2.04167
1.29167
8.125
9.20833
3.79167
-4.16667
-9.375
-8.25
-4.08333
0.25
3.70833
4
0.791667
-5.20833
-8.58333
-3.66667
4.125
7.33333
6.625
5.91667
7.04167
7.70833
3.20833
-4.83333
-6.58333
-0.958333
2.04167
0.208333
-2.75
-6.41667
-8.75
-7.75
-3.41667
1.45833
8.5
9.875
4.25
-4.95833
-12.2083
-12.1667
-7
-0.125
5.95833
7.375
4.58333
0.25
-2.70833
-2
0.541667
2.25
2.91667
2.95833
2.66667
2.25
1.125
-0.375
0.791667
4.79167
6.16667
2.66667
-3.5
-10.2083
-13.2917
-10.7917
-3.95833
1.5
8.25
10.375
5.58333
-4.625
-14.3333
-16.0417
-10.4583
-1.58333
7.08333
10.75
8.54167
3.45833
-0.291667
-0.791667
-0.0416667
0.25
0.416667
0.75
0.75
0.208333
0.0833333
1.625
5.33333
9.70833
10.0417
4.125
-5.29167
-14.0833
-16.8333
-12.5833
-3.83333
0.708333
6.75
10.2083
7.375
-3.04167
-14.9167
-18.75
-13.9583
-4.25
6.79167
13.25
12.125
5.91667
0.916667
0.0833333
0.208333
-0.5
-0.666667
0.0833333
0.625
0.0833333
0.125
3.125
8.66667
13.5417
12.2917
3.45833
-8.58333
-17.9167
-18.5
-11.75
-2.58333
-0.416667
5.20833
9.83333
8.70833
-1.29167
-13.7917
-19.625
-17.2083
-7.66667
5.08333
13.7083
14.4583
8.79167
2.875
1.08333
0.666667
-0.75
-1.20833
-0.125
0.583333
0.166667
1.04167
5.54167
12.0833
16.2917
12.7083
0.916667
-12.6667
-21
-19
-9.66667
-0.25
-1.29167
3.91667
8.95833
9.29167
1.29167
-10.3333
-18.4583
-19.6667
-12
1.04167
11.7083
15.375
11.75
5.70833
2.45833
0.875
-0.958333
-1.375
-0.0833333
0.75
0.541667
2.625
8.75
15.0833
16.8333
10.0417
-3.75
-16.5
-21.875
-17.0833
-6.45833
2.125
-1.91667
2.91667
8.08333
9.54167
4.20833
-5.58333
-15.5833
-20.625
-16.3333
-4.70833
7.5
14.25
13.8333
9.33333
4.70833
1.08333
-1.41667
-1.45833
0.25
1.08333
1.45833
5.20833
12.375
16.875
14.2917
4.29167
-9.625
-19.8333
-20.6667
-12.4583
-1.95833
4.20833
-2.25
2.41667
7.25
9
5.875
-1.25
-11.0417
-18.875
-18.9583
-10.7083
1.25
10.7083
14.4583
12.75
7.75
2.29167
-1.29167
-1.33333
0.458333
1.16667
2.79167
8.83333
15.875
16.5
9.20833
-3.08333
-15.7083
-21.1667
-16.6667
-6.75
1.83333
5
-2.625
2.20833
6.54167
8.04167
6.45833
1.83333
-6.33333
-15.1667
-19.25
-15.4583
-5.54167
5.375
13.375
15.25
10.75
4.125
-0.416667
-0.708333
0.875
1.75
5.20833
12.5833
17.4583
13.5417
2.20833
-10.625
-19.25
-19.1667
-11.375
-2.04167
3.83333
4.70833
-2.75
2.29167
6.25
7.04167
5.95833
3.41667
-2.41667
-10.6667
-17.125
-17.6667
-11.4167
-0.958333
10.0833
15.75
13.125
6.54167
1.33333
0.291667
1.625
3.625
8.79167
15.2917
16.0417
7.58333
-5.625
-16.125
-19.75
-14.9583
-5.45833
1.58333
4.08333
3.58333
-2.70833
2.16667
6
6.5
5.29167
3.70833
0.416667
-5.75
-13.2083
-17.25
-15.25
-7.625
4.29167
13.75
14.625
9.25
3.625
1.91667
3.20833
6.45833
12.3333
16
11.5
-0.458333
-13.0833
-19.5833
-17.875
-9.125
0.625
4.41667
3.41667
2.16667
-3.125
2.08333
6
6.5
4.83333
3.08333
2.04167
-0.416667
-6.91667
-14.3333
-17.625
-14.375
-3.5
9.08333
14.7083
12.125
6.54167
4.16667
5.70833
9.66667
14.6667
14.0417
4
-9.875
-19.4583
-20.0833
-12.9167
-2.29167
5.70833
6.16667
2.45833
0.958333
-3.66667
2.125
6.08333
6.45833
4.41667
2.70833
3.45833
4.25
-0.0833333
-9.45833
-18.0833
-20.125
-12.0833
1.875
12.3333
14.25
10.375
7.66667
9
12.8333
15.0833
8.75
-5.83333
-18.9167
-22.875
-16.75
-5.41667
4.54167
8.70833
6.08333
1.54167
0.416667
-3.33333
1.66667
5.41667
6.54167
4.54167
2.29167
3.875
7.29167
5.70833
-3.20833
-15.2917
-23.2917
-20.125
-6.95833
7.33333
14.625
14.25
12.5833
13.4583
15.3333
12.9167
0.375
-16.9167
-25.5833
-21.625
-10.0833
2.375
9.54167
9.54167
5
0.708333
0.125
-2.83333
1.375
4.66667
6
4.375
2.16667
3.66667
8.45833
10.2917
3.66667
-10.2083
-23.2917
-26.0417
-15.9167
0.25
12.4583
17.5
18.75
18.2083
15.7083
7.41667
-9.625
-25.75
-28.125
-17.25
-2.16667
8.875
12.0417
9.125
4.125
0.583333
0.125
-2.04167
0.958333
3.66667
5.16667
4.08333
2.04167
3.375
8.95833
13.2917
9.375
-4.08333
-20.1667
-28.625
-23.6667
-8.25
8.29167
19.75
24.5417
22.0417
13.4583
-1.04167
-19.2917
-30.7083
-26.1667
-10.2083
5.45833
13.125
12.4167
7.875
3.41667
0.666667
0
-1.875
0.375
2.83333
4.41667
4
2.20833
2.79167
8.33333
14.4167
13.375
2.29167
-14.4583
-27.4167
-28.5417
-16.6667
2.45833
20.0417
28.2917
23.8333
9.04167
-10.3333
-26.7917
-31.4167
-20.2917
-1.625
12.25
15.5
11
5.66667
2.5
0.666667
-0.375
-1.45833
-0.5
1.95833
4.16667
4.16667
2.20833
1.79167
6.25
13
15.4167
8.41667
-6.79167
-22.5
-29.7083
-22.8333
-3.58333
17.75
27.9167
21.5
3.16667
-17.7917
-30.4167
-27.5
-11.25
7.33333
17.0417
15.0417
7.95833
3.16667
1.41667
0.583333
-0.333333
-0.416667
-0.708333
1.20833
3.625
4
1.875
0.416667
3.41667
10
15.3333
13.2917
1.83333
-14.5417
-27.0417
-25.6667
-8.58333
12.5417
22.5
15.3333
-3.79167
-22.5
-28.5417
-19.0833
-1.20833
13.7083
18.0417
12.7083
5.20833
1.5
0.625
0
-0.625
-0.333333
-0.125
1.75
3.41667
3.16667
0.666667
-1.29167
0.875
7.125
13.7917
15.875
9.5
-5.5
-21.25
-24.9583
-12.5
5.29167
13.2917
5.91667
-10.4167
-23
-21.9167
-8.125
7.66667
15.9167
15.6667
9.875
3.54167
0.875
0.25
-0.708333
-1.25
-2
-0.125
4.20833
5.125
2.04167
-1.54167
-3.16667
-0.958333
4.83333
11.6667
16.2083
14.25
2.79167
-13.5417
-21.375
-14.5417
-2.95833
1.33333
-4.20833
-14.5
-19.75
-12.25
2.83333
13.2083
14.75
12.0417
7.58333
2.79167
0.458333
-0.666667
-2.125
-2.45833
-4.375
-0.666667
7.625
9.08333
1.58333
-4.33333
-4.29167
-1.20833
2.625
7.79167
13.875
16.3333
9.625
-5.375
-16.1667
-15.1667
-11
-10.6667
-12.7083
-15.5833
-13.4583
-1.125
12.0417
15
10.7083
7.33333
5.375
2.29167
0.166667
-0.75
-2.45833
-3.54167
-5.125
0.625
11.6667
12
0
-7.41667
-5.16667
-1.45833
0.708333
4.95833
11.5
15.9583
12.8333
1.29167
-9.375
-14.1667
-18
-20.7917
-19.2083
-14.5833
-5.20833
9.75
18.4167
13.25
4.45833
2.58333
4.29167
2.5
0.0416667
0.0416667
-1.41667
-4.16667
-3.20833
2.91667
13.9167
12.1667
-2.16667
-9.79167
-6.75
-2.08333
1.25
4.875
8.79167
12.3333
12.2917
5.66667
-2.875
-11.3333
-22
-27.5833
-22.375
-11.6667
3.04167
18.0833
19.7917
8.58333
-0.0416667
0.583333
4.25
3.25
0.166667
-0.541667
-2.25
-5.16667
-0.708333
4.08333
13.6667
10.8333
-4.29167
-11.375
-7.41667
-2.45833
1.83333
5.91667
7.70833
8.5
8.95833
7.16667
2.625
-8.29167
-23.7083
-30.25
-22.5417
-7.58333
9.70833
22.1667
17.9583
3.58333
-3.04167
0.5
5.16667
3.70833
-0.75
-2.04167
-2.70833
-5.125
1.375
2.95833
11.3333
9.375
-4.79167
-10.9583
-6.95833
-2.66667
1.79167
6.29167
6.83333
6.04167
7.58333
8.25
4.29167
-7.54167
-23.5833
-29.75
-20.75
-5.08333
11.4583
22.25
16.0417
1.375
-3.20833
1.54167
5.58333
3.375
-1.58333
-2.83333
-2.75
-4.91667
-10.7222
-9.12963
-8.42593
-10.3148
-13.1852
-15.963
-17.5185
-15.5741
-8.77778
0.740741
11.537
22.9259
34.3519
45.037
53.3148
56.3519
52.8519
44.5926
34.7593
25.0185
15.8704
8.11111
0.759259
-5.66667
-8.61111
-7.03704
-4.2963
-2.11111
-0.240741
0.666667
0.87037
-0.444444
-1.77778
-3
-4.03704
-3.68519
-1.35185
2.61111
8.46296
15.4815
22.8148
29.2407
33.5926
35.1111
32.9815
28.9259
24.0741
18.3148
12.6481
7.62963
3.7037
1.16667
0.833333
2.57407
3.98148
4.87037
-3.25926
-4.72222
-6.85185
-9.77778
-12.6296
-15.3333
-18.037
-21.0926
-25.0185
-27.9815
-29.2037
-29.1296
-28.3519
-27.8519
-28.1481
-28.6111
-28.7778
-28
-27.2963
-27.463
-27.4444
-26.6852
-24.6296
-21.3333
-17.6111
-13.9815
-10.7222
-7.44444
-10.8889
-15.0185
-20.2037
-26.4074
-32.7222
-38.0556
-43.1481
-49.4074
-57.7037
-66.2593
-73.9074
-80.1296
-85.3148
-90
-94.2963
-96.7037
-96.0741
-92.6296
-87.7963
-82.4074
-76.1481
-68.5741
-59.7963
-50.6481
-42.9444
-36.6296
-30.3519
-23.5741
-12.963
-17.2593
-22.5556
-28.9074
-35.4815
-41.1296
-46.1296
-52.2222
-60.2222
-69.2407
-78.0741
-86.0741
-93.1111
-99.2407
-104.185
-107.037
-106.574
-103.241
-98.1667
-91.5
-83.3889
-74.0185
-64.1296
-54.7778
-47.2037
-41
-34.4074
-27.1667
-7.2963
-8.35185
-9.55556
-11.1852
-13.3704
-15.1667
-16.6481
-18.7407
-22.2593
-27.5926
-33.5185
-39.7222
-45.5926
-50.4815
-54.1852
-56.2778
-56.2407
-54.3148
-50.8148
-45.9259
-40.0926
-33.7778
-28.1296
-23.7222
-20.7037
-18.5185
-15.6667
-12.8148
0
2.7037
6.59259
10.9815
14.7963
18.037
21.2222
24.0926
25.9074
25.7037
24.2222
21.2407
17.7407
14.7778
12.8889
11.8704
11.9074
13.0926
15.2407
17.9074
20.3148
21.5926
21.0741
18.963
16.2778
13.4074
10.8333
7.42593
3.5
7.68519
13.6296
20.8704
27.8889
33.9074
39.1481
44.463
49.1852
52.2037
53.3333
52.463
50.5185
48.6296
47.5
47.2407
47.6852
49.037
51.2778
53.1667
53.6296
51.8333
47.7778
42.537
37.1481
31.6481
25.7778
18.3889
2.51852
5.2037
9.51852
15.3519
21.6481
26.9444
31.2407
35.7222
40.3704
44.1667
46.1296
46.3333
45.3333
43.8333
42.8333
42.7963
43.6667
45.4815
47.9444
49.7037
49.6111
46.9444
42.5741
37.9815
33.4444
28.5926
22.5741
15.5
0.611111
0.981481
2.35185
4.98148
8.55556
11.8333
14.037
16.3889
19.3333
22.4444
24.3889
25.1667
24.9259
23.9259
22.7778
22.7037
23.8519
25.7037
27.7593
28.8148
28.1481
25.7407
22.6852
20.3333
18.1481
15.0926
10.7407
6.24074
0.203704
-1.11111
-1.83333
-1.64815
-0.314815
1.40741
2.62963
3.35185
4.46296
6.42593
8.46296
9.87037
10.3889
9.98148
8.92593
8.75926
10.0741
11.7222
12.7593
12.463
10.9259
8.81481
7.05556
6.27778
5.40741
3.35185
0.5
-1.38889
0.611111
-1.14815
-2.72222
-3.61111
-3.37037
-2.24074
-0.944444
-0.611111
-0.62963
0.351852
2.31481
4.18519
5.31481
5.38889
4.7037
4.61111
5.7963
7
6.88889
5.27778
2.81481
0.814815
-0.148148
-0.537037
-1.55556
-3.64815
-5.64815
-6.05556
-1.05556
-2.68519
-4.42593
-5.66667
-5.77778
-4.77778
-2.85185
-1.94444
-1.98148
-1.46296
0.351852
2.59259
4.27778
4.77778
4.81481
5
5.61111
5.81481
4.46296
1.74074
-1.40741
-3.66667
-4.74074
-6.09259
-8.64815
-11.5926
-13.463
-13.4444
-9.09259
-10.2593
-11.9074
-13.1111
-13.1296
-11.7407
-9.03704
-6.61111
-5.18519
-3.92593
-1.92593
0.851852
3.27778
4.59259
5.62963
6.07407
5.59259
4.22222
1.37037
-2.35185
-6.22222
-9.35185
-11.8333
-15.3148
-19.8704
-23.9074
-26.2593
-26.6667
-23.463
-23.9815
-25.1481
-25.8704
-25.4815
-23.3148
-19.6111
-15.2407
-11.3889
-8.27778
-5.33333
-1.72222
1.72222
4.5
6.7037
7.25926
5.59259
2.2037
-2.24074
-6.94444
-11.4444
-15.5556
-19.9259
-25.6481
-31.5556
-36.1296
-38.5185
-39.2407
-34.4815
-34.1667
-34.4815
-34.5741
-33.9444
-31.5926
-27.7037
-22.4074
-16.8889
-12.2963
-8.48148
-4.33333
-0.037037
4.37037
7.61111
8.18519
5.64815
0.759259
-4.75926
-9.75926
-14.0185
-17.9074
-22.7222
-28.3889
-33.0741
-35.8704
-36.5185
-36.037
-28.963
-27.7407
-27.0741
-27.1296
-27.3519
-26.7037
-24.5926
-20.8333
-16.2222
-12.2037
-9.11111
-5.75926
-1.40741
3.77778
7.59259
8.12963
5.18519
-0.277778
-5.7037
-9.57407
-11.8704
-13.6667
-16.1111
-18.5556
-19.2593
-17.7037
-14.4444
-11.037
-3.81481
-2.37037
-1.35185
-2.46296
-4.83333
-7.7037
-9.48148
-9.66667
-8.62963
-7.44444
-6.57407
-5.16667
-1.7963
2.94444
6.57407
7.01852
4.09259
-0.648148
-4.75926
-6.42593
-5.96296
-4.94444
-3.96296
-1.87037
2.25926
8.48148
15.1852
20.9074
24.1667
25.0741
25.3519
23.0185
18.6481
12.6481
7.07407
2.92593
0.333333
-1.35185
-2.61111
-2.88889
-1.01852
2.2037
4.87037
4.98148
2.38889
-0.944444
-3.05556
-2.77778
-0.574074
1.87037
5.01852
10
16.9815
25.5
33.0741
38.5556
36.1296
36.037
35.3889
32.7963
28.0926
21.5741
14.537
8.64815
4.33333
1.57407
0.0925926
-0.425926
0.12963
1.40741
2.42593
2.11111
0.407407
-1.05556
-1.38889
-0.518519
1.05556
2.96296
6
11.2963
18.3704
25.6296
30.8519
33.6111
27.0185
26.6667
25.7407
24.4815
21.6111
17.2593
11.5741
6.38889
2.68519
0.703704
0.425926
0.759259
0.462963
-0.222222
-1.12963
-1.81481
-2.07407
-1.57407
-0.481481
-0.222222
-0.518519
-0.037037
2.24074
6.72222
12.2593
16.6852
18.7963
18.7407
10.0741
10.463
10.6296
11.4074
11.2222
9.85185
6.7037
2.88889
-0.148148
-1.31481
-0.666667
0.037037
-0.944444
-3.48148
-6.12963
-7
-5.57407
-2.87037
-0.722222
-0.796296
-2.31481
-2.44444
-0.222222
3.7963
7.74074
9.44444
8.98148
7.35185
1.16667
2.42593
3.46296
5.55556
7.40741
8.16667
6.88889
3.7963
0.722222
-0.944444
-1.11111
-1.64815
-4.01852
-8.12963
-11.9815
-12.8889
-10.1111
-5.53704
-2
-1.18519
-1.55556
-0.518519
2.7963
6.96296
9.85185
10.0556
8.40741
6.11111
3.74074
4.72222
5.90741
8
10.5556
12.5926
12.5185
9.83333
6.11111
3.05556
0.5
-2.94444
-7.64815
-13.4074
-17.8889
-18.8704
-15.6111
-9.96296
-5.16667
-1.81481
1.07407
4.75926
9.44444
13.4074
15.2963
14.5741
12.2778
9.68519
10.0741
9.72222
10
11.0185
13.2407
15.8704
16.4074
14.5185
10.8704
6.61111
1.48148
-4.83333
-11.7407
-18.2593
-22.7407
-23.7593
-20.8519
-15.4815
-9.96296
-4.27778
1.87037
7.98148
13.0185
15.7407
16.2593
14.8519
12.5741
10.1111
9.01852
7.42593
7.18519
7.38889
8.81481
11.037
12.0741
11.3148
8.42593
3.88889
-2.53704
-9.96296
-17.3704
-23.5
-27.3889
-28.3519
-26.2778
-22.4815
-17.7407
-11.2778
-4.03704
2.33333
6.12963
7
5.92593
3.90741
2.2963
1.38889
-1.18519
-2.2963
-2.66667
-3.16667
-3.09259
-2.87037
-2.38889
-2.5
-4.25926
-7.90741
-13.3704
-18.6111
-23.0741
-26.2593
-28.2407
-28.5185
-27.2778
-25.5556
-22.9815
-18.6481
-13.7407
-10.0741
-8.75926
-9.64815
-12
-14.0556
-14.2963
-12.9259
-11.5
-11.463
-11.5556
-12.3889
-13.9815
-16.0741
-16.2222
-15.4815
-15.1481
-16.463
-18.4815
-19.2778
-18.8704
-17.6481
-16.4074
-15.2778
-14.9815
-16.0556
-16.6296
-16.037
-15.2963
-15.8704
-17.463
-19.6296
-22.3333
-23.8519
-22.6481
-19.5185
-5.33333
-7.18519
-7.75926
-4.98148
0.0925926
6.09259
9.53704
6.7037
-6.22222
-25.037
-35.2963
-24.2407
2.35185
25.3148
31.9259
28.8519
27.4074
27.537
19.7593
1.46296
-15.8519
-20.8333
-14.5185
-7.5
-7.11111
-8.37037
-6.68519
-1
5.03704
-0.944444
-7.2963
-9.38889
-5.72222
1.22222
6.18519
4.7037
-6.96296
-23.0556
-31.1481
-19.6852
4.48148
24.7407
29.9259
27.1111
26.537
27.2593
19.7963
1.42593
-16.0185
-21.9815
-16.0185
-9
-6.33333
-7.31481
-7.40741
-5.85185
9.51852
1.66667
-7.51852
-11.3889
-9.18519
-2.77778
2.35185
2.46296
-5.7963
-17.8148
-23.6481
-13.9074
5.59259
21.8148
25.6296
23.6667
23.7778
24.5556
17.4259
0.592593
-14.6667
-19.0185
-12.6852
-6.11111
-4.44444
-7.25926
-9.83333
-9.83333
10.1667
1.31481
-9.42593
-14.6296
-12.9444
-5.33333
1.96296
4.98148
-0.592593
-10.4815
-16.4074
-10.0741
4.18519
16.5556
19.9815
19.2407
19.6481
19.8704
13.7037
0.703704
-9.92593
-11.5185
-5.62963
-1.64815
-3.55556
-9.74074
-14.4074
-14.2407
10.6481
1.01852
-11.2778
-18.2407
-17.1481
-8.2963
1.64815
7.94444
5.55556
-2.24074
-8.74074
-6.51852
2.16667
10.8704
14.0926
14.5741
14.9815
14.537
9.66667
1.38889
-3.72222
-2.35185
2.25926
2.22222
-4.25926
-13.7222
-19.3519
-18
11.2037
1.37037
-12.1111
-20.9074
-21.2593
-12.1667
-0.0925926
9.75926
11.2407
6.12963
-0.740741
-2.61111
0.518519
5.40741
8.2037
9.5
10.0926
9.40741
6.62963
3.40741
3.51852
6.83333
8.87037
4.16667
-6.64815
-18.2407
-23.6111
-20.4259
11.9444
2.25926
-11.8519
-22.5185
-24.7593
-16.463
-3.22222
9.48148
14.8519
13.2593
7.55556
3.18519
1.40741
1.72222
2.38889
3.2037
3.7963
4.03704
4.62963
7.07407
11.6481
15.4815
13.9074
4.35185
-10
-22.7037
-27
-21.7407
12.5
3.51852
-10.8148
-22.8519
-27.2778
-20.4815
-7.12963
7.74074
16.2963
17.7037
13.0556
7.51852
3.01852
0.796296
-0.0555556
0.185185
0.796296
2.03704
5
10.6111
17.0185
20.0556
15.3889
2.64815
-13.3519
-25.7407
-28.5556
-21.7778
12.6852
5.03704
-9.03704
-21.9259
-28.463
-23.6111
-11.0926
4.94444
15.9815
20
16.6852
10.7778
4.83333
1.16667
-0.388889
-0.259259
0.777778
2.98148
7.44444
14.2037
20.3889
21.3889
13.9074
-1.01852
-17.1667
-27.9074
-28.2037
-19.9444
12.6111
6.31481
-6.87037
-20.0185
-28.1111
-25.6667
-14.963
0.888889
13.6111
20.3889
19.3333
14.2222
7.48148
2.53704
0.0555556
-0.0185185
1.46296
4.87037
10.7037
17.9259
22.6481
20.7407
10.463
-5.55556
-20.6852
-28.9074
-26.8704
-17.3704
12.5926
7.94444
-3.72222
-16.7593
-26.2593
-26.9259
-19.0926
-4.81481
8.96296
18.537
20.6852
17.4815
10.8333
4.75926
1.09259
0.703704
2.90741
7.61111
14.2037
20.6296
22.7593
17.537
5.05556
-10.7778
-23.4259
-28.3704
-23.9444
-13.8889
12.8333
9.96296
0.111111
-12.3889
-23.2037
-27.1296
-22.9444
-11.3333
2.37037
14.3519
20.2037
19.963
14.3704
7.55556
2.81481
2.22222
5.40741
11.2222
17.6111
21.7778
20.1481
11.4259
-2.37037
-16.537
-25.2778
-26.1481
-19.2037
-9.11111
12.6667
11.3704
3.62963
-7.33333
-18.3333
-24.9444
-24.9074
-17.4444
-5.48148
7.7037
17.1852
20.7593
17.5556
11.1111
5.81481
4.94444
8.66667
14.7593
19.8519
20.6852
14.8148
3.05556
-10.963
-21.9815
-25.5926
-21.7037
-12.6296
-3.5
12.2407
12.1852
6.48148
-2.16667
-11.963
-19.9074
-23.9815
-21.8333
-13.7407
-0.87037
11.4074
19.1852
19.3333
14.7593
10.0185
9.18519
12.7037
17.7222
20.2037
16.7037
6.61111
-7.18519
-19.2222
-25.037
-22.5926
-14.7407
-5.25926
1.55556
11.5926
12.3519
8.46296
2.62963
-4.92593
-12.8704
-20.2778
-23.7407
-21
-10.5556
3
14.6111
19.2222
18.1667
15.3148
14.8148
17.2593
19.7037
17.9815
9.55556
-3.77778
-17.1667
-24.5926
-24.0926
-16.4444
-6.7963
1.31481
5.14815
10.6852
11.9444
9.46296
6.03704
1.11111
-5.53704
-14.4259
-22.463
-25.6111
-19.6296
-6.92593
7.61111
17.1296
20.9259
21.1111
21.2963
21.8148
20.0926
12.963
-0.0925926
-14.6296
-24.8519
-26.0556
-19.5556
-8.68519
0.685185
6.14815
6.85185
9.7037
10.8704
9.25926
7.7037
5.7037
1.51852
-7.03704
-18.2778
-27.1111
-26.9815
-17
-1.03704
13.3704
22.7222
26.8148
27.5741
25.2407
18.2222
5.51852
-10.7407
-24.1481
-29.2222
-23.8333
-12.6667
-0.648148
6.7963
9.22222
7.35185
8.62963
9.46296
8.42593
8.31481
9
7.68519
0.62963
-12.1667
-25.6296
-31.6111
-26.0741
-10.4444
7.92593
23.1667
31.5185
32.7407
26.8148
14.0741
-3.48148
-20.9815
-31.0185
-29.8333
-18.5741
-4.53704
6.7037
11.3148
10.5741
6.7963
7.83333
8.57407
7.7963
8.2963
10.7593
12.2037
7.62963
-4.7963
-21.2222
-32.7963
-32.8889
-19.6667
0.925926
21.3148
34.037
35.8704
26.4444
8.33333
-12.8333
-29.6667
-34.5741
-26.9074
-11.037
3.61111
12.5926
13.8889
10.7407
5.83333
7.2963
8.37037
7.44444
7.90741
11.1481
14.9074
13.3148
2.7037
-14.7778
-30.6481
-36.3519
-26.9815
-6.42593
17.0741
32.8704
35.1111
23.0185
1.44444
-20.8333
-34.8519
-34.0556
-21.037
-2.88889
10.5185
16.3704
14.9074
10.2963
5.22222
6.68519
8
7.07407
7.42593
10.7778
15.9815
17.0185
9.33333
-7.25926
-25.4074
-36.0741
-31.463
-13.2037
10.8333
27.7593
29.9074
16.3148
-6.07407
-26.3704
-35.7222
-29.5185
-13.4259
4.85185
15.8333
18.7593
14.963
9.40741
4.40741
6.40741
7.2963
5.96296
5.7963
9.16667
15.463
19.1481
14.9444
0.796296
-17.9259
-32.3333
-32.963
-18.7778
3.12963
19.3704
21.1111
7.64815
-12.7593
-28.6667
-32.4074
-22.037
-4.83333
11.7778
19.7963
19.8519
14.0556
7.64815
2.7963
6.88889
6.87037
4.07407
2.83333
6.01852
13.2778
19.6667
19.2963
8.66667
-9.05556
-25.9444
-31.4815
-22.7963
-5.01852
8.90741
10.3333
-1.27778
-17.537
-27.3889
-25.6296
-12.3333
3.98148
17.5185
21.8519
19.0741
11.5556
4.62963
0.111111
8.51852
7.5
2.40741
-0.166667
2.44444
10.037
17.8519
20.8889
14.8333
0.166667
-17.4444
-27.5
-25.1481
-13.0185
-2.27778
-0.87037
-9.16667
-19.5741
-22.5556
-15.9259
-1.87037
11.1481
19.7778
20.2963
15.7963
8.40741
2.33333
-1.64815
10.7407
7.83333
0.277778
-3.37037
-1.2037
6.59259
15.1852
21.0185
19.0926
8.11111
-8.68519
-21.8333
-25.5741
-20.0926
-13.5741
-12.1481
-15.963
-18.9815
-14.7963
-4.61111
7.48148
15.1481
18.3519
16.4074
11.9259
6.24074
1.68519
-1.5
11.9074
7.37037
-2.09259
-6.44444
-4.35185
4.09259
13.1296
20.1481
20.4259
12.8889
-1.31481
-14.963
-23.4259
-24.9444
-23.7778
-22.6296
-21.0556
-16.037
-5.62963
5.66667
14.2963
16.7778
16.2407
13.0556
9.14815
4.57407
0.685185
-2.55556
11.3148
5.87037
-4.16667
-8.55556
-6.59259
2.01852
11.1667
18.9444
20.463
15.8148
4.57407
-7.88889
-19.9074
-28.037
-32.6296
-31.7407
-24.5
-11.7778
3.68519
14.2407
18.537
16.0926
13.5185
10.463
7.66667
3.33333
-0.574074
-3.87037
9.83333
4.42593
-5.38889
-9.61111
-7.98148
0.203704
9
17.1296
20.2407
18.537
10.2963
-1.61111
-16.8704
-30.8148
-40.0185
-39.3889
-27.7037
-8.72222
10.7593
21.1296
21.8148
15.6852
11.2593
8.7037
6.77778
2.81481
-1.42593
-4.85185
-42.2778
-40.3889
-19.5
11.2222
32.1111
35.1111
27.6111
16.6667
8.33333
-0.166667
-9.05556
-19.8333
-31.8889
-39.8333
-39.4444
-26.7778
-12.1111
-1.66667
3.5
12.5556
28.2778
41.5
41.3333
25.9444
7
-10.0556
-17.2222
-16.5
-6.72222
-4
-14.2222
-28.2222
-34.1111
-26.3333
-11.1111
7.27778
20.3333
26.2778
26.4444
20.7222
11.6111
0.277778
-11.6111
-21.7222
-27.8333
-26.8889
-20.7778
-11.4444
-5.22222
-1.16667
2.5
10.7222
22
29.1111
26.1667
13.5
0.0555556
-11.7778
-16.8889
-16.7778
-8.72222
-4.72222
-7.44444
-14.3889
-13.5556
-7.61111
-2.66667
3.22222
6.94444
11.0556
13.6111
13.1667
8.38889
0.611111
-7.33333
-11.4444
-8.27778
-0.222222
6.27778
6.16667
0.777778
-1.77778
0.166667
4.5
5.77778
2.83333
-1.33333
-4.77778
-5.77778
-6.72222
-7.5
-7.38889
-5.88889
-5.11111
-5.94444
-6.66667
1.11111
4
5.33333
4.88889
3.83333
3.44444
3.83333
3.5
1.94444
0.0555556
-1.22222
1.72222
11.8333
24.6667
30.2778
22
7.83333
-1
-2.22222
-4.05556
-12.1111
-22.1111
-24.6667
-17.5556
-7.55556
-1.44444
-0.833333
-2.16667
-4.16667
-6.16667
-8.11111
-8.61111
4.5
7.66667
10
9.22222
7.16667
4.83333
2.94444
1.11111
-0.222222
-0.777778
-0.444444
4.38889
18.2778
36.3333
46.2778
38.6111
21.2222
6.16667
-2.5
-12.9444
-28.9444
-42.1111
-41.3889
-26.3889
-9.88889
-0.5
1.16667
-0.222222
-2.61111
-6.27778
-9.94444
-12.2778
3.66667
7.38889
10.7778
11
8.38889
4.33333
-0.5
-3.88889
-5.66667
-4.66667
-2.5
3.61111
16.0556
31.9444
41.7222
37.6111
24.3889
10.0556
-1.27778
-14.3889
-30.2778
-41.1667
-39.1667
-24.5556
-9.16667
0.666667
4.5
5.55556
4.16667
-0.722222
-7.05556
-12
1.33333
2.94444
5.33333
6.16667
3.66667
-1.88889
-9.94444
-14.8333
-16.4444
-12.8889
-7.5
0.0555556
9.5
19.4444
26
24.9444
18.2222
9
0.111111
-10
-20.6111
-26.9444
-25.1667
-15.1111
-3.38889
6.83333
13.7222
16.8333
15.2778
8.77778
0.555556
-5.83333
-1.61111
-2.66667
-1.88889
-0.666667
-2.33333
-8.61111
-18.5556
-25.6111
-28
-22.9444
-14.4444
-4.44444
3
7.72222
9.38889
8.77778
6.66667
3.61111
0.111111
-3.94444
-7.72222
-9.88889
-9.11111
-4.05556
4.72222
15.8889
25.4444
29.4444
25.6111
16.6111
6.66667
1.22222
-3.16667
-6
-6.94444
-5.61111
-4.72222
-8.33333
-16.4444
-25.2222
-29.9444
-27.8333
-19.7222
-9.66667
-2.11111
1.16667
1.72222
1.38889
0.777778
-0.166667
-1.22222
-1.77778
-2.05556
-2.16667
-1.55556
2.66667
11.3333
22.8889
31.1667
31.8889
24.7778
14.7778
7.22222
5.27778
-3.5
-6.38889
-8.11111
-6.27778
-1.88889
0.111111
-2.88889
-11.6111
-20.0556
-24.3333
-21.5556
-14.4444
-7.38889
-2.55556
-0.222222
0.888889
0.277778
-1.16667
-2.33333
-2.11111
-1.5
-0.833333
1.27778
6.88889
15.6111
23.6111
26
20.8333
11.2778
3.33333
1.72222
5.05556
-2.66667
-4.77778
-6.88889
-5.44444
0.722222
7.83333
11.4444
6.38889
-3.16667
-13.8333
-18.7778
-17.8333
-12.5
-6.5
-1.66667
1.16667
1.33333
-0.277778
-1.83333
-2
-1.38889
0.277778
4.38889
11.5
18.1667
19.5
13.0556
1.77778
-7.44444
-9.55556
-3.5
4.11111
-1.55556
-3.11111
-5.5
-5.16667
0.166667
9.83333
18.5556
19.1111
11.0556
-2.44444
-14.1111
-19.1111
-16.6667
-9.61111
-3.22222
0.388889
0.888889
0.111111
-0.555556
-0.944444
-0.222222
2.77778
9.61111
17
19.5
12.5556
-1.16667
-14.5
-20.1111
-15.6111
-4.83333
4.22222
-0.611111
-1.66667
-3.94444
-5.05556
-2.44444
6.05556
16.8889
22.7222
19.1667
6.94444
-7.66667
-17.3889
-18.1667
-12
-5.27778
-1.72222
-0.666667
-0.0555556
0.555556
0.666667
1.94444
6.83333
14.8889
20.4444
17.4444
4.22222
-12.3889
-23.5556
-23.4444
-13.7778
-1.94444
5.33333
-0.111111
-0.666667
-2.72222
-4.44444
-4.5
1.44444
11.5
20.6111
21.7778
13.5556
-0.611111
-12.8889
-17.4444
-13.6667
-7.55556
-3.77778
-2.22222
-0.722222
0.888889
2.05556
4.72222
11.2778
19.0556
20.7222
11.7778
-5.27778
-20.6667
-26.2778
-20.1111
-7.83333
2.16667
5.83333
-0.111111
-0.222222
-1.44444
-3.05556
-4.5
-2.11111
5.33333
15.3333
21.3333
18.3889
7.16667
-6.44444
-15.1111
-15.7222
-10.8333
-5.77778
-2.38889
-0.388889
1.22222
3.55556
8.16667
15.5556
20.3889
16.2778
2.55556
-14.5556
-25.0556
-24.2778
-14
-2.11111
4.55556
4.83333
-0.444444
-0.222222
-0.444444
-1.61111
-3.5
-3.88889
0.5
9.66667
18.9444
21.3333
14.4444
1.05556
-11.3333
-17.1667
-14.7222
-8.5
-2.72222
0.166667
2.05556
5.77778
12.3889
19
18.6667
8.22222
-8.77778
-22.8889
-26.8889
-19.5556
-7.22222
2.44444
4.94444
2.72222
-0.944444
-0.888889
-0.444444
-1.05556
-2.38889
-4.16667
-2.38889
4.88889
15.8333
23
21.4444
10.1667
-4.61111
-15.8333
-17.7778
-12.3333
-4.88889
-0.277778
3.27778
9.05556
17
20.4444
13.1111
-3.61111
-21.4444
-30.7222
-28.0556
-16.2778
-3.66667
3.33333
3.27778
0.444444
-1.77778
-2.11111
-1.72222
-1.61111
-2.16667
-3.66667
-3.11111
2.83333
14.5556
25.8889
29.5556
21.4444
5.5
-10.2778
-17.8889
-15.7778
-8.61111
-1.66667
4.94444
12.7222
19.5
17.6111
3.33333
-17.6111
-34.5556
-38.8333
-30.9444
-16.5
-4.22222
1.44444
1.05556
-1.05556
-2.11111
-2.88889
-3.33333
-2.72222
-2.55556
-2.72222
-1.72222
4.16667
16.1667
30.1667
37.7778
33.3889
17.8333
-1
-14.5556
-17.5
-12.2222
-2.83333
7.16667
15.7222
18.5
9.38889
-10.2778
-32.5
-45.2222
-43.8333
-31.2222
-16.1111
-5.33333
-1.11111
-0.666667
-1.27778
-0.833333
-1.72222
-2.88889
-2.77778
-2.33333
-1.61111
0.111111
5.38889
16.3889
30.8889
41.5
41.6667
29.1111
9.83333
-8.05556
-16.2778
-13.8333
-2.94444
9.33333
17
13.7778
-2.22222
-24.7222
-43.9444
-49.1667
-40.2778
-23.3889
-9
-1.77778
-0.444444
-0.666667
-0.777778
2.27778
1.94444
0.555556
-0.944444
-1.33333
-0.777778
0.5
3.44444
10.5556
22.7222
35.7222
42.1111
36.5
20.1111
0.611111
-12.2222
-12.7778
-2.16667
10.4444
15.1111
5.72222
-15.0556
-36.3889
-47.6111
-42.1667
-25.3889
-6.77778
3.72222
5.27778
2.5
0.777778
0.666667
5.38889
5.83333
4.77778
1.38889
-0.111111
-1.05556
-1.83333
-2.94444
-1
7.11111
21.3889
34.3889
38.2222
28.6111
10.8889
-4.44444
-8.5
-0.722222
8.94444
8.83333
-5.61111
-27.1111
-42.4444
-42.0556
-26.4444
-5.33333
9.83333
13.8889
9.94444
4.72222
1.72222
0.888889
5.94444
6.33333
5.66667
2.05556
-0.111111
-2
-4.5
-8.33333
-11.0556
-7.44444
5.16667
22.3333
35.1111
34.6111
22.1111
6.38889
-1.27778
0.666667
3.94444
-2.33333
-19.4444
-36.9444
-42.0556
-29.8333
-7.94444
11.1667
19.1111
16.2222
9.44444
4.38889
2.11111
1.27778
4
3.66667
2.72222
0.888889
-0.222222
-1.5
-4.5
-9.38889
-14.7222
-15.5556
-7.33333
9.77778
28.0556
37.1111
32.5556
20.2222
8.94444
2.16667
-5
-17.6667
-33.5556
-42.5
-35.8333
-15.4444
7.05556
19.8889
19.8889
12.6667
5.66667
2.55556
1.27778
0.722222
1.55556
0.722222
-0.166667
0.277778
0.5
0.666667
-1.55556
-6.05556
-12.9444
-17.5
-14.8333
-1.05556
18.8333
35.3333
40.3889
33.7778
20.2778
3.27778
-15.5556
-33.5
-44.6667
-42.1667
-24.8889
-1.44444
16.2778
20.7778
15.6667
7.94444
3.16667
1.61111
1.16667
1
0.777778
1.11111
1.16667
3.16667
3.88889
3.72222
1.33333
-3.11111
-10
-16.7222
-18.1667
-9.44444
8.55556
28.6667
42.1667
42.7778
29.1111
3.94444
-24.3889
-44.9444
-49.0556
-35.2222
-11
10.8333
20.3333
17.5556
9.77778
4.55556
2.55556
2.05556
1.05556
0.611111
0.666667
2.05556
4.27778
7.77778
8
5.33333
1.61111
-2.83333
-8.16667
-14.4444
-18.1111
-14.4444
-1.5
17.8333
35.5
41.5556
29.7778
2.38889
-27.7778
-45.8333
-42.6667
-21.7222
4.16667
20.2222
21
12.5
5.27778
3.5
4.16667
3.27778
0.833333
-1.61111
-1.44444
-0.666667
3.16667
10
11
6.66667
1.05556
-2.38889
-4.77778
-9.77778
-15.4444
-17.3889
-10.9444
3.88889
20.5556
28.6667
20.2222
-2.27778
-25.5
-35.6667
-25.8889
-3.33333
18.4444
26.7222
20.5
9.38889
2.5
1.88889
2.83333
2
-0.388889
-4.11111
-5.72222
-5.44444
0.111111
9.44444
11.2222
6.83333
0.777778
-1.05556
-1.5
-4.83333
-11.3889
-17.2222
-17.7778
-9.55556
2.33333
10.1111
5.5
-7.66667
-19.1111
-19.1667
-5.38889
13.9444
28.2222
28.5
17.9444
6.38889
0.333333
-0.611111
-0.666667
-0.666667
-0.888889
-3.44444
-7.55556
-5.27778
0.222222
6.94444
7.72222
4.88889
0
-0.111111
0.5
-0.444444
-6.5
-15.1667
-21.7222
-21.0556
-14
-7.38889
-6.72222
-10.2778
-10.8889
-3.38889
11.1667
25.0556
30.0556
24.0556
12.6667
4.38889
-0.166667
-1.83333
-2.83333
-1.77778
0.388889
-0.111111
-1.72222
4.44444
7.72222
5.27778
1.38889
-1.5
-3.66667
-3.83333
-3.55556
-0.944444
-2.05556
-8.66667
-19.2222
-24.6111
-22
-14.9444
-10.1667
-7.11111
-2.5
6.88889
18.4444
25.3333
22.8889
13.1111
4.27778
1.11111
1.44444
1.72222
0.888889
0.777778
2.05556
3.33333
9.33333
15.2778
11.7222
0.111111
-6.88889
-7.77778
-6.38889
-6.33333
-6.05556
-1.88889
0.5
-2.55556
-10.7778
-16.8889
-16.7778
-12.2222
-6.27778
-0.722222
4.83333
10.7222
14.7778
13.3889
6.05556
-1.77778
-3.16667
0.944444
6.16667
8.05556
7.55556
4.61111
2.5
2.22222
-3.74
10.78
22.44
28.76
28.28
21.6
11.24
1.34
-5.14
-8.1
-7.34
-3.46
0.82
3.7
4.64
4.82
4.44
3.78
3.04
2.14
0
-4.5
-8.24
-10.82
-13.36
-16.64
-19.14
-22.76
2.88
12.22
19.24
22.96
20.7
14.2
5.8
-0.48
-1.64
2
9.26
19.08
26.1
26.26
21.04
12.62
1.62
-8.78
-16.18
-21.06
-22.6
-21.54
-18.68
-15.2
-12.14
-12.12
-13.56
-16.62
8.2
11.34
11.94
10.56
5.88
0.24
-4.9
-5.96
-0.24
10.96
24.7
38.94
47.96
46.06
35.34
18.72
-2.06
-21.8
-36.3
-44.58
-44.34
-35.82
-24.02
-11.88
-2.28
1.6
-0.5
-5.64
9.82
8.96
5.14
-1.14
-8.7
-14.96
-18.24
-15.26
-4.42
11.54
28.24
43.64
52.4
49.36
37.28
19
-3.9
-25.6
-41.28
-49.64
-47.6
-34.88
-18.18
-1.64
11.3
16.6
13.16
5.52
5.36
3.58
-1.26
-9.1
-18.34
-25.68
-29.24
-25.68
-14.16
2.44
19.5
34.44
42.68
40.66
30.82
15.38
-3.9
-21.92
-34.66
-40.66
-36.9
-23.24
-5.82
11.06
23.84
28.48
24.16
15.3
-0.82
-2.38
-6.78
-14.64
-24.14
-32.28
-37.04
-34.88
-25.02
-9.88
6.14
20.22
28.52
28.64
22.1
10.82
-3.38
-16.46
-25.18
-27.88
-22.16
-8.22
8.62
24.2
34.86
37.54
31.9
22.4
-5.52
-6.18
-8.52
-14.22
-22.16
-30.6
-36.9
-38.08
-32.5
-21.4
-7.84
4.7
13.3
16.16
13.46
6.56
-2.44
-10.46
-15.16
-14.52
-7.2
5.9
20.34
32.46
38.94
38.34
31.64
22.72
-8.26
-7.08
-6.3
-7.82
-12.46
-19.96
-27.88
-33.2
-33.66
-28.48
-19.44
-9.62
-1.7
2.9
3.64
1.52
-1.86
-4.06
-3.56
0.5
8.44
18.9
28.18
33.36
33.44
28.72
21.46
14.8
-9.24
-6.62
-2.86
0.04
-0.2
-5.28
-13.68
-22.64
-28.82
-29.9
-25.64
-18.42
-10.84
-4.92
-1.78
-1
-0.98
0.46
4.3
10.64
18.82
26.28
29.74
27.82
21.5
12.96
5.96
2.74
-8.2
-4.88
0.8
7.4
11.5
9.56
1.84
-9.36
-20.2
-27.12
-27.74
-23.04
-15.82
-8.88
-4.08
-1.52
0.4
3.72
9.3
16.74
24.18
28.02
25.72
17.58
6.3
-4.18
-9.54
-8.76
-6.44
-3.14
3.38
12.44
20.02
21.72
16.24
4.7
-9.14
-20.94
-26.62
-25.4
-19.6
-12.48
-6.26
-1.68
2.36
7.62
14.52
21.86
26.9
25.9
17.58
4.14
-9.9
-19.96
-22.14
-17.08
-5.22
-2.58
3.46
13.12
22.68
27.96
25.9
16.22
1.88
-12.7
-22.88
-25.78
-22.42
-16.06
-8.94
-2.02
4.82
12.2
20
26.18
27.42
20.9
7.24
-9.5
-23.66
-30.96
-29.08
-20.2
-4.82
-3.56
1.08
9.66
19.92
28.32
30.76
24.88
12.5
-2.98
-16.54
-23.94
-23.92
-19.04
-11.34
-2.24
7.42
16.4
23.84
27.48
23.9
11.84
-5.6
-22.9
-34.78
-37.68
-31.26
-19.5
-5.06
-5.04
-1.88
5.48
15.9
26.92
34.1
33.28
24.16
9.12
-7.08
-19.12
-23.66
-21.2
-13.48
-2.46
9.54
19.54
25.46
24.84
15.24
-2.06
-21.74
-37.6
-44.98
-42
-31.04
-17.28
-5.24
-5.86
-3.66
2.66
13.04
26.1
37.6
42.1
37.14
23.66
5.72
-10.9
-20.78
-21.96
-15.12
-2.78
10.88
21
24.36
18.24
2.22
-19.28
-39.1
-51.48
-52.78
-43.62
-28.84
-14.26
-4.66
-5.56
-4.08
1.06
11
25.1
39.76
49.12
49.02
38.42
20.3
0.34
-14.46
-19.8
-14.98
-2.82
10.92
19.6
19.08
7.38
-13.66
-37.06
-54.66
-61.68
-56.74
-42.62
-25.62
-11.48
-3.4
-4.62
-3.94
0.04
9.1
23.28
39.92
53.42
58.26
51.66
35.1
13.68
-4.9
-14.22
-12.34
-2.12
9.54
14.96
9.66
-7.14
-31
-53.4
-66.34
-67.02
-56.2
-38.74
-21.34
-8.86
-1.46
-2.98
-3.26
-0.64
6.86
19.76
36.74
53.06
62.46
60.94
48.08
27.8
7.42
-5.3
-7.32
-1.02
6.3
7.08
-2.94
-23.04
-46.54
-64.48
-70.42
-63.86
-47.8
-28.78
-13.1
-3.7
1.12
-0.72
-2.06
-1.56
3.2
13
27.92
44.9
58.32
62.9
56.32
40.56
21.52
6.54
-0.1
0.1
0.84
-4.28
-18.08
-38.26
-57.14
-67.04
-63.98
-50.2
-31
-13.32
-1.58
3.24
3.5
1.38
-1
-3
-2.02
3.28
14.28
29.82
45.94
56.92
58.62
50.58
36.06
20.82
9.36
1.56
-6.48
-18.2
-34.44
-51.48
-62.26
-61.94
-50.22
-31.36
-12.12
1.6
7.92
8.24
5.1
3
-0.18
-3.86
-6.3
-5.72
0.46
13.12
29.78
45.84
56.14
57.36
49.36
35.52
19.58
2.78
-14.96
-32.98
-49.66
-61.12
-62.02
-51.4
-32.84
-12.14
4.7
13.42
14.56
11.38
6.54
4.92
1.68
-3.16
-8.4
-12.16
-11.1
-2.74
12.6
31.66
49.24
59.56
58.92
47.58
28.1
3.02
-23.4
-46.04
-61.06
-65
-55.78
-36.52
-13.92
5.88
18.24
21.64
18.38
12.74
7.2
6.7
3.86
-1.3
-8.32
-15.42
-19.22
-15.62
-3.2
16.3
38.36
55.84
61.84
53.72
32.58
2.04
-29.84
-54.08
-65.26
-61.46
-43.86
-19.32
3.64
19.46
26.24
24.68
18.32
11.3
6.5
7.96
6.54
2.22
-5.18
-13.74
-21.18
-22.42
-14.74
2.08
24.7
45.62
56.18
51.68
31.4
-0.5
-33.06
-54.98
-60.74
-50.2
-27.44
-1.96
17.2
26.56
27.22
21.72
13.82
7.1
6.82
10.04
9.76
6.12
-0.84
-9.74
-19.26
-24.2
-21.36
-9.24
10.16
30.28
42.62
41.34
24.2
-4.32
-32.1
-48.22
-48.1
-32.82
-8.86
13.36
26.14
28.5
23.96
16.48
8.86
3.5
7.38
11.48
11.44
7.86
1.46
-6.78
-16.54
-23.42
-24.64
-18.4
-5.26
10.46
21.84
23.2
11.82
-8.34
-26.58
-34.4
-28.84
-11.66
9.72
25.64
31.52
28.66
20.98
12.8
6.26
1.84
6.86
10.64
10
6.36
1.1
-5.24
-13.82
-20.82
-24.96
-24.16
-18.22
-8.52
0.04
3.54
-1.22
-10.94
-17.9
-17.12
-7.7
8.22
24.4
32.88
32.68
26.3
17.66
9.94
4.94
1.24
6.42
8.5
7.32
3.74
-0.1
-3.98
-10.28
-16.42
-21.7
-24.56
-24.14
-19.88
-14.26
-10.04
-9.54
-10.72
-9.08
-3.12
6.66
19.06
28.92
31.36
27.68
20.9
13.06
7.18
4.14
1.96