1
1.75
1.5
1.5
1
1.5
2.375
2.375
1.625
1
1
0.625
0.25
-0.25
-1
-1.75
-2.125
-1.625
-1.25
-0.625
-0.25
-0.875
-1.125
-1.125
-0.75
-0.25
-0.125
-0.25
-0.875
-1.5
-1.75
-1.75
-1.25
-0.375
-2.125
-3.25
-4.375
-5
-3.75
-2
-0.375
1.25
1.5
1.625
2.375
2.5
2.75
2.625
1.75
0.875
-0.125
-0.75
-0.625
0
0.75
1.25
1.25
1.25
1.25
1.625
2.125
2.125
1.5
0.375
-0.875
-1.375
-1.125
-0.5
-3.75
-5.75
-7
-7.375
-5.375
-3.125
-1.625
0.375
1.125
1.625
2.375
2.625
2.875
2.625
2.125
1.625
0.625
-0.375
-0.5
-0.125
1
2.25
2.625
2.625
2.25
2.375
2.5
2.25
1.75
0.75
-0.375
-1
-1.25
-1.25
-4.75
-6.5
-6.875
-6
-2.875
-0.25
0.875
2
1.625
1.125
1
0.875
0.625
0.125
0.25
0.5
0.625
0.625
0.25
0
0.125
0.75
1.25
1.5
1.5
1.375
1.25
0.875
0.625
0.25
0
-0.5
-1.125
-1.5
-4.875
-6.25
-5.75
-3.5
0.625
3.25
3.875
3.625
2.125
0.75
0.25
0.125
0.125
0.625
2
3.75
6
7.625
7.25
5.75
3.25
1.5
0.75
0.375
0.5
0
-0.25
-0.25
0.125
0.375
0.625
0.25
-0.625
-1.5
-2.625
-3.5
-2.75
-0.75
1.625
2.625
2.5
1.625
1.5
1.625
2.375
4.25
6.875
10.875
15.75
20.375
24.875
28.25
28
25.25
20.125
13.75
8.625
4.625
2.25
0.625
-0.5
-0.625
-0.125
0.375
0.875
0.875
0.125
-1
-0.125
0.375
1.375
2
1.875
1
0.5
0.375
2.125
4.25
6.5
11.875
19.875
30.75
44.375
54.625
62
67.125
66.375
62.625
55.125
42.875
30.5
19.5
10.625
5.125
1.5
-0.25
-0.5
-0.375
-0.25
0
0.125
-0.125
2.5
3.5
4
3.75
2.125
0.875
1
2.75
6.375
11.875
19.625
31.75
47.5
65.5
84.625
97.25
104.875
109
107.625
104.25
97
83.25
66
47.875
30.5
17.125
8.125
2.625
-0.125
-1
-1.25
-1.125
-0.375
0.25
4
3.75
2.875
2.25
0.25
0
1.875
6.125
13.875
26.5
45.25
65.625
85.5
101.5
110.125
114.5
115.75
114.875
114.25
113.25
110.375
103.125
89
70.75
51.375
33
19.625
9.875
3
0.25
-0.5
-0.5
-0.25
0.125
1.125
0.75
-0.375
-1.375
-2.25
-1
2.75
9
22.5
43.25
70
91.875
104
104.875
93.375
84.25
77
71.5
72.75
74.375
76
77.625
72.25
63.375
53.375
40.75
29.375
18.375
9
3.25
1
0.875
0.25
-0.25
-2.25
-1.75
-1.875
-2.875
-2.5
-0.375
4.75
14.875
33.75
57.375
79
89.5
85.625
71
50.75
36.25
26.5
20.875
21.625
22.5
24.125
28.625
32.125
36.125
39.625
39.125
34.5
26.375
17
8.75
3.75
1.625
0.5
-0.25
-1.625
-1
-0.5
-1.25
-0.625
2.125
9.5
26.125
46.75
63.75
68.625
60.625
45
27.875
16.25
8.125
2.75
-0.375
-3.5
-7.125
-9.625
-8.625
0.375
13.625
27.5
38.625
41.125
36.625
26.625
15.75
7
1.75
0.625
0.375
1.125
1.375
1.375
0.25
0.75
5.125
16.375
37.375
54.375
60.625
53
34.625
18.125
7.125
3.25
0.875
-1.5
-4.875
-11.125
-17.875
-22.75
-23.375
-12.75
4.875
26.125
46.5
54.25
50
36.5
20.5
8.375
2.25
1.125
0.875
2.125
1.875
1.25
0.375
1.75
8.625
23
42.25
52.375
50.375
38.375
20.75
9.125
3.625
1.25
-0.625
-3.75
-9.625
-17.125
-24
-27.125
-23.375
-11.125
8.25
31.875
55
66.125
63
47.375
27.125
11.5
3.5
2
1.5
0.625
0
-0.625
-0.25
3.125
12.125
26.125
38.75
41.875
35.375
22.5
10.375
3.625
0.875
-0.375
-3
-7.75
-15.125
-22.375
-26.25
-24.25
-13.75
1.125
18.5
36.375
52.625
62.625
62.875
50.625
32.75
16.25
5.375
2.875
1.875
-1
-2
-2.375
-1.375
3.75
13.125
24.5
31.75
30.625
22.875
11.875
4.625
1
-0.75
-2.75
-6.75
-12.875
-20.125
-24.5
-22.625
-13.75
0.75
15.875
28
36.125
41.25
44.25
43.75
37.125
27.25
16.125
7
3
1.25
-1.875
-2.875
-3.125
-2.125
3
11.375
20.75
25
22.625
15.375
6.375
2
-0.5
-2.625
-6.5
-12.125
-18.5
-23.875
-22.875
-14.75
-0.5
15.75
27.625
33.125
32.125
28.5
25.5
23.625
22.5
19.125
13.625
7.625
2.625
0.75
-2.75
-3.25
-3.375
-2.5
1
7.625
14.625
16.375
14.25
8.75
2.375
-0.25
-3
-7
-13
-19.625
-24.125
-24
-16.125
-2.625
12.875
26.875
32.625
31
24
16.5
12.875
13.25
15.75
14.75
11.25
6.5
2.375
1.125
-3.125
-3.25
-3.25
-2.875
-1
2.75
6.25
6.875
5.625
2.875
-0.125
-2.75
-6.875
-12.875
-20.75
-26.25
-26
-17.625
-3.875
11.375
23.375
28.75
27.625
21.625
13.375
6.75
4.875
6.625
8.625
8.5
6.375
3.375
1.875
1.5
-2
-1.125
-1
-1.375
-2
-2
-1
-0.375
0.125
-0.125
-2.25
-5.75
-11.375
-18.5
-25.75
-27.125
-20.625
-6.5
10.25
22.75
28.625
26
19.875
12.5
5.625
1.875
0.375
0.25
0.5
0.75
0.875
1
1.25
1.125
-0.75
0.875
1.125
0.25
-3.125
-7.25
-9.625
-9.125
-7
-5.375
-6.625
-11.5
-17.875
-24
-26.125
-21
-9.125
6.375
20.375
27.25
26.875
20.625
12.75
6
1.625
-0.75
-3.875
-7.25
-8.625
-7.875
-5
-1.375
0.25
0.5
-0.875
-0.25
-0.125
-0.875
-4.625
-11.875
-19.75
-21.625
-20.625
-18.125
-15.875
-20.75
-25.375
-26.5
-20.375
-8.875
5
17.875
23.625
23.875
19.25
12.125
5.75
1.625
-0.375
-4.125
-9.625
-15.625
-18.75
-16.625
-11.375
-5.25
-1.5
-0.125
-1.25
-1.875
-2.125
-2.375
-5.5
-13.625
-25.125
-32.875
-35.375
-33.5
-29.75
-30.625
-30
-23.875
-10.875
5
18.125
25.625
24.5
19.5
12.5
5.625
1.75
0
-1.375
-7
-15.125
-23.25
-27
-23.375
-15.625
-7.375
-2.5
-0.5
-1
-2
-2.25
-2.375
-5.625
-13.5
-26.25
-40.875
-49.375
-51.125
-47.875
-40.125
-29.625
-15.375
1.25
16.5
25.625
26.75
21.875
14.375
7.125
2.125
0.25
-0.5
-2.5
-11.625
-23.25
-32.875
-35.25
-27.625
-16
-6
-1.625
-0.125
-0.25
-0.875
-0.875
-1.125
-4.5
-12.25
-26.125
-45
-59.75
-65.875
-60.875
-43.75
-22.875
-2.375
14.5
23.625
25.5
21
13.625
6.5
1.625
-0.25
-1
-2.625
-8
-22.875
-37.25
-45.125
-42.125
-27.625
-12.75
-3.25
-0.625
0
0.625
0.5
0.125
-0.125
-2.625
-10.125
-24.75
-44.375
-60.125
-65.625
-57.125
-36.125
-12.75
7.75
21.75
25.25
21.625
14.125
6.25
1.125
-1.25
-2
-3.25
-8.625
-21.25
-39.25
-52.25
-54
-42.25
-23.625
-9.125
-1.875
-0.75
-0.5
-0.75
-0.875
-1.25
-1.125
-2
-7.25
-18.75
-35.125
-48.5
-53.125
-46.5
-28.75
-8.375
9.625
20.125
21.125
15.5
7.5
2.125
-0.875
-2.75
-5.125
-12.375
-26
-45.375
-60.625
-64.75
-55.75
-35.875
-18.125
-6.5
-1.25
-0.5
-0.5
-3.75
-4
-3.75
-2.75
-2.125
-3.875
-9.125
-19.5
-30.75
-38.75
-41
-33.75
-21.75
-9.375
-2
-0.375
-2.25
-5.5
-7.125
-9.75
-14.875
-23.25
-39.375
-58.75
-75.375
-79.625
-69.25
-49.375
-27
-13.125
-5
-1.375
-0.5
-0.375
-4
-4.25
-3.75
-2.375
-1.125
-1.375
-3.5
-9.375
-18.625
-29.5
-39.25
-46.25
-49.875
-50.5
-48.125
-44
-38
-32.125
-31.625
-35.875
-45.75
-61.25
-77.75
-89.875
-92
-80.75
-60.125
-37.25
-19.125
-9
-4.375
-2.875
-1.875
-0.875
-1.75
-1.875
-1.375
-0.75
-0.25
-0.625
-2.125
-4.75
-10.875
-21
-34.375
-51.875
-69.5
-84.375
-92.125
-92.5
-88
-82
-80.625
-83.625
-90.5
-99.625
-103
-98.375
-84.25
-62.625
-41
-22.875
-11.625
-5.25
-3.125
-3.125
-2
-0.875
0.625
0.875
0.875
0.25
-0.5
-1.375
-2.25
-2.625
-5.5
-12.125
-24.5
-42.75
-63.75
-84.625
-101.875
-112.625
-118.5
-121.5
-120.5
-119
-115.75
-108.375
-95.625
-78
-57.25
-36.25
-20.75
-10.5
-5.375
-3.25
-2.625
-2.5
-1.625
-1.125
2.125
2.25
1.375
0.125
-1
-2
-2.75
-3.75
-5.75
-9.25
-15.75
-26.375
-40.375
-56.625
-73.25
-86.75
-96.625
-102.625
-103.125
-99.5
-91.125
-77.625
-61.375
-44.375
-29
-17
-9.125
-4.875
-3
-3
-3.25
-2.875
-2.875
-2.625
1.875
1.25
0.125
-1
-1.5
-1.5
-1.875
-4
-6.25
-8.375
-10
-13
-18.625
-26.875
-36.75
-45.125
-51.375
-54.5
-55.25
-52.5
-46.125
-37.125
-27.5
-18.75
-11.875
-7.625
-4.375
-2.5
-1.75
-2
-2.25
-2.25
-2.625
-2.5
0.125
-0.625
-1.375
-2
-1.75
-1
-1
-2.625
-4.375
-5.625
-5.75
-5.25
-6.25
-8.875
-12.875
-16.125
-18
-18.375
-17.875
-16.625
-14.375
-11.625
-8.625
-5.875
-3.75
-2.25
-1.125
-0.375
-0.125
-0.375
-0.375
-0.5
-0.875
-1
11
9.5
1.75
-4.25
-9
-12.5
-8.625
-3.125
-1.625
-1.25
-1.25
0.375
3.75
4.75
3.75
2.5
1.375
0.375
-1
-1.875
-1.75
-1.625
-1.375
-1.125
-2
-3
-2.625
-1
-0.125
-0.25
0
0.25
0.25
0.125
11.875
9.5
0.125
-5
-7.25
-10.5
-8.375
-3.5
-1.5
-1.375
-1.375
0.5
3.5
4.125
3
1.875
0.875
0.25
-0.375
-1
-1.25
-1.75
-1.75
-1
-1.5
-2.625
-2.625
-1.375
-0.75
-1.125
-0.875
0.125
1.125
1
10.75
8.25
-0.75
-4.875
-5.375
-7.625
-7.125
-3.625
-1.125
-0.875
-1.125
0.625
3.375
3.625
2.125
1.125
0.375
-0.125
-0.25
-0.125
0
-1.25
-2.375
-1.375
-1
-2.125
-2.75
-2
-1.5
-2
-1.625
0
1.5
1.5
7.5
6.25
0.125
-3
-2.625
-3.75
-5.875
-4.75
-1.375
-0.625
-1.25
0.375
3.375
3.625
1.75
1
0.625
-0.375
-1
-0.25
0.625
-0.5
-2
-1.5
-1
-1.875
-2.5
-2.125
-2.125
-2.75
-2.5
-0.75
1.375
1.75
3.875
4.25
2
0.25
-0.125
-1.75
-5.375
-5.625
-1.875
-0.5
-1
0.625
3.625
4.125
3
2.75
2
0.125
-1.75
-2
-1
-1.25
-2.25
-2.125
-1.75
-2
-2.5
-2.5
-2.125
-2.375
-2.625
-1.5
0.375
1
0.875
2.75
4.5
3.75
1.375
-1.375
-5.25
-5.875
-2.25
-0.375
-0.125
2.5
6.375
7.375
7.25
7.125
4.625
1.5
-2.25
-5.75
-6.125
-5.75
-5.625
-4.625
-3.5
-2.875
-3
-2.875
-1.875
-1.625
-2.375
-2.125
-0.625
0.25
-0.375
2.625
6.875
6.25
1.875
-2
-5.5
-5.625
-1.875
0.5
1.5
6.625
14.375
17.5
18.625
16.375
8
2.875
-2.125
-11.125
-15.875
-16.125
-14.5
-11.75
-9.625
-7.125
-4.5
-3
-1.75
-1.375
-2.25
-2.25
-0.875
-0.125
-0.75
2.75
7.5
6.75
0.875
-3.875
-5
-2.5
1.875
5.375
9.875
19.25
28.75
31
30.875
24.75
10.375
3.5
-2.125
-15.5
-24.75
-28.5
-29.5
-26.375
-21.5
-15.875
-10.125
-5.625
-2.625
-1.5
-1.75
-1.875
-1.125
-0.5
0
3.5
6.875
5.5
-0.25
-4.5
-3.125
2.375
9.375
16.75
26
37.125
43.5
41.75
38.625
29
11.25
3.125
-2.5
-17.5
-30.625
-39.625
-45.75
-44
-35.875
-27
-19.125
-11.625
-5.75
-2.5
-1.5
-1.5
-1
-0.375
1.625
4.25
5.125
3.375
-0.5
-3
0.25
8.5
21.75
37.75
50.75
55.375
49.75
41.625
36.375
25.25
8.75
2
-2
-15.875
-32.25
-45.875
-56.75
-58.625
-48.625
-37
-29.375
-21.375
-12
-4.5
-1.5
-1.375
-1.25
-0.75
2.75
4
3.375
2.375
0
-1.125
5.5
20.375
41.75
61.625
70.25
63.5
46.125
32.75
25.75
16.25
5.5
0.875
-3.125
-15.25
-31.375
-45.875
-58.375
-62.625
-53.375
-43.125
-38.5
-31.375
-20.5
-10
-3.5
-1.875
-2
-1.25
4.125
3.25
2.25
2
0.375
2.125
14.5
37.375
64.5
80.75
77.375
57.875
33.5
19.375
13.25
7.125
2
-1.125
-5.75
-16.625
-31.375
-43.375
-51.375
-53.125
-45.75
-40.125
-42.625
-42.625
-33.625
-19.25
-7.5
-3
-2.375
-1.625
4.875
2.625
1.875
1.5
0.25
7.125
28.125
59.625
86.125
88.125
69.75
43.125
18.375
7.125
3.75
0.875
-1.5
-4.875
-10.625
-20.875
-33
-39.625
-38.75
-33.125
-26.625
-28
-42.25
-55.75
-52
-32.75
-13.375
-4.5
-2.625
-1.875
4.875
2.625
1.75
0.875
1.25
14.875
45
82.25
100.625
81.625
49.125
24.25
8.875
3.125
1.25
-0.625
-4.5
-10.875
-18.875
-28
-34.375
-32.875
-22.375
-9.75
-4.625
-11.75
-35.875
-65
-73.625
-53.625
-23
-6.25
-2.75
-1.75
3.875
2.75
1.875
0
3.375
25.875
63.625
99.75
104.375
67.875
30.75
12.375
3.625
0.875
-0.375
-3
-9.5
-18.875
-26.875
-31
-30.25
-22.5
-6.125
10.25
14.875
4.375
-29.375
-74.375
-94.625
-73.75
-33.25
-9.125
-3.375
-2.125
2
2.75
2.375
-0.125
7.25
38.625
81
110.75
100.125
52.375
16.875
5.625
1
-0.75
-2.5
-7
-15.875
-26.875
-32.5
-28.875
-20
-8
8.875
24.25
27.375
14.25
-25.5
-80.5
-109.875
-90.5
-43.625
-13.25
-4.75
-2.5
0.625
2.625
2.625
0.625
12.5
51.125
95.25
114.75
90.375
39.875
9.125
2
-0.5
-2.875
-6.25
-12.625
-23
-33.125
-32.375
-18.75
-4.25
8.25
21.375
29.125
27.125
15
-22
-79.625
-117
-103.125
-54.125
-18.625
-6.875
-3
-0.5
2
2.875
2
17.25
61.125
105.375
115.625
81.5
31
4.875
-0.25
-3.25
-7
-12
-19.375
-27.625
-32.25
-24.375
-4.625
11.625
20.625
26.625
27
21.25
10.25
-22.375
-77.25
-117.25
-108.75
-61.75
-23.5
-8.625
-3.375
-0.625
1.5
2.5
2.875
21
68
111.75
115.625
75.125
25.375
2.375
-2.5
-7.375
-13.125
-19.25
-25.25
-27.25
-23.625
-10.375
9.875
23.375
27.5
26.125
20.125
12.625
4.5
-22.625
-74.125
-115.625
-111.25
-66.625
-27.125
-9.875
-3.25
0.75
2.125
2
2.375
21.5
70.25
115.75
116.875
71.875
22.375
0.25
-6.25
-13.125
-20.5
-26.5
-27.125
-19.125
-8.25
6
22
28.625
26.75
20.625
11.5
4.375
0.625
-21.875
-72.5
-114.75
-111.5
-68.375
-28.75
-10.5
-3.375
1.75
2.625
1.875
1.5
19.625
67.5
113.875
118.375
75
22.375
-2.875
-11.25
-20.125
-27
-28.625
-21.75
-6.125
8.875
20.125
27.25
26.625
20.875
13
5
0.375
-2
-24.375
-74.25
-114.875
-109.875
-66
-27.125
-9.75
-3.25
2.375
3
2.125
0.625
15.875
60.375
107.25
118.625
80.625
24.375
-6.125
-16.5
-25.375
-28.75
-23.625
-9.875
8.5
21.875
27.875
27.125
20.75
13.125
6.25
1.125
-1.625
-5.375
-30.375
-79.625
-115.25
-104.875
-60.125
-23.75
-8.5
-3.125
2
2.875
2.625
0.125
11.25
50.125
96.125
114.625
85.125
29.25
-7
-21.375
-27.5
-22.625
-10.375
5.75
21.625
29.375
28.25
21.5
13
6.125
1.75
-0.5
-2.625
-10.25
-40.625
-88.75
-115.25
-96.125
-50.625
-18.375
-6.75
-3.25
1.25
2.25
2.75
0.375
7.375
38.5
80
103.375
83.875
32.875
-3.125
-16.625
-19.625
-9.625
6.5
20.5
28.125
28.5
23.125
14.125
6.375
2.125
0.25
-1
-4.5
-20.125
-57.5
-97.625
-109.25
-82.625
-39.5
-13
-4.875
-2.875
0.75
1.875
2.375
0.375
4.5
27.5
61.625
85.25
75.75
37.125
6.875
-4.25
-3.625
8.375
22.25
29.625
29
23.5
15.375
6.75
1.875
0.25
-0.5
-2.625
-10.5
-35.375
-75.75
-102.125
-96.875
-65.375
-28.25
-8.75
-3.875
-2.75
0.625
1.5
1.625
0.125
2.375
17.625
42.25
62.625
63.125
42.125
22.125
14.625
17.75
27.75
34.5
32.5
24.375
15.625
7.75
1.625
-0.5
-0.75
-1.75
-7.375
-23.25
-55.5
-90.5
-98.25
-78.25
-46.375
-18.125
-5.875
-3.5
-2.75
0.75
1.625
1.25
0.125
1.25
10.5
26.5
41.625
47.5
41.875
36
37.5
43.375
46.375
41.125
29.125
16.5
7.75
2.625
-0.375
-2.25
-3.625
-8.625
-22
-42.375
-70.875
-92.5
-84
-56.125
-28.375
-10.25
-4.5
-3.75
-3
0.25
1.5
1.5
0.75
1.375
5.875
14.125
24.5
34.25
39.75
43.75
51.5
59.75
59.125
46.75
27.625
11.75
4.25
0.125
-4.25
-8.125
-11.5
-20.625
-38.75
-58.375
-75.625
-80.25
-62.625
-36.25
-15.375
-5
-3.375
-3.75
-2.875
-0.5
1.25
2.25
2.125
2.125
3.375
6.5
12.875
22.625
32.5
42.25
54.5
64.625
63.5
50.125
30
13
5.125
-0.875
-9.875
-17.75
-23.75
-34.75
-51.375
-63.5
-67
-58.875
-39.5
-19.875
-7
-2.375
-2.875
-3.125
-1.875
-1
1.625
3.125
3
2.5
2.625
4.125
8
13.875
20.75
30.375
44.625
57.25
57.875
46.375
29.75
16
7.5
-1.625
-13.375
-24
-31.875
-41.75
-52.625
-54.5
-46.875
-34.75
-21.375
-10.125
-2.75
-0.625
-2.125
-2.5
-0.875
-1.125
1.625
3.375
3
2.25
1.875
2.25
5.125
8.5
10.625
16.75
29
40.25
42.875
38.125
29.125
18.5
9
-2
-15
-26
-33.375
-38.375
-40
-35.75
-27.5
-18.25
-9.75
-4.125
-1.25
-0.625
-1.75
-1.375
0.375
-0.875
1.25
2.625
2.375
1.75
1.25
1.25
3.5
5
3.5
5.75
13.875
22.125
25.875
26
23.5
17.125
8.375
-1.875
-12.75
-21.625
-26.625
-26.875
-23.375
-18.25
-13
-7.875
-3.375
-1.5
-1.25
-1
-1.375
-0.625
0.875
-0.375
0.5
1.125
1.25
1.5
1.5
0.875
1.75
2.25
0.125
0.25
4.25
8.875
11.875
13.25
13.875
12.125
6
-1.5
-7.5
-12.625
-14.875
-13
-9.75
-7.125
-4.875
-2.875
-1.5
-1.5
-1.75
-1
-0.75
-0.375
0.5
-0.375
-0.625
-0.125
0.75
1.75
1.75
0.25
-0.375
-0.375
-1.125
-0.25
1.75
3
4.125
5.625
7.875
9
5.875
-0.125
-5.375
-7.875
-7.125
-5.125
-3.875
-2.75
-1.5
-0.875
-0.875
-1.375
-1.875
-1.625
-0.75
-0.125
0
-3.77778
-4.22222
-3.55556
-2.72222
-2.05556
-0.555556
1
2.11111
2.33333
2.33333
2.66667
2.33333
1.83333
1.16667
0.277778
-0.444444
-0.888889
-0.722222
-0.222222
0.166667
0.555556
1.11111
1.5
1.66667
1.61111
1.66667
1.44444
0.722222
-0.222222
-0.888889
-1.22222
-1.33333
-6.38889
-7.33333
-6.5
-4.77778
-2.88889
-0.888889
0.833333
2.38889
2.5
2.33333
2.66667
2.44444
2.11111
1.72222
1.16667
0.555556
0.111111
0.222222
0.611111
0.944444
1.27778
1.88889
2.33333
2.61111
2.5
2.22222
1.94444
1.33333
0.5
-0.388889
-1
-1.33333
-6.83333
-7.55556
-6.44444
-4.16667
-1.66667
0.277778
1.5
2.55556
2.22222
1.83333
2.11111
2.27778
2.61111
3.11111
3.77778
4.05556
4
4
3.77778
3.44444
2.77778
2.38889
2.27778
2.22222
2
1.55556
1.44444
1.16667
0.722222
-0.0555556
-0.666667
-1.16667
-5.38889
-5.27778
-3.94444
-1.66667
1
2.44444
2.88889
3
2.61111
2.66667
3.5
5.05556
7.61111
10.5556
13.6111
16.2778
17.5556
17.4444
15.6111
13.2222
10.1667
6.77778
4.38889
2.72222
1.66667
0.722222
0.5
0.5
0.444444
0.0555556
-0.333333
-0.888889
-2.27778
-1.66667
-1.11111
0.111111
2.22222
3.05556
3.05556
3.16667
4.22222
6.72222
10.5
16.3889
24.3333
32.1667
39.8333
46.5
50.1667
49.9444
45.5556
39.6111
32.1667
23.1667
15.1667
9.05556
4.77778
1.94444
0.444444
0
0.111111
0
-0.111111
-0.5
1.05556
1.55556
1.33333
1.5
2.66667
3.44444
4.33333
6.44444
11.3333
19.1667
29.1111
41.6667
56.7222
70.5
82.5
92.2222
97.5
97.2778
91
81.6667
69.5556
54.4444
39.3889
26.1111
15.5556
8.11111
3.27778
0.833333
-0.0555556
-0.277778
-0.333333
-0.388889
3.22222
3.27778
2.61111
2.22222
2.5
4.11111
7.72222
14.2778
25.3889
40.1667
57.2778
76.1667
95.7778
112.222
124.833
133.833
138.556
138.111
132
121.778
107.222
88.8889
68.8889
49.2222
31.8889
18.6111
9.44444
3.77778
0.833333
-0.277778
-0.611111
-0.444444
2.61111
2.16667
1.61111
1.5
2.11111
5.66667
14.0556
27.7222
47.5556
69
90.6667
110.889
126.667
136.944
140.944
142.5
142.889
141.667
138.611
132.056
120.556
105.778
88.1111
68.2222
48.5
31.2222
18.9444
10.2778
4.22222
1.11111
-0.222222
-0.222222
0.166667
-0.0555556
-0.166667
0.277778
2.55556
9.33333
23.1111
42.7778
66.8333
88.8889
107.722
121.167
125.444
123.611
116.944
110.556
106.444
103.889
103.278
101.389
96.5
90.1111
81
69.1111
55.2778
40.6667
28.6111
18.5556
10.1667
4.5
1.33333
0.333333
-1.77778
-1.66667
-1.38889
-0.166667
4.72222
15.6667
33.6111
55.7222
78.0556
95
105.444
106.944
98.1111
84.9444
70.6667
59.3889
52.0556
48
47.7222
48.7778
50.8333
54
56.5556
57.3889
54.7778
47.8333
38.5556
28.5
18.2222
9.5
3.77778
1.11111
-1.16667
-1
-0.5
1.88889
9.94444
25.6111
44.5
63
76.6667
84.0556
83.5556
72.7222
56.5556
40.8333
28.6667
18.9444
11.2222
5.66667
2.83333
2.55556
7.88889
17.7222
30.3889
43.5
52.6111
55.2222
49.3889
39.3889
27.2778
15.2778
6.55556
1.94444
0.5
0.111111
0.944444
5.44444
16.3889
34.1111
50.6111
63.2778
69.2222
68.6667
60.2778
43.3889
27.1667
14.6667
6.27778
-1.5
-9.22222
-15.8889
-20.7222
-21.8333
-14.8889
-0.777778
18.9444
40.8333
57.7778
66
62.1667
52
37.6667
21.7778
9.72222
3
1.5
0.555556
2.16667
9.05556
21.8333
38.5556
50.6667
57.6111
58.0556
52.2778
39.7778
22.6667
10.3333
2.61111
-2.77778
-9.5
-17
-23.7222
-28.2778
-28.0556
-19.5556
-2.94444
19.7222
44.8333
64.2778
73.8889
70.5556
60.2778
44.9444
27.0556
12.7778
4.38889
0.277778
-0.666667
2.38889
11.2222
24.0556
36.6667
44.4444
47.9444
45.6667
37.7222
24.9444
12
3.61111
-2.05556
-7.72222
-15.1667
-22.3333
-27.2778
-28.2778
-23.2778
-11.7778
6.05556
27.4444
49.6667
66.2222
73.3333
69.4444
59.9444
46.1667
29.6111
15.2778
5.83333
-1.38889
-1.88889
2
11.1667
22.7778
31.3889
35.8333
37.2778
33.6667
25.3889
13.8333
4.66667
-1.61111
-7
-13.3333
-20.8889
-26
-26.8889
-22.4444
-12.3889
1.77778
18.8333
34.8889
48.8333
58
60.7222
56.5556
48.6667
38.6111
26.8333
15.5556
7
-3.22222
-3.16667
0.833333
8.94444
18.4444
23.8333
26.3333
26.7778
23
15.4444
5.61111
-1.16667
-7.16667
-13.3333
-19.8889
-25.6111
-26.9444
-22.7222
-12.7778
1.27778
16.1111
29.6111
38.3889
43.2222
44.7778
43.3333
39.3333
33.6667
27.8889
21.2778
13.8889
7.16667
-4.11111
-3.61111
-0.5
5.38889
12.1667
15.4444
16.8333
16.8889
14.1111
7.94444
-0.444444
-6.72222
-13.5
-20.3333
-25.9444
-27.8333
-23.9444
-14.6667
-0.833333
14.7222
27.4444
35
36.1667
34.0556
30.5
26.5
23.2222
20.0556
17.8333
14.8333
10.7222
6.27778
-4
-3.38889
-1.61111
1.55556
5.16667
6.77778
7.66667
7.72222
5.83333
1
-6.16667
-12.8889
-20.7778
-27
-29.2778
-25.4444
-16.5556
-3.72222
11.7222
25.1667
32.7222
33.3333
29.1667
23.5
17.8333
13.4444
11
9.72222
9.38889
8.33333
6.5
4.22222
-2.72222
-2.27778
-2.38889
-2.55556
-2.38889
-2.11111
-1.94444
-2.33333
-3.55556
-6.77778
-12.5
-19.6111
-26.5556
-29.7222
-27.3333
-18.5556
-5.94444
8.33333
21.9444
30.4444
32.2778
27.8333
20.7222
13.5
7.11111
2.72222
0.666667
0.277778
0.611111
0.888889
1.27778
1.5
-1.27778
-1.22222
-3.33333
-6.66667
-10
-11.3889
-12.6111
-14.1667
-15.3889
-17.3889
-20.8333
-26.5
-29.7222
-27.7778
-20.2778
-7.77778
6.27778
19.2778
28.1111
30.3333
27.2222
20.3333
12.7778
5.11111
-1.83333
-6.72222
-9.05556
-9.66667
-9.38889
-7.61111
-4.66667
-1.61111
-1.05556
-1.44444
-4.94444
-11.1111
-18.1111
-22.2222
-25.7222
-29.3333
-31.4444
-32.4444
-31.9444
-32.4444
-28.8889
-21.1667
-9.55556
4.94444
17.8333
26.5
28.6111
25.8333
20.1111
12.8889
6.22222
-1.38889
-8.88889
-15.2778
-18.7778
-20
-19.5556
-15.9444
-10.3889
-4.61111
-1.44444
-2.05556
-5.94444
-13.5556
-23.6667
-32.2222
-39.6667
-46.3889
-50.1667
-50
-44.2778
-36.2778
-24.8333
-11.4444
3.05556
17
26
29
25.8333
19.8889
13.1111
6.72222
1.38889
-7.05556
-16.2778
-24.3333
-28.3889
-29.7778
-28.7222
-22.3889
-13.8333
-5.88889
-1.72222
-2.38889
-5.94444
-14.1667
-26.7222
-40.2222
-51.9444
-61.7222
-66.8889
-64.5556
-53.2222
-36.1667
-17.7222
-0.444444
14.7222
25.3889
29.1111
26.7778
20.4444
13.3333
6.83333
1.44444
-3.72222
-14.3889
-25.8333
-34.8889
-38.6111
-39.1111
-36.1111
-26.1667
-14.7222
-5.55556
-1
-1.44444
-4.33333
-12.3333
-26.3333
-43.6667
-59.2222
-71.3889
-76.7222
-71.3333
-55.1667
-31.7222
-8.61111
10.3333
23.2222
28.1111
26.6667
21
13.5556
6.72222
1.44444
-3.5
-11.2778
-25.6111
-38.9444
-47.4444
-49.3889
-47.3889
-40.3333
-26.1111
-12.6111
-3.72222
-1.11111
-1.27778
-3.33333
-10.2222
-23.5556
-41.2778
-57.2778
-69.3889
-74.3333
-67.5
-49.6667
-24.5556
-1.55556
15.3889
24.9444
25.7778
21.2778
13.8333
6.38889
0.388889
-5.66667
-14.0556
-27.3333
-43.7222
-56.2222
-62.3333
-60.5
-53.1111
-39.7778
-23.1111
-9.94444
-2.5
-2.11111
-1.94444
-2.94444
-7.83333
-18.3333
-33.3889
-47.7778
-59.2222
-64.7778
-60.1667
-46.0556
-25.5556
-7
6.22222
13.1111
13
8.55556
1.44444
-5.66667
-12.2778
-21.6111
-35.1667
-52.6667
-67.3889
-75.4444
-76.0556
-67.9444
-53.8333
-35.1667
-18.5
-7.33333
-1.83333
-3.94444
-3.5
-3.5
-5.77778
-11.6667
-21.8333
-33.2222
-44.2222
-52.3333
-54.3333
-50.1667
-40.7222
-30.9444
-22.7778
-17.0556
-15
-16.6667
-21.4444
-28
-36.8889
-51.1111
-68.7222
-85.1667
-93.2222
-92.8889
-84.8889
-68.6667
-48.3889
-27.8889
-13.9444
-5.72222
-2
-3.77778
-3.33333
-2.88889
-3.61111
-6.27778
-12.1111
-20.8333
-31.7778
-43.1667
-53.5
-62.1111
-67.9444
-70.3333
-70.1111
-68.4444
-66.5556
-65.8889
-67.4444
-72.6667
-81.9444
-94.1667
-105.778
-112.056
-108.944
-97.8333
-80.0556
-58.7778
-37.7222
-20.3889
-10.1111
-4.5
-2.16667
-2.16667
-2
-1.77778
-2.05556
-3.16667
-6.05556
-12.2778
-22.0556
-34.8889
-50.6667
-68.4444
-86.3889
-100.278
-109.444
-114.667
-116.611
-116.556
-116.222
-118.444
-123.389
-127.111
-126.722
-119.889
-106.111
-86.8333
-64
-42.8889
-25.5
-13.6667
-7.16667
-3.88889
-2.66667
0.277778
0
-0.388889
-1.16667
-2.38889
-4.16667
-8.16667
-15.2778
-26.6111
-42.6667
-62.6111
-85.0556
-106.111
-123.444
-136.5
-144.944
-148.444
-148.333
-146.444
-143.167
-134.889
-121.278
-103.833
-83.4444
-61.8333
-41.0556
-25.5
-14.7222
-8.27778
-5.05556
-3.66667
-3.16667
1.11111
0.611111
-0.111111
-1.22222
-2.5
-4.16667
-6.77778
-11.1667
-18.5
-30
-45.1111
-62.8333
-81.5
-98.8889
-113.833
-124.556
-130.056
-130.5
-126.222
-118
-105.167
-88.6667
-70.5556
-52.3889
-35.8333
-22.3889
-13.2778
-7.83333
-5.05556
-3.77778
-3.55556
-3.55556
0.555556
0.0555556
-0.611111
-1.55556
-2.61111
-4.16667
-5.88889
-8.22222
-11.8889
-18.1667
-26.7778
-37
-49.0556
-61.3889
-72.8889
-81.4444
-86.3889
-86.8889
-82.6111
-74.4444
-63.6667
-51.2222
-38.2778
-26.2222
-16.6111
-10.1111
-5.83333
-3.72222
-2.72222
-2.5
-2.77778
-3
9.11111
2.44444
-5
-10.1667
-12.0556
-9.77778
-6.22222
-2.77778
-1.66667
-0.333333
1.44444
4.22222
5.05556
4.61111
2.72222
1.22222
-0.111111
-0.833333
-1.11111
-1.38889
-1.66667
-2.22222
-2.38889
-3
-3.27778
-3.22222
-2.55556
-1.83333
-1.55556
-0.888889
-0.222222
0.666667
8.5
2.44444
-3.61111
-7.55556
-9.55556
-8.77778
-6.72222
-3.5
-2.27778
-0.666667
1
3.77778
4.55556
4.16667
2.61111
1.33333
0
-0.777778
-1.05556
-1.16667
-1.5
-2
-2.11111
-2.61111
-3.05556
-3.33333
-2.94444
-2.44444
-2.27778
-1.61111
-0.555556
0.777778
7.16667
2.88889
-1.33333
-4.5
-7
-7.72222
-6.83333
-3.88889
-2.33333
-0.388889
1.33333
4.05556
4.94444
4.77778
3.55556
2.27778
0.444444
-1.11111
-2.11111
-2.33333
-2.55556
-2.72222
-2.61111
-2.77778
-3.11111
-3.44444
-3.22222
-2.83333
-2.72222
-2.16667
-1
0.388889
5.5
3.83333
1.27778
-1.77778
-5
-6.66667
-6.33333
-3.66667
-1.72222
0.888889
3.38889
6.72222
8.27778
8.22222
6.72222
4.38889
1.22222
-2
-4.72222
-6
-6.5
-6.11111
-5.27778
-4.5
-4
-3.83333
-3.5
-3.16667
-3.11111
-2.72222
-1.66667
-0.222222
4.94444
5.22222
3.44444
0
-4
-6.05556
-5.72222
-2.83333
-0.444444
3.5
7.94444
14.0556
17.7778
17.9444
14.5
8.72222
2.61111
-3.5
-9.33333
-13.5
-15.5
-14.8333
-12.8333
-10.3889
-8
-5.94444
-4.44444
-3.44444
-3.22222
-2.88889
-2
-0.722222
4.72222
6.22222
4.88889
1.05556
-3.33333
-5.11111
-3.88889
0.444444
4.88889
11.8333
19.2222
27.2222
31.0556
29.2778
22.7222
13.1111
3.83333
-5.27778
-14.4444
-22.1111
-27.3333
-28.3333
-26.2778
-22
-16.7778
-11.7778
-7.61111
-4.72222
-3.38889
-2.83333
-2.11111
-1.16667
4.66667
6.94444
5.72222
1.77778
-2.61111
-3.22222
0.166667
7.72222
16.2778
26.6111
35.5
41.9444
43.1111
38.1111
28.7222
16.2778
4.66667
-6.88889
-19.1111
-30.5556
-39.7778
-43.6667
-42.4444
-36.6667
-28.5556
-20.6111
-13.3333
-7.88889
-4.38889
-3.05556
-2.16667
-1.55556
4.61111
6.72222
5.27778
1.61111
-1.66667
0.333333
8.16667
21.3889
36.2222
48.2222
54
52.8889
48.3333
39.8333
29.1667
16.1667
4.66667
-7.33333
-21.6111
-36.9444
-50.5556
-57.7778
-57.7778
-50.7778
-40.7222
-31.1111
-21.9444
-13.7222
-6.88889
-3.66667
-2.33333
-2.11111
4.94444
6.27778
4.38889
1.38889
0.333333
7
21.4444
40.7778
58.1667
67.1111
66.5
58.6111
49.8889
39.2778
27.9444
14.8889
3.66667
-8.77778
-24.7222
-42.8333
-58.9444
-67.7778
-68.2222
-61.2222
-51.0556
-41.4444
-31.7222
-21.8889
-12.3889
-6.38889
-3.33333
-2.33333
5.11111
5.33333
3.16667
1.94444
4.61111
17.8889
39.2778
63.2778
78.8333
81.3333
72.6667
59.0556
47.1111
35.3889
24
11.6111
0.833333
-11.5556
-27.9444
-46.7778
-63.1667
-71.6667
-71.3333
-64.7222
-56.7778
-50.7222
-43.8889
-34.0556
-21.6667
-11.2778
-5.11111
-2.66667
4.61111
4.11111
2.16667
3.55556
11.8333
33.6111
61.3889
86.5556
95.8889
89.5
72.3333
52.6111
37.2222
25.0556
15.4444
5.5
-4.22222
-15.8889
-30.9444
-47.5556
-60.8889
-66.3889
-63.2778
-57.1667
-54.5
-57.6667
-58.9444
-51.3889
-35.2778
-18.6111
-8
-3.5
4.27778
3.33333
2.05556
7.11111
22.1667
52
83.7222
106.056
105.778
88.6667
63.1667
39.5
23.3889
12.8889
5.72222
-2.16667
-11
-21.7778
-34.1667
-45.8333
-52.3333
-51.5556
-44.8333
-39.5
-43.5556
-58.1111
-72.6111
-71.8889
-54.5556
-30
-12.8333
-4.66667
4.05556
3
2.94444
12.1667
34.6111
71.5556
104.444
120.056
107.056
79.1667
47.7778
24.3333
10.4444
2.61111
-3
-10.2778
-18.8889
-28.1667
-36.5
-41.3889
-39.5556
-31.5
-21.1667
-17.3889
-28.9444
-55.4444
-84.3333
-92.1667
-75.5
-43.3889
-19.2222
-6.5
3.61111
3
4.83333
18.5556
48.6111
91.3333
122.222
126.722
98.2222
61.5
29.7222
12.6667
3.61111
-2.05556
-8.38889
-17.2778
-27
-34.6111
-37.3889
-34.3889
-24.4444
-10.7222
2.11111
3.44444
-15.1111
-52.3333
-93.8889
-110.278
-95.7222
-57.6111
-26.6111
-8.72222
3.05556
2.88889
7
25.8333
63.5556
109.611
134.833
126.056
85.5556
45.1667
16.7222
4.88889
-1.61111
-7.11111
-14.7778
-25.1111
-33.8889
-37
-32
-21.9444
-7.44444
7.5
19.3333
18.3889
-4.88889
-49.3889
-101.444
-125.667
-113.722
-71.2778
-34.4444
-11.7778
2.55556
2.94444
9.72222
33.3889
77.5556
124.167
142.222
121.222
73.1111
32.1111
7.61111
-1.27778
-7.05556
-13.3333
-21.5556
-31.0556
-36.1667
-33.3889
-21.6667
-6.94444
8.66667
21.3889
29.2778
25.8889
0.555556
-46.7778
-105.778
-136.778
-128.556
-83.5
-41.8889
-14.7222
2.22222
3.05556
12.5
40.3889
89.0556
133.889
145.056
114.889
63.3333
23.0556
1.22222
-6.94444
-13.5
-20.4444
-27.7222
-33.2778
-32.5
-23.5556
-7.5
8.83333
22.1111
29.5556
31.0556
24.9444
0.277778
-45.0556
-106.444
-142.389
-138.833
-93.2778
-48.5
-17.5
2.44444
3.16667
14.0556
44.5556
96.5
140.333
146.889
110.167
56.1667
16
-4.72222
-13.4444
-21.2222
-27.3333
-30.8333
-29.4444
-22.2222
-8.94444
7.94444
21.7222
29.6111
30.4444
26.9444
19.1667
-4.16667
-46.8889
-107
-143.833
-142.389
-98.1111
-52.6111
-19.8889
2.61111
3.16667
14.3889
45.6667
98.8333
142.778
147.944
108.333
52.2222
10.6667
-10.8333
-20.6111
-28
-31.0556
-28.6667
-20.5556
-8.27778
6.55556
21.1667
29.7778
31.5
26.8333
19.9444
11.3889
-10.4444
-50.5
-108
-143.722
-142.389
-99.1111
-53.7222
-20.7222
2.94444
3.11111
13.5556
43.7778
96
140.722
147.167
108.5
51.1667
7.27778
-16.3889
-26.7222
-31.5
-29.6667
-20.9444
-7.66667
7.16667
20.5
29.7778
31.8889
28.1111
20.3333
11.8889
3.44444
-17.1667
-55.0556
-109.944
-143.222
-140.167
-96.7222
-52
-19.9444
2.94444
2.88889
11.9444
39.5556
88.6667
133.556
143.389
109.333
52.7778
6.11111
-20.3889
-29.7778
-29.5556
-21.7222
-8
8.05556
21.6111
29.8333
31.2778
27.6111
20.8889
13
5.44444
-2.83333
-24
-62.6111
-114.889
-143.222
-135
-90.0556
-46.8333
-17.5
3.11111
2.61111
9.5
33.2222
77.6667
121.667
134.889
106.833
53.9444
8.55556
-17.3889
-24.5
-20.5
-8.88889
6.83333
21.7778
30.7778
32.6667
28.1667
21
13.4444
6.61111
0.5
-9.5
-33.9444
-74.7778
-121.278
-140.556
-124.611
-79.6111
-39.9444
-14.7778
3.16667
2.27778
6.83333
25.7222
63.7222
105.111
121.5
101.611
56.1111
15.5556
-7.66667
-12.0556
-5.27778
7.44444
21.5
31.1667
33.6667
29.6667
21.8889
13.6667
6.94444
1.44444
-4.5
-18.7222
-47.7222
-89.3333
-126.167
-133.778
-109.778
-66.6111
-32.0556
-12
2.55556
1.88889
4.77778
18.5556
48.1111
84.1111
102.889
93.6111
59.9444
27.7778
8.94444
7.05556
15.0556
25.2222
33
34
30
22.6667
14.4444
7.27778
2.11111
-2.94444
-11.8333
-32.6111
-65.2778
-103
-126.278
-121.5
-91.7778
-52.5556
-24.1667
-9.16667
2.11111
1.72222
3.55556
13
34.6667
63.3889
81.9444
81.2778
61.2222
40.9444
30
31.8889
38.2222
41.6111
39.2778
32.2222
23.6111
15.0556
7.16667
1.16667
-4.33333
-11.9444
-25.8889
-49.9444
-80.5556
-109.111
-118.944
-104.333
-72.1111
-38.5556
-17.0556
-7.16667
1.77778
1.83333
2.94444
8.94444
23.4444
44.2778
60.5556
66
58.8889
51.5
49.6111
55.1111
58.7778
55.2222
43.8889
30.2222
17.7778
7.66667
-0.777778
-7.05556
-14.0556
-24.3889
-41.2222
-64.7222
-89.4444
-107.167
-104.944
-83.7222
-52.2778
-25.9444
-11.2222
-5.61111
1.72222
2.27778
2.94444
6.22222
14.6667
28.2778
40.8889
49.4444
52.2222
56.5556
63.3889
71.3889
72.3889
63.6667
47.2778
29.3333
14
1.77778
-8.44444
-16.8889
-26.2222
-37.8333
-53.9444
-73.4444
-90
-96.7778
-84.6667
-60.7222
-33.8889
-16.1667
-7.5
-4.55556
1.77778
2.66667
3.11111
4.38889
8.5
16.6667
26.2778
36.1111
43.8333
53.7222
64.5556
74.2778
74.5556
64.1111
45.8889
27
11.2222
-1.66667
-13.1111
-23.3889
-33.8333
-45.2222
-59.1667
-73.2778
-81.5
-78.8333
-62.2222
-40.1667
-20.1667
-9.22222
-4.83333
-3.61111
1.72222
2.88889
3.22222
3.38889
4.83333
9.27778
15.9444
24.8333
33.6667
45.3333
57.5556
68.0556
68.5
58.5556
41.3333
24.1667
9.66667
-3
-15.2222
-26.6111
-37.3333
-47.7222
-58.5556
-66.2222
-66.5
-57.3333
-40.7778
-23.7222
-10.8889
-4.94444
-3.11111
-2.66667
1.5
2.88889
3.27778
3.16667
3.5
5.83333
9.5
15.1667
21.7222
32.3333
44.3889
55.0556
56.5556
49.2222
35.8333
22.2778
9.55556
-3
-15.8889
-27.3889
-37.6667
-45.9444
-52.3889
-52.6667
-46.6111
-35.2778
-22.9444
-12.5
-5.61111
-2.72222
-2
-1.83333
0.888889
2.38889
3
3.11111
2.72222
3.5
4.77778
7.72222
11.6111
19.3333
28.6667
37.3889
40.6111
38.2222
31.2778
21.6667
10.1667
-2.72222
-15.5556
-26.3333
-34.1667
-38.3333
-38.8889
-34.9444
-27.6111
-18.9444
-11.2778
-5.94444
-3.05556
-2
-1.55556
-1
0.333333
1.61111
2.5
2.77778
2.27778
2.16667
2
2.88889
4.22222
8.61111
14.5556
20.8889
24.7222
25.9444
24.3333
19.2222
10.1667
-1.55556
-13.2778
-22
-26.4444
-26.5556
-23.5
-18.6667
-13.1667
-8.33333
-4.72222
-2.83333
-2.16667
-1.94444
-1.44444
-0.666667
-5.125
-4.375
-3.8125
-2.5
-0.78125
0.875
2.25
3.1875
3.03125
2.65625
2.8125
2.8125
2.8125
2.71875
2.5625
2.53125
2.53125
2.59375
2.46875
2.34375
2.3125
2.40625
2.375
2.125
1.75
1.21875
0.6875
0.125
-0.40625
-1
-5.53125
-4.90625
-4.25
-2.71875
-0.40625
1.40625
2.65625
3.84375
4.28125
4.8125
6.1875
7.6875
9.21875
10.625
11.4688
11.875
11.7813
11.3125
10.0625
8.53125
6.90625
5.375
4.125
3.03125
2.28125
1.5625
1.03125
0.4375
-0.15625
-0.8125
-3.96875
-3.375
-2.625
-1.09375
1.3125
2.9375
4
5.6875
7.625
10.5
14.9688
19.625
24.4063
29.1563
32.7188
34.4375
34.3125
32.5313
28.75
24.2188
19.125
13.9063
9.53125
6.09375
3.84375
2.15625
1.03125
0.25
-0.21875
-0.8125
-1.25
-1.03125
-0.375
1.0625
3.375
5.53125
8.0625
12.2813
18.2188
25.9063
35.4375
44.9063
54.2813
63.375
70.0625
73.3125
73.1563
69.4063
62.0938
53.3438
43.4688
32.8125
23.2188
15.2188
9.1875
4.9375
2.21875
0.59375
-0.25
-0.8125
0.875
0.875
1.65625
3.3125
6.21875
10.25
16.3125
25
36.4063
49.8438
64.8438
79.25
92.7813
105.094
113.781
117.938
117.406
111.781
101.25
88.5938
74.25
58.4063
43.2813
29.8125
18.8125
10.7813
5.5
2.21875
0.375
-0.4375
1.78125
1.90625
3.03125
5.375
10.0938
18
29.7188
43.9375
60.6563
78.8438
97.5
114.688
129.375
141.125
148.594
151.813
150.438
143.906
132.219
117.969
101.688
83.375
64.5
46.6875
31.3125
19.3125
11.125
5.625
2.0625
0.21875
1.375
1.6875
3.5625
7.78125
15.875
28.8125
46.25
65.0313
85.0313
104.844
122.844
138.125
149.125
155.625
157.969
157.875
155
148.875
139.281
127.188
113.25
97
78.9688
60.75
43.875
29.7813
19.4375
11.625
5.65625
2.1875
0.03125
1.25
4.6875
11.6563
23.7813
40.7813
61.0625
80.75
99.6563
116.313
128.969
137.5
140.531
138.688
134.313
129.938
125.25
120.375
115.125
108.531
101.031
91.7813
79.7188
66.0625
52.3125
39.625
28.9375
19.5938
11.3125
5.34375
-0.84375
1.5
7.0625
17.5
32.9375
51.5625
71
88.125
102.656
113.125
117.781
116.781
110.531
100.594
90.3125
82.0625
75.7813
72.1875
71.7188
72.0625
73.1563
73.6875
70.8438
65.125
57.5625
49
39.5625
29.4063
18.8438
9.6875
-0.4375
3.125
11.1563
25
41.6563
58.25
72.5938
84.3438
92.875
96.3438
93.1875
83.4375
70.4688
56.3438
43.9375
34
27.0938
24.5313
27.625
33.75
42.4688
52.5
59.9063
63.375
62.4688
58.7188
51.0625
40.625
28.2813
15.9688
0.6875
5.75
15.9688
31.4375
46.625
59
67.7813
74.375
77.4688
75.0313
66.0938
51.0313
35.3125
20.5313
8.46875
-1.125
-7.46875
-8.96875
-3.8125
6.21875
20.6563
38.2188
53.3438
63.4063
67.2188
66.8125
60.5938
50.1875
36.5625
21.4688
2.0625
8.3125
19.9063
35.125
47.1875
54.9688
59.3125
62.2813
61.5938
55.4375
43.3125
26.7188
11.6563
-1.34375
-11.5625
-19.4063
-23.8125
-23.5938
-17.0625
-4.90625
12.4375
33.8125
52.9063
66.125
71.4688
71.7813
65.9375
55.5313
41.5313
25.4688
2.625
9.8125
21.5938
34.375
42.6875
46.875
48.4375
49.3125
46.4063
38.25
25.0938
10.0313
-2.65625
-13.1875
-20.6875
-25.5938
-26.8125
-23.5313
-15.4063
-2.53125
14.8125
36.2813
55.5313
68.5938
72.8125
71.3438
64.875
55
42.4375
27.625
1.90625
9.28125
19.9375
29.3125
34.5313
36.8438
37.7813
37.9688
34
25
11.8125
-1
-11.375
-19.6875
-24.875
-26.4063
-23.8438
-17.2188
-7.25
5.84375
21.5938
39.75
55.1875
64.75
66.375
62.5938
55.625
46.9375
36.9375
25.375
0.46875
7.15625
15.9375
22.0625
25.2188
26.6563
27.25
26.8125
22.125
12.9375
0.25
-10.4688
-18.75
-24.4375
-26.5313
-24.4688
-18.1563
-8.5
3
15.5
28.0313
40.7188
50.625
55.7813
54.5625
48.9688
42.0938
35.1875
28.5625
21.0938
-1.1875
4.1875
10.6563
14.0938
15.75
16.6563
16.7813
15.625
10.7188
1.75
-10.0313
-18.6875
-24.5313
-26.9688
-25.25
-19.5625
-10.2813
1.46875
13.625
24.3438
32.5938
39.1563
42.8438
43.25
39.7188
33.4063
27.4688
22.875
19.5313
15.5313
-2.75
0.28125
3.78125
5.5
6.1875
6.34375
5.78125
3.65625
-1.3125
-9.15625
-18.6563
-25.1563
-27.9375
-26.2813
-21.0938
-12.5938
-1.625
10.2813
21.3438
29.4063
33.4063
33.7813
31.75
28
22.9063
17.375
13.1875
10.6563
9.4375
8.125
-3.8125
-3.5
-3.15625
-3.03125
-3.4375
-4.46875
-6.28125
-9.625
-14.3125
-20.0313
-25.7188
-28.8125
-27.875
-22.4063
-14.2188
-4
7.25
17.9688
26.5313
31.0938
31.0625
26.7813
20.5313
13.9375
8.21875
3.9375
1.40625
0.34375
0.34375
0.71875
-4.65625
-7.1875
-10.3125
-12.25
-14.125
-16.6875
-20.3125
-25.1563
-29.0938
-31.5313
-31.75
-29.9063
-24.6875
-16
-5.625
5.53125
15.875
24.0938
29.0625
29.75
26.2188
18.4688
9.21875
0.625
-5.09375
-8.09375
-9.3125
-9.46875
-8.9375
-7.15625
-5.40625
-10.7188
-17.5625
-22.5
-26.8438
-31.6875
-37.1563
-42.9688
-45.5625
-43.5938
-36.7813
-28.9375
-19.1875
-7.71875
3.53125
14.125
22.3125
27.0938
27.75
25.0313
19.1563
8.59375
-2.625
-12.1563
-17.4688
-19.5313
-20
-19.8438
-18.9063
-14.8438
-5.53125
-12.625
-22.5
-31.375
-39.0313
-46.25
-53.25
-59.0938
-59.5625
-53.0938
-40.0938
-25.9688
-12.0313
1.125
12.4063
21.3438
26.5313
27.5625
24.5625
19.0313
11.0938
-1.5
-14.0313
-23.875
-28.4688
-29.9688
-30.0938
-29.5625
-27.5313
-20.6875
-5.1875
-13.1875
-25.375
-38.375
-49.5
-58.75
-66.4375
-71.2188
-69.2188
-58.875
-41.2188
-21.9375
-4.875
9
19.375
25.7813
27.5313
24.9688
19.1563
11.4375
1.40625
-13.0625
-26.3438
-35.8438
-39.5313
-40.5313
-40.2188
-38.625
-34.25
-24.0938
-4.75
-12.4688
-25.3125
-40.9375
-54.9688
-65.9375
-73.5313
-76.2188
-71.875
-59.3438
-39.9375
-18.375
0.125
14.0313
23.0313
26.25
24.4063
18.7813
10.3125
0.09375
-12.4375
-28.3438
-41.75
-50.125
-52.4688
-52.5313
-50.5
-46.0938
-37.8438
-24.4375
-4.125
-10.6563
-22.6563
-38.625
-53.3438
-64.6875
-72
-73.8125
-69.3125
-57.5938
-40.0938
-19.875
-2.5625
10.0625
17.5
18.375
14.0938
6.09375
-4.59375
-17.4063
-32.6563
-48.7188
-60.6563
-66.6875
-66.7813
-64.4375
-59.0625
-50.3438
-37.5938
-22.375
-3.84375
-8.75
-18.5625
-32.5938
-46.25
-57.4375
-65.0625
-68.0313
-66.2188
-58.8125
-46.625
-31.4063
-17.75
-7.4375
-1.78125
-2.3125
-7.78125
-16.9688
-29.3125
-43.9063
-60.0938
-74.1563
-82.5938
-84.5938
-80.9375
-74.4375
-64.25
-50.625
-34.125
-18.6875
-3.9375
-6.96875
-13.4688
-23.625
-34.9063
-45.6563
-54.6563
-60.9063
-64.5625
-64.875
-61.9688
-55.875
-49.1563
-43.5625
-40.75
-42.5
-48.0938
-56.75
-68.4063
-81.625
-94.4375
-102.313
-104.188
-100.031
-91.0313
-79.0625
-63.5
-45.8438
-27.9063
-14.3125
-3.21875
-4.96875
-8.96875
-15.5313
-24
-33.9063
-44.375
-55.125
-65.7813
-75.0625
-81.875
-85.875
-87.7188
-88.5625
-89.9063
-92.7813
-97.25
-103.563
-111.281
-118.844
-124.156
-123.594
-117.313
-106.125
-91.5313
-74.4375
-55.9063
-37.5625
-21.3438
-10.6875
-2.1875
-3.15625
-5.3125
-9.21875
-15.4688
-24.2813
-35.4063
-49.1563
-64.8438
-81.1875
-96.25
-109
-119
-126.719
-132.75
-137.156
-140.469
-143.063
-144.563
-144.094
-139.969
-130.5
-116.781
-99.9688
-81.5313
-62.125
-43.7188
-27.625
-15.1563
-7.84375
-1.125
-1.71875
-2.9375
-5.375
-9.875
-16.9375
-27.0313
-40.8438
-57.9688
-77.1875
-96.7188
-114.781
-130.594
-144.063
-154.125
-160.188
-162.438
-161.188
-156.094
-147.75
-135.438
-119
-100.625
-81.3438
-62.5
-44.5938
-29.4688
-17.7188
-9.84375
-5.78125
-0.34375
-0.90625
-2.15625
-4.34375
-7.6875
-12.6875
-20.0625
-31.1875
-45.8125
-62.9063
-80.7813
-98
-113.938
-128.031
-139.063
-145.344
-146.594
-143.031
-134.781
-123.063
-108.281
-91.3438
-73.6875
-56.5
-40.9375
-27.625
-17.5938
-10.5938
-6.59375
-4.6875
3.3125
-2.125
-7.125
-10.3125
-10.1563
-8.375
-5.8125
-2.8125
-0.15625
2.28125
4.8125
6
6.0625
4.96875
2.6875
0.59375
-1.21875
-2.53125
-2.96875
-3.21875
-3.4375
-3.59375
-4.0625
-4.1875
-4.0625
-3.65625
-3.0625
-2.5
-1.71875
-1
4.03125
-0.53125
-5.1875
-8.59375
-9.21875
-8.09375
-5.65625
-2.46875
0.78125
3.9375
7.125
8.75
8.96875
7.8125
4.65625
1.4375
-1.78125
-4.8125
-6.1875
-6.84375
-6.78125
-6.0625
-5.75
-5.21875
-4.71875
-4.1875
-3.53125
-2.9375
-2.15625
-1.375
4.78125
1
-3.375
-6.78125
-7.9375
-7.125
-4.5625
-0.6875
3.875
8.8125
14.1563
16.75
16.9063
14.7188
8.78125
2.9375
-3.0625
-9.28125
-12.75
-14.7813
-15.0625
-13.2188
-11.3438
-9.15625
-7.09375
-5.65625
-4.40625
-3.5
-2.59375
-1.625
5.0625
2.21875
-1.6875
-4.6875
-5.75
-4.34375
-0.3125
5.46875
12.4688
19.6563
26.375
28.6563
27.0938
22.3125
12.875
4.0625
-4.84375
-14.3438
-20.7188
-25.4063
-27.4063
-25.625
-22.2813
-17.7813
-13.125
-9.375
-6.59375
-4.71875
-3.25
-2.0625
5.3125
3.25
-0.09375
-2.5
-2.46875
0.875
7.875
16.75
26.1563
34.4063
40.2188
40.3125
35.9063
28.1563
15.9688
4.6875
-6.71875
-19.1563
-28.875
-36.8438
-41.3125
-40.5313
-36.2188
-29.5625
-22.1875
-15.5313
-10.375
-6.71875
-4.1875
-2.5625
5.65625
4.21875
1.59375
0.25
2.59375
9.5625
21.1563
33.8125
44.2188
50.5313
51.625
47.0625
39.1875
29.3125
16.5313
4.4375
-8.375
-22.8438
-35.8438
-47.0313
-53.8125
-54.5
-49.75
-41.8125
-32.6875
-23.625
-16
-10
-5.875
-3.40625
6.1875
5.1875
3.5
4.28125
10.4375
22.125
37.875
52.2813
60.9688
63.1563
59.2813
50.8125
40.6875
29.8125
16.5313
3.4375
-11.0625
-27.75
-43.1563
-56.1875
-64
-65.25
-60.4688
-52.3125
-42.8125
-32.5938
-23.3125
-15.3125
-9.15625
-5.25
6.03125
5.4375
5.4375
10.0313
21.6563
38.5313
57.375
71.0625
75.7813
72.6875
63.9688
52.4375
40.7188
29.125
15.25
1.125
-14.875
-33.4375
-50.25
-63.8438
-71.2813
-71.7188
-67.0313
-59.9375
-52.25
-43.3125
-33.625
-23.6563
-14.5625
-8.15625
5.59375
5.6875
8.4375
18.5625
36.375
57.875
77.9375
88
87.2188
78.5625
65.4688
51.9688
39.0938
26.7188
12.1875
-3
-20.0313
-39.4375
-56.2188
-68.5
-73.7813
-72.125
-67.7188
-63.625
-60.75
-56.25
-47.9375
-35.9688
-22.7813
-12.375
5.25
6.8125
13.4063
29.6875
53.4063
78.1875
97.4688
102.281
95.1875
80.8438
63.6875
48.4375
34.5313
21.2813
6.3125
-9.25
-26.0313
-43.8438
-58.3125
-67.4375
-69.5313
-66.0625
-62.7188
-63.0625
-67.3438
-69.9063
-65.25
-52.5625
-34.6563
-18.9688
5.125
9.0625
20.2813
43
71.9375
98.625
115.594
113.75
99.4688
78.7188
56.4688
39.0938
24.125
10.5313
-3.15625
-17.25
-31.4063
-44.7188
-54.4375
-58.8438
-57.2813
-52.9688
-52.3438
-58.9063
-72.3438
-83.5
-83.7188
-71.0625
-48.5
-27.2813
5.75
12.625
28.8438
57.875
90.8125
117.531
129.75
119.469
96.9063
69.6875
43.5
25.2188
10.5313
-2.28125
-13.8125
-25.3438
-35.4375
-42.5938
-45.875
-44.2813
-38.6875
-33.75
-36.8438
-50.9375
-74.5313
-95.4688
-101.563
-89.7188
-63.2188
-36.5938
6.8125
16.9375
38.3438
73.25
109
133.75
138.813
118.875
88.0313
55.625
28.0313
10.4688
-2.90625
-14.3125
-23.625
-31.8438
-36.9375
-37.1563
-33.7188
-26.5938
-17.875
-13.0938
-20.1563
-41.3438
-74.25
-104.906
-117.438
-107.563
-78.375
-46.75
8.03125
21.5938
48
88.1875
125.344
146.094
142.156
111.781
73.9375
39.1875
13.625
-0.9375
-12
-21.75
-29.5625
-34.7188
-35.3438
-30.1563
-21.125
-9.96875
0.59375
5.1875
-5.1875
-32
-72.6875
-112.094
-131.188
-124.188
-92.9375
-56.75
9.09375
25.9688
57.125
101.5
138.656
154.469
141.875
102.938
60.5
25.1875
1.5
-10.7188
-19.9375
-27.8125
-32.5938
-33.5938
-29.5313
-19.9375
-7.75
4.8125
15.1563
18.6563
5.75
-25.0938
-71.6875
-118.281
-143.094
-138.688
-105.813
-65.7188
10.0625
29.5625
64.6563
111.906
148.563
159.719
139.469
94.125
48.5313
13.0625
-9.03125
-19.3125
-26.2813
-31.1563
-31.375
-27.8125
-19.8438
-7.53125
5.0625
16.5938
24.8438
26.2813
11.4063
-21.875
-71.9063
-123.281
-152.156
-149.75
-115.969
-72.9688
10.875
32.0313
69.4688
118.125
153.938
161.781
136.531
87.0938
39.3125
3.46875
-17.4688
-25.8438
-29.875
-30.7188
-26.3438
-18.5938
-7.8125
5.46875
16.7188
25.2188
29.6563
27.5938
10.75
-23.4375
-74.2813
-126.938
-157.563
-156.406
-122.188
-77.6875
11.25
32.9375
70.9688
119.969
155.125
161.344
133.906
82.0625
32.75
-3.46875
-23.5313
-29.375
-29.75
-26.1563
-17.5938
-6.875
5.0625
17.0938
25.2813
29.5313
29.4375
23.7188
4.84375
-29.75
-79.5938
-130.625
-159.906
-157.844
-123.344
-78.6563
10.9688
32.125
69.375
117.375
152.063
158.313
130.938
78.9063
29.0313
-7.21875
-26
-28.7188
-24.9375
-17.25
-5.75
5.84375
16.625
25.5313
29.625
29.5625
25.5313
16.7813
-3.84375
-38.6875
-86.8438
-134.719
-160.563
-155.781
-120.5
-76.2188
10.0938
29.6563
64.5625
110.125
144.031
151.125
126.094
76.9688
29.3125
-5.15625
-22.0938
-22.4375
-15.9375
-5.78125
6.78125
17.5
25.5625
30.3438
30
26.0938
19.1563
7.59375
-14.6875
-49.6563
-95.7188
-138.469
-158.813
-150.031
-113.781
-70.9688
8.78125
25.8125
57
98.875
131.469
140.438
120.25
76.7813
33.75
2.46875
-12.4688
-11.2188
-3.40625
7.375
18.7188
26.6563
30.5938
30.375
26.25
19.6563
10.8438
-2.875
-26.9688
-62.1875
-105.531
-141.344
-154.469
-140.688
-103.469
-63.25
7.1875
21
47.4375
84.5
115.25
126.75
113.25
78.0938
42.0313
15.4375
2.90625
4.6875
11.75
20.4375
28.0625
31.5938
31.0938
26.8438
20.1563
11.8125
1.09375
-15.25
-41.5313
-76.4688
-115.031
-141.969
-146.531
-127.5
-90.5
-54.0938
5.75
16.4063
37.875
69.4375
97.5938
111.063
104.219
78.6563
51.625
31.7813
22.875
24.625
28.875
32.6563
34.4688
32.5625
27.6563
20.4688
11.375
0.90625
-12
-30.9063
-57.5
-89.375
-120.656
-137.781
-134.188
-111.156
-75.9063
-44.125
4.6875
12.5938
28.9688
54.4375
78.7813
93.1875
92.75
77
59.875
47.9688
43.5313
45.5
46.625
44.625
39.0625
30.875
21.1563
10.7813
-0.15625
-12.1563
-26.3438
-46.1563
-70.9688
-97.875
-120.969
-128.563
-118.313
-93.1563
-60.7813
-34.125
4.03125
9.75
21.5
40.5938
60.3125
74.1875
78.5
71.9063
64.4063
60.5
60.875
63.4063
61.9375
54.9375
42.7188
28.4375
13.7813
-0.28125
-13.125
-26.0313
-40.0938
-58.4688
-79.4688
-100.094
-115
-114.5
-99.6875
-74.5
-46.25
-25.0625
3.5
7.40625
15.2188
28.5625
43.6563
56.0938
63.2188
63.9063
64.25
66.75
70.8438
73.1875
69.2813
58.3125
41.9375
24.1875
7.03125
-8.25
-21.5938
-34.25
-47.3125
-63.75
-81.0625
-96.0938
-104.156
-97.6875
-80.1875
-56.4688
-32.9688
-17.1875
3.09375
5.46875
10.0938
18.6563
29.25
39.5938
48.375
54.5625
61.2813
68.6875
74.8125
75.8125
69.2813
55.625
37.4688
19.0938
2
-12.75
-25.7188
-37.8438
-50.0938
-64.8438
-78.5
-88.125
-89.9688
-78.875
-60.5313
-39.8125
-21.7813
-11.1875
2.6875
4.03125
6.4375
11.3438
18.2813
26.5938
35.8438
44.9688
55.0313
64.75
71.5
71.625
64.0625
49.9688
32.1875
14.8438
-1.09375
-14.875
-27.1875
-38.8438
-50.3438
-62.75
-72.2188
-76.3438
-72.6563
-59.3125
-42.4063
-26
-13.5313
-7.03125
2.375
3.34375
4.5
6.9375
10.8125
16.6875
24.9063
34.6563
45.8438
56.375
63.2188
63.3438
56.3438
43.5625
27.8125
12.1875
-2.5
-15.5625
-27.7188
-38.9375
-49.125
-58.1875
-62.6875
-61.4688
-53.875
-40.6563
-26.9688
-15.5313
-7.90625
-4.34375
2.21875
3.21875
3.96875
5.03125
6.625
9.8125
15.375
23.3125
33.5
43.5938
50.6563
52
47.3125
37.6563
25.0625
11.4063
-2.59375
-15.7813
-28.0938
-38.3125
-45.7188
-50.0938
-49.25
-43.875
-35
-24.375
-15.2188
-8.59375
-4.65625
-2.8125
2.58333
3.5
3.95833
3.5
2.33333
1.66667
1.29167
0.333333
-0.25
-0.541667
-0.916667
-1.29167
-1.45833
-1.45833
-1.375
-1.04167
-0.833333
-0.666667
-0.75
-0.958333
-1.16667
-1.5
-1.5
-1.66667
-1.625
-1.29167
-1.125
-1.16667
-1.08333
-0.666667
-0.25
-0.0416667
0.833333
0.833333
0.583333
0
-0.458333
-0.5
-0.291667
-0.166667
0.291667
0.625
0.833333
0.916667
0.833333
0.583333
0.125
-0.0833333
-0.166667
-0.25
-0.166667
-0.0416667
0.0833333
0.125
0.0416667
0.0416667
0.166667
0.375
0.333333
0.166667
-0.0416667
0
0.0416667
0.0833333
-0.291667
-0.958333
-1.75
-2.29167
-2.5
-2.20833
-1.66667
-0.708333
0.208333
0.75
1.08333
1.04167
0.583333
-0.25
-1.41667
-2.45833
-2.91667
-2.875
-2.20833
-1.5
-0.5
0.541667
0.958333
1.25
1.16667
1.125
0.875
0.625
0.25
-0.0833333
-0.25
-0.125
-1.66667
-2.25
-1.91667
-1.45833
-1.5
-1.125
-0.5
0.125
-0.458333
-1.29167
-2.04167
-3.58333
-5.66667
-7.75
-9.66667
-11.6667
-12.8333
-12.5833
-11.1667
-9.375
-7.20833
-4.41667
-2.16667
-0.708333
0.0416667
0.416667
0.541667
0.291667
0
-0.291667
-0.458333
-0.375
-2.66667
-2.79167
-1.70833
-0.5
0.0416667
0.5
0.666667
0.166667
-1.625
-4.16667
-7.04167
-10.9583
-15.75
-19.9583
-23.625
-26.875
-28.875
-28.875
-26.7917
-23.7083
-20.125
-15.4167
-10.4583
-6.45833
-3.41667
-1.625
-0.333333
0.166667
0.25
0.166667
0
-0.291667
-2.33333
-2.08333
-1.79167
-1.16667
-0.125
-0.125
-1.16667
-3.08333
-5.70833
-9.875
-15.2083
-20.9167
-27.0417
-32.0833
-36.125
-38.6667
-40.0417
-40.2083
-38.7917
-36.2083
-32.5
-27.7083
-21.6667
-15.375
-9.75
-5.625
-2.54167
-0.5
0.375
0.541667
0.5
0.166667
-0.916667
-0.375
-0.416667
-0.5
0
-1.16667
-3.83333
-7.83333
-13.4583
-19.4167
-25.25
-29.5
-31.4583
-31.9583
-30.25
-27.5
-25.5417
-25.25
-26.75
-27.625
-27.125
-26.4167
-24.375
-20.0417
-14.75
-9.70833
-6.04167
-3.16667
-1.08333
-0.25
0.125
0.125
1.58333
1.83333
1.79167
1.41667
0.541667
-1.16667
-5.04167
-10.75
-17.7083
-21.8333
-23.2917
-21.7917
-15.25
-7.04167
2.79167
10.75
15.2083
16.0417
12.7083
8.29167
3.83333
-1.625
-6.54167
-9.54167
-10.25
-8.75
-7.5
-5.79167
-3.375
-1.54167
-0.625
-0.375
2.75
2.29167
1.83333
1.375
-0.291667
-2.45833
-6.375
-10.625
-12.4583
-10.5417
-5.45833
2.45833
13.9583
25.8333
35.5417
41.75
44.875
45.9167
44.5
40.5
34.0833
26.125
17.5417
8.20833
0.375
-4.20833
-6.08333
-6.16667
-4.95833
-2.875
-1.375
-0.541667
0.625
0.166667
-0.208333
-0.666667
-2.54167
-6.125
-8.33333
-7.45833
-1.54167
5.33333
13.5833
23.9167
32.25
37.5417
37.875
37.4583
38
39.0417
40.7083
40.8333
37.2083
31.6667
23.9167
14.375
4.75
-3.16667
-5.91667
-6.375
-5.875
-4.16667
-2.125
-0.5
-1.875
-1.54167
-1.41667
-2.375
-4.625
-8
-7.20833
-2.41667
5.125
12.125
19.1667
26.375
27.8333
25
19.8333
16.6667
16.25
17.1667
19.625
22.2083
21.875
19
13.2083
6.29167
-0.333333
-6.20833
-8.25
-8.04167
-6.375
-3.95833
-1.875
-0.541667
-1.625
-0.875
-1
-2.79167
-4.875
-5.29167
-2.29167
2.20833
6
10.1667
14.1667
15.6667
12.875
8.625
6.25
5.45833
5.45833
6.16667
7.08333
7.45833
7.125
4.875
1.08333
-3.625
-7.04167
-8.83333
-9.66667
-9.20833
-7.08333
-3.95833
-1.79167
-0.791667
0.458333
0.625
-0.416667
-2.33333
-2.95833
-0.291667
3.08333
5.91667
8
10.125
11.1667
8.45833
5.04167
3
3.08333
3.79167
3.95833
3.70833
2.375
-0.708333
-2.75
-4.25
-4.79167
-5.54167
-6.04167
-5.33333
-4.875
-5.08333
-5.25
-4.33333
-2.66667
-1.125
1.54167
1.20833
0.0416667
-0.833333
0
3.41667
6.08333
7.75
9.5
10.2917
9.29167
5.70833
3.58333
3.16667
3.5
3.83333
3.33333
1.25
-2.29167
-6.25
-8.70833
-8.83333
-6.16667
-1.20833
3.04167
5.625
6.25
5.33333
2.91667
-0.125
-1.375
-1
1.16667
0.833333
0.541667
1
2.125
4.45833
6.125
7.04167
7.45833
7
5.70833
3.625
3.08333
3.375
3.91667
3.75
1.875
-1.625
-6.04167
-9.125
-10.5417
-9.41667
-4.79167
2.75
9.75
13.5
13.4167
12.1667
9.20833
4.70833
1.125
-0.541667
0.875
0.458333
0.958333
2.16667
3.58333
5.16667
6.08333
6.5
5.83333
4.95833
4.125
3.45833
3.79167
4.54167
4.70833
3.125
-0.333333
-4.20833
-7.58333
-9.875
-9.66667
-6.5
-0.75
5.04167
9.66667
12.375
11.9583
10.2083
7.25
4.29167
1.70833
0.0833333
0.666667
0.416667
1.125
2.83333
5.08333
6.33333
6.75
6.75
5.91667
5.04167
4.04167
4.125
5
5.58333
4.375
0.458333
-3.45833
-6.54167
-8.33333
-8.58333
-5.95833
-0.625
4.25
7.375
8.875
9.375
8.875
7.08333
5.04167
3.54167
2.25
1.16667
-0.541667
-0.458333
0.5
2.58333
4.91667
5.83333
6
5.91667
5.45833
4.45833
3.58333
4.16667
5
4
0.875
-3.5
-6.58333
-8.29167
-8.625
-5.70833
-1.16667
3.70833
6.29167
7.625
8.25
7.75
7.125
6.125
5.58333
4.70833
3.33333
1.79167
-1.66667
-1.45833
0.125
2.375
4.41667
5.25
5.79167
6.16667
5.875
4.83333
4.16667
4.54167
3.45833
0.333333
-3.625
-6.375
-8.29167
-8.66667
-6.58333
-1.91667
2.29167
4.54167
5.41667
5.875
6.375
6.45833
6.20833
6.125
6.25
5.54167
3.83333
1.83333
-0.791667
-0.458333
1
3.29167
5.83333
6.91667
8.20833
9.45833
9.5
8.625
6.625
5.04167
0.791667
-3.45833
-6.45833
-8.08333
-8.33333
-6.5
-1.54167
2.625
4.91667
5.25
4.91667
5
5.125
5.91667
6.625
7.16667
7.20833
6
4.20833
2.29167
0.625
0.916667
1.41667
3
5.625
7.91667
9.79167
11.5
12.5417
12.1667
8.66667
3.54167
-2
-5.875
-8.125
-9.25
-7.41667
-3.25
1.75
4.41667
5.33333
5.16667
4.125
3.91667
4.29167
5.5
6.58333
7.08333
6.83333
5.41667
3.75
2.08333
0.583333
0.666667
0.5
0.958333
2.70833
6.5
9.375
11.4583
13.0417
12.4167
8.625
1.33333
-3.75
-7.04167
-8.91667
-8.08333
-4.58333
-0.166667
2.33333
3.70833
4.125
3.5
2.45833
3.04167
4.625
5.91667
6.125
6
5.45833
3.66667
1.625
0.25
-0.291667
-0.375
-0.791667
-0.833333
0.375
4
7.75
10.375
11.0833
8.83333
5.04167
-0.833333
-5.5
-8.16667
-7.79167
-3.66667
0.5
3.33333
4.29167
4.5
3.875
2.66667
2.875
5.45833
7.625
8
7
6
4.45833
1.33333
-1
-1.45833
-0.833333
-1.04167
-1.5
-1.66667
-0.791667
0.958333
2.875
3.91667
3.29167
0.75
-2.25
-4.95833
-7.125
-7
-4
0.583333
3.70833
5.125
5.625
4.875
3.54167
3.625
6.66667
9.66667
10.4167
9.29167
7.83333
5.625
1.875
-1.29167
-2.125
-1.29167
0.125
-0.0833333
-0.666667
-1.58333
-2.5
-3.375
-4.54167
-5.83333
-6.45833
-6.70833
-6.91667
-6.54167
-4.58333
-1.625
1.20833
2.95833
4.08333
4.83333
4.54167
3.75
4.54167
8.125
13.1667
13.875
12.25
10.0417
7.29167
2.91667
-2.29167
-3.20833
-1.91667
-0.458333
1.83333
1.625
0.75
-1.33333
-4.83333
-8.16667
-10.3333
-11.1667
-10.0417
-6.875
-2.125
2.83333
7.66667
10.625
11.2083
10.1667
9.125
8.54167
7.83333
8.70833
13.2083
18.7083
21.4167
18.5417
14.3333
10.0833
4.29167
-1.66667
-5.08333
-3.54167
-1.45833
-0.166667
1.25
1.04167
0.375
-1.45833
-4.91667
-8.66667
-10.4167
-9.75
-7.04167
-0.875
8.5
18.875
25.6667
28.7083
28.75
26.25
23.0833
20.3333
20.3333
23.25
27.0417
28.4167
24.625
18.2917
11.1667
3.54167
-2.75
-6.04167
-5.08333
-2.625
-0.75
0.25
-1.08333
-1
-1
-1.45833
-2.75
-5.20833
-6.83333
-6.70833
-4.33333
1.91667
11.4167
23.2083
32.3333
38.5417
42.2083
42.6667
40.9167
38.1667
37.375
37.4167
33.5417
25.875
15.8333
7.125
-1.08333
-8.41667
-10.5
-8.70833
-4.66667
-2.16667
-0.583333
0.291667
-2.08333
-1.66667
-1.20833
-0.916667
-0.958333
-2.20833
-4.04167
-5.83333
-5.66667
-3.375
1
7.79167
16.625
25.2917
32.75
38.75
41.625
41.625
38.1667
31.5833
20.75
7.875
-3.04167
-10.9583
-15.7083
-16.75
-13.5833
-8.91667
-4.70833
-2.04167
-0.541667
0.0833333
-1.375
-1.08333
-0.583333
-0.125
0.125
-0.0416667
-1.375
-3.75
-6.33333
-9
-11.2917
-12.6667
-10.9167
-7
-2.20833
2.70833
6.29167
7.54167
4.29167
-2.70833
-10.4583
-17.3333
-21.625
-23.2083
-21.2917
-16
-10.625
-5.95833
-2.83333
-0.875
0.291667
0.625
0.0416667
0.0416667
0.125
0.291667
0.333333
0.625
0.125
-1.375
-4.83333
-9.33333
-14.7917
-21.0833
-26.7917
-30.5833
-32.3333
-33.5
-33.5
-33.5
-33.8333
-34.75
-33.8333
-30.9167
-27.2083
-22.125
-16.0833
-9.83333
-5.70833
-2.79167
-1.08333
-0.375
0.0833333
0.333333
1.125
1.04167
0.708333
0.291667
-0.125
-0.291667
-0.666667
-1.625
-3.70833
-7
-11.4583
-17.1667
-23.375
-29.3333
-34.3333
-38.2083
-40.4167
-41.0417
-39.7917
-36.6667
-31.7917
-25.7917
-19.7917
-13.9583
-8.875
-5.29167
-3.16667
-2
-1.41667
-1.16667
-1.16667
-1.04167
4.45833
6.125
4.08333
2.875
0.0833333
-3.33333
-3.08333
-1.16667
-0.125
-0.666667
-2.29167
-1.91667
0.291667
1.29167
1.125
0.958333
0.791667
0.333333
-0.125
0.166667
0.583333
0.125
0
0.583333
0.375
-0.541667
-0.75
-0.166667
-0.0833333
-0.541667
-0.75
-0.416667
4.33333
5.70833
2.70833
1.75
1.16667
-1.375
-2.79167
-1.66667
-0.0833333
-0.625
-2.41667
-1.83333
0.458333
1.08333
0.75
0.916667
0.958333
0.375
-0.291667
0.0833333
0.708333
0.125
-0.208333
0.541667
0.666667
-0.25
-0.666667
-0.0833333
0.0833333
-0.625
-1.20833
-0.791667
3.08333
4.16667
1.75
1.45833
2.125
0.166667
-2.41667
-2.08333
-0.291667
-0.75
-2.41667
-1.70833
0.333333
0.75
0.583333
1.04167
1.45833
1.125
0.0416667
-0.125
0.5
0.0416667
-0.416667
0.25
0.666667
0
-0.625
-0.125
0.25
-0.583333
-1.375
-0.875
0.833333
1.875
1.70833
2.04167
2.5
0.875
-2
-2.25
-0.708333
-1.29167
-2.91667
-2.08333
-0.0416667
0.625
1.20833
1.95833
2.29167
2.41667
1.33333
0.25
0.166667
-0.416667
-0.916667
-0.458333
0.0416667
-0.0833333
-0.458333
-0.208333
0.25
-0.291667
-1.33333
-1.125
-1.04167
0.333333
2.16667
2.875
2.66667
1
-1.95833
-2.58333
-1.125
-2.16667
-4.91667
-4.08333
-1.125
0.916667
3.875
4.75
3.375
4.25
4.20833
1.91667
0.25
-1.16667
-1.83333
-1.58333
-1.54167
-1.25
-0.833333
-0.458333
0.125
-0.0833333
-1.125
-1.16667
-2.33333
-0.458333
2.45833
3.45833
2.75
0.5
-2.79167
-3.58333
-2.70833
-4.625
-7.08333
-4.54167
-0.416667
2.41667
6.875
7.45833
4.70833
6.29167
6.95833
4.16667
2.125
-0.333333
-2.79167
-3.5
-3.5
-3.25
-2.54167
-1.375
-0.25
-0.0833333
-0.75
-0.958333
-3.04167
-0.875
2.58333
3.875
2.5
-0.791667
-4.58333
-5.95833
-5.83333
-7.04167
-6.75
-2.25
1.54167
4.16667
9.125
9.25
5.83333
8
9.5
6.875
4.75
1.45833
-3.25
-5.66667
-5.5
-5.08333
-4.66667
-3.16667
-1.20833
-0.25
-0.5
-0.75
-2.79167
-0.916667
2.66667
3.91667
1.16667
-3.29167
-7.66667
-10.625
-10.3333
-6.83333
-1.04167
3.58333
3.875
5.20833
10.0417
9.25
5.33333
8.41667
11.9583
10.1667
7.45833
3.5
-3.29167
-7.79167
-6.875
-5.375
-6.125
-6.04167
-3.375
-0.666667
-0.125
-0.5
-1.875
-0.458333
2.58333
3.375
-0.916667
-7.45833
-12.875
-14.625
-10.3333
-2.41667
4.66667
7.33333
5.45833
5.95833
10.2917
9
5
8.91667
13.875
12.375
8.83333
4.125
-3.33333
-8.04167
-6.75
-5.33333
-6.70833
-7.54167
-5.70833
-2.5
-0.625
-0.541667
-0.5
0.291667
2.04167
1.70833
-4.16667
-12.75
-18.4583
-16.2083
-6.29167
3.95833
9.70833
9.91667
6.625
6.41667
9.75
8.33333
5
9.04167
14.2083
13.0833
8.95833
3.29167
-3.95833
-7.25
-4.375
-2.41667
-5.16667
-8.75
-9.125
-5.66667
-1.875
-0.625
0.375
0.708333
1.45833
-0.75
-9.25
-19.5
-22.7083
-13.4167
0.75
10
14.6667
13.375
7.83333
5.875
7.33333
6.66667
5.5
8.66667
12.375
11.4583
7.125
0.75
-5.66667
-5.83333
1.41667
5.54167
-0.5
-10.2917
-14.25
-9.95833
-3.625
-0.916667
1
1
0.625
-4.29167
-15.375
-25.2917
-23.9167
-7.79167
9.5
16.9167
18.6667
14.5417
7.125
4.375
5.125
5.58333
5.95833
7.79167
9.58333
7.45833
1.875
-3.5
-6.54167
-3.625
7.33333
15.7917
8.95833
-8.45833
-19.9583
-16.5833
-6.66667
-1.54167
1.08333
1.125
-0.291667
-8.58333
-21.9583
-29.7917
-22.2917
0.791667
19.75
22.875
19.5417
12.7083
5.16667
3
4.20833
5.66667
6.20833
6.08333
5.625
2.16667
-4.25
-8.25
-7.04167
-0.416667
13.5833
26.0417
19.5
-4.70833
-24.75
-23.7083
-10.4167
-2.5
0.541667
0.958333
-1.45833
-13.3333
-28.5
-32.9583
-17.6667
13
31.125
25.4167
14.6667
7.45833
3.33333
3.04167
5
7.20833
6.95833
3.75
-0.0416667
-3.875
-8.83333
-11.7083
-7.41667
3.29167
19.6667
34.375
28.75
0.208333
-27.7083
-30.375
-14.75
-4
-0.0833333
0.833333
-2.95833
-18.75
-35
-33.5417
-9
25.2917
37.3333
23.25
9.83333
4.75
2.95833
3.625
6.16667
8.375
5.75
-1.5
-6.41667
-7.75
-10.4167
-11.7917
-5.91667
5.375
22.75
41
37.1667
4.66667
-29.5417
-35.4167
-18.875
-5.91667
-0.75
0.583333
-4.79167
-23.9583
-40.0417
-31.7083
0.708333
34.875
39.3333
19.7083
6.75
3.95833
3.29167
4.41667
6.58333
7.125
2.29167
-6.58333
-10.9583
-9.875
-9.79167
-8.875
-2.875
6.29167
22.9167
44.125
43.5833
9.83333
-29.75
-39.5833
-22.6667
-7.79167
-0.958333
0.291667
-7
-28.4167
-42.9167
-28.1667
9.25
40.375
38.5417
17.1667
5.66667
4.25
4.25
4.95833
5.125
3.20833
-2.45833
-10.4167
-13.0833
-9.95833
-7.08333
-3.625
1.5
6.5
20.125
43
47.25
15.3333
-28.2083
-42.3333
-25.75
-9.58333
-0.916667
0.291667
-8.125
-31.2917
-45.3333
-26.0417
15.5
44.2917
37.8333
15.8333
5.70833
5.16667
5.25
4
0.625
-2.5
-6.20833
-12.0417
-12.75
-7.08333
-2.16667
1.08333
3.91667
6.25
18
41
47.125
17
-26.2917
-42.1667
-27.2917
-10.9583
-0.791667
0.291667
-8.375
-32.125
-46.3333
-25.875
17.5417
46.6667
38.75
15.9583
6.54167
6.16667
4.45833
0.583333
-4.375
-7.125
-8.79167
-11.6667
-9.70833
-2.79167
2.16667
4.41667
5.29167
5.75
16.25
38.8333
45.5833
16.75
-25.375
-41.4583
-27.6667
-11.5417
-0.541667
0.416667
-7.75
-30.9583
-45.9167
-27.0833
15.9583
46.8333
40.5
17.75
7.875
5.91667
1.54167
-3.95833
-8.58333
-10.0833
-9.70833
-9
-4.41667
1.75
4.66667
5.875
5.91667
5.125
14.875
37.2917
43.75
14.9167
-26.0417
-40.875
-26.9167
-11.0833
-0.5
0.541667
-6.58333
-28.25
-43.625
-28.4583
11.2917
43.875
42.1667
21.4167
9.29167
3.04167
-3.375
-7.75
-11.125
-11.5
-7.79167
-3
1.375
4.16667
5.20833
5.54167
4.875
5.04167
16.4167
37.625
40.4583
9.95833
-28.7917
-40.0833
-24.625
-9.41667
-0.291667
0.916667
-4.875
-24.2917
-40.1667
-29.5
6.25
39.5833
41.2917
21.9167
8.5
0.583333
-6.375
-10.1667
-11.7917
-9.45833
-3.45833
1.95833
4.83333
5.33333
4.875
4.25
3.70833
7.04167
21.125
37.6667
32.75
1.5
-31.0417
-36.9583
-21.125
-7.625
-0.291667
1.25
-2.91667
-19.4583
-35.125
-29.25
0.625
32.625
37.4583
20.4583
6.79167
-1.58333
-8.125
-10.5417
-9.29167
-4.54167
1.375
5.08333
6.04167
5.25
3.875
2.91667
4.125
11.4583
26.25
34.875
21.625
-7.875
-31.9167
-32.2917
-16.875
-5.58333
-0.458333
0.958333
-1.5
-14.1667
-27.7917
-26.5417
-5.625
22.1667
30.2917
17.375
4.875
-3.20833
-8.5
-7.75
-2.75
1.83333
4.20833
5.75
5.875
4.125
2.41667
3
7.66667
17.5417
28.5417
27.1667
8.70833
-15.375
-30.625
-26.7917
-12.5
-3.66667
-0.625
0.666667
-0.666667
-9.70833
-20.625
-21.875
-8.66667
11.7917
20.0417
11.6667
1.08333
-5.16667
-5.45833
-0.25
4.58333
5.83333
5.58333
5.83333
5.16667
3.125
2.79167
6.375
11.9167
19
24.875
17.9167
-1.83333
-20.4583
-27.7917
-20.4583
-8.04167
-1.95833
-0.791667
0.375
-0.25
-6.08333
-13.9583
-16.2917
-9.33333
3.08333
9.20833
4.375
-3.25
-6.04167
-1.45833
6.625
10.5833
8.91667
6.875
6.54167
5.20833
3.08333
4.20833
9.33333
13.6667
17.1667
18.8333
8.58333
-10.2083
-22.6667
-23.0833
-13.9167
-4.33333
-0.916667
-1
0.0416667
0
-3.20833
-8.29167
-10.9167
-8.41667
-2.375
0.208333
-3.75
-7.5
-5
2.41667
10.0833
13.75
11.625
8.20833
7.45833
6.58333
4.75
5.79167
9.91667
12.25
13.4167
12.0417
-0.458333
-16.25
-21.1667
-16.2083
-7.75
-2
-0.875
-1.33333
-0.125
0.25
-1.33333
-4.125
-6.70833
-7.58333
-5.58333
-4.20833
-7.08333
-9.58333
-5.29167
3.83333
11.6667
14.5833
11.9167
8.41667
7.91667
7.75
6.29167
6.29167
8.875
10.3333
9.25
4.29167
-7.16667
-16.75
-16.5833
-10.5417
-3.79167
-0.333333
-0.708333
-1.58333
-0.291667
0.416667
-0.291667
-1.58333
-3.70833
-6.04167
-6.08333
-5.66667
-8.25
-10.25
-5.58333
3.875
11.4167
13.375
10.5
7.875
8.25
8.66667
7.08333
6.125
7.625
7.70833
3.91667
-2.70833
-10.25
-13.5833
-11.0417
-6.08333
-1.41667
0.333333
-0.666667
-1.625
-0.458333
0.291667
0.125
-0.5
-2.04167
-3.625
-3.75
-4.70833
-8.25
-10.1667
-5.66667
2.83333
9
10.1667
8.33333
7.66667
8.91667
9.04167
6.91667
5.54167
6.04167
3.625
-2.33333
-7.04167
-8.875
-8.25
-6.08333
-3.20833
-0.375
0.416667
-0.625
-1.33333
-0.708333
-0.125
0.166667
0.333333
-0.625
-1.875
-1.75
-2.95833
-6.58333
-7.91667
-4.58333
0.208333
3.66667
5.91667
7.125
8.125
9.25
8.66667
6.125
3.79167
2.08333
-0.958333
-4.5
-6.08333
-5.95833
-4.58333
-2.54167
-1.08333
-0.125
-0.0416667
-0.791667
-1
-0.833333
-0.416667
0.0416667
0.625
0.208333
-0.666667
-0.25
-1.08333
-4.125
-5.33333
-3.54167
-1.375
-0.0833333
1.79167
4.79167
7.58333
8.83333
7.58333
4.45833
1.20833
-1.29167
-3.04167
-3.83333
-3.625
-3.04167
-1.91667
-0.5
-0.0416667
-0.166667
-0.416667
-0.791667
-2
-1.90741
-1.81481
-1.85185
-1.77778
-2.01852
-2.72222
-4.75926
-7.59259
-10.2963
-13.3519
-16.5926
-19.1481
-20.7593
-21.1111
-20.5741
-19
-16.2778
-13.2778
-10.0185
-6.55556
-3.7963
-1.92593
-0.851852
-0.259259
0.148148
0.240741
0.203704
-2.77778
-2.83333
-2.83333
-3
-3.85185
-5.77778
-8.74074
-13.3704
-18.9815
-24.0185
-29.037
-34.2222
-38.6111
-41.4259
-42.2778
-41.0926
-38.1667
-33.537
-28.5185
-23.1481
-17.4074
-12.1111
-7.68519
-4.35185
-2.18519
-0.814815
-0.166667
0
-2.42593
-2.85185
-3.51852
-4.68519
-7.48148
-11.8889
-17.5
-24.3704
-31.6111
-38.0741
-44
-49.463
-54.0741
-57
-57.9074
-56.3333
-52.6481
-47.4444
-41.6852
-35.4259
-28.7963
-21.963
-15.4074
-9.74074
-5.62963
-2.96296
-1.33333
-0.611111
-1.46296
-2.5
-4.62963
-7.96296
-13.7222
-20.2593
-26.9074
-33.0926
-38.2778
-42.9259
-46.5556
-48.5926
-49.6296
-49.2222
-48.537
-47.0185
-44.5185
-42.0185
-39.0185
-35.2407
-31.1111
-25.8704
-20.1111
-14.4259
-9.57407
-6.14815
-3.53704
-1.64815
-0.425926
-2.35185
-5.98148
-11.1111
-17.6111
-23.1111
-27.1667
-29.3519
-29.2963
-28.8519
-27.1296
-22.963
-18.037
-13.0556
-10.1481
-9.22222
-9.61111
-11.9444
-14.2037
-15.9074
-17.2778
-17.0926
-15.8519
-13.7593
-11.037
-8.51852
-5.94444
-3.46296
-0.203704
-3.14815
-7.53704
-12.7037
-16.9259
-18.5741
-17.9074
-14.7407
-9.11111
-2.87037
4.98148
14.8704
24.7407
32.8519
37.2593
37.5185
34.037
27.2778
19.7593
12.0741
4.81481
-1.05556
-5.7037
-9.05556
-10.3704
-9.98148
-8.27778
-5.68519
-1.90741
-5.94444
-9.42593
-11.4074
-9.7037
-5.87037
-0.592593
6.07407
14.0741
23.2407
34.3704
45.463
55.0556
61.1111
64.3519
64.037
59.2037
51.4444
42.2593
31.9259
21.7963
12.1481
3.72222
-3.51852
-8.59259
-10.3519
-9.81481
-7.81481
-4.40741
-8.11111
-9.2037
-7.09259
-1.31481
5.05556
11.463
18.1852
25.2778
33.8333
43.8333
51.5741
56.8519
58.9074
59.8704
59.0926
55.037
49.1111
41.2222
31.4444
21.6852
12.0926
3.92593
-3.37037
-9.01852
-11.4444
-11.4074
-9.48148
-5.90741
-7.87037
-6.24074
-1.16667
5.72222
11.7222
16.7222
21.4074
26.0926
31.9815
37.8333
40.3704
40.3704
38.6481
37.1852
35.7037
33.2037
30.0926
25.2037
18.3519
11.0556
4
-1.37037
-5.83333
-9.31481
-10.963
-10.9259
-9.37037
-4.68519
-3.55556
-0.148148
4.88889
9.24074
12.5
14.963
17.6481
20.6111
23.8889
25.0556
23.8519
21.1296
18.2963
15.537
12.963
11.3704
10.0926
7.81481
4.11111
-0.37037
-4.25926
-6.2963
-7.12963
-7.09259
-7.22222
-7.16667
-6.53704
-1.61111
1.61111
5.31481
8.81481
10.7963
12.1296
13.2037
14.8704
16.8148
18.1667
16.4259
13.6667
10.1296
6.68519
2.96296
-0.462963
-2.03704
-2.46296
-2.40741
-2.51852
-3.57407
-4.2963
-3.83333
-1.92593
0.425926
1.35185
1.01852
-0.314815
1.96296
5.94444
8.98148
10.6852
11.0926
11.4444
12.1111
13.4444
14.7778
14.8704
11.8889
8.7037
5.14815
1.42593
-2.66667
-6.2963
-7.94444
-7.98148
-6.38889
-3.74074
-1.53704
0.574074
2.7963
6.05556
9.07407
10.0741
8.94444
5.87037
4.57407
7.77778
9.92593
10.7222
10.7778
11.1481
12.0556
13.0556
13.6852
12.8519
9.77778
6.16667
2.24074
-1.66667
-5.38889
-8.27778
-9.53704
-9.18519
-6.75926
-2.53704
2.2963
6.7963
10.0741
13.2593
15.3519
15.463
13.463
9.55556
6.05556
8.27778
9.64815
10.1667
10.4074
11.0741
12.2222
12.9259
12.8333
10.963
7.51852
3.2037
-0.777778
-4.07407
-6.68519
-8.22222
-8.64815
-8.01852
-5.53704
-0.944444
5.18519
10.6852
14.2593
16.3519
16.7222
15.537
13.037
9.7037
6.62963
8.01852
9
9.72222
10.5556
11.6667
12.963
13.0926
11.6296
8.24074
4.38889
-0.111111
-3.74074
-6.11111
-7.35185
-7.51852
-7.14815
-5.98148
-3.31481
1.31481
7.55556
13.0185
16.0926
16.7222
15.5
13.5
11.1667
9.01852
6.87037
8.09259
9
10.0741
11.6296
13.2778
14.463
13.7407
10.3889
5.16667
0.796296
-3.22222
-5.96296
-7.40741
-7.7037
-6.83333
-5.72222
-3.74074
-0.648148
4.12963
9.75926
14.3148
16.3519
15.8148
13.6296
11.537
10
9.14815
7.40741
9.22222
10.6296
12.0556
13.9815
15.8704
16.6481
14.6296
9.11111
2.35185
-2.25926
-5.38889
-7.16667
-7.87037
-7.66667
-6.46296
-4.57407
-1.27778
2.42593
7
11.3704
14.5741
15.4259
14.2593
12.2963
10.8889
10.1852
9.87037
7.09259
10.2037
12.6296
14.6111
16.5556
18.0185
17.7593
14.5741
8.38889
1.42593
-3.61111
-6.40741
-7.57407
-7.85185
-7.31481
-5.64815
-2.77778
1.2037
4.96296
9.12963
12.3333
14.0185
13.7963
12.5185
11.2222
10.5
10.3333
10.037
5.74074
10.0741
13.6111
16.0741
17.5741
17.7222
16.1481
12.4259
7.11111
1.38889
-3.7037
-6.44444
-7.31481
-7.24074
-6.05556
-3.74074
-0.12963
3.85185
7.2963
10.9259
13
13.2593
12.2222
11.1111
10.537
10.3148
10.0556
9.07407
2.64815
7.2037
11.3148
14.1111
14.8333
13.2222
10.3889
7.16667
4.14815
0.87037
-3.24074
-5.66667
-6.57407
-6.09259
-3.7963
-0.5
3.22222
6.55556
9.75926
12.9074
13.9444
13.1667
11.5926
10.6667
10.3148
10.0741
9.22222
7.03704
-0.259259
2.83333
5.7963
7.62963
7.37037
4.7963
1.7963
-0.203704
-0.851852
-1.27778
-2.94444
-4
-4.2963
-3.2037
-0.203704
3.42593
7.22222
10.6852
14.2222
16.3148
16.037
14.5185
12.8704
11.9815
11.4074
10.2963
7.81481
3.81481
-2.77778
-2.33333
-1.48148
-1
-1.64815
-3.48148
-5.01852
-4.87037
-2.94444
-0.425926
1.16667
2.03704
2.66667
4.27778
7.22222
10.5
14.1852
17.8148
21.2037
21.4074
19.6296
17.3704
15.5185
14.0185
12.3519
9.37037
4.96296
-0.185185
-4.22222
-6.68519
-8.25926
-9.03704
-9
-8.25926
-6.57407
-3.40741
1.37037
6.88889
11.7037
14.7778
16.9259
18.8704
20.8889
23.0926
26.2222
29.0741
30.5185
27.9815
24.5
21.1296
18.5
15.5556
11.8333
6.40741
0.462963
-4.07407
-5.01852
-9.12963
-11.7963
-12.5926
-11.1296
-7.22222
-1.55556
5.48148
13.3333
21.6667
29.7222
35.7037
40.037
42.963
44.3519
44.963
44.7593
43.3519
39.7778
33.5741
27.4444
21.8148
17.0926
11.8704
5.87037
-0.259259
-4.94444
-6.53704
-4.88889
-9.05556
-11.8889
-12.537
-10.4074
-5.03704
2.55556
11.6111
21.1296
31.0741
41.2963
50
56.6481
60.7963
61.8889
60.6481
56.1852
49.4259
40.5
31.1111
22.4815
14.9259
8.61111
2.38889
-3.7037
-7.83333
-9.18519
-7.2037
-3.96296
-6.77778
-9.07407
-9.94444
-8.72222
-4.7037
1.35185
9.03704
17.5185
26.7037
36.9815
46.963
54.9259
59.9074
60.8889
57.9815
50.1296
39.4259
27.5926
16.8333
7.22222
-0.555556
-6.55556
-11.2778
-14.3704
-14.0556
-10.9815
-6.38889
-2.51852
-3.72222
-5.31481
-6.92593
-8.07407
-8
-6.87037
-4.5
-0.796296
3.92593
9.7037
16.0185
21.3889
24.7407
24.8889
21.6111
15.0741
6.59259
-2.03704
-9.24074
-15.1111
-19
-21.1111
-21.2222
-19.1667
-15.0185
-9.72222
-4.7037
-1.07407
-1.24074
-2.2963
-4.40741
-7.44444
-10.8333
-14.2778
-17.3148
-19.2037
-20.2407
-20.7407
-20.4259
-19.7222
-19.4259
-20.3148
-22.6667
-25.4259
-28.5185
-30.9074
-32.1296
-32
-30.5741
-28
-23.8333
-18.2407
-12.537
-7.2037
-3.25926
6
4.09259
1.18519
-2.18519
-3.38889
-4.18519
-4.38889
-5.98148
-5.81481
-4.01852
-0.0185185
3.51852
5.85185
6.68519
6.72222
5.92593
4.33333
1.88889
-0.333333
-1.68519
-2.11111
-2.07407
-2.09259
-1.90741
-1.37037
-0.851852
-0.703704
-1.07407
5.44444
4
1.11111
-2.66667
-4.62963
-6.27778
-7.01852
-8.42593
-7.25926
-3.7963
1.74074
6.5
9.05556
9.74074
9.55556
9.01852
7.72222
4.90741
1.42593
-1.75926
-3.7963
-4.61111
-4.74074
-4.12963
-3.01852
-1.87037
-1.27778
-1.33333
4.68519
3.42593
0.203704
-4.40741
-7.48148
-9.72222
-9.94444
-9.42593
-6.16667
-1.07407
4.88889
9.64815
11.7037
12.0556
11.7037
11.6667
11.1296
8.66667
4.37037
-0.814815
-5.01852
-7.18519
-7.62963
-6.74074
-5.2963
-3.57407
-2.38889
-1.83333
3.87037
2.44444
-1.74074
-7.90741
-12.6111
-14.2593
-11.5741
-6.42593
-0.722222
4.35185
8.16667
11.2963
12.3704
12.6111
12.6852
13.7037
14.3148
12.3148
7.37037
0.425926
-5.5
-8.7037
-9.38889
-8.81481
-7.96296
-6.2037
-4.2037
-2.37037
3.01852
0.592593
-5.37037
-13.1111
-17.5556
-16.3333
-9.55556
-1.2963
4.81481
8.37037
10.1481
12.037
12.7407
13.3889
14.2963
16.0556
16.8333
14.2778
8.51852
0.814815
-5.5
-8.87037
-9.74074
-9.7037
-9.7037
-8.51852
-6.38889
-3.7963
1.68519
-2.7037
-10.5926
-19.037
-20.9815
-15.5185
-4.7963
4.64815
9.61111
11.0185
11.2037
12.4259
13.2963
14.5741
16.3148
18.3519
18.537
14.5556
7.53704
-0.37037
-5.68519
-7.44444
-7.42593
-8
-10.037
-10.9815
-9.66667
-6.40741
-0.574074
-8.11111
-17.8148
-25.0741
-21.9815
-11.537
1.85185
10.463
13.3519
12.7963
11.9815
13.0185
14.2222
16
18.0741
19.9815
19.0926
13.3889
4.59259
-3.2963
-6.42593
-4.35185
-1.61111
-2.74074
-8.48148
-13.8519
-14.537
-10.6481
-4.12963
-14.7778
-25.2037
-29.5926
-20.7593
-5.77778
9.01852
15.7963
16.2778
14.1111
12.8333
14.1296
15.5741
17.3519
18.7593
19.7037
17.4259
10.5
1
-6.11111
-6.59259
-0.462963
6.14815
5.40741
-3.96296
-15.7222
-20.3519
-16.9259
-8.7963
-22.0926
-32.0741
-32.4444
-17.6667
1.11111
16.5
20.963
19.2037
15.5926
14
15.2593
16.537
17.537
17.4074
16.7593
13.4259
6.53704
-2.12963
-7.53704
-5.16667
4.72222
15.0185
14.6111
1.62963
-16.963
-26.2037
-23.8704
-14.4074
-29.5556
-38.2037
-33.5556
-13.037
9.05556
24.3519
26.9259
23.3333
18.2778
15.3333
15.2407
15.5741
15.3519
13.3704
10.7963
6.92593
1.59259
-4.57407
-7.16667
-1.75926
11.7407
25.037
24.4259
7.40741
-17.7778
-31.6111
-30.537
-20.3889
-36.9444
-43.3519
-32.6852
-6.2037
18.7963
33.1481
33.037
26.8148
19.6667
15.2037
13.8889
13.1852
11.463
7.40741
3.42593
-0.37037
-3.51852
-6.62963
-6.01852
2.48148
18.8704
35
34.5741
14.537
-16.9815
-35.9259
-37.037
-26.3704
-43.8333
-47.4074
-30.1481
2.53704
30
42.3333
38
28.1667
18.8704
13.5556
11.4815
9.75926
6.64815
1.38889
-3.12963
-6.44444
-7.98148
-8.5
-5.07407
6.2963
25.1852
44.2407
44.6667
22.6296
-14.9815
-39.3889
-43.4074
-32.037
-50.2222
-50.5185
-26
13.5
42.4815
50.6111
39.4444
25.5741
15.2963
11
8.88889
6.51852
2.44444
-3.11111
-7.66667
-10.537
-11.0185
-9.75926
-4.31481
9.01852
29.9074
51.7963
53.8148
30.8519
-12.1481
-42.037
-49.5
-37.2222
-56
-52.6296
-20.6667
24.3519
53.0741
55.8889
39.1481
22.9444
12.5741
8.40741
5.2037
2
-2.18519
-6.90741
-10.4444
-12.1481
-11.3519
-9.2037
-3.38889
10.5185
33.0741
58.037
61.6852
37.5556
-10.2407
-44.5741
-54.4074
-40.9259
-59.9815
-53.7222
-16.0556
32.8333
60.8889
59.3519
38.6481
20.6852
9.90741
5
0.944444
-2.57407
-6.05556
-9.68519
-11.7963
-12.0926
-9.92593
-7.03704
-1.35185
12.2222
35.0741
61.7593
66.6111
41.9444
-9.05556
-46.5556
-58.0926
-42.7963
-61.463
-53.3889
-12.8148
37.5741
65.0556
61.2407
38.463
18.8333
6.94444
1.01852
-3.27778
-6.46296
-8.90741
-11.2593
-11.8889
-10.6111
-7.07407
-3.14815
2.2963
14.7037
35.9259
62.2407
67.4815
43.2407
-8.74074
-47.5556
-60.0185
-42.7037
-60.8333
-52.4259
-11.6111
38.6481
66.2037
62.0926
38.463
16.9444
3.35185
-3.31481
-7.16667
-9.22222
-10.3148
-11
-10.1852
-7.57407
-3.22222
1.09259
6.16667
17.4815
37.1296
61.3148
64.8704
39.8519
-11.0556
-48.3704
-59.5741
-40.8519
-58.3519
-50.537
-11.3889
36.9444
63.6852
59.6481
36.5741
14.9444
0.981481
-6
-9.51852
-10.6296
-10.3519
-9.48148
-7.37037
-3.83333
0.87037
5.07407
9.96296
20.6667
38.8519
59.1852
59.1296
32.5556
-15.2222
-48.6111
-57.0185
-37.3148
-54.1481
-47.8889
-12.5926
32.1296
57.5556
54.7037
33.6481
13.2222
-0.333333
-7.2037
-10.2222
-10.537
-9.01852
-6.72222
-3.46296
0.425926
4.68519
8.46296
13.537
23.9444
40.037
55.1667
50.7778
23.2037
-19.9074
-48.0556
-53.0926
-32.4074
-48.2407
-44.4074
-15
24.3889
48.2222
47.6667
29.8889
11.5926
-0.796296
-6.7963
-8.94444
-8.51852
-6.14815
-2.68519
1.11111
4.55556
7.61111
10.9259
16.7963
27.1667
40.5556
49.3148
40.1667
12.3704
-24.7593
-46.6111
-47.963
-27.037
-41.7778
-40.4259
-17.037
16.537
37.8519
38.5741
23.6296
8.53704
-0.944444
-4.22222
-5.05556
-4.18519
-1.92593
1.7963
5.42593
8.38889
10.7963
14.0556
19.5926
28.1481
37.463
40.8704
28.7593
2.35185
-28.4259
-44.0185
-41.7963
-21.3333
-34.7778
-35.7037
-18.3889
9.18519
27.4074
28.8148
16.2963
4.22222
-2.14815
-2.16667
-0.351852
2
4.55556
7.66667
10.1667
11.8519
13.1481
15.6481
20.1296
26.6296
32.537
31.8519
18.0185
-6.31481
-30.6852
-40.4259
-35.1296
-15.7222
-27.1852
-29.8704
-18.6481
2.61111
17.3519
19.1481
8.87037
-0.740741
-4.27778
-1.07407
4.44444
9.03704
12.1481
14.0556
14.7593
14.6111
14.0741
15.1852
18.4259
23.3333
26.7963
23
8.55556
-12.9444
-30.9259
-35.7037
-28.5185
-10.9074
-20.0741
-23.7407
-17.4259
-2.2963
8.77778
10.4444
2.14815
-4.88889
-5.61111
0.777778
8.81481
14.5926
17.2407
17.7963
16.8519
15.2037
13.463
13.7222
16.4074
20.3333
21.9259
15.7037
0.925926
-17.6296
-29.9259
-30.3889
-21.9815
-7
-13.7778
-17.6111
-15.0926
-5.85185
1.12963
2.16667
-3.77778
-7.42593
-5.09259
3.62963
12.5
18.037
19.5741
18.8889
16.8704
14.4074
12.3704
12.4444
14.9444
17.7037
17.3148
8.88889
-5.5
-20.6481
-27.4444
-24.5185
-15.7593
-4.01852
-8.55556
-11.9074
-12
-7.83333
-5.14815
-5.31481
-8.74074
-8.37037
-2.85185
6.87037
15.0185
19.1481
19.4074
17.7778
15.4259
13.1296
11.537
11.8704
13.8889
15.0556
12.1667
2.05556
-10.9444
-21.6481
-23.2222
-17.9815
-10.0556
-2.12963
-4.55556
-7.09259
-8.98148
-8.74074
-9.11111
-9.81481
-11.1111
-8.24074
-1.2963
8.25926
15.3519
18.3889
18.0185
16.3333
14.3333
12.463
11.2037
11.4074
12.2037
11.0556
5.72222
-4.27778
-14
-19.5556
-17.6296
-11.9444
-5.87037
-1.07407
-1.90741
-3.51852
-5.96296
-7.83333
-10.1111
-11.5
-11.9815
-8.09259
-0.907407
7.87037
13.6296
16
15.9074
15.4074
14.2222
12.5741
10.7593
10.0926
8.98148
5.77778
-0.796296
-8.61111
-14.1111
-15.1852
-11.7593
-6.98148
-3.03704
1.77778
1.66667
-0.444444
-2.83333
-3.83333
-2.55556
-0.888889
-0.333333
-0.333333
-0.444444
-0.222222
0.333333
0.944444
1.72222
1.72222
1.33333
0.333333
-0.722222
-1.55556
-1.38889
-0.555556
0.222222
0.0555556
-0.555556
-0.722222
-0.222222
0.777778
1.61111
2.11111
1.55556
0.333333
-1
2.94444
0.555556
-2.61111
-4.55556
-5
-3
-1.05556
-0.277778
-0.388889
-0.444444
0
0.444444
0.666667
0.944444
0.833333
0.888889
0.666667
0.111111
-0.944444
-1.5
-1.16667
-0.333333
0.111111
-0.166667
-0.277778
0
0.833333
1.44444
1.72222
1.5
0.888889
0.111111
2.94444
-1.11111
-4.55556
-5.61111
-4.77778
-2.16667
-0.0555556
0.555556
0.222222
-0.277778
-0.111111
-0.277778
-0.5
-0.888889
-1.22222
-0.944444
0
1
1.22222
0.555556
0.222222
0.166667
0.611111
0.333333
0.222222
0.111111
0.444444
0.611111
0.722222
1.05556
1.22222
1.16667
1.83333
-3.05556
-5.83333
-5.55556
-3.22222
-0.555556
1
1.22222
0.388889
-0.777778
-1.72222
-2.83333
-4.16667
-5.33333
-5.72222
-4.5
-1.66667
1.88889
5.16667
6
5.38889
3.66667
2.83333
2.05556
1.44444
0.833333
0.166667
-0.277778
-0.555556
0.277778
1.11111
1.88889
0.611111
-3.33333
-4.44444
-3
-0.555556
0.277778
0.0555556
-0.388889
-1.44444
-3.72222
-6.94444
-10.7222
-13.8889
-14.7222
-12.7222
-8.27778
-3.27778
2.61111
9.22222
13.8333
15.1667
13.1667
10.6111
7.94444
5.22222
2.61111
0.666667
-0.444444
-0.777778
-0.222222
0.555556
1.38889
-0.5
-2.22222
-1.66667
0.0555556
1.11111
-0.444444
-2.88889
-4.88889
-7.44444
-11.9444
-17.7778
-22.8889
-25.6111
-23.6111
-17.9444
-9.88889
-3.38889
3.16667
11.1111
19.2222
24.5556
25.4444
23.0556
18.8889
13.4444
8.22222
3.94444
1.27778
-0.0555556
-0.388889
-0.111111
0.388889
-1
-0.0555556
1.38889
2
0.833333
-2.88889
-7.5
-12.6111
-18.3889
-24.9444
-30.3889
-32.3889
-30.6667
-24.5556
-16.2778
-7.38889
-1.77778
3
9.22222
18.5556
27.8889
33.8889
34.3333
30.1111
23.1111
15.9444
9.66667
5
1.83333
0.0555556
-0.611111
-0.555556
-0.277778
1.83333
2.61111
1.38889
-1.77778
-6.66667
-13.9444
-23.8333
-35.2222
-41
-39.1111
-28.1111
-16.6667
-7.16667
-1.94444
0.833333
1.22222
1.22222
3.05556
9.61111
19.8889
29.7778
34.3333
32.4444
27.5
22.5556
16.8333
10.7222
4.44444
1
-0.222222
0
0.277778
2.16667
2.16667
-0.388889
-4.77778
-11.6667
-22.4444
-35.4444
-45.8333
-43.3333
-29.5
-8.5
6.77778
13.6111
12.7222
8.11111
3.55556
0.333333
-0.833333
1.5
7.05556
14
18.8889
20.3333
20.8333
21.4444
20.1667
15.8889
9.05556
3.94444
1.33333
0.777778
0.555556
1.66667
1.16667
-2.16667
-8.05556
-18.2222
-31.6111
-42.9444
-44.1667
-29.7778
-6.77778
15.2778
26.6667
27.2778
21
12.0556
5.61111
1.66667
-0.388889
-2.33333
-4.5
-5.88889
-5.44444
-2.05556
5.11111
14.1667
20.8889
21.1667
15.4444
8.16667
3.55556
1.66667
0.277778
0.777778
0.5
-3.33333
-11.7222
-26.6111
-39.2778
-41.3333
-24.4444
-0.277778
20.7778
28.3889
27.7778
21.9444
15.6667
9.83333
7.66667
7.33333
6.27778
1
-9.55556
-21.1667
-28.8333
-26.0556
-13.7222
4
20.1667
26.9444
23.9444
13.9444
5.88889
1.38889
0.388889
0.777778
0.166667
-5.33333
-17.0556
-33.3333
-39.8333
-29.8333
-1.77778
21.7778
32.8333
27.6111
19.7222
12.7778
9.5
8.94444
11.1111
12.6667
10.2778
1.5
-13.6667
-30.2222
-42.2778
-42.0556
-28.3333
-4.77778
20.7222
34.1111
33.1111
19.6667
8.16667
1.55556
0.5
0.666667
-0.944444
-8.05556
-21.9444
-35.4444
-33.5556
-13.8333
15.9444
31.9444
31.6667
19.4444
10
5.5
6
9.83333
14.1111
14.9444
8.94444
-3.05556
-19.1111
-34.2778
-44.7222
-45.2778
-32.9444
-9.44444
19.5556
36.9444
38.3889
23.9444
10.5556
2.16667
0.722222
0.333333
-3.16667
-11.6667
-25.0556
-31.1111
-21.5556
1.16667
22.1111
28.2778
21.8333
11.5556
5.83333
5.16667
8.16667
12.9444
15.1111
11.3889
0.166667
-14.1667
-26.8889
-34.5
-36.5556
-34.5556
-25.6667
-9.33333
14.7778
31.9444
36.5
25.0556
12.7222
3.83333
0.833333
-0.333333
-5.11111
-13.3889
-24.3333
-24.2778
-11.2778
9.83333
22
21.7222
13.6111
7
5.27778
7.22222
11
14
11.7778
2.55556
-12.4444
-25.3889
-31.2222
-28.8333
-21.8889
-15.8333
-10.3333
-3.94444
8.11111
19.6667
26.0556
21.6111
13.4444
5.55556
1
-0.611111
-5.83333
-13.1667
-21
-17.1667
-4.22222
12.6667
18
15.1111
8.5
6.16667
7.5
10.4444
12.5556
10.9444
3.16667
-9.72222
-23.7778
-31.3889
-29.1111
-18.6111
-5.72222
2
3.44444
0.777778
1.88889
7.66667
14.6667
16.1667
12.1111
6.05556
0.666667
-0.388889
-4.5
-10.1667
-15.3889
-11.4444
-1.27778
10.6667
12.7778
10.1667
6.66667
8.05556
11.2778
13.2222
11.1667
3.05556
-9.61111
-22.4444
-30.0556
-29.0556
-19.6667
-5.77778
7.61111
13.0556
10.2778
2.05556
-2.22222
0.166667
6.61111
10.6111
9.16667
4.94444
-0.222222
0.0555556
-1.94444
-5.33333
-8.61111
-6.44444
-0.777778
6.05556
7.38889
7.44444
7.83333
11.3333
14.3333
13
5.05556
-9.66667
-23.4444
-30.6111
-27.5
-18.2778
-5.83333
5.88889
14.2778
15.0556
9.61111
1.44444
-2.55556
-1.5
2.61111
5.22222
4.72222
2.55556
-1.05556
0.388889
1.16667
0.888889
-0.277778
-1.44444
-1.5
0.222222
2.88889
6.33333
9.94444
13.1667
13.4444
7.27778
-5.44444
-21.4444
-31.0556
-30.2222
-19.0556
-5.33333
6.27778
13.1667
15.0556
12.5
7.55556
2.94444
0.333333
-0.722222
-0.833333
-0.555556
-0.277778
-0.0555556
-1.38889
0.333333
3.44444
6.77778
8.44444
4.61111
-0.833333
-4.27778
-0.611111
5.61111
10.9444
11.7222
6.72222
-4
-17.9444
-28.6667
-30.0556
-21.6111
-7.22222
6
13.6667
15
11.5556
8.44444
7.16667
7.94444
5.72222
0.666667
-5.27778
-7.16667
-5.66667
-2.5
-0.277778
0.222222
4.05556
10.3333
16.4444
13.2222
4.27778
-5.22222
-4
2.44444
7.83333
5
-6
-18.6111
-27.8889
-27.8333
-20.3889
-8.16667
4.16667
12.3889
14.5556
11.5556
7.22222
6.94444
10.2222
14.2778
10.4444
0.888889
-10
-13.2778
-10.5
-4.94444
0.555556
0.166667
3.72222
11.5556
21.4444
22.5556
14.5556
1.27778
-4.61111
-4.22222
-3.38889
-9.27778
-20.9444
-29.4444
-30.0556
-20.8889
-8
4.11111
12.0556
14.1111
11.7778
7.05556
4.38889
8.38889
15.9444
21.3333
12.9444
-2.44444
-16.9444
-18.9444
-13.5
-5.88889
1.16667
0.5
3.27778
11.2778
23.8333
31
26.5
11.1667
-4.33333
-13.8889
-19.6667
-26.3889
-32.9444
-33.1111
-24.5
-10.1667
3.55556
12.4444
15.1111
12.2222
7.5
3.88889
4.83333
13.7222
23.3889
26.3333
10.5
-10.1111
-25.1111
-22.9444
-14.2778
-5.44444
0.666667
0.777778
3.11111
10.6667
24.1111
36.2222
36.2222
20.9444
-3.16667
-24.1111
-37.1667
-41.8333
-38.6111
-28.3333
-13.1111
1.88889
12
15.3333
12.6667
7.94444
4.22222
4.38889
10.0556
22.8333
31.0556
26.1111
0.944444
-22.6111
-33.2222
-24.2222
-12.1667
-3.38889
0.444444
0.722222
2.22222
8.66667
21.5556
35.7222
38.3889
24.2778
-2.66667
-28.1667
-44
-47.1111
-37.7778
-21.0556
-2.38889
10.4444
15.1667
13.5
8.94444
5.72222
6
11.5
22
32.0556
30.6667
13
-15.2778
-33.7778
-35.5556
-22.1111
-9.38889
-1.72222
0.222222
-0.0555556
0.611111
5.5
16.4444
29.8333
34.4444
24.4444
1.55556
-22.0556
-37.6111
-40.7778
-31.1111
-14.6667
2.11111
11.1111
12.3333
9.55556
7.55556
8.5
13.5
21.9444
31.8889
32.2778
18.3333
-8.5
-31.7222
-39.9444
-32.3889
-17.7222
-6.55556
-0.944444
0.166667
-1.16667
-1.27778
1.66667
9.33333
19.6111
25.7778
23.2222
10.8889
-4.66667
-17.2778
-22.5
-18.7222
-10.1111
-1.16667
2.77778
4
5.55556
10.2222
16.2222
24.1111
30.5
32.0556
18
-6.33333
-32.3333
-42.5556
-38.1667
-24.6667
-12.1667
-4.5
-1.22222
-0.111111
-1.66667
-1.77778
-0.0555556
4.61111
11
17.2778
20.8889
20.0556
15.3889
9.44444
4.72222
1.44444
-1.44444
-4.22222
-5.22222
-2.77778
3.22222
11.3333
18.8333
23.5
21.7778
11.2778
-8.72222
-29.7222
-43.2778
-41.4444
-30.3889
-16.3889
-7.22222
-2.83333
-1.83333
-0.166667
-1
-0.888889
0.0555556
2.16667
5.16667
10.1667
16.7222
23.6667
28.2222
29.6667
27.8333
21.3889
11.3333
0.444444
-5.05556
-4.22222
1.11111
6.88889
11.0556
9.77778
1.38889
-14.5556
-30.7778
-41.2778
-41.3333
-32.4444
-20.0556
-9
-3.27778
-1.55556
-2
0.0555556
0.555556
0.944444
1.38889
1.83333
2.83333
5.61111
11.0556
19.6111
28.8889
36.2778
38.8333
34.5556
24.5556
12.6111
4.27778
0.444444
-0.777778
-2.77778
-5.72222
-12.6667
-22.3889
-33.6111
-38.7778
-37.0556
-29.1667
-19.1667
-10.0556
-3.61111
-1.27778
-1
-1.5
1
1.94444
1.88889
1.33333
1.16667
2.16667
4.22222
7.5
12.1667
19
26.4444
32.1667
32.5
27.3333
18.8333
10.5556
3.83333
-2.16667
-8.88889
-15.8889
-23.1667
-28.6667
-31.5556
-29.6111
-24.1667
-16.6111
-9.5
-3.83333
-0.722222
0
-0.444444
-0.777778
1.55556
2.27778
1.61111
0.555556
0.388889
1.94444
3.77778
5.22222
5.77778
8.5
13.3333
19.3333
22.3889
21.2778
16.5556
10
3.72222
-2.55556
-8.83333
-15.6667
-20.6667
-22.5556
-20.5
-16.7778
-12.0556
-7.66667
-3.61111
-0.833333
0.277778
0.277778
-0.111111
0
-4.44
-5.76
-6.28
-4.9
-3.02
-2.68
-3.16
-4.32
-6.8
-9.08
-10.12
-10.36
-9.1
-5.82
-1.96
2.12
6.36
9.32
10.62
10.64
9.62
7.66
5.64
3.92
2.9
2.22
1.8
1.74
-4.66
-5.78
-6.32
-5.62
-4.96
-6.36
-9.04
-12.58
-17.12
-20.42
-21.46
-20.76
-17.28
-10.64
-3.38
4.14
12
17.9
21.12
22.26
21.24
18.02
13.98
9.9
6.48
3.98
2.4
1.82
-3.7
-4.76
-5.98
-7.64
-10.06
-14.36
-19.96
-25.84
-31.12
-33.5
-32.84
-29.8
-23.46
-13.84
-4.02
6.24
17.26
26.32
32.18
35.36
35.12
31.18
25.22
18.66
12.48
7.56
4.18
2.48
-2.66
-4.1
-6.98
-12.02
-18.84
-26.64
-34.88
-41.36
-44.82
-43.42
-39.1
-32.62
-24.02
-13.22
-3.04
7.86
20.28
31.66
39.92
45.38
46.82
43.3
36.52
28.56
20.3
13.04
7.52
4.18
-2.08
-4.96
-10.46
-19.36
-30.22
-40.74
-49.42
-53.84
-53.08
-46.88
-38.38
-28.92
-19.26
-9.22
-0.32
9.46
21.06
32.6
41.92
48.92
52
49.96
44.3
36.78
28.06
19.74
12.78
7.5
-2.3
-7.68
-16.62
-29.46
-43.68
-55.08
-61.24
-60.5
-52.66
-39.68
-26.54
-14.88
-5.96
0.38
5.2
10.94
18.26
26.62
34.38
40.98
45.28
46.16
44.24
40.58
34.6
27.4
20
13.06
-3.94
-12.14
-24.52
-40.26
-55.14
-64
-64.12
-55.6
-39.84
-21.3
-5.9
5.08
10.8
12
11.9
12.62
13.86
16.4
19.14
21.76
25.06
28.98
32.76
36.26
37.34
34.58
28.44
20.46
-7.16
-18.16
-32.96
-49.06
-61.18
-64.5
-56.44
-39.9
-18.38
2.04
16.42
24.08
25.52
22.28
18.34
14.32
9.12
4.32
-0.32
-4.2
-3.58
2.78
13.18
25.4
36.14
40.5
37.66
29.3
-11.04
-24.48
-40
-53.74
-59.94
-55.62
-38.86
-16.78
5.7
22.46
32.1
34.48
32.38
27.3
22.4
15.86
5.52
-6.54
-18.72
-29.22
-32.28
-24.44
-7.92
12.38
32.28
44.32
45.78
37.66
-14.96
-29.62
-44.28
-53.84
-53.48
-41.76
-19.1
4.72
24.72
36.7
41.24
39.58
35.64
30.02
24.2
15.18
0.36
-17.42
-35.16
-50.06
-55.14
-45.84
-24.82
1.62
28.52
46.38
51.32
44.12
-18.42
-32.64
-44.9
-49.44
-42.72
-25.08
-0.2
21.86
36.9
43.08
42.7
38.36
33.7
28.5
21.98
10.78
-6.88
-27.06
-46.52
-62.1
-66.64
-56.14
-33.5
-5.22
24.52
45.3
52.84
47.1
-20.46
-32.84
-41.86
-41.54
-30.2
-9.82
13.2
31.02
40.52
41.82
38.28
33.14
28.52
23.18
15.14
1.84
-16.5
-35.48
-51.74
-63.04
-64
-52.76
-31.46
-6.18
20.82
40.72
49.6
45.56
-20.38
-30.22
-36.08
-32.4
-19.12
1.02
20.1
33.16
38.42
37.14
32.28
27.02
21.88
14.74
4.16
-10.4
-27.02
-41.42
-50.54
-54
-49.9
-38.36
-20.86
-1.86
18.04
33.36
41.24
38.98
-18.22
-25.12
-28.52
-23.64
-11.2
6.5
20.74
30.18
33.94
32.86
28.06
22.66
15.44
4.62
-9.12
-23.98
-36.88
-44.14
-44.38
-39.58
-30.64
-19.62
-7.48
3.96
15.7
25
30.52
29.82
-13.72
-17.82
-19.4
-15.12
-5.36
8.36
18.62
25.88
29.38
28.82
23.8
16.58
5.98
-7.96
-22.86
-35.52
-42.26
-41.14
-33.22
-22.26
-10.62
-1.6
4.66
8.6
12.78
16.44
19.38
19.46
-7.36
-9.06
-9.48
-6.6
-0.58
8.14
15.22
20.96
24.12
23.46
17.38
7.24
-6.24
-21.32
-34.42
-41.68
-40.42
-32
-18.74
-4.76
6.56
12.36
13.86
12.44
10.58
9.36
9.24
8.9
0.02
0.46
0.98
2.04
4.06
7.74
11.78
15.42
17.22
15.04
7.1
-5.4
-19.7
-32.88
-40.86
-40.7
-32.14
-18.9
-3.9
9.64
18.62
21.68
20.12
15.86
10.08
4.66
0.72
-0.86
7.34
10.3
12.4
12.36
10.86
9.24
8.78
8.18
6.3
1.28
-7.96
-20.3
-32.12
-39.74
-40.34
-33.04
-19.74
-4.9
8.46
19.32
25.66
27.06
24.22
19
10.36
1.12
-6.5
-9.64
14.08
19.82
24.22
24.26
19.76
12.12
5.4
-1.68
-9.26
-17.18
-25.9
-35.04
-40.76
-39.96
-33
-20.6
-5.58
7.6
17.16
25.12
29.8
30.76
27.88
22.04
10.14
-2.9
-13.74
-18.34
18.98
27.88
34.98
36.12
29.78
16.52
1.72
-13.24
-26.86
-37.44
-44
-46.7
-43.82
-34.62
-21.48
-6.46
7.34
16.88
22.86
29.1
33.28
34.64
31.64
24.04
8.06
-8.78
-22.04
-26.96
21.24
32.92
42.82
45.74
38.96
21.68
-1.06
-23.96
-43.06
-55.64
-58.82
-53.42
-41.52
-25.5
-8.48
6.42
17.3
23.66
27.9
33.7
38.22
39.08
33.58
21.98
1.7
-18.14
-31.96
-35.04
21.02
34.56
46.96
52.32
46.32
26.94
-1.08
-29.8
-53.22
-66.5
-65.96
-54.06
-35.8
-15.38
2.84
15.98
24.3
29.08
32.98
38.76
42.54
40.62
30.62
13.88
-10
-30.6
-42.16
-41.64
18.74
32.56
46.04
53.44
49.38
31.02
2.46
-27.28
-51.48
-64.3
-62.16
-48.2
-28.38
-7.66
9.42
21.04
28.74
33.72
38.18
42.8
43.28
36.1
20.38
-1.36
-25.92
-43.6
-50.26
-45.2
14.74
27.44
40.54
49.28
48.44
34.7
10.6
-15.12
-36.18
-47.78
-46.2
-34.12
-17.56
-1.24
12.28
21.56
28.32
33.54
38.1
39.82
35.58
22.96
2.72
-21.22
-42.38
-54.22
-54.62
-45
10.08
20.28
31.96
41.44
44.28
37.48
22.02
3.92
-11.84
-21.64
-22.38
-15.8
-6.12
3.46
12.04
18.68
24.62
29.64
32.64
30.1
20.54
3.04
-19.42
-41.44
-55.94
-60.16
-54.08
-40.84
6.6
14.02
23.62
32.92
38.64
38.7
33.38
24.98
15.86
8.78
5.2
4.34
5.02
7.1
10.04
13.6
17.54
20.3
19.5
12.14
-1.96
-20.88
-40.54
-56.26
-62.42
-58.84
-47.84
-33.5
4.2
9
16.02
24.14
31.54
37.14
40.34
40.96
38.98
35.22
29.8
23.32
16.54
11.28
8.32
7.62
7.52
6.3
1.42
-9.38
-24.82
-41.14
-54.7
-62.28
-60.42
-51.06
-37.84
-24.6
2.86
5.7
10.32
16.74
24.36
32.84
41.02
47.64
51.42
51.18
46.4
38.14
27.56
16.88
8.42
2.12
-3.8
-10
-18.22
-29.86
-42.62
-52.92
-58.66
-58.26
-50.6
-38.94
-26.46
-15.88