-0.75
-0.875
-1.625
-2.75
-3.25
-3.625
-3.625
-3.375
-3.5
-4.125
-4.875
-5.375
-5.375
-5
-4.875
-5.25
-5.625
-6.125
-5.875
-5.5
-5.375
-5
-5.125
-5.25
-5.375
-6.125
-6.125
-5.625
-5.375
-4.25
-3.75
-3.875
-3.5
-3.375
-1.625
-1.75
-1.875
-2.5
-3.125
-3.75
-4.25
-4.5
-4.625
-5.125
-5.75
-6
-5.75
-4.875
-4
-3.625
-3.75
-4.25
-4.625
-5
-5.25
-5
-4.5
-3.75
-3
-3.25
-3.5
-3.5
-3.125
-2.125
-1.5
-1.375
-2.125
-3.625
-1.625
-1.875
-2
-2.25
-2.875
-3.5
-4.25
-4.625
-4.625
-4.625
-4.375
-4.25
-4
-3.25
-2.625
-2.125
-2.25
-3
-4.125
-5
-5.375
-5.25
-4.25
-3.5
-2.875
-2.75
-3.25
-3.25
-2.875
-2.75
-2.375
-2.25
-3.25
-5
-1.75
-1.875
-2.125
-2.5
-3
-3.375
-3.75
-3.875
-3.75
-3.5
-3
-2.625
-2.375
-2
-1.625
-0.75
0
0.125
-0.5
-1.75
-2.875
-3.5
-3.25
-2.875
-2.875
-2.75
-3
-3.125
-3.125
-3.875
-4.375
-4.75
-5.375
-7.25
-1.375
-1.625
-1.875
-2.5
-3.125
-3.375
-3.25
-2.875
-2.375
-1.875
-1.875
-1.875
-1.875
-1.5
-0.5
1.75
4.75
7.625
8.75
7.375
4.625
1.375
-0.5
-1.125
-1.75
-1.875
-1.75
-2
-2.25
-3.125
-4.25
-5.125
-6
-8
1.25
1
0.75
-0.25
-1.25
-2
-2.25
-1.875
-1.125
0.125
0.875
2.125
4.125
6.875
10.75
15.25
20.5
26.125
28.625
27.5
22.625
14.625
8.375
3.875
1
0.125
-0.125
-0.5
-0.75
-1.5
-2.625
-3.5
-4.625
-5.75
4.625
5.5
5.875
5.125
3.75
1.875
0.375
-0.25
0.75
3.625
8
14.375
22.125
30.5
39.25
45.625
50.625
54.625
54.875
52.5
46.25
35.875
25.5
16
8.875
4.75
2.125
0.625
-0.5
-1.25
-1.875
-2.375
-2.875
-3.125
5.125
7.125
9
10.125
9.25
7.25
5.25
4.625
6.875
12.75
22.625
34.25
46.75
58.75
69
74.875
76.75
75.125
70.5
65.625
60.375
53.875
44.5
33.875
23.25
13.25
6.25
1.875
-1.125
-2
-2.125
-2.25
-2.25
-2.25
2.125
2.75
4.5
7.625
9.25
10.5
11.75
13.5
19
29.5
44.625
59.375
71
78
79.875
79.5
75.875
70
65.5
62.5
61.875
62.875
58.875
51
39.375
25.875
14.625
6.25
1.5
-1.125
-2
-2.125
-2.25
-2.25
0.25
-2
-2.375
0.25
4
9.5
16.375
24.5
36.125
50
63.75
73.5
75.875
71.625
62.75
54.625
47.25
41.625
41.25
43.25
46.75
50.375
49.625
44.875
37
29.125
21
13.25
7.875
2.75
-0.125
-1
-1.5
-1.625
2.125
-0.625
-1.875
-1.25
1.625
7.75
17.875
33.75
49.875
61.375
64.75
60.125
50.75
40
30.5
22.125
16.25
13.125
13.25
14.75
15.75
13.75
11.375
9.75
10.5
14.5
17
16.375
12.375
7.5
3.375
1
0.25
-0.125
3.25
2
1.625
1.75
3.875
9.625
20.75
38.125
51.125
55.25
49.25
35.375
22.875
14
8.375
4
0.625
-2
-4.125
-7.875
-13.125
-19.375
-21.375
-17.5
-8.375
2.75
10.75
14.625
12.875
9.875
6
2.375
1.5
1
1.75
1.375
1.75
2.625
6.5
14.25
25.75
37.625
42.5
38.75
28.5
16.125
7.5
2.375
-0.75
-3
-5.5
-9.125
-15.5
-24.25
-32.875
-36.125
-31.75
-21
-7.25
4
11.125
14.875
14.125
11.375
7.5
3.375
1.75
0.75
0.375
0.125
0.5
2
8
17.375
27.5
32.625
30.375
22.375
11.875
4.75
0.25
-2.875
-5.25
-8
-11.625
-17.375
-27.25
-36.125
-40.625
-36.625
-25.125
-10.75
3
12.75
19.125
21.625
19.5
14.75
9.25
4.625
1.875
0
-0.375
-0.5
0.125
2.25
8.875
17.375
24.375
25.5
19.875
11.5
3.875
0
-2.375
-5.125
-9.75
-15.125
-21.625
-29.625
-36.125
-37.625
-32.75
-22
-8.25
4.625
15.625
24.75
29.75
29.625
25
17.5
10.375
5.25
1.75
-0.375
-0.625
-0.5
0.5
3.125
9
15.625
20.25
19
12.75
5
-1.625
-4.375
-7
-11.375
-18.125
-26.375
-34.25
-39.875
-38.375
-30.875
-19
-4.875
7.25
16.875
24.75
31.5
33.25
30.5
25.125
16.375
9.25
4.375
0.625
-1.125
0
0.25
1
3
7.5
12.125
14.75
12.125
6.25
-0.25
-6.125
-9.375
-14.125
-20.75
-28
-35
-38.875
-37.375
-29.875
-18
-4
10.125
20.125
26.625
29.875
29.625
27.5
23.625
18.75
12.125
6.375
2.25
-0.625
-1.5
0.25
0.375
0.75
1.75
4.5
6.625
6.75
4.25
0.125
-4.25
-9
-15
-22.75
-30.125
-35
-35.125
-31.125
-23
-12.5
0.125
13.625
24.875
31.25
32.375
29
22
16.75
12.625
8.625
5.75
2.75
0.25
-1
-0.875
-0.375
-0.5
-0.375
0.25
0.625
0.5
-0.5
-2.25
-4.375
-8.25
-15.5
-23.875
-32
-37
-35.875
-30
-21.125
-10.125
3.125
16.25
27.5
33.625
33.625
28.75
21
13.875
7.875
3.625
1.125
-0.25
-1
-1.375
-1.5
-1
-1
-1.125
-1.25
-1.625
-3.25
-4.625
-5.75
-6.375
-9.375
-15.75
-25
-33.125
-36.75
-35.5
-28.5
-20.25
-10
2.75
16.375
27.125
32.25
30.75
24.75
18.125
12.25
8.375
4.625
1.25
-1.625
-3.25
-4
-3.75
-2.625
-2
-1.125
-1
-1.5
-3.125
-6.125
-8.625
-10.375
-13.125
-19.25
-27.625
-34.625
-37.5
-33.5
-25
-15.25
-4.5
7.5
20.875
30.125
32.875
28.75
19.625
11.875
7.375
5.5
4.25
2.125
-1.25
-5.375
-7.25
-7.375
-5.875
-3.375
-2.375
-1
-1
-2
-4.25
-9
-14.125
-19.125
-27.25
-33.75
-38.125
-38.125
-31.75
-21.625
-9.875
0.625
13.25
25.25
33.625
34.875
28.75
18.625
8.375
3.25
1.25
0.5
-0.5
-4.375
-9.625
-13.25
-13.875
-10.875
-6.5
-3.25
-2
-1.25
-1.5
-2.625
-5.375
-11.5
-20.625
-31.25
-41.125
-43.625
-39.25
-30
-17.875
-6.75
4
15.375
26
32.625
31.75
25
15.375
6.75
2.125
0.125
-1
-2.75
-7
-13.25
-18.875
-21
-18.25
-12.25
-6.375
-2.75
-1.375
-1.875
-1.75
-2.625
-5.25
-12.125
-23.875
-37.375
-44.75
-42.875
-32.375
-17.75
-5.875
4.125
14.125
25.125
31.125
30.375
22.625
12
4.5
0.875
0.375
-0.375
-2.5
-6.875
-14.375
-21.625
-26
-25.5
-19.5
-12.125
-5.875
-2.25
-0.75
-2.625
-2.125
-2.625
-4.375
-10.75
-20.75
-31.375
-35.25
-31.125
-20.125
-5.375
5.875
16.125
24.875
29.875
28.625
21.875
12.5
4.125
0.5
-0.125
0
-1.25
-5.25
-12.125
-21.5
-28.375
-30.75
-26.875
-18.625
-10.75
-4.625
-1.875
-0.75
-2.875
-2.5
-2.625
-3.75
-7.75
-13.25
-18.75
-20.75
-17
-8.5
4.125
17.125
27.125
31.25
27.125
18.375
8.875
2
-1
-2.25
-2.875
-3.875
-7.375
-13.625
-21.75
-31.375
-35.5
-33.375
-25.375
-15.25
-7.5
-3.125
-2.125
-1.5
-2.625
-2.375
-2.375
-3.25
-5.125
-8.125
-11.75
-15.125
-14.375
-9.125
1
13.375
20.5
20.5
13.625
4.75
-1.875
-4.875
-5.5
-6.875
-9.625
-14.625
-21.625
-30.25
-39
-44.5
-42.875
-34.125
-21.75
-10.75
-4.375
-2.625
-2.75
-2.375
-2.25
-2.125
-1.875
-2.25
-3
-5.625
-10.25
-15.75
-19.625
-19.875
-15.5
-10.25
-6.625
-5.375
-7.125
-8.5
-9.375
-10.375
-11.375
-14.875
-21.5
-31
-41.5
-50.5
-56
-53
-43.75
-30
-16
-7
-3
-2.5
-2.625
-2.5
-1.875
-1.875
-1.75
-1.75
-2.625
-5.375
-10.375
-16.375
-23.5
-30.125
-35.5
-41.25
-43
-41
-38.25
-33.75
-31.125
-32
-34.125
-39.25
-46.625
-54.125
-60.25
-61.875
-58
-47.125
-33.5
-20.5
-10
-5
-2.875
-2
-1.875
-1.875
-2.375
-2.625
-3.25
-3.75
-5.625
-8.25
-11.625
-15.625
-21.25
-29.875
-42
-55.125
-64.625
-69
-69
-66.75
-65
-65.375
-67.5
-70.25
-71.5
-69.5
-63.375
-53.625
-41.25
-28.75
-17.75
-10
-5.75
-3.625
-2.5
-1.625
-1.5
-1.625
-4.125
-4.875
-5.875
-7.25
-8.625
-9.75
-10.375
-11
-13.125
-19.25
-30.25
-42.875
-55.375
-65.75
-71
-73.75
-74.5
-73.75
-73.5
-71.375
-66
-57.25
-45.625
-33.375
-21.625
-12.875
-7
-3.625
-2.625
-1.875
-1.375
-1.125
-1.25
-1.375
-6.125
-7.25
-8.625
-10.25
-10
-9
-7.375
-6.125
-6.75
-9.75
-15.75
-23.375
-32
-40.625
-45.875
-49.75
-51.75
-51.25
-49.75
-45.25
-38.25
-30.125
-22.125
-15
-9.25
-5.25
-2.875
-1.75
-1.25
-1.125
-1
-1
-1
-0.75
-5.5
-6.625
-8.125
-8.875
-7.875
-6.125
-4.25
-3
-3.25
-4.375
-6.5
-9.625
-12.875
-16
-17.5
-19.5
-21.375
-22
-21.625
-18.5
-14.125
-10
-7
-4.875
-3.5
-2.625
-2
-1.5
-1.125
-0.875
-0.75
-0.75
-0.375
0
-1.625
-2.75
-3.625
-3.5
-2.875
-2
-1.25
-0.5
-0.375
-0.625
-1.25
-2.25
-3
-3.125
-2.375
-2.625
-3.375
-4.125
-4.875
-4.25
-3.5
-2.875
-2.75
-2.875
-2.625
-2.25
-1.75
-1
-0.5
-0.125
0.25
0.5
1
1.25
0.5
1.625
2.625
3.25
3.75
3.375
1.125
-2.125
-3.5
-1.125
2.125
2.125
-0.375
-1.75
-0.625
1.25
2.125
2.625
2.875
2.25
0.625
-1.75
-3.875
-4
-1.375
0.875
0.375
-1.125
-1.125
0.75
2
1.625
3.5
9.625
0.375
1
1.875
2.5
3.125
3
1
-2
-3.375
-1.625
1.25
2
0.25
-1.125
-0.5
0.625
1.25
2
2.625
2.5
1
-1.5
-3.5
-3.75
-1.5
0.25
-0.25
-0.25
0.375
1.125
2
1.875
3.375
8.875
0.375
0.625
1.5
2
2.375
2.5
0.75
-2.125
-3.375
-1.875
0.875
2
0.75
-0.25
0.125
0.625
1
1.5
1.875
2
0.875
-1.25
-2.75
-3
-1.375
-0.25
-0.75
0
1.125
1.5
1.875
1.75
3
7.25
0.25
0.625
1.375
1.5
1.5
1.875
0.75
-2.125
-3.5
-1.75
1
2.125
1.125
0.5
1.125
1.5
1.5
1.375
1
0.5
-0.375
-1.25
-1.75
-2.125
-1.375
-0.75
-1
0.125
1.375
1.375
1.375
1.5
2.375
4.5
0.125
0.625
0.875
0.75
0.875
1.625
0.75
-1.875
-2.875
-1.125
1.125
1.625
0.875
1.5
2.75
3.25
4
3.875
1
-2.625
-3.625
-2.875
-2.25
-2.125
-1.75
-1.125
-0.75
0.25
1
0.625
0.5
1.125
1.75
2.25
0.75
0.5
0
-0.25
0
1
0.5
-1.625
-2.125
0.125
2.375
3.125
3.625
4.875
6
6.75
8
7.875
2.125
-6.5
-9.875
-8.875
-6.875
-4.625
-3.25
-1.875
-0.375
0.25
0
-0.5
-0.375
0.5
1.125
0.75
2.375
1.25
-0.625
-1.125
-1
-0.625
-0.875
-1.25
0
3.125
6
8.125
10.125
11.5
12
11.625
11.375
10.375
1.875
-11.5
-17.25
-16.625
-14.5
-10.75
-7.375
-4.5
-1.875
-0.625
-1
-1.5
-0.875
0.125
0.375
-0.375
4.125
3.375
0
-1.375
-1.75
-2.5
-2.75
-0.625
3.875
9.25
14.125
17.5
19.25
19.75
19.25
16.375
12.25
9.375
-0.25
-16.125
-23.625
-23.875
-23.25
-20.375
-15.5
-10.5
-6.25
-3.125
-2.125
-2
-1.125
-0.25
-0.25
-0.75
4.125
5.25
1.25
-0.625
-0.25
-1.5
-2.5
0.5
9.25
21.25
29.625
30.625
27
23.75
21.125
16
9.625
5.5
-2.5
-16.25
-25.125
-28.125
-30.375
-31
-27.625
-20.625
-13.125
-8.25
-5.5
-3.125
-1.25
-0.375
-0.5
-0.75
2.5
6.5
2.875
0.75
2
1.75
1.875
7.5
20.625
34.75
40.75
37
28.875
22.875
18.75
12.375
5
0.625
-5.25
-15.25
-23.25
-29.375
-36.625
-40.375
-36
-26.875
-18.75
-14
-10.125
-5.5
-2.125
-0.75
-0.75
-0.875
-0.625
6.625
4.375
2.25
4.875
7.5
11.125
20.5
34.875
44.875
44.5
35.625
24.5
17.25
12.25
6.125
0.25
-3.125
-6.5
-13.5
-22.25
-31.5
-40.625
-43.5
-37.75
-28.5
-21.25
-18.125
-15.125
-9.5
-4.125
-1.5
-1
-0.875
-4.25
5.25
5.375
4
8.125
15.625
25
37.125
47.625
47.75
39.5
27.625
15.875
9
4.125
-0.75
-3.625
-5.25
-7.375
-13.625
-24.625
-35.375
-40.625
-38
-31.625
-24.75
-20
-20.125
-19.875
-14.625
-7.25
-2.875
-1.5
-0.75
-6.5
3.625
6.25
5.875
11.25
24.5
40.25
52.875
54.5
41.25
25.75
15.375
8.25
3.625
0
-3.5
-6.5
-8.625
-12.75
-21.5
-30.875
-36.375
-35.25
-27.5
-19.5
-14.75
-14.625
-19.125
-23.375
-20.875
-11.5
-4.625
-2.5
-1.5
-7.625
2.875
7.25
8
16
34.875
53.5
61.625
52.375
30.125
14.375
7.75
3
-0.125
-3
-6.75
-10.625
-14.625
-20.75
-28.875
-33.625
-32.125
-24.375
-13.5
-6.75
-5.5
-9.625
-18.625
-27.75
-27.75
-16.5
-7.375
-4.125
-2.25
-8.375
2.5
8.625
11
22.375
46.125
63.875
62.75
43.125
18.5
7.125
4
-0.375
-3.875
-7
-11.375
-16.125
-21.375
-27.625
-31.875
-30
-22.25
-10.5
0.125
4.125
2.75
-5.75
-20.875
-34
-34.75
-22.125
-11
-6.25
-3.375
-8.625
2.5
9.5
13.875
29.75
56.875
70.5
58.25
30.75
9.25
3.125
1.625
-2.75
-8.625
-13.875
-18.375
-22.25
-25.875
-28.875
-27.375
-19.5
-8.125
3.25
10.125
11.25
9
-3
-25.25
-42.125
-42.125
-28.25
-15.125
-8.375
-4.625
-8.5
2.75
10.25
16.25
36
65.125
73
51.875
21
3
0.875
-1.125
-8.375
-15.25
-20.25
-24.25
-25.625
-25.375
-23.625
-16.5
-4.75
6.125
12.875
14.875
14.375
11.125
-4.25
-30.375
-49
-48.875
-34.125
-19
-9.875
-4.75
-8.5
3.125
11
18.25
40.5
69.875
73.25
46.25
13.875
-1.25
-3.5
-8
-15.25
-21.125
-24.75
-25.875
-23.625
-19.75
-13
-1.375
10.125
16.625
17.5
14.625
12.25
8.75
-7.75
-35.375
-53.625
-53
-38.5
-21.75
-10.5
-4.625
-8.375
3.5
11.125
19
42.625
71.75
72.5
42.5
9.125
-6
-10.75
-16.875
-21.25
-24
-25.125
-22.75
-16.875
-9.375
0.875
13.25
21
21.875
17.375
10.75
7
3.375
-12.375
-38.875
-56.375
-55.75
-41.25
-23.125
-10.25
-4
-8.25
3.875
11
18.375
42.25
71.625
71.25
40.375
5.625
-13.25
-20
-24.125
-24.25
-22.5
-19.75
-14.25
-6.25
3.75
14.625
22.625
24.5
21
13.25
5.125
1.75
-1.875
-17.125
-41.25
-58.625
-58.5
-41.75
-22.25
-9.625
-3.5
-8.125
4.25
10.5
16.875
39.625
68.625
70.125
38.375
-1.25
-22.375
-26.875
-26
-20.5
-15.5
-11.5
-3.75
7
16.875
23.875
25.375
21
13.875
6.625
1.625
-1.25
-5.5
-20.625
-45.75
-62.375
-58.75
-39.375
-19.875
-8.625
-3.375
-7.75
4.25
9.25
14.25
35
62.875
65.875
34.25
-7.25
-27.375
-27.125
-21
-12.375
-6.125
-1.125
7.75
18.25
25.125
26.125
20.75
12.625
6.125
2.25
0.25
-2.5
-8.5
-25.375
-50.875
-65.5
-57.625
-34.875
-16.25
-7.5
-3.25
-7.25
4
7.875
11.125
28.75
53.625
57
28.375
-9.375
-25
-20.5
-11.875
-2.5
4.75
10.875
18.5
24.625
25.75
21.25
12.125
4
0.625
0.125
-0.5
-4
-12.5
-31.75
-56.125
-66.5
-53.75
-28.5
-11.625
-6
-3.125
-6.625
3.75
6.375
8
21.375
40.625
44.125
22.5
-5.625
-14.125
-8
-1.375
6.875
16.125
22.875
25.625
24.125
19.125
11.5
3.75
-0.125
-1.375
-1.625
-2.25
-7.875
-19.625
-39.625
-60.5
-64
-45.75
-20.625
-7.125
-4.25
-2.75
-6.125
3.625
5.375
5.375
14.25
27.75
31.125
19.25
4.375
1.125
5.125
9.375
16.625
24.375
27.625
24.625
17.125
9.25
3.375
0.25
-0.625
-1.25
-3
-7
-14.625
-28.25
-47.875
-61.5
-56.625
-35.625
-13.5
-3.875
-2.625
-2
-5.625
3.75
4.875
3.25
8.25
17.25
21
17.5
13.75
15.5
18.875
21.125
24.875
27.75
25.875
18.125
8.125
1.75
-0.75
-1.25
-0.875
-2.125
-6.625
-14.125
-23.75
-37.375
-52.25
-56.375
-45.125
-25.25
-8.25
-1.875
-1.375
-1.25
-5.125
4.125
4.625
1.75
4.125
10.125
14
15.375
19.125
26.125
31.5
32.875
31.25
27
19.875
10
1.375
-1.875
-2.25
-2.625
-3.375
-6.625
-13.375
-22.5
-32.5
-43.25
-50.125
-45.375
-31.75
-16.25
-4.875
-1.125
-0.75
-0.625
-5
3.875
4.875
1.75
2
5.875
9
11.25
18.125
29.875
39.75
42
35.875
25.875
14.375
4
-0.875
-2.375
-3.625
-5.875
-10
-15.25
-22
-30.25
-37.25
-41.5
-40.25
-31.25
-19.25
-9.25
-3.25
-1.25
-0.625
-0.25
-4.625
3.625
4.5
1.5
0.625
1.875
3.125
5.625
14.25
28.125
39.75
42.25
35
25
14
3.5
-1.125
-3.25
-6.375
-10.5
-15.875
-21.375
-26.5
-31.125
-34.5
-34.125
-27.5
-17.5
-9.75
-5.25
-2.375
-1
-0.625
-0.375
-4.875
2.875
4.25
1.5
-0.875
-1.75
-1.375
1.375
9.5
21.375
31.75
34.875
30.125
24
15.25
5
0
-3.875
-9
-13.75
-18.75
-22.75
-25.125
-26.375
-26.5
-23
-15.25
-8
-4.5
-3.125
-1.75
-0.875
-0.75
-0.625
-5.375
1.375
3.625
1.5
-2.125
-4.25
-3.625
-0.5
5.125
12.25
19.75
23.375
22.375
21.25
15.75
6.5
0.75
-4.5
-10.25
-14.125
-17
-18.5
-18.625
-17.875
-16.125
-12.125
-6.75
-3.625
-2.625
-1.875
-1.125
-0.625
-0.75
-0.875
-5.875
-0.5
1.875
0.75
-2.25
-4.25
-3.375
-0.625
2.5
5.5
9
11.875
14
15.875
13.125
6.25
0.25
-5.25
-9.75
-11.25
-10.5
-9.375
-9.125
-8.75
-7.5
-6
-4.375
-2.75
-1.75
-1.375
-1
-0.5
-0.5
-0.75
-7.25
-2.375
1.125
0.625
-2.125
-3.125
-1.75
0.25
1.5
1.875
3
4.875
7.625
10.5
10.25
5.75
-1.125
-6.25
-7.625
-6.5
-4.625
-3.5
-3.5
-3.875
-3.75
-3.375
-3
-2
-1.125
-1.125
-1
-0.5
-0.375
-0.5
-8.625
-4
0.125
0.5
-1.125
-1.25
-0.25
0.75
0.875
0.375
0.75
1.75
4.25
7.875
9.625
5.625
-3.125
-7.625
-5.875
-3
-1.5
-1.125
-1.25
-1.875
-2.375
-2.5
-2.25
-1.5
-1
-1.125
-0.75
0
0
-0.25
-2.5
-3.05556
-3.77778
-4.55556
-5.16667
-5.66667
-6.11111
-6.61111
-7
-7.16667
-7.05556
-6.83333
-6.61111
-6.27778
-6
-6.16667
-6.55556
-7.11111
-7.55556
-7.55556
-7.27778
-6.83333
-6.44444
-6.5
-6.27778
-5.94444
-5.66667
-5.44444
-5.16667
-4.5
-4.44444
-5.44444
-2.72222
-3.22222
-3.88889
-4.55556
-5.16667
-5.72222
-6.16667
-6.44444
-6.44444
-6.38889
-6.11111
-5.5
-4.94444
-4.22222
-3.77778
-3.55556
-3.83333
-4.61111
-5.33333
-5.88889
-5.88889
-5.77778
-5.5
-5.22222
-4.94444
-4.66667
-4.66667
-4.83333
-4.77778
-4.55556
-4.94444
-6.72222
-2.66667
-3.27778
-3.83333
-4.27778
-4.83333
-5.22222
-5.38889
-5.16667
-4.94444
-4.83333
-4.5
-3.77778
-3
-1.83333
-0.333333
1.22222
1.72222
1.27778
0.5
-0.611111
-1.77778
-3.05556
-3.72222
-3.72222
-3.55556
-3.61111
-3.88889
-4.44444
-4.72222
-5.16667
-6.16667
-8.44444
-1.22222
-1.83333
-2.38889
-3.16667
-3.83333
-4.16667
-4
-3.38889
-2.77778
-1.77778
-0.388889
1.55556
3.66667
6.55556
10.3333
14.2778
16.3333
16.5
15.3889
12.6111
8.88889
4.44444
1.05556
-0.777778
-1.77778
-2.33333
-3.05556
-3.83333
-4.33333
-5.22222
-6.55556
-8.72222
1.94444
1.66667
1.27778
0.0555556
-1.11111
-1.5
-1.16667
-0.0555556
1.66667
4.88889
9.22222
14.2222
19.7778
25.7222
32.4444
38.6667
41.8333
42.1111
39.6667
34.6111
27.5
19.0556
12
6.72222
3.11111
0.777778
-0.888889
-2.11111
-3.05556
-4.16667
-5.61111
-7.11111
5.94444
6.55556
6.55556
5.22222
3.72222
3.16667
3.88889
6.11111
10.7778
18.2778
27.6111
37.7222
48.3889
57.8333
65.7778
71.7222
74.2222
73.2222
68.5
61.1111
51.3889
39.9444
29.0556
19.3889
11.5
5.83333
1.88889
-0.555556
-2.16667
-3.22222
-4.22222
-5
7.05556
8.22222
9.38889
9.77778
9.33333
9.94444
13
18.7778
28.1667
40.0556
53.6667
67.4444
79.8333
88.6111
93.3333
95.2778
94.9444
92.2778
87.1667
80.7778
72.1111
61.6111
49.5556
37.1667
25.2778
14.7778
7.16667
2.16667
-0.833333
-2.55556
-3.5
-3.72222
5.44444
6.27778
8.27778
11.1667
13.6667
17.8333
25.5
36.1667
49.5
63.3333
77.0556
88.8889
96.8333
100.056
98.7778
95.4444
92.1667
88.8333
85.2778
81.4444
75.8889
68.7778
58.6667
47.1111
34.5
22.3333
13.0556
6.44444
2.11111
-0.833333
-2.27778
-2.66667
2.5
2.16667
4.38889
9.61111
16.1667
25.7222
38.7222
53.5
67.7778
79.5
88
91.8333
90
84.7222
77.3889
70.0556
65.1111
62.2778
61.2222
59.8889
57.9444
55.2778
49.7778
42.8889
34.5
25.7778
18.1111
11.7222
6.72222
2.38889
-0.277778
-1.38889
2.27778
1.22222
2.77778
8.72222
18.6111
32.9444
48.1667
62.3333
72.8889
78.6667
78.6667
72
62.1111
52.0556
43.2778
35.7222
30.7222
27.4444
25.2778
22.4444
20.9444
20.7222
20.5556
20.6111
20.5556
20.6667
18.6667
15.3333
11
6.5
3
0.722222
2.72222
1.94444
3.72222
10.3889
22.2222
37.3333
50.3889
60.3333
65.1667
64.2778
56.9444
44.4444
32.1667
22.1667
14.5556
8.05556
2.38889
-3.22222
-8.55556
-13.0556
-14.0556
-11.8889
-6.83333
0.444444
8.72222
15.9444
18.1667
17.2778
14.0556
9.83333
5.66667
2.22222
2.94444
3.16667
6.11111
13.6111
25.5
37.8333
46
50.3889
49.7778
43.6111
32.5556
19.7222
9.88889
2.66667
-3.22222
-9.27778
-16.5556
-24.6111
-32.1667
-36.4444
-35.8333
-30.3889
-20.1111
-7.11111
6.16667
16.3889
20.3889
20.3889
17.2778
12.7222
7.83333
3.5
1.55556
2.77778
7.55556
16
26.6111
34.2222
37.7778
38.2778
34.0556
25.4444
14.1667
4.66667
-2.27778
-8.05556
-14.2222
-21.5556
-30.3889
-38.2778
-43.3889
-43.2778
-38.1667
-28.0556
-13.3333
2.72222
16.3889
24.6667
27.1667
25.7778
21.3333
15.0556
8.83333
3.77778
0.666667
2.55556
8.27778
16.3889
24.5556
28.3889
29
27.1667
21.1111
12.1111
2.16667
-5.05556
-11.3333
-17.9444
-25.6111
-34.2778
-41.7222
-45.5
-44.4444
-38.2222
-27.6667
-13.1111
3.22222
18.6111
29.3889
34.3889
34.7222
31.1667
24.6667
16.3333
9.11111
3.88889
0.388889
2.44444
8.11111
14.8889
20.4444
21.6111
20.6667
17.7778
10.9444
2.05556
-7.11111
-13.8333
-20.8889
-28.7222
-36.7222
-43.5556
-46.5556
-44.2222
-36.3889
-24.1111
-9.61111
5.94444
20.4444
32
38.1667
38.9444
36.6111
31.1667
23.5556
14.8889
7.83333
2.94444
0.611111
2.44444
6.88889
11.5
14.5
14.1111
12.6111
9.16667
1.94444
-6.94444
-16
-23.3889
-31.3333
-38.9444
-44.5556
-46.6667
-43.1111
-34.1667
-20.7778
-5
10.3333
23.6667
33.0556
38.3333
38.8889
35.6667
31.1667
24.8333
17.7222
10.7222
5.38889
1.77778
0.277778
1.38889
4.11111
6.5
7.38889
6.27778
4.44444
0.611111
-7
-16.2778
-25.3889
-33.1111
-40.1111
-44.6667
-44.8333
-39.8889
-30.0556
-16.2778
-0.333333
15.1667
27.3889
35.3889
38.7778
37.4444
32.7778
26.5556
20.6667
14.6667
9.16667
5.11111
2.11111
0
-0.5
-0.222222
0.5
0.888889
0.222222
-1.16667
-3.77778
-8.88889
-17.2778
-26.1667
-34.3889
-41.2778
-45.2778
-44.7222
-38.3889
-27.6111
-13.0556
3
17.9444
29.5
36.7778
39.1667
36.4444
30.3889
23.1111
16.4444
10.5
5.55556
1.94444
-0.0555556
-1.33333
-2
-1.44444
-2.11111
-3.22222
-4.38889
-6.16667
-8.77778
-13.6667
-20.5
-28.3333
-35.6667
-41.5
-44.6667
-42.8889
-35.7778
-23.7222
-8.61111
7.05556
20.8889
31.0556
36.3889
37.4444
34.0556
27.6111
20.3889
13.6111
7.94444
2.44444
-1.44444
-3.72222
-4.72222
-5
-4.38889
-2.27778
-3.66667
-6.5
-9.66667
-13.3889
-18.6667
-25.8889
-33.5556
-39.1667
-42.6667
-43.7222
-40.6667
-32.3333
-19.5556
-4.5
11
23.8333
32.2778
35.6667
34.3889
30.0556
23.0556
15.7222
9.66667
4.61111
0
-4.77778
-7.66667
-8.94444
-9.22222
-8.33333
-6.27778
-2.77778
-4.66667
-9.11111
-15.0556
-21.8889
-30.5556
-39
-45.3333
-46.7778
-44.7778
-39.2222
-28.6111
-14.7778
0.944444
15.7222
28
34.9444
36.5
33.6111
27.0556
19.1667
11.3889
5.5
0.666667
-4.22222
-9.11111
-13.2778
-15.3333
-15.5
-14.1111
-11
-7.05556
-3.44444
-5.5
-11.2778
-20.3333
-31.0556
-41.1667
-48.1667
-51.2778
-48.2778
-40.1111
-27.3333
-11.6667
4.44444
18.6111
29.2222
35.2222
36.0556
32.2778
24.9444
16.4444
8.83333
3.11111
-1.5
-7.11111
-13.3333
-18.8889
-22.4444
-23.3333
-21.8333
-17.7222
-12.1111
-6.77778
-3.77778
-5.66667
-11.8333
-22.0556
-34
-42.9444
-47.3889
-47.1667
-40.5
-27.8333
-10.6667
6.27778
20.6111
30.0556
34.7222
34.3889
30.1667
23
14.5556
7.38889
1.83333
-2.22222
-6.94444
-14.2222
-21.9444
-28.1111
-30.5
-29.7778
-26.2222
-19.3889
-11.8889
-5.77778
-4.16667
-5.61111
-11.1667
-20.2222
-30.7778
-37.1667
-39.1111
-36.5
-27.3889
-12.6667
5.22222
19.8889
29.8889
33.6111
32.2222
27.1111
19.8333
11.9444
4.83333
0.166667
-3.72222
-8.16667
-14.5
-23.6111
-31.6111
-36.6667
-36.8333
-33.6111
-27.5
-18.5
-10.3333
-4.72222
-4.05556
-5.05556
-8.88889
-15
-22
-26.5556
-27.5556
-24.3333
-15.0556
-1.38889
13.2778
24.0556
28.9444
28.6667
23.7778
16.1667
8.05556
1.11111
-3.66667
-7.44444
-12.3333
-19.1667
-27.6111
-36.9444
-43.1111
-44.9444
-41.3333
-34.7778
-26.0556
-15.9444
-8.22222
-3.88889
-3.72222
-4.22222
-6.5
-10.4444
-15.3889
-19.9444
-22.1667
-20.9444
-14.6667
-5.55556
3.94444
11.1111
13.7778
12.8333
8.05556
1.77778
-4.27778
-9.55556
-14.1667
-20.0556
-27.6667
-37.0556
-47.0556
-54.4444
-56.2778
-52.2778
-44
-33.7222
-22.2778
-12.3333
-6.11111
-3.55556
-3.33333
-3.5
-4.77778
-7.77778
-12
-17.0556
-21.6667
-24.7778
-25
-23.5556
-21.1111
-18.5556
-17.6667
-17.8333
-19.9444
-22.8333
-25.9444
-30.2778
-35.5556
-42.9444
-51.3333
-59.5556
-66.4444
-67.8889
-63.1667
-53.3889
-41.3889
-28.9444
-17.1667
-8.88889
-4.72222
-3.44444
-3.5
-3.55556
-5
-7.94444
-12
-17
-23.6111
-31.1111
-38.0556
-44.6667
-49.5
-52.6111
-54.3333
-54.6667
-54.5556
-54.1667
-55.0556
-58.2778
-62.8333
-68.5556
-73.6667
-76.5556
-76.2222
-70.0556
-59.5556
-46.4444
-33.2222
-21.2778
-11.5556
-6.11111
-3.77778
-3.11111
-5.05556
-5.5
-7.27778
-9.94444
-12.8889
-16.4444
-22.5
-31.2778
-41.9444
-53.3889
-64.3333
-74.0556
-81
-84.6667
-85.5
-85.3889
-85.8333
-86.8889
-87.6111
-87.3889
-85.1111
-79.4444
-69.9444
-57.6667
-44.5556
-32.0556
-21.0556
-12.5556
-7.11111
-4.22222
-3.05556
-2.55556
-7.72222
-8.66667
-10.3889
-12.1111
-13.1111
-14.5556
-18.1667
-24.6111
-34
-45.2778
-57.6111
-70
-79.6667
-86.2778
-89.6111
-91.1111
-91.3333
-89.6111
-86.4444
-81.1111
-73.3333
-62.9444
-50.3333
-37.8889
-26.9444
-17.8889
-10.7778
-6.16667
-3.94444
-2.83333
-2.22222
-1.94444
-9.22222
-10.3333
-11.3889
-12
-11.5
-11.1667
-12.1111
-15.0556
-20.9444
-28.8889
-38.7222
-49.3333
-57.8333
-64.9444
-69.6667
-72.2222
-72.1111
-69.1111
-64.8889
-58.0556
-49.1111
-39.0556
-28.8333
-20.2222
-13.3333
-8.22222
-4.77778
-2.94444
-2.27778
-1.72222
-1.33333
-1.11111
-8.22222
-9.27778
-9.72222
-9.44444
-8.33333
-7.22222
-6.66667
-7.16667
-9.66667
-13.7222
-18.8333
-24.3333
-28.6111
-33.1111
-36.6667
-38.4444
-38.0556
-35.8889
-33.3889
-28.8333
-23.1111
-17.4444
-12.7222
-8.94444
-6
-3.83333
-2.5
-1.72222
-1.16667
-0.833333
-0.444444
-0.222222
1.94444
3.05556
4
4.11111
3.16667
0.555556
-2.11111
-3.16667
-1.33333
0.944444
1.83333
0.611111
-0.166667
0.0555556
1.33333
2.16667
2.77778
2.88889
2.22222
0.555556
-1.94444
-3.61111
-3.66667
-2.16667
-0.722222
-0.388889
-0.333333
0.222222
1.38889
2.27778
3.55556
6.66667
1.38889
2.22222
3
3.33333
2.72222
0.5
-2.05556
-3.22222
-1.55556
0.722222
1.88889
1.05556
0.388889
0.555556
1.55556
2.22222
2.5
2.27778
1.44444
0
-2
-3.33333
-3.5
-2.44444
-1.16667
-0.444444
0.111111
0.722222
1.44444
2.11111
3.27778
5.83333
1
1.5
2.05556
2.5
2.27778
0.444444
-1.83333
-2.94444
-1.61111
0.388889
1.61111
1.55556
1.55556
2.27778
3.44444
4.44444
3.94444
2.16667
-0.611111
-2.5
-3.77778
-3.94444
-3.61111
-2.61111
-1.44444
-0.611111
0.222222
0.777778
1.27778
1.61111
2.5
4.33333
0.777778
0.833333
0.944444
1.27778
1.27778
-0.0555556
-1.66667
-2.27778
-0.666667
1.66667
3.5
4.44444
5.11111
6.11111
7.11111
7.94444
6.22222
2.16667
-3.83333
-7.61111
-9
-7.77778
-5.94444
-4
-2.22222
-1
0.0555556
0.5
0.777778
0.888889
1.55556
2.61111
1.16667
0.555556
-0.0555556
-0.166667
-0.333333
-1.05556
-1.38889
-0.388889
2.44444
5.88889
8.66667
10.5556
11.5556
12.1667
12
11.3333
7.38889
0.666667
-8.44444
-14.1667
-16.2778
-14.5
-11.5556
-8.27778
-5.11111
-2.77778
-1.11111
-0.444444
-0.166667
0.166667
0.833333
1.44444
2.5
1.22222
-0.444444
-1.33333
-1.83333
-1.83333
-0.444444
3.22222
8.55556
13.9444
17.6111
19.5
19.9444
19.1667
17
13.6111
7
-2.33333
-13.7222
-21
-24.1667
-22.9444
-20.2778
-16.1667
-11.3889
-7.05556
-3.88889
-2.22222
-1.38889
-0.666667
0.111111
0.444444
3.38889
2.11111
0.388889
-0.555556
-0.888889
-0.722222
2.55556
9.77778
19.6111
26.7222
29.3333
27.7778
25.2778
22.1667
18.4444
13.8333
6.27778
-4.05556
-16.7222
-25.5556
-30.5556
-31.3889
-30.7778
-27.0556
-21.1667
-14.3333
-9.16667
-5.72222
-3.5
-1.77778
-0.611111
-0.388889
3.66667
2.94444
1.61111
1.16667
1.88889
4.05556
10.3889
20.9444
32.1667
38
37.5
32.7778
27.8333
22.8333
17.8889
12.5556
4.94444
-5.5
-18.8333
-29.6667
-37.6667
-41.2222
-41.4444
-36.4444
-28.6111
-20.4444
-14.6111
-10.2222
-6.55556
-3.5
-1.61111
-1
3.83333
3.94444
3.27778
3.72222
6.61111
12.3889
22.2778
34.5
44
46.3889
42.3333
35.0556
28.1111
21.3889
15.0556
8.83333
1.55556
-8.05556
-21
-33.8889
-44.6111
-50.1667
-49.5556
-42.7778
-33.3889
-25
-19.5556
-15.0556
-10.5
-5.83333
-2.72222
-1.38889
4.05556
5.55556
5.88889
7.94444
14.1667
24.5
36.7222
47.8889
52.5556
50.1111
42.4444
33.2222
25.1111
17.3889
10.1667
3.05556
-3.94444
-12.6667
-24.5
-37.7778
-48.6111
-53.7222
-51.6667
-44.2778
-35.3333
-28.1111
-23.8889
-19.8889
-15
-8.94444
-4.44444
-2.05556
3.5
6.94444
9.61111
14.7222
25.5556
39.2222
51.1667
57.8889
56.5
48.9444
38.0556
27.1111
18.2778
10.5
3.55556
-3.38889
-10.3889
-18.8889
-29.6667
-40.5
-48.0556
-50.2222
-47.1667
-40.3333
-33.2778
-28.2778
-27.0556
-25.0556
-20.8333
-13.2778
-7.11111
-3.33333
2.16667
7.72222
13.7778
23.1667
39.1667
54.9444
64.3333
64.1667
55.4444
42.7222
29.3333
17.6111
8.55556
1.22222
-4.88889
-10.7222
-17.1111
-24.6111
-33.1667
-40.3333
-43.6111
-42.1667
-36.8889
-30.1111
-25.6111
-25.1667
-29.5
-31.3889
-28.5
-19.2778
-10.9444
-5.27778
1.44444
8.88889
18
31.4444
52.0556
69.2222
74.4444
65.3889
47.6111
30.5556
17.1667
7.88889
0.388889
-6.16667
-12.1111
-17.8889
-24.0556
-30.2778
-35.8333
-38.8333
-37.3889
-31.6111
-22.5556
-14.9444
-13.1667
-19.1111
-30.7222
-37.8889
-37
-26.3889
-15.7222
-7.88889
1.55556
10.5556
22.7222
40.0556
64.2222
79.8333
78.4444
59.9444
36.4444
18.6667
7.61111
0.277778
-7
-13.9444
-20.0556
-25.1667
-29.5
-32.9444
-34.6667
-33.3333
-27
-17.2222
-6.66667
-0.611111
-3.16667
-14.8333
-32.9444
-44.8333
-45.8889
-34.1111
-21
-10.8889
1.83333
12.3333
27.6667
48.6667
74.8889
86.2778
77
50.6667
25.3889
9.05556
0.111111
-7.16667
-14.4444
-21.0556
-25.9444
-29.5556
-31.8889
-32.4444
-30.0556
-23
-12.3889
-1.16667
6.66667
9
2.16667
-13.7222
-36.5
-51.9444
-54.4444
-41.6667
-26.2778
-13.7222
2.16667
13.8889
32.2222
56.0556
82.9444
88.8889
72.7222
40.8333
15.6111
0.388889
-7.55556
-14.8333
-21.5556
-26.6111
-29.4444
-30.5556
-30.1111
-26.6111
-19.1111
-7.55556
3.55556
11.4444
14.1667
13
3.44444
-15.2222
-41.3889
-59.1667
-62.1667
-48.2778
-30.8333
-16.2222
2.61111
15.1667
35.4444
60.9444
87.6111
89.3889
68.1111
32.3889
6.33333
-8.61111
-15.8333
-21.8889
-27
-29.8889
-30.1667
-27.8889
-22.7222
-14.1667
-2.55556
8.61111
15.7222
17.7222
16.4444
13
1.77778
-19
-47.2222
-66.1111
-68.8333
-53.7778
-34.3333
-17.8889
3.05556
15.8889
37.0556
63.3333
89.7778
88.7222
63.4444
24
-3.83333
-18.3889
-23.6111
-26.7222
-29.0556
-29.2778
-26.3889
-19.9444
-9.83333
1.88889
13.0556
19.9444
21.6667
19.2778
15.2222
10.1667
-2.11111
-23.7778
-52.9444
-72.2222
-74.2778
-57.5
-36.2222
-18.4444
3.22222
15.6667
36.6667
62.9444
89.1667
86.1111
57.6667
14.9444
-13.3333
-26.1111
-27.8333
-27.5556
-26.6667
-23.5556
-16.9444
-6.5
5.5
15.8889
22.3889
24.2778
22.1111
17.3889
11.6111
5.38889
-7.72222
-29.7222
-58.8889
-77.1111
-77.2778
-58.3889
-35.8889
-17.7222
2.94444
14.5556
34.3889
59.4444
84.5
80.4444
51.3333
8.55556
-18.5
-29.3333
-28.1667
-24.6667
-19.7778
-12.6667
-2.94444
8.44444
18.0556
23.9444
25.3333
23.6111
19.0556
12.9444
6.38889
-0.666667
-14.5
-36.8889
-64.7778
-80.2222
-77.2778
-56.2222
-33.4444
-15.9444
2.55556
13
30.5556
52.9444
75.8889
72.1111
45.2222
5.33333
-19.5556
-28.3333
-24.3333
-16.8333
-8.22222
1.27778
10.9444
19.6667
25.2778
26.7222
24.6111
19.5
13.2778
6.72222
1.05556
-6.33333
-21.2222
-44.2222
-70.2778
-81.7778
-74.7222
-51.5556
-29.2222
-13.5
2.22222
10.9444
25.3889
44.1111
64.2778
61.9444
39.3889
5.27778
-15.8333
-21.7778
-15.2222
-4.77778
6.33333
15.5
22.1111
25.5556
26.7222
24.5
19.7222
12.7778
6.61111
1.22222
-3.61111
-12.1111
-28.4444
-51.5556
-74.6667
-81.4444
-70.0556
-45.0556
-23.8889
-10.5556
1.88889
9
20.0556
34.8333
52
51.5
34.3889
7.72222
-7.61111
-9.61111
-1
9.72222
19.2778
25.0556
27.2778
26.5
23.8333
18.7778
12.1111
5.61111
0.833333
-3.22222
-8.61111
-18.8889
-36.5
-58.7778
-77.2778
-78.3333
-62.4444
-37.0556
-18.1111
-7.66667
1.5
7.16667
14.9444
25.6667
39.3333
40.2778
29.6667
12.7222
5.83333
7.88889
16.1111
23.2222
28.1111
29.3889
27.5556
23.3333
17.3889
10.6111
4.27778
-0.166667
-3.61111
-8.16667
-15.5
-27.8333
-45.3889
-64.4444
-75.9444
-70.7222
-51.7222
-28.3889
-12.6667
-5.27778
1.27778
5.72222
10.5556
17.2222
27
29.2222
25.8889
20
21.2778
25.9444
31.6111
33.8333
33.5
30
24.1111
16.3889
9.05556
2.88889
-1.22222
-4.66667
-8.66667
-15.1667
-24.2778
-37.3889
-52.4444
-65.6111
-69.1111
-59.1111
-40.0556
-20.5
-8.44444
-3.33333
1.27778
5
7.5
10.4444
16.5
19.5
21.7222
24.5
32.1111
39.2222
43.6111
42.5556
38.2222
30.0556
19.8333
9.33333
1.83333
-3.11111
-6.5
-10.9444
-16.5556
-24.2778
-33.3889
-44.3333
-54.3889
-60.3889
-57.6667
-45.7222
-28.9444
-13.8889
-5.22222
-2
1.33333
4.38889
5.11111
5.33333
8.44444
11.8333
17.2222
25.1111
36.1111
44.8889
49.1111
46.6667
39.5556
28.0556
15.0556
3.94444
-3.16667
-7.5
-11.3333
-16.2778
-22.2222
-29.5556
-37.5556
-45.6667
-51.0556
-51.5
-44.8333
-32.8333
-19.2778
-8.66667
-3.05556
-1.22222
0.944444
3.88889
3.55556
2.16667
3.44444
6.55556
12.7222
22.1111
34.3889
44.2222
48.7222
45.2778
35.8889
23.1111
10.4444
1.38889
-5.05556
-9.83333
-14.7222
-19.5556
-24.7778
-30.8889
-37.2222
-42.2778
-43.6667
-40.2222
-31.7778
-21.2778
-11.6667
-5.33333
-2.22222
-1.11111
0.166667
3.05556
2.27778
-0.0555556
-0.111111
2.11111
7.94444
17.1667
29.2778
38.7222
42.7778
39.0556
30.4444
19.4444
8.83333
0.722222
-5.83333
-11.1111
-16.0556
-20.6111
-24.8889
-29.4444
-33.2778
-35.3333
-33.5556
-27.8333
-19.6111
-12
-6.55556
-3.44444
-1.83333
-1.11111
-1.16667
1.88889
1.38889
-1
-2
-0.888889
3.61111
11.2778
21.4444
29.5
33.6111
31.7778
26.4444
18.1667
8.94444
0.444444
-6.44444
-11.7222
-15.8889
-19.7778
-22.7778
-25.5
-26.7778
-26.2222
-22.7222
-16.7778
-10.6667
-6.16667
-3.83333
-2.38889
-1.55556
-0.944444
-2.55556
0.888889
0.833333
-1.55556
-3.16667
-2.5
0.666667
6.05556
12.6111
18.4444
22.7222
24.1111
23.0556
17.7222
9.33333
0
-7.22222
-11.8889
-14.6667
-16.8333
-18.1111
-18.8333
-18.3889
-16.4444
-13
-8.66667
-5.33333
-3.27778
-2.38889
-1.61111
-1.11111
-0.777778
-4.22222
-0.5
0.0555556
-1.77778
-3
-2.33333
-0.111111
2.83333
5.77778
8.83333
12.3889
15.7778
17.8333
15.2222
8.33333
-0.888889
-7.72222
-11.2222
-11.6111
-11.0556
-10.2222
-9.77778
-9.27778
-8.38889
-6.88889
-5.05556
-3.5
-2.38889
-1.72222
-1.05556
-0.666667
-0.444444
-4.375
-5.0625
-5.71875
-6.3125
-6.8125
-7.3125
-7.71875
-7.8125
-7.59375
-7.0625
-6.53125
-5.875
-5.15625
-4.375
-4
-3.96875
-4.21875
-4.65625
-4.875
-5.375
-6.09375
-6.90625
-7.125
-6.875
-6.5625
-6.59375
-6.78125
-6.90625
-7.34375
-8.5625
-3.5625
-4.25
-4.84375
-5.46875
-5.90625
-6.125
-6.21875
-5.8125
-4.90625
-3.5
-1.84375
0.25
2.59375
5.03125
6.625
7.28125
7.09375
6.1875
5.09375
3.34375
0.96875
-1.5
-3.0625
-3.96875
-4.46875
-5
-5.625
-6.15625
-6.90625
-8.8125
-1.28125
-2
-2.5625
-3.1875
-3.5
-3.28125
-2.625
-1.0625
1.4375
4.875
8.875
13.3438
18.0625
22.7813
25.9688
27.3125
27
25.0625
22.125
18.125
13.1563
7.90625
3.90625
0.90625
-1.34375
-3
-4.34375
-5.375
-6.5
-8.59375
2.40625
1.78125
1.34375
1.03125
1.15625
2.34375
4.59375
8.21875
13.375
20
27.5625
35.125
42.5938
49.5
54.0313
55.875
55.125
51.7813
46.3125
39.4063
31.2813
22.5938
15.25
9.125
4.15625
0.46875
-2.1875
-4.0625
-5.65625
-7.46875
5.90625
5.75
5.90625
6.375
7.9375
11.4375
17
24.0938
32.875
43.0938
54.1563
64.6875
73.8125
81.0938
85.4688
86.8438
85.2188
80.7188
73.3438
64.1875
53.5938
42.375
31.625
21.8438
13.4063
6.6875
1.78125
-1.625
-3.9375
-5.8125
8.25
8.8125
10.25
13.0313
17.5
24.4063
33.625
44
55.5625
67.9063
80.3438
90.9375
98.6875
103.5
105.594
105.406
102.844
97.6875
89.4688
79.625
68.6563
57.125
45.0938
33.25
22.3438
13.25
6.59375
1.875
-1.4375
-3.65625
8.71875
10.25
13.6875
19.9063
28.125
38.6563
50.9375
63.4375
75.875
87.625
97.875
105
108.375
108.563
107.156
104.75
101.094
95.7813
88.4375
80
70.9688
61.5938
50.75
39.3125
28.25
18.75
11.4688
5.96875
1.9375
-0.9375
7.5
10.25
16.1563
26.0313
37.8438
50.9688
64.5313
77.0938
87.9063
96
100.563
101.188
98.3125
93.0938
87.9375
83.0938
78.1563
72.9063
67.8125
62.5938
57.4063
52.375
45.3438
37.2813
29.0938
21.9063
15.6563
10.2813
5.9375
2.21875
6.78125
10.7813
18.9375
31.5938
45.0625
57.8125
68.9688
78.5938
85.3125
87.8438
85.6875
79.125
70.7188
61.875
54.1563
47.125
40.8438
35.3438
31.5938
29.3125
28.4063
28.2813
27.4063
25.8438
23.375
21.0313
18
14.2813
10.0938
5.875
6.71875
12.0625
21.6875
34.7813
47.125
57.25
64.875
70.5938
72.6563
69.9063
62.0938
50.9063
39.6875
29.25
20
11.5
4.1875
-1.1875
-3.125
-2.375
0.78125
5.59375
10.8438
15.8125
19.0938
21.1563
20.6875
18.125
14.125
9.40625
7.1875
13.8125
23.875
35.1875
44.5625
51
54.8438
56.7188
54.5313
47.5
36.2188
23.3438
11.75
1.21875
-8.65625
-17.5938
-24.7813
-28.8125
-28.5625
-24.75
-17.7813
-8.3125
2.15625
12.0313
19.3125
23.75
24.4375
22.1875
17.7813
12.1875
8.0625
15.4375
24.7813
32.8125
38.375
41.25
41.8438
40.7188
35.25
25.4688
12.7813
0.53125
-10.125
-19.9375
-29.3125
-37.3438
-42.5625
-43.5313
-40.3438
-33.2813
-22.75
-9.4375
4.46875
16.5625
24.8438
28.875
29
26.0938
20.7188
13.9063
8.1875
15.4375
23.0625
27.7188
30.0625
30.6563
29.8438
26.875
19.2813
8.21875
-4.53125
-15.375
-24.75
-33.5938
-41.4688
-46.4375
-47.5
-43.9375
-36.4375
-25.6563
-12.125
3.28125
17.5
28.1563
34.1875
35.4063
33.1875
28.4688
21.875
14.25
7.46875
13.6875
19.25
21.2188
21.625
20.8438
18.5938
13.9688
4.875
-6.90625
-19.2188
-28.7188
-36.9375
-43.9688
-48.25
-48.4063
-44.0625
-35.4063
-23.9688
-10.5938
4.125
19.0625
30.75
37.6563
39.9688
37.75
33.2188
27.2188
20.125
12.5313
5.9375
10.4063
13.7813
14
13.125
11.2188
7.375
1.21875
-8.65625
-20.2188
-31.375
-39.4375
-45.7813
-49.5313
-48.5938
-43.125
-33.4375
-20.6563
-6.78125
7.3125
20.7813
32.4375
39.5625
41.7813
40
34.8438
28.6875
22.2188
15.6563
9.28125
3.40625
5.84375
7.1875
6.53125
4.59375
1.25
-4.15625
-11.5938
-21.4063
-31.5938
-40.3125
-46.0938
-48.9375
-47.5625
-40.9063
-30.0938
-16.5
-1.875
11.875
24.0625
33.875
39.875
41.4688
39.1875
33.9375
27.125
20.5313
14.5313
9.1875
4.9375
0.1875
0.6875
0.53125
-1.28125
-4.78125
-9.96875
-17.0938
-25.0313
-33.3438
-41.0313
-46.6875
-48.5313
-46.3125
-39.125
-27.125
-13.0313
1.53125
15.0625
26.4375
34.7188
39.2813
39.6563
36.1563
30.2813
23.25
16.5
10.5938
5.8125
2.15625
-0.375
-3.4375
-4.90625
-6.90625
-10.375
-15.8438
-22.6563
-30.25
-37.1875
-42.5625
-46.2188
-47.125
-43.8438
-35.9375
-23.7188
-9.0625
5.1875
17.7188
27.7188
34.7813
38.25
37.6875
33.25
26.4063
18.8438
11.5313
5.90625
1.375
-2.0625
-4.34375
-5.375
-6.75
-10.3438
-14.625
-20.25
-27.4063
-35.0313
-41.8125
-46.5938
-48.0625
-46.4375
-41.4375
-32.4375
-19.8125
-4.90625
9.34375
21.0938
29.5625
34.5938
36.4688
34.9688
30.25
22.5938
14.0938
6.1875
-0.34375
-4.40625
-7.28125
-9.3125
-10.4063
-10.0313
-9.5625
-15.4063
-22.3125
-30.25
-38.2813
-45.2813
-50.0938
-52.0313
-48.9063
-41.375
-30.2813
-16.2813
-1.25
12.875
24
31.625
35.3125
35.125
32.25
26.8125
19.1875
10.2188
1.28125
-6.46875
-11.8125
-14.375
-15.9063
-16.6563
-16.25
-14.3125
-11.5313
-19.1875
-28.4063
-37.2188
-44.375
-49.2188
-51.0625
-49.5
-42.125
-29.5938
-13.6563
2.1875
15.9375
26.1875
32.4063
35.0625
34.1875
30.1875
23.7813
16.0625
7.5
-1.84375
-10.4688
-17.4063
-21.5938
-23.4063
-23.8438
-23.25
-21.25
-17.0625
-12.1563
-20.5313
-30.625
-39
-44.375
-46.625
-45.5313
-40.9688
-30.6875
-15.4375
2.125
16.875
27.1563
32.625
33.9688
32.3438
28.0938
21.5313
13.25
4.53125
-4.375
-13.8438
-22
-28.0938
-31.1563
-32.1875
-31.4375
-29.0938
-24.875
-18.2813
-11.8125
-19.5938
-29
-36.0313
-39.5938
-39.7188
-36.375
-29.875
-18.5625
-3.59375
12.25
23.8125
30.125
31.5313
29.125
24.375
17.8438
9.84375
0.9375
-8.0625
-17.2813
-26.75
-34.2188
-39.0625
-40.625
-40.1875
-37.75
-33.1875
-26.4375
-17.875
-10.125
-16.2188
-23.7188
-29.25
-31.7813
-31.3125
-27.5313
-20.9688
-11.1875
0.5
11.8125
19.375
22.625
21.875
17.7188
11.125
3.09375
-5.53125
-14.5
-23.7813
-33.1875
-42.125
-48.25
-50.75
-49.6563
-46.7813
-41.625
-34.3438
-25.3438
-15.8125
-8.34375
-12.7813
-18.5938
-23.625
-26.75
-27.7188
-26.0313
-22.625
-17.3125
-10.9063
-5
-1.0625
0.28125
-1.09375
-5.53125
-12.0313
-19.75
-28.1563
-36.4375
-45.0313
-53.5313
-60.25
-63.0938
-61.7813
-57.125
-50.6875
-42.5
-32.8438
-22.4063
-13.125
-7.28125
-10.5313
-15.125
-19.9688
-24.2188
-27.7188
-29.9375
-31.5938
-32.0625
-31.6563
-31.25
-30.9688
-31.4063
-33.1563
-36.8438
-41.9063
-48.0625
-54.875
-61.25
-67.625
-73.0938
-75.375
-73.625
-67.9063
-59.5313
-49.75
-39.1875
-28.2813
-18
-10.25
-7.375
-9.90625
-13.6563
-18.2188
-23.375
-29.3125
-35.7813
-42.7188
-48.8438
-53.9688
-58.5313
-62.125
-64.875
-67.4688
-70.2813
-73.3125
-76.875
-80.6875
-83.75
-86.0313
-86.375
-82.9375
-76.1563
-66.5313
-55.25
-43.5625
-32.0938
-21.625
-13.0313
-7.53125
-9.34375
-11.4375
-14.4688
-18.2813
-23.2813
-30.125
-39.0313
-49.25
-59.1875
-68.3438
-76.5625
-83.9063
-89.75
-94.0938
-96.7813
-98.0938
-98.4688
-98.125
-96.625
-93.3438
-87.625
-78.9688
-68.125
-56.125
-44.125
-32.7813
-22.7813
-14.625
-8.84375
-5.46875
-10.8438
-12.3125
-14.25
-16.625
-20.1875
-26
-34.4688
-44.5
-54.9063
-65.375
-75.0625
-84.3438
-92.0313
-97.5
-100.125
-100.313
-98.5625
-95.0313
-90.3125
-83.5
-74.375
-63.5313
-52
-40.6875
-30.2813
-21.2813
-13.9688
-8.5625
-5.28125
-3.5625
-11.1875
-12.0313
-12.9375
-14.0313
-15.9063
-19.5625
-25.5938
-33.125
-41.6875
-50.8438
-59.4688
-68.25
-75.875
-81.3438
-83.75
-83.4688
-80.8438
-76.1563
-70.5625
-62.875
-53.4688
-43.5313
-33.9063
-25.25
-17.7813
-11.875
-7.375
-4.40625
-2.8125
-1.96875
3.0625
3.8125
3.65625
2.5
0.5
-1.3125
-1.90625
-1.1875
0.15625
1.25
1.59375
1.9375
2.71875
3.8125
4.5625
4.28125
2.71875
0.28125
-2.0625
-3.9375
-4.59375
-4.28125
-3.1875
-1.875
-1
-0.15625
0.46875
1.15625
2.53125
4.6875
2
2.5
2.40625
1.65625
0.15625
-1.1875
-1.46875
-0.375
1.40625
3.125
4.21875
5
6.03125
7.09375
7.1875
5.78125
2.46875
-2.125
-5.84375
-8.28125
-8.59375
-7.1875
-5.125
-2.90625
-1.40625
-0.25
0.4375
0.90625
2.03125
3.75
1.46875
1.375
0.875
0.3125
-0.5625
-0.90625
0
2.3125
5.3125
8.1875
10.1875
11.2188
11.875
11.9063
10.1563
6.625
0.875
-6.25
-11.5625
-14.75
-14.9063
-12.5313
-9.34375
-5.96875
-3.46875
-1.5
-0.34375
0.3125
1.375
2.65625
1.71875
0.90625
-0.28125
-0.96875
-0.96875
0.34375
3.46875
7.96875
12.75
16.75
19.0625
19.5
18.7188
16.6875
12.1563
5.9375
-2.1875
-11.4063
-18.0625
-22.0938
-22.7188
-20.3438
-16.5
-12
-8.03125
-4.46875
-2.125
-0.75
0.46875
1.40625
2.28125
1.5625
0.40625
-0.25
0.875
4.375
10.4375
17.7813
23.9375
27.4688
27.5938
25.5
22.3125
18.2813
12.4063
4.78125
-4.53125
-14.8438
-22.9063
-28.5
-30.8438
-29.75
-26.3125
-21.1563
-15.4063
-10.0625
-5.90625
-3.0625
-1.1875
0.125
2.75
2.6875
2.3125
2.96875
6.3125
12.3438
20.625
28.9375
34.3125
35.7188
33.2188
28.6875
23.75
18.625
11.9063
3.59375
-6.59375
-18.3125
-28.2188
-35.8125
-39.8438
-39.25
-35.2813
-29.0625
-21.9063
-15.5625
-10.4688
-6.5
-3.6875
-1.65625
3.28125
4.25
5.4375
8.53125
14.8125
23.3438
32.625
39.75
42.625
41.0625
36
29.75
23.6875
17.875
10.7188
1.8125
-9.28125
-22.7188
-34.6875
-43.875
-48.7188
-47.4063
-42.125
-34.75
-26.875
-20.375
-15.0938
-10.5313
-6.6875
-3.75
4.25
6.75
10.0938
16.3438
25.5938
35.7813
44.7188
48.9063
48.4688
44
36.8125
29.5625
22.625
16.0313
8.25
-1.46875
-13.7188
-28.6563
-42
-51.6563
-55.7813
-52.8125
-46.0938
-38.0313
-30.4063
-24.5938
-19.6563
-14.9063
-10.125
-6.09375
5.90625
10.5938
16.8125
26.1563
37.5625
48.0625
55.1563
56.0938
52.4375
45.4688
36.75
28.3125
20.1563
12.3125
3.03125
-7.875
-20.8438
-35.7813
-48.2188
-56.3125
-58.5938
-54.2188
-46.9063
-39.1563
-32.875
-28.5313
-24.5625
-20.0938
-14.3438
-9.0625
8.28125
15.875
25.375
37.7813
50.4375
59.9375
64.125
60.9063
53.7813
44.2813
33.6563
23.9688
14.4375
5
-5.375
-16.625
-28.625
-40.9375
-50.1875
-55.25
-55.4063
-50.4063
-43.7188
-37.8125
-34.3438
-32.7188
-30.6875
-26.8125
-20
-13.1563
11.0625
22.3125
35.625
50.9375
63.8125
70.875
70.6563
62.4063
51.3438
39
26.2813
15.2813
4.6875
-5.40625
-15.1563
-24.9063
-34.0938
-42.25
-47.4375
-49.0625
-47.0313
-41.5625
-36.3438
-33.4688
-34.1875
-37
-37.875
-35
-27.2188
-18.375
13.6875
29
46.5313
64.5625
76.8125
80.0625
73.7188
59.6563
44.1875
28.9688
14.7813
2.71875
-8.0625
-17.25
-24.4375
-30.5938
-35.625
-39.1563
-40.4688
-38.9688
-34.8125
-28.75
-25.2813
-26.1875
-32.0938
-40.8125
-45.625
-44.2188
-35.7188
-24.5313
16.3125
35.0625
56.0625
76.5313
87.3125
85.8438
72.7188
51.875
32.1563
15.2813
1.53125
-9.1875
-18.1875
-25.2813
-30.2188
-33.4375
-35.125
-35.0625
-32.5
-27.7813
-21.375
-14.7813
-12.875
-17.3438
-28.8125
-43.0938
-52.3125
-53.1563
-44
-30.8125
19.2188
40.8125
64.5
85.9063
94.0625
87.3438
67.5313
41.3438
18.9375
1.78125
-10.3438
-18.8438
-25.5
-30.2188
-32.5
-32.9063
-31.3125
-27.5938
-21.9063
-15.0313
-7.9375
-2.5
-3.3125
-11.5938
-27.6563
-46.375
-58.7813
-61.1563
-51.5
-36.4688
21.9375
45.9688
71.5313
92.75
97.5
85.2188
59.3125
29.3438
5.84375
-10.2813
-19.75
-25.6875
-29.7188
-31.7188
-31.2188
-28.5625
-23.875
-17.0938
-9.46875
-2.125
3.96875
6.875
2.75
-9.15625
-28.875
-50.9688
-65.5625
-68.7188
-58.4063
-41.5313
24.0313
49.8438
76.5625
96.9688
97.9688
80.4375
49.4063
17.0313
-6.09375
-20.0313
-26.125
-29.3438
-30.6875
-29.625
-26.2188
-20.4063
-13
-4.6875
3.0625
9.0625
12.75
12.625
5.59375
-9.25
-32
-56.625
-72.9063
-76.2813
-64.6875
-45.875
25.125
51.75
78.7813
97.7188
95.4063
73.7188
39.1563
6.09375
-15.2813
-26.0938
-28.875
-29.1563
-27.75
-23.8125
-17.1875
-9.03125
-0.46875
7.3125
13.0625
16.3438
17.0938
14.6563
5.21875
-12.0938
-37
-63.5625
-80.2813
-82.5625
-69.2188
-48.375
24.9375
51.2813
77.5938
94.625
90.0938
66.2813
30.4375
-1.4375
-20.5625
-28.4688
-27.9375
-25.4063
-21.1875
-14.5313
-5.875
3
10.9063
16.7188
19.5938
19.9375
18
13.1875
1.53125
-17.7188
-43.9063
-70.7188
-86.1875
-86.375
-70.9688
-48.625
23.4375
48.2813
72.8125
87.9375
82.5313
59.0313
24.4375
-4.96875
-21.625
-26.9375
-23.25
-17.875
-11.125
-2.84375
5.84375
13.4688
19.25
22.4063
22.4063
20.1563
15.75
8.46875
-5.15625
-25.75
-52.0313
-77.1563
-89.9063
-87.1875
-69.6563
-46.5313
20.875
43.1563
65
78.4375
73.5938
52.6563
21.8438
-4.34375
-18.3438
-21.1875
-14.9063
-6.71875
1.6875
9.8125
16.25
20.875
23.625
23.8125
21.625
17.125
10.375
0.96875
-14.3438
-35.4688
-60.5625
-82.3125
-91.0938
-84.9063
-65.3125
-42.3125
17.8438
37.1875
56.2188
68.1563
64.875
47.5938
21.4375
-0.375
-11.0625
-11.4063
-3.34375
5.5
13.125
19.1875
22.9063
24.6875
24.75
22.5
17.9063
11.375
2.9375
-7.96875
-24.1563
-45.0313
-67.9688
-85.6563
-89.8438
-79.9375
-59
-36.8125
14.5313
30.7813
46.875
57.375
55.875
42.9375
22.9063
7.03125
0.625
2.5
10.375
17.3125
22.0938
25.0625
25.7188
24.7813
22.2188
17.4688
11.125
3.40625
-5.8125
-17.4063
-33.625
-53.2188
-73.0313
-85.8125
-85.5
-72.7813
-51.4375
-30.9063
11.375
24.4063
37.3125
46.0313
46.1563
38.0938
25.375
16.75
15.125
18.7188
24.8125
28.25
29.0625
28.1563
25.4375
21.4375
16.1563
9.21875
1.75
-6.375
-15.5938
-26.9375
-42.0313
-59
-74.625
-82.1875
-77.9375
-63.5625
-42.9375
-24.8125
8.5625
18.4063
27.7813
34.125
35.5313
32.4375
27.4688
26.4688
29.6875
34.75
38.625
38.5625
35.125
29.5
22.9063
15.25
7.21875
-1.03125
-9
-16.9688
-25.625
-35.6875
-48.4375
-61.625
-72.0313
-74.9063
-67.5625
-52.5313
-33.9688
-18.6875
5.96875
12.6563
18.4688
22.75
25.5
27.1563
29.0938
33.75
40
45.4688
47.4375
44.625
37.7188
27.9063
17.6563
7.46875
-1.625
-9.28125
-16.375
-23.4063
-31.1563
-40.3125
-50.7813
-60.4688
-66.5625
-65.3125
-56
-41.4063
-25.3438
-13.25
3.78125
7.90625
10.875
13.6563
17.4688
22.5313
29.1875
37.1563
44.875
50.1563
50.4375
45.6563
36.3438
23.9688
11.9063
0.96875
-7.75
-14.25
-20.1875
-26.3125
-33.3438
-41.5625
-49.9375
-56.4063
-58.7188
-54.375
-44.1875
-30.9688
-17.9375
-8.9375
2
4.46875
5.65625
7.46875
11.75
18.5
27.5313
36.9688
45.0938
49.7813
48.5313
42.3125
31.75
18.7188
6.84375
-3.25
-10.8125
-16.25
-21.3125
-26.8438
-33.25
-40.3125
-46.5313
-50.0313
-49.1875
-42.875
-32.9063
-21.75
-11.9688
-5.78125
0.59375
2.5
2.96875
4.09375
7.90625
14.5625
23.9063
33.8125
42
46.2188
44
36.9063
26.0625
13.6563
3.21875
-5.53125
-11.9688
-16.625
-21.375
-26.3438
-31.875
-37.5313
-41.3125
-42
-38.75
-31.5313
-22.7188
-14.25
-7.65625
-3.78125
-0.53125
1.0625
1
1.375
4.25
10.125
18.9063
28.25
35.9688
39.9375
38.0625
31.8438
22.2188
11.125
1.4375
-6.6875
-12.6875
-17.0938
-21.25
-25.4375
-29.6875
-33.0938
-34.25
-32.375
-27.5313
-20.7188
-13.9063
-8.4375
-4.65625
-2.5625
-1.6875
-0.03125
-0.3125
-0.46875
1.28125
5.75
12.9063
20.5625
27.4375
31.7188
31.5313
27.75
20.25
10.4063
0.9375
-7.28125
-13.2813
-17.2188
-20.4375
-23.1875
-25.4688
-26.4688
-25.4063
-22.1875
-17.3438
-12.1875
-7.75
-4.71875
-2.8125
-1.71875
0.166667
0.125
0.125
0
0.0833333
0.208333
0.375
0.333333
0.0416667
-0.125
-0.291667
-0.666667
-1.08333
-1.33333
-1.25
-1.33333
-1.20833
-0.916667
-0.5
-0.208333
-0.375
-0.458333
-0.75
-1.16667
-1.33333
-1.33333
-1.29167
-1.08333
-0.958333
-0.75
-0.416667
0.25
0.0416667
0.0416667
0.0416667
-0.125
-0.166667
-0.208333
-0.333333
-0.666667
-1.04167
-1.20833
-1.29167
-1.41667
-1.54167
-1.625
-1.625
-1.75
-1.79167
-1.75
-1.625
-1.29167
-0.958333
-0.583333
-0.291667
-0.375
-0.333333
-0.208333
0.125
0.5
0.666667
1.08333
1.375
1.83333
0
0.0833333
-0.0416667
-0.125
-0.25
-0.416667
-0.75
-1.125
-1.16667
-1.16667
-1.125
-1.125
-1.125
-1.54167
-2.625
-3.875
-4.70833
-5.08333
-5.25
-4.79167
-3.625
-2.33333
-1.33333
-0.958333
-0.791667
-0.541667
-0.291667
-0.0416667
0.208333
0.708333
1.125
1.375
-1.29167
-1.20833
-1.25
-0.958333
-0.791667
-0.916667
-1.16667
-1.41667
-1.5
-2.04167
-2.83333
-3.70833
-4.75
-6.16667
-8.375
-10.7917
-12.2917
-12.9583
-12.75
-11.5
-9.33333
-6.54167
-4.33333
-2.70833
-1.79167
-1.375
-1.25
-1.25
-1.08333
-0.833333
-0.541667
-0.875
-3.25
-3.66667
-3.625
-3
-2.45833
-2.16667
-2.08333
-2.29167
-3.45833
-5.83333
-8.875
-12.0833
-15.6667
-18.625
-20.875
-22.3333
-23.0417
-23
-21.5
-19.2083
-16.4167
-13.0417
-9.66667
-6.375
-3.83333
-2.41667
-1.58333
-1.29167
-1.08333
-1.125
-1.33333
-2.04167
-3.08333
-4
-4.45833
-4.58333
-4.29167
-4.125
-4.375
-5.33333
-8.04167
-11.75
-16.0833
-20.4583
-24.7917
-27.4167
-27.5833
-26.0833
-24.5417
-22.8333
-20.75
-19.2917
-17.8333
-16.5
-14.2083
-10.9583
-7.375
-4.20833
-2.04167
-0.791667
-0.125
-0.25
-0.708333
-1.16667
0.458333
0.125
-1
-2.91667
-4.16667
-5.375
-7.54167
-10.7083
-14.5417
-17.5
-20.0417
-21.9583
-22
-20.1667
-16.25
-12.0833
-9.25
-7.66667
-7.91667
-9.79167
-11.9583
-14.2083
-14.5417
-13.5
-10.9167
-7.08333
-4.08333
-1.875
-0.708333
-0.125
-0.125
-0.291667
3.45833
4.375
3.70833
1.20833
-1.875
-5.29167
-9.83333
-14.5
-17.3333
-17.625
-15.8333
-12.1667
-5.5
1.54167
7.70833
12.0833
13.9583
13.2917
10.1667
6.5
2.41667
-1.54167
-4.16667
-6.25
-7.04167
-6.5
-5.45833
-4.16667
-3.125
-1.625
-0.791667
-0.583333
1.45833
2.58333
3.20833
2.41667
-0.583333
-5.29167
-9.20833
-11.1667
-9.83333
-6.45833
-0.416667
8.25
16.9167
23.2917
26.1667
27.4583
27.5833
26.5417
25.0833
24.7083
23.5417
21.3333
17.2917
12.5833
7.375
1.58333
-2.16667
-4.04167
-4.04167
-3.25
-2.20833
-1.375
-1.54167
-1.45833
-0.75
-0.416667
-2
-4.66667
-4.41667
-1.66667
2.79167
8.08333
14.7083
22.0833
25.9167
26.7083
25.4167
23.9167
23.375
24.5417
27.25
30.2917
31.5
30.7917
27.25
22.0417
14.9583
7.08333
1.91667
-1.125
-2.20833
-2.83333
-2.5
-1.54167
-0.666667
-1.41667
-2.04167
-2.70833
-3.41667
-2.04167
1.625
6.125
10.2917
14.7917
18.6667
19.9583
18.25
15.625
13.8333
12.7083
13.4167
16.0833
19.625
20.9583
20.5417
18.9167
15.9583
11.4583
6.29167
2.79167
1
-0.0833333
-1
-1.5
-1.45833
-0.875
1.125
0.333333
-1.16667
-2.375
-2.08333
1.54167
5.375
8.66667
11.75
14.3333
15.1667
12.4583
9.375
7.375
6.79167
7.375
9.54167
11.1667
11.4167
9.125
6.70833
3.79167
-0.0833333
-3.625
-5.25
-4.29167
-3.54167
-3
-2.54167
-1.70833
-0.875
-0.333333
1.08333
0.541667
-0.625
-0.833333
0.833333
3.95833
6.375
8.125
9.83333
10.375
9.20833
6.58333
5.29167
5.33333
6.375
8.04167
8.875
7.29167
3.33333
-0.708333
-4.33333
-8.08333
-11.1667
-12.0833
-10.5
-8.29167
-6.95833
-5.58333
-3.83333
-2
-0.75
-0.291667
0.291667
-0.0416667
-0.291667
0.458333
2.375
4.29167
5.58333
6.625
7.20833
6.75
5.58333
4.91667
5.625
7.08333
8.625
9.375
6.91667
2.5
-2.875
-7.33333
-11.4167
-14.2083
-13.8333
-11.8333
-8.91667
-6.58333
-4.91667
-3.16667
-1.66667
-0.25
0.208333
0.166667
-0.25
-0.25
0.291667
1.5
3.08333
4.45833
5.125
5.66667
5.95833
5.83333
5.83333
6.41667
7.5
8.54167
8.25
5.875
1.5
-3.20833
-7.41667
-11.4583
-13.7083
-13.125
-10.0833
-6.54167
-3.375
-0.416667
1.45833
2.58333
2.70833
2.20833
1.5
0.958333
-0.166667
0.25
1.29167
2.91667
4.625
5.45833
5.58333
5.54167
5.58333
6
6.33333
6.875
7
5.83333
2.83333
-2.29167
-6.875
-10.75
-13.6667
-15.125
-13.8333
-10.2917
-6.45833
-1.625
2.54167
5.58333
7.04167
7.08333
6.125
3.79167
2.08333
1.04167
0.458333
1
2.41667
4.04167
5.41667
5.54167
5.5
5.79167
6.25
6.5
6.375
6.41667
5.33333
2.16667
-2.66667
-7.5
-11.625
-14.6667
-15.7917
-13.6667
-10.2083
-6.29167
-1.83333
3
6.83333
8.20833
8.54167
7.83333
6.33333
4.16667
2.29167
1
0.833333
1.45833
2.83333
3.91667
4.58333
4.5
5.33333
6.625
7.33333
6.79167
5.83333
4.875
2
-2
-6.54167
-9.75
-12.2917
-12.7917
-10.5833
-6.75
-3.08333
0.541667
4.625
6.79167
7.16667
6.29167
5.875
5.04167
3.83333
3.08333
2.375
1.625
0.583333
1.25
2.29167
3.08333
3.625
4.70833
6.875
8.41667
7.75
6.20833
4.08333
0.791667
-4.08333
-8.75
-11.8333
-14.0833
-13.5833
-10.2917
-5.375
-0.916667
3.20833
7.16667
8.79167
7.83333
5.54167
4.125
3.70833
3.04167
2.5
2.41667
2.41667
1.875
0.333333
0.708333
1.83333
3.29167
4.79167
7.70833
9.70833
9.875
7.25
4.08333
0.208333
-5.625
-10.5833
-14.5417
-15.9167
-15.4583
-11.7083
-6.54167
-1.66667
3.16667
7.20833
9.375
8.41667
6.66667
5.66667
5.54167
5.125
4.58333
4.04167
3.5
2.33333
0.958333
0.416667
0.625
1.79167
4.29167
7.33333
9.79167
9.54167
7.41667
4
-0.75
-6.33333
-11.5833
-14.3333
-14.7917
-13.1667
-8.66667
-3.70833
0.708333
4.375
7.33333
8.58333
7.125
5.41667
5.25
6.375
7.16667
6.70833
6.125
5.25
3.58333
1.375
-0.0833333
0.375
0.458333
1.16667
3.375
6.16667
6.04167
4
1.125
-1.66667
-5.83333
-10.6667
-12.7083
-12.875
-9.875
-5.58333
-0.416667
3.33333
6.20833
8.5
8.20833
6.25
3.79167
3.33333
4.75
6.08333
6.58333
6.20833
5.375
4.04167
1.75
0.125
-0.5
0.25
-0.0416667
-0.0416667
-0.0416667
-0.166667
-2.20833
-4.20833
-6.08333
-8.125
-10.1667
-11.875
-11.0833
-8.79167
-4.66667
-0.0833333
3.25
5.79167
7.25
7.04167
4.83333
2.66667
2.25
3.20833
4.70833
5.41667
5.5
4.70833
3.41667
1.79167
0.0833333
-0.625
-0.75
0.125
-0.291667
-1.25
-3.5
-6.41667
-8.54167
-9.875
-10.9583
-12.25
-12.6667
-11.3333
-8.66667
-4.29167
-0.458333
3.125
5.875
7.70833
7.5
5.04167
3.04167
2.875
4.33333
5.66667
6.45833
6.25
5.375
3.29167
1.33333
-0.25
-1.20833
-1.375
-0.875
-0.125
-0.375
-1.83333
-4.125
-6.66667
-7.16667
-7.33333
-7.41667
-6.91667
-5.45833
-2.25
0.75
4.08333
6.16667
7.79167
9.04167
8.75
7.16667
5.54167
5.95833
7.625
9.70833
11.2917
11.1667
9.29167
5.95833
2.79167
0.208333
-1.79167
-2.375
-1.75
-0.375
-0.375
-0.625
-1.66667
-2.54167
-3
-2.16667
-0.541667
1.75
5.125
9.5
13.5417
15.625
15.6667
14.6667
13.0833
10.625
7.875
6.66667
7.875
10.7083
13.1667
14.8333
15.8333
13.7083
9.70833
4.66667
1.33333
-1.33333
-3.20833
-2.75
-1.25
0.125
-0.375
-0.708333
-0.916667
-0.875
-0.583333
-0.125
2.33333
6.625
12.4167
19
23.9583
26.7083
26.6667
24.8333
21.5417
17.5417
15.0417
15.125
16.5833
17.875
18.1667
16.625
13.375
7.95833
2.70833
-1.08333
-3.41667
-4.5
-4.125
-2.16667
-0.583333
-0.125
0.416667
0.458333
0.958333
1.08333
0.833333
0.25
1.04167
3.91667
8.79167
14.3333
19.9167
25.1667
28.875
30.4167
29.625
28.5417
28.25
27.6667
25.6667
21.9583
17
10.375
2.04167
-4.58333
-8.33333
-9.125
-8.66667
-6.75
-3.58333
-1.33333
-0.375
-0.375
1.58333
2.16667
2.54167
2.125
0.833333
-0.625
-2.29167
-3.33333
-2.91667
-1.54167
1.83333
6.70833
11.4583
15.4167
18.0417
20.0833
20.4583
17.875
13.5833
7.79167
1.125
-5.54167
-11.6667
-14.3333
-14.1667
-12.2083
-9.25
-5.875
-2.54167
-1.08333
-0.625
-0.416667
2.29167
2.66667
2.20833
1.29167
-0.375
-2.04167
-4.41667
-7.58333
-10.5833
-12.875
-13.875
-13.875
-13.4583
-11.8333
-9.54167
-8
-8.5
-10.7083
-12.9167
-15.4583
-17.8333
-18.875
-17.6667
-14.9583
-11.7083
-8.5
-5.41667
-2.91667
-1.54167
-0.875
-0.625
-0.458333
0.958333
0.75
0
-0.833333
-1.54167
-2.5
-4.04167
-6.33333
-9.20833
-12.375
-16.1667
-20.25
-23.75
-25.5
-25.9583
-26.4167
-26.875
-26.5417
-25.4167
-24.0833
-22.0417
-18.7917
-14.1667
-9.875
-6.41667
-3.75
-1.79167
-0.708333
-0.583333
-0.458333
-0.416667
-0.458333
-2.58333
-2.75
-2.95833
-3.33333
-3.125
-3.125
-3.41667
-4.125
-5.58333
-7.83333
-11.0417
-14.75
-17.9583
-20.5
-22.3333
-23.4167
-23.25
-21.6667
-19.4167
-16.7917
-13.5833
-10
-6.66667
-4.125
-2.375
-1.16667
-0.458333
-0.416667
-0.583333
-0.666667
-0.75
-0.833333
-0.958333
-0.75
-0.375
0
1.08333
2.45833
2.125
-0.416667
-2.58333
-1.75
0.833333
1.58333
0.0416667
-1.08333
-0.75
-0.333333
-0.333333
-0.0416667
0.75
1.66667
1.875
0.916667
-0.875
-1.79167
-0.583333
0.541667
-0.0416667
-0.958333
-0.958333
-0.25
-0.666667
-3.125
-0.708333
-0.583333
-0.333333
-0.25
0.708333
2.29167
2.16667
-0.291667
-2.41667
-1.83333
0.458333
1.33333
0.0833333
-0.875
-0.625
-0.25
-0.0416667
0.25
0.75
1.33333
1.41667
0.791667
-0.541667
-1.375
-0.583333
-0.0833333
-0.5
-0.5
-0.458333
-0.416667
-0.75
-2.41667
-0.375
-0.291667
-0.291667
-0.5
0.375
2.08333
2
-0.25
-2.04167
-1.54167
0.125
0.5
-0.375
-0.791667
-0.875
-0.625
0.791667
2.16667
1.875
0.833333
0.375
0.166667
-0.583333
-1.08333
-0.541667
-0.416667
-0.666667
-0.291667
-0.166667
-0.291667
-0.625
-1.75
0.0833333
0.0416667
-0.125
-0.458333
0.0833333
1.58333
1.58333
-0.541667
-2.125
-1.66667
-0.583333
-0.333333
-0.625
-0.666667
-0.75
-0.541667
1.70833
4.66667
4.25
1.375
-0.458333
-1.16667
-1.45833
-1.33333
-0.916667
-0.75
-0.625
-0.125
0.0416667
-0.208333
-0.541667
-1
0.75
0.583333
0.125
-0.125
0.166667
0.833333
0.291667
-1.54167
-2.70833
-2.33333
-1.375
-0.833333
-0.666667
-0.125
0.375
0.541667
3.08333
7.125
6.375
2.04167
-0.541667
-1.79167
-2.41667
-2.25
-1.83333
-1.41667
-0.833333
-0.0416667
0.0416667
-0.5
-0.583333
-0.291667
1.16667
1.5
0.666667
0.291667
0.333333
0
-1.5
-3.45833
-4.29167
-3.375
-1.58333
-0.458333
-0.166667
0.833333
2.29167
2.54167
4.58333
8.91667
8
2.58333
-0.208333
-1.125
-2.45833
-3.33333
-3.25
-2.70833
-1.66667
-0.416667
-0.25
-0.75
-0.583333
0.0833333
0.958333
2.125
0.5
-0.0416667
0.583333
-0.125
-3.29167
-7.08333
-7.41667
-3.375
0.958333
2.04167
1.375
2.08333
3.25
3.16667
5.125
9.58333
9.08333
3.70833
0.916667
0.541667
-1.04167
-3.625
-5.16667
-4.45833
-2.58333
-1.5
-1.33333
-1.125
-0.5
0.208333
0.333333
2.25
0.208333
-0.666667
-0.125
-1.66667
-6.08333
-9.5
-7.33333
-1.125
3.41667
3.83333
2.75
3.16667
3.95833
3.33333
4.95833
9.66667
9.79167
5.5
3.54167
2.20833
-1.54167
-5.375
-6.54167
-4.75
-2.70833
-2.54167
-2.625
-1.75
-0.666667
0.0416667
-0.666667
2.08333
-0.0416667
-1.58333
-1.95833
-4.66667
-8.83333
-9.41667
-4.58333
1.66667
5.20833
5.25
4.04167
4.16667
4.79167
3.83333
4.33333
8.41667
10.0833
7.95833
6.04167
2.45833
-3.20833
-6.91667
-7
-4.41667
-2.29167
-2.79167
-3.79167
-3
-1.20833
-0.125
-2.29167
1.66667
-0.25
-3.16667
-5.125
-8.04167
-9.91667
-6.41667
-0.0833333
4.33333
6.70833
6.33333
4.54167
4.70833
5.54167
4.41667
3.875
6.91667
9.75
9.04167
6.125
1.16667
-4.25
-6.83333
-6.16667
-3.54167
-1.58333
-2.5
-4.58333
-4.33333
-2
-0.541667
-4.29167
0.583333
-1.29167
-6.08333
-9.04167
-9.79167
-7.75
-1.75
4.16667
6.91667
8.16667
7.08333
4.75
4.5
5.20833
4.45833
4.04167
6.58333
8.75
6.95833
3.29167
-0.458333
-3.91667
-5.79167
-4.95833
-1.70833
0.625
-1.20833
-5.25
-6
-3.08333
-1
-6
-1.04167
-3.29167
-10
-12.9583
-9.95833
-3.5
4.29167
8.75
9.08333
8.91667
7.20833
4.75
4.25
4.16667
3.625
4.16667
5.91667
6.29167
4
0.583333
-2.83333
-4.83333
-4.75
-2.5
2.08333
4.70833
0.875
-6.04167
-7.95833
-4.5
-1.83333
-7.29167
-2.70833
-5.125
-13.5833
-16.5417
-9.54167
2
12.25
14.2083
9.625
6.83333
5.58333
4.29167
4.08333
4
3.66667
4.125
4.66667
3.33333
0.791667
-2.20833
-5.95833
-7.16667
-4.33333
1.125
7.58333
9.66667
3.54167
-6.33333
-10
-6.25
-2.79167
-8.20833
-4.04167
-7.29167
-17.1667
-18.75
-6.58333
9.58333
19
15.8333
7.625
4.70833
5.04167
4.875
4.45833
3.75
3
2.66667
2.125
0.625
-2.08333
-5.91667
-8.58333
-6.70833
-1.95833
4.33333
12.1667
14.3333
5.95833
-6.54167
-11.75
-8.16667
-4.08333
-8.875
-5.375
-9.70833
-20.625
-19.2917
-1.04167
17.5
22.6667
14.0833
5.20833
4.58333
5.66667
4.625
3.79167
3
1.75
1.125
0.166667
-2.79167
-6.58333
-8.70833
-7.375
-3.45833
0.458333
6.75
15.5833
17.5833
7.83333
-6.54167
-13.2917
-10.125
-5.54167
-9.29167
-6.5
-12.2083
-23.3333
-18.25
5.08333
23.8333
23.6667
11.8333
4.625
4.95833
5.375
4
2.58333
1.20833
0.0833333
-0.625
-3
-7.16667
-9.25
-7.20833
-3.04167
-0.0833333
1.625
8.04167
18.3333
20.0417
8.58333
-6.875
-14.4583
-11.9167
-6.83333
-9.54167
-7.125
-13.9583
-24.9583
-16.8333
9.66667
27.875
24.5417
11.25
4.625
4.5
4.04167
2.83333
1.29167
-0.916667
-2.5
-3.875
-7.16667
-9.41667
-7.04167
-2.45833
0.708333
1.54167
2.375
9.20833
20.2083
21.4167
8.58333
-7.41667
-15.4583
-13.5833
-8.125
-9.66667
-7.16667
-14.7917
-25.9583
-15.9167
12.75
31.0833
26.375
11.7083
3.79167
2.33333
1.875
1.375
-0.5
-3.29167
-5.625
-7.66667
-8.91667
-6.95833
-2.625
0.916667
2.91667
3
3.04167
9.66667
20.9167
22.125
8.66667
-8.41667
-17.0417
-14.75
-8.625
-9.41667
-6.75
-14.8333
-26.1667
-15.625
14.5833
34.375
28.1667
10.625
1.58333
-0.0416667
-0.458333
-0.583333
-2.625
-6.20833
-8.45833
-8.33333
-6.16667
-2.625
0.458333
2.58333
4.16667
4.04167
3.70833
9.91667
21.125
22.0833
7.54167
-10.25
-18.3333
-15.0833
-8.5
-8.91667
-6.04167
-14.0417
-25.2083
-14.9583
15.0833
34.9583
27.875
9.25
-0.0416667
-1.91667
-3
-3.45833
-5.29167
-8.04167
-8.20833
-5.45833
-2.04167
0.458333
2.04167
3.83333
5
4.16667
4.16667
10.9167
21.0417
20.375
5.20833
-12.4583
-19.25
-14.4167
-7.66667
-8.33333
-5
-12.3333
-22.8333
-13.9167
13.6667
32.6667
26.0417
8.25
-1.125
-4.58333
-6.20833
-5.58333
-6.29167
-7.29167
-5.29167
-2.08333
0.333333
2.625
4.33333
4.70833
4
3.41667
5.125
12.25
20.9167
18.0833
1.625
-15.125
-19.5417
-13
-6.20833
-7.5
-3.54167
-9.95833
-19.625
-12.5833
10.9167
27.875
22.75
6.70833
-2.70833
-6.54167
-8.33333
-7.125
-5.25
-3.33333
-1.41667
0.0833333
2.33333
4.625
5.08333
3.875
2.54167
3.33333
6.875
13.5833
19.8333
14.9583
-2.125
-17.8333
-19.5
-10.875
-4.375
-6.75
-2.16667
-7.29167
-16.0417
-11.2917
7.66667
22.1667
18.0417
3.75
-4.79167
-7.375
-7.83333
-5.54167
-2.29167
0.0416667
1.125
2.16667
4.375
5.41667
3.83333
2.16667
2.375
4.45833
8.33333
14.5417
18.125
10.3333
-6.70833
-19.5833
-18.0417
-8.375
-2.75
-6
-1.04167
-4.75
-12.125
-9.54167
4.58333
15.5
10.6667
-1
-5.54167
-5.33333
-4.66667
-2.29167
0.666667
2.375
3.25
4.45833
5.25
3.79167
1.79167
2
3.70833
6.04167
9.58333
14.125
14.25
4.16667
-10.9167
-19.125
-14.9583
-6
-1.625
-5.375
0
-2.45833
-8.375
-7.04167
1.83333
7.16667
2.20833
-4.41667
-4.58333
-2.375
-0.75
1.20833
3.29167
5.04167
5.54167
4.75
3.41667
2.04167
1.83333
3.25
5.20833
7.16667
9.66667
11.6667
8.20833
-1.95833
-12.4167
-16.4167
-11.625
-4.125
-0.875
-5.125
0.5
-0.416667
-4.79167
-4.625
-0.416667
0.458333
-4
-7.125
-4.625
-0.333333
2
3.79167
6.66667
8.20833
6.5
3.625
2.04167
2.25
3.33333
4.41667
5.58333
6.83333
7.70833
6.95833
2.29167
-5.41667
-11.7083
-12.9583
-8.375
-2.625
-0.375
-4.75
0.916667
0.958333
-2
-2.70833
-2
-3.66667
-7.25
-8.45833
-5.125
0.208333
3.45833
5.91667
9.45833
9.66667
5.79167
2.79167
2.25
2.83333
3.625
4.41667
5.25
5.75
5.33333
2.95833
-1.95833
-7.16667
-10
-9.375
-5.41667
-1.45833
-0.125
-4.70833
0.833333
1.95833
-0.166667
-1.79167
-2.5
-4.70833
-8.20833
-9.20833
-5.79167
0.166667
4.79167
8
10.1667
7.875
4.04167
3.25
3.41667
3.16667
3.08333
3.625
4.625
4.41667
2.66667
-0.208333
-4.375
-7.54167
-7.625
-5.58333
-2.83333
-0.875
-0.25
-4.54167
0.541667
2.41667
1
-0.916667
-2.25
-4.66667
-8.08333
-9.04167
-5.54167
0.583333
4.95833
7.08333
8.29167
6.54167
4.08333
3.83333
3.625
2.95833
2.79167
3
3.08333
2.45833
0.666667
-2.54167
-5.70833
-6.25
-4.375
-2.54167
-1.45833
-0.625
-0.166667
-4.20833
-0.0833333
2.08333
1.54167
0
-1.54167
-3.91667
-6.70833
-7.58333
-4.875
0
2.875
4.41667
6.66667
6.58333
4.875
4
3.04167
2.45833
2.41667
2.04167
1.375
0.583333
-0.958333
-3.58333
-5.125
-3.91667
-1.79167
-0.916667
-0.875
-0.5
-0.0833333
-4.29167
-0.875
1.875
2.04167
0.458333
-1.375
-3.04167
-4.20833
-4.83333
-3.875
-1.41667
-0.375
1.25
5.375
7.29167
5.83333
3.75
2.08333
1.45833
1.29167
0.708333
0.0833333
-0.541667
-1.75
-3.16667
-3.125
-1.66667
-0.583333
-0.458333
-0.583333
-0.291667
0.0416667
-4.33333
-1.375
1.41667
1.79167
0.25
-1.375
-2.04167
-1.875
-1.95833
-2.20833
-2.29167
-2.625
-0.958333
3.625
7.04167
6.33333
3.25
0.708333
-0.416667
-0.666667
-0.458333
-0.125
-0.291667
-0.875
-1.25
-1.29167
-0.958333
-0.416667
-0.333333
-0.541667
-0.25
0.166667
-2.22222
-2.40741
-2.57407
-2.88889
-3.42593
-4.38889
-5.7037
-7.25926
-9.27778
-11.5185
-14.0926
-16.7963
-18.7963
-20.1296
-20.5185
-19.9074
-18.6481
-16.8333
-14.6481
-12.037
-9.12963
-6.5
-4.33333
-2.74074
-1.72222
-1.03704
-0.62963
-0.537037
-4.2963
-4.55556
-4.88889
-5.59259
-6.94444
-9.07407
-11.7222
-14.9259
-18.8519
-22.6296
-26.1852
-29.4815
-32.1296
-33.6667
-33.8148
-32.5
-30.0741
-26.6852
-23.1667
-19.3333
-15.3333
-11.4815
-8.01852
-5.31481
-3.44444
-2.25926
-1.64815
-1.7037
-5.46296
-6.22222
-7.62963
-9.66667
-12.7222
-16.2963
-20.1296
-24.2593
-28.7037
-32.6296
-35.6852
-37.6296
-38.9444
-39.2037
-38.6852
-37.3333
-34.7963
-31.2963
-27.7593
-24.1852
-20.7037
-16.8333
-12.9444
-9.37037
-6.2037
-4
-2.66667
-2.33333
-4.96296
-6.68519
-9.7963
-13.5741
-18.037
-22.2778
-26.037
-29.2407
-31.7778
-33.4259
-33.7037
-32.3148
-30.7407
-28.8704
-27.5
-26.4259
-24.9444
-23.2037
-21.5185
-20.2222
-19.037
-16.8333
-14.0185
-10.8519
-7.62963
-5.2037
-3.57407
-2.75926
-3.11111
-6.09259
-10.6481
-15.3704
-19.7037
-22.8333
-24.7037
-24.8519
-23.0556
-20.1852
-16.0556
-10.6667
-5.87037
-2.2037
-0.222222
0.351852
-0.203704
-1.90741
-3.81481
-6.16667
-8.44444
-9.33333
-9.25926
-8.42593
-7.18519
-5.85185
-4.64815
-3.62963
-2.16667
-6
-10.0185
-13.1111
-14.3704
-14.2222
-12.8333
-9.72222
-4.46296
2.16667
9.98148
17.3519
23.0926
26.7963
29.037
29.9444
28.5556
25.0741
20.5741
15.6296
10.7593
6.57407
3.11111
0.0555556
-2.81481
-4.44444
-5.03704
-4.57407
-2.59259
-5.61111
-7.07407
-6.87037
-4.59259
-1.27778
2.66667
7.68519
14.2222
21.9444
29.9815
36.1481
40.6481
43.5926
45.8148
46.7407
45.1481
41.4815
36.5185
31.0741
25.2778
18.9444
12.7593
6.59259
1.03704
-2.46296
-4.25926
-4.51852
-3.40741
-4.25926
-2.38889
1
5.64815
10.5926
15.4074
20.3519
25.6481
31.463
36.5556
39.463
41.5926
43.3148
44.8148
45.0926
43.7778
41.3148
37.537
33.1111
27.8148
21
14.0556
7.2963
1.90741
-1.59259
-3.44444
-3.92593
-2.7037
-0.685185
3.22222
7.53704
11.6111
15.5556
19.3148
23.3519
27.1111
30.2407
31.2037
31.1852
31.6667
32.3148
32.2593
30.6481
28.463
25.9815
22.9259
19.1111
14.5556
8.94444
3.72222
-0.388889
-2.42593
-3.44444
-3.64815
-3.37037
-0.481481
2.94444
7
10.5556
13.2037
15.5185
17.9815
20.963
23.5
24.7037
23.6111
22.5
21.6296
20.3704
18.0741
14.8333
11.6481
8.40741
4.90741
0.925926
-2.92593
-6.01852
-7.96296
-8.18519
-7.01852
-5.77778
-4.48148
-3.22222
2.07407
5.57407
8.53704
10.7222
12.1111
13.3333
15.0556
17.4259
19.2222
19.5
17.8704
16.3148
14.1852
11.0185
6.77778
2.16667
-2.05556
-6.05556
-9.7963
-13.1852
-15.3148
-15.3519
-14
-11.0556
-7.77778
-5.16667
-3.2037
-1.64815
4.14815
6.62963
8.35185
9.7037
11
12.3333
14.0926
15.7593
16.537
15.963
14.4074
12.3148
8.62963
3.68519
-1.7963
-6.85185
-11.1111
-14.6111
-17.1296
-18.2963
-17.6667
-14.7593
-11.0741
-6.75926
-3.16667
-0.685185
0.722222
1.37037
5.68519
7.27778
8.22222
9.27778
10.8519
12.7222
14.4815
15.2407
14.5185
12.463
9.88889
6.40741
1.74074
-3.87037
-9.64815
-14.5185
-17.8148
-19.3519
-19.0185
-16.5556
-12.6481
-8.01852
-3.38889
0.851852
3.94444
5.53704
5.85185
5.12963
6.74074
7.61111
8.37037
9.77778
11.9259
13.8519
14.9444
14.2222
11.8333
8.37037
4.88889
0.388889
-5.11111
-10.9259
-15.6852
-18.5926
-19.7222
-18.8148
-15.7778
-10.9444
-5.35185
0.0740741
4.72222
7.83333
9.2963
9.5
8.77778
7.05556
7.05556
7.87037
9.24074
11.2407
13.2222
14.3889
14.037
11.5926
7.7963
3.2963
-1.35185
-7.05556
-12.5741
-16.8519
-19.0556
-19
-17.4815
-14.3704
-9.7037
-3.92593
2.05556
6.96296
10.4444
11.6667
11.2407
10.2593
8.98148
7.2037
7.12963
8.57407
10.6852
12.8704
14
13.6111
11.5556
7.55556
2.7037
-2.42593
-7.75926
-13.463
-17.7963
-19.3519
-18.0926
-14.9444
-11.1667
-6.75926
-1.74074
3.35185
8.25926
11.8704
13.5
12.6852
10.7037
9.01852
7.62963
6.27778
7.48148
10
12.3333
13.5185
12.8333
10.9259
7.61111
2.57407
-3.14815
-9.07407
-15
-19.3519
-20.537
-18.4259
-14.5741
-9.87037
-4.90741
0.0740741
5
9.51852
13.0741
14.6481
14.1852
12.2593
10
8.33333
7.03704
6.01852
8.37037
10.963
12.037
11.3148
9.16667
6.25926
2.51852
-2.72222
-9.05556
-15.1111
-19.2778
-19.8519
-17.4074
-13.1667
-8.5
-3.74074
1.25926
6.24074
10.4259
13.6481
15.0926
14.8704
13.3519
11.5
9.81481
8.44444
7.14815
5.96296
7.01852
8.27778
7.5
5.05556
2.03704
-1.14815
-4.66667
-9.14815
-14.2778
-18.3519
-19.1296
-16.1111
-11.3148
-6.5
-2.2963
1.66667
5.92593
9.96296
12.7778
14.537
14.3519
13.1481
11.4074
10.2963
9.53704
8.51852
7.11111
5.42593
3.25926
2.42593
0.148148
-2.92593
-6
-9.09259
-11.8704
-14.4259
-16.463
-16.7778
-13.7037
-8.83333
-3.88889
0.222222
3.83333
7
10.0926
12.5741
13.6667
13.8148
12.6667
11.1481
9.75926
9.07407
8.7037
7.64815
5.92593
3.7037
-2.68519
-4.68519
-6.98148
-9.46296
-12.0556
-14.5741
-16.0741
-15.7963
-13.3704
-9.7963
-5.37037
-1.35185
2.24074
5.66667
9.07407
11.7037
13.5926
14.2407
14.2963
13.7963
12.6481
11.0556
9.5
8.51852
7.74074
6.14815
3.92593
1.38889
-6
-7.55556
-8.57407
-9.42593
-10.5
-11.1296
-10.3889
-7.38889
-2.42593
2.51852
6.05556
8.14815
9.83333
12.0741
14.5741
16.537
17.5
17.4815
17.463
16.5926
15.1481
13.1111
11.1481
9.22222
7
4.40741
1.61111
-1
-6.24074
-6.68519
-5.98148
-4.62963
-2.94444
-0.351852
3.24074
8.25926
14.0185
18.7778
21.1481
22.1111
22.4074
23.1296
23.8519
24.3704
24.2037
23.3889
22.5741
20.5
17.7222
14.6852
11.6481
8.37037
4.75926
1.42593
-1.27778
-3.05556
-3.42593
-3.11111
-1.2963
1.85185
6.2963
12.0556
18
23.7407
28.8148
32.963
35.5926
36.8148
36.7778
35.8704
34.1111
32.4074
30.4815
28.1852
25.2037
20.7963
16.1481
11.8704
7.98148
3.96296
0
-2.92593
-4.46296
-4.59259
-0.722222
-0.814815
0.574074
3.75926
9
15.3148
21.6111
27.3148
32.3333
37.0926
41.3519
44.2593
45.3519
44
40.8704
36.7778
32.1111
26.7963
20.4815
13.8889
7.90741
2.85185
-1.31481
-4.74074
-7.01852
-7.96296
-7.24074
-5.11111
0.907407
0.037037
-0.0185185
1.12963
4
7.53704
11.3519
15.3148
19.2037
23.5741
28.0556
31.463
33.2037
32.0926
28.9259
24.1296
18.2407
11.9259
5.01852
-1.12963
-5.90741
-9.5
-11.7407
-12.6296
-12.1111
-10.4815
-7.87037
-4.62963
0.611111
-0.888889
-2.46296
-3.87037
-4.62963
-5.27778
-5.24074
-4.11111
-2.64815
-0.277778
2.35185
4.57407
5.7963
5.2037
3.2963
-0.185185
-4.74074
-9.09259
-13.4259
-16.4444
-18.1296
-18.6111
-17.8333
-15.8889
-13.0185
-9.72222
-6.44444
-3.48148
-1.05556
-2.38889
-4.44444
-7.24074
-10.6296
-14.2222
-17.4815
-19.7778
-21.7407
-22.9074
-23.8333
-24.5926
-25.3704
-26.0185
-26.5926
-27.2593
-27.9259
-27.7963
-27.2593
-25.9815
-23.7963
-20.7407
-17.1111
-13.3333
-9.72222
-6.44444
-4
-2.44444
0.111111
0.814815
1.48148
1.22222
-0.703704
-2.83333
-3.81481
-2.98148
-1.61111
-0.740741
-0.592593
-0.462963
0.814815
3.25926
6.42593
7.64815
6.68519
3.33333
0.0740741
-2.59259
-3.7963
-3.72222
-2.83333
-1.68519
-1.05556
-0.814815
-1.07407
-1.7037
0.87037
0.888889
0.666667
-0.592593
-3
-5.12963
-5.61111
-4.14815
-2.01852
-0.240741
0.87037
1.85185
3.53704
6
8.90741
9.66667
8.14815
4.2037
0.555556
-2.55556
-4.33333
-4.98148
-4.57407
-3.42593
-2.33333
-1.48148
-1.2037
-1.42593
0.981481
0.777778
-0.185185
-2.61111
-6.38889
-8.46296
-7.40741
-3.37037
0.296296
2.53704
3.2037
3.81481
5.16667
7.35185
10.0926
10.7778
9.37037
5.59259
2.2963
-1.01852
-3.59259
-5.77778
-6.38889
-5.64815
-4.2037
-2.83333
-1.94444
-1.44444
0.37037
-0.462963
-2.35185
-5.57407
-9.14815
-9.72222
-6.42593
-0.796296
3.22222
4.90741
4.90741
5.01852
6.09259
8.07407
10.8889
11.9074
11.1111
7.74074
4.14815
-0.333333
-4.25926
-7.22222
-7.68519
-6.62963
-5.07407
-3.98148
-3.07407
-2.14815
-1
-2.92593
-5.7037
-8.64815
-10.3148
-8.44444
-3.31481
2.42593
5.72222
6.48148
6
5.72222
6.57407
8.57407
11.8333
13.6296
13.2963
9.7037
4.7963
-1.11111
-5.94444
-8.61111
-8.2037
-6.48148
-5.01852
-4.62963
-4.25926
-3.24074
-3
-6.27778
-9.46296
-11
-9.53704
-5.16667
0.777778
5.38889
7.37037
7.33333
6.7037
6.40741
7.2037
9.40741
13.2037
15.7222
15.1667
10.3519
3.51852
-3.25926
-7.7963
-9.2037
-7.72222
-5.55556
-4.37037
-4.88889
-5.25926
-4.51852
-5.92593
-9.88889
-12.463
-11.537
-7.14815
-1.16667
4.5
7.68519
8.5
8
7.42593
7.37037
8.42593
10.9815
14.9259
16.8519
14.9815
8.59259
1.12963
-5.31481
-8.72222
-9
-6.40741
-3.7963
-2.90741
-4.74074
-6.2037
-6.07407
-9.35185
-13.3704
-14.5
-10.6667
-3.85185
2.81481
7.51852
9.51852
9.75926
9.35185
9
9.24074
10.2037
12.1481
14.7037
15.2593
12.5
6.09259
-0.962963
-6.66667
-9.01852
-7.88889
-3.83333
-0.759259
-0.592593
-4.42593
-7.44444
-8.14815
-13.2593
-16.6296
-15.5
-8.24074
0.611111
7.27778
10.5926
11.5741
11.5
11.1852
10.7593
10.8519
11.1667
11.7593
12.1481
11.0926
8.01852
2.87037
-2.57407
-6.83333
-7.88889
-5.27778
0.222222
3.5
2.35185
-4
-8.98148
-10.537
-17.8148
-19.8333
-15.5556
-4.16667
6.48148
12.6296
14.037
13.963
13.6667
13.2593
12.1667
11
9.68519
8.59259
7.46296
6
3.48148
-0.0925926
-3.87037
-6.46296
-5.81481
-1.57407
5.48148
8.81481
6.14815
-3.16667
-10.5926
-13.2778
-22.8704
-22.9259
-14.8519
1.11111
13.4444
19
18.3333
16.9259
15.5556
14.0556
11.4259
8.64815
6.12963
4.2963
2.88889
1.33333
-0.666667
-3
-4.85185
-5.57407
-3.2037
2.59259
11.0556
14.6111
10.4444
-1.83333
-12.037
-16.2037
-27.0185
-25.537
-13.9815
6.59259
21.6667
27
23.4259
18.2593
14.2037
11.2963
8.46296
5.59259
3.07407
0.962963
-0.796296
-2.40741
-3.72222
-4.72222
-5.46296
-5.24074
-1.72222
6.07407
16.3704
20.463
14.8889
-0.12963
-13
-18.7963
-30.4259
-27.0556
-11.7778
13.2222
29.9074
33.6111
26.0926
17.2963
11.2407
7.7963
5.22222
2.57407
0.0740741
-2.14815
-3.98148
-5.12963
-5.7037
-5.62963
-5.40741
-4
0.796296
9.81481
20.9444
24.963
18.3333
1.14815
-13.9259
-21.2037
-33.0926
-27.5556
-8.35185
20.5556
37.537
38.1296
26
14.1667
7.22222
4.25926
2.22222
-0.222222
-2.88889
-4.98148
-6.24074
-6.48148
-6.27778
-5.7037
-4.61111
-2.22222
3.7037
13.2963
24.9444
28.7222
21.0741
1.66667
-15.3333
-23.7222
-34.8889
-26.9074
-4.14815
27.7407
43.1111
39.6667
23.037
9.87037
3.35185
1.40741
-0.462963
-3.22222
-5.62963
-6.7963
-6.66667
-6.44444
-6.03704
-5.2037
-2.98148
0.185185
6.61111
16.3519
28.4444
31.7778
22.5741
0.814815
-17.5741
-26.0741
-34.9259
-25.3148
-0.703704
31.9259
45.2222
38.7778
19.6667
6.22222
0.259259
-1.09259
-2.92593
-5.62963
-7.51852
-7.85185
-6.92593
-5.88889
-4.61111
-2.81481
-0.351852
2.68519
8.98148
19.1481
31.2778
33.463
22.0926
-1.42593
-20.2037
-27.8889
-33.3519
-23.0556
1.44444
32.963
44.1667
36.3148
16.6111
3.40741
-2.53704
-3.85185
-5.33333
-7.07407
-7.98148
-7.53704
-6.24074
-4.48148
-2.51852
-0.037037
2.44444
5.46296
11.6296
21.5926
32.5741
32.8704
19.5
-4.66667
-22.7407
-28.8704
-30.4074
-20.6481
1.92593
30.7037
40.3889
32.7593
14.1852
1.33333
-5.22222
-6.72222
-7.16667
-6.90741
-6.62963
-5.88889
-4.83333
-2.68519
-0.12963
2.85185
5.42593
8.48148
14.3148
23.2037
31.963
29.8889
15.0926
-8.55556
-24.7963
-28.9259
-26.8704
-18.5
1.16667
26.5556
35.1481
28.3519
11.5556
-0.537037
-6.94444
-8.07407
-7.40741
-5.88889
-4.7037
-3.61111
-2.35185
-0.333333
2.25926
5.2963
8.22222
11.3704
16.5741
23.8148
29.6296
25.0185
9.2037
-12.6481
-26.0556
-27.7963
-22.963
-16.463
-0.240741
21.3519
28.7222
22.7407
8.01852
-2.48148
-7.35185
-7.22222
-5.48148
-3.66667
-2.5
-1.5
-0.0555556
2.33333
5.14815
8.07407
10.3889
12.9815
17.2222
22.8148
25.8148
19.1296
3.25926
-15.9074
-26.1296
-25.6296
-18.963
-14.2407
-1.48148
16.037
21.3333
15.537
3.03704
-4.46296
-6.48148
-4.40741
-2.09259
-0.518519
0.185185
1.22222
3.01852
5.64815
7.87037
9.62963
10.7963
12.9074
16.3704
20.3333
20.8889
13.1296
-1.59259
-17.6852
-25.0185
-23
-14.6111
-11.3333
-2.07407
10.8519
13.3333
7.37037
-2.77778
-6.66667
-5.53704
-1.25926
1.88889
3.7037
4.27778
5.12963
6.7963
8.81481
9.83333
9.87037
9.74074
11.037
13.7037
16.3333
15.6481
7.94444
-5
-18.2037
-23.1111
-19.8889
-10.0741
-8.07407
-2.48148
5.48148
5.22222
-0.185185
-7.25926
-7.74074
-4.31481
1.27778
5.31481
7.83333
8.90741
9.40741
9.85185
9.81481
8.98148
8.11111
7.96296
9.44444
11.6667
13.2407
11.2593
3.42593
-8.07407
-18.2407
-20.6667
-16.2778
-5.75926
-5.16667
-3.35185
-0.259259
-2.03704
-5.66667
-8.94444
-7.03704
-2.62963
3.24074
7.98148
11.3148
12.4444
11.8148
10.1667
8.40741
6.92593
6.57407
7.09259
8.74074
10.2037
10.4259
7.03704
-0.703704
-10.2778
-17.2037
-17.4074
-12.5926
-2.5
-3.09259
-4.2037
-4.51852
-6.88889
-8.7963
-9.22222
-5.85185
-1
4.87037
9.90741
13.4259
13.963
12
8.87037
6.44444
5.22222
5.62963
6.7037
8.27778
8.7963
7.57407
3.01852
-4.07407
-11.3519
-15.1852
-13.8519
-9.16667
-0.703704
-1.85185
-4.35185
-6.59259
-9.27778
-10.4074
-9.31481
-5.01852
0.37037
6.46296
11.3889
14.2963
13.7037
10.6481
7.03704
4.85185
4.35185
5.31481
6.57407
7.59259
6.98148
4.38889
-0.685185
-6.57407
-11.2222
-12.4259
-10.1481
-6.18519
0.166667
-0.944444
-3.7963
-6.7037
-9.62963
-10.7778
-9.35185
-4.61111
1.35185
7.5
11.7963
13.5741
12.2407
9.09259
5.96296
4.2037
3.98148
4.85185
5.85185
6.11111
4.53704
1.11111
-3.66667
-7.77778
-9.85185
-9.05556
-6.55556
-3.7037
0.555556
-0.0555556
-2.77778
-5.85185
-9.07407
-10.2778
-8.87037
-4.22222
1.09259
6.48148
10.2222
12.3519
11.5185
8.81481
5.57407
3.85185
3.51852
4.14815
4.40741
3.85185
1.64815
-1.7963
-5.44444
-7.5
-7.33333
-5.61111
-3.61111
-2.05556
0.722222
1.05556
1.44444
1.33333
1.05556
0.444444
0.222222
0.388889
0.888889
0.833333
0.0555556
-1.05556
-1.38889
-0.833333
0.222222
0.944444
1.11111
0.888889
0.444444
-0.111111
-0.722222
-1.16667
-1
-0.0555556
0.611111
0.5
-0.777778
-1.44444
-1.27778
-0.388889
0.444444
1.55556
0.5
0.666667
1.11111
1.33333
1.27778
0.722222
0.277778
0
0
-0.0555556
-0.333333
-0.944444
-1.38889
-1.55556
-0.777778
0
1.16667
1.61111
1.77778
0.888889
-0.333333
-1.33333
-1.27778
-0.333333
0.5
0.444444
-0.222222
-0.611111
-0.333333
0.111111
0.722222
2.27778
0.333333
0.722222
1.16667
1.27778
0.833333
0.222222
-0.166667
-0.5
-0.5
-0.388889
-0.166667
-0.666667
-1.44444
-2.5
-2.77778
-2.77778
-1.05556
1.16667
3.5
3.38889
1.88889
0.0555556
-0.277778
0.0555556
0.444444
0.166667
0.111111
0.444444
0.944444
1.16667
1.27778
2.77778
0.444444
1.16667
1.61111
1.5
0.833333
0.166667
-0.666667
-1.27778
-1.55556
-1.55556
-1.72222
-2.77778
-3.88889
-5.22222
-6
-6.72222
-4.55556
-0.166667
5.61111
8.27778
7.77778
5.33333
3.27778
1.88889
0.888889
0.111111
0.388889
1.16667
1.88889
1.77778
1.55556
2.5
-0.277778
1
1.94444
2.16667
1.77778
0.833333
-0.944444
-2.83333
-4
-5.11111
-6.44444
-8.55556
-9.77778
-10.0556
-9.66667
-9.11111
-6.05556
0
8.11111
13.2778
14.6111
12.5
9.33333
6.16667
3.44444
1.88889
1.44444
1.77778
1.94444
1.83333
1.72222
2.11111
-1.83333
-0.444444
1.33333
2.55556
3.27778
2.05556
-1.22222
-5.66667
-9.66667
-13.1667
-15.8333
-17.2778
-16.9444
-14.3889
-10.7778
-6.38889
-2
3.33333
9.61111
15.1111
18.5
18.9444
16.9444
13.5
9.5
6.27778
4
2.55556
1.72222
1.11111
1.11111
1.11111
-3.05556
-2.44444
-1.05556
0.333333
1.33333
0.5
-3.55556
-10.7778
-18.7222
-23.5
-24.1111
-20.5556
-16.2778
-10.8333
-5.33333
0.833333
4.5
6.38889
7.27778
9.66667
13.7778
18.2778
21.5556
21.1667
18.0556
13.2222
8.83333
5.05556
2.38889
0.888889
0.611111
0.5
-2.22222
-3.38889
-3.61111
-3.5
-4
-5.94444
-10.8333
-18.5
-25.7222
-27
-22.3889
-13.6667
-6.5
-0.611111
3.77778
7.88889
8.5
6.16667
2.27778
2.22222
6.77778
14.2222
20.5556
22
20.0556
15.7778
12.0556
8
4.44444
1.83333
0.722222
0.333333
0.5
-2.27778
-5.05556
-7.61111
-11.7222
-16.2778
-21.5
-25.6111
-25.7778
-19.2778
-8.88889
1.72222
8.77778
12.1667
12.7222
11.1667
7.44444
2.38889
-2.33333
-2.22222
1.94444
8.27778
12.3333
13.1111
12.5
11.6667
11.6667
10.2778
7.38889
4.05556
1.72222
0.722222
2.38889
-1
-4.44444
-8.83333
-16.3889
-25.7222
-30.6111
-27.3333
-14.2222
0.111111
11
15.1111
16.4444
15.6111
13.6111
9.94444
5.72222
2.22222
0.5
2.55556
4.27778
4.05556
-0.666667
-3.94444
-3.88889
0.555556
5.88889
9.11111
9.11111
6.27778
3.22222
1.16667
2.38889
-0.611111
-4.38889
-10.0556
-19.6667
-29.2222
-29.9444
-18.4444
1.38889
16.0556
21.8333
19.3333
16.0556
12.9444
10.5556
8.05556
6.83333
7.22222
8.55556
8.61111
3.61111
-5.22222
-14.8333
-18.1111
-15.3889
-7.94444
0.388889
6.83333
9.83333
7.94444
4.77778
2
1.16667
-1.5
-5.44444
-11.8333
-20.8333
-26.2778
-20.5556
-4.05556
14.3333
22.9444
21.8889
15.7222
10.7778
8
7.22222
8.38889
11.2222
14.1667
14.5
8.66667
-2.94444
-16.2778
-25
-25.7778
-20.2778
-11.5
-1.72222
6.05556
10.6111
9.38889
6.5
3.16667
0.222222
-2.33333
-7.66667
-14.6667
-21.5
-19
-7.11111
9.83333
19.1667
19.4444
14.2778
10.2222
8.27778
7.94444
8.66667
11
14.3889
15.3889
10.8333
-1.5
-15.5
-26.1667
-28.4444
-25.3889
-18.2778
-9.55556
0.944444
8.88889
12.8889
11.1667
8.05556
4.66667
-0.444444
-3
-8.72222
-15.2778
-19
-11.3889
2.66667
16.3889
18.6667
14.2222
8.61111
7.5
9.22222
11.5
13.0556
13.7222
12.2778
6.83333
-3.55556
-15.7778
-24.6667
-27.7778
-25.6667
-21.6111
-14.7222
-5.5
5.5
12.9444
15.2222
12.8889
9.11111
5.55556
-0.833333
-3.11111
-8.44444
-13.6667
-14.8889
-5.05556
7.88889
17.5556
15.7222
10.7222
7.33333
9.05556
12.2222
14.2778
13.8333
10.4444
3.55556
-6.33333
-17.6111
-26
-28.2778
-24.7222
-18.5556
-13.3333
-7.5
0.0555556
8.72222
14.5
15.3333
13
8.83333
5.27778
-0.944444
-2.66667
-6.55556
-9.94444
-9.38889
-0.666667
8.83333
14.7222
12.8333
10.7222
10.4444
12.5
13.6667
12.5
8.66667
1.66667
-8.33333
-19.0556
-27.5556
-29.7778
-25.4444
-16.8889
-8.27778
-2.55556
1.66667
5.66667
9.72222
12.3889
12.2778
10.7222
7.05556
3.66667
-0.611111
-1.61111
-4
-5.61111
-4.38889
1.83333
7.66667
11.1667
11.4444
13.0556
14.8333
14.6667
10.7778
4.44444
-2.94444
-11
-19.0556
-25.6111
-28.5556
-26.1667
-18.0556
-7.16667
2.55556
8
9.77778
9.66667
8.77778
8.33333
7.72222
6.77778
4.22222
1.44444
-0.388889
-0.444444
-0.944444
-1
0
2.61111
5.66667
9.11111
13.5
16.7222
16.3889
10.5
2.38889
-6.05556
-13.3889
-20.0556
-25.6111
-28
-25.5
-16.9444
-5.77778
4.27778
10
12.1667
11.7778
10
7.72222
5.77778
4.5
2.83333
1.11111
-0.555556
-0.111111
0.888889
2.11111
3.05556
3.16667
3.44444
6.22222
11.1667
16.1111
15.7778
9.83333
0.222222
-8.55556
-15.5556
-21.1667
-25.7222
-27.2778
-23.4444
-13.9444
-2.05556
6.88889
10.9444
10.8333
10.1667
9.5
8.83333
7.77778
5.55556
2.83333
-0.611111
-2
-2.16667
0.277778
2.22222
5.05556
7.11111
7.5
7.11111
9.11111
12.6667
13.3889
7.66667
-2.5
-11.8889
-18
-21.6667
-24.2778
-25.3333
-21.7222
-12.5
0.666667
11.1667
14.7222
11.9444
7.5
5.66667
6.5
8.22222
8.77778
5.77778
0.722222
-4.33333
-5.11111
-3.38889
0.888889
3.33333
7.44444
11.3889
13.8889
14
12.5556
9.55556
2.22222
-6.77778
-15.6667
-20.3889
-23.2222
-24.5
-23.9444
-19.5556
-9.5
3.16667
13.9444
17.3889
14.1667
8.27778
4.16667
4.33333
7.33333
10.4444
9.61111
3.77778
-4.05556
-8.77778
-8.11111
-4.38889
1.11111
3.83333
9.16667
15.7778
21.7222
20.7222
12.0556
-1.5
-13.6111
-20.1111
-22.4444
-23
-24.4444
-23.5
-17.8889
-6.33333
6.05556
14.8333
16.6111
13.5556
8.61111
5.22222
4.38889
7.33333
11.2222
13
8
-1.22222
-10.0556
-12.7222
-10
-5
0.777778
3.33333
9.27778
17.5
25
21.8333
7.83333
-11.8333
-24.2778
-27.3889
-24.6667
-22.5
-21.0556
-16.0556
-5.94444
7.27778
15.9444
17.6667
12.5556
6.83333
3.5
4.22222
7.5
12.5556
15.5
13.6667
3.72222
-7.66667
-15.5556
-14.8333
-10.2222
-4.88889
0.166667
2.5
8.16667
15.8889
22.6667
17.8333
3
-16.9444
-27.6111
-29.4444
-24.7778
-19.6667
-13.1111
-3.61111
7.33333
15.8889
17.3889
12.9444
6.38889
2.27778
2.72222
6.61111
12.3889
17.1667
16.8333
9.77778
-3.94444
-14.8333
-18.9444
-14.3889
-8.44444
-3.83333
-0.166667
1.38889
5.66667
11.1111
15.5556
12
1.44444
-13.2222
-23.5
-27.6111
-24.3889
-15.6111
-2.72222
9
15.8889
15.5
11.6111
6.77778
4.33333
3.88889
6.66667
11.1667
16.2778
17.9444
12.7778
1.05556
-13.5556
-21.1111
-19.9444
-11.8333
-5.44444
-2.22222
-0.166667
0.666667
3.27778
6.88889
10.5
10.1667
4.83333
-4.94444
-15.4444
-21.4444
-19.9444
-10.3333
2.11111
11.0556
13.3889
9.88889
6.05556
4.22222
6.05556
9.72222
13.8889
16.8333
17.2778
12.8889
2.38889
-12.0556
-23.3333
-24.9444
-17.9444
-8.33333
-2.66667
-0.777778
0
0.277778
1.66667
4.44444
8.22222
10.6111
9.44444
4.55556
-2.66667
-7.55556
-8.22222
-3.77778
1.66667
4.94444
5.16667
3.5
3.16667
5.16667
9.22222
13.8333
15.8889
14.7778
9.66667
0.666667
-11.1667
-22.7222
-27.1667
-23.0556
-13.5
-5.33333
-1.16667
-0.222222
0.5
0.444444
1.33333
3.94444
8
10.6667
11.7222
11.1111
10.3889
9.33333
7.27778
4.16667
0.333333
-2.11111
-2.22222
-0.5
2.5
5.94444
9.16667
11
9.44444
4.55556
-3.33333
-13.0556
-21.5556
-26.4444
-23.7778
-16.7222
-8.44444
-3.33333
-0.777778
0
1.27778
1.27778
1.94444
3.61111
6.11111
7.22222
8.94444
12.2778
18.2778
21.9444
20.7778
13.8333
5.66667
-0.444444
-2.38889
-1.27778
1.61111
3.77778
3.5
-0.0555556
-5.55556
-11.6667
-17.3889
-21.8889
-23.2222
-20.5
-14.7222
-8.77778
-4.44444
-2.11111
-0.722222
-0.111111
2.5
2.22222
2.05556
1.88889
2.22222
2.11111
4.16667
9.27778
17.3333
22.9444
23.7222
18.6667
11.4444
4.94444
0.944444
0
0.111111
-0.944444
-4.66667
-10.3333
-15.3333
-18.8333
-20.4444
-20.1111
-17.1667
-12
-7
-3.61111
-1.94444
-0.944444
-0.333333
-0.0555556
3
2.55556
1.38889
-0.222222
-1.38889
-1.61111
0.333333
4.94444
11.3889
16.4444
18.7222
17
12.5
7.5
3.33333
1.88889
-0.333333
-3.88889
-9.22222
-13.7222
-16.1111
-16.6111
-15.5
-12.7778
-9.11111
-5.11111
-2.66667
-1.27778
-0.833333
-0.388889
-0.333333
-0.333333
3.11111
2.27778
0.277778
-1.88889
-3.22222
-2.77778
-0.888889
2.05556
5.22222
7.94444
9.61111
9.44444
6.94444
4.66667
2.88889
2.88889
0.277778
-3.66667
-7.94444
-9.5
-9.11111
-8
-6.61111
-5.05556
-3.44444
-2.27778
-1.38889
-0.833333
-0.388889
-0.277778
-0.444444
-0.555556
2.82
2.88
2.36
1.12
-0.34
-2.16
-3.96
-5.76
-7.42
-9.1
-10.12
-10.42
-8.9
-6.1
-2.06
2.6
7.2
9.8
10.88
10.42
8.68
6.42
4.6
3.12
2.14
1.76
2
3.1
2.4
2.64
2.18
0.36
-2.48
-5.94
-9.38
-12.62
-15.16
-16.86
-17.3
-16.54
-13.4
-8.46
-2.28
4.58
11.52
15.96
18.14
18.28
16.52
13.44
10.5
7.78
5.64
4.22
3.66
4.1
1.1
1.04
0.06
-2.74
-7.38
-12.74
-17.98
-22.02
-24.16
-24.22
-22.6
-19.56
-14.66
-8.44
-1.5
6.12
14.14
20.16
24.1
25.8
25.26
22.56
18.96
14.84
11.2
8.16
6.02
5.16
-0.82
-1.94
-4.22
-8.52
-14.9
-21.76
-27.58
-30.98
-31.5
-28.96
-24.4
-18.72
-12.38
-5.5
1.24
8.46
16.24
23.14
28.5
31.82
32.5
30.34
26.34
21.22
16.36
11.96
8.52
6.26
-3.9
-6.94
-11.14
-16.9
-24.22
-30.98
-35.12
-35.86
-33.26
-27.52
-20.18
-12.62
-5.78
0.56
5.88
11.2
16.98
23.02
28.34
32.46
34.26
33.2
29.92
25.16
20.08
15.24
11.12
7.78
-7.92
-13.66
-20.16
-26.92
-33.7
-38.06
-38.14
-34.4
-27.56
-18.54
-9.48
-1.62
4.08
8.26
11.04
13.5
16.08
20.02
23.94
27.18
29.06
29.24
27.46
24.38
20.88
17.12
13.3
9.52
-12.42
-21.02
-29.8
-36.64
-40.78
-40.38
-34.8
-25.44
-14.32
-3.36
5.62
11.96
15.1
16.08
15.9
15.24
14.26
14.7
15.54
16.02
16.52
17.38
17.86
17.92
18.08
17.34
15.24
11.88
-16.02
-26.68
-36.48
-42.04
-41.98
-35.76
-23.76
-9.92
2.88
12.72
19.16
22.14
22.78
22.02
20.5
18.12
14.28
10.34
6.16
2.12
-0.86
-0.98
1.62
5.92
10.9
14.84
16.26
14.38
-19.4
-30.4
-39.26
-41.78
-36.96
-25.28
-9.24
6.16
18.16
25.56
28.7
28.86
27.9
26.06
23.5
19.2
12.02
3.46
-5.7
-14.14
-19.52
-19.26
-13.78
-5.02
4.9
13.22
17.62
17.14
-21.76
-31.46
-37.84
-36.52
-27.08
-11.58
5.36
19.66
29.08
33.34
33.58
32.06
30.1
27.34
23.32
16.54
6.14
-6.06
-18.6
-29.62
-35.26
-33.36
-24.94
-12.42
1.76
13.14
19.48
20.1
-22.32
-29.48
-32.76
-27.64
-15
1.92
17.14
28.74
34.82
36.08
34.1
31.56
28.96
24.98
18.76
9.28
-3.26
-17.7
-31.2
-41.3
-44.46
-40.14
-28.96
-13.82
2.3
14.68
21.76
22.78
-20.7
-24.96
-25.06
-17.18
-3.42
12.56
24.94
33.22
36.16
35.06
31.56
28.2
24.18
17.88
8.92
-2.78
-16.44
-29.9
-40.38
-46.06
-44.96
-37.44
-24.8
-9.34
5.98
17.22
23.32
24.02
-17.88
-19.5
-17.16
-7.82
5.7
19.7
28.68
34.14
34.96
32.22
27.5
22.9
16.14
6.56
-5.18
-18.36
-31.14
-40.48
-45
-44.34
-37.64
-26.76
-13.92
-0.32
12.16
20.24
23.8
23.4
-13.32
-13.22
-9.64
-0.24
12.04
23.62
30.24
33.74
32.76
28.06
21.4
14.02
3.92
-8.2
-21.02
-33.14
-41.76
-44.82
-42.58
-35.72
-24.82
-12.94
-1.66
8.66
17.06
21.46
22.52
20.72
-7.58
-6.2
-2.14
6.24
16.28
25.32
29.78
31.08
27.94
20.76
11.02
0.36
-11.8
-24.28
-35.02
-42.28
-44.14
-40.62
-32.58
-21.44
-9.32
1.2
9.72
16.1
19.76
20.5
19.06
15.8
-0.96
1.4
5.64
12.06
19.18
24.98
26.78
25.24
19.5
9.48
-2.48
-14.62
-26.86
-36.98
-42.66
-43.38
-38.94
-29.66
-17.86
-5.78
4.66
12.7
17.74
20.04
19.9
17.66
13.88
9.48
5.86
9.3
13.5
17.62
21.08
22.68
20.64
15.24
6.4
-5.46
-17.92
-29.22
-38.24
-42.62
-41.58
-35.76
-26.02
-14
-2.46
7.42
14.72
19.5
21.64
21.12
18.22
13.66
8.14
2.78
12.74
17.36
21.36
22.74
21.36
17.48
10.6
0.88
-10.44
-22.02
-32.5
-40.1
-43
-40.14
-32.7
-21.84
-9.42
1.92
10.62
17.02
20.88
22.86
23.02
20.54
15.38
8.86
1.82
-4.16
18.32
24.12
27.7
25.8
19.18
9.32
-2.94
-16.1
-27.6
-36.46
-42.18
-43.24
-38.94
-30.1
-18.36
-5.38
6.08
14.14
19.22
22.5
24.04
24.64
23.46
19.4
12
3.2
-5.42
-11.1
22.44
28.76
31.34
26.18
14.54
-1.34
-17.56
-31.84
-41.3
-45.18
-43.52
-37.24
-27.24
-14.78
-2.2
8.76
16.4
20.8
22.96
24.66
25.54
25.48
22.74
16.64
6.68
-3.96
-12.94
-17.34
23.82
30.2
31.78
24.48
9.36
-10.36
-28.52
-42.38
-48.88
-47.1
-38.84
-27.04
-13.36
0.26
11.06
18.62
22.76
24.34
24.86
26.22
26.8
25.4
20.34
11.6
-0.88
-12.38
-20.34
-22.58
22.48
28.58
29.76
21.86
5.82
-14.74
-32.76
-45.32
-48.92
-43.02
-30.74
-16.04
-1.18
11.16
19.24
23.84
25.74
26.16
26.78
27.96
27.4
23.46
15.06
3.16
-10.72
-21.6
-27.2
-26.34
19.02
24.58
25.9
19.14
5.2
-12.94
-28.56
-38.6
-39.72
-32.3
-19.18
-4.78
8.2
17.16
22.3
24.46
24.92
24.98
25.7
25.98
23.5
16.68
5.48
-7.88
-21.18
-29.74
-31.8
-27.54
15.4
20.38
22.22
17.9
7.84
-5.72
-17.14
-24.18
-24.38
-17.94
-7.4
3.28
12.12
17.62
20.32
21.24
21.44
21.72
22.04
20.56
15.24
5.66
-7.1
-20.34
-31.06
-35.48
-33.22
-26.18
11.62
16.02
18.78
17.6
12.66
5.38
-1.04
-5.52
-6.14
-2.9
2.24
7.3
11.5
13.92
15.24
16.12
16.56
16.56
15.46
11.22
3.1
-7.98
-20.28
-31.1
-37.22
-36.98
-31.26
-22.64
8.56
12.12
15.56
17.1
17.14
15.94
14.44
12.28
10.96
10.36
9.82
9.4
9.44
9.28
9.56
10.06
9.88
8.4
5.1
-1.5
-10.7
-21.06
-30.52
-36.94
-37.98
-34
-26.4
-17.64
6.44
8.86
12
15.04
18.62
22.04
24.92
25.86
24.9
21.8
17.46
12.78
8.9
6.22
4.68
3.24
0.9
-2.98
-8.62
-15.86
-23.64
-30.62
-35.2
-36.24
-33.34
-27.4
-19.72
-12.3
4.84
5.96
8.08
11.3
16.36
22.2
27.7
30.9
30.62
26.96
21.1
14.36
8.18
4.04
0.76
-2.54
-6.58
-11.52
-17.6
-23.76
-28.96
-32.26
-32.92
-30.72
-25.9
-19.74
-13.26
-7.82