-3.5
-7
-10.75
-10.375
-11.75
-9.75
-3.75
4.125
16.875
27.875
37.125
40.75
40.25
39
34.125
28.75
25.25
21.875
16.625
6.375
-12.25
-26.375
-39.625
-43.125
-34.375
-23.875
-10.75
-1.5
2.625
-0.125
-7.375
-13.125
-16.5
-17.625
-4.375
-11.75
-19.875
-22.875
-18
-5.875
9.875
21.5
22.5
17.125
13.625
10.25
14.375
22.125
25.25
29.125
31.75
32.125
27.75
16.5
6.625
-0.875
-8.375
-13.5
-18.25
-18.5
-13.375
-5
1.25
-3.5
-18.5
-31.75
-43.25
-49.125
-4.5
-14.125
-19.75
-14.25
-0.25
14.75
23
17.375
1.125
-10.875
-9.75
2.375
23.125
41.625
51.375
57.875
61.125
61.5
60.875
60
65.25
65.125
61.125
45
19.875
2.875
-9.75
-11.875
-12.75
-19.375
-30.125
-37.125
-44.75
-50.375
-3.375
-8.875
-5.375
8.5
20.375
21.875
10.125
-10.75
-24.75
-19.125
2.75
31.375
53.25
57.25
48.5
36
24.75
18.375
20.375
35.125
60.125
88.375
108.875
104.75
73.625
32.375
-9.25
-38.25
-53.5
-60.125
-56.125
-47.5
-37.375
-27.625
1.5
5.75
15.125
21.125
16.125
-0.375
-19.25
-25
-6.25
28
52.5
58.625
41.375
8.125
-19.875
-40.875
-55.5
-62.5
-61.625
-49
-28.125
6.5
42.75
72.625
80.125
56
19.625
-23.5
-52.625
-64
-58.25
-52.125
-43.75
-28.125
12.125
19.5
19
5.5
-13.625
-28.125
-20.75
14.25
63.375
93.25
79
35.875
-18.875
-53.75
-58.5
-51.125
-41.375
-35.875
-34.125
-39.375
-47.5
-51.25
-47.25
-23.875
17
46.75
66
58.875
27.875
0.625
-18.5
-34.25
-37.625
-30.625
19.25
15
-1.875
-23.375
-34.625
-21.875
20.625
72.875
103.375
89.75
40.375
-13.375
-43
-34.375
-9.375
17
36.625
44.625
46.5
38.75
23.25
-3.875
-30.5
-47.625
-39.75
-1.75
45.625
84.375
79.375
52.375
16.875
-14.875
-19
-15.5
7.25
-10.625
-28.125
-35.375
-22.5
17
61.625
83.25
69.5
27.25
-10
-21.875
-1.375
30.125
52.25
66.625
72.5
72.875
72.25
73.625
72.375
57.875
36.125
6
-25.875
-30.625
-12.5
26.5
54
58.75
44.5
18.625
9.375
7.625
-18.75
-31.75
-32.5
-20.625
8.75
47.875
61.625
46.125
13.875
-16.125
-11.625
19
49.875
60.375
57
49.375
41.875
39.625
38.5
41.125
48.875
58
60.125
52.875
28.125
-7.375
-28.875
-24.25
9.75
45
64.625
66.5
51.375
39.25
-31.875
-27.125
-14
9.375
43.125
58.75
42.25
13.625
-13.125
-11.875
19.5
50.375
57
43
27.25
13.5
5.875
4.875
4.625
5.375
10.25
24.5
39.875
53.375
53.25
27.875
-6.375
-31.625
-11.25
28.75
65.25
93.625
82.625
61.875
-22.875
-8.875
5.75
42.625
71.625
64.25
42.375
7.5
-7.875
12.5
35
40
26.375
8.875
2.125
-1.5
-1.75
0
-1.375
-6
-17.375
-20.375
-10.25
8.375
32.25
35.75
16.625
-11.5
-9.125
19.125
53
80.625
75.75
50.25
-6.25
5.25
18.375
56.375
66.25
49.625
33.625
1.75
2.125
20
20
3.375
-21
-38.25
-40.125
-31
-19.625
-8.5
-9.25
-20.25
-39.625
-56.625
-53.125
-36
-4.25
20.5
22.5
8
-7
0.625
19.875
28.5
28.375
5.875
8.875
15.875
32.375
46.5
34.875
18.125
0
-6.25
8.625
18.5
7.5
-14.75
-34
-43.375
-51.375
-44.125
-34.5
-26.625
-21.5
-22.125
-18.125
-22.25
-22.5
-22
-16.75
4
20.875
18.625
-8
-21.125
-20.25
-24.5
-21.625
-40
21.625
25.5
42.125
37.625
16.875
5
-14.125
-2.5
15.5
19.375
15.875
8.25
13.75
24.25
8.75
-4.625
-16.125
-30.5
-25.625
-9.75
10.625
29.875
33.875
16.625
0.875
0.625
14.625
18.875
-2.875
-21.125
-26.75
-34.125
-34
-47
27.5
27.75
34.625
27.375
8.25
1.25
-7.75
0.625
14.25
16.375
21.5
24.625
34.5
43.875
29.625
15.25
3.625
-11.5
-13.625
-2.125
7
24
35
21.75
13.625
7.25
8.375
10.75
2.375
-10.125
-11.125
-16.625
-20
-23
25.25
22.75
19
12
-1.25
-6.875
-3.25
0.625
9.75
12.375
12.625
13
10.375
0.125
-4.375
-4
-1.25
7.375
2.5
2
2.125
4.125
11.25
8
7.625
6.625
6
5.75
4
-3.5
-1.75
-5.375
-9.25
-8.25
19.75
16.25
8.125
2.5
-4.625
-8.875
-1.375
-0.25
4.125
5.625
2
1.75
-2.625
-19.75
-19.125
-18
-13.375
6.25
4
3.875
3.5
0.625
2.25
2.25
2.25
2
1.75
2.5
2.75
0.375
2
-2.5
-6.375
-6.875
13.625
10.25
6.875
3.75
0.75
-2.5
-5
-5.125
-4.125
-2.125
-0.125
0.125
1.75
3.125
2.875
-6
-7.625
-6.75
-6.625
2.125
2.125
0.25
-1.75
-1.375
-1.375
-1.875
0.25
0.75
1.75
2.5
0
-2.625
-4.125
-2.75
8.625
5.625
4.875
3.75
4.75
2.125
-9
-11.125
-13.25
-10.5
-1.75
0
4.875
21.5
29.5
15.875
11.5
-4.125
-10.875
1.375
0.875
0.25
-4.375
-4.5
-4.625
-5
-2.375
-1.75
0.375
4.125
-0.625
1.625
3.625
5.875
5
2.625
-4.5
-4.5
1.75
0.125
-4.875
-11.25
-18.25
-17.5
-12.125
-11
-10.5
-3.125
6.5
5.625
5.75
-1.5
-2.875
-6.625
-9.625
-11.375
-20.25
-12.5
-10.5
-9.25
-9.375
-8.5
-2.25
7.375
5.125
8.25
7.375
1.75
2.75
1.75
-10.125
-10.625
1.125
1
5.75
-7.125
-22
-23.75
-31
-36.25
-49.375
-63.625
-58.25
-32.5
-17.125
-1
17
-10.5
-25.875
-41.125
-56.875
-33.25
-18.375
-10
-11.625
-16
-4.875
6.5
-1.25
-3.625
-14.375
-22.75
2.75
2.5
-9.5
-12.25
2.125
7.75
16.5
-1
-28.125
-35.125
-36.875
-28
-36.25
-53.375
-41.5
-15.25
5
27.375
36.125
16.875
6
-6.625
-12.125
0.5
5.75
-2.75
-20.125
-26.625
-6.25
2.25
-16.875
-28.25
-47.75
-42.75
2.625
2.625
-5.125
-18
-9.125
2.625
8.625
6.625
-23.625
-42.25
-28.625
2.5
30.875
47.75
57.125
51.5
44.375
36.625
26.25
35.375
50.125
63.375
70.375
51.375
20.5
-13.75
-34.5
-27
2.5
2.875
-18.75
-35.625
-53
-36.25
1.5
1.25
-1.875
-28.5
-30.375
-15.375
-7.625
11.625
-5
-37.125
-42.5
-22.125
17.75
55.75
65.625
55
33.625
12.375
5.75
15.625
28.375
40.5
38.5
11.375
-19.5
-38.375
-35.125
-8.125
7
-10
-25.875
-42
-40.5
-17.5
0.5
-0.25
-1.875
-24.625
-37.5
-24.125
-2.625
23
24.75
-9.125
-49.625
-65
-49.375
-23.625
-2.875
9.75
5.375
0.375
0.125
-1
-1.75
-8.625
-27
-45.75
-54.875
-46.75
-17
10.625
-10.25
-40
-56.25
-65.875
-35.875
-8.375
-0.125
-0.625
-1.875
-10.875
-32.125
-34
-10.75
19.75
42.625
30.75
-12.125
-60.5
-78.875
-77.125
-62
-37.25
-22.5
-12.5
-9.875
-18.375
-30.625
-50.125
-69.375
-70.25
-57.75
-25.375
8.5
4.25
-34.875
-65.25
-80
-65.5
-25.375
-6.5
-0.25
-0.625
-1.5
-4.75
-25.625
-47.25
-50.75
-29.875
10.625
34.875
29.125
-8.375
-55
-81.75
-92.75
-89.25
-78.125
-70.875
-66.125
-73.125
-85.5
-92.375
-85.375
-60.875
-22.75
15.625
13.5
-24.875
-58
-78.875
-69.375
-33
-10.75
-4.75
-0.5
-0.625
-0.75
-2.375
-14.125
-42.25
-74.25
-90.125
-67.5
-20.25
21.375
42.125
17.125
-19.625
-55.125
-85.875
-98.5
-109.125
-108.375
-99.25
-87.75
-61.625
-24.5
10.5
41.375
30.75
-16.5
-61.25
-83.625
-72.875
-38.75
-11
-4.625
-2.875
-0.25
-0.125
0
-0.125
-4.875
-22.125
-53.75
-92.25
-112.875
-89.875
-33
30.25
70.625
72.25
42
5.875
-20.75
-35.625
-39.5
-21.375
4
32.875
60.875
63.625
35.125
-24.5
-73.75
-93.625
-81.125
-44.125
-14.75
-4.125
-1.625
-0.375
0
-0.25
-0.25
0.375
-1.375
-5.375
-18.25
-42.375
-73.5
-94.125
-81.625
-51.25
-0.375
43.375
59.625
64.5
57.75
59.75
54.625
61.125
70.125
57.375
32.875
-14.25
-77.625
-112.5
-110
-84.125
-41.875
-15.25
-3.625
-0.375
0.875
2
-0.125
-0.875
-1
-1.375
-3.75
-7.625
-8.375
-8.625
-14.25
-35.75
-73.75
-108.5
-122.875
-110.25
-76
-42
-15.875
18.875
30.625
19.625
-4
-59
-109.25
-137.875
-143.875
-117.875
-76.25
-35.875
-10.125
-2
0.5
1.625
2.875
4.5
0.125
-0.75
-1
-2.5
-7
-10.125
-7.125
-1.125
4.75
-3.25
-36.375
-75.25
-116.5
-145.625
-151.375
-150.125
-132.5
-85.75
-48.125
-52.75
-75.5
-120.75
-147.875
-126.625
-85
-46.25
-20
-2.875
1.625
3.5
3.875
4.25
4.875
5.875
-1
-1.375
-1.375
-0.75
1.375
5.25
5.75
3.125
-2.75
-11.75
-18.75
-25
-36.375
-52.75
-71.375
-89.625
-93.625
-72.875
-39.375
-31.75
-31.25
-42.625
-53.5
-33
-10.375
5.625
12.125
14.625
14
12.625
10.125
7.5
6.125
4.5
-2.125
-1.5
-1.125
1.5
9
13.25
13.75
11.875
7.375
8
12.875
16
13.375
6.375
-2.625
-12
-16.5
-15.125
-4.375
2.25
9.125
11.75
8.375
13.5
18.25
23.875
28.375
29.5
26.5
21.625
15.375
9
5.375
1.25
36.75
30.5
4.25
-19.125
-23.25
-8.25
2.5
6.125
10.875
20.625
41.125
50
31.75
12.5
7.125
5.5
3.75
4.625
4.625
-4.625
-26.5
-41.625
-22.625
13.875
34.625
35.625
23.5
10.25
3.875
-1.125
-7.875
-6.625
4
6.875
30.625
23.25
0.625
-14.375
-13.75
-1.875
7.875
10.5
10.75
21.125
49.625
61.5
36.625
13.875
8.25
3.625
0.75
2.875
0.5
-16.25
-43.625
-56.625
-31.625
9.75
36.25
45.75
35.875
15.25
2.75
-5.5
-19.5
-20
-1.5
5.625
19.75
13.875
-1.25
-6
0.75
8.25
9.75
6.125
2.375
16.125
59
80.625
49.875
19.375
11.125
4.625
0.625
2.25
-1.125
-19.25
-45.25
-54.625
-35.375
-10
11.375
36.625
40.75
16.875
-3
-13.875
-28.375
-24.625
0.75
7.125
9.375
9.625
4.375
5.5
10.125
8.625
1.625
-5.25
-5.25
24.125
84.25
102.125
53.25
11
-2.25
-7.75
-6
-0.375
-1.125
-11.875
-23.375
-25.125
-18.125
-18
-22.375
-3.875
16.5
7.75
-7.5
-18.375
-31.625
-22.75
4.625
10.875
5.75
11.75
11.125
11.375
8.875
-1.625
-10.5
-6
13.75
53
95.5
87.625
35.125
1.125
-7.125
-9.875
-7
-1.25
0.125
-3.75
-8.625
-9.5
-5.25
-9.125
-22.625
-23
-15.375
-17.75
-22.125
-27.25
-32.25
-17.125
4.5
10.375
9.125
13.25
9.5
5.25
-1.875
-11.375
-3.75
24.5
49.375
65
72.75
54.375
17.375
-5
-10.75
-10.375
-4.125
-0.125
-0.125
1.125
2
3.25
5.5
-2.625
-17
-21
-22.75
-33.625
-50.625
-57.125
-37.5
-6.25
10.125
17.875
10.5
6
-1.125
-5.875
-10.625
-4.375
28.875
66.875
70.125
50
34.875
18.125
1.25
-0.875
-0.875
-5.5
-2.875
0.375
-0.25
2.25
2
-2.625
1.25
6.375
-1
-9.25
-12.125
-24.875
-63.875
-92.625
-58.625
-7.125
9.5
23.75
3
-7.375
-12.875
-12.875
-6.5
25.5
77.875
96.25
59.75
16.25
-1.5
-3.375
2.375
15.125
18.25
8.625
4.25
2.375
-1.5
-4.125
-9.875
-19.125
-18.625
-4.75
9.375
15.125
13.25
-0.5
-58.25
-116.25
-85.75
-22.125
4.125
26.375
-8.75
-16.75
-16.75
-10.375
13.5
70.125
112.875
85.375
21.125
-13.875
-4.625
14
18.875
23.625
22.25
10.375
4.875
2.375
-1.5
-4.125
-9.625
-22
-29.625
-23.125
-11.375
5.875
26.625
29.25
-30.25
-109.5
-99.875
-36
1.625
24.75
-17.125
-18.625
-10.25
10.125
53.625
104.25
101
38.625
-10.875
-7.625
22.25
33.625
24.75
22.75
19.75
8
1.625
0.625
-0.375
-1.125
-5.25
-18.75
-29.875
-28.125
-28
-23.625
4.375
35.875
12.25
-60
-89.25
-53.625
-10.125
15.125
-16.125
-8.625
5.5
44.125
98.375
105.75
51.625
-8.75
-15.625
23
49.5
39.75
17.625
8.125
6.375
4.5
1.75
0
-1.375
-6.25
-15.375
-17.375
-5.5
-4.125
-25
-46
-32.375
17
41.625
2.625
-54.75
-65.125
-34
-3.75
-4.75
6
19.875
73.125
128.5
83.875
-7.375
-34
10.625
57.75
51.25
13.875
-7.75
-6.5
3.375
15
17.125
7.5
-6.75
-19.25
-23.625
-17.875
4.625
20.5
-0.25
-41.25
-56.25
-18.5
38.5
47.375
-12.125
-68.25
-61.375
-24.625
7.875
14.375
33.625
103.25
138.625
39.875
-52.75
-24
47.125
68
28.5
-11
-11.5
-0.875
-6.125
2.375
27.25
21.125
-13.5
-28.875
-15.875
-9.25
-2.25
16.75
20
-13.5
-55.375
-48.125
10
58.625
26.75
-63
-94.125
-51.75
14.125
18.25
46.125
124.125
124.875
-6.5
-67.375
1
68.75
62.875
11.375
-19
-11
0.75
-17.5
-13.875
33.625
33
-22.375
-35.75
-2.125
1.875
-7.125
8.125
27.375
11.625
-43.375
-65.625
-21.375
47.125
50.75
-53.125
-123
-75.25
16.75
20
55.375
127.875
93
-39.25
-58
30.125
83
54.375
-1.25
-22.375
-10.25
1.125
-29.625
-29
41.625
43.25
-32.125
-37.125
26.75
25
-21.25
-19.5
23.375
34.25
-26.375
-77.75
-53.875
27.625
64.875
-41.875
-142.5
-94.75
16.75
17.5
57.75
126.25
67.75
-60.125
-43.25
54.625
87.25
42.875
-3.875
-9.5
-0.125
-5.625
-48.125
-40.5
42.5
45.125
-37
-32.5
48.375
40.375
-25.25
-39.75
8.875
42.125
-12.75
-78.75
-71.5
11
71.25
-31.875
-158.25
-112.25
13
13.75
54.625
120
54.625
-68.875
-32.375
67.75
84.875
38.375
2
-2
-5.125
-21.5
-56.125
-33.25
47.875
45
-38.25
-31.875
53
42.625
-20.75
-37.75
1.5
37.75
-10.25
-77.25
-75
4.125
71.75
-27.75
-166.625
-119.625
9.125
9.75
52.375
116.75
46.75
-75.75
-30
75.125
87.875
37.125
2.375
-0.875
-6.75
-24.125
-55.125
-35.25
42.125
50.5
-31.875
-34.375
51.625
42.5
-23.25
-39.625
3.625
40.125
-7.5
-75
-77.25
-0.25
69.5
-27.625
-168.125
-119.5
5.875
5.875
46.375
112.25
50
-74.125
-38.25
68.375
92
44.25
4.25
-1.25
-5.375
-22.25
-47.75
-36.375
27.25
52.375
-22.625
-36.125
48.625
42.5
-22.875
-40.75
3.375
40
-10.375
-75.75
-71.125
6.375
66.125
-35.375
-165.125
-112.125
4.25
3.375
41
109.5
58.25
-70.125
-53.875
55.5
99.25
53.5
1.125
-8.5
-2
-5.625
-41.75
-54.125
17.5
61.5
-14.875
-41.625
36.625
43.125
-22.75
-43
13.25
46.25
-14.375
-77.75
-61.75
20.125
59.625
-52.25
-160.125
-101.5
4
1.25
31.625
102.625
75.875
-54.5
-73.25
27.375
95
69.25
3.75
-28.25
-16.625
-1.125
-20.75
-32
23.375
59.5
-7
-47.25
1.875
21.875
-12.375
-17
31.125
39
-29.125
-77.5
-42.875
36.5
40.5
-78.125
-148.375
-84.25
3.75
0.5
19.75
90.5
97.375
-26.5
-85.25
-8.25
72.625
76.875
25.125
-18.25
-23.75
-13.375
-8.25
0.5
29.75
42.375
-4.625
-38.125
-10.5
11.375
-4.375
-5.25
22.5
8.5
-48.375
-63.125
-6.75
50.25
1.375
-112
-130.5
-62.75
4.125
0.875
10.875
70
103.875
10.375
-78.875
-41.625
40.625
72.75
44.125
0.5
-15.875
-12
-4.125
13.75
35.125
30.375
-2.75
-28.875
-21.375
0.875
0.125
-0.125
7.25
-19.75
-53.5
-38
25.25
49.375
-45.25
-139.625
-110
-42.5
4
0.5
3.875
46
96.375
51.125
-47.125
-67.625
-7.5
53.375
59
27.375
3.25
-6.5
7.375
31
28.625
11.875
-0.25
-14.875
-22.375
-10.5
-0.5
-5.375
-21.5
-44.375
-45.875
-3.875
46.75
18
-95.625
-142.25
-79
-22.5
3.25
0.5
1.625
25.375
73.5
76.125
4.125
-56.25
-47.25
6.375
52.625
55.75
35.375
19.375
17.375
19.5
9.125
0.375
-0.125
-1.5
-2
-6.125
-24.25
-42.25
-46.125
-43.75
-17.25
30.125
32.75
-39.5
-120
-115.125
-49.125
-10.125
2.875
0.125
-0.125
6.375
41.625
80.75
51.75
-16.5
-50.375
-35.5
9.625
40
46.125
42.125
29.25
21.5
14.25
3.5
-1.125
-9.125
-19.625
-23.125
-31.875
-42
-36.5
-12.625
19.75
24.25
-20.125
-81.5
-106.75
-75
-27.875
-6.25
2.5
-0.125
-1.25
-2.5
16.625
62
70.75
22.375
-25.125
-39.625
-25.375
2.625
29.5
40.5
32
24.25
17.375
4.625
-1.625
-9.375
-21.75
-25.125
-29.625
-28.875
-6
18.375
16.75
-15.125
-66
-98.875
-78.625
-35.75
-11.5
-3.75
2
-0.375
-1.25
-5.125
-0.875
29.25
55.5
40.875
6
-12
-12.625
-12.375
-2.625
16.125
22.625
21.125
17
5.375
-1.125
-7
-19.75
-19.375
-7.25
6.25
16.375
4.25
-24.75
-55
-86.125
-83.375
-41
-11.5
-4.875
-2.625
2
-0.375
-1.75
-6.375
-11.875
1.375
25.25
30.25
22.625
19.625
25.25
20.25
-1.625
-8.5
-3.25
-0.625
4.5
6.375
4.5
0.875
-3.75
-0.375
9.375
8.625
-8.125
-30.75
-53.75
-75.625
-74.375
-42.875
-15.25
-5.875
-3.125
-1.625
2
-0.25
-1.75
-6.375
-14.875
-15.125
-7.5
0.375
20.5
46.625
53.625
34.25
8.125
2.375
-0.375
-10.25
-5.25
8.75
8.125
0.875
7.125
6.625
-8.125
-19.25
-27.375
-48.25
-71.25
-66.125
-38.625
-15
-5.375
-3.125
-1.875
-0.5
2.125
-0.875
-2.5
-6.375
-18.75
-26.875
-21.375
-12.625
4.25
37.75
64
49.5
14.125
2.5
-0.75
-9.75
-0.625
34.875
37.375
-12.625
-27.75
-11.25
-15
-28.625
-44.125
-61.625
-59
-31.875
-10.375
-3.25
-2.25
-1.875
-0.625
1
2.625
-1.5
-3.75
-6.25
-20
-28.625
-19.375
-14.125
-11
7.25
35.875
44.5
27
16.375
5.875
-7.625
5.5
65.75
78.625
-21.75
-75.25
-42.5
-35.375
-47.625
-47.75
-37.75
-18.25
-4.875
-1.875
-1
-1.625
-1.5
-0.125
1.875
2
-2.125
-3.625
-5
-17.625
-28.5
-22.75
-14.125
-8.75
-2.75
1.5
4
9.875
18.5
15.375
5.625
21.125
97.125
116.375
-33
-133.25
-80.375
-37
-28.75
-13.625
-2.875
0.625
0.375
-2
-3.625
-3.875
-3
-0.625
2
2.375
-2.25
-3.625
-4.25
-16
-26.5
-18.75
-8.625
-6.125
-4.25
-4.625
-8
-12.125
-11.125
-5.875
-3
22.25
122.375
158.375
-28
-168.875
-94.75
-14.875
0.5
4.5
4.875
4.625
1.5
-5
-8.875
-7.375
-5.5
-3.375
-0.25
-14
-15.1667
-14.5
-9.27778
-0.444444
8.33333
13.4444
15.6667
22.2778
27.7778
32.8889
40.2222
49.8333
57.5
59.2778
59.5
56.6667
48.8333
41.6111
34.5
23.9444
9.05556
-2.83333
-5.94444
-9.05556
-13
-14.8333
-14.4444
-20.0556
-28.8889
-37.5556
-44.7222
-10.2778
-10.1111
-6.5
0.222222
6.27778
8.5
6.38889
5.61111
9.77778
15.8889
24.9444
36.8333
48.9444
54.8333
53.1667
50.3889
47.2778
46.9444
52.7222
59.9444
64.1111
59.7778
48.4444
34.8889
15.6111
-5.44444
-24.7778
-37.4444
-44.6667
-49.7222
-55.4444
-59.6111
0.277778
2.5
4.88889
6.38889
5.61111
2.94444
2.22222
6.22222
13.5556
23.6667
34.6667
42.7778
43.8333
37.1667
28.7222
20.8889
17.0556
21.5556
35.2778
52.8889
70.0556
81.0556
80.3889
66.9444
42.5
12.3889
-19.0556
-45
-57.6667
-62.5556
-63.9444
-60.7222
10.4444
10.6667
7.83333
2.16667
-1.05556
1.77778
12.5556
26.1667
35.1667
42.6667
43.4444
33.5556
12.7222
-8.72222
-22
-30.8333
-34.7222
-29.6667
-17.5556
0.611111
21.5
44.1667
59.3333
59.1667
49.9444
29.8889
2.16667
-27.7778
-45.7778
-56
-61.6667
-57.7222
11.8333
6.66667
-2.55556
-9.05556
-2.55556
16.3889
40.4444
57.5
61.3333
56.1667
38.8333
13.4444
-13.2222
-27.5
-25.9444
-20.6667
-15.1111
-12.3889
-11.6111
-12
-9.83333
-0.277778
14.7222
27.5556
40.3333
47.2778
39.7778
22.2778
3.5
-16.7778
-33.5556
-39.8889
2.38889
-7.77778
-16.2222
-11.1111
11.7778
39.6667
61.5556
71
68
51.5
24.8889
1.77778
-10.3889
-6.16667
6.5
18.9444
26.6111
27.4444
23.8333
12.9444
0.888889
-7.83333
-8.16667
-0.111111
17.2222
39.7222
47.7222
47.6667
40.2222
24.3333
3.5
-13.9444
-12.4444
-21.3889
-19.5
2.44444
30.6111
50.8889
59.6111
61.2222
54.8333
34.5
17.1111
14.1111
25.2778
41.6667
55.7778
67
73.5556
74.3333
70.6667
59.5
44.4444
26.9444
9.94444
1.05556
3.55556
22.0556
37.5
48.5556
55.6111
55.9444
47.9444
30.6111
-23.7222
-22.1667
-2.94444
26.2222
44.2778
47.4444
46.1111
44.1667
35.5
23.1667
24.1667
36.9444
51.8889
59.6667
59.8889
58.1111
55.8889
56.2778
58.7222
61.3889
60.3889
53.8333
39.7778
21.5
6.5
3.55556
16.1667
30.8889
45.5556
64.0556
76.0556
72.6667
-23.2222
-3.16667
27.3889
48.7778
48.7222
41.8333
40.2778
33.7778
22.0556
19.2778
32.7222
46.1667
51.2222
45.4444
37.1667
30.2222
26.1111
25
22.3889
27
34.8333
41.3333
39.7778
28.4444
14.6667
2.5
12.0556
25.8889
40.7778
62.4444
84.9444
94.3333
-11.2222
22.5
52.1111
56.5556
47.0556
41.1667
43.7222
29.1667
12
14.3333
23.5
23.2778
11.8889
-0.0555556
-5.33333
-7.05556
-8.55556
-8.94444
-12.6667
-13.6111
-7.55556
2.77778
15.6111
19.1667
15.5
5.44444
11.1667
24.3333
33.1111
43.7222
60.3889
72.3333
9.88889
44.6111
59
51.4444
41.5
42
41.1111
19.3889
6.11111
9.88889
12
1
-18.6667
-27.6667
-26
-22.8333
-25.2778
-25.8333
-26.0556
-31.1111
-33.4444
-27.8333
-10
3.83333
9.16667
6.66667
7.72222
17.9444
22.2778
15.7222
16.3333
19.2222
29.3889
49.3889
47.1667
34.9444
28.2222
31.8333
25
8.72222
4.55556
8.16667
5.11111
-8.77778
-31.6111
-37.8333
-33.1667
-30.1667
-36.6111
-34.7778
-19.5556
-18.3333
-25.5
-25.1111
-5.77778
8.27778
8.33333
3.77778
-0.444444
6.33333
5.05556
-13.6111
-26.3333
-32
42.6667
48.1111
33.6667
22.5556
18.5556
23.5556
11
2.88889
12.3889
20.5556
22.4444
14.8333
-2.77778
-6.77778
-6.94444
-13.2222
-27.7778
-27.6667
-6.38889
3.94444
-1
-2.88889
11.3889
18.7778
15.2222
5.05556
-3.33333
-0.666667
-0.888889
-21.6667
-41.1667
-51.4444
42.1667
37.4444
20.2778
11.2222
9.72222
11.6111
1.72222
1.77778
17.4444
25.4444
25
18.5
10.2222
7.5
2.38889
-6.11111
-17.2222
-12.2778
2.72222
13.1667
14
13.0556
21.6667
22.4444
18.2778
7.61111
-2.05556
-3.44444
-1.61111
-16.2222
-32.5
-40.6667
34.3889
27.5
12.2778
5.16667
5.94444
5.83333
0.666667
2.11111
16.5556
23
20.2222
12.5556
11.1111
10.5
4.72222
-1.05556
-6.66667
1
5.61111
10.7778
13.7778
12.6111
15.7222
14
14.3889
8.55556
1.94444
-1.5
2.72222
-5.11111
-16.4444
-22.5
23.5556
16.7222
6.5
0.722222
0.611111
-1.66667
-2.44444
-0.944444
7
9.5
5.16667
-2.55556
-0.611111
-3.77778
-6.83333
-6.61111
-6.22222
2.05556
0.222222
3.72222
4.94444
3.66667
4.66667
3.66667
5.22222
4.61111
2.94444
0.166667
2.05556
-1.22222
-6.16667
-8.44444
15.3333
10.5556
5.38889
0.222222
-3.88889
-5.83333
-5.55556
-5.33333
-3.88889
-1.72222
1.05556
2.05556
5.27778
-0.944444
-1
0.777778
0.277778
-0.222222
-3.5
2.83333
1.55556
-0.444444
-0.722222
-0.888889
-1
-0.666667
1.44444
2
0.333333
-0.333333
-0.166667
0.555556
8.05556
5.72222
5.77778
1.22222
-6.88889
-9.16667
-7.94444
-9.33333
-14.3333
-13.6111
-5
3.55556
6.33333
-1.61111
1
3.05556
2.55556
-7.83333
-11.6667
-4.33333
-9.55556
-10.3333
-11.7778
-8.61111
-9.83333
-8.27778
-0.277778
4
-1.38889
0.222222
5
7.61111
-0.111111
-1.27778
4.5
1.5
-7.88889
-14.7222
-10.3333
-12.0556
-26.1111
-32.1667
-28.3889
-20.9444
-17.8333
-19.0556
-12.1111
-4.16667
5.5
-4.05556
-13
-17.3889
-21.3333
-20.4444
-25.8333
-20.1111
-18.4444
-12
-2.22222
1.22222
-8.72222
-4.77778
3
4.44444
-5.27778
-6.5
3.72222
4.22222
-3.11111
-14.3889
-11.0556
-12.5556
-29.7778
-39.6111
-42.5
-37.6667
-31.0556
-24.2222
-17.8333
-8.83333
9.66667
7.44444
-0.777778
-12.6111
-13.6667
-10.5
-22.2222
-22.1111
-21.5
-13.7222
-2.33333
-5.38889
-19.2222
-13.4444
-7.05556
-9.72222
-7
-13.3333
-1.77778
3.27778
-1.27778
-17.0556
-18.2778
-16.1111
-31.1111
-41.5
-46.6667
-38.8889
-20.1667
-5.44444
-2.33333
4.66667
25.6111
31.9444
19.6667
4.83333
12.2778
13.9444
-5.33333
-17.2222
-18
-10.8333
-6.22222
-17.5
-31.3333
-24
-20.8889
-27
-4.33333
-17.9444
-11.2778
-0.388889
-0.0555556
-13.1667
-22.8333
-18.1667
-23.1667
-27.8889
-25.3889
-7.77778
20.3333
37.8889
36.1111
31.3333
37.5
41.9444
37.2222
35.1667
43.0556
39.1667
17
-5.77778
-14.0556
-13.0556
-13.3889
-28.0556
-35.3889
-28.6111
-30
-40.0556
-2.22222
-22.7778
-24.7778
-12.4444
-4.44444
-10.7778
-22.6111
-16.7778
-19.5
-29.5556
-29.0556
-13.1111
12.7222
31.8889
36.4444
35.2222
31.6111
30.3333
26.8889
26
25.5556
13.9444
-4.94444
-21.1111
-22.8889
-18.6111
-26
-38.1667
-38
-35.0556
-41.7222
-51.1111
-1.27778
-20.1667
-32.2222
-23.8889
-9.33333
-3.38889
-10.4444
-8.38889
-8.83333
-24.2222
-36.6667
-38.5
-27.8333
-11.3333
0.111111
6.11111
3.94444
0.666667
-1.72222
-6.27778
-17.1111
-30.6111
-40.2778
-39.2778
-30.7778
-26.0556
-37.2778
-46.3889
-43.7778
-48.0556
-56.9444
-58.0556
-1.44444
-13.7778
-31.3889
-35.6111
-24.6111
-12.2222
-7.66667
-5.44444
-4.05556
-18.6111
-41.1111
-62.7222
-75.3889
-72.7222
-63.6111
-52.3889
-48.1667
-50.1111
-54
-63.3333
-72.1667
-73.8889
-66.6667
-47.8333
-32
-29.8333
-44.6111
-53
-56.3333
-65.1111
-68.6111
-55.1111
-1.38889
-6.66667
-24.3333
-40.5556
-45.6667
-39.8889
-30.8333
-23.6667
-12.3333
-8.88889
-22
-44.7778
-69.7222
-86
-93.5
-95.3889
-90.9444
-90.3333
-92.6667
-93.0556
-84.5556
-67.8889
-47.6111
-28.3889
-21.1667
-32.3889
-49.7778
-61.7222
-70.2778
-73.7222
-62.7222
-37.3889
-0.722222
-2.61111
-15.0556
-36.1111
-56.5
-68.7778
-67.7222
-59.1111
-39.2778
-16
-2.44444
0.166667
-16.4444
-41
-65.8333
-84.2778
-93.2222
-93.5556
-84.9444
-68.2222
-45.6667
-22.7222
-5.27778
-7.11111
-23.8333
-46.7778
-64.0556
-74.2778
-77.2222
-65.8889
-42.3889
-18.6667
-0.5
-1.05556
-7.5
-23.8333
-48.2778
-72.3889
-87
-86.6111
-71.8333
-47.5
-20.1111
5.11111
14.8333
7.16667
-8.77778
-20.5
-30.3889
-31.1111
-23.6111
-10.2778
1
2.83333
-3.5
-28
-54.8333
-75.2222
-82.3889
-81.5
-68.5556
-44.4444
-20.1667
-4.94444
-0.5
-0.611111
-4
-13.3889
-28.3889
-48.0556
-67.7778
-82.0556
-82.5556
-74.1111
-56.6667
-34.7778
-16.2778
-6.05556
-4.22222
6.11111
4.72222
4.77778
9.44444
11.8889
2.16667
-26.2778
-53.6667
-78.3889
-96.5556
-99.9444
-89.2222
-70.5
-44.2222
-21.1667
-5.66667
0.444444
-1.05556
-1.16667
-3.33333
-7.66667
-12.7222
-19.8333
-33.1667
-52.1667
-72.3333
-88.3333
-97.6667
-101.111
-95.1667
-82.5
-61.7222
-26.5
-5.44444
-4.11111
-10.7778
-25.0556
-49.2778
-90.7222
-119.611
-122.611
-113.167
-93.3333
-67.2222
-40.4444
-17.5556
-3.94444
2.05556
4.55556
-1.22222
-1.5
-3.16667
-5.11111
-4.44444
-3.77778
-8.16667
-22.7222
-43.2778
-64.0556
-87.7222
-111.556
-128.333
-133.722
-124.278
-93.0556
-64.7222
-62.1111
-66.1111
-71.7222
-80.6667
-107.111
-122.278
-103
-76.5556
-49.1667
-26
-6.88889
4.11111
7.05556
7.44444
7.27778
-1.5
-0.833333
0.777778
2.61111
4.55556
6.22222
6.5
1.88889
-11.3889
-27.2778
-47.1667
-68.5
-87.7778
-102.778
-104.389
-87.9444
-63.2222
-60.3889
-60.9444
-58.8333
-55.3333
-62.3333
-67
-46.6111
-22.8333
-2
10.3333
17
16.8889
14.6111
11.3889
7.94444
23.1111
6.38889
-6.27778
-7.83333
0
3.88889
3.77778
10.4444
34.5
65.2222
79.3333
64.6667
39.2778
19.1667
10.6111
7.05556
4.11111
-3.05556
-20.1667
-41.1667
-49.5
-37.5
-7.72222
20.1667
37.0556
35.3333
20.9444
3.22222
-14.0556
-18.7778
-16.5556
-3.38889
20.3889
11.3333
2.94444
-1.66667
-1.94444
-3.16667
-0.944444
15.9444
53.1111
89.8889
99.1667
69.7222
31.1667
3.61111
-4.16667
-3.83333
-1.61111
-4.27778
-16.8333
-32.7222
-39.3333
-31.2222
-13.7778
2.77778
13.8333
17.3333
9.44444
-3
-19
-21.0556
-16.4444
-0.277778
18.6111
12.6111
4.66667
-1.61111
-4.27778
-1.94444
9
35.1111
70.6667
96.2222
91.1111
56.2222
19.3889
-2.61111
-7.27778
-5.22222
-2.83333
-5.11111
-16.3889
-27.1111
-29.6111
-19.2778
-7.94444
0.388889
1.38889
-1.05556
-9.72222
-19.7778
-30.3333
-29.3333
-20.0556
-0.388889
14.5556
7.66667
0.611111
-2.83333
1.72222
13.7778
31.8889
52.0556
71.9444
81.5556
72.2222
43.5556
15.0556
-1.27778
-4.77778
-2.61111
-2.27778
-5.77778
-15.1111
-21.6111
-20.5
-13.3889
-5.88889
-1.05556
0.611111
-6.11111
-23.7222
-43.4444
-55.3333
-46.3333
-26.8889
1.27778
5.83333
0.888889
-1.22222
2.5
15.6667
34.9444
50.5556
57.7222
61.2222
63.6111
58.0556
40.7778
21.1111
8.27778
1.72222
0.222222
-1.44444
-2.83333
-9.5
-17.1111
-21.0556
-20.1667
-14.1667
-7.33333
-0.777778
-3.61111
-27.8889
-59.5
-81.0556
-65.2222
-33.7778
3.44444
-2.38889
-2.55556
0.555556
12
33.5556
56.1111
63.8889
57.1111
51.5556
52.7222
51.4444
38.3333
21.1667
8.5
1.27778
-0.611111
-1.27778
0.111111
-1.72222
-6.5
-12.8889
-19.8333
-22.1667
-20.4444
-11.5556
-6.94444
-27.0556
-63.8889
-94
-78.8889
-39.0556
6.05556
-5.22222
-4.16667
3.27778
23.5556
53.8333
75.4444
73.0556
57.7778
47.6111
45.3889
39.6667
25.5556
12.0556
3.66667
-0.666667
-1.44444
-1.33333
1
0.666667
-1.27778
-6
-11.1667
-17.0556
-21.2778
-19.2222
-12.2778
-24.0556
-56.3333
-91.2778
-85.7222
-48.5
0.277778
-7.94444
-3.83333
13.1667
45.3333
77.6111
89.8889
77.1111
55.7222
39.2778
29.8333
21.3889
16.2778
14.2222
14.1111
9.77778
5.88889
1.33333
-0.944444
-5.5
-11.2778
-16.2778
-17.7222
-14.8889
-13.6111
-9.94444
-6.55556
-14.7222
-44
-79.8889
-87.0556
-59.9444
-14
-9.44444
6.16667
37.0556
77.5556
96.2778
89.9444
62.5
38.6667
26.2778
23.0556
22.7222
21.5
20.8889
18.8889
13.8333
8
1.77778
-3.66667
-13.2778
-22.3333
-25.8333
-21
-14.6667
-14.8889
-12
-3.83333
-1.16667
-21.7778
-58.3333
-77.7778
-66.2778
-30.2222
-5.11111
25.3889
66.8889
106.111
100.833
71.2778
34.8333
23.5
26.5556
29.1111
24.1667
17.1667
16.6667
20.1667
20.7778
16.7222
5.55556
-5.5
-19.4444
-27.2778
-28
-19.3333
-11.3889
-15.9444
-21.7222
-16
-0.944444
0
-26.3333
-57.8333
-69.3889
-50.4444
9.88889
50.7222
94.3333
119
86.3889
42.1111
13
24.7222
39.2222
39.7778
25
12.6667
4.44444
6.33333
9.33333
17.7222
7.72222
-3.94444
-19.9444
-18
-16.7778
-9.94444
-8.66667
-14.7222
-28.0556
-32.3333
-15.0556
7.27778
3.5
-30.8333
-67.6667
-73.3333
26.7222
72.2778
112.833
118.944
60.8889
13.2778
2.66667
39.6111
55.8889
45.0556
17.1111
2.66667
-8.94444
-5.72222
-0.722222
18.2778
8.27778
-2.88889
-20.7778
-9.66667
-7.5
-0.111111
-2
-5.83333
-26.1111
-44.2222
-35.3333
1.55556
21.6111
-6.38889
-63.2222
-93.6667
38.5556
88.3333
123.111
110.111
32.8889
-6
6.44444
57.8889
63.5
37.6667
3.66667
-6.05556
-17.6667
-12.1111
-6.38889
21.6667
8.33333
-2.66667
-23.1667
-3.38889
-2.77778
3.33333
1.38889
5.33333
-13.5556
-45.2778
-52.3333
-15.2222
24.6667
7.77778
-58.6111
-112.778
44.5
96.5556
122.278
95
9.72222
-11.5
17.1667
71.3333
62.7778
28.1111
-5.77778
-14.9444
-27.6667
-20.0556
-6.16667
29.3333
11.7778
-2.94444
-25.9444
2.5
0.888889
4.61111
0.444444
13.3333
-0.388889
-38.8333
-63.7222
-33.3333
16.3889
11.6667
-57.7222
-128.333
47.0556
96.0556
112.833
74.9444
-5.61111
-8.5
32.2222
82.7778
61.1111
21
-11.5556
-19.8889
-36.5556
-29.7222
-10.3889
35.1667
16.3333
1.44444
-20.3889
18
10.2222
0.944444
-12.1667
10.4444
8.05556
-31.6667
-72.3889
-50.5
4.5
10.4444
-58.7778
-138.833
46.8889
93.9444
104.611
58.8333
-18.3889
-5.77778
43
91.9444
60.7778
22.6111
-4.72222
-10.4444
-36.0556
-41.8889
-28.0556
23.6111
14.6667
7.16667
-11.4444
31.9444
16.9444
-1.44444
-25.5556
4.11111
10.8889
-24.7222
-73.9444
-60.6111
-4.38889
6.88889
-60.0556
-144.778
41.6667
88.2222
97.3889
51.7778
-24.1111
-6.5
45.1111
95.7778
65.5556
27.7222
-0.611111
-10.7222
-35.5
-44.7222
-29.5556
16.3333
12.9444
6.55556
-8.38889
34.2778
19.4444
0.444444
-26.3889
0.777778
8.44444
-26
-73.3333
-60.8889
-4.66667
5.33333
-61.3889
-146.111
35.5
82.3889
92.5556
50.4444
-26.1111
-9.61111
43.0556
97
67.7778
26.8333
-3.33333
-12.6667
-34.3333
-44.2778
-28
17.5
17.8889
6.5
-10.7778
27
16.2222
-0.333333
-23.6667
5.61111
11.6111
-23.8333
-71.2778
-56.1111
-2.27778
2.77778
-67.1111
-148.278
28
74.9444
90.0556
56.5
-22.1111
-18.6111
30.3333
89.9444
70.8889
25.3889
-12.9444
-24.9444
-34.6111
-33.2778
-9
29.8333
28.1667
5.05556
-19.6667
5.5
4.66667
2.77778
-6.61111
16.3333
10.2222
-29.8889
-69
-45.3333
1.5
-4.77778
-79.8889
-148
22.1667
68.5
90.0556
65.6667
-15.4444
-28.5
10.1667
76.2222
74.1111
37.9444
-4.61111
-21.2222
-30.1667
-24.4444
-2.27778
28.7222
27.7778
5.33333
-17
-0.277778
1.33333
2.38889
-5
8
-5.05556
-38.8333
-58.4444
-28.2778
3.66667
-22.4444
-97.8333
-144.722
16.8889
58.2222
85.8889
72.5
-2.5
-33.1667
-9.72222
56.1111
72.1111
50.7222
11.3333
-6.88889
-16.9444
-14.3333
0.222222
21.6667
23.1667
3.72222
-14.6667
-5.94444
-2.38889
-0.833333
-8.33333
-4.33333
-19.3333
-41.1667
-42
-10.8333
1.44444
-43.7778
-114.778
-138.667
11
44.6111
76.6111
79.0556
19.5
-26.2778
-26.5
26.0556
57.1667
55.3333
27.3889
9.33333
-2
-1
9.44444
21.8889
20.0556
0.5
-14.6667
-11.6111
-6.94444
-7.72222
-16.1111
-19.6667
-30.5
-36.6111
-22.7222
1.05556
-10.8333
-68.8333
-126.444
-127.167
6.88889
32.1111
64.4444
80.2222
42.6667
-7
-29.8333
-3.66667
28.5
42.4444
33.0556
22.8889
16.1667
17.1111
23
27.1111
19.8333
-0.777778
-15.6667
-20.2222
-18.4444
-21.6111
-25.6111
-27.3333
-28.8889
-23.3889
-8.22222
-3.61111
-36.6667
-92.8333
-127.722
-108
3.38889
19.8333
48.7778
73.6667
58.7778
17.5
-19
-19.0556
1.94444
23
27.6667
25.8333
28.5
35.8889
42.6667
35
19.2778
-3.88889
-20.8333
-33.0556
-32.2222
-29.2778
-25.3889
-26.1667
-23
-15.3889
-7.16667
-22.2778
-62.5556
-107.167
-117.278
-84.6111
2
9.88889
31.9444
57.8333
61.2778
35.6667
0.222222
-14.6667
-6.61111
12.6111
25.2222
29.8333
32.1667
32.8333
31.9444
21.7222
10.3889
-2.66667
-10.2222
-19.4444
-24.7222
-30.1111
-29.7778
-26.3889
-19.4444
-16.1667
-20.3889
-45
-80.1111
-106.889
-97.9444
-61.3333
1.05556
1.33333
14.8889
36.6667
52.7778
41
13.2778
-4.11111
-0.666667
14.3333
22.8889
26
25.7222
24.2222
20.7222
14.3889
7.5
-1.44444
-8.55556
-15.6111
-16.7778
-16.8889
-15.7222
-19.5
-23.7222
-31.7222
-42.3333
-64.6111
-85.6111
-91.7222
-71.2778
-39.2778
0.388889
-2.72222
2.38889
18.6667
38.2778
39
17.8333
-0.222222
4.5
24.1111
37.2222
33.0556
23.3333
13.1111
8.05556
6.27778
5.11111
3.55556
-0.611111
-4.11111
-9.55556
-16.1667
-25.3889
-32.4444
-37.3889
-42.6667
-55.8333
-73.9444
-83.4444
-71.1111
-44.2778
-19.4444
0.0555556
-3.94444
-5.38889
2.27778
17.0556
27.2778
20.5556
10.3889
10.5
20.8333
31
31
29.5
22.7222
16
12.0556
7.5
4.44444
-5.27778
-11.6111
-21.7778
-28.5
-34.1667
-34
-36.8333
-46.6667
-63.9444
-75.2778
-69.4444
-45.8889
-21.9444
-7.16667
-0.5
-5.16667
-11.8889
-13.8333
-7.5
8.16667
19.1111
24.5
25.2222
24.1111
21.3333
15.4444
12.9444
12.3889
13.1111
23.8889
25.1667
18.3333
-12
-28.2222
-33.3889
-24.3889
-23.2222
-27.2778
-39.7778
-55.2778
-66.7778
-63.0556
-44.2222
-23.1667
-9
-3.11111
-0.833333
-5.61111
-14.3333
-22.1111
-24.2778
-14.5
1.5
20.2778
35
37
27.8889
13.2222
3.16667
-0.944444
1.27778
27.2778
44
40.2222
-6.55556
-37.6111
-43.5
-27.9444
-23.5
-33.2778
-49.1667
-59.7778
-56.5556
-39.8889
-21
-8.94444
-3.94444
-1.22222
-1.22222
-5.16667
-13.7222
-23.6667
-31.8889
-29.8889
-19.7222
2.72222
28.7222
44.7222
40.1667
21.4444
3.66667
-5.16667
-1.05556
37.8333
66.8333
61.3333
-7.22222
-57.8333
-65.1111
-41.1111
-31.7222
-42
-51.3333
-47.7222
-33.3333
-17.7778
-8.44444
-5.5
-3.77778
-1.38889
-1.16667
-4.94444
-12.7778
-21.9444
-30.1111
-29.5556
-23.2778
-9.22222
10.8333
26.3889
31.3889
20.5
8
-2.66667
2.72222
51.0556
90.5556
81.7222
-8.83333
-82.0556
-94.3333
-64.6667
-43.1111
-38.1667
-30.2778
-16.6667
-9.77778
-6.66667
-8.22222
-7.83333
-6.16667
-3.38889
-1.78125
-2.53125
-3.03125
-0.96875
4.1875
13.375
23.2813
29.5
35.1875
41.125
46.7813
51.9375
54.9688
53.1875
48.4375
45.25
45.5313
48.1875
50.5313
49.2188
43.9063
37.0625
28.6875
17.6875
2.5
-16.25
-34.125
-47.0625
-56.3125
-62.3438
2.53125
-0.0625
-0.5625
3.46875
11.375
20.4688
26.875
30.7813
34.5938
38.75
40.4688
39.7188
35.4688
28.9688
24.5313
24.3438
29.8125
39.4063
49.125
54.875
56.3438
54.4063
49.0625
37.375
17.0313
-7.53125
-28.7813
-45.9063
-58.375
-64.5313
3.78125
1.125
3.4375
11.2188
22.3438
31.75
35.1875
36.625
38.7188
39.5938
34.4688
24.8438
12.4063
1.15625
-3.40625
-1.53125
4.75
13.8438
25.0625
35.8438
43.1563
46.8438
47.8125
42.0313
25.4375
4.53125
-13.6563
-32.6875
-47.4688
-54.2813
-0.3125
0.53125
8.6875
21.2813
35.5313
44.3125
45.25
45.5625
46.4063
43.625
33.625
20.4063
7.15625
-0.15625
2.03125
7.59375
13
15.8125
18.7188
23.25
29.8125
34.75
40.1875
42.25
34.5
23.7813
15.4063
2.15625
-11.75
-20.3438
-5.78125
1.9375
15.625
30.1563
42.5
48.7813
51.3125
54.4375
54.9063
47.7813
35
23.3438
16.2188
16.5313
22.0625
28.0313
31.7188
30.7813
27.9375
24.9688
24
25.4688
30.9688
37.8125
36.1563
32.7188
30.5313
26.4063
21.375
16.4688
-5.1875
8.9375
23.375
34.625
43.4375
50.125
55.8125
59.2188
56.1563
46.3438
37.9375
34.5313
36.2188
41.0625
47.0625
52.2188
54.25
50.9375
44.9688
38.6875
31.5
25.5938
24.875
30.4375
35.7813
40.0625
42.5938
44.2188
47.0938
48.3438
3.34375
20.1875
31.2813
37.6563
44.4375
52.0313
59.5938
59.3125
51.5938
41.3125
39.7188
44.7188
50.4375
54.7813
57.2188
57.3125
55.5625
53.9063
50.4063
45.375
38.0938
27.75
21
22.7188
34.625
45.1875
50.9063
55.7813
62.3125
68.6875
16.8125
31.125
35.5
38
43.8438
51.9063
57.1875
48.625
34.25
25.3438
28.9063
36.2188
39.0625
38
34.7188
31.6875
29.4688
31.0938
33.75
35.2188
32.4063
23.9688
15
12
25.2188
40.625
48.0313
51.4063
56.875
63.5313
32.8125
40.2188
39.4375
41.5
48.4063
55.4688
53.0625
34.7813
18.8438
15.5313
18.9375
21.625
18.125
11.9375
6.03125
2.3125
-0.03125
2
7.84375
13.6563
17.9688
15.7813
10.5938
4.75
14.8438
32.5625
43.9063
43.6563
41.1875
40.4688
42.4375
42.9688
40.0625
43.5938
49.7813
52.625
42.6875
20
8.84375
9.5625
7.78125
3.0625
-5.1875
-12.9688
-20.9375
-24.5
-26.9688
-25.375
-18
-11.7188
-3.1875
2.65625
5.1875
0.3125
4.375
19.5938
32.875
29.9375
19.3125
8.875
43
38.0938
34.9375
39.6563
43.3125
41.9063
26.5313
7.6875
4.125
7.96875
0.125
-9.84375
-18.5625
-24.6875
-32.25
-31.7188
-28.4375
-26.4063
-19.5625
-16.5625
-8.5625
2.53125
11.625
5.65625
-2.59375
4.4375
17.0313
12.875
-2.5625
-21.5
40.25
32.9375
30.9375
35.25
35.4063
30.9688
16.625
7.5625
14.9375
20.375
9.34375
-2.84375
-9.0625
-12.9375
-21.25
-20.5
-17.3438
-13.7188
-8.03125
-8.125
-2.78125
8.90625
20.9063
14.1875
-0.90625
-4.1875
5.59375
1.59375
-14.4063
-35.375
32.5938
24.8438
23.2188
24.625
22
17.1563
8.90625
7.75
18.4063
20.375
10.3125
1.15625
-2.0625
-4.6875
-14
-13.5313
-10.3125
-4.25
1.25
0.3125
3.03125
11.7188
22.2813
16.5938
3.0625
-5.125
-0.28125
-4.40625
-17.125
-33.4688
25.2188
17.5
15.3438
14.75
11.5
7.6875
3.84375
7
16.7813
17.4063
10.9688
3.9375
2.5
1.28125
-6.09375
-5.5625
-2.3125
3.96875
6.84375
6.90625
7.9375
12.5938
20.375
15.5938
5.40625
-3.40625
-0.84375
-4.09375
-12.4375
-22.9688
19.8438
12.875
9.0625
6.28125
3.25
0.6875
1.0625
4.28125
10.8438
10.75
11.1563
5.8125
5.625
5.6875
1.09375
0.53125
0.8125
5.59375
4.65625
7.1875
7.09375
7.9375
11.1563
8.9375
5.4375
0.25
0.4375
-1.5
-5.21875
-9.03125
14.875
8.53125
2.53125
-1.46875
-3.6875
-5.28125
-4.46875
-4.65625
-3.34375
-1.53125
2.03125
-2.03125
-1.84375
-1.09375
-1.4375
-2.6875
-3.5
-3.59375
-6.53125
-1.90625
-2.21875
-3.28125
-3.84375
-2.125
-0.09375
0.625
0.125
-0.90625
-1.21875
-0.78125
11.4375
6.40625
-1.46875
-7.5625
-9.59375
-10.6875
-11.5313
-16.0313
-21.6563
-19.875
-12.7188
-13.3125
-12.4375
-10.8438
-4.78125
-5.65625
-7.03125
-10.75
-16.0313
-10.9688
-11.5
-14.5
-19.5
-14.25
-6.6875
-0.71875
-3.78125
-4.96875
-3.71875
-0.6875
8.1875
5.875
-2.46875
-11.5313
-15.5938
-16.6875
-14.875
-19.625
-31.0625
-32.1875
-21.7188
-14.9688
-11.6563
-9.71875
-0.46875
-1.0625
-0.5625
-2.875
-7.65625
-5.03125
-6.9375
-13.0625
-23.25
-17.1875
-6.40625
-0.90625
-11.3125
-14.3125
-11.5313
-5.625
3.65625
4.625
-2.34375
-13.5625
-20.75
-23.375
-20.3125
-22.1875
-35.9688
-39.5625
-30.5625
-16.9063
-10.3438
-6.875
4.875
4.53125
5.21875
2.96875
0.40625
-0.96875
-5.40625
-14.3438
-26.9688
-20.0938
-6.9375
-4.6875
-20.5
-25.5
-21.25
-13.9688
-3.09375
2.28125
-1.21875
-14.7813
-25.9688
-31.1563
-26.9688
-22.6875
-36.1875
-44.75
-34.8125
-14.75
-3.96875
2.875
16.0625
18.2188
20.0313
20.375
17.2813
10.6563
3.0625
-9.3125
-22.6875
-17.5
-6.5625
-12.8125
-34.8125
-40.0313
-34.0938
-24.8438
-11.5313
-2.78125
-0.46875
-10.5313
-24.7813
-33.8125
-29.375
-16.7813
-20.375
-27.2813
-21.1875
-4
10
20.2188
30.6875
34.875
37.4063
37.4063
31.625
20.75
10.0938
-1.8125
-10.1875
-8.90625
-10.5938
-28
-48.1563
-50.0313
-41.5938
-32.8438
-21.2813
-13.1563
-6.15625
-9.53125
-21.5625
-33.9063
-35.875
-22.6875
-18.7813
-24.4063
-26.5625
-18.8125
-7.46875
5.15625
16.375
21.8125
20.4688
15.9688
8.3125
-4.3125
-14.7188
-20.1563
-21.5938
-21.4063
-29.5313
-46.9688
-57.625
-54.0938
-45.3125
-41.8125
-26.5938
-22.8438
-14.4375
-12.3125
-18.3125
-29.625
-36.5313
-28.2813
-21.5938
-26.7188
-35.0313
-38.5313
-36.4688
-28.6875
-20.25
-14.5
-15.4688
-19.9375
-27.1563
-35.1875
-37.7188
-34.4688
-31
-32.9063
-47
-61.9063
-63.9063
-57.75
-52.875
-53.4375
-27
-31.5625
-27.4375
-22.9063
-24
-30.375
-37.1875
-35
-27.5313
-28.5
-39.7188
-51.5938
-58.1875
-59.9688
-58.9688
-56.4375
-57.625
-60.7813
-61.7813
-59.75
-53.5625
-44.9375
-39.8438
-44.875
-60
-67.9375
-64.8125
-61.2188
-60.5625
-61.6875
-23.4688
-35.5938
-40.6875
-40.8125
-40.125
-42.5
-45.5625
-45.125
-38.9063
-36.0313
-42.6875
-53.5938
-65.0938
-72.9688
-79.5
-82.875
-85.0938
-84.375
-77.125
-68.125
-58.5
-50.125
-50.1563
-59.1563
-68.1563
-70.4688
-68.375
-67.1875
-66.5938
-65.0313
-15.7188
-31.5
-45.2813
-54.5313
-56.9063
-56.9375
-57.125
-57.5938
-52.7188
-44.2188
-40.9063
-43
-51.6875
-61
-71.1563
-75.0625
-74.4375
-71.75
-64.375
-54.8125
-47.1563
-48.0938
-55
-66.4688
-74.1563
-75.6563
-73.9063
-72.5625
-69.4375
-59.125
-10
-25.2188
-42.2813
-57.3438
-67.125
-69.9375
-69.3125
-69.8438
-66.5
-57.0313
-48.8438
-43.9688
-43.0313
-42.6875
-49.8125
-53.9375
-54.25
-52.2188
-46.8438
-41.9375
-44.4688
-59.2188
-70.7813
-79.875
-81.6875
-80.0938
-77.1563
-71.9063
-60.375
-42.5313
-6.0625
-16.25
-30.0313
-45.0313
-58.4063
-68.7188
-74.0313
-77.9063
-77.4688
-72.5625
-66.375
-60.6563
-53.9063
-38.4688
-33.625
-34.1875
-34.625
-35.75
-38.4688
-43.5938
-55.4688
-77.0313
-90.7813
-94.25
-91.1563
-85.0938
-74.6563
-59.9688
-40.9375
-23.2188
-3.125
-8.84375
-17.0313
-27.5
-38.7813
-51.3125
-66
-79.5313
-88.9063
-93.5313
-95.1563
-94.875
-89.4063
-67.9375
-49.75
-45.4063
-45.3438
-49.625
-57.1875
-64.75
-74.5625
-95.5938
-106.313
-98.9688
-87.5938
-72.5313
-54.4375
-36.0313
-19.2813
-5.59375
-2.0625
-3.90625
-5.53125
-8.96875
-15.75
-26.25
-40.0625
-54.625
-69.1563
-83.5313
-96.8125
-108.375
-110.938
-92.0938
-72.9375
-72.4688
-73.875
-74.8125
-75.125
-74.0313
-75.2813
-88.375
-94.0313
-78.5938
-60.375
-41.9375
-25.5313
-10.8125
0.96875
7.09375
14.7188
4.21875
-5.34375
-6.84375
-1.4375
16
44.4688
71.25
91.1875
90.625
67.5938
40.125
15.9063
2.0625
-0.4375
-1.5
-7.21875
-16.125
-23.3438
-26.4688
-19.7188
-7.25
1.0625
5.625
2.5
-7.6875
-17.125
-22
-22.5
-14.6563
11.0938
1.25
-4.25
-0.15625
13.1875
35.7188
61.6875
80.7813
89.7188
81.6875
56.9688
31.7188
11.4063
-0.46875
-2.21875
-4.09375
-11.0625
-20.2188
-27.25
-28.6875
-18.6563
-3.59375
6.375
9.5625
-0.59375
-18.6563
-34.9063
-42.4688
-38.3125
-22.9063
3.90625
0
4.125
17.2188
34.9688
54
69.375
76
77.8438
70.5313
51.5938
33.7188
17.3438
4.84375
1.09375
-3.15625
-12.0625
-22.1563
-30.5
-33.7813
-25.2813
-9.28125
3.8125
10.7813
0.1875
-23.7813
-48.0313
-63.1875
-57.6563
-34.7813
-0.25
5.40625
19.5625
37.9688
54.2813
64.125
67.8125
67.625
68.9063
66
52.5
37.9688
21.4688
7.46875
2.46875
-2.78125
-10.0625
-18.5625
-26.4688
-31.8125
-29.9375
-19.625
-8.25
1.75
-4.8125
-27.2188
-54.7813
-76.7188
-72.9375
-46.7813
2.03125
16.375
35.375
54.3438
65.5
66.5938
65.75
64.8125
67.6563
66.7813
53.5
37.9063
20.5313
6.71875
2.375
-1.28125
-5.78125
-11.5313
-18.1875
-25.7813
-30.5
-28.2813
-22.9063
-13.75
-15.9688
-32.7188
-56.4063
-78.7813
-77.625
-51.9688
10.5625
29.5625
50
66.0625
71.1875
69.125
67.3125
66.4688
67.6563
62.7813
47.0625
30.2813
14.4063
3.375
0.875
-0.34375
-1.6875
-3.75
-7.84375
-15.4375
-24.25
-30.4063
-33.1875
-29.4375
-30.0313
-39.3125
-55.4688
-72.9688
-72.9688
-50.9688
22.7188
43.8125
65.0938
74.7813
75.8125
72.6563
68.4688
65.5
60.5313
49
31.9063
17.8438
7.1875
1.40625
0.40625
-1.0625
-4.4375
-6.90625
-8.15625
-10.4375
-11.9688
-17.6875
-25.1875
-29.0313
-34.3125
-40.25
-50.5938
-65.0313
-68.375
-53.625
33.5625
57.125
80.375
85.3125
83.3438
76.9688
65.25
55.1875
41.125
25.9063
15.1563
12.8438
14.8125
16.4375
14.0313
5
-7.15625
-18.4688
-22.3125
-20.4063
-13.0938
-7.90625
-9.6875
-13.875
-24.1563
-33.25
-45.0938
-61.7813
-68.1875
-61.9688
46.25
73.3438
95.3125
93.5625
85.1563
71.7188
55.125
43.1563
30.8438
20.7188
13.6875
15.3125
17.9375
17.9375
16.3438
6.6875
-5.84375
-18.4375
-24.4688
-25.4688
-20.1563
-12.9063
-10.8438
-10.125
-17.2813
-24.0625
-35.5938
-54.9063
-64.75
-68.9688
61.8125
91.4688
106.625
92.3438
75.9063
58.0625
45.75
41.1875
34.7188
27
15.8438
13.9375
13.375
11.3438
12.5
6.125
-4.40625
-14.25
-18.625
-22.6563
-20.5
-17.2188
-19.3125
-18.4375
-21.9375
-21.0938
-23.9375
-40.5625
-54.8125
-71.625
78.4375
105.469
109.313
81.5938
61.5
46.6563
44.1563
48.375
42.8125
30.3438
9.9375
2.84375
1.0625
0.875
7.5
4.65625
-3.0625
-8.96875
-9.375
-12.9375
-10.9375
-12.8438
-22.1875
-26.9688
-32.8438
-25.75
-18.2813
-26.8125
-42.125
-70.5625
90.875
111.5
104.875
66.875
48.2188
41.4063
48.125
56.5625
46.1875
24.3125
-3.28125
-11.3438
-9.4375
-2.625
7.6875
7
-0.78125
-7.09375
-3.71875
-6.5
-1.96875
-3.78125
-18.0938
-28.6875
-40.5938
-33.8125
-18.9688
-20.1563
-33.5938
-69.6875
97.6563
111.406
97.4063
52.25
38.75
41.2188
52.3438
60.875
44.0938
14.5
-16.25
-22.1563
-16.5
-4.5
9.0625
10.1563
2.1875
-5.5
-0.125
-3.75
3.15625
3.90625
-11.4063
-24.4688
-43.6875
-40.9375
-24.2813
-22.6563
-32.1875
-72.5313
97.9688
106.875
86.0938
38.125
33.375
42.5
57.4063
64.0625
41.5938
9.21875
-23.5938
-28.9375
-21.8125
-9.53125
6.15625
11.9375
4.1875
-3.09375
3.59375
-3.21875
4.9375
8.28125
-4.8125
-17.1563
-42.3438
-45.6563
-31.9688
-31.9063
-37.3125
-77.3438
92.2813
98.1875
72.875
27.9688
31.375
45.5625
64.1875
68.0313
41.3438
7.5625
-26.4063
-32.8125
-25.375
-14.0625
1.40625
13.1563
8.6875
4.15625
12.9688
0.375
3.46875
5.3125
-6.84375
-16.3125
-42.9375
-49.6875
-38.9375
-40.6875
-42.6563
-81.8438
86.125
90.5313
63.4063
21.3438
29.5625
46.5938
68.2813
71.2188
44.7188
12.2813
-24.2188
-33.7813
-30.4688
-23.4688
-5.4375
11.125
10.3125
10.4688
17.5313
2.53125
2.78125
1.59375
-7.71875
-15.625
-41.3438
-48.375
-40.6875
-44.5938
-47.4688
-87.7188
80
84.2188
60.4063
17.75
24.7813
43.625
64.9688
70.0313
42.4063
6.125
-28.6563
-35.1875
-26.0625
-12.1563
5.09375
16.1563
8.90625
2.6875
7.84375
-1.21875
5.3125
7.9375
-1.8125
-14
-41
-48.0313
-40.7188
-44.8438
-52.0938
-93.75
75.3125
80.625
61.2813
17.4063
18.5313
36.375
58.3125
68.9375
46.25
9.5625
-24.2188
-32.2188
-21.3438
-3.53125
10.9688
19.625
10
0.4375
4.53125
-2.40625
3
3.1875
-7.8125
-21.4375
-42.4063
-44.4063
-38.25
-44.4375
-60.2188
-102.875
69.5938
76.875
61.9688
20.375
13.0625
26.6875
49.125
65
52.0313
20.3125
-11.5
-22.9688
-15.6563
0.8125
11.875
19.4688
9.71875
-0.96875
1.59375
-4.78125
-1.90625
-4.53125
-16.3438
-28.5313
-40.75
-37.875
-33.6875
-44.3125
-69.8125
-112.219
63.1563
73.9688
63.2813
26.3438
11.0938
15.9063
35.6563
55.125
53.3125
33.125
7.0625
-7.125
-5.34375
3.75
10.6875
16.7813
7.53125
-1.75
-2.46875
-9.90625
-10.125
-15.5625
-25
-31.5625
-35.9375
-30.8125
-31.5625
-49.9688
-81.5313
-118.719
55.7813
69.8438
65.7188
35.5938
14.7188
9.875
20.6875
37.4688
44.8125
37.2188
22.625
12.875
11.125
13.2813
13.625
14.625
4.53125
-5.46875
-11
-19.125
-22.0938
-26.875
-28.25
-29.0313
-29.4688
-25.625
-36.5313
-61.6563
-91.6563
-120.969
46.2188
62.1563
66.0313
45.1563
23.5625
11.5313
11.4375
19.9375
28.5313
28.4063
25.125
25.3125
27.0938
29.6563
25.8125
16.625
0.59375
-15.0938
-25.5625
-29.5
-29.1563
-27.5938
-23.2188
-23.5938
-24.5313
-28.2813
-46.9375
-72.0938
-99
-118.563
36.5938
52.0313
60.625
48.25
29.9375
16.75
10.4063
12.5313
16.6563
16.9688
18.4688
24.5313
30.4688
34.875
32.125
17.4375
0.15625
-16.4375
-30.0313
-28.9375
-25.2188
-20.9063
-15.9375
-21.2188
-28.25
-39.2813
-60.5313
-81.875
-102.5
-111.625
26.6875
40.5625
50.5
43.7188
27.6875
17.0625
12.9375
17.75
22.9688
20.25
19.4063
21.5938
26.5625
32.7813
29.9688
16.1875
0.1875
-14.0938
-23.3438
-20.1875
-15.6875
-17.0625
-22.1563
-34.5625
-46.4375
-55.8125
-71.5
-85.8438
-99.125
-99.5
16.6563
28.9063
38.125
37
23.9375
12.875
14.5
25.5
41.2188
47.2188
39.875
29.1563
18.9063
13.8438
11.4375
7.9375
4.15625
-0.25
-5.5
-11.8125
-22.4375
-37.0625
-48.5938
-57.0313
-59.4688
-61.9688
-72.375
-82.8125
-91.0938
-84.0313
6.96875
16.375
23.9688
28.7813
21.3438
11.125
11.9375
20.0938
37.7188
51.0313
50.1563
43.625
30.25
19.8125
13.4688
6.875
2.625
-5.1875
-14.5
-25.625
-39.0938
-49.9688
-54.8125
-56.2188
-56.4063
-60.2813
-70.2813
-78.25
-78.1875
-64.875
-1.25
4.09375
10.3438
17.7813
18.9375
13.1875
11.5625
14.5313
25
36.3438
39.2813
38.1563
30.7188
27.875
25.125
17.875
9.6875
-10.2188
-26.9688
-38.0625
-47.2188
-48.6563
-46.7813
-47.75
-52.75
-59.8438
-68.9688
-72.2188
-62.5625
-45.0313
-6.5625
-6
-2.65625
4.15625
11.5938
12.3438
12.3438
12.3438
16.4688
23
25.125
27.6563
25.9688
32.6563
37.75
31.75
20.625
-12.0625
-38.7813
-48.4688
-52.9063
-44.5313
-37.0938
-42.0625
-51.3438
-59.4063
-65.4063
-60.4063
-44.5625
-27.7813
-9.0625
-13.0938
-15.4688
-12.375
-2.65625
5.5
14.25
18.5313
18.9063
18.8438
13.8438
12.3125
14.5313
30.875
46.0625
44.9688
32.5938
-10.375
-45.1875
-53.4375
-53.5
-38.6563
-31.0625
-40.6563
-51.0938
-57.6563
-56.25
-44.2813
-29.5938
-15.9688
-9.3125
-16.3438
-23.3438
-25.5313
-17.25
-3.9375
12.875
25.6875
27.0938
21.5313
8.6875
-1.125
0.125
23.9688
48.5625
55.4688
47.0625
-2.8125
-45
-55.5313
-57.6563
-42.25
-33.8438
-42.5313
-49.9375
-49.125
-41.6563
-30.25
-18.5938
-10.4688
1.33333
1.125
-1.83333
-5.625
-7.91667
-5.66667
0.416667
6
11.5417
15.2917
15.0417
9.54167
0.541667
-7.33333
-12.5417
-16.4583
-19.9167
-24.3333
-32.625
-37.25
-41.5417
-40.5
-35.9583
-28.2917
-16.0417
-6.54167
2.75
7.5
9.625
10.375
12.5
14.9583
-6.33333
-9.54167
-11.625
-11.125
-6.08333
2.16667
8.95833
11.4167
10.3333
4.375
-3.91667
-11.0417
-13.1667
-10
-5.20833
0.583333
2.25
-4.5
-15.2917
-26.875
-39.1667
-48.5
-48.375
-37.625
-22.7083
-7.66667
8.95833
20.6667
20.4583
14.5417
8.375
2.41667
-10.2917
-11.3333
-8.79167
-2.04167
5.79167
9.41667
5.29167
-3.20833
-9.5
-14.375
-14.875
-6.16667
11.7917
31.5
44.75
53.9167
58.7083
56.6667
52.125
40.5417
25.9583
6.125
-8.79167
-13.5
-14.9583
-9.54167
-1.625
10.5833
14.5
13.1667
7.83333
-0.708333
-5.875
-2.25
3.91667
10.4583
9.58333
-1.125
-17.3333
-28
-27.1667
-19.2917
-3.58333
17.3333
37.875
47.2083
43.875
36.9167
32
35.0417
44.0833
54.4167
62
59.8333
44.7917
24.7917
1.04167
-19.0833
-34.375
-38.3333
-30.375
-18.7083
-9.20833
-4.95833
3.5
8.91667
13.1667
10
-3.875
-20.625
-29.0417
-25.4167
-16.75
-3.79167
12.375
21.375
16.2917
-2.5
-22.375
-38.3333
-47.875
-45.9167
-36
-15.5833
7.25
29.875
40
32.9167
15.7083
-9.54167
-28.4167
-45.9583
-49.2917
-41.2083
-28
-14.2083
10.7083
13.125
9.58333
-4.5
-18.375
-19.9167
-8.16667
3.875
8.33333
14.375
13.4583
-1.08333
-26.5417
-46.875
-54.1667
-56.5833
-56.1667
-56.5833
-57.2083
-53.7083
-46
-30.2917
-7.45833
9.75
20.125
16.875
11.625
0.333333
-15.1667
-26.5417
-30.2083
-23.2083
11.75
8.41667
-3.33333
-17
-14.5833
1.75
16.2917
19.2083
17.2083
14.2083
-1
-21.2917
-34.75
-31.875
-20.0833
-8.83333
-1.125
-1.08333
-6.5
-18.6667
-29.5833
-36.25
-31.7917
-16
3.79167
20.5833
21.625
19.9583
10.5
-8.41667
-26.6667
-34.5
5.29167
-5.08333
-18.8333
-18.25
-1.29167
12.625
13.4167
9.70833
10.75
2.45833
-12.5
-17.7917
-8.45833
7.125
19.5417
28.9583
33.5417
34.1667
31.9167
22.375
10.0833
-4.29167
-17
-19.875
-12.6667
3.95833
6
5.91667
6.79167
-1.54167
-16.375
-31.5417
-5.29167
-21.2917
-27.0417
-12.875
-0.25
-0.791667
-7.04167
-1.33333
5.16667
-2.33333
-5.625
2.95833
16.2083
24.1667
24.4583
23.1667
21.6667
22.7083
28.25
32.3333
30.5833
24.3333
13.5833
2.25
-6.66667
-6.04167
-3.58333
-3.95833
-1.41667
3.625
3.45833
-3.375
-13.125
-22.1667
-13.9167
-1.25
-1.70833
-7.41667
-8.20833
3.79167
5.83333
5.20833
14.9167
26.9167
33.375
30.6667
23.5833
15.7083
12
12.125
17.75
27.9167
34.5
37.4583
32.2917
21.8333
8.25
-2.79167
-0.125
1.41667
4.20833
16.4583
27.5833
33.2917
-15.7083
-6.54167
8.5
12.375
9
6.29167
11.875
11.6667
5.91667
9.16667
17.875
24.5
29.25
25.375
19.625
15.125
15.8333
13.3333
2.04167
1.54167
9
14.5833
11.6667
6.75
7.33333
3.91667
7.20833
10.0417
15.4167
28.375
41.0833
50.1667
-13.4167
1.91667
12.6667
12.4583
11.7917
10.0833
16.125
6.41667
-3.29167
-6.41667
-11.375
-15.8333
-15.125
-15.4167
-13.9167
-6.875
1.91667
1.91667
-14.375
-26.9167
-25.9167
-22.9583
-21.5417
-16.7917
-6.54167
2.25
6.08333
8
10.7083
16.5
24.25
29.25
-4.83333
2.625
6.75
5.41667
3.95833
4.29167
5.625
-0.25
-9.58333
-14.4583
-19.7917
-27.0417
-34.7083
-34.9583
-27.8333
-18.9583
-14.5
-12.5417
-9.20833
-14.5833
-20.9583
-22.0833
-16.7083
-9
-8.41667
-4.04167
-1
1.91667
-1.33333
-5.58333
-5.70833
-6.375
5.25
7.79167
7.29167
5.625
2.83333
5.83333
1.5
-0.583333
-2.125
0.291667
6.25
8.5
0.333333
-2.25
0.208333
-2.54167
-10.1667
-14.2083
-1.33333
6.25
2.33333
1.29167
5.79167
8.16667
2.375
-2.91667
-4.04167
-0.583333
-3.70833
-10.5
-15.1667
-17.875
9
10
6.70833
5.5
4.29167
6.45833
1.25
0.791667
6.5
10.7083
15.75
21.7083
19.375
18.2083
14.9167
8.16667
1.125
-5
-0.166667
4.875
6.375
7.41667
9.5
8.625
7.41667
2.375
-1.54167
-1.375
-0.75
-4.08333
-8.29167
-9.5
6.125
4.875
1.125
0.583333
2.83333
2.625
1.70833
2.66667
7.75
8.375
4
-0.25
0.708333
4.20833
1.875
0.166667
0.875
5.16667
4.29167
0.791667
3.08333
3.58333
4.25
3.66667
5
3.95833
0.666667
-1.45833
1.41667
0.208333
-2.95833
-4.95833
3.5
1.29167
-1.83333
-1.83333
2.33333
1.375
2.875
3.95833
6.70833
5.625
-2.16667
-13.4167
-15.2917
-11.0417
-11.7083
-10.5417
-7.83333
3.54167
5.375
0.875
2.66667
2.33333
2.70833
2.375
3.16667
3.625
1.29167
-1.125
1.75
-0.0833333
-3.41667
-6.79167
5.54167
4.20833
0.791667
0.208333
2.625
3.70833
1.70833
2.58333
6.95833
8.29167
5.83333
2.625
1.04167
-0.708333
-2.625
-2.83333
-4.29167
0.125
2.5
4.91667
6.33333
5.58333
6.79167
4.45833
5.625
4.79167
1.95833
-0.875
0.875
-1.29167
-5.08333
-5.45833
6.29167
6.04167
1.875
0.416667
-0.583333
3.41667
-0.208333
0.0416667
7.95833
15.125
22.7917
29.75
34.2917
26.8333
22.5833
16.625
6.91667
2.41667
2.25
14.2917
14.875
13.0417
16.125
12
9.04167
4
0.375
1.625
4.66667
4.08333
3.29167
6.41667
2.45833
3
-0.166667
-2.91667
-5.41667
-0.458333
1.45833
0.375
2.95833
7.75
17.1667
20.5417
15.6667
8.83333
9.16667
5.25
-5.91667
-15.75
-12.0417
-3.29167
-8.875
-10.4583
-4.45833
2.375
-0.0833333
-2.83333
-0.416667
8.41667
12.6667
11.5
14.375
17.2083
-1.625
2.41667
3.41667
-0.791667
-2.625
-1.875
5.625
2.91667
-6.83333
-14.25
-20.1667
-29.625
-45.8333
-48.4167
-39.875
-29.25
-22.1667
-26.5833
-26.75
-36.0833
-44.0833
-42.25
-36.625
-19.5417
-11.125
-3.75
3.33333
9.875
7.66667
5.66667
8.58333
10.7083
-2.625
5.70833
11.3333
7.83333
5
1.08333
6.16667
3.08333
-3.95833
-8.58333
-19.875
-29.0833
-31.9583
-32.6667
-31.2917
-22.125
-3.83333
4.125
-3.04167
-14.4167
-11.1667
-4.5
-4.75
-2.95833
1.29167
5.04167
7.70833
4.75
-4.125
-2.25
0.291667
2.5
-0.916667
2.58333
10
9.5
2.125
-3.83333
-5.04167
-3.75
-0.333333
9.75
17.9583
25.5
35.7917
34.7083
23.9583
15.0833
17.75
23.0417
21.25
25.1667
37.2083
43.3333
37.6667
24.0417
14.0833
6.79167
9.45833
5.95833
1.45833
5.875
9.58333
9.20833
0.333333
-5.70833
0.791667
6.66667
0.833333
-9.04167
-15.0833
-10.0833
-9.875
-2.45833
16.0833
36.9167
48.5417
50.9167
44.9167
32.4167
21.5417
17.9583
22.0417
31.875
38.7917
36.875
29.5833
16.2083
4.58333
2.54167
7.58333
7.41667
9.875
14.7083
17.0833
7.875
0.208333
-6.5
-4.04167
7.70833
16
11
0.791667
-0.333333
-6.29167
-15.5833
-13.375
1.41667
18.9583
32.0833
40.7083
44.0417
39.1667
36.75
38.6667
38.9583
30.7917
18.0417
5.875
-5.875
-7.29167
1.95833
2.33333
2.04167
7.79167
11.7917
4.125
-11
-0.333333
-2.70833
-5.91667
2.625
20.7083
33.9167
31.1667
22.4583
15.5417
-3.04167
-22
-33.3333
-23.4583
-3.83333
14.5
33.0833
41.375
42.2917
35.8333
20.7083
1.08333
-16.8333
-30.0417
-24.9583
-9.625
1.16667
1.16667
4.5
9.66667
1.70833
-14.0833
-18.5417
-0.666667
-1.625
-6.75
-8.45833
0.333333
19.3333
34.9167
34.6667
27.9583
14.8333
-7.95833
-37.4583
-58.125
-58.4583
-47.7917
-36.3333
-25.125
-24.375
-32.7083
-46.375
-54.75
-54.125
-43.125
-15.75
4.16667
10.5417
13.3333
14.1667
5.25
-12.4583
-18.7917
-10.2083
-0.0833333
-1
-4.5
-12.3333
-18.5833
-16.7917
-2.33333
13.2083
20
26.625
22.1667
8.125
-20.25
-48.125
-64.25
-79.2917
-80.4167
-80.5833
-78.625
-68.8333
-47.4583
-16.0417
15.375
32.375
36.3333
31.25
20.5833
4.91667
-15.0417
-20.0417
-12.4167
-4.33333
0.583333
0.5
-0.666667
-4.66667
-14.5
-27.625
-33.875
-23.125
-0.541667
23.4583
45.75
65.5833
71.6667
57.4583
30.5417
1.16667
-16.2083
-17.0417
-6.125
15.8333
42.125
68.2917
76.9167
60.625
40.2917
18.4167
-3.45833
-20.5833
-24.4583
-14.625
-5.79167
-2.95833
0.166667
0.833333
1.91667
1.875
-3.5
-13.0833
-24.4167
-29.375
-20.4583
-6.66667
18
47.375
75.9583
95.1667
96.5
87.875
71.5
70.125
74.7083
75.7083
68.3333
59.0833
42.9167
15.6667
-10.2083
-27.375
-31.8333
-28.0417
-15.1667
-6.83333
-3.16667
-2.25
-0.0416667
-0.208333
-1.25
-4.125
-5.04167
-4.29167
-5.20833
-11.9167
-21.6667
-27.8333
-29.3333
-27.1667
-19.375
-3.95833
14.9167
31.25
32.7917
32.3333
25.5417
9.91667
-11.7083
-33.2083
-42.2917
-48.375
-50.25
-44.5833
-31.75
-18.2917
-8.95833
-5.375
-3.375
-1.45833
0.333333
-0.916667
-4.875
-7.95833
-7.375
-5.5
-5.79167
-10.375
-18.4583
-28.125
-42.125
-56.7083
-67.1667
-70.4167
-64.375
-49.8333
-38.4583
-38.0833
-43
-47.9583
-51.875
-61.25
-62.8333
-53
-39.7917
-27.875
-19.0417
-12.3333
-9.20833
-6.08333
-3.08333
0
12.2083
15.75
5.16667
-6.75
-7.04167
0.708333
2.91667
-6.5
-25.8333
-27.4583
3.66667
25.2917
16.4167
6.04167
4.20833
1.54167
0.333333
6.66667
16.625
17.125
-0.416667
-20.625
-23.2083
-16.6667
-6.79167
8.83333
15
10.625
9.375
3.625
-10.5
-10.5417
6.29167
9.45833
3.75
-0.25
0.291667
1.41667
-1.79167
-15.7083
-36.2917
-29
14.0833
37.7083
23.3333
7.75
1.66667
-2.79167
-2.5
4.375
12.8333
13.5
-0.791667
-15
-12
-7.875
-8.33333
1.45833
10.5833
9.91667
8.95833
1.16667
-13.125
-10.9583
3.83333
7.54167
4.08333
2.70833
1.91667
-3.33333
-11.3333
-21.3333
-30.375
-15.375
22.625
36.4583
18.7917
4.875
0.375
-3.33333
-2.41667
4.41667
11.375
8.91667
-5.29167
-12.875
-5.66667
-1.5
-1.70833
4.45833
8.375
6.58333
6.375
-1.58333
-15.4167
-13.7083
5.25
7.125
2.91667
0.583333
-4.04167
-12.875
-14.5833
-11.125
-14.2917
-6.91667
19.0417
28.3333
14
3.70833
-0.125
-2.83333
-0.375
5.41667
8.58333
3.66667
-6.125
-7.54167
-1.70833
-2.70833
-2.58333
9.04167
17.75
13.5417
2.125
-11.8333
-20.8333
-16.8333
5.25
3.16667
-0.833333
-3.625
-11.625
-18.25
-8.04167
3.95833
-4
-7.04167
11.75
19.125
8.91667
5.25
3.75
-0.708333
-0.25
2.95833
5.5
6.41667
1.125
-5.125
-3.375
-4.20833
-6.79167
5.58333
25.7083
29.4167
3.70833
-26.7083
-29.25
-16.3333
1.58333
-1.25
-3.16667
-8.875
-20.625
-18.0417
5.20833
14.5
-2.91667
-9
8.45833
15.6667
8.58333
6.5
3.83333
-0.958333
-0.666667
0.166667
0.916667
5.04167
6.125
2.33333
1.29167
-2.5
-9.75
-3.5
23.375
41.5833
10.7083
-35.0417
-37.0833
-18.5833
-0.5
-1.20833
-5.33333
-19.375
-28.2083
-9.125
16.7917
15.0833
-2.91667
-3.16667
11.75
12.8333
4.75
4.375
2.66667
-1.45833
-0.875
-0.583333
-0.625
3.08333
4.66667
2.375
3.83333
4.375
-4.58333
-9.91667
12.75
42.5833
21.125
-29.6667
-39.5417
-23.375
1.29167
-3.83333
-16.4583
-29.75
-22.6667
4.375
20.4167
14.0833
4.5
5.33333
7.875
1.58333
-2.83333
2.375
4.66667
2.08333
1.91667
2.16667
2.79167
5.125
3.83333
-2.04167
-3.75
0.5
-0.416667
-6.91667
7.125
36.7917
27.9167
-15.4167
-35.125
-28.5417
-0.166667
-14.5417
-32.5417
-28.5
-2.5
18.4583
22.4583
13.0417
1.54167
-1.08333
2.25
0.833333
-1.41667
2.79167
5.33333
3.66667
3.16667
4.20833
7.25
8.20833
-1.04167
-9.41667
-2.66667
5.125
-1.91667
-13.6667
-1.20833
31.0417
32.4583
-0.75
-23.9167
-27.625
-6.5
-26.2917
-43.1667
-18
24.0417
33.2083
16.9167
-2.58333
-8.66667
2.08333
9.66667
2.66667
-4.5
-2.45833
1.45833
4.95833
8.625
9.5
7.25
5.29167
-2.125
-12.4167
-4.58333
11.9583
7
-15.2917
-17.5
11.7917
31.9583
20.4583
-4.79167
-25.0833
-12.9583
-34.7917
-43.5
2.25
48.75
35.9167
-2.75
-21.2083
-8.45833
12.5417
13.875
3.125
2.25
1.75
-9.125
-5.75
13.5833
16.7083
0.916667
-5.08333
-0.125
-3.29167
-4.33333
9.25
16.8333
-3.58333
-26.2917
-15.5833
17.2917
39.375
23.4583
-16.8333
-14.6667
-40.9583
-40.5833
26.5833
69.5417
25.4583
-31
-33.2083
3.20833
26.0833
16.625
1.16667
4.625
5.08333
-17.0417
-15.625
18.6667
22.9167
-6.75
-12.4167
2.58333
0.666667
-5.91667
5.95833
24.4583
13.625
-24.0417
-39.375
-5.29167
49.375
52.75
-5
-15.7083
-48.375
-35
54.0417
80.9583
0.416667
-55.125
-28.125
21.0417
33.7917
13.0833
-3.79167
6.16667
8.41667
-24.2083
-23.0833
25.625
28.8333
-15.0833
-18.4583
8.29167
5.04167
-11.4583
-3.125
27.3333
31.4583
-11
-50.3333
-30.3333
46.9167
79.0417
10.25
-17.875
-52.9583
-25.2083
75.5
76.8333
-26.9167
-63.875
-14.0833
32.75
33.2917
9.25
-2.25
9.83333
4.25
-34.7917
-26.0417
34.4583
34.7917
-22.8333
-24.875
14.2083
11.1667
-15.3333
-13.8333
25
44.8333
4.70833
-50.0833
-49.4583
36.875
98.0833
24.625
-19.625
-52.625
-12.5417
85.75
62.1667
-47.7917
-64.25
-0.833333
40.875
31.5833
5.625
-0.916667
15.5
4.45833
-45.3333
-33.3333
41.25
40.25
-34.1667
-33.625
27.75
27.9167
-18.25
-29.875
18.2917
55.75
19.9583
-47.5
-63.75
27.4167
109.833
34.25
-20.875
-54.25
-2.5
94.3333
49.8333
-64.125
-64.2917
10.0417
45.25
24.125
0
2.125
24.4583
15.9583
-44.875
-46.7083
35.375
42.2917
-40.2083
-37.5833
36.9583
40.8333
-16.5
-41.2083
9.5
59.5833
30.7917
-42.3333
-71.0833
19.9583
115.542
40.1667
-20.625
-54.2083
-1.20833
95.0417
46.5833
-68.375
-65.25
10.5833
44.0833
22.625
2.95833
6.58333
22.0833
14.2083
-38.0833
-46.4167
28.6667
41.6667
-39.625
-38.125
36.6667
41.4583
-12.7917
-40.125
6.79167
58.5
31.0417
-42.125
-70.5
20.2917
115.833
39.5833
-19.4583
-53.0417
-4.70833
91.8333
50.125
-66.2917
-69.5417
7.20833
46.3333
26.6667
2.83333
3.375
20.9167
15.5417
-37.5
-48.9583
26.5833
46.25
-33.25
-40.5833
32.3333
41.9583
-15.8333
-42.4167
10.625
60.4167
27.8333
-45.125
-65.875
27.5833
113.417
33.6667
-15.9583
-50.4583
-14.75
82.4167
61.5417
-51.9583
-73.3333
-6.70833
43.2083
38.5
9.41667
-2.125
10.4167
4.70833
-36.2917
-39.75
26.7917
49.0417
-17.5
-35.9583
16.5
26.0417
-17.875
-30.625
21.7917
57.25
15.375
-50.375
-51.9583
42.4583
103.667
18.6667
-12.5417
-48
-25.0417
71.2083
73.7083
-31.9583
-73.4167
-22.25
30.7083
38.375
17.5417
1.79167
3.29167
-0.291667
-27.3333
-32.125
20.3333
43.25
-9.79167
-29.7917
10.375
19.6667
-14.0833
-18.5
25.9167
43.1667
-2.66667
-50.2083
-26.2083
59.75
83
-3.04167
-9
-41.8333
-32.2083
51.9583
78.5
-5.5
-66
-37.3333
15.2917
33.25
20.5833
4.25
1.16667
1.70833
-16.5
-25.875
12.5833
35.7917
-3
-23.2083
4.91667
15
-7.75
-8.41667
23.125
26.25
-16.7917
-44.125
1.91667
72.6667
57.9583
-23.4167
-5
-32.5417
-37.4167
25.9583
72.375
23.5833
-43.4583
-45.7917
-4.33333
22.6667
18.375
6.91667
3.41667
-0.666667
-12.1667
-14
11.5417
26.875
1.95833
-16.4167
0.0833333
12.875
0.125
-2.83333
15.0417
8.54167
-26.2917
-27.5
30.5
71.875
28.6667
-36.875
-1.91667
-23.2917
-37.5
3.375
55.25
39.6667
-12.7917
-35.625
-19.3333
6.875
11.9583
3
2.29167
-0.0416667
-8.54167
-3.79167
13.25
20.1667
6.875
-8.20833
0.0833333
10.3333
-1.83333
-3.20833
7.58333
-5.95833
-21.5417
0.208333
44.7083
53.75
2.95833
-41.9167
0.708333
-14.7083
-33.2083
-13.4583
32.9583
42.3333
11.6667
-16.5833
-22
-7.45833
4.33333
2.04167
-4.33333
-9.58333
-2.58333
12.4167
14.6667
13.0833
13.5417
3.125
-5.33333
-2.75
-0.541667
1.45833
-2.04167
-10.4583
-5.16667
17.6667
43.125
33.4583
-16.5417
-42.375
1.45833
-7.25
-23.4167
-21.9167
10.75
35
22.0417
-2.70833
-15.0417
-13.3333
-4.5
0.666667
-1.04167
-3.16667
3.08333
11.1667
8.79167
4.875
6.66667
5.08333
2.79167
3.29167
-1.125
-5.5
-4.54167
-1.41667
6.20833
21.7917
33.9167
13.4167
-27.375
-36.125
1.41667
-0.958333
-11.6667
-24.5
-7.29167
25.7917
25.6667
0.208333
-13.9583
-8.91667
-1.25
-0.958333
0.166667
2.29167
2.375
5.20833
6.125
4.16667
6.20833
4.20833
-2.04167
-1.20833
1.20833
2.41667
5.125
4.41667
8.04167
19.75
18.1667
-6.16667
-27.3333
-23.4167
1.58333
1.75
-3.125
-19.0833
-18.0417
12.7083
27.9167
6.04167
-19.0417
-17.4167
0.916667
8.41667
6.75
5.91667
1.95833
-0.583333
0.625
2.25
3.41667
2.125
2.875
7
6.375
3.375
2.54167
2.91667
11.5833
18.4167
1.5
-21.5833
-22.6667
-10.9583
1.91667
2.5
2
-8.83333
-17.3333
-2.41667
15.5417
8.33333
-10.875
-12
0.916667
1.375
-0.125
7.125
6.125
-0.291667
0.583333
6.79167
6.5
2.66667
7.04167
7.58333
-1.125
-1.875
4.45833
9
14.8333
7.91667
-15.4167
-23.9167
-12.1667
-3.33333
2.45833
2.875
5.95833
1.83333
-11.5
-13.875
-3.625
1.375
-1.66667
-0.791667
6.375
4.20833
-2.08333
0.958333
0.291667
-10.0833
-6.95833
20.0833
27.75
3.08333
-8.875
-2.95833
1.29167
5
10.0417
13.2917
6.66667
-10.9583
-19.7083
-12.25
-4.29167
-2.08333
2.54167
2.70833
7.66667
7.75
-4.125
-11.4583
-11.1667
-13.25
-9.58333
3.83333
13.875
9.125
1.58333
3.41667
-2.5
-25.25
-23.375
29.125
51.3333
6.45833
-19.4167
-5.79167
3.79167
8.91667
14.0417
5.75
-10.7083
-16.7917
-10.7917
-3.83333
-1.54167
-1.625
2.20833
1.91667
7.5
10.25
1.70833
-5.29167
-8.70833
-18.4167
-22.5417
-5.58333
16.4167
16.2083
5.75
4.79167
-4.83333
-37.625
-37.4583
40.9583
79.9167
12.6667
-31.8333
-11.4583
6.45833
10.5
5.375
-9.33333
-15.125
-8.16667
-2.08333
-0.75
-1.375
-1.95833
2.83333
1.58333
6.25
10.0417
2.375
-4.5
-5.16667
-10.75
-17.5833
-10.875
6.75
11.9167
6.20833
6.08333
-5.125
-47.3333
-50.8333
52.7917
109.375
20.7917
-40.125
-15.625
0.291667
-4
-9.29167
-9.625
-2.41667
1.91667
0.416667
-1.08333
-1.45833
-2.125
-2.55556
-9.92593
-16.4815
-17.3889
-11.2037
-5.2037
-1.59259
-0.814815
1.14815
7.11111
17.7963
29.8333
36.5
36.1481
36.0185
35.7222
34.6481
29.1296
20.2963
12.2222
4.09259
-2.64815
-6.64815
-12.2222
-19.7407
-23.4074
-23.2222
-20.463
-6.62963
-14.8519
-17.3148
-13.5926
-8.5
-5.90741
-6.7963
-8.22222
-5.07407
2.90741
11.1481
14.5185
11.6111
7.96296
8.01852
12.963
20.537
26.0741
26.6852
22.9074
15.7963
7.03704
0.240741
-8.62963
-19.2593
-29.1111
-36.3148
-38.0741
-9.22222
-10.8704
-6.5
-2.33333
-2.94444
-6.55556
-11.1296
-13.5
-10.5926
-8.57407
-12.5
-23.4815
-35.537
-41.6111
-42.7222
-36.9815
-26.6296
-13.5556
-2.27778
3.68519
5.35185
1.72222
-3.74074
-9.59259
-16.4444
-25.9815
-36.9259
-44.1852
-7.14815
-0.555556
5.35185
5.59259
-1.05556
-8
-11.8704
-8.51852
-4.59259
-7.85185
-19.3148
-32.3704
-39.9815
-40.0185
-39.037
-37.2037
-34.8889
-28.7037
-19.2778
-9.38889
-1.5
1.03704
-4.12963
-8.12963
-8.83333
-12.9259
-20
-28.1296
-2.81481
4.90741
6.22222
1.37037
-4.85185
-8.35185
-3.88889
4.64815
5.64815
-3.51852
-14.3519
-19.2037
-16.1296
-9.85185
-4.61111
-5.59259
-10.8704
-15.0556
-14.9074
-9.14815
0
6.64815
0.203704
-8.27778
-10.4074
-10.537
-10.7593
-13.463
-1.88889
0.518519
-3.59259
-7.53704
-6.87037
-2.42593
10.6111
21.3333
18.9074
11.8519
10.2593
16.963
27.2963
34.8148
39.963
38.3519
30.6481
20.5556
11.5
8.40741
11.2963
16.5185
11.6667
0.851852
-5.37037
-4.85185
-0.907407
4.5
-3.98148
-7.11111
-10.5185
-9.09259
-1.92593
8.2037
22.3333
25.5185
21.4074
19.0926
24.8889
33.5185
41.1296
43.0926
45.2407
45.8704
44.1852
37.2222
28.6111
20.3519
17.3704
17.7778
19.6296
13.2778
5.53704
5.18519
10.0556
19
-2.62963
-6.31481
-5.74074
0.296296
8.88889
19.1481
24.0926
18.5926
17.2593
21.2222
29
34.1852
36.6481
32.6852
27.537
27.1296
30.7963
28.7222
24.0741
15.963
9.51852
5.7963
15.037
21.2593
20.8704
21.2037
24.463
32.7222
-0.111111
-1.5
3.35185
9.83333
13.3889
16.8148
8.77778
-4.83333
-3.09259
2.57407
8.05556
7.96296
6.42593
1.53704
-3.11111
-3.62963
3.05556
4.96296
5.59259
1.12963
-5.07407
-9.90741
1.64815
15.3889
22.7778
25.1111
26.8889
29.9444
4.11111
6.31481
11.537
14.7407
12.9444
9.81481
-2.61111
-12.4259
-11.5
-7.57407
-6.64815
-8.88889
-11.1667
-13.1667
-15.9074
-18
-16.6296
-12.8889
-10
-9.90741
-13.3704
-15.6296
-8.85185
3.83333
12.7222
16.5556
16.537
14.8889
4.72222
8.2037
11.9815
12.2037
8.09259
1.11111
-7.61111
-10.537
-12.1852
-11.3333
-13.2037
-16.7037
-19.7963
-18.463
-15.6296
-16
-19.1852
-15.037
-10.8519
-7.74074
-7.94444
-7.61111
-8.05556
-4.03704
-0.37037
2.51852
1.33333
-3.61111
7
10.9259
12.1296
10.7222
8.33333
3.31481
2.2963
7.66667
4.12963
3.74074
-0.111111
-3.37037
-6.16667
-4.03704
-1.75926
-1.94444
-7.88889
-4.83333
-2.92593
1.03704
3.77778
5.38889
-0.0740741
-2.90741
-3.98148
-3.7963
-5.7037
-11.1852
7.66667
9.75926
9.35185
8.2037
8.12963
5.7963
6.68519
10.2778
7.33333
6.48148
3.44444
1.07407
-1.51852
-0.851852
0.351852
1.94444
2.11111
3.92593
3.12963
5.7963
9.07407
10.537
4.96296
0.037037
-0.962963
-3.64815
-6.2037
-10.6667
8.01852
8.98148
7.87037
7.33333
8.48148
8.51852
9.16667
9.81481
8.14815
7.09259
4.72222
4.27778
2.27778
2.46296
1.7037
3.72222
9.5
10.3333
7.40741
8.75926
11.1481
12.4074
7.2963
2.74074
3.74074
-0.796296
-3.64815
-6.7963
5.94444
7.35185
6.64815
6.59259
8.7037
9.61111
11.1296
12.8148
12.6481
8.85185
6.11111
6.16667
3.51852
3.81481
3.16667
4.7037
8.74074
8.46296
8.59259
9.98148
11.8704
14.1481
8.42593
3.7037
5.14815
2.40741
0.777778
-0.314815
2.03704
4.59259
5.59259
5.7963
7.44444
7.53704
10.8704
17.2778
19.037
13.8148
10.2037
8.90741
5.33333
6.09259
5.5
4.44444
2.03704
0.148148
4.74074
7.55556
9.12963
11.9259
5.85185
3.51852
6.11111
6.85185
8.07407
8.18519
-0.555556
3.25926
6.51852
7.2963
7.48148
5.53704
6.98148
14.8889
16.037
10.4444
5.96296
1.55556
-2.96296
-3.96296
-3.7037
-6.5
-15.463
-15.3704
-6.38889
-2.2037
-0.444444
2.03704
-0.222222
2.24074
6.64815
13.1481
16.2778
15.7222
-1.83333
-0.37037
4.48148
6.81481
4.12963
-1.11111
-8.38889
-10.0185
-8.87037
-9.55556
-11.4259
-17.1111
-21.0926
-24.3704
-24.1852
-26.0741
-28.5
-24.2593
-16.3889
-13.0741
-13.8148
-15.0556
-9.44444
2.24074
10.0185
16.3333
17.0556
14.0556
0.925926
-0.962963
2.31481
6.35185
5.83333
3.74074
-8.98148
-18.6481
-17.8333
-12.7963
-11.0556
-14.7963
-17.7037
-22.8519
-23.7037
-21.1852
-15.9444
-8.35185
-4.75926
-5.09259
-8.55556
-12.2407
-0.425926
11.7963
14.3704
15.1852
11.1481
7.31481
3.31481
-3.92593
-4.98148
-0.925926
2.09259
5.66667
-2.2963
-14.2037
-11.4815
-1.64815
5.83333
7.7963
7.5
3.64815
1.40741
5.38889
15.7593
20.0926
17.1852
11.8148
6.14815
3.24074
15.6852
22.5926
17.6296
10.037
3.31481
1.94444
8.75926
0.314815
-6.48148
-6.2037
-0.296296
10.0741
15.3889
11.9259
13.6852
22.4815
33.2593
43.037
48.1852
48.9815
47.1852
50.0741
53.3519
48.8148
39.2037
29.7593
25.2593
27.1111
33.0741
26.7222
13.3519
3.51852
0.444444
4.24074
14.2222
10.1481
2.05556
-3.55556
-2.98148
3.16667
17.2407
20.8519
20.1667
22
30.6296
43.963
55.7963
63.463
66.9074
64.037
56.7778
43.7593
30.7222
22.5741
22.7963
27.7778
24.4815
11.7593
1.7963
-1.24074
2.51852
8.98148
15.9444
21.8333
18.6667
10.8333
4.38889
1.75926
10.3889
14.6667
10.7963
5
4.57407
12.7963
25.8704
35.9259
41.2778
37.0556
26.9815
13.963
4.31481
3.22222
8.83333
11.5741
4.5
-4.48148
-5.18519
-0.351852
6.61111
10.1111
7.98148
20.0185
26.0556
22.7222
14.6667
6.09259
5.22222
5.37037
-0.0925926
-11.7963
-23.6667
-30.9815
-27.7593
-23.5556
-19.8519
-22.4815
-25.4444
-26.4815
-22.1852
-11.8889
-1.61111
-1.42593
-6.51852
-6.85185
-0.425926
5.61111
7.81481
2.90741
-5.88889
2.61111
12
17.5741
16.7407
13
7.68519
6.05556
3.24074
-3.31481
-15.7407
-33.1481
-43.6667
-49.0556
-52.537
-49.8519
-41.3148
-29.2037
-15
-2.62963
6.42593
4.55556
3.53704
7.75926
11.2963
8.75926
1.27778
-10.0741
-14.7037
-16.2222
-11.4259
-2.68519
7.01852
14.537
17.5185
21.4444
24.2963
25.7407
21.963
6.7963
-9.42593
-19.3889
-24.537
-20.3889
-10.5926
3.22222
14.8519
20.4815
24.5
24.3889
20.2778
16.6667
9.35185
-1.37037
-12.9815
-21.463
-14.6481
-22.7037
-26.037
-21.1111
-11.1296
-0.962963
7.74074
17.6296
27.9259
40.463
50.2407
49.5
40.4815
37.4815
36.5741
38.4074
38.5741
38.4259
33.1111
23.9815
19.6296
18.2778
9.44444
-0.611111
-11.5926
-20.4074
-26.2222
-25.3889
-10.7037
-17.8519
-24.5741
-28.1852
-25.5556
-21.1296
-13.9444
-5.01852
4.59259
15.037
25.9259
34.9815
36.6852
40.4259
43.6667
41.7778
33.8519
23.1667
8.88889
-3.55556
-12.2593
-13.5185
-21.0556
-29.463
-35.0556
-34.6481
-29.963
-20.463
-0.944444
-14.4815
-22.4815
-21.6111
-16.9815
-12.5926
-6.03704
7.18519
20.9815
26.3333
20.4074
10.5
4.05556
2.7037
7.85185
13.8333
14.6481
4.2963
-11.5926
-22.0556
-20.8519
-8.31481
11.1296
27.7778
33.9259
17.9259
-5.88889
-29.2963
-12.463
-23.1852
-22.4815
-11.5926
-2.72222
-3.12963
-5.62963
2.05556
15.4259
23.7963
20.4815
12.0741
5.66667
3.62963
7.74074
12.7407
14.0926
6.24074
-6.31481
-16.7593
-19.9815
-13.7963
4.35185
26.5926
41.1296
27.1667
-2.42593
-34.4074
-22.3333
-26.7593
-15.7222
0.777778
6.66667
-2.33333
-9.46296
-0.833333
15.463
24.8148
20.7222
11.9074
5.62963
3.66667
6.38889
9.62963
10.537
6.72222
0.111111
-6.14815
-12.037
-13.7222
-3.07407
18.1852
39
31.9074
3.46296
-33.7963
-26.7037
-21.1111
-4.37037
8.92593
6.33333
-6.27778
-10.3704
1.75926
17.963
24.537
19.4074
10.9074
5.18519
2.42593
3.51852
5.96296
8.22222
8.12963
5.5
2.55556
-3.22222
-8.35185
-6.12963
8.75926
28.4444
28.7963
7.11111
-27.0741
-23.9815
-10.7593
6.66667
9.81481
1.25926
-9.07407
-5.83333
8.75926
21.4259
23.037
15.5926
7.68519
3.37037
1.87037
3.44444
5.12963
5.7963
3.33333
2.59259
5.62963
7.33333
2.81481
-3.35185
1.16667
15.8148
22.1852
9.07407
-18.2963
-20.1667
-3.14815
11.4074
6.90741
-1.87037
-3.09259
8.55556
20.7778
21.963
13.0185
2.92593
-1.53704
1.24074
4.87037
9.12963
7.74074
4.2037
-3.38889
-5.38889
0.740741
10.8519
13.7407
6.55556
1.62963
7.18519
15.1481
11.537
-7.55556
-17.2593
0.888889
13.0926
4.90741
2.74074
8.75926
21.6111
21.5741
13.1852
0.703704
-3.11111
-5.59259
1.85185
7.09259
16.0741
12.037
7.24074
-3.83333
-8.38889
-8.7037
0.203704
9.94444
13.463
10.3889
9.87037
13.0185
14.6111
2.55556
-14.2963
7.7963
19.8148
8.62963
7.27778
11.8148
20.537
14.9815
7.81481
0.166667
0.444444
-5.2037
0.925926
5.07407
17.037
10.6296
7.46296
-1.61111
-2.48148
-7.31481
-4.42593
2.57407
10.8148
10.3148
9.42593
10.9815
19.0741
14
-5.83333
20.6667
30.4074
9.22222
2.88889
3.81481
15.3333
12.8889
11.7407
5.57407
4.72222
-7.09259
-1.51852
2.09259
17.1667
7.09259
5.66667
-1.53704
3.75926
-2.37037
-1.74074
1.75926
8.59259
4.05556
-0.722222
4.33333
23.4444
30.8889
7.16667
35.537
37.5926
2.40741
-9.66667
-5.57407
15.4444
20.8519
22.3889
12.7037
3.46296
-15.0556
-8.66667
-0.166667
18.7037
3.83333
0.87037
-5.61111
7.16667
2.98148
4.90741
8.25926
12.7037
0.166667
-15.7778
-8.77778
23.8148
49.3333
21.9444
48.2037
38.2037
-11.7963
-23.463
-9.05556
23.7222
31.3519
30.0926
14.7778
0.0740741
-23.4815
-15.2407
-2.46296
21.5926
2.83333
-1.46296
-9.81481
7.42593
3.03704
7.72222
14.3889
22.0556
3.24074
-25.2593
-22.7037
20.1111
62.8333
36.6111
57.7037
33.1852
-28.5556
-33.3333
-5.51852
34.7407
37.1667
30.4074
13.4074
0.0555556
-25.9259
-19.2778
-6.31481
21.5185
2
-1.38889
-10.6667
8.51852
-0.0740741
4.05556
15.0556
31.6481
13.0926
-25.9259
-32.3519
13.963
69.7593
47.3333
61.0926
25.9074
-42.3519
-38.1481
-1.2037
42.2963
39.3333
29.0556
12.9815
1
-25.6481
-21.6296
-8.51852
20.5185
0.722222
-2.16667
-10.8519
10.6296
-1.59259
0.12963
12.5926
37.7963
22.1481
-21.6852
-37.3148
9.46296
71.6667
51.9074
59.4815
17.2593
-51.6111
-39.7407
4.07407
48.6667
40.2037
27.4815
12.537
3
-26.7778
-25.5
-12.2593
19.3704
-0.444444
-3.16667
-7.66667
16.963
-0.12963
-5.40741
6.24074
41.0185
29.6296
-15.9259
-39.2407
7.90741
72.037
51.6667
58.3519
15.3704
-53.9074
-41.8519
3.55556
49.8519
41.7037
27.5926
11.0185
0.611111
-28.5556
-26.8704
-11.3519
21.6111
3.7037
-1.7037
-8.98148
13.0926
-2.24074
-5.01852
7.98148
42.037
29.8148
-14.6296
-36.037
11.8333
72.6852
47.037
57.6481
20.7593
-48.7037
-44.8333
-5.90741
42.4815
43.7778
33.3148
13.0926
-3.96296
-30.2593
-25.6111
-7.12963
21.3889
4.61111
-2.07407
-8.74074
11.8519
1.44444
1.35185
11.6481
34.7407
19.6852
-18
-26.037
22.0185
73.1852
38.3889
54.7037
26.8519
-38.4259
-44.3519
-15.0741
31.1481
39.9444
34.6481
15.7222
-3.42593
-27.2778
-23.0741
-4.35185
20.6852
6.55556
-0.962963
-7.53704
10.7778
4.24074
5.22222
11.2593
24.7778
9.62963
-17.5185
-12.463
33.1667
71.1111
26.5
48.963
33.8148
-22.4074
-37.9815
-22.3889
16.2222
29.9259
31.0741
17.6111
-0.0925926
-20.7778
-19.4815
-2.09259
18.7593
8.64815
1.05556
-4.14815
11.6111
6.87037
6.01852
6.33333
13.4444
2.01852
-11.2037
3.05556
42
62.7222
14.8704
40.3148
36.6481
-6.37037
-25.2222
-21.6481
4.35185
15.2963
19.2222
13.537
3.88889
-10.2963
-11.9259
0.481481
16.3519
10.9815
5
1.31481
11.7407
5.51852
0.888889
-1.24074
5.74074
2.74074
1.14815
16.0185
42.7037
47.2037
5.03704
29.463
33.9074
3.7963
-11.3519
-13.6667
1.64815
5.24074
6.46296
3.74074
0.555556
-5.03704
-4.61111
7.2037
19.463
17.5556
9.2037
2.25926
4.35185
-2.07407
-5.12963
-3.59259
7.07407
9.87037
11.8519
21.7037
36.8148
31.6111
-2.90741
20.3148
29.2963
8.18519
-5.57407
-7.37037
4.33333
5.81481
1.51852
-3.90741
-5.96296
-5.18519
-0.537037
11.9259
20.5741
19.4074
8.90741
0.981481
-2.62963
-5.96296
-4.46296
3.72222
14.0185
14.5
13.463
19.7407
29.6667
19.6296
-7.55556
14.3148
26.3333
10.2222
-6.92593
-12.0556
1.35185
9.46296
8.44444
-2.05556
-8.48148
-9.2037
-0.814815
12.2963
20.7963
19.4259
7.33333
-3.01852
-8.33333
-3.87037
6.2963
17.1111
17.6481
10.2037
7.07407
16.6481
24.0741
10.5926
-11.4444
8.44444
24.6667
15.4444
-7.05556
-22.5741
-14.7778
3.61111
14.5185
10.1111
-0.203704
-4.31481
0.314815
8.64815
13.5556
12.6667
6.64815
1.12963
0.981481
8.33333
16.2778
16.963
6.94444
-0.759259
3.25926
17.3148
19.6111
1.11111
-12.8519
1.85185
19
17.1667
-2.55556
-24.1296
-24.9444
-8.85185
8.18519
13.5926
10.2222
6.51852
6.07407
6.44444
8.03704
7.46296
9.66667
11.0741
15.0926
14.8333
11.2778
2.74074
-5.01852
-3.68519
6.85185
18.4444
12.7037
-7.87037
-12.3333
-5.88889
7.16667
13.5185
3.2963
-14.0556
-21.537
-13.2222
0.240741
9.90741
10.9815
5.68519
1.22222
1.27778
13.0741
19.4259
20.9074
11.9074
8.5
5.7037
3.53704
-1.83333
-3.24074
2.75926
11.6296
13.4815
1.5
-15.963
-8.98148
-10.1667
-1.37037
8.48148
7.24074
-5.35185
-15.8148
-13.8333
-4.81481
4.7963
6.90741
-0.203704
-7.09259
-4.61111
18.6296
35.0556
35.0741
14
-1.14815
-6.12963
-4.22222
-2.44444
2.27778
9.61111
13.1296
5.24074
-9.81481
-21.6852
-2.37037
-8.59259
-7.2037
-1.16667
2.7037
-1.57407
-7.7037
-7.7037
-3.90741
1.74074
1.57407
-8.61111
-17.5185
-11.8519
23.4074
50.4074
48.5741
14.5926
-12.8333
-17.9074
-8.64815
2.22222
10.1111
13.8333
8.96296
-4.90741
-17.5
-21.5
4.35185
-3.90741
-9.90741
-12.1852
-8.55556
-4.51852
0.0555556
4.37037
5.81481
3.98148
-2.51852
-19.9074
-30.9815
-21.963
26.5
63.6111
60.1296
13.6111
-23.1111
-25.5556
-7.59259
9.03704
14.5556
10.7593
-0.166667
-12.2037
-17.463
-14.7963
14.7778
4.83333
-8.38889
-19.5
-19.5556
-14.4444
-3.22222
3.44444
0.5
-11.1111
-20.6667
-18.4444
-10.9444
-3.94444
-0.611111
1.27778
4.77778
11.0556
16.6111
17.3889
13.8333
15.9444
19.9444
16.0556
2.16667
-9.77778
-7.16667
3.22222
16.8333
21.2222
19.8889
7.83333
11.6111
-2.88889
-17.8333
-22.1111
-13.5
2.83333
15.9444
14.1667
-4.11111
-25.4444
-33.5
-22.9444
-7.61111
3.61111
6.61111
6.16667
3.94444
-0.388889
-8.5
-16.6111
-16.7778
1.44444
28.1111
46
42.7222
25.7778
13.6667
10.3333
13.4444
11.2778
7.66667
1.5
2.05556
-11.2778
-16.3333
-8.16667
8.16667
18.2778
12.3333
-8.77778
-28.8889
-33.7778
-19.6667
-0.333333
13.6111
17.1667
14.3889
9.33333
2.94444
-7.22222
-23.7222
-38.7778
-41.2778
-22.0556
11.2778
44.3889
60.6111
56.7222
41.6111
26.8889
13.3333
1.88889
-7.94444
-10.2778
-6.22222
-6.11111
1.5
14.5
17.8333
4.55556
-24.8889
-45.0556
-37.9444
-5.22222
27.7778
39.5556
35.1667
24.3889
16
8.38889
1.61111
-8.33333
-21.6667
-36.9444
-42.8333
-40.0556
-21.7778
5.16667
34.2778
51.2222
51.8333
43.4444
24.4444
6.33333
-9.55556
-12.5
2.94444
13.3333
22
17.9444
-4.11111
-40.9444
-67.4444
-55.9444
-4
51.7222
74.6111
51.8889
17.6667
-8.27778
-12.5
-10.2222
-4.11111
-1.05556
1.16667
1
-1.5
-12.5
-27.7222
-35.8889
-28.1111
-4.83333
23.6667
46.1667
48.6111
32.8889
9.66667
-5.22222
18.9444
26.4444
20.4444
-5.44444
-46
-76.3333
-67.2222
-13.2222
48
77.2778
59.3333
18.2222
-15.3889
-28.2778
-22.9444
-13.9444
-4.5
2
9.05556
18.1667
24.5556
22.6111
2.94444
-23.5556
-47.6667
-50.8333
-24.2778
17.2222
50.3333
47.6667
26.9444
3.83333
26
17.9444
-4.16667
-40.8889
-69.9444
-66.2222
-16.2778
39.3333
62.2778
41.3889
4.77778
-21.5556
-32.1667
-29.3333
-20.1111
-9.55556
-2.55556
1.55556
5.88889
16.6111
28.3333
37.8333
32.9444
15.0556
-14.4444
-45.0556
-51.5
-30.5556
11.5
33.0556
31.1667
13.5
10.8333
-8.61111
-36.3889
-60.7778
-57.8333
-14
40.8889
57.9444
25.9444
-17.9444
-37.9444
-27.3889
-10.7778
2.44444
4.44444
4.55556
1.33333
-0.833333
-5.16667
-6.83333
-3.27778
10.0556
28.4444
42.1667
37.2778
7.77778
-36.8333
-61.6667
-49.7778
-11.0556
16.5
22.6667
-11.8889
-35.1667
-56.9444
-60.1111
-16.7222
42.5
68.6111
31.6667
-22.7222
-47.6111
-30.6111
-1.38889
15.6667
17.8889
10.3889
5.33333
1.44444
1.77778
2.5
-2.33333
-11.6111
-21.4444
-10.4444
18
48.1111
47.7222
-1.61111
-59.3333
-86
-48.7778
0.277778
32.4444
-26.1111
-47.5
-59.4444
-41.6667
22.9444
70.3889
54.5
-5.05556
-41.2222
-25.1111
10.7222
29.9444
27.5556
12.8333
-1.33333
-8.61111
-4.33333
4.94444
14.2222
9.38889
-6.33333
-29.6667
-38.6111
-20.3889
16.9444
48.7778
28.3889
-25.7778
-76.4444
-60.9444
-10.2778
37.2222
-28.6667
-45.9444
-44.7778
-12.8889
49.0556
61.7778
23.2222
-26.9444
-25.8889
8
34.3333
31
20.5556
5.33333
-4
-16.3889
-7.72222
3.83333
19.6111
13.5556
3.77778
-17.8333
-34.6667
-41.0556
-19.1667
18
37.1667
10.3889
-33.6111
-45.1667
-8.77778
36.6667
-24.2778
-30.9444
-18.8333
18.7222
52.1111
34.1667
-8.77778
-32.6111
-6.88889
25.6111
36.2222
20.2222
14.1667
6.72222
4.16667
-15.6111
-7.94444
-2.55556
5
-10.3333
-6.72222
0.555556
-2.22222
-27.0556
-34
-7.33333
35.7778
36
6.05556
-22.6111
-3.33333
31
-17.5556
-15.4444
3.22222
37.6667
45
6.88889
-26.1111
-29.3333
4.27778
16.5556
9.77778
-6.72222
6.77778
19.4444
28.5
3.66667
1.55556
-7.77778
-10.5
-33.2778
-18.8889
7
25.8333
-0.888889
-25.1111
-19.5
23
41
25.4444
-4.66667
-0.5
25.1111
-5.94444
0.111111
16.8333
36.8889
27.6111
-8.16667
-27.3889
-19.6667
2.33333
3.66667
-3.55556
-3.38889
11.5556
21.0556
19.5
4.77778
3.66667
-4.83333
-13.6111
-34.0556
-21.4444
3.27778
25.5556
13
-8.5
-11.5
11.5
30.2222
20.7222
2.66667
-1.16667
18.3333
3.94444
7.16667
18.8333
25.2778
14.3889
-12.3889
-20.7778
-10.5556
1.66667
-1.55556
-7.55556
2.33333
13.4444
17.2778
5.5
-1.27778
-0.111111
-1.77778
-5.38889
-17.3333
-11
-1.61111
12.3889
10.7778
-0.166667
-5.22222
1.27778
16.0556
11.0556
5.77778
-1.11111
14.1667
9.22222
9.83333
15.2778
13.6111
6.27778
-7.11111
-10.4444
-4.72222
-1.55556
-1.5
-1.38889
11.1111
11.6111
10.3333
-6.83333
-5.61111
-7.88889
-2.05556
-1.22222
-2.05556
-0.833333
-2.22222
1.11111
2.11111
0.666667
-1.05556
-1.38889
4.38889
3.61111
5.55556
1.94444
6.88889
8.77778
8.22222
8.05556
6.33333
6.22222
3.16667
-0.555556
-4.77778
-5.11111
-3.27778
-1.61111
-0.833333
-3.72222
3.61111
3.88889
8.22222
-4.83333
-4.66667
-3.94444
2.27778
2.88889
0.888889
1.27778
-0.444444
-0.333333
-1.33333
-1.88889
-2.66667
0.333333
3.66667
4.83333
-0.555556
7.61111
6.5
1.44444
-0.777778
6.11111
13.5
9.94444
-3.66667
-8.33333
-4.27778
-0.666667
-9.55556
-15.6667
-2.72222
12.1111
18.9444
-1.44444
-3.27778
-4.22222
8.33333
5
2.88889
-0.888889
-5.94444
-3.38889
-2.61111
-2.38889
-10.4444
-4.27778
1.88889
9.44444
-4.72222
9.66667
9.16667
-0.722222
-11.2778
-2.55556
19.9444
23.1111
6.72222
-8.55556
-1.27778
9.61111
3.38889
-13.0556
-18.9444
-12.2222
-0.611111
-5.61111
4.16667
9.44444
28.5
13.1111
-2
-20.0556
-14.3333
0
6.22222
-3.55556
-19.6667
-9.5
6.11111
17.8889
-3.66667
10.7222
11.5
-0.722222
-20.2222
-14.8889
18.8333
35.5
24.3333
-3.44444
-6.94444
5.61111
11.3333
-1.61111
-23.8889
-31.1667
-20.6111
-10
5.88889
12.5556
32.2778
15.2222
-2.83333
-22.6667
-6.77778
13.8333
14.1667
-13
-29.9444
-8.66667
24.1111
31.6111
-0.833333
11
17.6667
5.22222
-21.2778
-29.7222
10.0556
42.8333
44.5556
4
-19.6111
-14
3.77778
-1.72222
-27.2222
-40.3333
-23.1111
-3.83333
6.05556
8.11111
24.6111
13.6111
-2.38889
-14.4444
15.8889
34.3333
19.9444
-26.8889
-34.8333
0.555556
44.6667
38.2222
-4.88889
7.33333
21.1667
14.1667
-11.2778
-39.0556
-12.2778
33.7222
57.1667
22.2778
-28.6667
-49.9444
-37.6667
-19.5556
-13.3333
-6.22222
8.55556
13.7222
0.388889
-14.4444
-11.3889
-1.5
12.5
29.5556
50.3333
40.7222
0.5
-42.7222
-26.7222
21.8333
57.9444
28.6667
-17.1667
4.55556
24.8889
26.3333
5.66667
-43.2222
-40.3333
4.5
55.5556
49.0556
2.44444
-43.2778
-55.4444
-44.7222
-17.6667
5.88889
22.2222
17.9444
0.222222
-13.8889
-12.3333
4.55556
26.8333
43.2778
42.1111
10
-29.6111
-37.2222
5.27778
49
46.2778
-1.72222
-35.8889
2.5
20.7222
31.8889
20.1111
-31.5556
-60.7222
-33.5556
30.6111
66.1667
47.3333
-2.33333
-36.5
-43.7222
-23
-2.11111
9.77778
7.72222
1.55556
-1.94444
2.5
16.2222
30.8333
31.5
5.94444
-30.6667
-45.7222
-7.94444
46.2778
63.4444
18.7222
-35.7222
-49.1667
1.66667
13.5556
30.5
32.5
-2.72222
-49.6667
-60.4444
-16.4444
41.5
71.3889
52.1111
17.1667
-14.6111
-20.5
-16.2778
-8.38889
-4.05556
2.77778
10
19.2222
19.2778
9.88889
-15.8889
-43.6111
-51.7778
-20.9444
40.3889
72.7778
47.4444
-19.8889
-57.1667
-48.6667
1.27778
5.88889
23.2222
37.8889
33.1111
-7.66667
-47.6111
-55.1111
-19.8889
25.6667
53.4444
52.3333
35.1667
10.5556
-3.61111
-9.5
-5.61111
0.444444
6.77778
7.72222
-6.22222
-31.5556
-53.1667
-49.9444
-15.1667
37.9444
71.3333
55.7222
-0.0555556
-47.3889
-54.7222
-32.8333
0.5
1.83333
14.5
34.8889
52.0556
39.2222
-3.27778
-49.4444
-68.7222
-48.4444
-7.22222
29.2778
48.8889
45.7778
36.7222
18.9444
6.44444
-9
-18.2778
-31.4444
-38.8889
-43.9444
-31.5
0.333333
45.0556
73
56.6111
5.38889
-42.5556
-54.7778
-37.2778
-16
0.277778
0.277778
6.83333
23.0556
46.9444
58.0556
40.1111
-8.61111
-58.6111
-79.6111
-57.8889
-18.3333
17.2778
30.6111
32.2222
18.0556
6.94444
-9.88889
-14.9444
-27.0556
-22.2222
-11.5
20.2778
51.2222
69.1667
51.4444
3.16667
-42.5
-58.1111
-41.1111
-18.8333
-5.5
0.277778
0.611111
3.55556
12.6111
27.1667
40.5
41.7778
26.5
-6
-35.4444
-51.8889
-41.7778
-22.3889
1.27778
11.2222
0
-12.0556
-20.2222
-3.33333
4.88889
22.8333
39.0556
60.6667
57.7222
31.2222
-14.3889
-46.8889
-57.2778
-41.3333
-21.1667
-7.55556
-3.33333
0.722222
1.05556
2.22222
5.88889
10.5
14.2778
19.6111
28.9444
38.2222
35.5556
16.5556
-9.44444
-28.7222
-31.7222
-29.9444
-39.9444
-45.3333
-27.6667
24.2222
64.9444
72.8333
55.7222
29.6111
0.5
-33.2778
-55.8889
-55.8889
-39.4444
-19.8889
-7.38889
-3.05556
-2.22222
1
0.944444
1.5
2.88889
2
-0.888889
0.166667
16.2778
40.3889
55.7222
48.7222
27.8889
8.55556
-2.72222
-15.1667
-43.8333
-66.2778
-47
16.8889
73.2778
65.5556
24.1111
-22.7222
-43.2222
-54.6667
-50.3889
-33.7778
-15
-2.88889
0.722222
0.666667
-0.277778
0.388889
-0.833333
-2.66667
-4.5
-4.55556
-2.77778
0.611111
7.22222
20.3889
33.1667
41.8333
36.7222
27.3333
13.7778
-0.833333
-27.1667
-53.3333
-43.1667
0.166667
48.9444
38.1111
1.22222
-40.7778
-46.8333
-40.7222
-24.2222
-10.1111
0.888889
5.33333
5.83333
4.72222
3.61111
-4.14
-12.72
-19.4
-26.34
-29.72
-26.7
-19.52
-11.08
-0.26
7.56
11.02
11.68
10.46
5.32
-0.88
-7.68
-14.02
-17
-12.72
-2.54
11.32
26.28
41.36
50.86
54.04
53.46
48.7
32.94
-4.12
-15.94
-28.22
-37.36
-36.32
-24.94
-9.6
7.2
21.7
26.36
23.34
18.2
11.6
2.6
-5.32
-13.22
-21.1
-26.7
-24
-13.64
-0.12
14.46
32.94
46.14
49.7
52.5
51.82
36.18
-8.52
-24.92
-41.62
-49.92
-40.16
-20.14
3.2
25.14
37.62
32.88
20.92
8.36
-1.72
-8.58
-9.92
-9.64
-10.12
-11.74
-11.56
-7.5
-4.7
-1.48
8.6
21.08
27.5
37.48
45.78
38.66
-20.38
-38.52
-52.62
-51.52
-33.28
-8.18
15.68
33.14
36.36
25.08
10.2
-1.94
-9.56
-12.46
-10.34
-6.38
-3.2
-0.88
2.38
5.92
4.02
-0.54
-0.92
0.98
2.48
11.48
23.64
25.76
-36.16
-50.42
-52.28
-40.54
-16.58
6.1
22.26
28.38
24.3
11.96
0.22
-6.82
-9.9
-8.96
-4.84
0.18
3.9
6.82
10.3
12.58
10.42
4.28
-2.7
-10.72
-17.7
-16.02
-6.18
5.34
-47.8
-53.14
-42.54
-21.5
2
16.64
23.18
23.72
18.28
8.52
1.62
-1.94
-5.56
-5.78
-2.02
2.54
6.24
7.1
6.36
6.98
6.7
3.48
-4.3
-14.22
-26.54
-33.08
-30.72
-12.7
-51.42
-46.94
-24.66
0.76
17.8
20.54
20.16
15.62
10.76
4.22
3.38
2
-0.64
-4.6
-1.36
2.76
6.56
4.64
3.5
2.4
4.02
3.68
-1.72
-12.44
-24.7
-36.84
-41.66
-23.96
-47.7
-34.14
-2.3
21.36
27.14
21.28
16.04
7.6
6.38
6.98
11.3
12.38
11.14
1.66
0.62
1.12
0.78
-6.7
-7.38
-7.8
-2.88
2.88
4.9
-2.92
-14.28
-28.08
-38.92
-26.94
-34.64
-15.18
18.42
30.84
26.46
16.34
10.66
3.28
10.36
16.12
21.56
20.7
18.92
4.08
1.36
0.62
-0.86
-12.84
-14.66
-18.6
-14.72
-7.54
1.9
1.9
-3
-11.32
-21.38
-16.12
-14.66
5.12
28.62
27.8
16.14
6.76
5.1
5.76
20.18
27.7
30.88
25.96
21.1
1.04
-5.28
-7.56
-8.26
-21.16
-20.66
-22
-18.02
-12.8
0.72
6.84
8.52
7.4
1.76
0.84
2.02
17.86
31.5
19.62
4.78
-2.32
-1.26
0.48
16.54
25.36
29.12
25.86
24.66
4.5
-4.36
-9.72
-12.28
-24.34
-18.3
-17.12
-12.64
-10.02
2.14
7.9
12.86
18
18.86
15.34
13.42
23.84
29.08
11.34
-3.26
-6.28
-4.48
-2.84
11.16
21.52
23.82
21.06
21.56
6.74
-3.88
-9.54
-12.24
-21.52
-14.5
-11.4
-8.04
-6.48
2.68
7.64
12.16
20.78
24.92
21.26
20.62
25.46
23.84
5.46
-6.4
-8.6
-7.58
-5.58
4.5
14.22
16.44
14.64
15.1
7.16
-3.82
-9.2
-10.56
-16.12
-10.36
-5.4
-1.92
-1.86
3.64
6.56
9.64
17.02
22.2
19.86
22.78
22.6
17.34
4.24
-4.54
-7.98
-8.26
-5.6
-0.08
8.08
10.24
10.4
9.42
6.48
-4.8
-8.72
-8.72
-10.48
-8.1
-1.12
2.78
0.76
2.32
3.58
5.28
8.64
13.3
13.86
19.96
17.16
13.44
8.44
3.14
-1.32
-3.14
-2.78
-2.8
1.36
1.28
0.94
-1.12
1.98
-3.08
-1.68
0.8
3
-0.98
0.28
-0.14
-2.72
-4.68
-3.2
0.24
1.9
4.8
8.42
15.82
11.62
10.38
14.1
12.12
5.96
2.64
-0.28
-7.3
-6.78
-8.06
-10.04
-12.92
-3.08
-3.88
1.02
6.12
12.04
4
4.52
2.52
-0.08
-5.16
-4.64
-1.62
-2.46
-0.78
6.4
12.96
7.7
6.08
17.84
20.44
13.08
6.64
1.22
-12.46
-18.28
-19.54
-19.14
-22.1
-8.3
-2.9
3
7.76
17.94
9.68
9.86
8.48
6.5
-2.88
-4.7
-2.44
-5.38
-3.24
8.54
9.34
4.7
1.16
18.04
27.34
22.5
12.96
4.78
-13.7
-27.08
-29.9
-27.22
-28.82
-14.18
-2.8
3.3
7.78
21.78
16.3
16.08
14.84
11.56
-1.44
-4.14
-2.56
-4.6
1
15.02
6.3
2.1
-4.24
13.34
28.42
30.52
20.56
9.36
-14.88
-34.62
-41.6
-39.2
-38.2
-19.26
-2.86
3.74
8.26
25.32
24.48
24.5
21.62
18.84
5.16
1.14
1.18
3.44
10.78
20.34
6.82
0.88
-10.3
2.62
19.66
27
21.3
9.7
-16.32
-36.36
-43.32
-39.9
-33.66
-13.46
0.58
3.64
5.76
21.38
26.5
29.14
27.36
24.64
11.54
5.92
6.06
11.16
17.52
20.84
12.76
6
-13.08
-8.68
7.58
20.62
20.48
18.3
-0.54
-21
-32
-30.1
-25.72
-10.74
2.54
5.82
6.18
17.88
21.42
18.98
14.42
11.68
4.6
6.34
12.28
19.72
22.96
15.54
18.8
13.7
-6.34
-13.26
-3.34
10.6
14.58
18.3
11.48
-2.24
-13.26
-15
-13.22
-5.7
2.26
3.34
2.08
7.32
8.08
4.24
0.76
1.92
6.64
16.74
23.54
28.88
25.24
3.9
26.36
23.16
6.7
-8.7
-11.58
-3.62
0.72
5.22
6.98
6.76
1.6
0.36
2.74
5.18
3.96
0.52
-3.68
-4.94
-3.58
-3.96
-2.7
5.56
18.8
27.76
31.06
29.78
14.58
-15.66
34.64
34.88
22.6
3.34
-10.24
-14.46
-12.94
-7.04
1.94
10
12.1
10.82
12.24
9.08
4.32
-0.12
-2.9
-7.6
-6.84
-6.92
-1.68
8.68
21.5
27.64
27.66
16.3
-7.18
-34.16
38.94
45.06
39.14
20.74
0.3
-13.62
-20.56
-15.7
-1.4
13.18
21.14
20.32
17.68
8.5
-0.82
-7.66
-6.64
-10.76
-10.98
-7.4
1.98
10.48
21.26
24.78
16.46
-3.34
-26.76
-48
34.84
45.22
49.66
37.44
17.2
-1.52
-15.86
-22.64
-14.1
1.32
12.04
10.14
7.74
0.22
-10.04
-16.22
-6.04
-1.3
3.72
12.5
22.22
23.52
23.38
14.5
-3.92
-25.58
-44.4
-55.54
26.86
37.32
46.38
44.28
31.08
15.54
0.92
-11
-13.84
-6.24
-0.42
-6.34
-10.44
-13.48
-20.62
-21.14
1.4
18.22
27.54
35.82
38.4
24.54
6.82
-12.92
-30.8
-45.98
-54.28
-51.68
17.38
25.6
33.42
37.02
34.66
28.48
22.58
17.7
13.3
9.6
4.46
-14.08
-29.04
-32.2
-32.46
-24.28
10.06
36.72
40.42
38.88
29.14
1.78
-25.54
-40.24
-49.2
-52.88
-48.58
-37.02