10.875
11.5
8.75
5.5
1.75
-0.125
1.625
5.75
10.625
12.625
10.25
7.5
4.75
4.625
4.125
4.875
5.875
6.875
11
13
17.125
19.75
18.875
18.625
16.625
14.125
16.5
21.125
25.25
29.125
30.75
26.375
17.625
10.875
3.5
4
3.625
4.375
7.375
10.25
12.25
14.125
14.75
12.125
8
6.75
10.125
19.625
24.5
26.75
18.625
3.5
0.625
0.25
7.875
15.75
14.5
10.875
11.25
15.625
19.25
18.875
10
0.75
-2.125
0.625
4.125
8
1.75
-1
-0.5
3.75
10.875
15.75
16.625
13.875
9.25
4.625
2.25
4.625
12.5
23.75
31
30.125
17.25
4
-5.5
-0.375
15.125
26.625
36
35.625
37.25
38.25
33.25
24.125
7.625
-4.875
-7.875
-4.25
1
4.625
1.25
-2.625
-3.5
-0.25
3.625
5.75
4.875
1.375
-2.375
-3.5
1.125
9.875
20.5
27.25
30.125
29.125
27
40.25
46.125
61.5
82.75
92.25
102.625
98
84.75
67.5
53.625
47.125
43.125
38.75
33.625
24.5
14.125
7.125
0.125
0.125
-1.75
-3.75
-6
-7.75
-9.25
-9.875
-8
-1.75
13.25
34.25
55.625
68.875
74.375
77.625
82.25
93.625
104.125
106.625
105
104.5
102.125
92.5
73.5
53.125
41.75
47.375
65.5
72
61
38
13.875
-0.5
-1
1.75
1.125
-2.5
-5.875
-7.625
-8.25
-7
-1.25
10.875
31.125
57.375
77.25
87.25
87.75
75.625
64.5
49.25
39.625
28.125
14.125
10.5
11.25
19.375
24.375
31
37.375
46.25
62.5
68.625
56
32.75
8.375
-8.375
-1.625
-0.75
-0.625
-2.125
-3
-2.875
-1.875
2.5
11.625
26.375
42.875
51.375
42.25
23.875
1.875
-22.875
-34.625
-46
-54.125
-59.5
-67
-72.75
-71.75
-51
-21.875
13.5
44
55.875
57.5
56.875
52.75
44.375
29
11.625
-2
-2.5
-3.25
-3.875
-3.625
-2.625
2.25
13.5
27.75
42
43.75
21.125
-13.375
-46.75
-70.625
-74.625
-66.25
-59.25
-52.875
-52.875
-61.25
-71.75
-82.375
-77.375
-58.375
-31.625
0.5
22.75
33.5
42.375
52.75
62
62.5
48.25
0.875
1.875
1
0
0.125
2.75
12.875
29
43.125
48.125
31
-4.875
-35.5
-53.75
-55.5
-40.625
-27.875
-20.75
-16.25
-17.125
-24.25
-30.875
-39.75
-49.25
-54
-58.625
-54.375
-36.625
-12.25
13.375
36.375
55.875
70.25
64.625
13.875
13.375
12.25
10.375
10.375
15.375
27.5
42.25
50.25
44.625
26.125
6.125
-7.25
-12.125
-9.75
-6.125
-3.75
-1.875
-1.5
-2.125
-4.125
-5.25
-6.5
-13.375
-22.625
-37.75
-54.625
-57.375
-43.5
-18
9.625
32.25
48.625
53.125
28.375
23
20.25
18.5
21
30.75
41.5
48.75
50.75
44.375
40.75
46.75
47.25
39.5
27
9.625
0.25
-0.125
0
-0.25
-0.375
0
0.875
0
-3.5
-11.875
-26.625
-42.25
-49.375
-38.875
-16.5
5
26.375
43
25.75
19.75
17.375
18.25
27.375
44.375
49.625
43.625
37.5
30.375
37.375
60.125
72.5
67.75
52.125
29.125
10
2.125
0.25
-0.375
-0.875
-0.5
0.125
0.375
-0.375
-3
-9
-22.5
-39.125
-43.5
-30.75
-12.875
14.875
42.25
12.125
12.375
13.125
16.5
28.5
40.25
32.75
14.75
-2
-10
2.875
27.625
48
61.5
62.5
51.75
33.5
14
3.875
1.625
0.625
0.875
1.375
1.125
1
0.5
-1.75
-9
-21.375
-29.75
-24.375
-10.875
6.75
28.5
14
17.625
15.375
17.875
23.25
16.75
-1.375
-21.5
-43.25
-45.375
-30
-12.125
11
37.75
58.625
65.875
58.25
37.25
16.25
6.25
3.5
3
3.25
3.5
3.75
3.75
2.125
-1.75
-8.5
-16.125
-17
-6.75
-0.125
9.125
53.125
53.375
43.625
38.875
30.125
8.375
-11.125
-29
-49.625
-54.75
-50
-41.875
-20.625
7.75
35.625
57.875
65.25
57.75
39.625
18.875
9.75
9.25
12.375
14.375
12.75
9.125
3.375
-0.25
-4.25
-14.625
-24.625
-18.625
-13.625
-4.75
35.5
48
51.75
55
42.625
15.25
-0.625
-18.25
-33.875
-46.625
-60.5
-65.125
-51.625
-26.125
2.125
31.375
54.125
65.125
61.875
43.625
26.375
26.125
38.75
45.5
41.5
27.75
9.5
0.375
-2.5
-11.375
-23.125
-22.5
-17.625
-8.75
-63.75
-45.25
-23.5
0.25
5.5
-3.875
-6.75
-17
-21.5
-28.25
-48.375
-66.5
-67.75
-55.625
-33
-3.75
24.75
50.625
63.625
62.75
53.5
51.5
61.25
68.25
63.375
44.375
22.25
7.625
1
-4.75
-12.125
-13.875
-8
-3.25
-81.375
-87.125
-77.125
-60.5
-45.5
-30
-18.625
-15.5
-10.75
-9.75
-21.625
-42.875
-61.625
-71.25
-66
-44.25
-16.5
15.625
43.75
63.5
76.875
76.125
66.25
58
46
32
22
11.25
3.375
-1.625
-9.625
-11.125
-6
-2.25
-29.125
-42.875
-46.625
-46.875
-40.375
-25.5
-14.125
-6.625
-1.5
-1.25
-6
-17.25
-38.625
-59.375
-70.5
-69.125
-51.25
-24
7.875
40.875
64.375
67
52.75
37.625
26.75
22
19.5
11.5
3.25
-0.375
-4.5
-5
-3.125
-3
-3.25
-6.875
-10.125
-13.75
-13.375
-7
-0.75
3.875
5.25
1.5
-2
-4.375
-13.75
-29.25
-47
-64.875
-69.5
-55.625
-31.25
-0.5
21.25
25.5
21.875
21.375
28.375
33.5
31.5
21.625
7
0.25
1.375
2.25
1.5
-0.75
2.75
2
-0.625
-5.375
-3.5
3.25
7.375
11.625
8.875
1.75
-1.375
-2.125
-4.375
-11.125
-24.75
-42.875
-53.375
-52.75
-39.375
-20
-6.5
0.25
2.5
8.75
20.75
27.875
26.875
20.625
8.625
2
3.75
4.375
-0.5
-5
-0.75
-1.125
-2.625
-8.625
-9
-4.5
-2.625
4
4.375
0.5
-0.625
-1.75
-3.625
-5.875
-10.25
-14.5
-7.75
-10
-6.625
-1.75
-6.75
-2
0.25
2.375
6.5
11.25
12.375
10.25
7.125
5.25
8.25
7.5
-5.625
-23
-3.125
-3.5
-4.25
-11.125
-13.5
-9.875
-7.375
0.375
3.875
1.625
0.5
-0.25
-1.75
-2.25
-1.75
7.125
20.125
23.875
24.25
16.125
4.125
0.875
0.25
0.375
3
12.625
21
21.25
19.625
16.375
15.875
8
-15.375
-42.25
-0.25
-0.875
-3.75
-11
-7.875
3
11.125
18.25
15.5
5.125
-0.25
-0.125
-0.25
-0.125
0.5
8.75
7.875
12.25
13.125
5
6.125
1.875
0.375
0
3.375
15.75
28.625
32.125
29.875
25.125
18.5
-2.5
-27.5
-47.625
21.5
17.25
8.75
-0.125
-3
0.375
7.375
12.375
12.25
6.375
0.875
0.25
0.75
0.875
0
-5
-19.75
-26.625
-32.75
-36
-28.125
-26.75
-23.625
-17.75
-9.25
3.25
15.875
22.375
22.25
21
13.75
-10.25
-25
-34.25
48.375
46.25
38.75
31.5
15.75
-2.625
-8.375
-9.375
-2.75
5.625
4.625
1
0.75
0.75
-0.875
-13.75
-31.375
-50.5
-70.125
-80.125
-83.875
-83.75
-77.75
-66.5
-53.625
-39
-22.25
-5.25
10.5
21.25
15
-2.75
-13.25
-19.5
26.75
36.125
43.25
45.875
33.375
13.375
3.25
0.875
5.625
13.625
11.125
2.875
0.5
-0.125
-1.375
-9.375
-21.625
-40.875
-62.25
-77.5
-89.625
-94.25
-95.375
-95.875
-95.625
-91.25
-75.875
-44.5
-5.5
16.75
8.375
-9.375
-24.5
-26.375
-17.75
-11.25
-1.75
4
1.5
-3.25
-2.25
6.875
17.25
24.625
22.25
10.75
3.125
0.125
-1.5
-3
-8.25
-18.5
-29.25
-37.75
-44.375
-47.5
-53.375
-64
-74.625
-80
-69.125
-37.75
-6.5
-0.625
-17.625
-37.375
-46.25
-33.25
-23.25
-29.125
-31.25
-32.875
-33.75
-33.375
-30.125
-17
1.75
18.125
27.625
24.625
14.5
6.625
1.75
-1.25
-3.75
-7.125
-10.375
-12
-12.5
-12.5
-14.625
-19
-21.75
-17
-2.375
10.125
3.125
-21.5
-44.875
-53.875
-42.5
-19.875
-6.75
-11.625
-14.5
-18.125
-20.75
-23.375
-30.625
-33.375
-23.5
-5.5
16.75
36.25
39.375
29.5
17.875
5.5
-2.625
-4.875
-5.25
-4.625
-4.125
-3.375
-1.125
4
14.875
30.625
37.375
20.25
-14.875
-46.625
-57.875
-45.25
-21.375
-6.125
0.375
0.375
1
0.25
-1.5
-3.625
-12.625
-26.75
-34
-29
-10.375
20.75
46.25
51.125
44.125
31.5
17.5
12.25
12.375
12.25
12.5
17.25
25.25
37.5
54.125
57.375
35.375
-4
-39.75
-54.25
-43.75
-20.375
-4.875
-2
-2.5
-2
-1.25
-0.5
-0.625
-1.25
-4.375
-13.5
-26.125
-36.625
-38.875
-29.125
-5.375
22.25
44.75
63.5
69.875
67.75
66.25
63.75
64.375
71.375
75.875
76
68.75
43.5
9.875
-15.625
-23.5
-13.5
0.875
9.875
8.125
2.375
-6.75
-7.25
-6.375
-5.5
-5
-5.25
-5.625
-7.375
-13.5
-25.875
-41.125
-57.5
-62.625
-45.125
-15.875
19.375
49.625
61.25
63.375
62.875
64.625
66.375
61
43.375
10.5
-17.375
-21.375
-2.25
29.5
55.375
58.5
45.375
30.875
18.375
19
15.25
16.5
14.5
13.75
12.625
10.875
11.75
12.625
6
-4.75
-23.75
-47.625
-61.375
-66.75
-65.625
-54.125
-40.75
-34.5
-33.25
-29.125
-23.125
-20.375
-25.125
-42.25
-55.25
-46.125
-15.875
19.125
44.875
62.875
66.5
67.125
62.375
4.625
13.5
7.75
-3.5
-8.25
-4.625
0.875
2.25
2.625
5.375
3.5
-9
-17.25
-9.875
5.875
20.125
20.625
6.625
-7
-8.5
-0.125
4.5
0.125
-3.875
-5.375
-5.375
-5.25
-10.625
-14.5
-9.375
-1.25
4.125
6.125
1.125
4.25
11.25
6.125
-4.125
-7.875
-3.75
2.25
4.375
4
4.125
-0.5
-10.5
-11.625
-0.875
9.5
16.75
15.125
-2.5
-14.125
-4.5
6.875
5.5
-2
-3.625
-0.25
-1.125
-9
-15.625
-14.5
-9
-1.625
4.875
4.875
-3.25
1.75
8
6.25
0.75
-2.375
-2.5
0.625
4.125
4.5
1.125
-5.75
-9.875
-3.25
7.25
9.75
9.625
4.75
-7
-8.75
6.875
28.375
22.875
-5.75
-14.375
-0.5
3.25
-14.25
-26.375
-22.375
-14.625
-3.375
7.25
4
-8.625
-1.5
4.625
7.25
5.25
1.875
-1.25
-1.375
1.375
2.875
0.25
-2.625
1.375
12
17.5
9.875
7.375
5.75
-5.25
-3.625
16.25
40.25
31
-8.875
-28.25
-14.5
-2.25
-17.875
-31.625
-25.375
-19.5
-12.375
1
2.375
-9.375
-2.875
2.375
6.75
7.25
4.25
-1
-3.5
-1.375
2.5
5.5
10.5
21.75
33.125
29.375
10.625
2.625
-2
-10.125
-2.875
18.625
44
36
-3.375
-30.5
-30.25
-17.375
-20.25
-25.625
-18.25
-19.75
-27.5
-21
-10.125
-10
-2
2
5.125
6
4.125
-1.125
-4.75
-2.5
6
17.125
30.125
44.375
44.75
21.75
-2.75
-6.625
-8
-6.5
4.375
17.625
43.375
42.75
5
-25.375
-33.125
-24
-17.375
-15
-11.25
-22.125
-42.5
-46.5
-34.625
-20.375
0.625
1.5
2.375
2.875
2
-1.375
-3.375
2.25
17.125
33.875
48.375
54.375
37
3.875
-14.875
-9.875
-5.125
-4.75
2.625
12.75
26.5
26.5
6.5
-11.25
-18.875
-11.5
2.5
5.125
-3.75
-24.875
-51.25
-62.375
-57.25
-39.875
3.75
1.5
0.25
0.875
1.625
0.125
1.25
13
32.5
48
52
39.125
11.875
-11
-16.625
-13.375
-13
-10.75
-2.125
7.125
16
16.75
8.375
3.875
0.625
4.125
20.75
26.5
8.75
-21.625
-49.75
-63.25
-65.25
-58.5
4.625
1.375
-0.5
-0.25
1.625
3.75
10.875
28.75
46.625
50.375
38
9.875
-19.75
-28
-18.5
-11.625
-10.375
-6.25
0
4.375
8.25
7.875
4.5
10.75
18.75
21.625
30.375
36.375
24
-5.125
-35.125
-52.125
-63.25
-74.125
2.125
-0.375
-1
-1.625
0.625
8.875
25.25
47.25
56.75
44.625
19.625
-16.875
-46.25
-41.125
-18.25
-5.125
-1
0.625
1.5
1.875
1.375
0
-0.5
6.875
17.375
22.5
30.875
42.875
42.75
21
-11.375
-36
-54.875
-78.625
-1.625
-4
-2.25
-1.25
3.25
19.75
42.5
57
54.5
36.875
8
-27.25
-49.75
-47
-28.75
-9.375
0.75
1.625
0.25
0
-0.375
-1.25
-1.125
1.5
5.75
9.625
19.875
40
53.875
44.625
16.5
-15.5
-38.125
-64
-5.25
-7
-3.625
0.5
11.375
37.875
53.875
44.375
38.75
36.625
13.375
-17.625
-38.25
-51
-49.125
-27.875
-6.25
0.625
-0.75
-0.875
-0.125
-0.5
-0.375
0.125
0.625
1.5
7
24.75
47.625
57.5
45.25
8.375
-26.875
-47
-7.375
-7.875
-3.625
2.25
20.75
52.25
49.75
17
21.75
47.75
35.625
1.875
-25.75
-49.5
-58.5
-46.5
-25.25
-8.75
-3.625
-2.125
-0.125
0.375
0.625
0.125
-0.75
-1.5
0.5
11.25
30.875
56
69.375
35.875
-17
-38
-10.75
-13.625
-5.125
5.875
30.75
57.5
32.125
-14.25
6.5
58.125
58.75
23.875
-7.5
-35
-52.625
-54.375
-45.25
-28.5
-13.5
-5.25
-1.25
0.5
1.5
0.5
-1.25
-2
-1.375
3.25
15.25
43.625
77.5
62.25
3.375
-29.875
-8.375
-15.875
-11.125
-0.125
30.125
47.875
3.375
-41.5
-5.125
55.75
67
44.375
17.375
-8.5
-30.875
-47.125
-52.25
-46
-31.875
-16.125
-5
4
8.875
1.875
-9
-9.125
-3.375
0
7.5
32.125
69.375
74.625
25.125
-23.5
2
-0.75
-0.25
0.25
24.625
22.25
-29.625
-50.75
-6.875
42.375
58.75
54.375
42.375
23.375
-1.125
-27.125
-45.125
-50.625
-47.875
-35.625
-15.125
10.125
27.5
10.75
-24
-29.75
-12.25
-1.875
3.5
22.625
60.125
81.5
43.125
-19.5
5.5
4.5
5.75
10.5
28.75
2.625
-48.75
-46.75
-6.25
24
40.875
50.75
53.5
45.625
24
0.75
-19.75
-39.625
-51.125
-49.25
-25.75
16.25
40
11.5
-37.625
-47.875
-25.25
-7.375
0.5
12.75
42.875
80.875
66.75
-5.25
10.625
12.375
11.625
20.75
35.25
-7.5
-56.625
-40
-5.25
9
19.625
36.125
50.375
52.25
40.25
28.5
15
-12.625
-40
-47.25
-25.375
16.875
39.5
5.25
-53.5
-68
-38.75
-11.75
-0.625
7.875
30.625
75.625
81.75
9
11.625
19.375
22.375
37.125
47.375
-6.75
-53.375
-31.625
-3.75
3
7
17.5
35.375
47.625
45
40.875
36.25
19.75
-9.125
-31.625
-21.375
13.5
31.75
1.625
-53.25
-77.5
-58
-25
-4.25
6.125
26.75
73.75
88.375
14.5
3.75
8.125
15.875
44.75
59.375
5.75
-41.25
-27.875
-6.75
0.25
3
5.875
15.25
29.25
37.75
42.875
44.5
42.125
29
1
-8.75
7.25
12.875
-7.375
-40.625
-69.25
-72.5
-43.125
-10
5
21.375
71
94.75
19.5
1.25
4.25
11.875
40.875
61.25
19.5
-30.125
-30.625
-12.875
-2.5
1.375
3.125
5.375
10.875
22.75
36.125
49.125
59.75
51.125
26
7.75
2.25
0
-8
-29.25
-64.375
-83.125
-55.875
-13.625
6.5
23.5
71.125
88.75
9.75
1
3.875
9.875
34.625
55.75
26.75
-18.625
-29.5
-16.375
-4
0.375
2
3.125
4.125
10
23.75
52.25
75
60.625
31.5
12
2.5
-0.25
-2.375
-14.75
-53.25
-89.375
-72
-22.875
7.5
29.75
72.75
72.625
-15.75
1.375
3
7.25
27.125
53.75
43.125
-5.625
-35.625
-24.625
-6.125
-0.5
1
2
2
5.75
22.625
59.375
80.125
59
30.625
12.625
2.625
0.25
-0.375
-8.5
-40.625
-79.75
-78.25
-36.625
5.375
37.875
66.25
38.875
-45
0.75
1.875
4.75
19
50.375
60.5
12.125
-39.5
-35.75
-10.625
-1
1.125
1.5
0.875
5.75
27.25
66.375
79.5
52.875
28
12.625
2.625
0.375
0
-6.125
-31
-66.875
-78.875
-49.375
2.375
46
52.5
-3.5
-71.125
-4
-5
-1.25
10.125
41.25
61.875
23.375
-32.125
-37.5
-14.375
-2.375
1.25
1.5
0.375
5.5
27.75
61.75
70.125
47.75
23.5
8.375
3.75
5.125
7
3.75
-14.75
-48.875
-76.375
-62.5
-2.75
51.5
34.75
-44.75
-87.75
-4.125
-6.25
-3.5
2.25
31.5
57.125
25.875
-27.625
-39.5
-20.625
-5.625
1.25
2.25
0.5
4.125
22
44.875
51.5
40.875
19.125
3.875
4.75
9.5
13.25
11.875
-1
-28.25
-58.75
-54
1.75
43.75
1.5
-75.5
-82
-0.5
-1.875
-1
-0.625
19.375
40.625
25.5
-11.375
-32.375
-28.375
-13.375
-1.625
1.75
0.875
2.625
12.125
24.625
32.625
31.25
15
2.125
4.75
10.125
13.375
12.875
4.5
-13.125
-29.75
-21.5
10.5
15.875
-35.875
-80.75
-58.125
0.25
-1.5
-1.5
-2
9.75
20
19.75
12.875
-8.25
-28.375
-24.5
-9.5
-1.875
0.375
2
4.5
9.75
16.75
16.25
5
-0.375
5.5
10.875
13.25
13.375
10.5
7.125
5.75
6
0.875
-22.875
-58.375
-65.75
-34.75
4.5
4.125
2.5
-0.625
3.5
7.625
14.875
25.5
12.5
-17.375
-26.875
-16.875
-8.5
-4.875
-1.75
0.75
3.25
6.625
5.375
-0.5
-1.5
3
5.875
7
9.75
17.5
29.125
31.125
12.125
-20.75
-51.875
-63.125
-43.5
-13.875
4.5
4.375
2.5
0.875
2.75
4.625
13.125
28.375
25
1.75
-12.5
-11.75
-10.375
-14.75
-15.625
-7.5
0.125
2.875
2.25
-0.125
-0.375
2.125
4.875
7.5
14.125
26.875
34.375
21.25
-10.875
-44.375
-60.125
-48.5
-20.625
-1.375
0.625
-0.125
-1
-0.25
2
2.875
8.875
23.5
29
17.5
6.125
4.5
2
-13.875
-27.125
-17.75
-3.5
0
0.375
1.25
1.5
5.75
13.5
18
23.875
28.375
15.625
-14
-44
-57.5
-47.75
-24.875
-6.375
0.25
0.25
0.5
0.25
-0.25
-0.625
-0.25
2.875
11
20.625
23.875
19.375
15.375
13.875
2.75
-11.25
-7.75
0.375
-3
-4.25
2
5.375
8.875
13.625
12.75
14.25
15.75
-2.125
-37.125
-60
-50.75
-29.625
-17.375
-7.375
-0.875
0
1.25
0.625
0
-0.75
-1
-0.125
2.125
8.75
18.125
22.375
22
20.875
11.375
-1.375
1.875
9.625
3
-4.125
-0.125
7.375
15.625
16.75
5.375
-1
0.125
-10.125
-32
-42.5
-32.125
-24.25
-26.375
-18.625
-6.875
0
1.5
-0.75
-0.5
-1.75
-2.625
-2.625
0.25
6.125
5.75
3.75
11.25
20.125
20.625
13.5
11.375
13.375
7
-1.25
-4.5
5.875
33.125
33.375
-8.875
-34.5
-25.25
-16.125
-15.875
-14.125
-9.125
-7.375
-14
-18.125
-15.875
7.66667
8.66667
9.05556
9.61111
11.6667
14.1111
15.5556
14
11.4444
11.9444
14.6667
18.4444
19
21.3889
20.6111
17.2222
13
12.3889
18.4444
22.5556
27.8889
33.6667
40.8889
41
35.2222
31
27.8333
23.5
17.4444
14.2222
11.6667
9.44444
2.72222
4.27778
5.88889
7.72222
10.3889
12.7778
12.7778
9.94444
8.38889
11.4444
18.4444
26.0556
31.8333
38.1667
38.7778
38.3333
35.1111
37.9444
45.8333
52.6667
60.5556
64.1667
69.6111
66.9444
57.8333
49.1667
42.1667
35.5
26.4444
19.7222
15.3333
12
0.5
1.11111
1.94444
2.83333
3.72222
4.05556
3.61111
3.22222
7.11111
16.6667
29.8889
42.1111
52.9444
61.6111
64.4444
68.1667
67.0556
72.6111
82.7222
94.3889
104.444
103.667
102.389
94.6111
82.5556
70.8889
62.1667
54.8889
46.3333
37.0556
28.5556
18.8889
-1.27778
-1.55556
-2.5
-3.61111
-5
-5.66667
-4.22222
1
13.0556
30.7222
49.4444
64.7222
77.7222
86.1111
88.7222
88
86.5556
87.2222
88.2778
92.3333
96
93
85.3889
80.5
78.9444
77.6667
76.9444
75.5556
71.5
60.3333
45.2778
28.7222
-2.27778
-2.5
-3.61111
-5.5
-7.27778
-6.72222
-1.5
9.61111
26.1111
44.5
59.0556
68.9444
74.1111
70.6111
62.8333
51.7222
45.5
37.8333
29.9444
27.1667
27.4444
30.3333
29.3333
36.7778
51.2778
65.3333
75.1111
80.1111
81.5
71.8333
53
33.5
-3.22222
-3.16667
-3.66667
-4.77778
-4.22222
0.611111
10.2778
24.2778
38.1111
46.3889
46.3889
41.2778
31.3889
14.5556
-0.888889
-14.3889
-19.1111
-27.8889
-39.2778
-47.5556
-52.3333
-46.3333
-39.3333
-21.6667
5
32.1667
53.2778
66.8333
76.0556
75.3333
62.3889
45.7222
-1.44444
-1.38889
-1.38889
-0.833333
3.72222
13.6667
26.3333
38.8889
44.1111
37.3889
21.8333
2.5
-19
-41
-54.3333
-58.1111
-56.3333
-59.4444
-66.1111
-72.7778
-79.4444
-77.5556
-71.2222
-57.6111
-35.8889
-10.2222
14.6111
34.8333
52.7778
67.0556
70.8333
62.5
6.5
5.44444
5
7.61111
16.1111
28.8333
41.1111
49.5556
47.8333
33.5
11.9444
-11.8333
-33.8333
-49.8333
-54.7778
-49.9444
-44.0556
-42.0556
-44
-47.8333
-54.5556
-59.7222
-62.1111
-62.2778
-56.8889
-44.9444
-26.2222
-4.61111
17.9444
43.2778
65.3333
70.6667
19.3333
16.7778
16.3333
21.8333
32.5556
43.8889
52.8889
57.7778
55.1667
44.7778
28.6111
10.1111
-5.55556
-14.6111
-17.0556
-16.8889
-15.9444
-14.1667
-14.6111
-16.5556
-20.6667
-27.2222
-34.5
-43.6667
-52.0556
-55.7222
-50.2222
-34.9444
-15.0556
9.88889
40.3889
60.9444
29.0556
25.8889
27.8333
36.9444
46
51.5
56.5556
60.3333
60.5556
57.7222
53.2778
46.7222
37.6667
30
22.1111
10.8889
1.77778
-1.11111
-2
-2.5
-3.5
-6.72222
-11.6667
-20.2778
-32
-44.4444
-51.6111
-46.7222
-33.1667
-16.5556
9.33333
39.4444
29.1111
28.1667
34.1667
44.6667
47.3333
44.1667
44.5
47.2778
47.1667
48.9444
57.7222
66.9444
66.5
59.2222
48.2778
31.3333
15.5
6
1.83333
1.11111
0.833333
0.277778
-1
-4.66667
-12.3333
-24.9444
-38.0556
-41.3333
-33.7778
-24.5556
-7.72222
21.5556
25.8333
27.5556
34
40.0556
33.5
22.2222
15.9444
14.1667
10.7222
13.5
32
56.1111
69.2778
69.8889
62.7222
50.4444
34.5
18.5
7.72222
3.44444
2.27778
1.77778
1.61111
1
-2.22222
-11
-23.2222
-30.5
-27.6667
-21.5
-13.4444
6.94444
41.7222
43.5556
43.7778
37.0556
20.5
2.66667
-12.7222
-24.6667
-33.2222
-28.3889
-8.05556
20.4444
47.2222
63.2778
68.1111
65
55.1667
38.1667
22.2778
13.2778
10.5556
9.38889
8.33333
8.38889
6.61111
0.222222
-10.3333
-19.7222
-22.7222
-17.2778
-13.6667
-4.38889
43.1667
49.2778
45.7778
31.6111
13.2222
-5.72222
-26.7778
-49.9444
-62.9444
-58
-43.0556
-21.6667
9.05556
39.7222
60
69.2778
67.6111
56.7222
42.3889
31.9444
28.9444
26.5
23.9444
22.9444
20.6111
12.8333
-0.333333
-13.5
-20.9444
-17.1667
-15.4444
-13.0556
23.1111
32.8889
32.4444
19.4444
7.27778
-6.11111
-24.3333
-51.5556
-67.8333
-68.0556
-63.7778
-54.9444
-32.5
1.55556
34.0556
57.1111
67.1111
67.5
64.1111
60.0556
57.9444
53.5556
48.5
44.9444
38.8889
26.3889
9.55556
-6.88889
-19.2222
-18.0556
-15.3333
-15.7222
-39.7222
-23.5556
-14.3333
-14.0556
-11.6667
-12.5556
-20.0556
-40.1111
-54.9444
-62.4444
-69.1667
-72.2222
-63.3333
-39.3889
-6.11111
27
49.7222
65.7222
76.6111
82.8889
84
78.6111
70.4444
60.8333
49.5
33.8889
16.1111
-0.777778
-13.1667
-14.5
-10.6111
-10.5556
-68.3333
-59.2778
-49.2222
-42.2778
-30.8333
-20.3333
-16.8333
-23.7222
-31.7778
-43.6667
-59.1667
-71.2778
-75.5556
-68.1667
-48.0556
-16.5556
15.8889
44.7778
68.7778
83.6111
87.7778
84.7778
76.7222
63.5
47.6111
33.4444
22.0556
7.88889
-7
-10.3333
-6.55556
-6.77778
-60.8333
-58.2778
-52.0556
-43.4444
-31.1667
-19
-11.9444
-10
-12.2778
-22.5
-39.9444
-56.5556
-68.7778
-75.9444
-72.6667
-54
-23.4444
10.8333
39.3333
58.2222
67.5
70.3889
66.6111
53.4444
38.5556
29.7778
23.9444
13.4444
0.666667
-3.77778
-1.83333
-2
-24.7778
-29.7778
-28.7778
-23.1111
-16.2222
-8.88889
-3.44444
1.44444
1.11111
-6.88889
-19.8889
-34.5
-49.7222
-64.6111
-71.9444
-67.3333
-48.8889
-23.4444
1.27778
20.6111
31.8333
40.8889
45.5556
40.4444
31.3333
27.8889
26.3889
18.1667
5.5
0.333333
-0.777778
-3.72222
-5.33333
-10.5556
-10.9444
-6.61111
-4.27778
-2.38889
-0.0555556
4.66667
4.11111
-1.33333
-8.27778
-17.3333
-29.6667
-42.9444
-48.7778
-51.2222
-44.2778
-30.7778
-15.0556
-0.444444
7.61111
17.4444
25.6667
27.5556
25.1111
24.2778
23.3889
18.9444
11.8333
5.55556
-1.38889
-8.11111
-2.88889
-8.77778
-8.5
-3.5
-2.05556
-1.22222
0.611111
6.5
5.72222
0.222222
-3
-6.72222
-13.3333
-18.3889
-17
-18.7778
-17.6111
-13.7778
-7
-1.61111
-1.88889
3.83333
11.0556
18.2222
21.7778
22.1667
22.4444
22.7222
20.8889
10.6667
-6.22222
-19.5556
-3.72222
-10.1667
-10.6667
-5.22222
-2.44444
-1.33333
0.611111
7.27778
7.55556
1.94444
-1.55556
-2.88889
-4.83333
-1.88889
2.27778
3.27778
4.5
5.72222
7.5
4.72222
1.11111
1.33333
4.88889
13.7222
21
22.1111
22.7222
27.1667
29.4444
11.8333
-14.1111
-30.1667
6.66667
-1.5
-4.38889
-0.944444
1.83333
2.11111
3.88889
9.55556
9.61111
4.16667
0.166667
-0.722222
-0.777778
2.77778
1.27778
0.388889
-1.72222
-4.66667
-7.61111
-13.5
-13.6111
-13.4444
-8.61111
3.83333
16.8333
22.5
25.6111
32.8889
35.6667
12.3889
-16.7778
-31.8333
27.6111
20.3889
12.2778
8.88889
8.77778
6.5
5.11111
6.55556
8.05556
6.22222
2.27778
0.333333
-0.333333
-2.83333
-13
-20.5556
-29.4444
-39.2778
-48.0556
-53.8333
-50.4444
-48.2778
-41.2778
-27.3333
-11.2222
1.5
12.0556
23.5556
26
6
-13.8333
-23.8889
43.0556
39.5
28.7778
18.1111
14.0556
10.7778
6.61111
3.61111
6.11111
9.16667
6.44444
2.05556
-0.333333
-8.27778
-22.2222
-36.6111
-53.2778
-70.6667
-86.1111
-94
-94.0556
-92.0556
-85.6111
-73.5556
-55.8889
-34.2222
-12.1111
4.77778
7.88889
-0.777778
-7.66667
-14.8333
31
32.8333
25.4444
14.5556
10.6667
10.8889
8.27778
4.83333
8.72222
14.6111
12.6111
5.38889
0.388889
-8.5
-20.1667
-35.3333
-53.1111
-71.2222
-88
-98.2222
-104.778
-107.444
-107.056
-102.111
-87.8333
-62.5556
-35.1111
-18.7778
-16.1667
-14
-11.5556
-18.7778
0.666667
3.38889
0.777778
-5.77778
-7
-1.11111
3.33333
6.05556
12.7222
20.4444
20.9444
13.5556
6.05556
-2
-10.7222
-22.5
-35.3889
-47.5556
-59.5556
-68.9444
-77.5
-83.0556
-86.7222
-85.7222
-74.3889
-54
-35.8889
-30.1111
-31.2222
-27.6667
-26.6111
-33.5
-20.3889
-21
-22.4444
-25.8333
-26.8889
-20.8333
-11.6111
-1.5
9.77778
21.3333
28.3889
26.5
19.4444
11.1111
2.22222
-7.94444
-16.5556
-22
-27.2222
-32
-36
-38.0556
-37.8333
-33.6111
-25.1111
-18.3333
-20.1667
-29.2778
-37.0556
-40.3333
-43.8889
-45.1111
-17.8889
-20.7222
-23
-25.8889
-30.0556
-31.3333
-26.6111
-16.1667
-3.33333
11.7222
27.2222
35.8889
35.7222
30.6667
22.8889
12.7222
4.61111
1.94444
0.666667
0.777778
3
7.94444
15.1667
21.8333
22.7778
11.9444
-6.83333
-25.1667
-38.6111
-47.2778
-49.1111
-40.6111
-7.77778
-10
-12.1111
-14.5556
-20.3889
-28.3333
-32.1111
-29.0556
-21.6111
-10.0556
7.5
25.7778
38.3889
45.7222
48.1667
46
42.3333
41.2778
41.6111
43.1667
46.8333
52.5
58
57.5556
45.8333
23.1667
0.666667
-15.6667
-28.8333
-35.4444
-31.4444
-19
-3.66667
-4.16667
-4.33333
-5.05556
-9.05556
-17.2778
-26
-32.0556
-34.6111
-33.6111
-24.7222
-8.55556
9.22222
26.8333
41.2778
51.0556
56.2222
58.8889
61.7778
64.6667
66.0556
66.1111
61.7222
50.4444
33.5
15.6667
5.05556
1.22222
-0.222222
2.61111
9.5
14.3889
8.94444
7.5
8.11111
7.05556
5.05556
1.27778
-4.88889
-14.8889
-25.1667
-35.9444
-41.6111
-37.9444
-27.8889
-12.0556
5.61111
23.9444
37.5556
42.3889
47.7222
54.1111
54.0556
45.1667
30.3889
15.8333
2.27778
-6.77778
-5.77778
5.88889
23.9444
40.1667
50
50.0556
9.33333
8.88889
3.16667
-2.16667
-3
-1
1.33333
2.66667
1.44444
-3.16667
-7.44444
-7.11111
1.33333
10.9444
14.7222
9.11111
-1.66667
-3.27778
4.66667
15.2222
13.5556
2.11111
-5.11111
-6.55556
-7.66667
-17.3333
-27.2778
-28.5
-18.6667
-3.88889
6
5.88889
6.83333
7.27778
2.66667
-1.72222
-2.83333
-0.666667
1.88889
3.5
2.94444
0.777778
0.444444
2.5
8.05556
13.8333
15.6667
13.2222
3.44444
4.16667
11.6111
24
18.5556
0.833333
-13.8333
-18.0556
-17.5
-22.6111
-27.3889
-26.5
-19.8889
-11.0556
-4.77778
-4.11111
5.5
6.22222
3.38889
-0.277778
-2.05556
-0.5
2.72222
5.88889
8.11111
10.8889
16.5556
20.7778
20.7222
17.1667
10.5556
6.72222
-1.27778
5.5
17.2778
32.5
24.5556
0.555556
-21.2778
-28.9444
-25.4444
-23.8889
-23.7222
-24.2222
-24.8889
-24.2778
-20.8889
-16.5556
4.61111
6.33333
5.05556
2.16667
-0.888889
-1
2.33333
8.88889
17.5
27.1667
35.4444
35.5
25.0556
11.4444
-1.72222
-6.11111
-10.1111
3.44444
21.3889
39
31.1111
5.33333
-17.5
-26.5
-23.3889
-22.5556
-24.0556
-27.8889
-33.1667
-37.3333
-36.7222
-30.3889
3.05556
5.83333
6.16667
3.83333
-0.0555556
-0.388889
5.38889
17.1667
31.1111
41.9444
44.7222
34.8333
16.8889
0.833333
-10.0556
-11.5
-11.7222
4.05556
22.0556
38.3889
30.8889
9.11111
-9.11111
-14.6667
-11.1667
-11.7778
-17.2222
-26.3333
-37.2778
-46.9444
-52.2222
-49.1667
2.33333
4.27778
5.11111
3.66667
1.44444
4.16667
14.6111
30.3889
44
48.1667
40.8333
23.0556
4.72222
-7.22222
-11.5556
-7.83333
-5.11111
8.77778
21.5
35.2222
28.6667
10.2222
-7.77778
-12.2222
-4.88889
2.61111
2.05556
-10.6111
-32.0556
-53.1111
-65.2778
-67.1667
2.55556
1.94444
2.16667
2.5
5.16667
13.7778
28.5556
44
51.8889
46.9444
31.7222
11.1667
-4.11111
-11
-10.2222
-5.77778
-2.55556
5.33333
13.3333
20.7778
18
6.66667
-4.66667
-7.05556
2.88889
17.8889
25.1667
13.1667
-16.7778
-50.7222
-72.0556
-79.8333
1.72222
0
0.111111
3.05556
11.6667
26.3889
43.6667
55.7778
56.1667
42.0556
17.9444
-7.05556
-20.9444
-22.6111
-17.2222
-12.1667
-7.61111
-1.05556
6.88889
12.1667
13.1111
8.94444
5
4.72222
12.7778
27.2778
37.7778
30.8333
2.72222
-35.7222
-66.5556
-84.4444
-1.33333
-1.88889
0.888889
8.27778
22.3333
40.2222
56.1111
63.2222
56.7222
34.6667
0.944444
-31.5556
-47.1111
-42.3889
-26.2778
-13.1111
-4.94444
-0.611111
4.16667
6
7.11111
7.88889
11.7222
17
23.9444
33.3889
41.2222
39.5
21.7222
-10.1111
-44.5
-75.2778
-4.27778
-3.33333
4.16667
17.8333
35.6667
50.5
60
63
54.6667
27.7222
-11.3889
-47.0556
-61.3333
-54
-33.4444
-14.4444
-3.11111
0.222222
1.11111
0.611111
0.722222
2.72222
7.88889
15.2778
23.2222
33.5556
43.7222
48.8333
41.8333
18.2222
-15.6667
-56.1111
-4.77778
-3.38889
8.05556
26.2222
44.8889
52.2778
53.8333
55.9444
52.2778
28.7222
-9.38889
-43.0556
-57.3889
-55.5556
-42.8333
-27
-12.6111
-5
-1.83333
-1
-0.611111
0.388889
1.77778
5.22222
11.5556
23.7222
39.9444
55.3333
60.3333
45.1111
12.5
-34
-8.38889
-5.55556
11.6667
32.0556
47.7222
45.2222
39.2778
43.7222
51.5
40.9444
9.11111
-26
-47.9444
-55.8889
-52.3889
-42.4444
-28.1667
-15.8333
-6.94444
-2.44444
-0.388889
0.444444
0.388889
0.222222
2.55556
10.8889
27.2222
49.7222
68.2222
65.7222
37.6667
-11.1667
-13.2778
-11
8.55556
30.0556
40.3889
28.6667
17.6111
27.4444
49.6667
55.6111
33.7222
-2.22222
-33.6667
-51.0556
-55.2222
-51.1111
-42.3889
-31.1667
-17.8333
-6.27778
2.11111
4.05556
0.666667
-5.05556
-6.16667
-0.111111
14
37.1667
63.8333
76.0556
58.1111
12.8333
-3.05556
-2.05556
13.3333
28.5
26.6667
5.5
-7
10.9444
44.8333
62.7778
52.9444
25.4444
-6.83333
-33.6111
-48.3333
-52.5
-50.3889
-45.0556
-32.7222
-13.2778
6.5
13.8333
3.94444
-13.3889
-20.3889
-13.5
1.88889
24.1667
54.9444
79.8333
75.3333
34.6111
3.77778
7.22222
21.4444
30.4444
15.2778
-14.8889
-27
-2
38.3889
61.0556
60.4444
45.3889
23.2778
-4
-28.1667
-42.8889
-49.8889
-50.8333
-42.2222
-18.8333
8.83333
19.2222
3.38889
-23.2778
-34.8889
-26.8333
-8.88889
13.1111
43.6667
75.9444
82.8889
51.5
8.05556
14.7778
27.7778
29.7222
3.44444
-29.8889
-37.8333
-9.22222
29.9444
53
57.9444
53.8889
43.6667
25.8333
2.44444
-20.3333
-38.2778
-46.9444
-41.7222
-19.1111
8.55556
17.0556
-3.88889
-36.8333
-51.0556
-40.2222
-17.6667
5.44444
33.9444
70.1667
86.0556
63.6667
10
20.5
32.4444
29.9444
-3.5
-36.2222
-41.3889
-14.9444
17.8889
39.1111
50.2778
54.1667
52
42.8333
27.8333
7.88889
-14.8889
-31.6667
-34.6667
-16.7222
8.33333
15.8889
-7.5
-45.5
-65.5
-56.4444
-30.7222
-4.55556
23.6667
63.2222
87.6667
74
14.5
27.7222
37.2778
33.4444
-3.72222
-36.2222
-42.2778
-20.6667
4.72222
22.0556
36.9444
47.6667
51.5556
48.8333
42.4444
33.2222
15.3333
-4.5
-18
-9.44444
9.61111
15.5
-9.16667
-51.1111
-77.6667
-73.2222
-45.9444
-15
15.3333
57.6667
87.2778
80.6667
19.8889
37.1111
48.6667
45.2222
6.55556
-29.1111
-39.6667
-23.1111
-3.22222
9
21.4444
34.1667
43.9444
47.3889
50.8333
52.1111
45
25
4.05556
0.277778
10.1667
12.8889
-10.7778
-53
-85.5556
-87.5556
-60.2778
-23.5
11.8333
56.1111
86.2222
79.1667
11.7778
32.2222
50.7222
52.9444
19.5
-17.0556
-32.3889
-21.8889
-6.22222
2
8.83333
17.3333
28.8889
40.6111
56.4444
68.4444
70.0556
50.5556
26.2778
9.88889
7.5
3.44444
-14.8889
-49
-82.5556
-93.7222
-72.8333
-33.3889
8.05556
55.1111
81.7222
69.8889
8.11111
26.1111
47.8333
56.6111
31.7222
-6.44444
-29.8333
-26.3889
-11.3889
-1.33333
3.22222
7.05556
15.1111
31.1667
56.6667
79
86.2778
68
41.3333
17.2778
5.66667
-1.94444
-14.8333
-41.1111
-74.1111
-93.2778
-81.2222
-42.7222
5
53.4444
70.7778
47.8889
5.83333
20.1667
43.3333
59.4444
44.7778
5.44444
-28.3889
-33.9444
-18.8889
-4.38889
2.11111
3.77778
7.72222
21.6667
48.9444
78.8333
92.8333
78.8333
50.1667
22.1667
7
0.222222
-7.55556
-28.6111
-62.7778
-91.2222
-89.7222
-53.2778
0.444444
48.6111
55.7778
21.7222
-0.555556
10.8333
34.8333
56.3889
50.5
13.8889
-24.4444
-36.2222
-23.1667
-6.94444
0.833333
2.5
4.55556
16.5556
41.8333
72.3889
88.2778
77.2222
50.5
23.7222
10.2778
5.88889
2.27778
-14.3889
-47.0556
-81.1667
-89.8333
-59
-3.77778
41.0556
37.3333
-5.72222
-1.94444
5.38889
25.8333
47.3333
47.5556
17.0556
-20.2222
-35.8889
-26.3889
-10.2222
-1.05556
1.88889
3.88889
14.9444
38.2222
64.5556
76.6667
63.3889
40.0556
18.5
11
9.94444
9.16667
-3.22222
-31
-63.3889
-75.5
-50.1111
-1.66667
29.8889
11.8333
-35.7778
0.944444
4.5
19.3333
37.8889
42.7222
20.7778
-12.5
-32.6111
-30
-16.3889
-5.22222
0.388889
3.44444
13.9444
33.2222
54.9444
61.9444
49.5556
28.7778
12.5556
8.27778
9.5
10.6111
3.22222
-16.2222
-40.7778
-51.1111
-33
-0.555556
10.4444
-18.2222
-59.6111
-0.333333
1.38889
13.7778
32.1111
41.1111
26.8889
-1.61111
-24.9444
-30.8333
-23.1667
-12.0556
-3.5
1.61111
10.9444
24.2778
40.7778
44.7778
37.7778
21.4444
10.3333
7.22222
9.66667
11.7222
8.77778
-0.944444
-15
-24.2222
-20
-10.3889
-16.6667
-44.1111
-69.2222
-1.22222
-0.611111
7.44444
21.4444
31.5556
27.7778
11
-9.05556
-21.7222
-23.2222
-17.2778
-9.66667
-4.05556
3.11111
12.1667
23.7222
28.5
26.3333
16.3333
8.72222
6.94444
9.94444
13.7222
15.7222
14.7222
7.55556
-5.22222
-16.7778
-25.3333
-38.2222
-55.3889
-64.2778
-1.05556
-1.33333
2
9.5
17.2222
21.7222
18.6111
7.83333
-5
-12
-12.9444
-11.9444
-12.3333
-10.3333
-3
7.05556
13.5556
13.1111
7.88889
4.77778
7.33333
13.6111
20.9444
27.0556
28.7778
19.7778
-0.0555556
-21.5
-37.7222
-49.4444
-56.7778
-53.2222
3.77778
2.05556
1.44444
3.55556
8.94444
16.3333
19.9444
15.2778
5.55556
-0.0555556
-1.11111
-4
-11.7222
-17.6667
-13.7778
-4.61111
2.72222
3.83333
2.11111
3.44444
8.66667
16.8333
24.1667
28.8333
26.3333
13.8333
-5.94444
-26.1667
-43.3889
-54.2778
-54.6667
-40.8333
4.33333
3.11111
2.11111
2.66667
7.05556
15
21.3333
19.8333
11.6111
5.61111
5.27778
5.22222
1.16667
-4.16667
-4.61111
-2.44444
-1
-0.611111
1.05556
5.5
9.5
12.6111
14
15.6667
14.0556
5.16667
-12.2222
-33.3333
-52.1667
-59.1111
-51.1111
-29.8889
0.222222
0.5
0.555556
1.38889
4.61111
11.8333
20
22.8333
18.1667
11.9444
9.27778
7.66667
4.66667
1.72222
2.94444
4.5
3.22222
0.555556
1.88889
8.11111
13.0556
13.1111
8.83333
8.11111
9.61111
5.33333
-13.0556
-38.7778
-57.8889
-59.0556
-45.8333
-26.5
-0.944444
0.166667
-1.33333
-1.61111
-0.944444
3.94444
12.4444
19.1111
19.5
14.7222
11.7222
8.5
5.55556
2.5
4.27778
6.94444
6.11111
1.61111
2.27778
12.7778
23.6111
21.3889
5.5
-5.5
-6.27778
-7.88889
-21.8889
-37.8889
-41.5
-32.8333
-22.7778
-18.6111
8
8.3125
7.90625
8.21875
9.65625
10.9375
13.4063
18.6563
26.625
35.2813
42.125
48.4375
52
57.375
61.1563
65.4063
68.75
71.5
74.2813
75.3125
79.25
80.3125
79.4375
74.7813
67.6563
58.7813
50.1875
43.1563
34.875
27.75
3.4375
3.65625
2.875
2.8125
4.375
7.53125
13.7813
23.4375
34.2813
44.3438
53.4688
61.125
66.375
73.6563
76.25
78
81.1563
86
90.875
94.4063
98.1563
98.0938
98.7188
96.4063
90.9688
82.125
71.25
60.4375
49.875
40.1875
-0.9375
-1.03125
-2.09375
-2.3125
0.1875
6.21875
16.9688
30.2813
42.7188
53.2188
63.3125
71.75
78.2813
82.6563
82.5625
78.9688
76.3125
77.0313
79.2813
80.75
80.125
80.2188
82.3125
86.0938
89.625
88.5
81.9063
72.7188
63.4688
52.8125
-3.625
-3.4375
-3.46875
-2.0625
2.78125
12.0313
24.4375
36.6563
46.125
53.8125
60.5313
62.875
62.8438
58.625
51.875
42.6563
34.875
30.25
28.8125
31.0625
31.2188
34.8438
42.9063
55.4375
69.1875
79.0625
81.8125
78.5938
73.75
64.25
-3.53125
-2.5625
-0.53125
4.03125
11.625
22.0938
32.4688
39.0625
40.75
40.5
38.1563
30.8438
22.4375
10.9375
0.5625
-9.5625
-17.0313
-22.75
-25.375
-22.0625
-19.375
-12.5938
-1.4375
15.9375
36
55.1563
69.5625
76.2813
77.5938
71.625
1.53125
3.15625
7.65625
15.5938
25.4375
35.5
42.125
42
36.9375
30.2813
20.375
6.5
-7.125
-22.375
-32.7188
-39.875
-46.0625
-52.3438
-56.9063
-57.125
-56.875
-52.0625
-44.0625
-28.5938
-7.25
16.3438
38.7188
55.8438
67
69.1563
11.6875
14.8438
21.75
31.4063
41.7188
50.0938
52.75
49.4063
41.7813
30.7188
15.875
-1.53125
-17.9063
-32.9375
-42.1875
-47.125
-51.5
-55.5313
-59.25
-60.875
-62.3125
-62.5313
-60.4375
-52.2813
-37.4375
-17.7188
4.40625
25.375
44.875
57.1563
24
29.125
36.375
44.1875
52.5625
58.5313
60.0625
58.7813
52.5938
39.5938
23.8438
8.9375
-4.78125
-16.0313
-23.4063
-28.8125
-33.5313
-35.9063
-37.7188
-40.3125
-43.5938
-48.2188
-53.25
-54.5625
-49.1563
-36.8125
-19.125
-0.21875
20.5
39.9063
35.0938
41.1875
45.8125
48.6875
53.3125
57.8438
61
64.375
62.4063
53.4063
44.0938
36.6563
28.2813
19.9375
12.1563
3.59375
-4.5625
-9.25
-12.25
-16.0313
-21.0938
-27.9688
-36.5
-44.5625
-48.0938
-44
-32.5938
-18.7813
-0.65625
21.25
41.9375
47.8438
46.9375
43.1875
42.5938
45.2188
49.0625
55.5625
57.6875
55.2813
56
58.0625
55.8125
50.1875
42.0938
30.3438
18.0313
9.09375
3.0625
-1.4375
-5.5
-10.8125
-18.375
-28.3125
-37.4688
-40.2813
-34.8438
-26.0938
-13
6.40625
53.4688
55.1875
46.5
34.9063
26.3125
22.3125
23.0938
27.3438
29.9375
34.9688
46.0313
57.7813
63.7813
63.9688
58.75
48.2188
35.7813
24.1563
15.8438
9.625
5.46875
2.3125
-2.6875
-10.9688
-21.2813
-28.6875
-29.1563
-23.9688
-17.5313
-4.4375
51.4375
49.0313
36.5313
22.8438
8.40625
-3.46875
-9.21875
-11.7188
-10
2.53125
22.0938
40.75
55.875
64.7188
66.5313
62
53.2813
43.3438
35
27.1563
20.2813
15.9688
12.5313
6.8125
-2.5
-13.7188
-20.7813
-18.625
-15.4063
-8.84375
37.2188
31.75
20.1563
8.5625
-7.125
-23.6563
-35.4375
-45.7188
-45.9375
-31.5938
-11.1875
10.2813
31.9375
50.375
61.875
66.4688
65.5938
62.75
58.5313
50.0625
40.875
33.5
28.6563
24.0625
15.25
-0.15625
-14.625
-15.9688
-14.3438
-12
16.6563
10.9375
5.125
-1.53125
-14.6875
-32.7813
-48.4688
-64.6875
-68.9063
-58.5313
-43.9375
-25.2188
-0.96875
24.3438
45.1563
60.3438
70.7813
78.625
82.6875
77.375
66.4688
55.6563
47.5313
40.6875
30.6563
12.6875
-7.4375
-13.1563
-12.875
-12.7813
-25.6875
-26.2188
-22.1875
-19.2813
-23.3438
-34.3438
-47.875
-65.4375
-72.2188
-68.8438
-63.4063
-52.7188
-32.8125
-6.96875
18.4688
41.625
61.1563
78.5625
90.5938
93.4375
86.8438
74.7813
63.75
53.75
41.8125
23.8438
3.5
-6.21875
-7.9375
-9.6875
-48.0625
-46.2188
-37.8125
-31.2813
-27.9688
-29.0938
-36.0938
-50.1563
-59.6875
-65.625
-70.6563
-69.3125
-59.25
-39.2813
-14.6875
12.0313
38.25
61.1563
77.8125
88.25
90.8125
82.2813
69.5313
56.8438
43.2813
27.7188
11
0.5
-4.21875
-7.09375
-49.5
-45.1563
-36.25
-29.375
-23.5938
-20.1563
-22.3438
-30.4375
-41.25
-53.625
-65.125
-72
-70.125
-58.9063
-39.6875
-15.0938
11.1563
33.9063
52.3125
69.1875
78.3438
75.5
64.3438
50.875
38.4375
28.1875
17.6875
7.9375
0.34375
-4.4375
-42.4688
-37.625
-30.6875
-25.0938
-19.2813
-13.6875
-12.25
-14.2813
-22.1563
-35.4688
-49.125
-60.4688
-64
-60.3125
-48.9063
-31.9375
-12.6563
4.875
21.2188
40.9688
55.4688
58.8438
51.9063
41.9688
33.4375
28.5938
24.6875
16.4063
3.96875
-5.65625
-21.9063
-17.8125
-14.7188
-12.9375
-10.1875
-6.25
-3.75
-1.1875
-7.25
-20
-32.5
-42.375
-46.75
-47.375
-42.0938
-32.6875
-20.5938
-9.3125
2.84375
18.125
31.6875
39.6875
38.0625
32.375
27.8438
27.5938
28.2813
21.4375
5.15625
-8.8125
-11.0625
-5.75
-3.5
-2.96875
-2.4375
-1.34375
0.40625
5.53125
2.0625
-8.375
-17.625
-23.2813
-24.5938
-26.125
-24.5938
-21.0313
-15.8125
-10
-2.15625
6.78125
14.6563
23.7813
26.9063
25.0938
23.9688
26.9063
30.3125
22.25
3.46875
-14.625
-3.875
-0.96875
-0.09375
-0.75
-1.15625
-1.1875
0.125
5.59375
5.4375
-0.84375
-6.9375
-9
-10
-11.5938
-12.9688
-14.3438
-14.8125
-14.0938
-11.0625
-8
-2.21875
7.90625
16.0313
19.3125
21.9063
28.0313
33.5
23.9063
3.46875
-17
9.53125
10.5625
9.96875
8
5.90625
3.8125
3.6875
7.53125
7.3125
2.75
-1.65625
-2.9375
-6.6875
-10.3438
-15.1563
-20.6563
-25.4375
-29.5
-31.8125
-34
-29.6875
-19.5625
-7.34375
1.28125
9.25
20.125
26.9063
17.25
0.875
-15.25
20.125
17.8438
16.7813
15.125
11.9688
8.0625
6
7.28125
8.5625
6.84375
2.5625
-2.28125
-10.1875
-17.7188
-26.6563
-36.4063
-45.6875
-54.2813
-61.4688
-66.0938
-63.2188
-54.75
-41.375
-27.375
-13.125
0.75
7.15625
-0.09375
-7.8125
-15.5
25.9688
18.7188
16.0313
15.5938
13.0938
8.875
5.84375
4.75
7.90625
10.625
7.125
-2.28125
-14.6875
-26.4375
-39.7813
-53.6875
-67.2813
-80.0938
-91.2188
-97.5
-96.125
-88.8438
-73.375
-53.2813
-33.5313
-18.8125
-13.5313
-15.375
-13.9688
-13.2188
20.4375
13.5313
11.9375
13.9688
13.8125
11.375
8.625
6.9375
10.375
14.75
12.4375
1.40625
-12.625
-27.0625
-42.1563
-57
-71.6563
-85.8125
-99.1563
-107.875
-110.531
-106
-91.8125
-71.25
-51.9688
-40.8125
-38.1563
-34.8438
-25.5313
-18.4688
1.03125
-5.09375
-5.6875
-1.90625
1.5625
4.21875
5.59375
7.4375
13.6563
19.9688
19.9688
11.125
-1.03125
-15.4688
-29.9688
-43.625
-56.8125
-68.625
-79.875
-87.6875
-91.1875
-87.625
-77.1875
-62.75
-51.3438
-48.75
-50.3125
-45.8125
-36.125
-29.6875
-13.75
-19.6875
-21.9688
-19.875
-15.125
-9.03125
-3.40625
3.25
12.7188
21.2813
25.5625
23.125
16.0313
5.34375
-6.09375
-17.4063
-28.4375
-36.2188
-42.5
-46.4063
-46.7813
-42.4688
-36.1563
-31.1563
-31
-37.0938
-42.5938
-41.4375
-38.3438
-37.1563
-18.5938
-21.9375
-24.9688
-26.5313
-24.125
-18.5625
-12.75
-4.8125
5.15625
14.5938
23.9688
31.4063
33.2188
30.2188
26.375
22.0625
17.0313
14.1563
11.6875
9.1875
8.90625
10.4688
8.9375
1.78125
-8.96875
-20.6563
-29.25
-32.7188
-35.1563
-37.625
-17.75
-20.375
-24.1563
-28.9375
-30.375
-27.9063
-23.8125
-17.3125
-8.84375
-0.5
9.96875
22.4375
31.3125
35.5938
37.9688
39.125
39.5
41.75
43.6563
43.6875
43.5313
42.1875
35.9688
24.8125
12.5313
1.4375
-6.71875
-12.3438
-17.0625
-20.0313
-0.25
-3.40625
-7.25
-13.3125
-17.8438
-21.5
-23.5625
-23.5938
-20.5313
-15.0313
-6.28125
5.28125
16
25.625
33.3438
39.125
44.625
51.5313
55.75
55.125
51.4063
44.6563
35.3125
26
16.8438
8.40625
4.4375
3.53125
4.8125
8.0625
6.6875
4.4375
0.96875
-1.65625
-1.03125
1.75
5.40625
8.84375
12.25
13.9688
15.5625
18.625
16.875
15.375
10.9688
6.46875
10.6875
14.3125
18.6563
14.1875
0.4375
-12.75
-25
-29.0313
-29.8438
-31.0938
-29.9375
-27.8438
-23.5625
-17.9375
5.25
3.03125
0.3125
-1.5
0.3125
5.03125
11.7813
19.5625
25.5938
27.4688
25.6563
21.4375
13.4375
8.03125
2.8125
1.3125
9.46875
16.375
23.4375
20.1563
5.71875
-8.71875
-22.5313
-27.4688
-27.9688
-29.375
-30.5
-33.625
-35.9375
-34.5
4.8125
3.21875
1.28125
0.5625
3.9375
10.9688
20.7813
30.2188
35.1563
33.7813
26.25
16.625
5.78125
-0.28125
-3
-1.03125
10.5625
19.2188
26.0938
23.1875
9.25
-2.53125
-12.4375
-15.8438
-17.25
-22.5625
-29.6563
-38.8438
-47.1563
-49.5625
5.1875
4.3125
3.59375
4.5625
9.65625
18.9688
30
37.8438
39.5
33.9375
22.5938
11.875
0.78125
-5.375
-6.75
-3.65625
9.375
19.625
26.5625
23.625
10.3438
0.21875
-6.34375
-6.4375
-6.1875
-12.375
-23.125
-37.4063
-50.9375
-58.375
5.03125
5.125
6.34375
9.96875
17.4375
28.3438
38.5313
42.6875
39.875
30.125
16.8438
6.34375
-3.6875
-8.25
-8.875
-4.6875
8.53125
18.375
25.6875
22.75
10.75
2.15625
-2.9375
-0.125
3.625
0.21875
-10.25
-28.0313
-48.2188
-63.8125
3.28125
4.53125
8.53125
16.1563
27.125
39.75
48.9375
48.9375
40.1875
24.3438
6.4375
-5.75
-13.125
-12.1875
-8.28125
-1
11.875
18.9688
24.9688
21.625
9.5
1.0625
-3.375
1.59375
10.6875
13.2813
5.65625
-14.2188
-41.4375
-66.2813
1.125
4.78125
12.4375
24.4063
38.7813
51.9063
59.6875
56.9688
42.9063
20.4688
-3.1875
-19.5938
-26.0938
-21.1875
-12.375
-3.1875
6.875
11.9063
15.125
13.375
5.9375
0.96875
0.375
7.90625
20.4375
27.0313
21.9688
1.6875
-28.6875
-59.9688
1.1875
8.8125
19.4375
33.6875
48.625
59.3438
65.75
62.0313
43.9063
16.4063
-13.2813
-35.9375
-44.2813
-38.6563
-26.7813
-13.8125
-2.28125
4.65625
9.21875
10.6875
8.28125
7.46875
9.5625
16.625
28.2813
36
34
17.0313
-11.1875
-44.8438
2.84375
13.375
25.3125
39.9375
53
61.4063
67.75
63.4375
42.5313
11.0313
-23.5938
-50.3438
-58.7813
-52.1875
-37.9688
-21.4688
-8.6875
-0.5625
4.4375
7.40625
9.09375
12.5313
18
24.6875
33.6563
41.5625
43.7188
33.2813
10.7813
-23.4375
2.625
15.2188
28.5
42.5
52.3438
58.7813
65.5625
61.375
41.5625
10.1563
-25
-51.1875
-60.4375
-55.75
-43.8438
-29.6563
-17.5313
-8.53125
-2.6875
1.25
4.5625
8.9375
15.6875
23.625
33.2813
44.3438
52.9063
50.4063
34.6875
2.15625
-0.84375
11.25
24.8125
37.3438
43.625
47.8125
54.9063
54.4688
41.75
17.8438
-12.3438
-37.5938
-50.7813
-53.2188
-48.5625
-40.3438
-30.0313
-18.4688
-8.65625
-1.8125
1.71875
2.5
4.4375
11.0938
22.7813
39.3125
56.2813
63.1563
55.0313
26.875
6.25
13.4688
23.0938
28.6563
29.0938
31.5938
40.0313
47.0938
45.0625
31.2188
7.53125
-18.375
-36.9375
-46.9063
-50.4063
-47.875
-40.9688
-28.3438
-13
-1.59375
3.90625
0.78125
-6.21875
-5.6875
4.3125
24.4063
50.5938
68.25
69.5313
48.3438
12.9688
19.25
25.5313
23.1875
16.75
16.7813
27.125
41.5938
49.0625
43.2813
24.375
-0.21875
-21.5625
-35.9375
-44.8125
-48.4688
-45.0938
-33.625
-16.4688
-1.625
4.25
-2.375
-15.2188
-20.8125
-14.125
6.78125
37.5625
64.5313
76.4063
64.75
19.7188
25.5
28.5
18.0938
4.5625
2.15625
14.0938
35
50.2188
51.0938
37.9375
17.1563
-3.03125
-18.9063
-31.5938
-40.1563
-40.9688
-32.1875
-16.4375
-3
0.15625
-10.2813
-27.1563
-35.6875
-30.0938
-8.875
24.3125
58.0938
79
76.5938
25.8125
29.6563
29.0625
11.5313
-7.84375
-11.5938
1.5625
26.5625
47.9688
55.4063
48.4063
33.4688
16.25
0.09375
-14.7188
-26.625
-31.0938
-26.0625
-13.2813
-2.3125
-1.84375
-15.5313
-36.3125
-48.6875
-45.4375
-24.5938
10.3125
49.9688
77.25
81.5
30.25
31.3438
28.1875
5.59375
-17.8438
-21.6563
-9.09375
16.7188
41.875
53.9375
53.4063
45.3125
32.5625
18.9063
4.125
-8.96875
-15.5625
-15.0938
-6.5625
0.875
-1.9375
-18.7188
-43.4063
-59.9063
-60.1563
-40.3438
-4.0625
40.6875
73.5938
83.1563
33
33.4063
29.6875
4.5625
-21.7188
-27.7813
-18.7188
4.875
31.0625
46.4375
51.6875
50.9375
45.4375
37.5938
26.375
13.4688
2.84375
-1.96875
1
4.3125
-1.21875
-21.6875
-50.5313
-71.0625
-74.1875
-54.875
-17.0625
31.8125
68.7813
81.9375
36.4063
36.5625
32.0625
6.09375
-20.2813
-28.6875
-24.625
-5.34375
17.9688
34.4063
44.3125
50.7813
55.3125
55.8125
51.3438
40.3125
23.7813
12.5625
8.28125
6.46875
-0.78125
-24.0313
-56.3438
-80.8438
-87
-68.3438
-28.6875
23.8438
62.9063
76.3438
43.3438
46.8125
43.2188
17.4375
-11.3125
-25.3125
-27.3125
-13.75
5.5
20.875
33
45.3125
58.625
69.125
72.9688
65.5625
46.6563
28.5
16.0938
8.125
-1.625
-24.875
-57.3125
-84.5625
-94.5313
-78.2813
-38.7188
14.9375
53.9063
65.25
38.875
50.9375
52.75
32.2188
2.25
-19.7188
-28.0313
-20.2813
-5.4375
8.4375
19.75
34.3438
53.6563
73
86.7813
85.5938
69.625
47.375
25.7188
10.3438
-4.09375
-26.2813
-54.9063
-82.4688
-96.2188
-84.2188
-47.6875
4.0625
41.6563
50.6875
30.25
45.6563
52.2188
37.75
9.65625
-15.25
-27.125
-23.0313
-11.375
0.78125
10.25
22.6875
43.5625
67.2188
87.2188
93.2813
81.1875
58.7188
34.0625
15.125
0.21875
-18.7813
-44.4688
-72.875
-91.4063
-84.9688
-52.3125
-4.71875
29.4688
34.375
24.2188
38.8125
47.0313
36.875
11.4688
-13.75
-27.4375
-25.7813
-15.25
-3.375
4.90625
14.5625
32.6875
55.6563
77.4688
87.3438
79
58.75
35.625
19
7.875
-6.3125
-28.5313
-57.0938
-78.75
-76.625
-49.4688
-9.5
16.8125
15
21.625
34.4688
43.0938
36.75
13.9688
-11.1875
-27
-29.1563
-20.25
-8.21875
0.5
9.96875
26.125
46.2813
66.6563
76.4688
69.8125
52.8438
32.5313
18.3438
9.96875
-0.6875
-18.4375
-41.8125
-59.875
-59.0625
-38.8438
-11.4688
1.875
-6.625
16.9063
28.7188
38.8438
37.8438
19.9688
-2.9375
-20.4063
-28.25
-23.8438
-13.625
-4.625
6.46875
22.8125
40.25
57.2813
64.3125
56.6563
42.5938
26.2188
15.625
10.5
3.53125
-8.5
-25.2188
-38.9063
-40.875
-30.8438
-18.125
-16.5938
-28.5938
11.9375
21.9063
32.25
35.4688
24.0625
6.125
-10.25
-21.4375
-22.625
-16.875
-9.875
0.96875
16.375
32.3125
46.7188
51.25
44.5313
32.375
19.4688
12.625
10.5938
9.375
4.5625
-6.4375
-19.0938
-27.8125
-30.2188
-30.1563
-34.8438
-45.4688
8.15625
16.5313
26.625
31.8438
24.4375
11.0938
-2.03125
-11.875
-14.7188
-13.5313
-11.4688
-6.125
3.46875
17.2813
30.4063
35.5625
33.6875
24.8125
16.125
13.375
14.5625
18.5625
18.125
8.75
-6.65625
-22.9375
-35
-42.4375
-48.4375
-55
4.375
9.9375
18.7813
24.5625
21.6875
14.2188
5.09375
-1.6875
-3.53125
-4.53125
-6.0625
-7.1875
-6.03125
2.09375
12.3438
18.9688
22
18.9063
15.625
17.1563
21.9063
26.5313
24.9063
13.3438
-5.9375
-25.4063
-40.0938
-49.625
-54.0938
-56.5938
1.78125
3.5625
9.90625
15.2813
16.6875
15.75
10.5625
5.1875
3.53125
2.59375
2.40625
2.21875
0.90625
2.59375
5.75
7.8125
9.78125
10.5313
11.625
15.4375
20.4063
23.1563
21.1875
11.7813
-4.09375
-21.5938
-38.875
-51.7188
-58.0313
-59.25
3.375
2.6875
5.84375
10.0625
13.375
15.6563
13.1875
8.5625
6.15625
4.375
4.28125
5.1875
4.75
5.34375
5.96875
5.3125
5.3125
6.75
8.90625
12.25
14.9688
15.25
14.7813
11.6875
4.09375
-9.25
-29.4688
-49.0313
-61.1875
-63.1563
2.25
2.15625
3.5625
8.25
13.2813
16.6875
16
10.7813
5.84375
3.09375
2.15625
3.78125
4.75
5.875
6.46875
4.75
5.25
8.96875
12.5625
16.125
15.4063
8.53125
3.9375
1.8125
-2.21875
-10.2813
-24.8125
-41.0313
-49.6875
-48.9375
3.41667
2.16667
-0.333333
-2.70833
-4.625
-4.70833
-2.95833
-0.625
1.08333
1.54167
-0.541667
-4.29167
-8.33333
-9.54167
-7
-4.29167
-0.25
1.29167
2.625
1.83333
-2.16667
-5.33333
-9.75
-10.6667
-8.41667
-4.04167
1.83333
6.33333
11.3333
14.2083
12.9583
9.41667
1.70833
2.625
2.66667
2.625
3.41667
4.66667
6
6.29167
4.45833
2.125
0.0833333
-0.5
-3.125
-3.875
-5
-11.7083
-14.8333
-21.75
-28.0833
-36.4167
-41.4167
-38.5417
-37.4167
-33.2917
-27.9167
-22.4583
-19.0833
-16.9167
-15.3333
-13.125
-10.9583
-7.20833
1.58333
2.79167
5
7.16667
9.66667
11.0833
10.3333
6.79167
0.375
-6.625
-12.6667
-16.1667
-19.8333
-24.5833
-30.6667
-36.1667
-42
-45.2083
-46.1667
-46.2917
-42.375
-34.2917
-21.7083
-15.5833
-15.25
-16.0833
-18.9583
-22.25
-26.125
-25.2083
-20.4167
-12.7917
0.75
0.708333
1.625
3.04167
4.375
4.95833
2.79167
-2.5
-8.79167
-15.3333
-20.5
-25.2917
-27.625
-26.0417
-23
-12.4583
-6.54167
5.08333
19.0833
30.2917
36.4167
34.2917
37.0417
31.3333
18.9583
7.33333
0.125
-4.83333
-8.625
-7.58333
-3.375
0.0416667
0.375
-0.0833333
-1.16667
-1.79167
-2.66667
-4.5
-7.33333
-10.625
-11.5417
-8.58333
-0.416667
8.5
19.1667
34.2917
48.4167
60.75
67.4583
74.6667
81.5833
86.3333
86.4583
75.9583
60.625
44.1667
28.375
14.0417
5.33333
1.375
-0.666667
-1.29167
1.04167
0.166667
0.75
0.833333
0.291667
-0.625
-3.08333
-7.41667
-10.8333
-11.4583
-6.54167
6.33333
22.875
40.0417
55.9167
66.7917
70.6667
64.125
56.5417
49.125
43
41.4583
44.1667
45.2083
39.75
35.3333
31.3333
25.625
18.2083
11.8333
4.83333
-5
-12.125
-14.875
-1.33333
-1.33333
-1.08333
-2.125
-5.41667
-9.29167
-11.0417
-8.66667
-0.416667
11.3333
19.7917
26.0417
29.2083
24.5
13.5833
-1.125
-9.33333
-15.5
-19.7917
-21
-17.75
-7.66667
3.54167
17.1667
29.2917
37.125
37.4583
32.25
24.0417
9.25
-9.08333
-16.25
-8.16667
-7.29167
-6.95833
-8.75
-11.2917
-11.5833
-9.29167
-4.875
-0.75
-0.583333
-2.91667
-6.83333
-13.5417
-22.5417
-29.625
-30.9583
-28.625
-27.9167
-28.375
-30.2917
-33.0833
-30.125
-23.1667
-11.3333
4.33333
18.75
27.7917
30.125
30.625
26.625
14.0417
1.79167
-12.3333
-10.375
-10.2083
-12.1667
-12.7083
-9.91667
-6.33333
-4.75
-9
-17.7917
-24.375
-29.25
-33.9583
-35.7917
-30.5
-18.9167
-11.7917
-10.3333
-10.9583
-12.4583
-15.9583
-19.875
-22.375
-22.4167
-17.25
-7.70833
3.54167
11.4167
17.2083
24.8333
27.4167
16.75
-4.29167
-4.58333
-7.04167
-9.83333
-7.70833
-2.91667
-1.08333
-2.45833
-5.79167
-11.25
-20.2917
-28.625
-30.6667
-27.75
-21.125
-11.9583
-4.66667
-1.70833
-1.58333
-1.79167
-2.29167
-4.95833
-8.41667
-12.7917
-16.4167
-15
-7.66667
0.291667
4.45833
11.625
18.7917
15.5417
6.5
3.375
-1.20833
-2.33333
4
11.1667
14
15.125
19.125
20.7083
10.8333
-3.54167
-10.2917
-11.4583
-12.875
-14.625
-11.3333
-4.75
-1.375
-0.875
-0.416667
-0.416667
-1.58333
-4.375
-8.375
-11.2083
-10.75
-7.04167
-4.25
-1.79167
4.08333
8.875
3.54167
1.375
2.41667
8.66667
16.625
22.375
28.6667
33.7917
37.7083
37.25
32.1667
22.0833
8.625
-0.25
-6.375
-13.7083
-17.2083
-12.4583
-5.66667
-2.625
-2.16667
-1.79167
-1.70833
-2.66667
-4.41667
-7.54167
-10.875
-10.75
-7.625
-7.33333
-2.16667
7.20833
-17.625
-15.9167
-6.75
5.41667
10.6667
12.3333
19.2917
27.7917
28.8333
24.875
27.5417
31.125
21.9167
7.91667
-0.666667
-6.625
-12.875
-15.75
-12.6667
-7.375
-5.95833
-5.58333
-4.66667
-4.5
-4.625
-5.70833
-6.70833
-5.125
-0.625
-0.25
1.79167
8.875
-13.5833
-15.0833
-12.1667
-6.91667
-6.66667
-6.04167
-3.16667
5.875
9.95833
11.125
17.9583
28.25
31.9167
22.2083
9.16667
1.29167
-4.16667
-11.5417
-17.2917
-17.9167
-17.375
-16.25
-14.6667
-13.4583
-12.2083
-9.25
-4.83333
-1.04167
2.41667
4
3.45833
5.625
44.9583
35.6667
24.5833
14.1667
4.54167
-1.20833
-7.16667
-7.54167
-4.20833
2.91667
10
17.5833
28.0417
32.2917
24.0417
11.75
4.33333
-3.45833
-13.4167
-22.875
-25.4583
-23.7917
-22.2917
-20
-17.1667
-12.3333
-7.75
-5.33333
-4.45833
-2.16667
-3.33333
-3.20833
59.625
58.7083
51.6667
39.9167
26.6667
12.75
1
-10.875
-15.6667
-9.75
-1.66667
5.08333
14.75
27.75
34.8333
29
17.4583
6.08333
-4.70833
-12.875
-15.25
-14.5833
-12.25
-7.66667
-2.58333
-1.54167
-5.04167
-6.75
-5.58333
-3.91667
-4.75
-5.29167
-2.45833
8.04167
13.9167
14.0833
11.5417
5.375
-0.458333
-10.625
-17.875
-18.25
-12.625
-5.91667
1.29167
12.5417
26.8333
35.375
29.5833
18.5833
10.7083
8.41667
7.08333
3.91667
4.33333
8.58333
11.625
7.79167
0.75
-3.08333
-3.125
-2.625
-1.79167
-1.875
-35.125
-29.5417
-23.9583
-20.4583
-15.0417
-9.25
-6.95833
-8.625
-10.875
-14.4167
-16.9583
-16.1667
-11.875
-3.79167
7.25
20.4167
29.0833
31.5417
32.125
30.4167
26.2083
20
13
8.58333
4.5
-0.333333
-3
-4.25
-5.04167
-4.29167
-2.33333
-1.29167
-19
-19.0417
-19.25
-19.3333
-15.5417
-10.1667
-7.375
-6.5
-4.79167
-5.625
-11.625
-16.5
-16.5833
-13.375
-9.375
-1.875
10.5833
23
29.5
29.125
26.625
23.0417
15.75
6.875
0.541667
-2.25
-2.79167
-3.54167
-4.20833
-3.41667
-1.20833
0.166667
-2.45833
-2.08333
-2.33333
-2.375
-1
-0.208333
0.458333
-0.333333
0
-0.25
-3.54167
-8.08333
-12.5417
-17.375
-23.6667
-22.4167
-17.375
-9.16667
-2.08333
3.54167
10.4167
12.375
13.4167
10.5417
7.45833
7
6.16667
2.54167
-2.125
-2.16667
2.16667
6.16667
2.29167
2.875
4.20833
5.25
5.25
4.79167
4.66667
3.375
1.29167
-0.208333
-1.125
-3.33333
-8.04167
-16.9167
-25
-28.25
-28.375
-26
-20.875
-11.7917
-3.125
2.33333
6.25
5.33333
2.375
2.33333
1.83333
-2.25
-7.58333
-3.95833
4.83333
10.375
0.25
0.541667
-0.416667
-2.33333
-4.16667
-4.125
-4.5
-4.66667
-3.91667
-2.16667
-1.04167
-1.83333
-3.79167
-8.375
-6.125
-8.70833
-9.25
-8.70833
-6.83333
-2.25
-4.08333
-0.5
0.791667
-1.5
-5.20833
-6.5
-6.75
-8.91667
-9.66667
-1.66667
5.95833
6.58333
-9.45833
-8.29167
-6.58333
-5.70833
-6.16667
-5.375
-5.04167
-3.625
-2.79167
-2.125
-0.958333
-0.666667
-0.583333
3.5
12.4583
16.3333
19.25
21.9167
23.7917
21.5
13.9167
11.125
8.875
7.25
4.875
1.54167
0.0416667
-0.333333
1.5
4.5
1.54167
-2.625
-23
-22.8333
-15.25
-5.16667
-0.291667
2.08333
5
8.83333
5.95833
-0.166667
-1.83333
-0.666667
0.333333
7.5
12.875
20.625
28.4167
36.1667
42.4167
41.6667
41.375
37.4167
33.6667
31.5417
28.3333
21.3333
14.0833
10.6667
10.5
3.16667
-7.625
-11.1667
-9.875
-15.4583
-15.5
-10.5
-6.75
-5.33333
-1.79167
2.41667
1.95833
-1.875
-3.08333
-1.08333
0.208333
2
0.958333
4.54167
9.95833
15.5
21
25.5833
33.25
36.7917
39.9583
43.25
43.3333
36.5833
25.2917
18.625
16.3333
4.79167
-5.45833
-6.29167
26.7917
21.7083
13.5
6.83333
2.70833
-2.875
-6.66667
-8.66667
-7.91667
-6.33333
-5.41667
-3.04167
-1.04167
-3.58333
-7.25
-10.4583
-13.875
-17.9167
-20.625
-18.9583
-14.2917
-8.08333
0
8.83333
14.5
14.8333
13.7917
16.9583
18.375
12.7083
9.16667
10.7083
30.9167
34.5833
32.9583
29
25.375
18.7917
9.41667
1.25
-2.5
-4.04167
-6.375
-6.95833
-4.83333
-5.25
-6.83333
-10.9583
-17.4583
-24.8333
-31.5
-35.5
-38.4167
-39.2083
-38.8333
-38.4167
-37.2083
-30.1667
-14.7917
-0.0416667
5.16667
9.41667
15.7083
16
0.125
4.66667
7.875
9.54167
13.25
17.9583
17.2083
12.2083
7.66667
2.75
-4.33333
-11
-12.375
-10.125
-8.04167
-7.04167
-8.29167
-11.375
-15
-18.9167
-23.8333
-29.5
-36.8333
-44.75
-45.9167
-34.125
-16.625
-6.75
-2.66667
5.375
10.5833
3.54167
-13.9167
-15.125
-15.4583
-15.6667
-11.875
-2.04167
7.20833
11.0833
11.5417
9.16667
2.45833
-7
-14.5
-17.4583
-17.2917
-14.75
-11.5
-10.7083
-11.5
-13.75
-17.7083
-23.0833
-29.2083
-30.4583
-21.9583
-8.45833
-1.625
-0.708333
2.95833
5.16667
-1.58333
-11.375
-4.25
-6.33333
-8.29167
-10.125
-11.5833
-9.75
-3
6.125
13.6667
19.4167
20.6667
15.1667
3.83333
-10.2917
-22.0417
-30.8333
-34.9167
-35.5
-35.9167
-36.4167
-36.4167
-35.2917
-30.0417
-17.9167
-4.41667
1.58333
-1.5
-4.95833
-6.04167
-12.5
-20.5
-19.75
3.41667
3.29167
2.58333
1.70833
-1.29167
-5.70833
-6.70833
-1.25
7.79167
19.8333
31.9167
37.2917
34.625
24.9167
10.9583
-5.125
-18.6667
-24.0417
-26.4167
-25.5417
-19.875
-9.66667
5.125
16.25
16.4167
6.125
-6.04167
-18.3333
-32.2083
-40.7083
-36.875
-24.5417
-9.70833
-8.20833
-8.16667
-7.16667
-7.625
-10.875
-15.1667
-16.375
-14.2083
-8.04167
4
19.9167
35.875
49.2083
56.7083
57.875
55.375
53.6667
50.7083
46.3333
46.125
51.2083
54.125
46.9167
33.625
19.7917
7.83333
-6.25
-24.0417
-32
-30.5
-26.3333
-3.08333
4.66667
5.79167
1.91667
-1.625
-2.08333
-0.958333
-0.625
1.08333
5.16667
3.95833
-4.29167
-8.70833
-6.54167
0.125
8.83333
8.75
-2.45833
-13
-7.04167
10.0833
12.0417
-0.25
-4.41667
4.33333
11.4583
5.95833
-4.66667
-10.7917
-10.7917
-4.54167
4.91667
-3.29167
3.5
4.79167
1.875
-1.08333
-2.33333
-1.625
-0.458333
0.958333
2.375
0.0833333
-4.25
-3.875
-3.25
-1.875
6.04167
8.29167
-2.125
-14.2083
-8.16667
13.8333
19.4583
3.95833
-5.66667
2.08333
8.54167
1.04167
-5.04167
-4.58333
-6.25
-4.83333
3.16667
-2.66667
1.79167
3.25
2.29167
0.166667
-2.29167
-2.91667
-1.70833
-0.625
-2.125
-5.41667
-3.66667
4.16667
4.66667
0.833333
5.45833
5.25
-6.70833
-17.2917
-8.41667
17
25.3333
9.29167
-5.33333
-3.125
2.91667
-0.833333
-1.625
3.125
-0.583333
-6.16667
-2.29167
-2.625
0.0833333
2
2.54167
1.75
-0.791667
-3.95833
-5.625
-5.66667
-6.95833
-6.125
3.20833
13.375
10.2083
3.125
4.54167
0.458333
-12.4167
-20.4167
-8.45833
18.2917
26.0417
10.0417
-4.29167
-3.29167
3.08333
1.25
1.16667
6.375
2.91667
-4.875
-5.70833
-2.625
-1.45833
0.583333
2.95833
3.20833
-1
-7.20833
-10.125
-9.04167
-6.45833
0.833333
12.25
16.2917
8.04167
1.79167
2.625
-3.04167
-13.3333
-18.6667
-7.29167
16.8333
21.8333
6.375
-4.83333
-2.75
4.16667
4.95833
5.75
9.45833
6.20833
-0.0833333
-3.58333
-1.5
-1.41667
-0.333333
2.25
2.41667
-3.91667
-11.4583
-12.2083
-7.04167
0.458333
9.75
15.6667
12.6667
3.41667
-1.20833
-1.25
-5.08333
-8.75
-13.25
-8.04167
13.4167
20.7083
7.125
-4.91667
-7.54167
-3.75
3.20833
13.2083
19.2083
12.25
2.5
-1.125
0.541667
-0.0833333
-0.333333
-0.125
-1.91667
-8.41667
-13.5417
-9.91667
-1.16667
7.70833
14.6667
14.6667
8.08333
0
-3.54167
-1.875
-2.70833
-5.625
-7.66667
-4.25
6.875
11.9583
6.29167
-3.08333
-11.5833
-11.875
-1.41667
16.125
29.1667
22.375
5.66667
-0.25
1.33333
0.708333
-0.333333
-3.125
-7.54167
-12.7083
-13.0417
-5.125
4.875
13.9167
20.7083
16.6667
3.33333
-5.16667
-4
-1.58333
-3.5
-5.66667
-5.75
-2.91667
2.54167
4
2.20833
-0.833333
-8.91667
-13.5
-5.20833
12.5
28.75
28.75
14.5417
5.04167
0.791667
-0.75
-2.08333
-6.79167
-12.4583
-13.5417
-9.20833
-1.125
9.125
20.3333
27.625
21.375
1.79167
-13.4167
-12.25
-5.29167
-3.16667
-3.20833
-2.83333
-1.08333
1.29167
-1.25
-4.875
-3.16667
-4.125
-8.70833
-5.70833
6.16667
18.8333
25.8333
23.9167
16.25
0.333333
-2.58333
-5.66667
-12.5833
-14.7083
-6.54167
-2.83333
-3.08333
9.45833
27.625
31.8333
19.25
0.458333
-13.75
-17.25
-10.7083
-2.79167
-0.208333
-0.458333
0.208333
0.708333
-2.20833
-5.91667
-4.91667
-4.41667
-8.5
-8.29167
-0.0833333
9.58333
20.5
29.1667
26.0417
-0.125
-3
-8.58333
-18.2083
-13.375
4.54167
2.625
-9.625
4.625
29.8333
31.3333
14.9583
1.70833
-5.58333
-11.375
-12.75
-7.33333
-2
-0.875
-0.5
-0.0416667
-0.541667
-1.70833
-2.625
-4.875
-10.5833
-13.625
-8.79167
0.5
16.5833
32.4583
31.875
-1.70833
-6
-11.8333
-20.5833
-8.125
15.5
5.91667
-17.5833
-6.04167
22.375
29.4167
19.5833
8.875
0.5
-5.25
-9.33333
-10.4583
-7.45833
-3.79167
-1.625
-0.916667
-0.291667
0.541667
0.0833333
-2.16667
-7.79167
-14.75
-17
-11.5
8.66667
34.0833
37.3333
0
-6.54167
-15.125
-21.4583
-0.458333
24.5833
5.54167
-26.3333
-17.7917
10.625
24.9167
26.375
18.2917
4.91667
-2.41667
-3.875
-6.5
-9.625
-9.04167
-6.625
-4.58333
0.416667
5.83333
4.125
-2.125
-6.83333
-11.4583
-18.375
-21.5
-4
29.2917
41.625
0.0416667
-3.33333
-13.4167
-16.4167
11.5833
30.5833
0.0833333
-35
-24.7917
3.125
15.3333
21.5
24.2917
15.0833
3.16667
-0.958333
-1.04167
-4.79167
-11.4167
-15.6667
-14.125
-0.125
17.2083
13.7917
-3.83333
-11
-9.58333
-15.5417
-27.3333
-18.125
20.3333
45.5
-0.416667
-4.08333
-14.4167
-8.58333
25.5417
33.4167
-7.54167
-39.9167
-26.5833
-0.458333
7.875
10.0833
18.5417
21.9167
13.0417
4.375
2.95833
0.666667
-9.54167
-22.75
-22.2083
1.95833
26.4583
19.875
-4.29167
-13.9583
-10.875
-13.9583
-26.0833
-26.1667
6.29167
44.4167
-1.5
-6.29167
-14.7083
1.29167
36.6667
28.5
-16.25
-36.5
-22.7917
-4.75
1.95833
3.08333
8.625
16.125
17.4583
13.875
9.70833
3.58333
-8.45833
-22.875
-22.625
3.79167
31.875
24.9583
-4.95833
-18.7917
-13.9167
-12.625
-22.7083
-30.2917
-7
41.0833
-2.33333
-9.08333
-15.3333
9.83333
42.7917
21.125
-20.3333
-27.625
-16.75
-9.5
-5
-0.791667
4.16667
8.16667
11.5833
15.75
15.8333
9.70833
-3.79167
-20.8333
-22.0417
4.29167
33.7083
29.9583
-0.125
-20.0833
-19.25
-13.8333
-19
-33.25
-20.0417
36.75
-2.125
-9.04167
-15.9583
13.7917
45.5833
17.875
-19.9583
-20.25
-10.625
-10.1667
-10.8333
-5.91667
1.75
4.08333
3.375
7.91667
14.7083
16.6667
5.25
-15.8333
-20.4167
4.75
34.125
33.5833
6.75
-17.9583
-24.875
-18.125
-17.0417
-33.9167
-28.8333
31.9583
-4.875
-11.0417
-17.125
14.5417
47.0833
20.3333
-16.125
-16.875
-7.29167
-6.125
-10
-10.125
-3.33333
0.625
-2.875
-3.125
9.08333
21.875
13.875
-8.125
-15
4.66667
30.25
35
15.5417
-13.75
-30.4167
-24.0417
-17.8333
-33.5417
-30.2083
32.1667
-5.20833
-16.2083
-21.7083
11.25
43.375
22.9167
-9.41667
-13.9583
-6.5
-2.75
-4.41667
-7.95833
-8.16667
-7.25
-11.2917
-11.0417
6
23.0833
18.6667
2.04167
-4.33333
5.625
19.5417
28.4167
23.8333
-3.25
-30.8333
-30.9583
-21.375
-32.4167
-26.9583
36.9167
-4.20833
-15.125
-23.1667
1.875
36.75
30.9167
0.166667
-13.875
-9.08333
-2.95833
-1.625
-2.83333
-6.91667
-13.6667
-20.875
-16.875
5.5
23
20.125
10.3333
4
3.70833
10.75
23.5833
27.75
5.95833
-25.0417
-35
-29.7083
-30.8333
-12.4167
45.125
-3.125
-11.9583
-23.2917
-9.45833
27.7083
40.375
13.125
-13.5417
-13.9167
-5.04167
-1.41667
-0.458333
-3.04167
-12.625
-25.25
-23.2083
0.875
22.2917
23.5417
14
5.29167
1.75
5.29167
19.5
31.9167
16.75
-18
-38.6667
-38.4167
-28.0417
4.70833
50.9583
-2.20833
-10.1667
-22.9583
-17.3333
19.4583
43.375
20.7083
-11.25
-15.4167
-6.5
-1.83333
0.208333
-1.45833
-10.75
-24.5417
-24.2917
-1.375
20.2917
22.9167
13.5
3.79167
-0.375
2.375
15.875
31.5
24.2917
-7.95833
-38.2083
-45.5
-23.5
22.4167
53.25
-1.375
-6.83333
-18.875
-20.0417
11.7083
39.9583
23.875
-6.91667
-14.5417
-8.16667
-2.95833
0.0833333
-1.29167
-9.875
-22.625
-21.125
2.16667
20.1667
18.4167
8.91667
1
-2.08333
0.916667
12.5417
26.5833
24.7083
-1.41667
-35.0833
-43.5
-10.3333
37.25
47.5833
-0.5
-3.33333
-13.5
-19
4.25
31.5417
25.2083
1.16667
-10.6667
-10
-5.33333
-1.08333
-1.41667
-9
-19.4167
-15.8333
3.95833
17.625
15.375
5.83333
-1.25
-2.58333
0.0833333
7.75
18.4583
20.2083
0.916667
-27.625
-29.7917
6.16667
41.5417
32.0833
0.416667
-1.54167
-11.75
-19.4167
-0.416667
24
23.2083
8.70833
-2.91667
-9.33333
-8.04167
-3.04167
-2.04167
-7.45833
-13.75
-10.2083
1.5
11.7083
12.875
4.16667
-2.54167
-2.45833
-0.375
3.45833
9.125
12.0833
4.54167
-10.5417
-11.25
13.4583
33.2917
13.5833
0.416667
-0.541667
-7.79167
-14.75
-4.125
11.1667
15.1667
12.875
5.75
-4.29167
-7.125
-3.45833
-2.45833
-5.75
-8.33333
-7.08333
-2.20833
6.16667
9.75
3
-2.79167
-2.70833
-1.83333
-1.04167
1.29167
7.20833
12.0833
6.95833
0.666667
10.9167
19.9583
-0.25
0.625
0.0416667
-3.75
-7.45833
-4.5
-1.29167
3.95833
11.5833
9.54167
0.25
-2.83333
1
1.875
-3.5
-7.66667
-7.16667
-3.04167
4
5.875
-0.291667
-4.83333
-4.75
-4.33333
-4.25
-0.416667
10.625
19.5
13.875
4.70833
7.75
7.58333
-9.33333
0.958333
1.75
-0.333333
-2.79167
-4
-6.66667
-1.79167
9.08333
8.66667
-0.458333
-2.66667
4.75
9.625
1.41667
-8.54167
-7.625
-2
1.66667
1.875
-2.25
-6.33333
-5.58333
-3.83333
-2.95833
3.66667
13.7917
16.25
11.4167
9.45833
7.79167
-4.33333
-17.125
0.625
1.54167
0.208333
-1.125
-3.45833
-8
-4.5
6.75
8.79167
0.791667
-3.58333
0.916667
6.95833
3.20833
-4.04167
-1.95833
1.70833
-0.75
-2.66667
-2.91667
-3.41667
-0.916667
0.208333
-2.29167
1.20833
10.4583
15.25
14.1667
11.2083
2.25
-13.875
-19.75
0.0416667
0.291667
-0.541667
-0.666667
-2.29167
-7.20833
-7.08333
1.875
7.54167
3.33333
-1.58333
0.916667
5.25
1.16667
-4.66667
-0.625
4.58333
1.33333
-3.79167
-5.66667
-3.25
3.58333
5
-2.25
-4.33333
6.5
20.0833
20.4167
7.04167
-6.45833
-14.125
-14.1667
0.291667
0.541667
0.333333
0.583333
-0.875
-4.625
-8.29167
-4
4.91667
4.70833
-0.75
1.16667
5.375
0.958333
-5.04167
-1.625
4
3.91667
-2.04167
-12.6667
-10.25
11.8333
19.125
0.291667
-8.625
5.91667
18.4583
10
-7.16667
-10.375
-3.125
-0.833333
6.05556
5.96296
4.94444
2.2037
-2.2037
-6.7963
-9.74074
-11.5
-13.5556
-14.5
-16.7222
-16.0185
-13.3148
-5.55556
2.75926
7.53704
8.61111
9.35185
10.9259
12.5185
9.40741
5.61111
-2.40741
-10.8148
-15.9259
-15.8889
-14.4259
-14.9815
2.59259
0.5
-2.27778
-5.53704
-7.81481
-7.31481
-4.33333
-1.09259
2.37037
7.5
12.8148
22.4259
31.4074
42.7407
52.9444
60.3148
64.7963
65.2407
62.963
59.7222
51.2778
44.5
34.2593
20.5926
5.74074
-5.2963
-10
-11.6852
-2.92593
-6.72222
-10.463
-12.6667
-10.4444
-2.87037
6.33333
14.3889
22.7037
32.6111
43.6852
56.0185
66.5926
73.6296
76.3889
78.4444
81.4259
80.6296
76.4259
71.9815
65.963
60.1111
53.3148
42.7407
27.6296
11.2593
0.592593
-3.35185
-8.88889
-12.7593
-15.4259
-14.8704
-9.2037
0.518519
9.46296
17.037
24.9259
33.0741
41.8519
48.6111
52.6296
50.9074
45.9074
42.3704
42.2593
42.6481
42.963
44.7222
48.0741
49.2778
49.4074
46.2407
39.1481
26.9074
13.9444
6.40741
-15.5185
-17.1667
-17.2037
-14.5556
-9.61111
-5.33333
-2.94444
-0.111111
3.98148
7.42593
10.2037
9.7037
7.16667
1
-4.77778
-8.83333
-10.7407
-8.98148
-4.16667
2.94444
13.4074
21.5185
28.3333
33.1667
36.537
35.3148
27.1111
18.0556
-18.7963
-16.5741
-14.0556
-11.537
-11.2593
-15.3889
-20.1852
-21.5741
-20.3519
-21.1111
-24.1296
-28.3148
-32.4074
-35.537
-34.9444
-34.0556
-34.7037
-33.037
-28.5926
-22.5
-13.2407
-3.27778
6.81481
15.5185
23.4815
30.6852
30.8704
24.2593
-14.0185
-8.16667
-4.27778
-3.2037
-6.44444
-14.3519
-21.7037
-24.7037
-25.3704
-29.1481
-35.6852
-40.3148
-42.3148
-40.9444
-35.5
-30.2037
-27.8889
-26.8704
-26.3333
-25.7963
-23.2593
-17.0185
-7.92593
0.648148
7.22222
15.2778
21.0926
19.7222
-1.75926
6.18519
11.037
12.3889
9.96296
5.62963
0.703704
-3.25926
-7.83333
-15.463
-23.8519
-29.1296
-30.6481
-28.963
-25.7037
-21
-16.1667
-13.8519
-14.5185
-17.2593
-19.8704
-19.0926
-14.2778
-7.88889
-3.64815
0.851852
7.74074
10.9444
5.31481
13.1111
20.2407
25.6296
29.1111
31.5185
31.6481
27.1852
17.0926
6.03704
-2.5
-9.61111
-14.4815
-17.1667
-19.7037
-19.6667
-15.9444
-11.7963
-10.0556
-11.3889
-14.537
-16.7593
-16.6111
-12.7037
-8.27778
-6.46296
-1.5
4.51852
8.46296
12.4444
19.4259
28.2778
37.0185
44.3333
49.0926
45.8519
34.2222
23.4074
16.4815
7.92593
-0.685185
-7.75926
-14.9444
-20.463
-22.4259
-19.963
-15.5
-13.0556
-13.2778
-15.6852
-18.0926
-15.7222
-9.5
-6.14815
-1.96296
4.16667
10.2407
7.62963
10.8704
18.6296
28.5185
36.6111
43.9444
44.1296
37.9259
32.6667
28.6296
20.963
11.1667
1.61111
-8.05556
-18.1296
-26.9444
-30.2222
-27.2407
-22.5926
-19.537
-19.7222
-21.537
-19.2963
-11.1852
-5.18519
-1.64815
3.46296
27.7222
17.7407
11.7037
10.5185
13.9444
19.1296
25.7222
29.2593
31.5185
34.0185
33.6111
29.3519
22.3889
12.8333
2.05556
-9.55556
-21.7593
-30.5741
-32.537
-29.3889
-24.9074
-22.5926
-21.3889
-18.7778
-12.5185
-5.83333
-2.85185
0.166667
35.7037
25.2593
15.3704
6.42593
0.888889
1.16667
4.88889
10.1296
18.9444
27.7037
32.037
33.0926
30.8704
24.5
14.9259
5.11111
-4.11111
-14.537
-22.6852
-25.037
-22.6852
-19
-15.5556
-12.8704
-10.1111
-7.7037
-6.22222
-3.5
26.9074
21.463
13.1111
2.44444
-7.51852
-11.463
-11.4259
-6.16667
4.24074
15.463
23.7593
29.7037
32.6111
31.2407
27.6852
24.0185
20.037
12
0.740741
-7.16667
-9.24074
-7.2963
-3.64815
-3.03704
-6.5
-8.74074
-8.12963
-5.83333
-3.83333
-1.51852
-2.12963
-6.42593
-13.5741
-18.9074
-22.3333
-18.9074
-9.68519
0.462963
9.59259
18.0741
24.3889
29.5
33.9444
37.6481
39.5556
35.1852
24.2778
14.3519
8.55556
6.77778
6.40741
3.75926
-2.7037
-7.98148
-7.2963
-3.7963
-21.7037
-17.0556
-14.3148
-12.8519
-13.6481
-17.2778
-22.4259
-22.2778
-17.7222
-12.4074
-7.42593
-0.12963
7.09259
14.8704
24.3333
32.5741
37.2778
37.6111
32.5185
26.6111
20.2778
15.5741
11.6481
5.98148
-1.77778
-5.40741
-3.88889
-1
-20.537
-17.1481
-14.2407
-11.1667
-9.2963
-10.8333
-16.3519
-19.2407
-19.4074
-20.6481
-21.9259
-18.3889
-12.7963
-5.03704
3.61111
11.6111
17.8148
22.2778
24.9074
25.2593
20.9444
16.0926
10.1111
3.74074
-1.77778
-2.68519
0.222222
3.42593
-8.01852
-7.2037
-6.44444
-5.05556
-3.5
-3.81481
-7.59259
-11.7037
-15.4444
-21.3704
-25.7222
-26
-23.4444
-19.2778
-14.5741
-9.96296
-4.94444
2.14815
11.0185
14.3704
12.4074
9.75926
6
1.22222
-2.25926
0.296296
3.66667
5.01852
-4.33333
-3.59259
-2.74074
-2.35185
-1.92593
-2.2963
-4.12963
-6.94444
-10.4815
-15.5556
-17.1111
-18.1852
-16.6852
-13.8148
-11.1296
-8.38889
-4.5
1.74074
9.98148
10.7778
8.83333
6.38889
3.46296
-0.425926
-2.31481
1.42593
3.66667
2.87037
-9.07407
-7.5
-5.57407
-4.27778
-2.77778
-2.05556
-1.11111
-2.92593
-5.77778
-5.85185
-1.53704
0.037037
2.85185
6.35185
9.90741
13.3148
17
21.7407
25.4815
22.8704
20.3148
16.2593
11.963
7.77778
6.37037
8.24074
5.48148
0.259259
-13.4074
-12.0556
-9.74074
-7.42593
-4.64815
-2.44444
0.481481
-0.555556
-3.46296
0.203704
7.55556
12.8519
18.5185
24.4259
30.1481
35.7778
40.9259
45.4815
46.5556
45.3519
42.4815
35.2963
27.0741
21.7407
20.8333
17.8333
9.2037
0.0185185
-5.88889
-7.75926
-8.18519
-6.92593
-4.81481
-1.92593
1.40741
0.148148
-3.40741
-0.222222
5.25926
11.4444
16.963
22.037
26.8704
32.1667
37.6852
43.1667
46.0185
50.2037
49.8519
43.3889
35.7407
33.5926
35.0556
28.6111
16.7778
6.22222
11.1481
6.51852
2.27778
-0.0555556
-1.7037
-1.53704
-0.740741
-1.72222
-4.74074
-5.59259
-5
-1.48148
1.07407
2.59259
3.83333
5.66667
8.42593
12.2407
16.5
22.8148
24.2407
22.1852
21.6481
26.2963
30.537
25.0185
16.9074
10.2407
25
21.6296
16.1111
10.5185
4.75926
0.555556
-2.48148
-3.59259
-5.12963
-9.59259
-13.9259
-15.0741
-16.4259
-18.5926
-20.7037
-22.9444
-25.1296
-26.4815
-25.8889
-23.7593
-21.4074
-16
-6.22222
4.5
9.75926
8.77778
8.66667
10.0185
21.4074
23.463
21.7963
17.0185
10.7778
4.27778
-1.31481
-2.85185
-3.46296
-9.61111
-17.6481
-23.3704
-27.5556
-31.2593
-33.9815
-37.7407
-43.4074
-50.0556
-55.2407
-58.2222
-54.8333
-43.3333
-28.4444
-18.3704
-14.7593
-11.2037
-3.85185
4.68519
5.25926
11.3333
15.2222
15.3704
13.4815
9.68519
5.27778
2.96296
1.51852
-5
-15.2222
-24.963
-32.3333
-38.0926
-42.3704
-46.8519
-52.5926
-59.3704
-64.6667
-66.2222
-59.6111
-46.6667
-35.1667
-30.463
-28.0926
-22.1852
-12.8148
-3.25926
-8.74074
-4.11111
2
7.37037
11.6852
14.1852
14.5741
13.6111
12.3333
8.07407
-0.148148
-10.2778
-19.8704
-28.1481
-35.6481
-41.8519
-45.8519
-48.4074
-47.8148
-43.1481
-35.5185
-28.9259
-27.2963
-28.9074
-27.8704
-23.4444
-18.5926
-15.5741
-15.7407
-15.7778
-12.2593
-5.7963
1.81481
9.92593
16.6111
19.2037
19.9259
20.1481
18.4444
13.4259
6.05556
-1.55556
-11.6481
-20.5741
-23.1852
-20.1852
-13.2593
-5.31481
-1.07407
-3.35185
-10.0556
-14.8519
-16.3333
-17.4444
-21.7037
-28.5
3.94444
1.18519
-3.22222
-8.18519
-11.4259
-10.963
-5.7963
2.83333
9.72222
11.3889
7.94444
3.7037
3.12963
-0.222222
-5.85185
-13.9074
-10
2.85185
15.8148
17.2407
8.96296
2.44444
1.25926
4.74074
7.57407
8.72222
7.18519
3.18519
2.31481
-0.555556
-6
-11.4815
-13.037
-8.64815
-0.222222
8.51852
12.8148
11.7222
7.48148
3.03704
2.18519
-2.53704
-8.16667
-15.2407
-9.25926
4.24074
16.2407
15.0556
4.66667
-2.55556
-1.90741
5.31481
12.4074
15.9815
14.2778
9.14815
0.296296
-3
-8.68519
-13.1667
-12
-4.37037
5.33333
12.2778
13.4815
10.6111
7.01852
3.51852
2.37037
-3.98148
-10.3889
-16.6667
-9.18519
5.07407
16.4815
14.2593
2.74074
-5.38889
-5.46296
2.40741
12.2963
19.6481
20.3148
15.4815
-2.5
-6.64815
-12.037
-14.3704
-10.2037
-0.314815
10.2407
17.1481
17.2037
12.2963
6.01852
1.11111
-0.481481
-6.03704
-11.1481
-16.2407
-8.46296
4.37037
15.0185
12.9444
2.62963
-6.05556
-8.31481
-2.7037
8.2037
20.2407
26.6667
24.5741
-6.68519
-10.9444
-14.5926
-14.4444
-8.61111
1.88889
13.9444
23.6667
25.6481
18.537
5.7037
-5.51852
-9.22222
-11.1111
-10.8889
-13.1111
-6.2963
3.85185
14.1111
13.1111
3.68519
-7.25926
-12.6667
-9
3.37037
19.7037
30.8333
32.1111
-11.963
-14.2963
-14.1111
-12.1481
-8.25926
0.722222
14.7037
29.2037
33.9259
25.8333
7.98148
-8.2037
-14.963
-14.1481
-10.3333
-8.72222
-4.42593
1.96296
8.40741
8.44444
1.25926
-9
-15.5741
-12.8704
0.037037
18.5741
32.537
37.2593
-15.5185
-14.6667
-11.2222
-9.75926
-10.2222
-2.96296
14.963
34.463
40.8519
31.2407
12.2593
-4.7037
-14.6481
-16.6667
-14.7778
-10.9259
-6.66667
-1.48148
2.27778
3.09259
-0.87037
-7.7963
-13.4259
-12.8519
-3.72222
12.4444
28.7037
39.8889
-18.2037
-13.037
-7.40741
-7.5
-12.2593
-6.48148
14.8704
38.5741
45.7222
33.5926
12.8704
-3.46296
-13.2037
-16.4074
-16.4815
-12.5556
-8.05556
-3.7963
-2.62963
-2.98148
-4.7037
-6.92593
-9.16667
-10
-7.03704
2.96296
19.4074
38.3889
-19.2407
-11.7222
-4.48148
-5.59259
-12.8333
-8.75926
12.0926
35.5741
42.537
30.8704
12.2778
-1.05556
-7.7037
-10.2778
-12.3148
-12.3333
-11.0556
-7.57407
-4.66667
-2.55556
-3.42593
-6.81481
-11
-13.537
-12.5556
-5.46296
10.3889
33.4074
-14.037
-6.22222
0.314815
-3.38889
-12.8148
-11.3889
5.42593
24.8519
32.0556
26.5185
15.6481
6.87037
0.925926
-2.42593
-6.55556
-11.9074
-16.7037
-15.463
-6.55556
4.38889
7.27778
-1.12963
-14.2593
-22.6111
-23.1111
-15.6481
0.981481
27.3889
-10.3148
0.851852
8.2037
0.962963
-13.0926
-16.2778
-3.38889
14.3519
23.7593
24
18.6852
12.3519
6.77778
3.22222
-1.33333
-10.0185
-19.5556
-20.3889
-7.62963
10.1852
16.6852
6.27778
-12.7037
-26.9074
-31.6852
-26.963
-10.6481
17.7963
-7.11111
8.7963
17.0926
5.01852
-15.5
-23.4259
-11.7778
7.64815
20.0185
22.2963
18
12.5741
9.22222
7.5
3.16667
-7.33333
-18.7037
-19.8519
-5.14815
15.2222
22.7037
10.6296
-11.2222
-28.2778
-36.2407
-36
-22.7407
6.33333
-3.62963
16.9815
26.0926
8.75926
-18.3333
-30.3333
-19.3889
1.2963
15.5556
20.2037
17.6481
12.9259
9.59259
8.55556
5.75926
-3.72222
-15.2778
-17.6481
-3.18519
18.2407
27.537
15.9444
-7.33333
-27.1481
-38.6111
-43.3704
-34.5
-5.94444
0.351852
24.5741
33.7778
11.7778
-20.4074
-35.0741
-25.0926
-5.16667
8.62963
15.1852
16.3704
13.9815
10.4444
7.7963
6.35185
-0.648148
-10.1852
-13.7222
-0.814815
20.5556
31.7037
21.6481
-2.81481
-25.7037
-40.4444
-48.6852
-42.6852
-15.7222
3.94444
29.6481
37.8704
13.4074
-20.0741
-35.7407
-27.5556
-10.7963
1.2037
8.01852
11.2593
11.8519
10.0556
9.55556
8.88889
3.81481
-5.94444
-9.98148
1.44444
23.3519
36.2222
27.3333
0.907407
-25.6852
-42.9259
-52.7593
-47.6852
-21.6852
6.2963
31.1111
37.963
14.0926
-16.4259
-31.2222
-26.5926
-14.7778
-5.61111
0.537037
2.68519
3.81481
5.42593
12.1481
15.8889
12.0185
-0.888889
-7.11111
2.62963
25.1667
39.6667
32.463
5.25926
-24.4074
-44.8333
-56.5741
-51.6667
-24.6667
5.57407
30.1296
39.4259
19
-9.35185
-25.2222
-24.7963
-17.6296
-11.3519
-6.98148
-6.64815
-7.11111
-2.35185
11.6296
23.0556
21.5556
6.37037
-3.5
4.01852
25.9815
41.4444
35.9259
9.66667
-21.6481
-45.3333
-59.0185
-52.5
-22.963
1.81481
28.1296
42.2222
26.9444
-0.388889
-18.7593
-21.7037
-17.2037
-13.7778
-12.4815
-14.7222
-16.9444
-11.6111
5.55556
23.8148
28.2593
16.3333
4.09259
7.07407
24.7037
40.2963
38.2593
15.5
-17
-45.4815
-61.4259
-52.1111
-17.7593
-7.27778
21.3519
41.2037
32.4259
7.12963
-12.9074
-17.7407
-13.7222
-11.4815
-13.8889
-20.0556
-24.9074
-19.9074
-2.14815
19.6481
30.1667
24.2222
12.7407
9.7037
19.8333
33.7778
37.9444
22.9074
-8.31481
-41.5926
-61.0185
-49.5556
-12.0741
-11.0185
15.3889
37.1481
33.8333
11.8333
-9.05556
-15.8889
-12.2593
-8.66667
-11.6296
-20.2593
-28.2963
-25.4259
-8.14815
14.7407
29.0926
27.1667
16.7963
9.7037
14.5926
27.3148
35.7593
26.0741
-3.33333
-37.5185
-55.537
-40.0741
-1.74074
-12.5741
9.94444
32.1481
34.2963
16.7963
-4.16667
-14.2963
-12.9444
-8.51852
-9.07407
-16.8333
-26.6481
-27.3148
-12.3519
10.4815
26.6667
26.3148
16.037
7.16667
9.90741
22.0926
32.3519
25.4074
-1.25926
-31.6111
-44
-25.7407
7.90741
-14.9444
3.85185
25.4259
32.2963
20.8519
2.7963
-9.14815
-11.7963
-9.57407
-9.61111
-15.3519
-23.9444
-25.0926
-12.1852
8.14815
22.8889
22.6296
13.6667
5.24074
6.7037
16.0741
25.0556
21.1852
2.25926
-19.6667
-27.7778
-12.8889
11.7222
-15.6296
-1.14815
17.6667
26.8889
20.7963
7.62963
-2.85185
-7.33333
-7.90741
-9.81481
-15.6667
-22.4815
-21.9815
-8.74074
8.44444
19.8889
17.537
9.7963
2.44444
2.81481
8.7963
16.6296
18.3704
9.74074
-4.85185
-13.4815
-5.53704
11.7963
-14.5556
-4.37037
10.8889
20.1852
17.1481
7.66667
0.0740741
-2.42593
-2.01852
-4.7037
-12.1481
-20.6852
-20.3704
-8.42593
7.51852
16.2778
13.3148
5.12963
-2
-2.92593
2.42593
13.0556
22.1111
20.4444
6.81481
-6.16667
-3.77778
9.85185
-13.8148
-6.2037
7.2963
16.5185
14.3333
5.22222
-2.03704
-2.68519
1.37037
2.22222
-3.75926
-14.0926
-16.8889
-9.98148
3.35185
9.87037
8.25926
0.222222
-5.46296
-5.72222
1.94444
15.1111
26.5556
25.5741
11.4074
-2.25926
-1.68519
7.68519
-10.463
-7
2.11111
10.2037
11.3148
5.68519
-1.16667
-3.98148
-1.7037
0.833333
-0.444444
-5.7963
-8.11111
-5.7037
1.01852
3.92593
3.01852
-1.48148
-3.83333
-3.05556
2.77778
12.5556
22
22.9259
14.3519
4.98148
3.68519
5.12963
-5.74074
-6.44444
-3.33333
1.98148
6.57407
6.51852
2.24074
-1.88889
-2.05556
-0.037037
-0.203704
-2.88889
-4.09259
-1.59259
1.7963
1.48148
-1.7963
-4.35185
-2.98148
-0.314815
2.25926
5.62963
12.0926
18.037
20.0185
17.4444
12.963
4.53704
-1.35185
-4.88889
-6.2037
-3.2963
3.31481
7.87037
5.66667
0.425926
-2.68519
-1.2963
-0.833333
-1.7963
-2.38889
0.5
2.40741
-0.851852
-7.01852
-7.57407
0.518519
8.18519
7.64815
1.7037
1.5
8.81481
17.3333
19.5
14.1852
3.44444
2.77778
0.333333
-3.05556
-4.72222
-3.33333
-2
-1.22222
1
4.66667
4.83333
-1.66667
-11.6667
-11.8889
-5.05556
9.5
13.6667
13.4444
-1.27778
-14.8889
-23
-14.2222
-0.333333
4.66667
1.11111
-1.22222
5.22222
12.0556
12.9444
8.33333
1.55556
-1.11111
-0.333333
3.83333
-2.16667
-8.11111
-8.83333
-3.94444
1.22222
3.77778
4.38889
3.16667
-2.44444
-12.8889
-20.8333
-17.9444
-6.83333
8.11111
11.4444
9.88889
-7.27778
-18.9444
-27.4444
-15.3333
0.611111
10.5
8.94444
5.72222
9.94444
15.8333
16.6111
12.7778
6.61111
3.55556
1.66667
3.61111
-1.33333
-5.61111
-5.94444
-1.27778
3.5
5.16667
1.77778
-6.55556
-18.2222
-28.4444
-28.4444
-18.0556
-3.27778
6.11111
2.83333
-2.16667
-14.2778
-17.3889
-25.1667
-17.5556
-3.55556
17.1667
27.3889
24.6667
14.3333
5.05556
3
10.2222
20.0556
23.3333
17.2222
1.94444
2.22222
1.16667
0.388889
1.22222
2
0.222222
-7.22222
-20.7222
-35.1667
-41.2222
-30.9444
-11.8333
4.55556
6.94444
1.55556
-5
-5.44444
-1.83333
-0.777778
-3.33333
-2.88889
7.72222
18.8333
16.9444
0
-15.2778
-13.5556
6.16667
31.8889
43.8333
36.6111
-0.0555556
3.61111
4.61111
3.27778
1.16667
-1.5
-7.27778
-18.0556
-31.3333
-38.7222
-31.3889
-11.5
9.11111
19.8333
17.6111
13.2778
5.27778
7.38889
8.5
13.0556
3
-8.88889
-15.2222
-12.3333
-12.0556
-20.7778
-26
-16.7778
4.61111
29.2778
43.8889
43.3889
-0.444444
3.27778
3.88889
2
-2.22222
-8.16667
-17.0556
-26.2778
-29.3333
-19.0556
4.16667
26.1667
34.0556
27.6667
16
11.7222
6
11
13.1667
22.4444
13.4444
-6.11111
-30.6667
-44.1111
-45.2222
-40.8333
-30.8333
-16.6111
-3.05556
8.77778
21.0556
33.3889
0.111111
2.16667
1.72222
-0.722222
-7.27778
-16.7778
-26.4444
-27.8889
-13.6667
15.3889
44.9444
55.2778
41
17.8889
1.55556
-1.88889
-2.55556
3.55556
9.88889
19
16.4444
1.55556
-20.5556
-38.2778
-43.2222
-40.4444
-33.9444
-27.5
-22.5556
-18.5
-8.5
12.8333
1.38889
2.22222
1.44444
-2.5
-12.8889
-25.2778
-31
-20.5556
6.27778
38.6111
58.1667
53.3889
28.7222
3.61111
-10.4444
-12.6111
-9.38889
-2.27778
6.66667
13.1667
14.7778
9.05556
1.11111
-7.05556
-11.8889
-18.2778
-29
-40.3889
-44.6111
-40.5
-29.5556
-8.11111
4.11111
2.88889
0.333333
-6.61111
-18.6667
-27.8889
-24.4444
-6.55556
16.6111
32.5556
35.7222
28.4444
17.7778
7.5
-1.27778
-6.44444
-6.16667
-1.61111
4.16667
6.77778
8.11111
8.44444
11.1667
14.8889
16.3889
10.0556
-8.33333
-33.5
-50.7222
-51.7778
-41.8333
-25.2778
6.72222
3.11111
-3.72222
-14.6111
-23.2222
-19.9444
-5
8.88889
10.8889
3.83333
-1.83333
2.94444
16.2222
25.1111
21.6667
10.5556
3.11111
1.55556
2.33333
1.16667
0.833333
2.38889
8
15.9444
22.8889
24.7778
15.3889
-8.16667
-36.0556
-50.4444
-47.8889
-36.5556
5.11111
1.16667
-9.38889
-20.6667
-20.3333
-0.611111
20.8333
20.3889
-2.38889
-25.2778
-30.8333
-17.3889
7.72222
29.3333
36.0556
27.4444
14.3889
6.22222
2.05556
0
-1.05556
-0.5
2.11111
6.55556
13.1111
21.8333
26.8333
15.8889
-13
-40.3333
-49.5
-42.3333
2.94444
0.777778
-11.1111
-17.1667
-6.72222
22.8889
41.2778
26.0556
-11.3889
-38.8333
-43.8889
-34
-16.9444
6
27.3889
35.7778
29.3889
16.8333
6.94444
1.66667
-0.611111
-1
0.166667
1.88889
5
12.4444
22.3333
23.2778
4.22222
-24.0556
-40.3333
-38.8333
2.27778
4.55556
-0.666667
2.38889
18.5
41.7778
47.3889
26.6667
-5.88889
-31.7222
-43.2778
-47.7778
-43.8889
-28.0556
0.111111
26.1111
36.1667
29.8333
16.6111
5.72222
-2.22222
-3.72222
-0.777778
4.38889
6.5
8.88889
14.3333
19.8333
14.0556
-7.38889
-25.8889
-32.3889
-6.83333
-2.5
4.11111
18.3889
38.5556
47.3889
40
24.6111
9.83333
-8.77778
-31.5
-51.1111
-58.2778
-51.2778
-30.5556
-1.94444
23.3889
33.8333
28.8333
12.2778
-6.05556
-12.9444
-4.27778
12.0556
18.8333
15.3889
11.2222
15.2778
18.3889
5.61111
-13.3333
-26.2778
-15.1111
-13.5556
1.33333
18.7778
39.1667
37.2222
25
19.6667
24.5
18.7222
-7.44444
-37.3889
-54.2778
-57.8889
-51.6111
-35.3333
-7.66667
18.1667
28.3333
14.7222
-8.61111
-17.7778
-3.16667
21.6111
32.4444
25.2778
13.7778
13.3333
20.3333
13.8333
-4.88889
-23.8333
-23.6111
-30.3333
-18.5556
-2.05556
18.4444
16.7778
8.05556
10
25.6111
34.3333
19.0556
-8.33333
-33.4444
-48.8333
-57.7778
-56.8889
-40.2778
-14.0556
7.27778
7.11111
-4.22222
-9.27778
5.33333
27.3889
38.3889
31.2222
17.3333
11.8889
15.8333
13.2778
-2.05556
-18.4444
-6.22222
-20.0556
-23.2222
-19.8333
-8.38889
-5.66667
-5.61111
1.27778
17.1111
32.4444
34.1667
22.3889
-0.555556
-25.1667
-45.6111
-58.4444
-58.8889
-47.2222
-26.8889
-8.83333
4.22222
10.8889
15.7222
20.0556
26.2778
27.5556
21.3889
13.4444
12.8889
11
1
-13.1111
4.38889
-6.94444
-17.1667
-21.7778
-20.1667
-15.8889
-9.72222
-1
9.16667
20.2778
30.9444
35.1111
26
5.05556
-19
-40.7778
-57.5556
-64.5
-52.5556
-24.1111
7.83333
21.5
15.7222
6.22222
10.3333
21.1111
23.2778
14.7778
8
4.44444
0.5
-5.33333
11.7778
8
-2.33333
-13.4444
-21.5556
-17.5556
-6.22222
3.88889
7.55556
9.66667
17.4444
28.0556
33.1667
27.2778
9.38889
-15.5556
-43
-57.8889
-53.0556
-26.5
2.61111
13.4444
1.55556
-11.2222
-3.88889
16.1111
25.2778
17.0556
6.27778
0.777778
1.88889
2.94444
4.44444
8.33333
4.94444
-3.16667
-14.6111
-13.5
-3.38889
5.66667
7
4.66667
7.27778
14.4444
23.6667
27.3889
17
-2.11111
-26.0556
-35
-34.0556
-17.7778
-3.38889
1.55556
-8.33333
-16.5556
-9.22222
9.72222
20.7222
15.3889
2.72222
-2.88889
4.94444
17.2222
2
8.55556
6.61111
-1.38889
-15.2778
-13.8889
-2.72222
6.72222
6.94444
3.11111
2.77778
5.5
10.4444
12.6111
4.77778
-5
-13.3889
-8
-6.77778
-2.61111
-3.88889
-4.05556
-10.0556
-16.2222
-13.8889
-1.05556
12
12.9444
2.33333
-0.222222
16
38.1111
2.27778
8.94444
7.66667
-0.777778
-16.6667
-17
-5.05556
6.94444
8.11111
3.72222
1.88889
2.33333
3.05556
-1.55556
-7.5
-11.1667
-4.83333
4.05556
6.94444
4.61111
0.555556
-0.777778
-4.77778
-13.1667
-18.8889
-12.4444
4.16667
12.7222
5.11111
6.72222
28.5556
54.5
7.88889
13.0556
10.9444
-0.277778
-16.3889
-17.4444
-4.55556
8.66667
9.94444
4.27778
0.722222
0.388889
0.666667
-3.33333
-2.38889
-1.83333
7.83333
8.33333
9.83333
3.94444
0.611111
-4
-8.83333
-18.0556
-26.2778
-22.2778
-3.72222
10.2222
9.11111
16.9444
39.4444
58.3889
8.05556
12.1667
15.3889
10.6667
-0.555556
-9.61111
-6.88889
2.77778
8.05556
5.77778
1.5
-0.333333
0.777778
3.61111
13.6667
19.4444
23
12.6111
8.05556
1.38889
-1.44444
-7.83333
-13.9444
-21.6667
-29.2222
-28.8333
-17.7222
-5.55556
4.33333
23.7778
42.9444
45.5556
2.61111
6.72222
16.3333
22.3333
18.7222
1.66667
-10.8333
-8.27778
3
8.27778
5.44444
1.05556
1.22222
9.27778
23.2222
35.0556
35.7222
25.2222
14.4444
5
-1.83333
-8.5
-13.3889
-18.6667
-27.6667
-38
-42.7778
-33
-4.11111
31.4444
45.4444
26.8333
-8.11111
-3.61111
10.1111
24.5556
25.7778
4.44444
-18.2778
-19.9444
-2.27778
11.9444
12.1667
5.61111
2.27778
8.94444
19.9444
33.4444
35.6667
31.1111
19.2222
9.44444
2.44444
0.222222
-0.611111
-5.11111
-19.8333
-43.8889
-61.8889
-49.2222
-2.5
40.7778
42
5.11111
-8.77778
-6.16667
3
15.2222
16.5556
-1.11111
-24.3333
-29.6111
-12.7222
7.22222
14.7222
11.8889
7.16667
8.22222
12.3889
21.3889
25.1667
24.4444
15.6667
8.38889
5.5
7.83333
9.38889
2.72222
-16.5
-42.1111
-52.5556
-27.7778
19.3333
44.3333
24.2778
-17.0556
-0.611111
-0.888889
1
6.05556
6.77778
-2.61111
-20.2778
-32.1667
-28
-12.6667
2.27778
11.2778
14.5556
15
13
12.8333
12.6667
11.2222
6.44444
2.77778
2.77778
4.38889
3.05556
-5.16667
-17.3333
-22.5556
-8.27778
21.5
41.2778
28.4444
-6.88889
-33.2222
4
2.94444
2.22222
4
6.38889
6.11111
-3.27778
-20.2778
-34.1111
-35.0556
-23.1111
-5.11111
11.0556
19.6667
18.1111
11.9444
6.38889
2.83333
0.111111
-2.55556
-3.88889
-7.38889
-11.8333
-14.9444
-7.44444
15.0556
43.6111
55.3889
35.5
-3.16667
-31.4444
-33.5
3.22222
2.44444
2.33333
3.55556
7.94444
13.8889
14
0.722222
-20.6111
-36.0556
-37.2778
-26.7778
-12.3889
-0.944444
4.38889
4.77778
4.33333
2.5
-0.388889
-5.16667
-8.05556
-10.5
-9.66667
-2.66667
17.1667
44.5
59.5556
44.3333
7.5
-23.4444
-28.5556
-17.3333
-0.666667
-0.944444
0.444444
2.05556
5.83333
12.5
18.8889
17.1667
4.83333
-11.2778
-24.5
-30.8889
-31.5556
-27.0556
-18.9444
-10.2778
-2.33333
1.33333
-0.444444
-6.11111
-8.5
-3.88889
9.05556
24.1111
36.5
37
21.2778
-4.22222
-21.1111
-18.8333
-4.05556
6.5
0.722222
-1.05556
0.555556
1.16667
3.5
6.27778
10.7778
16.4444
20.1667
20.2778
10.2778
-7.38889
-28.3333
-39.8333
-36.1667
-23.5
-9.77778
-0.611111
-0.277778
-6.77778
-11.0556
2.83333
30.5
49.2778
40.0556
6.66667
-27.6667
-43.6667
-37.3889
-18.2778
-0.444444
11.2778
-0.9
-2.22
-3.5
-5.88
-11.36
-20.02
-27.88
-33
-33.58
-26.68
-12.88
-1.86
5.92
6.88
0.96
-9.92
-15.4
-19.46
-16.9
-9.76
-1.74
1.48
3.7
5.04
7.58
13.68
24.44
34.94
-0.4
-2.38
-6.06
-11.64
-19.88
-28.74
-34.54
-35.64
-31.38
-20.54
-7.1
2.82
7.6
8.34
4.78
-0.88
-4.24
-4.58
-3.62
-3.58
-4.82
-7.96
-12.7
-15.96
-12.34
-1.1
15.04
32.42
-0.88
-4.22
-10.36
-18.38
-26.92
-32.72
-33.1
-28.02
-18
-3.56
8.6
15.96
18.44
18.94
15.22
11.76
7.62
4.86
0.02
-6.96
-16.08
-23.46
-30.56
-35.38
-31.6
-18.44
-0.62
20.24
-1.66
-7.58
-16.36
-25.82
-32.82
-32.38
-23.08
-8.44
8.66
25.76
33.48
31.84
25.58
20.24
13.56
11.94
11.18
9.44
2.06
-8.92
-23.64
-36.18
-45.32
-50.84
-48.88
-37.5
-20.42
0.72
-4.06
-12.46
-23.42
-32.94
-35.8
-27.86
-10.48
11.56
33.12
48.06
48.68
39.3
25.48
14.62
7.96
9.52
12.64
15.04
10.3
-0.32
-15.58
-30.56
-43.12
-52.88
-57.58
-54.22
-44.26
-27.34
-8.86
-17.76
-28.7
-35.02
-31.12
-18.3
-0.04
22.38
41.88
50.94
48
39.82
27.32
16.96
12.7
15.06
16.6
18.74
15.74
7.2
-4.24
-15.68
-28.1
-40.76
-52.22
-59.62
-62.02
-54.58
-12.08
-19.1
-27.2
-28.28
-19.6
-8.06
4.92
21.84
35.7
41.48
41.84
39.16
32.24
24.4
18.8
16.68
14.76
13.4
10.56
6.66
2.54
-1.78
-8.16
-18.46
-33.38
-49.46
-63.68
-69.34
-10.66
-14.34
-18.66
-15.32
-6.2
-0.74
2.4
9.48
15.66
19.6
25.32
30.34
30.74
27.98
24.02
19.52
15.72
13.1
10.84
9.42
10.22
11.18
9.9
2.64
-12.76
-32.82
-54.3
-71.56
-3.64
-2.32
-1.36
6.1
13.58
9.94
-0.24
-7.2
-12.64
-14.2
-4.66
10.46
22.18
29.08
31.82
28.18
21.38
16.1
12.76
11.66
15.42
21.42
24.3
20.36
7.24
-13.54
-38.68
-63.04
0.08
8.8
18.02
30.88
35.32
22.74
1.24
-20.26
-38.7
-46.72
-37.56
-16.72
5.92
23.86
34.36
34.54
26.58
17.28
10.68
8.16
13.22
23.98
31.76
32.72
24.5
6.06
-18.56
-44.94
4.06
16.5
32.42
47.36
47
30.8
6.68
-23.62
-50.76
-63.84
-60.36
-43.96
-19.04
5.86
23.2
29.3
25.96
17.9
9.5
5.88
11.08
22.86
33.26
39.02
36.62
21.82
0.66
-23.6
5.5
18.12
37.74
52.56
49.92
36.82
17.46
-13.66
-44.42
-63.52
-70.64
-65.66
-48.04
-24
-1.58
11.66
15.76
14.34
10.76
9.28
15.18
26.76
36.9
43.36
43.52
31.2
13.24
-7.06
1.54
12.68
34.34
48.6
47.6
41.36
30.26
4.34
-24.86
-48.94
-67.66
-76.14
-70.56
-54.48
-33.2
-15.1
-3.58
2.66
6.54
10.88
19.82
31.88
41.82
48.3
49.12
37.12
20.86
5.06
-12.92
-4.52
16.46
30.16
33.44
36.98
36.38
20.46
-0.82
-23.3
-48.9
-69.58
-77.72
-74.24
-61.94
-45.36
-27.88
-14.4
-2.86
8.98
22.26
34.06
44.1
50.88
51.2
39.54
24.94
12.16
-17.3
-16.46
-3.06
6.54
13.72
26.02
35.56
32.36
22.32
6.18
-19.48
-47.7
-69.28
-80.34
-80.96
-70.18
-50.44
-30.04
-11.34
7.8
23.42
32.6
40.96
47.92
48.02
37.74
26.56
16.9
-16.86
-19.72
-14.1
-8.42
0.92
15.86
29.56
36.4
36.26
27.2
6.22
-21.88
-50.72
-73.24
-84.86
-79.62
-62.92
-40.96
-17.84
4.1
18.32
26.32
33.96
40.24
40.16
32.98
26
19.62
-15.88
-20.4
-21.3
-17.46
-5.92
8.52
21.56
33.42
39.5
36.02
21.72
-0.42
-27.68
-54.1
-72.16
-72.72
-61.04
-43.6
-24.38
-5.86
5.22
11.16
19.16
27.9
30.96
29.26
28.44
26.18
-13.14
-18.7
-25.52
-22.84
-9.9
3.16
14.22
27.46
35.56
34.9
26.88
11.9
-9.68
-33.68
-52.14
-56.74
-50.5
-38.14
-24.34
-11.9
-5.14
-1.42
4.78
13.36
19.14
24.32
30.1
32.28
-0.22
-7.04
-18.9
-19.82
-9.8
-0.64
7.56
19.46
26.64
26.9
23.24
15.4
1.92
-14.54
-27.64
-31.46
-30.5
-25
-19.08
-15.68
-16.28
-15.12
-10.8
-3.68
5.04
18.24
30.86
38.56
8
3.88
-7.62
-11.1
-5.38
-0.44
3.98
12.22
17.38
17.18
16.56
14.82
10.3
3.26
-1.7
-4.4
-6.92
-8.72
-11.54
-18.5
-26.12
-28.48
-27.22
-22.78
-11.22
9.8
28.44
41.8
9.36
6.56
-2.9
-6.42
-2.4
1.72
5.04
10.28
13.18
12.28
13.74
15.9
18.44
19.38
20.32
16.26
11.62
4.86
-4.48
-17.72
-29.04
-36.8
-41.16
-40.4
-27.48
-0.94
23.46
42.36
13.42
10.14
1.86
-4.86
-5.98
-2.64
2.38
7.22
10.76
12.74
16.14
19.98
26.16
32.18
35.14
30.14
23.16
13.54
1.36
-13.58
-27.34
-39.6
-49.06
-51.84
-39.7
-11.28
16.32
38.08
19.52
16.66
9.62
-1.5
-10.42
-10.68
-5.16
0.42
6.92
14.42
20.96
26.68
34.88
43.66
47
42.28
33.66
21.3
6.32
-10.48
-27.9
-44.22
-56.22
-59.88
-47.1
-18.2
10.24
31.76
16.52
16.28
12.16
0.3
-12.46
-16.26
-12.88
-7.24
2.06
13.92
24.7
33.24
41.66
49.38
51.34
45.22
35.82
23.86
9.8
-5.96
-22.5
-39.28
-52.14
-55
-41.98
-17.54
6.34
23.9
11.98
11.74
8.5
-2.6
-16.24
-22.66
-21.96
-17
-7
6.9
20.76
32.56
41
46.8
46.98
39.74
28.96
18
6.7
-4.9
-15.68
-26.76
-34.12
-31.98
-20
-4.34
10.16
18.06
12.74
12.14
8.54
-2.84
-17.26
-26.56
-29.6
-27.08
-18.98
-6.98
5.38
17.4
25.96
31.84
33.32
29.52
20.82
12.48
4.86
-2.12
-7.5
-10.96
-10.76
-4.7
5.14
12.84
16.64
13.1
10.6
12.74
11.2
2.74
-9.14
-20.64
-29.14
-30.54
-25.74
-17.68
-7.62
3.5
10.74
15.24
17.6
16.58
11.38
6.9
3.46
0.42
-0.28
2
6
11.34
17.22
18.48
14.18
5.36
6.94
10.2
11.38
7.8
1.48
-8.26
-19.12
-24.38
-25.1
-23.04
-17.1
-8.46
-2.58
1.52
4.06
2.5
-0.76
-1.98
-2.26
0.62
10.36
20.16
25.82
28.58
25.66
13.86
-0.56
-11.82