2.25
1.5
1.75
4
4.25
1.875
-1.375
-3.625
-2.75
-2
0
1.625
1.625
3.125
17.125
42
58.5
62.75
46.75
17.75
-3.875
-13
-9.875
-5
1.375
7.625
10.5
13
13.375
12
7.375
1.5
-2.375
-4.5
-0.25
-3.125
-5
-4.375
-4.5
-4.375
-5.75
-6.125
-5.375
-4
-1.25
-0.5
-0.125
4.75
34.625
68.75
87.625
88.625
60.75
24.25
2.75
-1.625
-2.375
-0.5
2.875
5.125
7.875
10.875
12.625
12.25
8.5
3.75
0.625
-2.875
-0.25
-1.25
-1.875
-1.5
-1.75
-1.625
-2.125
-4.875
-6
-4.5
-2.625
-1.75
-0.875
1.625
15.875
23.875
21.75
16.875
6
0.875
4.375
10
5.625
2.875
4.125
4
6.75
7.625
7.875
7.5
7.125
7.375
7
4.625
2.5
4.375
3.625
4
4.75
4.125
3.875
-0.125
-2.875
-3
-2
-0.375
0.125
-2.5
-14.75
-39.625
-60.375
-65.5
-53.375
-21.875
0.25
6.375
4.5
-3.25
-4
-4.125
-4.375
-2.875
-1.5
0.375
2.5
3
2.75
3.75
5.375
5.875
0.25
-0.75
1.25
1.875
2.875
1.875
-1.25
-2.625
-1.75
0
1.125
-0.5
-20.125
-50.75
-66.375
-71.125
-54.125
-21.125
-4.875
-1.5
-1.25
-7.625
-12
-12.75
-14.75
-12.25
-9.375
-6.875
-5.375
-7.375
-8.25
-5.625
-5
-4.625
-6.5
-4.75
-0.25
1.875
2.75
3.25
-0.25
-1.625
-1
0.375
2.875
7.875
-5.25
-23.25
-28.875
-38.625
-30
-14.375
-5.375
-0.5
1.875
1.375
-6.5
-9.625
-11
-10.25
-8.875
-7.375
-6.375
-7.75
-7.625
-6.125
-13.75
-13.125
-7.5
-2.25
2.5
4.25
4.75
4.125
1
0
0.125
1.375
7.25
16.5
7.125
-0.875
-6.25
-16.75
-13.375
-8
-2.625
-0.875
1.25
1.875
-6.375
-11.75
-11.125
-11.5
-9.875
-5.875
-2.375
-0.125
2.625
4.25
4.875
0.25
-1.125
-1.375
-1.75
-1
0.75
1.625
1.5
0.75
-0.125
1.25
12.75
17.125
8.375
5.875
0.75
3.125
8.375
7.125
0.875
-7.125
-7.125
-6.5
-9.125
-10.875
-8.125
-7.625
-6.25
-3.625
-1.75
0.5
3.25
6
18.75
11.625
4.875
-1.75
-6.25
-6
-3.875
-0.375
1.125
0
-0.25
5.125
17.875
12.75
7.25
8.125
14.625
34.75
41.625
30.25
8.25
-5
-4.625
-0.5
3.5
4.25
4.375
5.375
3.25
-0.5
-4.375
-6.375
-6
-3
12.5
9.5
6.5
1.375
-1.25
-0.75
0.75
2.625
2.5
1.75
4
15.5
18.625
9.375
7.375
10.75
31.875
56.5
63.375
43.5
16.375
4.75
2.75
8
12.875
11.375
8
8.625
5.875
1.25
-3.5
-7.375
-7.625
-4.875
6.125
7.875
6.125
4
3.875
4.5
5.25
5.75
5.5
5.75
11.625
20.625
11.875
6
6.25
15.5
38.375
56
60.25
40.5
21.125
10.75
4.25
6
13
13
8.875
8.625
6.25
3.5
2.5
0.375
-0.625
0.625
0.25
1.875
1.625
1
1.875
2.25
1.5
2.375
2.5
3.625
13.75
13.875
5.125
4.375
7.625
23.25
37.625
47.625
46.875
37.625
27.875
16.75
6.75
3
9.875
12.375
8
5.125
4.75
4.625
7.375
7.25
4.5
3.625
-8.125
-6.25
-2.25
0.125
3
2.75
1.125
-0.5
-2
2.875
11.375
5.75
3.25
5.125
15.5
32.875
39
39.25
34.375
37.75
36.125
24.375
11.25
2.375
0.375
2.5
-0.25
-5.25
-0.875
4.125
7.5
8.625
6.25
4.375
-8.875
-5.875
-0.75
5.125
7.875
8.625
7.875
4.5
4.375
13.5
12.625
4.75
4.125
8.875
26.375
39.5
39.375
26.75
20.75
30.125
35.875
27
13.5
3.25
-3
-0.125
3
0.875
1.875
7.375
8.5
8.625
7.875
5.625
-5.625
-4.875
0.375
4.625
4.875
7.375
7.875
7.625
14.625
22.125
12.75
6.625
6.625
17.125
34.875
40.75
32.875
9.75
-1.25
3.25
13.375
14.625
10.625
7.125
3.625
7.5
17.5
19.875
12.5
11
9.375
7.875
8.625
7
-6.375
-1.5
3.5
1.625
-2.875
-3.875
-1.625
5
20.875
21.125
10.375
7.375
10.625
27.375
39.25
38.375
20.75
-9.75
-34.75
-41.875
-29.75
-10.5
5.375
11.625
7.125
8.25
20.125
23.75
15.125
6.125
1.625
1.875
4.75
6
2.125
10.625
10.5
4.375
-4
-8.125
-4.25
9.125
23.75
16.375
9.375
8.25
18.375
35.625
40.75
31.875
8.75
-15.5
-37.625
-41.375
-29
-2.625
17.375
16.375
6.75
1
5.375
10.5
9.625
1.5
-4
-4.5
-4.5
-2.25
4.625
5
1.625
-2.75
-4.5
-2.875
2.75
18.25
19
10.125
7.5
11.125
23.875
28.375
25.875
8.125
-7.375
-10.125
-12.25
-12.375
-10.875
1.5
9.125
3.875
0.75
-4.375
-9.625
-4
3.75
2.625
-0.375
-4
-9.625
-9.75
-4.75
-12
-14.875
-14.75
-7.75
-0.25
9.375
18.875
10.25
5.25
6.875
13.25
10.375
-4.375
-18.75
-41.375
-47.875
-41.125
-42.625
-52.5
-50.625
-42.625
-32.25
-17.125
-7.5
-5.375
-9.75
-7.875
1.375
4.75
3.5
0.5
-4.5
-6.25
0.125
-4.5
-7.125
-7.25
-3.5
2.625
13.75
11.75
4.5
3.625
11
18.625
5.5
-12.125
-41.25
-66.75
-66.75
-59.5
-59
-54.375
-40.75
-31.625
-16.875
2.25
3.5
0.125
-1.75
-2.375
5.375
9.125
7.25
2.625
-0.125
-1.125
7.375
8
5.625
4.375
2.375
7.625
13.125
4
0.875
5
19.125
30.75
27.25
10.125
-27.5
-42.375
-25.375
-5.875
12
25.875
24.75
25.625
39.125
47.75
36
17.75
4.75
0
3.5
7.5
7
1
-0.75
0
4.25
5.625
3.625
3
3.125
10.625
7.75
-0.25
0.125
10
23.25
22.25
12.25
-19.875
-43.75
-28.375
0.5
28.625
46.25
42.5
30.25
33.75
51.875
63.125
58.25
35
10.375
-3.5
-8
-3.25
-1.25
-2
-3.25
-2.375
-3.75
-2.75
-2.375
-1.375
6.375
11.375
3.875
0.375
3.875
18.125
21.75
9.125
-11.875
-43.625
-41.375
-17
0
15.625
21.625
15.625
9.875
14.375
25.75
37
46.375
36.5
16.375
-1.875
-11.375
-8.25
-4
-0.875
-3.25
-3.875
-9.375
-6.125
-2
4.25
15.5
10.875
3.375
2.875
11.125
27.75
34
37.25
23
8.875
13
10.375
4.875
3.25
7.375
12
9.375
3.25
-4.125
-1.5
15.375
27.375
21
6
-5
-5
2.125
6.5
4.625
1.375
1.875
4.75
6.25
15.125
18.625
7.625
3.375
6.375
20.75
35.875
49.75
56.25
47.875
48.375
39.25
17.125
1
-11
-4.25
14.375
17.25
5.25
-17.5
-29.75
-14.75
10.75
20.625
14.375
2.75
-1
5.75
12
11.5
5.875
15.75
14.125
11.125
16
10
3
3.5
13.25
30
38.75
41.75
30
27.75
43
46.875
39.75
26.5
5.125
2.625
20.75
32.375
32.75
14.625
-5
-3
13.125
25.625
22
9.375
1.25
3.125
8.875
9.75
5.25
8
6.75
10.25
11.5
3.375
2.5
7.25
22.875
36.25
38.125
25.5
6.5
10
30.25
51.625
64.625
57
36
23.75
24.375
40.625
57.75
58.75
49.875
40.625
37.625
37
27.5
15.125
4.125
1
5.625
9.625
7.75
-3.5
-2.75
8.375
7.875
2.75
4.375
12.375
25.875
30.375
24
4.5
-5.625
3.375
18.25
30.75
38.5
30
24.25
25.375
23
33.25
41
43
43
38
34.875
33.75
29.375
20
8.125
0.875
4
10.25
10
-4.25
-0.5
8.5
5.375
2.125
-1
-1.75
-6.75
-21.125
-42.125
-60.375
-58.25
-43.375
-32.25
-29
-30.375
-36.625
-25.875
-11.25
-8.25
-8.875
-19.625
-27.375
-25.875
-23.375
-16.375
-4.5
5.875
6.875
1.625
-4.875
-4.5
0.375
1.875
-1.5
6.25
7.125
2.5
-1.5
-12.5
-26.75
-50.125
-79.625
-107
-118.375
-113.625
-100.375
-87.75
-77.625
-70.75
-65.5
-53.375
-45.625
-46.25
-55.5
-72.875
-86.625
-93.75
-98
-93.875
-78.375
-55.75
-34.625
-21.25
-13.5
-9.625
-5.875
-2.5
4.5
8.25
2.5
-1.5
-5
-11.75
-22.25
-39.875
-60.25
-73.375
-69.75
-57.375
-43.625
-34.25
-33.75
-39.5
-45.375
-48
-47.75
-45.625
-43.625
-45.25
-51.625
-64.5
-82.125
-95.75
-96.5
-79.625
-53.75
-32
-15.5
-7
-2.125
3.25
5.375
6.25
4.125
6.625
12
19.375
21
18.375
18
22.25
29.5
32.625
25.375
7
-17.75
-42.75
-60.25
-68.5
-68.5
-60.75
-45.875
-25.875
-6.5
6.625
7.625
-2.75
-14.125
-17.625
-13.375
-6.75
-1.875
1.625
2.875
5
-0.25
0.375
-0.125
2
8
17.625
27.125
39
53.125
57.375
43.5
13
-22.5
-49
-61
-62.625
-60.25
-59
-60.875
-63.25
-65.25
-60.5
-44.125
-17.25
14.5
39
51
50.125
42
33.375
24.75
16.25
6.5
-1
-1.5
-5.75
-12.75
-23.375
-31.625
-30.25
-15.5
2.25
10
1.25
-22.75
-47
-57.5
-52.25
-39.625
-27
-18.25
-14.875
-16.5
-22.5
-33
-45.25
-54.375
-53.375
-35.25
-3.75
27.25
44.875
46
35.375
19.75
3.375
-7.625
-13.375
-4.25
-9.5
-6.25
-0.75
-8
-14.125
-9.625
-3.125
3.5
7.75
3.25
-3.375
-2.625
12.625
48.125
67
28.5
-16.25
-18.25
-12.25
-10.125
-1.75
2.625
-1
-7.625
-6.875
-3.5
-8.25
-13.625
-13.25
-7.625
5
11.625
0
-6.25
-11.375
-5.25
2.625
-8
-19.625
-13.5
-2.125
5.125
8.25
5
-0.5
-2.125
13.25
65.625
102.25
42.875
-39.375
-46.5
-27.25
-19.75
-3.875
8.375
3.25
-5.125
-2.625
1.125
-7.625
-17.375
-16
-8.75
2
8.375
-1.125
-7.25
-13.5
-5.375
5.5
-6.25
-22.625
-17.375
-3.375
6
10
6.875
0.75
-2.875
13.375
80.625
127.375
43.25
-62.875
-60.5
-26.625
-20.125
-9
7.875
7.125
-3.125
-1.25
3.75
-4.875
-16.875
-17.75
-11.125
-1.125
5.25
-2.625
-6.25
-16.625
-8.875
6.25
-2.75
-23.125
-20.875
-4.625
6.125
10
9
3.875
-2.875
12
86.25
130.375
29.625
-73.5
-53.125
-13.875
-17.5
-14.875
5.25
5.75
-5.25
-0.375
5.875
-2.875
-14.5
-16.125
-11.75
-3.75
3.75
-1.25
-8.125
-21.625
-11.25
6.75
0.75
-21.375
-23.125
-7.875
3.75
10.375
12
5.75
-3.375
11.25
76.625
101.5
6.875
-64.375
-27.625
8.875
-5.375
-15.75
-2
0.625
-5.5
1.25
6
-3.25
-12.625
-14.125
-12.125
-5.375
3.25
0.625
-7
-18.125
-8.5
7.25
4.25
-17.375
-25.75
-13.25
1.25
10.875
14
7.625
-1.875
13.625
62.25
60.5
-15.625
-44.875
-2
25.375
9.625
-12
-10.375
-4.875
-6.5
-1.625
2.25
-1
-5.875
-11.875
-13.875
-5.75
4.875
3.125
-10.5
-17.875
-7.75
7.25
8.25
-12.75
-26.75
-16.625
-0.5
10.5
14.875
9.625
3.75
22
48.125
23.125
-24.25
-22.25
8.625
25.5
18.375
-5.625
-18.25
-12.875
-7.625
-4
0.625
2.75
-0.625
-9.125
-12.625
-5.125
5.875
6.5
-15.625
-18
-7.375
5.375
8.75
-8.5
-24.75
-18.125
-2
10
14.875
11
14
33.625
33.875
-1.875
-18.5
-0.625
7.375
9.375
17.375
3.625
-18.875
-18
-8.375
-3.875
0.625
3.875
-0.25
-9.875
-12.5
-4
7.25
8.5
-17.25
-14.625
-8.625
1.5
8
-4.75
-21.875
-19.125
-4.125
9.25
16.25
17.375
27.625
37
13.5
-13.875
4.375
25.5
-0.125
-18
4.5
9.75
-13.375
-21
-12
-4.75
1.125
4.875
-1
-11.5
-12.375
-2.875
9
12
-20
-18.25
-15
-4.125
8
-0.75
-19.5
-19.875
-4.75
10
17.5
25.25
38.875
29.125
-6.625
-7.25
38.875
47.75
-10.875
-48
-18.875
8
-4.25
-18.5
-14.875
-4.375
3.25
4.875
-3.125
-14.25
-14.5
-4.125
10.125
16.625
-19.125
-21.375
-20.625
-9
6.625
2
-16.75
-19
-4
9.5
20.875
37.125
41.375
10.25
-16.5
17.75
73.875
61
-20.75
-73.5
-47.375
0.25
8.75
-11.75
-17.25
-2.25
3.125
-0.875
-6.75
-16.75
-18
-6.625
9.875
19.375
-19.5
-22.875
-20.125
-8.5
5.625
2.75
-15.5
-19.875
-6
10.375
31.5
48.875
30.875
-10.125
-7.375
52.25
94.125
58.375
-25.375
-81.625
-70.375
-18
12.5
-3
-18.375
-7.125
0
-2.375
-5.25
-14.875
-19.125
-9.5
7.75
20.875
-16.875
-21.5
-17
-6.375
6
2.5
-16.625
-21.5
-7
15.375
43.375
49
11
-16.875
20.5
82.125
92.5
43.5
-22.125
-73
-83.375
-43.375
3
5.125
-13.625
-12
-5.25
-3.25
-1.625
-10.125
-18.5
-11.875
6
20.625
-18.375
-19.125
-11.75
-2.125
6.125
1.125
-16.375
-22.25
-7.625
23
52.625
37.75
-7.375
-4.375
55.625
96
74.125
26.25
-14.75
-56.125
-84.875
-67.5
-16.5
9
-2.75
-13.125
-11.5
-2.625
1.875
-8.625
-17
-11.875
2.125
16.625
-16.625
-12.375
-5.375
0.375
4.125
1.125
-13.625
-23.125
-6.375
34.875
54.25
16.875
-14.125
25.125
86.125
91.5
48.375
9.5
-16.75
-47
-72.375
-71.375
-35.625
3.625
7.125
-10
-12.75
-0.625
0.25
-12.25
-15.125
-8.375
0.625
12
-8.125
-3.5
-4
-3.625
0.625
0.625
-9.625
-17
4.625
42.875
38.125
-4.625
-1.125
62.125
100.25
71.125
24
-9.75
-38.75
-48.875
-40.75
-46.5
-47.875
-13.625
13.875
2.75
-9.125
-2
-6.625
-20.375
-15.375
-3.125
3
9
0.375
1.375
-8
-10.125
-3.25
1.875
-3.5
-6.375
18.25
39.875
13.375
-11.75
29.625
91.625
93
44.875
7.5
-22.25
-56.375
-47.625
-9.5
-20.625
-54.875
-35.625
8.75
14.25
-1.875
-3
-11.375
-27.75
-20.25
-2
4.5
7
4.625
1
-9.875
-12.75
-6
4.125
5.5
9.5
28.25
24.375
-7.5
1.125
61.125
93.625
68.625
30.375
3.875
-35.375
-79
-57.625
5.875
7.5
-39.375
-43.125
-1.25
20.625
8.625
-4
-16
-29.375
-23.625
-5
5.125
9.25
3.75
-4.75
-13.125
-13
-5.5
6.75
15.625
25.125
28
2
-14.125
26
69.625
63.625
46.25
32.125
-6.875
-56.625
-83.125
-50.5
17.875
30.875
-17.5
-42.625
-14.5
17.625
17.75
0.625
-15.625
-27.75
-27.5
-12.25
3.25
12.75
0.125
-12
-15.625
-10.25
-2.75
11.375
26.75
32.5
14
-14.875
1.75
56.375
62.75
24.875
22.25
24.25
-8.5
-40.25
-63.75
-49.875
10.25
36.375
0.125
-35.75
-28.75
2.875
20.5
11.625
-7.375
-26.875
-34.5
-20.625
-0.625
15.375
-6.125
-18.5
-15.125
-5.625
0.375
17.125
37.625
30.25
-5.375
-15.75
34.125
77.5
33
-26.125
-1
32.375
13.375
-20.125
-60.75
-66.625
0.25
56.625
32.875
-20.75
-43.25
-22.5
13
20.5
-1
-27.5
-36.5
-23.25
-3.5
16
-5.25
-21.125
-18.125
-6.5
2.875
25.125
43
17
-19.125
2.75
64.5
66
-16.5
-57.625
-1.25
43.625
33.75
4.625
-52.5
-75.75
1.25
76.25
54.625
-12.375
-56.5
-50.75
-4.875
24.25
6.75
-27.75
-40
-25
-4.5
15.625
-3.25
-20
-18.375
-6.375
9.125
33.875
37.125
-1.125
-17.125
34.375
82
44.125
-40.375
-66.125
-11.875
46.5
67.75
34.875
-56.125
-89.875
-3.375
78.375
66.75
2.25
-59.625
-76
-31.875
17.875
14.875
-23.75
-41.5
-26.125
-5.5
14.875
-0.625
-15.875
-16
-4
17.75
36.875
20.625
-13.625
3.375
68.5
88
22
-62
-84.125
-21.75
63.125
90.375
35
-60.875
-83.5
-4.375
66.5
68.375
22
-44.375
-84.375
-59.25
-2
16.75
-12.25
-36.125
-27.75
-7.875
12.875
-0.625
-15.5
-15.25
0.875
27.125
31.875
1.375
-11.375
36
91.875
75.75
-2
-69.625
-80.625
-20.75
56.375
79.75
29.5
-51.75
-59.125
2
37.25
42.5
31
-12
-64.75
-74.125
-28.125
11.5
0.5
-27.75
-30
-12.75
9.625
0
-17.375
-13.875
9.75
32
16.75
-12.25
8.75
70.5
96.5
55.5
-5.25
-54.5
-72.25
-20.125
49.5
60.25
6.875
-52.125
-31
18.625
17.25
14.125
28.75
11.75
-44.125
-81.125
-54.75
-3.625
8.75
-14.875
-29.625
-20
6
-0.25
-17.5
-9
18
26.375
-1.75
-9.25
41.375
93
83.875
37
-5.25
-48.25
-61.5
-9.125
40.375
35.25
-11.25
-45.75
-4.625
34.375
7
-6.5
18.375
21.625
-23.875
-76
-75.5
-26.375
9.125
-1
-24.125
-25.125
-0.25
-4.5
-17
-2.125
21.875
13.5
-11.875
9.375
69.125
93.375
59.75
18.5
-6.875
-32.625
-33.75
4.5
28
14.5
-20.5
-34.875
10.75
39
5.5
-14.25
4.75
17.5
-10.125
-62.5
-85.375
-52.25
-2.625
8.375
-14.75
-27.25
-6.5
-2.75
-5.75
8.5
16.875
-4.375
-16
21.5
70.25
71.875
34.875
8.125
-4
-17.875
-13
16.5
28.125
7.375
-23.125
-25.75
13.25
33.625
11.125
-6.125
0.125
7.125
-8.375
-46.25
-78.875
-66.625
-15.125
13.375
-4.5
-25.625
-11.375
-1
7.25
14.875
4.5
-17.75
-13
25
54.125
42.875
16
4.375
0.625
-1.625
8.5
23.625
23
6.75
-12.375
-11.875
8.5
14
-0.875
-10.625
-7.75
-2.5
-5.875
-27.125
-57
-57.625
-17.75
15.75
7.875
-17.625
-16
3.25
14.5
13.25
-7.25
-23
-8.5
19
28.875
17
7.375
14.25
23.375
19.125
8.75
3.75
3
0.875
-2
3.75
12.125
10.625
1.25
-9.625
-15.5
-15.875
-14.5
-18.75
-34.375
-40
-16.25
13.25
15.5
-6.875
-14.75
10.125
14.5
11.125
-6.125
-14.75
-4.625
5.75
7.125
6.25
10
13.75
10.375
2.875
-1
-1.25
-0.25
1.25
2.5
5.25
8.5
9.625
7.375
2
-4.375
-12.375
-18.75
-19.375
-20.875
-20.875
-8.5
11.625
18.625
-1.125
-16.25
14.75
7.625
-0.125
-8.5
-9
-1.875
6.875
15.5
17.125
5.625
-5
-3.25
-1.5
-3.5
-4.25
-3.625
-2
-0.25
3.625
8.5
10.5
8
3.625
1.75
-1
-6.75
-11.5
-14.875
-13.5
-4.875
7.75
12
-6.25
-18.25
17.75
-0.75
-9
-8.125
-5.625
3.25
21.75
30.75
12.75
-10.75
-14
-6.75
-8.25
-14.75
-15.375
-11
-5.75
-0.375
5.75
11.5
15.25
16.5
14.375
10.875
8.5
6.25
0.5
-12.125
-21.25
-15.875
-2.75
2.375
-9.375
-13.375
0.111111
1.11111
-0.555556
-2.66667
-3.44444
-3.22222
-4.27778
-6.22222
-4.88889
-2.61111
-1.33333
1.33333
20.9444
42.5
51.2222
53.0556
54.8333
52.1111
30.6667
9.38889
1.05556
-0.666667
-0.833333
2.22222
8.44444
11.5556
12.6111
13.8333
13.3333
10.3333
6.38889
3.11111
-0.777778
0.833333
0.111111
-1.83333
-2.77778
-2.72222
-3.27778
-4.94444
-4.11111
-2.77778
-2.16667
-0.0555556
10.8333
16.2222
14
12
14.8333
16.1111
5.77778
1.22222
2.72222
4.05556
2.27778
1.22222
3.5
4.22222
5.94444
8.05556
8.61111
7.16667
5.88889
4.66667
1.61111
3.5
2.72222
1.16667
0.277778
-0.611111
-1.05556
-2.44444
-3.11111
-2.77778
-2.33333
-1.61111
-4.22222
-17.7778
-30.3333
-35.7222
-34.8889
-30.7222
-26.2222
-13.2222
-2.16667
1.72222
0.777778
-3.88889
-5.5
-4.33333
-2.27778
-0.555556
-0.222222
0.277778
1.44444
1.77778
-1.55556
-0.111111
1.16667
2.16667
2.05556
1.05556
1.05556
0.388889
-1.16667
-1.27778
-0.388889
1.22222
-11.5
-33.9444
-47.0556
-53.8333
-56.0556
-54
-37.9444
-16.4444
-5.66667
-1.66667
-2.11111
-7.61111
-12.8333
-12.5
-11
-9.72222
-8.72222
-7.16667
-4.61111
-3.22222
-3.88889
-3.33333
-1.33333
1.44444
2.38889
2.16667
2.38889
2.33333
0.111111
-0.166667
2.66667
7.05556
-5.83333
-23.5556
-30.8333
-35.8889
-42.6111
-46.2222
-29.0556
-12.5556
-8.11111
-5.72222
-4.5
-8.66667
-15.4444
-15
-13.3333
-12.7222
-11.1111
-8.44444
-5.61111
-4
-6.05556
-7.44444
-3.61111
0.111111
1.11111
1.27778
1.88889
2.44444
0.833333
1.05556
7.27778
13.0556
2.83333
-5.88889
-4.88889
-5.44444
-16.0556
-23.3333
-9.5
-0.722222
-4.55556
-6.94444
-5.27778
-7
-12.6111
-13.8889
-12.4444
-11.7778
-9.61111
-6.5
-3.55556
-1.33333
3.44444
-1.61111
-1.77778
-0.388889
-0.444444
-0.444444
0.388889
1.66667
1.33333
3.27778
12.3333
14.8889
7.44444
6.94444
15.5556
19.2222
7.38889
1.77778
10.4444
11.1667
0.611111
-7.11111
-6.11111
-4.77778
-6.38889
-7.38889
-6.66667
-6.38889
-5.27778
-3.77778
-2.44444
0
9.38889
2.66667
1.05556
0.555556
-0.944444
-1.44444
-0.0555556
2.05556
3.16667
8.22222
16.2222
13.3889
8.94444
15.5
30.6667
36.8333
30.1667
29
31.6667
26.6667
12
-1
-2.44444
2.22222
4.83333
3
0.722222
0.277778
-1.22222
-3.05556
-3.88889
-2.38889
12.3889
7.66667
4.61111
2.5
0.5
0.555556
1.94444
3.77778
7
14.6667
17.0556
10.7778
11
23.7778
39.3889
44.8333
48.5
51.1667
47.4444
36.7222
21.2222
7.44444
3.05556
8.44444
12.7222
10.8889
7.27778
5.94444
2.33333
-1.77778
-3.44444
-2.72222
6.66667
5.55556
4.88889
3.72222
2.94444
3
3.66667
5.38889
11.0556
17.1667
13.1667
8.72222
15.2222
30.5556
39.2222
45.4444
59.3889
64.3333
53.8889
39.2778
28.6111
17.2222
9.33333
10.6667
14.4444
13.4444
10.1667
8.38889
5.27778
1.94444
1.22222
1.22222
1.5
3.38889
3.44444
3.5
4.38889
4.33333
3.38889
5.88889
13.6111
14.4444
7.83333
8.66667
21.6667
33.9444
33.9444
42.8333
61.6111
67.1667
52
36.2222
30.7222
23.6111
12.6667
6.83333
8.22222
9.44444
8.55556
6.77778
5.83333
5.05556
5.77778
6.33333
-2.83333
-0.722222
1.27778
4.05556
6.44444
5.38889
3.94444
9
14.5
9
4.44444
12.9444
29.2222
33.6667
30.6111
42.1111
58.7778
62.0556
46.6111
32.8333
30.7222
27.5556
15.2778
3.05556
1.83333
6.05556
7.22222
5.77778
7.27778
9.27778
9.61111
9.38889
-4.72222
-1.77778
1.83333
5.72222
7.77778
7
8.27778
15.4444
15.3333
7.38889
7.94444
22.2778
34.6111
31.7222
32.1667
41.1111
46.9444
42.8333
33.1111
24.3333
21.4444
22.2778
16.9444
6.61111
2.72222
7.77778
10.6111
9.27778
9.61111
11.6667
10.3333
8.94444
-4.33333
-2.16667
1.55556
5.38889
6.61111
7.33333
13.8333
20
15.3889
9.94444
16.8333
32.5
35.4444
30.8889
35.5556
34.9444
22.4444
9.27778
7.88889
5.72222
2
8.11111
16.1667
14.1111
9.16667
12.1667
15.7222
14.8333
13.1667
13.5
9.88889
6.77778
-0.944444
1
2.77778
3.33333
3.05556
6.77778
16.7778
19.0556
14.1111
15.3333
28
37.9444
32.9444
32.6111
38.1667
27.0556
-0.5
-16.1667
-10.8333
-6.22222
-8.94444
-0.888889
16
21.2222
15.1667
12.3889
15.2222
15.2222
11.6667
8.72222
4.5
1.55556
-0.555556
0.222222
-0.666667
-1.44444
-0.222222
8.11111
16.6667
14.1667
12.8889
21.7778
34.2778
32.1667
25.6111
30.2778
31.6667
10.6667
-20.4444
-32.3333
-27.8889
-21.1111
-19.8889
-11.4444
5
14
11.3889
5.88889
7.22222
9.44444
7.22222
2.88889
-0.5
-2.05556
-0.777778
-1.27778
-3
-4.16667
0.888889
12
14.3889
10.3333
13.8889
26.0556
27.6667
13.5556
10.8333
13.5556
2.5
-21.1111
-37.7778
-40.4444
-40.1111
-31.7778
-20.8889
-14.0556
-7
1.55556
3.72222
-1.16667
-1.33333
2.27778
2.77778
-1.38889
-3.61111
-3.94444
-4.77778
-6.11111
-8
-6.22222
4.11111
13.3333
10.0556
8.27778
18.2222
28.8889
16.8333
-0.444444
-2.05556
-8.55556
-29.2222
-49.7222
-52.6667
-53.0556
-54.2222
-43.3333
-28.1111
-21.4444
-18.9444
-8.38889
-0.555556
-1.11111
-2.44444
-0.111111
3.44444
1.44444
-0.388889
-1.05556
-0.388889
-1.88889
-3.88889
-0.722222
9.16667
10.8889
5.66667
9.16667
24.3889
27.9444
7.94444
-5.33333
-10.2778
-25.3333
-50.1667
-59.7778
-52.2222
-47.5
-40.0556
-23.3333
-5.88889
0.222222
0.611111
7.05556
11.0556
8.55556
2.5
-0.555556
3.33333
4.16667
2.27778
0.0555556
1.72222
1.66667
0.611111
5.77778
10.2778
5.5
3.22222
13.1667
27.2222
21.1111
5.72222
-0.388889
-11.6111
-30.2222
-40.6111
-33.8889
-24.7222
-16.8889
-0.5
17.6667
25.9444
28.9444
29.8889
29.5
26.7778
20.0556
8.5
-0.777778
0.277778
3.66667
2.77778
0
2.44444
3.77778
6.05556
10.8333
8.33333
2.33333
6.11111
20.4444
25.6667
14.4444
7.77778
1.66667
-12.5
-25.7778
-24.1111
-10.7778
-0.444444
13.5556
30.0556
40.1667
46.2778
51.3889
53.4444
47.2778
39.0556
27.7778
11.8333
-1.5
-5.94444
-2.05556
-0.888889
-1.72222
-2.22222
1.44444
8.61111
11.7222
5.72222
3.11111
13.5556
27.6111
24.1667
16.1667
17.3333
10.9444
-4.11111
-15.5556
-9.27778
1.22222
10.8333
24.8889
31.5556
31.3889
33.6111
41.3889
45.0556
37.7222
31.2222
24.8333
14.6667
2.55556
-6.38889
-4.72222
-1.22222
0.444444
-0.944444
4.38889
12.1667
10.5556
5.11111
8.38889
23.4444
31.7778
27
32.8333
40.7222
34.5
19.6667
10.7222
9.27778
4.33333
8.77778
19.6111
17.7778
8.72222
8.94444
19.2222
24.1667
18.5556
14.8889
16.2778
16.2222
10.1111
-0.5
-2.94444
1.38889
5
6
13.2222
15.9444
9.88889
7.16667
16.7778
31.2222
31.8889
34
48.3889
57.3889
53.8333
43.6667
36.6667
28.5
16.3333
17.0556
22.8889
18.2778
9.72222
5.94444
14
18.1667
12.8333
8.88889
12.4444
19.3333
18.8333
9.33333
2.16667
4.38889
8.72222
12.8889
18.5556
13.8333
6.83333
10
25.3889
34.1111
30.8889
37.2778
50.7778
57.0556
55.7778
53.3333
52.9444
46.1667
34.9444
32.7222
33
30.5556
26.2778
23.7778
28.6111
31
27.4444
22.0556
19.0556
22.2778
24.2222
17.5556
7.33333
5.27778
9.55556
13.6111
15.3333
8.38889
6.05556
15.2778
29.4444
29.3333
26
32.5556
37.1111
36.3333
37.1111
44.3889
51.4444
49.7222
47.7222
47.4444
43.5
42
43.6111
47.5
49.5556
48.5556
48.6667
44.1667
33.1667
26.4444
25.2778
21.5
10.8889
4.05556
6.61111
10.1667
6.05556
2.22222
5.27778
13.7222
15.1111
4.33333
-0.5
-2.77778
-9
-14.1111
-10.7778
-1.94444
6.16667
10
17.1111
19.2222
14.1667
14.8889
20.3333
27.2778
24.2778
20
25.2778
28.7222
21.7778
13.8889
13.8333
15.5
10
2.27778
1.83333
6.5
-0.611111
0
4.16667
3.77778
-11.3333
-29.2222
-39.8333
-51.8889
-64.3889
-67.8333
-60.1667
-49.8333
-39.1667
-29.6111
-16
-11.9444
-16.2222
-16.8333
-15.6111
-15.6667
-27.6111
-38.3333
-34.7222
-27.0556
-23.1111
-22.2222
-16.1667
-5.94444
-0.777778
-2.77778
-4.22222
3.55556
-1.38889
0.5
0.222222
-11.7778
-36.2222
-56.5556
-72.4444
-88.5556
-99.6111
-98.1111
-89.9444
-83.2778
-77.6111
-72.5
-65.6111
-64.8889
-66.0556
-63.5
-60.5556
-62.3889
-73.7778
-84.8889
-86.2778
-80.2222
-70.1111
-59.8889
-47.7222
-30.4444
-14.5
-7.33333
-6.77778
3.38889
5.27778
7.88889
6.05556
-4.44444
-19.7222
-30.6111
-42.6111
-55.6111
-64.7222
-65.1111
-63.5556
-64.7222
-67.5
-69.8333
-70.6111
-73.4444
-75
-73.3889
-70.8889
-70.5556
-74.9444
-80.8333
-84.5556
-82.7778
-73.3333
-62.3333
-51.6667
-35.8333
-16.8889
-4.88889
-2.94444
-0.277778
4.61111
5.33333
3.16667
-0.222222
0.333333
1.44444
-2.61111
-7.77778
-12.7222
-18.6111
-29.7222
-43.7222
-57.6667
-70.6111
-81.3889
-87.7222
-88.3889
-83.9444
-74.7222
-64.0556
-53.3333
-44.2778
-37.4444
-30.7778
-23
-15.5
-11.1667
-6.16667
0.777778
4.83333
3.88889
-3.22222
0.555556
0.5
0.833333
8.44444
20.3333
28.3889
29.5
24.0556
12.0556
-5.66667
-24.6667
-41.6667
-54.9444
-61.6667
-63.7222
-65.3333
-67.4444
-68.7222
-66.5556
-60.5556
-50.0556
-34.2778
-16.6111
0.388889
14.1111
22.8889
25.6667
21.8889
15.2222
8.5
3
-10.6667
-8.55556
-6.44444
-11.5556
-17.5556
-16.3333
-6.38889
4.22222
8.55556
6.16667
0.888889
7.33333
41.0556
81.3889
86.8889
40.3889
-17.3889
-39.4444
-31.8889
-15.3889
-6.83333
-1.33333
-1.38889
-3.77778
-5
-6.11111
-11.7222
-17.9444
-18.1111
-9.55556
0.611111
3.77778
-11.5556
-8.16667
-5.88889
-11.5
-20.3333
-19.7222
-8.83333
3.94444
10.1111
8.55556
3.16667
8.05556
42.8333
84.4444
90.3333
39
-21.6111
-42.8889
-33.5556
-17
-9.83333
-2.05556
0.388889
-0.555556
-1.94444
-3.66667
-9.61111
-17.1667
-18.9444
-12.0556
-2.22222
2
-15.0556
-10.2778
-4.83333
-9.72222
-20.5
-21.6111
-11.0556
3.33333
11.2222
10.6667
4.88889
9.27778
45.1111
86.8889
91.3333
34.6111
-26.5556
-45.5
-31.2222
-15.2222
-10.0556
-4.05556
-0.222222
-0.333333
-0.388889
-1.33333
-6.72222
-15.4444
-19.7778
-15.1667
-6.11111
-0.555556
-14.4444
-9
-2.16667
-6.83333
-19.5
-23.3889
-13.8333
1.72222
11.7222
12.9444
7.5
12.7778
47.6111
85.0556
83.0556
23.6111
-30.8333
-41.6667
-21.6111
-7.77778
-7.33333
-6.66667
-4.88889
-4.05556
-1.72222
-0.611111
-4.44444
-12.7222
-18.0556
-15.2778
-6.94444
-1
-15.1111
-8.44444
-0.111111
-3.66667
-17.9444
-24.8333
-17.1667
-0.666667
11.7778
14.8333
10.8889
17.3889
44.5
68.8889
57.1667
8.44444
-26.5
-23
-2.38889
4.33333
-5
-11.6111
-11.8333
-7.44444
-2.66667
0
-2.66667
-9.16667
-14.3333
-12.8889
-5.27778
0.555556
-16.8333
-9.77778
-0.388889
-2.22222
-15.6667
-24.5
-19
-2.88889
11.1667
16.0556
16.0556
23.0556
40.0556
47.1111
30.8889
-0.111111
-14.0556
-3.88889
8.94444
9.27778
-4.33333
-13.7222
-15.2778
-10.2222
-3.61111
0
-0.666667
-6.44444
-12.7222
-12.7222
-4.88889
2.66667
-20.1111
-12.7222
-1.88889
-1.27778
-12.4444
-22.4444
-19.7222
-4.88889
10.3333
19.3889
24
30.1111
35.1111
29.6111
18.1111
5.55556
2.94444
2.55556
3.55556
1.83333
-4.38889
-13.1111
-17.4444
-14.3333
-5.72222
0.277778
0.555556
-5.61111
-13.0556
-13.5556
-5
4.77778
-22.1667
-14.8889
-2.83333
-0.111111
-9.38889
-21.1111
-20.3889
-6.27778
10.6111
23.7778
31
35.7222
30.6111
21.8333
18.2222
20.1667
16.1667
-1.11111
-12.4444
-11.7778
-5.77778
-10.8889
-16.7778
-17
-7.27778
-0.111111
0.722222
-6.38889
-14.5556
-15.1667
-5.11111
6.72222
-22.7222
-16.6667
-4.61111
-0.0555556
-7.38889
-19.4444
-19.9444
-6.55556
12.1111
28.8889
37.8333
38.1111
25.3333
18.8889
26.5
40.1667
28.7222
-6.16667
-32.7778
-29.9444
-13.2222
-9.44444
-14.2778
-16.5556
-8.27778
-1.77778
-0.944444
-7.72222
-15.2222
-15.5556
-4.77778
8.38889
-27.2222
-20.4444
-7.33333
-0.944444
-6.16667
-17.5556
-19.3333
-6.61111
15.2778
35.3889
44.1667
36.3889
21.3333
21.4444
43
61.3333
40.3889
-11
-52.5556
-51.9444
-27.7222
-11.2222
-10.8889
-14.3333
-9.66667
-3.44444
-1.83333
-7.72222
-15.3889
-16.5
-6.11111
8.33333
-27.2778
-21.3889
-8.88889
-1.83333
-5.5
-16.6667
-19.3889
-5.66667
20.0556
42.1111
46.5
31.5556
20.2222
31.7222
64.9444
79.6111
48.6111
-16.2778
-67.8889
-73.1111
-44.0556
-16.5
-8.11111
-12.3889
-11.2222
-6.55556
-3.66667
-8.44444
-15.9444
-18.0556
-8.22222
7.44444
-25.5
-19.1667
-6.83333
-0.277778
-4.88889
-17.1667
-20.3889
-3.22222
25.3889
47.1111
43.2222
27.0556
23.6667
49.4444
83.8333
88.5556
48
-20.2778
-74.0556
-86.9444
-60.3889
-27.2222
-8.5
-9.83333
-10.9444
-8.94444
-4.66667
-7.88889
-15.3889
-18.8333
-10.1667
5.61111
-21.1667
-15.4444
-4.72222
0.5
-4.22222
-16.8889
-18.2778
1.55556
31
46.9444
36.2778
25.2778
35.0556
70.5
94.5
84.3333
35.3889
-26.7222
-75.1111
-89.6667
-69.1111
-36.1667
-10.5
-5.72222
-7.05556
-8.88889
-6.94444
-9.83333
-16.2778
-18.5556
-10.1111
4.5
-15.4444
-12.1667
-5.44444
-1.94444
-4.94444
-13.4444
-10.9444
8.66667
34.1667
40.8333
30.9444
29.6111
54.2222
87.4444
95.2222
66.2778
12.1111
-39.6111
-72.4444
-78.7222
-64.4444
-40.1111
-15.6111
-3.77778
-1.94444
-6.27778
-8.94444
-13.5
-18.8333
-18.5
-9.11111
4.44444
-10.2778
-10.3333
-7.66667
-4.33333
-4.5
-8.22222
-3
14.9444
32.8889
33.3333
29.4444
41.8333
75.2778
97.0556
86.9444
43.9444
-7.61111
-46.2778
-62.8333
-63
-58.5
-47.5556
-27.7778
-9.22222
-0.277778
-2.5
-7.11111
-14.5556
-21.3333
-20.8333
-10.3889
3.55556
-7.33333
-9.44444
-7.77778
-3.77778
-1.11111
0.111111
6.66667
20.5
27.1111
26.2222
29.9444
55.3889
86.8333
96.6111
73.7778
24.1111
-26.2222
-59.3333
-61.4444
-51.3333
-45.4444
-44.2222
-30.1111
-10.3333
4.27778
2.44444
-5.11111
-16.5556
-24.4444
-23.6667
-12.2778
2.72222
-8.44444
-10.7222
-8.66667
-2.61111
4.55556
10.5556
16.7222
22
20.1111
20.9444
31.7778
60.4444
84.3889
86.5556
56.3889
3.66667
-46.7778
-70
-55.8889
-30.5556
-21.7778
-30.3889
-28.5556
-11.8889
7.16667
8.5
-2.11111
-18.3889
-28.6667
-27.6111
-15.0556
1.16667
-8.88889
-13.2222
-11.6667
-2.88889
10.6667
21.1111
25.2778
19.9444
15.7778
22.4444
41.9444
64.1111
72.8333
63.7778
36.1111
-7.16667
-51.5556
-73.6111
-54.1111
-15.4444
1
-13.5556
-28.7222
-18.8333
2.66667
12.6667
2.44444
-17
-32.6667
-33
-18.9444
0.277778
-11.5
-17
-13.8889
-0.833333
17.0556
29.7778
28.2222
16.7222
15.7222
32.0556
52.6111
56.3333
46.6111
36.6667
27.5
-0.111111
-43.8889
-74.3889
-56.0556
-5.44444
23.6667
7.11111
-25.9444
-32.6111
-13.3889
7.11111
5.83333
-12.4444
-33
-37.2778
-23.5
-1.27778
-15.8333
-20.1111
-12.7222
5.44444
24.7222
34.5
24.6667
14.1667
19.7778
42.5556
49.5
32.8333
14.8333
18.7778
32.7222
19
-24.8333
-65.5556
-56.8333
-4.11111
36.1667
26.0556
-18
-43.8333
-33.6667
-6.05556
5.94444
-6.55556
-29.9444
-40.5556
-29.2222
-4.55556
-18.7778
-19.2222
-6.94444
13.9444
31.4444
34
20
15.4444
31.1111
54.8889
42.3333
6.11111
-17.5
4.44444
39.5556
37.2222
-11
-63.2222
-62.1667
-6.05556
48.2778
48.6111
-0.444444
-45.3889
-50.9444
-23.4444
-0.5
-3.5
-25.7222
-40.0556
-32.1111
-6.94444
-17
-17
-3.16667
18.2778
32.3889
28.3333
17.3333
23.2778
51.7222
67.8333
34.5556
-22.6111
-47.6667
-11.4444
41.3889
50
3.72222
-51.4444
-56.1111
-3.61111
51.0556
57.2778
9.83333
-42.9444
-62.8889
-40.9444
-11.4444
-3.22222
-21.3889
-37.7222
-33.6667
-9.33333
-16.1667
-15.5
0.277778
21.3333
29.4444
22.6111
19.1111
39
72
75.3889
26.1667
-39.5
-63.8889
-23.8333
39.6111
60.1111
21.3333
-38.3889
-51.1111
-7.94444
41.1667
51.2222
13.5
-35.6667
-65.3333
-55.2778
-25.5556
-7.22222
-17.2778
-33.0556
-33.7222
-12
-15.8889
-13.3333
4.5
23.3333
24.0556
19.6667
27.2222
59.6667
86
73.1667
10.9444
-52.9444
-67.4444
-18.4444
47.5
61.5556
17.6111
-39.1111
-43.7222
-1.38889
39.9444
47.2222
16.6111
-29.1667
-67
-71.8889
-45.6667
-18.0556
-14.1111
-25.9444
-31.3889
-14.9444
-12.8889
-8.33333
9.61111
22.0556
19.4444
21.6111
42.6667
79
91.3889
61.7778
-5.27778
-57
-59.3333
-8.61111
45.9444
48.6111
7.05556
-35
-28.7778
7.16667
34.1111
37.8333
17.4444
-18.2222
-60.1667
-80.7222
-64.3889
-32.4444
-14.3333
-19.1111
-27.1667
-17.5556
-8.5
-1.66667
12.9444
17.6111
16.2778
27.2222
59
89.5556
89.1111
52.6667
-5.11111
-44.5556
-47.0556
-7.44444
32.0556
31.2778
-1
-26.7222
-14.5556
10.5
22.8333
23.6667
15.4444
-6.55556
-47.5
-80.5
-79.2222
-48.7222
-20.5
-14.1111
-22.1667
-18.1667
-1.94444
3.94444
10.5556
8.38889
8.38889
27.3333
62.5556
85.8333
77.6667
41.6667
-3.33333
-32.7778
-33.6111
-4.61111
22.7778
19.4444
-2.77778
-15.8333
-1.88889
12.7778
12.8333
10.5
10.5556
2.83333
-30.9444
-69.7778
-82.5556
-59.0556
-25.6111
-10.1111
-16.3889
-17.7222
0.944444
4.72222
4.88889
-0.166667
2.22222
26.5556
58.7778
73.5
57.7778
27.1667
-1.61111
-13.1667
-7.61111
12.2778
23.0556
12.3333
-6.83333
-11.8889
2.27778
10.9444
2.33333
-5.94444
-4.33333
-1.83333
-22.3889
-55.6667
-73.4444
-57.1667
-23.7222
-3.55556
-8
-14.4444
5.77778
5.5
0.166667
-7.55556
-1.33333
24.3333
50.6667
57.2222
42.7778
25.7222
11.8889
4.94444
3.5
11.1667
12.6111
1.72222
-10.8889
-7.05556
11.3889
20.8889
10.8333
-5
-14.3333
-17.2778
-30.6667
-51.3333
-64.3333
-51.9444
-21.6667
0.833333
0.222222
-8.22222
11.2778
9.72222
1.66667
-7.05556
0.555556
21.5
40.3889
41.2778
29.7222
16.3889
5.11111
-0.777778
-1.27778
4.83333
5.27778
0.277778
-5.11111
0.666667
12.2778
18.7778
13.8889
4.16667
-5.72222
-14.2222
-28
-44.2222
-54.6667
-45.7778
-19.9444
3.55556
5.55556
-4.16667
11.8333
5.61111
-5
-9.94444
0.888889
20.1111
33.4444
28.8333
15.5556
3.16667
-0.944444
-1.16667
-0.0555556
1.22222
0.722222
0.944444
1.38889
6.05556
10.2778
12.0556
9.27778
5.88889
2.27778
-1.22222
-11.1111
-25.7778
-39.6111
-37.9444
-19.6111
0.333333
2.16667
-6.77778
9.44444
-1.33333
-11.5
-10.5
3
19.1111
24.3889
13.2778
-0.611111
-7.38889
-5
-1.77778
-0.777778
-0.722222
-0.222222
1.61111
3.33333
6.44444
8.61111
9.77778
7.88889
6.16667
4.72222
5.72222
2.16667
-7.22222
-21.4444
-27
-18.3333
-4.33333
-1.5
-6.77778
2.28125
1.34375
-1.125
-2.8125
-3.5
-3.28125
-2.4375
-3.34375
-3.75
-1.9375
5.4375
9.28125
9.15625
7.8125
8.34375
9.34375
8.90625
7.71875
1.1875
-2.125
-0.59375
2.09375
2.34375
2.28125
4.34375
5.75
6.375
6.21875
5.78125
4.8125
1.125
1.6875
0.125
-1.0625
-1.65625
-1.46875
-0.375
-1
-2.09375
-1
-1.59375
-8.65625
-14.75
-18.3438
-19.0313
-16.9063
-16.0313
-17.5938
-16.875
-9.875
-3.4375
-0.53125
-0.84375
-2.6875
-2.71875
-1.78125
-1.1875
-0.78125
-0.1875
1.03125
0
0.9375
-0.125
-0.5625
-1.0625
-0.84375
0.59375
0.65625
0.28125
1.84375
-5.8125
-19.7188
-27.1563
-31.25
-33.2188
-31.9688
-31.3125
-34
-27.8125
-14.9688
-8.5625
-6.78125
-7.375
-9.71875
-11.75
-11.3438
-9.96875
-8.96875
-6.90625
-3.625
-0.03125
0.5625
-0.09375
0.28125
0.15625
0.34375
1.5
2.40625
4.1875
6.21875
-5.25
-19.6563
-24.6875
-27.3125
-30.4688
-30.9375
-31.75
-35.3438
-25.9688
-12.625
-8.9375
-9
-8.34375
-9.5
-12.9063
-13.0625
-11.625
-10.75
-8.6875
-5.125
-0.84375
-1.09375
-0.34375
0.6875
0.46875
0.4375
1.6875
4.40625
8.84375
10.6563
-0.09375
-9.125
-7.6875
-6.15625
-9.46875
-12.8125
-16.5313
-19.5313
-10.6563
-2.8125
-5.78125
-10.0625
-9
-8.5625
-11.7813
-12.7813
-11.7813
-10.9688
-8.71875
-4.8125
3.0625
1.125
0.6875
0.75
0.0625
0.1875
1.9375
6.875
13.0625
13.2813
5.40625
4.40625
12.875
18.9063
17.25
10.6563
4.3125
3.53125
10.125
9.9375
0.21875
-7.5
-7.21875
-5.125
-6.84375
-8.34375
-8.15625
-7.75
-6.0625
-3.09375
5.9375
3.6875
2.65625
1.84375
0.65625
0.625
3.375
10.3438
15.9063
13.4375
9.78125
15.7813
29.0625
39.1875
39.5
30.9688
24.0938
27.1563
31.5938
24.9688
12.1563
2.40625
0.6875
3.6875
4.125
1.59375
-0.53125
-1.15625
-1.78125
-1.125
6.9375
5.21875
4.3125
2.90625
1.65625
1.90625
6.34375
13.8438
16.0313
12.0313
13.0938
24.1875
39.3125
51
53.1875
45.5938
40.9063
45.7188
46.7813
36.0625
22
10.8438
5.25
6.8125
9.1875
6.9375
3.625
1.9375
0.6875
0.84375
6.84375
6.71875
5.65625
4.25
3.65625
5.03125
10.5313
15.6875
13.75
11.0625
17.4063
31.0313
43.8125
53.9688
57.9375
55.25
54.25
56.7188
52.9063
40.7188
29.125
18.4063
9.25
7.8125
11.1875
10.8438
7.5
5.09375
3.46875
3.3125
3.625
4.9375
5.15625
5.09375
5.5625
8.71875
13.9375
14.9688
11.2188
12.375
23.2813
36.1875
44.875
51.375
56.7188
61.4063
63.625
60.9375
51.9063
41.5313
34.4063
25.3125
14.1875
9.25
11.7188
13.4688
11.6875
8.875
6.625
6.46875
-0.25
1.96875
4.34375
5.3125
7.71875
12.75
15.625
12.7813
10.2813
16.75
29.8125
40.1875
43.5625
44.4063
49.9688
60.3125
64
54.5938
41.2813
34.2813
31.0313
24.9063
15.8125
8.96875
8.59375
12.0625
13.1875
10.875
9.375
9.78125
-2.28125
1.0625
4.8125
7.3125
11.7188
16.8438
16.25
11.7813
14.0313
25.3125
37.25
42.8438
40.2813
35.2188
38.3125
49.1563
51.75
37.9063
23.1875
19.2813
20.2188
20.1563
18.3125
12.9375
8.65625
11.4688
15.0313
14.25
12.1563
11.5938
-2.125
1
5.40625
9.40625
14.9375
18.2188
14.7188
12.7813
21.4688
34.625
43.0625
43.375
37.0938
29.5625
30.0625
37.2813
36.8438
23.5625
11.0313
8.96875
12.0625
17.375
22.5
19.5
12.0313
11.5313
15.5938
16.2188
13.1875
10.9375
-4.84375
-1.46875
3.8125
9.59375
15.6875
15.9688
12.0625
15.8438
28.5938
39.4688
42.9063
38.75
30.6875
22.2813
17.4375
14.5938
9.75
1.15625
-6.90625
-8.90625
-5.625
4.875
16.75
18.6875
11.9688
8.5625
11.25
13.1875
10.9063
7.53125
-4.25
-1.1875
3.8125
10.8438
15.375
12.75
11.7813
20.2813
31.5313
36.0313
34
24.875
14.0625
5.40625
-5.375
-17.2188
-23.1875
-23.9063
-26.5
-27.3125
-21.4063
-7.28125
7.90625
13.9375
10.6875
5.71875
5.84375
8.09375
7.0625
3.75
-3.09375
-0.75
4.3125
10.5313
12
9.5
13.5
25.375
31.8125
29.25
21.5313
9.03125
0.78125
-4.375
-17.125
-33.2813
-38.25
-32.1563
-27.875
-24.8438
-20.0313
-9.875
1.46875
8.75
10.0313
5.03125
1.8125
2.46875
3.34375
1.46875
-4.28125
-1.59375
3.5
7.53125
7
7.71875
17.4688
29.0938
27.875
17.2188
4.5
-6.9375
-11.5
-16.6563
-33.7813
-53.4375
-54.4688
-41.4688
-29.7188
-22.6563
-19.4375
-13.5625
-4.34375
6.15625
10.9063
6.625
0.15625
-1.9375
0.40625
0.9375
0.1875
3.65625
7.25
6.8125
4.9375
10.0938
22.6875
28.0313
18.8125
2.90625
-11.9063
-20.7813
-23.3125
-29.0625
-46.0938
-58.0938
-50.625
-32.125
-14.1875
-1.78125
0.96875
0.71875
6.125
14.8125
18.125
12.125
2.53125
-3.25
-1.65625
0.8125
2.40625
6.90625
8.375
4.96875
4.8125
14.9375
26.5938
27.7813
17.2188
1.40625
-12.0625
-14.8125
-11.4063
-16.25
-28.0313
-32.0625
-22.4688
-3.5625
18.6875
32.5625
29.9063
22.4063
21.9688
26.4063
26.9688
19.5313
7.40625
-2.03125
-3.0625
0.34375
4.375
8.84375
7.6875
4.28125
8.53125
21.5313
31.0313
28.625
17.2188
2.09375
-6.0625
-3.1875
-1.96875
-10.5
-18.7188
-17.625
-7.9375
10.0313
30.9063
42.4063
41.125
34.1563
30.6875
30.9063
29.9375
23.7813
11.7188
0.4375
-4.40625
-1.71875
8.875
11.3125
7.84375
6.96875
15.7813
28.7813
34.1563
29.0938
20.1875
12.0938
10.3438
11.5
6.75
-3.59375
-5
3.0625
9.34375
18.5
31.0313
40.875
43.9375
40.2813
32.8125
25.6563
24.375
22.875
15.7188
5.46875
-3.0625
-2.96875
11.3438
10.7188
7.1875
11.5625
24.125
34.9063
37.75
36.375
34.5938
36.2813
40.5313
39.7188
30.6875
20.2813
23.1875
29.8438
29.5313
28.3125
30.4688
35.5938
41.8438
43.9688
34.0625
21.4063
19.3438
22.7188
21.0313
12.5938
1.78125
-1.59375
13.75
10.6563
9.5625
19.0938
32.1563
39.2813
41.1563
41.0313
43.875
52.8438
58.875
52.5
38.2188
28.25
31.4063
37.6563
36
28.0625
21.5938
24.0313
35.625
44.5625
36.0313
20.4375
16.6875
22.375
25.7813
20.7813
9.65625
2.375
14.2188
10.1563
12.8438
24.8438
34.9375
37.625
36.1875
36.7188
45.8438
60.5938
64.875
55
42.4375
37.7188
43.875
51.2188
48.8125
36.875
26.5313
27
38.6875
49.5625
43.5313
27.7188
20.2813
23.5313
28.8125
26.9063
17.0313
6.875
10.2813
7.34375
12.8438
22.2188
24.9063
20.4063
14.125
14.0938
24.1563
36.6563
38.4688
31.75
25.7188
27.9375
36.375
42.7188
42
34.0625
26.1563
24.75
33.1875
42.6875
40.6875
29.8438
20.75
19.625
23.25
23.5
17.75
8.03125
5.3125
3.53125
9.125
12.2813
6.28125
-5.25
-16.5313
-20
-13.6875
-7.125
-9.21875
-12.2188
-11.2188
-2
9.625
16.625
16.0938
10.5313
5.4375
1.9375
4.59375
7.71875
7.1875
3.0625
-2.5625
-3.6875
1.53125
8.0625
9.78125
4.75
1.65625
0.6875
2.8125
-2.4375
-15.9063
-32.6875
-45.875
-49.4688
-46.6563
-47
-51.2813
-50.75
-45.5
-33.0625
-21.6563
-18.3438
-20.5938
-22.625
-23.5313
-26.0313
-27.25
-29.4063
-29.0313
-26.6875
-28.2813
-28.875
-23.1875
-12.6875
-4.15625
-2.46875
2.65625
3.6875
1.65625
-9.125
-24.7813
-42.25
-55.7188
-64.0625
-70.7188
-79.5
-86.25
-86.5
-83.3125
-75.3125
-69.1563
-69
-71.2188
-70.4063
-67.7813
-67.0313
-68.5
-71.5625
-68.4688
-59.4063
-53.25
-49.1875
-41.2813
-28.3438
-15.3125
-7.78125
1.15625
2.375
-1.4375
-10.7813
-22.0938
-34.5938
-43.875
-51.875
-60.4063
-70.3125
-78.4688
-83
-85.1875
-82.6563
-81.2813
-83.6875
-87.25
-87.875
-85.5938
-83.7188
-83.625
-84.875
-80.3125
-68.8438
-57.9375
-49.4688
-39.4063
-26.375
-14
-5.40625
-0.34375
2.25
0.59375
-4.6875
-10.6875
-16.3125
-20.5938
-26.625
-35.1875
-46.8125
-58.7188
-69.6563
-77.8438
-82.8125
-87.9688
-93.375
-96.125
-93.7813
-88.2813
-81.0313
-74.5625
-68.25
-58.3438
-45
-33.3438
-25.625
-19.2188
-12.2813
-5.78125
-1.3125
-13.6563
-13.6563
-16.1875
-19
-16.375
-9.84375
-0.75
6.90625
7.9375
11.6875
32
54.6563
69.7188
70.0625
37.4063
0.96875
-17.9688
-26.2188
-19.0625
-9.6875
-6.84375
-5.96875
-5.78125
-5.78125
-8.59375
-14
-17.4375
-16.6563
-12.7188
-6.875
-11.125
-11.6875
-15.125
-19.875
-18.9688
-12.1563
-1.875
7.5
10.0938
15.0625
34.7188
55.9063
69.75
67.0313
33.4688
-1.90625
-19.9688
-25.9688
-17.6875
-8.8125
-6.4375
-5.84375
-5.46875
-4.6875
-7.03125
-12.3438
-16.4375
-17.0313
-13.8125
-8.34375
-10.5
-10.3125
-13.3125
-19.5
-20.1875
-13.7188
-2.84375
7.84375
12.4688
19.1563
38.0625
57.9063
69.3438
62.8125
28.7188
-5.21875
-21.625
-25.5
-16.4375
-9.03125
-8.3125
-7.84375
-6.875
-4.59375
-4.875
-9.09375
-13.5938
-15.5313
-13.4688
-8.875
-12.0938
-10.75
-12.4688
-18.5938
-20.2813
-14.2813
-3.375
8.03125
15.75
23.8438
41.5625
58.6563
65.625
57.125
24.1563
-6.0625
-20.125
-23.5938
-14.9063
-9.8125
-10.25
-10
-8.59375
-4.9375
-3.84375
-7.0625
-11.8125
-14.6875
-13.0625
-8.5625
-14.0938
-11.4688
-11.8438
-17.75
-20.4063
-15.125
-4.375
8.84375
20.0938
28.5313
41.7188
51.8125
53.9375
46.1563
21.2188
0.1875
-11.2813
-15.7813
-11.2188
-10.375
-12.2813
-12.5625
-10.8125
-6.4375
-4.21875
-6.46875
-11.1563
-14.4688
-12.5938
-7.375
-15.4375
-12.0625
-11.0625
-16.5625
-20.4375
-15.875
-5.1875
10.375
24.125
32.3438
40.2813
42.9063
42.875
38.0313
22.3125
9.09375
-2.9375
-11.5938
-11.5
-13.5
-14.9688
-14.1875
-12.9688
-7.875
-4.84375
-6.09375
-10.2188
-14.5625
-12.6875
-6.53125
-17.875
-13.375
-10.5313
-14.7188
-19.1563
-15.5
-4.1875
12.7813
28.0313
36.4375
39.4063
38.0313
39.5
38.1875
29.6875
17.5938
-0.90625
-15.6563
-19.9063
-20.8438
-18.2188
-15.2188
-13.875
-8.8125
-6.1875
-7.09375
-10.4063
-15.4063
-13.2188
-5.875
-18.9375
-13.2188
-9.75
-13.1563
-18.5313
-15.3438
-2.46875
15.6563
32.4063
40.9063
40.6563
39.3125
43.375
45.5
39.9375
23.4063
-3.34375
-25.2813
-32.5938
-30.5
-23.125
-16.8438
-14.8125
-10.375
-7.75
-8.1875
-10.5
-15.375
-13.4375
-5.59375
-17.8438
-12.0313
-9.03125
-12.5
-18.5313
-14.7188
-0.28125
18.75
36.6875
44.375
42.7188
43.7188
50.875
56.4063
51.375
28.8125
-6.625
-36.6563
-47.5938
-43.5313
-31.3125
-20.5313
-16.4375
-11.9375
-9.125
-8.78125
-10.0625
-14.0938
-12.3438
-4.625
-19.4375
-12.375
-8.59375
-11.9063
-17.5
-12.7188
2.375
21.7188
39.8438
45.9375
45.5313
50.3125
60.625
69.0625
62.3438
33.1563
-10.5
-48.4375
-63.4688
-58.1563
-40.7188
-24
-16.0625
-10.5625
-8.84375
-8.96875
-10.5625
-14.875
-13
-5.40625
-19.25
-11.9688
-8.71875
-11.125
-15.0938
-9.1875
6
25.1563
41.7813
46.9375
49.8125
58.5
72.1875
81.0938
69.1563
32.4375
-18.125
-60.4063
-75.9688
-67.7188
-45.9063
-24.9063
-14.1875
-8.53125
-8.96875
-11.0625
-13.9375
-18.625
-15.5625
-6.90625
-17.4063
-11.8125
-9.1875
-10.5625
-11.3438
-4.28125
10.4375
28.4688
41.9063
48.4375
55.5
67.9063
83.4063
86.8438
66.25
22.5313
-30.3125
-69.2188
-80.4375
-69.0313
-46.5938
-25.5313
-13.375
-7.4375
-8.65625
-12.0938
-16.8438
-21.875
-17.5313
-7.65625
-15.9375
-12.1875
-9.90625
-8.90625
-6.5625
0.96875
14.7813
29.9688
41.3438
51.125
62.875
78.4375
91.9063
87.5
58.75
12.2188
-37.4688
-71
-79.0313
-69.7813
-50.375
-30.6875
-17.1875
-8.0625
-8.03125
-12.0313
-17.9688
-23.9688
-20
-9.5
-14.2188
-10.6563
-8.0625
-4.28125
-0.25
6.78125
18.875
30.2188
41.1563
53.5938
69.2188
85.9375
95.0625
83.2188
46.625
-1.40625
-47.125
-74.1563
-76.9063
-66.9688
-48.6875
-30.1875
-16.6875
-6.4375
-5.96875
-10.9375
-17.9375
-24.875
-22.0313
-11.4688
-12.8125
-8.625
-4.8125
1.28125
6.0625
12.1875
21.3438
29.6563
39.3438
52.8438
70.875
86
90.4375
72.2188
28.875
-17.0313
-53.1875
-70.6563
-65.5
-54.375
-42.0313
-27.7188
-15.7188
-5.9375
-3.1875
-8.09375
-17.0938
-25.1563
-24.1875
-14.125
-12.3438
-7.8125
-1.6875
6.40625
12.6875
17.75
23.5625
30.8125
40
54.625
71.4063
80.2813
80.5313
56.9375
12.75
-25.8438
-55
-64.4063
-52.8125
-42.0938
-35.2188
-25.8125
-16.5313
-7.125
-1.53125
-5.59375
-16.625
-27.1563
-27.8438
-17.5938
-13.7188
-7.40625
1.3125
11.5313
19.5625
22.7188
26.8438
34.4688
42.625
55.2813
66.1875
68.5
66.875
44.4063
4.15625
-30.4375
-55.6563
-58.7188
-39.4063
-24.6563
-21.9375
-21.25
-19.9688
-13.8438
-6.15625
-7.125
-17.5938
-29.5625
-31.2188
-20.6875
-14.9375
-7.34375
3.5625
16.4375
25.75
27.3438
30.9375
36.9688
41.9375
49.3438
53.4063
53.2813
54.25
38.3125
2.78125
-30.2188
-54.5625
-53.4375
-25.5
-5.34375
-5.03125
-14.3438
-24.125
-23.875
-14.875
-11.6875
-19.5938
-31
-33.9688
-23.0625
-14.7188
-5.71875
7.125
21.4688
30
31.25
35.5938
41.7188
43.9688
43.5313
40.1875
35.9375
39.7188
33.25
4.21875
-26.3125
-50.7813
-48.3125
-15.25
9.4375
9.71875
-7.46875
-28.2813
-34.6563
-25.7813
-18.2188
-21.1563
-30.7188
-35.25
-25.1563
-12.1875
-2.03125
11.4375
25.2813
31.7813
34.9063
42.9688
51.125
49.4063
37.7813
22.9375
11.8125
20.9063
27.5625
9.90625
-14.125
-40.375
-42.2813
-11.0938
14.6563
17.4375
-1.53125
-29.125
-41.7813
-35.3125
-25.3438
-22.6563
-29.25
-35.0938
-26.9063
-10
1.375
15.9063
28.0313
34.0313
40.7188
52.5313
61.6563
53.4375
30.0938
3.71875
-12.3125
3.25
20.0313
13
-4.5625
-32.4063
-37.0625
-8.15625
18.0625
24.4375
6.78125
-24.0625
-42.9688
-41.75
-32.375
-26.0938
-28.7188
-33.5625
-26.9688
-8.59375
2.46875
17.125
28.1875
36.9375
48.1563
63.375
71.25
55.0938
22.7188
-10.8438
-26.4688
-4.9375
16.9688
15.5
2.34375
-23.8438
-27.125
0.96875
24.1563
28.1563
7.84375
-26.6875
-50.9688
-53.4063
-43.7188
-33.6563
-30.7813
-32.7813
-26.6563
-5.6875
4.46875
17.875
29.0313
41.7813
57.7188
74.6563
78.9063
56.3125
17.0938
-19.8125
-32.375
-6.90625
17.4375
20.7813
9.90625
-17.4375
-20
5.09375
24.2188
28.375
6.6875
-30.9063
-59.1875
-66.3125
-57.4375
-43.3438
-34.2813
-31.7813
-25.125
-2.53125
6.96875
18.5938
30.8438
47
66.0625
82.5
81.7813
53.7813
10.1563
-25
-32.375
-6.0625
19.7188
24.1875
11.8438
-13
-14.75
6.90625
24.5
29
7.75
-30.3438
-62.4063
-76.4688
-71.0313
-55.125
-39.9063
-31.5313
-23.375
1.46875
7.53125
15.4063
27.0938
44.0938
65.0938
80.625
76.5938
47.0313
5.28125
-23.8438
-27.1875
-2.21875
20.4375
23.125
12.8438
-8.0625
-9.25
7.53125
20.5
25.875
9.375
-23.4375
-55.5313
-75.1875
-75.4375
-61.25
-42.6875
-30.5625
-21.3438
3.8125
5.53125
10.5625
21.1563
38.2813
60.5
74.8438
70.8125
44.25
9.875
-12.2188
-14.9063
4.46875
18.9375
18.375
9.75
-7.09375
-8.53125
1.1875
7.8125
12.2188
2.09375
-21.5625
-47.6875
-67.125
-70.625
-57.4688
-37.875
-24.2813
-15.625
3.71875
2.0625
5.1875
15.125
33.2188
55.375
70.25
67.7188
45.8438
18.6875
-3.09375
-11
-0.9375
5.1875
6.21875
6.09375
-0.71875
2.5
7.96875
6.71875
4.625
-6.09375
-24.8438
-45.9375
-62.5313
-66.3125
-53.8125
-33.1875
-18.4688
-9.84375
5.59375
3.125
5.40625
14.75
32.1563
51.4375
61.6563
54.8125
33.5938
10.5
-6
-9.5625
-1.875
0.6875
1.28125
2.75
1.28125
8.34375
13.8438
11.3438
7.3125
-3.8125
-20.9688
-40.9063
-57.9375
-63.125
-52.0313
-31.1563
-15.375
-6.53125
3.84375
0.1875
2.5
14.5938
33.0938
48.5313
52.375
39.875
18.9688
2.375
-5.84375
-3.9375
2.625
2.28125
0.21875
-0.125
1.3125
9.8125
15.9063
15.4688
11.3125
1.9375
-12
-30.5313
-47.375
-55.6563
-49.2188
-31.5625
-17.4375
-8.65625
1.28125
-2.625
1.46875
15.4375
31.4375
41.3125
37.0938
22.3125
6.625
-3.3125
-5.28125
-1.65625
1.90625
1.25
1.03125
1.625
4.5
10.7188
14.0313
13.5938
10.6875
5.5625
-2.71875
-16.3125
-31.5313
-42.875
-42.8438
-31.5313
-19.9688
-10.625
2.70833
1.79167
1.33333
2.125
2.125
1.29167
1.20833
1.125
1
1.25
1.79167
1.20833
0.333333
6.45833
13.1667
15.375
13.0833
11.5833
10
1.66667
-4.33333
-6.33333
-4.5
-2.75
-0.333333
3.125
2.5
1.375
0.666667
-0.0416667
-1.875
-3.45833
-2.25
-3.29167
-4.625
-4.83333
-4.54167
-2.79167
-2.58333
-2.375
-1.20833
0
0.541667
2.04167
16.0833
36.4583
49.625
53.4583
54.2083
49.4167
34
14.6667
2.58333
-1.04167
-1.75
2.375
5.83333
6.20833
5.25
5.41667
5.54167
3.375
0.458333
-1.375
-2.375
-1.625
-1.20833
-2.16667
-2.16667
-1.5
-2.08333
-2.54167
-1.45833
-0.916667
-1.08333
0.416667
12.125
24.5833
28.5833
30.3333
32.8333
31.2083
19.6667
9.29167
5.75
5.375
5
7.54167
9.83333
8.16667
8.45833
8.83333
8.625
7.5
6.375
5.625
3.41667
4.29167
4.125
2.375
1.29167
0.166667
-0.125
-1
-0.708333
-0.833333
-1.41667
-3.33333
-3
-5.83333
-11.5833
-12.0417
-9.875
-4.875
-6.54167
-4.29167
1.5
2.54167
2.08333
0.0416667
1.83333
2.70833
3.66667
4.16667
3.95833
4.45833
4.91667
5
6.25
5.83333
2.29167
0.208333
-0.75
-1.25
-1.04167
-1.16667
-0.958333
-0.916667
-2.45833
-6.08333
-9.29167
-16.6667
-21.875
-23.75
-20.8333
-15.375
-13.5417
-7.33333
-1.625
-0.416667
-1.83333
-3.29167
-2.08333
-0.458333
-0.833333
-0.458333
-1.20833
-2.54167
-3.25
-3.5
-3.54167
-1.54167
-1.04167
-0.25
0.416667
0.625
0.166667
0.0833333
-0.375
-0.625
-3.79167
-3.54167
-4.33333
-9.54167
-13.375
-17.1667
-13.8333
-13.625
-10.9167
-5.25
-0.958333
2.91667
2.75
2.33333
0.166667
-0.166667
-1.125
-1.54167
-2.25
-3.33333
-3.79167
-4.70833
-10.75
-6.54167
-1.29167
1.54167
2.95833
3.20833
2.79167
1.70833
0.166667
-1.45833
-3.625
1.45833
0.166667
-4.45833
-10.7083
-14.4583
-14.625
-18.4583
-14.2917
-10.0833
-5.70833
-0.5
0.75
-2.66667
-7.25
-7.5
-5.58333
-5.25
-3.29167
-0.0833333
2.45833
2.79167
-3
-2.91667
-2.25
-1.16667
-0.458333
-0.166667
-0.0416667
-0.583333
-1.66667
-4.83333
-2
2.33333
-1
-6.125
-11
-10.7083
-17.375
-20.8333
-16.5
-13.0417
-10.2917
-7.875
-5.5
-8.33333
-10.5
-9.33333
-6.25
-5.125
-2.58333
0.708333
2.75
3.91667
3.70833
-0.708333
-3.29167
-3.45833
-3.54167
-4
-4.33333
-3.45833
-4.125
-5.66667
0.708333
0.833333
-2.33333
-6.20833
-3.25
-1.08333
-10.5417
-11.875
-7.875
-3.875
-5.58333
-6.95833
-4.83333
-3.375
-2.79167
-2.79167
-2.875
-2.54167
-1.91667
-2.125
-3.16667
-2.66667
3.66667
1.125
1
0.541667
-0.666667
-1.33333
-0.625
-0.208333
-2.875
0.208333
4.125
1.375
-2.95833
-3.33333
5.45833
3.79167
-1.95833
-3.04167
1.70833
3.95833
-1.375
-4.33333
-2.79167
1.66667
2.45833
0.833333
-1.08333
-1.125
-2.16667
-3.70833
-5.125
-5.125
3.83333
4.16667
4
2.41667
0.458333
1.54167
3.70833
2.08333
0.25
5.91667
5.20833
0.291667
-5.33333
-0.833333
4.91667
0.916667
0.416667
-0.208333
3
2.16667
-1.70833
-4.58333
-1.41667
4.75
6.33333
4.58333
3.29167
3.33333
0.458333
-1.66667
-2.04167
-2.54167
2.41667
1.58333
-0.583333
-2.5
-2.75
-1.70833
-2
-4.41667
-0.375
3.45833
0.458333
-5.20833
-6
1.33333
-0.5
-1.29167
2.375
5.33333
3.08333
0.708333
0.708333
-1.70833
-1.33333
2.375
5.04167
3.125
1.875
1.54167
0.375
-1.5
-0.916667
-0.541667
-0.291667
-0.708333
-2.04167
-2.79167
-1.70833
-2.95833
-6.70833
-7.70833
-1.54167
-1.70833
-5.58333
-9
-2.45833
2.08333
-3.08333
1.125
10.5417
17.5833
10.9583
7
8.70833
6.16667
-2
-6.16667
-4.79167
-5.45833
-6.66667
-6.875
-4.33333
-3.54167
-1.54167
0.625
-0.416667
0.75
1.75
3.125
3.58333
2.04167
-2.33333
-0.583333
0.75
-3
-7.66667
-6.58333
1.95833
-0.0833333
-2.20833
6.45833
22.625
30.0833
23.9583
18.5833
19.125
15.125
2.08333
-8.20833
-8.45833
-5
-5.04167
-5
-2.79167
0.0416667
1.70833
2.5
-2.875
-2.75
-0.125
2.83333
3.75
1.91667
0.208333
4.66667
1.91667
-3.79167
-7.75
-1
3
-2.75
-0.833333
7.95833
19.0417
18.2917
15.25
10.75
8.75
6.79167
2.08333
-1.95833
-1.33333
4.16667
5.29167
4.29167
4.16667
6.125
5.625
4.25
-2.20833
-1.79167
-0.291667
0.75
0
-4.04167
-0.291667
2.95833
0.416667
-4.95833
-3.25
7.04167
4.25
1.45833
5.16667
8.41667
1.16667
-8.04167
-5.58333
-5.66667
-9.45833
-5.58333
4.04167
8.375
6.75
7.66667
9.08333
6.95833
5.29167
5.41667
3.95833
2.95833
5.54167
7.08333
6.45833
4.20833
-1.29167
-3.70833
2.5
1.54167
-1.70833
-2.75
9.70833
18.125
13.625
17.9583
27.75
28.3333
12.625
8.33333
15.125
17.25
10.2917
10.9583
18.2083
15.6667
8.125
3.75
4.41667
3.41667
0.875
-0.0416667
-0.625
-1.375
1.79167
2.33333
2.29167
0.5
-3.375
1.33333
4.20833
1.16667
-4.20833
0.666667
14
12.5
13.3333
23.4583
34.9583
31.4583
22.7917
23.9583
22.5417
17.5417
11.6667
8.04167
6.04167
2.04167
-0.916667
-3.54167
-3.16667
-0.666667
-2.54167
-4.25
-3.70833
-3
-7
-7.91667
-7.25
-7.75
-4.20833
3.70833
2.70833
-1.29167
-4.91667
0.5
-1.66667
-11.0833
-5.125
0.75
-5.08333
-17
-17.7083
-20.5417
-33.125
-40.0833
-34
-30.4167
-29.4167
-21.6667
-13.7083
-10.2917
-6.33333
-0.958333
-0.375
-2.75
-2.75
-0.416667
-2.54167
-3.70833
-4.625
-5.75
0.833333
3.66667
0.416667
-4.45833
-1.04167
5.125
-3.83333
-5.875
-1.66667
-5.54167
-22.1667
-34.0417
-34.5
-40.4167
-46.6667
-43.0417
-35
-31.3333
-29.8333
-22.375
-15.375
-9.16667
-2.45833
2.04167
5.70833
4
2.625
2.08333
4.79167
3.95833
0.25
0.291667
4.16667
1.58333
-3.41667
-6
4.625
10.0417
6.54167
10.7083
10.25
5.95833
-1.04167
-3.66667
-6
-8.54167
-0.708333
8.54167
6.91667
2.20833
-0.958333
-1.125
-1.91667
-0.916667
-0.458333
0.541667
5.20833
5.95833
4.25
1.20833
4.08333
2.54167
-1.79167
0.875
1
-2.41667
-7.33333
-4.625
1.54167
-7.33333
-12.375
-13.1667
-13.7083
-14.3333
-10.25
0.291667
2.83333
5.41667
15.625
23.375
22.9583
18.5
16.9583
15.75
12.4583
5.16667
-2.70833
-5.20833
-2.95833
-0.208333
-1.79167
-3.29167
-4.125
-6
-4.70833
-0.75
-2.08333
-5.5
-7.45833
-1.16667
-7.33333
-22.4583
-27.5417
-29.8333
-28.5833
-27.9167
-18.5417
-5.25
-0.0416667
3.16667
5.875
9.16667
14.7083
16.5417
17.625
17.3333
15.75
8.08333
-1.5
-7.33333
-7.875
-4.79167
-5
-5.16667
-9.16667
-9.41667
-1.75
1.375
-0.833333
-6.125
-3.66667
1.625
-5.25
-6.33333
-5.20833
-6.29167
-10.25
-12.4583
-9.83333
-9.33333
-7.08333
-4
-6.20833
-9.375
-6.125
-2.20833
-1.66667
-1.70833
0
2.29167
-0.208333
-4.95833
-6.45833
-3.25
-0.375
-0.916667
-2.41667
-0.958333
4.125
3.20833
-1.66667
-5.79167
0.291667
1.25
1.33333
9.08333
14.2083
12.7917
2.375
-6
-12.5417
-19.4583
-19.5833
-15.375
-16.2083
-21.125
-26.3333
-26.25
-25.3333
-26.75
-24
-13.125
-4.04167
-1.91667
-3.95833
-2.04167
2.04167
1.83333
3.875
7.95833
5.875
-0.0833333
-5.5
-1.875
4.83333
2.125
4.5
10.4583
15.9167
14.5833
10
5.95833
2.33333
-3.66667
-5.70833
-3.04167
-3.33333
-6.83333
-14
-12.6667
-9.41667
-13.3333
-16.4167
-12.375
-3.5
0.375
-2
-3.5
-0.958333
1.25
2.20833
7.375
2.875
-1.75
1.125
14.8333
21.4167
22.9583
29.3333
35.25
36.2083
33.9167
37.0833
40.1667
38.7917
32.9583
30.9583
30.2083
28.4167
27.0833
28.4583
34.8333
38.0833
34.2083
25.7917
16.25
12.125
9.79167
6.41667
1.625
1.375
4.54167
1.66667
1.83333
-0.5
2.58333
15.375
30.1667
35.75
44.4583
54.9167
60.5417
57.2917
54.4583
54.375
53.2917
48.1667
44.3333
43.4583
41.0417
41.625
45.875
54.8333
60.75
63.2917
65.7083
62.625
51.1667
38.2917
29.9167
22.0833
12.7917
6.29167
5.70833
2.375
-1.875
-0.916667
4.83333
12.125
12.0833
10.125
12.9583
12.875
8.20833
3.375
2.58333
1.41667
0.833333
3.16667
10.25
13.5
12.625
13.1667
15.75
18.6667
18.125
20.5833
29.75
37.75
38.0833
32.7083
28.0833
21.7083
12.4583
2.875
-0.875
-0.458333
-5.75
-5.33333
-6.25
-14.0833
-28.5833
-38.875
-47.9583
-58.875
-66.7083
-64.875
-56.7083
-46.2917
-32.9583
-17.3333
-2.91667
3.25
3.45833
-0.583333
-9.25
-21.7083
-35.0417
-43.4167
-44.4583
-39.9167
-32.0833
-23.7917
-15.8333
-8.58333
-5.45833
-5.29167
-5.625
0.75
-1.66667
-2.625
-6.66667
-17.2917
-30.5833
-41.2917
-49.0833
-50.7083
-44.25
-31.875
-17.875
-3.83333
7.04167
10.8333
9.25
7.58333
8
8.95833
6.625
0.125
-11.4167
-27.625
-44.1667
-56.25
-59.75
-57.0417
-50.2083
-37.4583
-22.5833
-10.75
-5.54167
6.5
12.625
15.9583
17.9167
16.375
14
13
14.9167
19.25
24
28.4583
29.2917
23.875
11.75
-2.95833
-15.125
-21.0833
-20.75
-14.5417
-3.41667
8.875
17.125
17.0833
9.66667
-0.625
-10.1667
-18.6667
-24.375
-22.125
-11.0833
-1.375
2.58333
1.20833
-7.20833
-0.416667
10.25
3.625
-7.45833
-8.91667
-5.875
-0.625
4.875
4.41667
-7.16667
-34.1667
-40.5417
17.9167
67.75
31.3333
-14.1667
-10.25
-3.83333
-8.58333
-2.83333
5.375
1.875
-3.33333
2.125
7.875
3.375
-3.70833
-8.41667
-8.5
1.91667
1
-8.54167
-1
12.2917
6.08333
-8.16667
-10.9583
-6.875
-1.45833
4
5.16667
-5.20833
-35.4167
-44.2917
20.125
74.2083
31.7083
-18.5833
-10.75
-0.458333
-9.04167
-6.66667
4.25
2.375
-3.29167
2.33333
8.375
4.41667
-2.33333
-7.375
-8.66667
0.25
-0.125
-11.5
-2.70833
12.9583
8.58333
-7.125
-12.2083
-8.29167
-2.33333
3.45833
5.91667
-4.20833
-37.25
-45.6667
24.3333
78.7083
30.3333
-23.6667
-13.3333
2.66667
-6.125
-8.25
2.875
2.66667
-4.16667
1.04167
8.58333
6.20833
-0.375
-6.125
-8.5
-1.75
0.0416667
-12.2083
-4.375
13.125
11.7917
-5.20833
-13.25
-9.5
-3.70833
2.04167
6.45833
-4.08333
-38.25
-40.4583
32.2917
76.0833
21.125
-28.75
-13.9167
5.45833
-1.25
-4.95833
2.45833
0.541667
-5.41667
-0.0416667
7.29167
6.41667
1.20833
-4.79167
-8.45833
-3
-0.375
-12.6667
-6.33333
12.4583
14.75
-2.5
-13.2917
-11.2917
-5.83333
1.45833
6.16667
-5.95833
-32.0417
-22.7917
35.5
55.125
4.79167
-28.75
-10.7917
10.0417
7.875
-0.166667
-1.58333
-3.04167
-4.70833
-0.583333
4.91667
5.66667
2.29167
-3.66667
-8.25
-3.625
-1.41667
-11.6667
-7.29167
9.5
15.4167
0.875
-12.3333
-12.7917
-7.125
0.75
3.08333
-8.16667
-19.4583
-2.79167
30
26.5833
-6.70833
-17.875
-5.16667
9.25
12.4167
2.91667
-3.75
-4.29167
-4.20833
-1.91667
2.5
6.20833
4.625
-3.33333
-9.54167
-4.95833
-2.375
-10.5417
-8.54167
5.66667
14.8333
4.08333
-10.3333
-13.2917
-8.83333
-2.33333
-1.125
-6.54167
-4.70833
9.29167
14.9167
2.16667
-2.75
2.91667
-1.41667
-0.708333
9.16667
7.375
-1.25
-5.54167
-6.25
-3.375
2.41667
7.375
5.33333
-3.45833
-10.1667
-7.20833
-2.5
-9.29167
-10
2.20833
14.9167
7.33333
-9.16667
-14.5833
-10.1667
-5.08333
-4.625
-2.66667
6.625
11.125
-1.75
-10.2083
10.125
23.0417
0.625
-13.5417
1.45833
10.75
2.5
-6.20833
-7.75
-3.95833
2.625
8.375
5.91667
-4.04167
-11.5
-9.08333
-0.916667
-7.33333
-11.4167
-0.583333
14.5833
9
-8.58333
-14.7083
-11.375
-9.29167
-5.79167
4.83333
13.9167
4.79167
-17.875
-14.5833
24.8333
40.5
5.5
-22.75
-9.70833
9.29167
5.91667
-6
-7.66667
-2.54167
2
7.33333
6.20833
-4.125
-12.4167
-10.2917
-1.70833
-8
-11.625
-2.45833
12.4583
9.79167
-6.5
-14.8333
-15.375
-13.1667
-2
13.5
14.6667
-7.95833
-29.7917
-10.5833
37.6667
52.2083
13.7083
-24.4167
-21.875
0.291667
7.83333
-1.83333
-7.41667
-3.29167
1.54167
6.75
6.58333
-3.08333
-12.25
-12.125
-1.41667
-7.20833
-10.875
-3.95833
10.7083
10.7917
-4.79167
-16.5417
-20.5
-13.8333
5.95833
19.5417
6.91667
-23.3333
-33.2083
-0.0833333
46.4167
57.6667
22.25
-20.9583
-31.8333
-11.2083
7.83333
3.125
-6.29167
-4.04167
0.791667
5.70833
6.95833
-1.54167
-12.1667
-14.1667
-1.95833
-7.16667
-10.5833
-3.5
11.25
11.9167
-4.5
-20.2917
-24.625
-9.66667
15.0833
18.9167
-7.75
-34.1667
-25.375
13.4583
48.375
53.8333
27.3333
-11.6667
-33.4167
-21.9583
1.41667
5.875
-1.83333
-4.875
-2.125
5.79167
8.125
-1
-11.2917
-14.4167
-1.79167
-6.20833
-9.04167
-2.91667
10.5417
12.2917
-5.08333
-24.5833
-24.7917
-0.583333
20.7917
8.625
-24.2083
-34.2917
-8.33333
25.875
45.0417
44.8333
25.5833
-5.375
-27.9167
-25.9583
-7.875
3.95833
3.33333
-2.45833
-3.04167
5.75
7.54167
-2.54167
-10.5417
-12.125
-1.41667
-3.25
-5.5
-2.75
6.70833
9.29167
-6.33333
-24.8333
-19.125
7.75
18.2083
-7.45833
-34.2917
-23.0833
10.7917
34.7083
42
33.3333
11.7083
-6.54167
-14.625
-19.5
-16.2917
-2.58333
6.29167
1.375
-1.41667
6.5
5.70833
-5.45833
-10.1667
-9.25
0.875
0.75
-3.375
-4.29167
3
6.54167
-7.79167
-22.4583
-10.5833
12.5833
7.375
-23.875
-33.5
-5.25
25.4167
36.7083
36.1667
21.2917
-2.25
-5.375
2
-10.2083
-22.0417
-10.3333
4.04167
2.16667
0.666667
8.66667
6.16667
-6.75
-11.125
-8.5
2.66667
2.20833
-3.29167
-5.375
0.375
2.58333
-8.91667
-15.1667
-0.208333
10.9167
-8
-31.5833
-23
7.70833
30.0417
37.4167
36.1667
14.5833
-15.9583
-12.1667
9.29167
-0.0833333
-21.5833
-16.75
1
4.91667
4.33333
10.0833
6.04167
-7.33333
-11.9167
-9.04167
3.79167
1.58333
-3.91667
-6.54167
-4.04167
-1.83333
-6
-4.58333
6.04167
2.625
-17.9167
-25.875
-13.25
9.20833
33.375
42.5833
32.25
3.95833
-28.5
-22.625
12.6667
14.7083
-14.4167
-21.8333
-4.625
6.125
9.29167
12.9167
5.875
-8.29167
-12.625
-9.625
6.04167
1.83333
-3.83333
-8.875
-10.625
-5.54167
0.833333
6.04167
5.04167
-11.0833
-22.125
-11
0.208333
10.5833
27.2083
32.9583
30.7917
9.08333
-36.3333
-39.0833
11.5417
30.0417
-2.08333
-22.8333
-13.0417
1.95833
12.3333
17.3333
8.45833
-8.625
-15.0833
-11.75
7.625
0.708333
-5.375
-11.625
-15.3333
-5.91667
8.95833
12.2083
-3.54167
-24.5
-15.0417
13.4167
11.25
-2.625
8.04167
26.875
39.1667
17.9583
-41.125
-54.5833
3.375
40.5833
17.5833
-14.2917
-21.3333
-9.04167
9.66667
20.7917
12.875
-6.875
-16.875
-14.7917
8.33333
-2.70833
-8.75
-14.5
-16.4167
-0.583333
16.5417
9.54167
-16.9167
-26
5.91667
31.875
5.70833
-23.0417
-7.04167
23.4583
44
28.3333
-34.5417
-62.0417
-10.875
40.4167
36.0417
1.5
-23.875
-21.6667
1.29167
21.2917
18.7083
-2.5
-17.625
-18.5417
6.04167
-6.79167
-11.5
-15.9583
-13.4583
7.08333
19.3333
-1
-28.625
-17.8333
28.2917
45.3333
-1.625
-43.9167
-21.6667
24.0833
52.25
37.0833
-30.4583
-69.7083
-25.8333
35.0833
48.9167
20.875
-17.4167
-30.9167
-9.45833
18.5417
21.7083
1.08333
-16.375
-20.2917
6.33333
-6.70833
-13.7917
-16.875
-7.75
13.0833
14.1667
-16.375
-35.0833
-3.33333
50.75
55.2083
-10.7083
-59.5833
-31.75
20.4167
53.5833
41.1667
-26.875
-67.375
-27.7917
28
48.2083
33.875
-4.79167
-33.7083
-21.2083
12.2917
23.5417
4.66667
-14.9167
-20.5417
6.875
-7.5
-16.9583
-15.375
0.291667
14.625
1.54167
-29.9167
-30.8333
14.7917
61.3333
52.1667
-12.8333
-58.7917
-43.1667
6.25
57.5833
49.5417
-25.375
-59.5833
-21.9167
18.1667
36.75
37.7083
10.125
-26.9167
-30
1.79167
22
8.45833
-11.625
-19.6667
7.70833
-11.1667
-19.75
-9.625
8.16667
9.125
-15.2917
-35.5
-16
31.6667
62.9167
43.7083
-19.25
-63.8333
-44.0833
16.1667
63.0417
37.75
-33.4583
-49.375
-12.75
12.5417
27.2083
38.6667
23.5
-15.2083
-33.8333
-12.7083
13.4167
12.375
-4.625
-18.4167
5.95833
-14.3333
-18.125
-1.79167
10.8333
-2.91667
-29.0833
-30.5
3.20833
42.9583
56.3333
29.5417
-26
-58.375
-31.6667
23.7917
54.5417
19.375
-36.8333
-32.5
-1.33333
5.5
14.1667
34.375
33.875
0.625
-30.6667
-25.6667
1.41667
13.5833
2.66667
-15.1667
1.25
-14.7917
-12
4.91667
7
-16.625
-34.5417
-18
17.75
39.9583
40.7917
22.9583
-18
-46.4167
-23.4167
23.5833
41.2917
3.95833
-33.5833
-14.9583
7.75
-1.29167
0.583333
26.0417
39.0833
16.375
-20.75
-32.625
-12.25
9.625
8.79167
-9.75
-1.91667
-10.5
-3.5
9
1
-25.7917
-33.3333
-6.29167
23.4583
31
29.2083
18.4167
-14.7917
-34.9583
-13.5833
19.4583
27.3333
-4.16667
-27.5833
-2.79167
14.7083
-3.54167
-9.79167
14.4583
37.1667
27.875
-7.625
-33.3333
-23.4583
4.125
13.375
-3.70833
-2.70833
-6.29167
2.375
9.83333
-5.125
-30.0833
-27
4.58333
25.0417
21.2917
14.9167
5.70833
-14.25
-19.5833
-1.08333
18.5833
18.8333
-8.70833
-23.25
3.75
19.7083
0
-13.0833
2.58333
26.75
29.2917
1.66667
-29.2083
-28.6667
-1.33333
15.9167
3.08333
-2.25
-1.625
8.08333
8.95833
-11.75
-29.7917
-16.875
11.0833
17.375
6.33333
6.25
8.20833
-4.58333
-10.7917
2.79167
16.5
9.75
-14.875
-21.2083
3.25
18.9167
9
-1.91667
2.125
14.125
19.4583
4.95833
-22.1667
-29.4167
-7.16667
14.375
8.125
-3.70833
1.125
11.9167
6.75
-14.5833
-23.2083
-7.125
10.2917
10.25
5.91667
7.75
4.41667
-5.16667
-6.08333
2.54167
8.45833
2.5
-10.6667
-11.4583
1.5
8.79167
6.45833
4.58333
6.54167
10.4583
13.5417
5.58333
-15.5833
-26.8333
-12.2083
11.3333
13.75
0.125
6.70833
11.25
0.208333
-16.1667
-17.2083
-2.66667
11.1667
12.1667
4.25
-0.375
-0.25
-0.833333
-0.958333
0.458333
1.125
-1.54167
-4.875
-3.16667
1.25
3.375
2.33333
1.125
3.20833
8.125
13.375
9.58333
-8.45833
-22.0833
-12.5833
10
14.3333
7
9.125
6.45833
-5.20833
-15.625
-12.25
4
15.2917
9
-2.25
-4.04167
-0.583333
0.5
-0.25
-0.958333
-1.125
-1.45833
-2.25
-1.79167
0.333333
2.25
1.625
-0.541667
-0.833333
2.75
10.3333
12.3333
-0.375
-14.625
-11.4583
6.25
11.0833
-0.611111
-0.796296
-1.81481
-2.14815
-1.75926
-2.03704
-3.61111
-3.64815
4.83333
12.8333
14.8148
15.8148
17.963
18.537
17.3148
19.037
20.7963
13.5185
6.96296
6.88889
7.66667
6.2963
6.44444
8.83333
8.94444
8.48148
8.24074
6.92593
2.68519
1.03704
-0.537037
-0.944444
-0.87037
-1.37037
-4.16667
-5.96296
-3.24074
-4.62963
-8.72222
-10.4815
-8.81481
-7.11111
-7.53704
-5.59259
-3.03704
-5.24074
-2.83333
2.40741
4.92593
3.87037
2.81481
4.07407
4.46296
3.87037
3.7037
2.88889
0.759259
0.277778
0.037037
0.148148
0.37037
-0.481481
-3.98148
-5.25926
-7.12963
-14.3148
-21
-25.0556
-24.7037
-23.0185
-21.7407
-19.2778
-18.537
-16.9259
-9.74074
-3.09259
0.462963
0.166667
-1.38889
-1.90741
-1.68519
-2.12963
-2.07407
-2.24074
-1.33333
-1.2037
-0.37037
0.537037
0.592593
-1.31481
-3.85185
-2.51852
-5.59259
-13.5926
-21.1111
-26.3704
-28.2037
-26.5741
-23.037
-22.1481
-25.7037
-23.0185
-15.8704
-9.7037
-5.55556
-3.88889
-5.31481
-7.11111
-6.09259
-4.7963
-4.55556
-3.74074
-4.68519
-3.18519
-1.57407
-0.592593
-1.37037
-3.77778
-2.90741
0.314815
-3.5
-10.6852
-16.3704
-20.5185
-23.9815
-22.463
-17.9444
-19.9074
-25.7222
-22.5926
-16.8704
-12.8519
-9.62963
-6.64815
-7.46296
-9.51852
-8.37037
-5.83333
-4.87037
-3.40741
-2.66667
-2.5
-2.03704
-2.09259
-4.11111
-5.05556
-0.555556
1.77778
-3.25926
-8.83333
-10.8519
-12.7037
-16.6481
-15.8333
-13.1111
-17.9259
-22.2407
-18.2222
-13.9259
-13.0926
-11.3148
-7.53704
-7
-8.66667
-8.07407
-5.66667
-4.42593
-2.7963
-0.462963
-0.87037
-1.18519
-2.83333
-5.33333
-3.01852
2.57407
1.5
-4.44444
-7.2037
-4.5
-3.87037
-6.62963
-7.74074
-9.14815
-13.1852
-12.3148
-7.83333
-5.51852
-8.18519
-8.27778
-4.85185
-2.2037
-3.22222
-4.68519
-4.64815
-3.2963
-2.72222
2.51852
1.33333
-0.166667
-3.44444
-4.33333
0.87037
3.92593
-0.5
-5.72222
-4.75926
0.203704
2.44444
2.24074
-1.62963
-7.33333
-7.66667
-2.24074
1.81481
1.46296
-2.75926
-4.61111
-2.62963
1.40741
1.59259
-1.48148
-3.27778
-2.25926
-2.59259
2.07407
0.759259
-1.42593
-4.59259
-2.5
2.48148
1.37037
-4.77778
-7.22222
-3.37037
1.18519
5.46296
8.87037
3.81481
-3.55556
-0.12963
8.09259
10.2407
6.72222
2.81481
-1.09259
-2.38889
0.777778
3.01852
0.296296
-2.81481
-2.44444
-2.42593
1.37037
-0.555556
-3.98148
-4.96296
-0.407407
1.37037
-3.48148
-9.12963
-7.94444
-3.2037
0.0555556
7.48148
14.2778
10.7593
5.25926
9.96296
17.5741
17.2407
12.0926
8.87037
2.31481
-4
-4.11111
-0.148148
-0.518519
-3.51852
-4.22222
-2.98148
-0.37037
-2.87037
-5.55556
-2.42593
2.03704
-0.592593
-7.64815
-10.7037
-7.03704
-3.2037
-0.0185185
8.7037
15.463
15.2407
14.2222
17.6667
21.537
19.4259
14.8704
11.7037
4.75926
-4.2037
-7.2037
-2.87037
0.388889
-1.33333
-3.01852
-1.35185
0.037037
-2.48148
-3
2.38889
3.75926
-2.2037
-8.07407
-6.61111
-2.38889
0.203704
4.2963
10.7407
13.963
17.6296
22.7407
24.1296
21.3704
18.9815
17.463
15
9.7037
2.2963
-2.55556
-1.40741
3.11111
4.14815
2.07407
1.98148
-0.722222
-2.03704
1.5
5.55556
2.5
-3.87037
-4.03704
2.75926
6.51852
9.42593
15.0741
15
12.8148
18.8333
27.8889
25.537
16.3889
14.1852
14.7593
12
11.0185
9.90741
5.5
2.37037
5.72222
9.33333
8.12963
5.75926
0.0925926
1.24074
6.14815
5.51852
-1.2037
-5.24074
1.44444
10.4444
14.6296
19.5926
23.4444
18.1111
15.2407
24.1111
33.6111
28.2407
17.037
13.2963
13.1667
11.5185
13.2593
15.3519
10.6296
3.94444
3.53704
7.55556
8.03704
4.57407
-2.74074
1.62963
6.14815
1.98148
-5.31481
-4.77778
5.33333
13.0556
18.3519
23.6481
22.8889
15.037
14.2593
21.9444
24.463
15.6111
5.72222
-0.814815
-2.81481
-3.01852
1.09259
4.12963
2.24074
-1.53704
-2.25926
1.22222
4.05556
1.96296
-2.94444
2.66667
3.42593
-2.11111
-6.14815
-1.37037
5.35185
8.51852
14.2222
15.6111
6.05556
-0.833333
1.94444
5.11111
-0.62963
-8.18519
-14.2037
-22.6481
-24.9444
-18.5741
-12.5741
-10.9074
-9.62963
-8.42593
-7.62963
-4.64815
-0.37037
0.0740741
-2.83333
1.14815
-1.27778
-5.92593
-4.64815
1.72222
3.48148
5.12963
7.88889
1.22222
-10.0185
-12.5741
-9.87037
-14.5926
-25.0185
-29.6296
-34.1111
-40.3333
-39.7407
-31.4444
-25.2407
-21.8519
-16.6667
-11.7778
-8.77778
-5.48148
-0.796296
2.5
1.81481
1.2963
-4.61111
-7.92593
-2.7963
1.75926
-0.203704
0.037037
-2.51852
-12.3333
-19.0185
-15.9444
-15.0741
-24.1667
-30.3148
-27.4444
-26.7593
-27.6111
-26.6296
-20.7593
-16.7037
-11.8519
-6.68519
-4.77778
-5.14815
-4.62963
-1.81481
2.83333
2.92593
-1.14815
-7.59259
-8.31481
-3.59259
-4.64815
-7.83333
-8.92593
-16.4259
-23.6852
-19.2593
-10.6481
-12.7963
-21.1667
-18.6111
-9.03704
-1.96296
3.01852
2.75926
-0.888889
-1.90741
3.38889
7.62963
5.48148
0.037037
-4.35185
-4.68519
-0.185185
0.574074
-5.16667
-9.7037
-7.14815
-5.72222
-9.66667
-12.8148
-19.2593
-28.7407
-28.3519
-18.4444
-10.3333
-14.8333
-19.5926
-13.5
-1.66667
12.3889
20.8519
17.7407
9.42593
5.59259
9.27778
13
10.1481
2.5
-5.42593
-8.62963
-5.96296
-4.05556
-8.74074
-8.68519
-4.16667
-4.7963
-8.07407
-11.5926
-21.9444
-29.463
-25.5741
-15.8519
-12.463
-17.7963
-20.2778
-17.5926
-10.6296
2.37037
10.9444
9.72222
1.62963
-3.2963
-1.40741
2.53704
3.38889
0.037037
-5.66667
-9.72222
-9.12963
-5.33333
-8.18519
-4.42593
0.222222
0.574074
2.53704
-0.222222
-10.3148
-14.1667
-9.96296
-5.88889
-9.96296
-15.037
-16.4259
-20.8148
-23.0556
-17.8704
-11.8333
-9.59259
-12.9815
-16.1111
-15.7963
-13.3148
-8.81481
-5.2963
-4.74074
-6.88889
-8.2037
-0.851852
0.648148
7.16667
11.8519
16.7407
22.463
20.5926
17.6111
20.8333
24.2037
22.3519
13.2407
9.07407
8.25926
2.83333
-3.16667
-6.2963
-5.38889
-1.7037
-2.05556
-3.51852
-5.55556
-7.38889
-4.85185
-0.222222
2.44444
0.611111
-2.64815
5.77778
12.0741
19.8704
26.2593
34.5
40.5185
41.0185
46.1111
53.3704
54.8889
47.5185
36.3889
32.3333
32.7963
30.7778
27.2222
22.0185
20.7407
24.7407
28.2593
30.1667
26.3889
20.4444
18.4074
18.6111
17.8148
14.1111
7.87037
10.8148
20.7593
29.2407
36.5926
44.1296
46.9074
50.0556
60.4815
69.8519
70.5926
62.9815
56.0556
54.6852
56.6296
59.4444
60.5
57.2593
54.6111
56.1481
60.8704
63.1296
57.4815
49.5185
43.7778
38.7407
32.7037
25.8148
17.463
4.12963
10.3704
14
16.2222
16.963
15.963
20.8704
29.8519
35.1852
34.7222
31.963
33.5556
37.7222
41.963
46.037
48.1296
46.9815
45.7037
46.7778
51.963
53.963
48.9444
42.6667
38.1111
33.4815
28.3148
23.2778
16.9259
-2.07407
-3.16667
-6.2963
-10.7407
-17.2037
-20.8148
-16.7407
-11.537
-8.66667
-5.90741
0.351852
11.2037
20.9259
27.2222
30.9259
30.2037
26.6296
21.8148
16.7407
14.463
10.3704
4.90741
0.333333
-2.22222
-2.88889
-2.18519
-0.740741
0.222222
-8.40741
-16.2222
-24.3519
-32.963
-40.1667
-41.3889
-38.5741
-37.9815
-38.0185
-33.7778
-24.9259
-13.7037
-4.44444
0.0185185
0.944444
-0.962963
-3.77778
-7.74074
-13.7593
-19.5926
-25.2963
-29.1852
-31.8333
-33.9444
-33.2037
-28.8889
-22.6667
-15.5741
5.05556
9.7037
3.12963
-9.42593
-16.0926
-12.3148
-3.27778
-1.7037
-14.6667
-30.7222
-25.1296
9.64815
44.0185
45.0926
17.4815
-7.62963
-10.2593
-3.2037
1.51852
0
-1.77778
-2.14815
0.222222
4.33333
6.61111
2.92593
-4.53704
-9.12963
4.18519
10.1481
4.46296
-8.66667
-16.537
-13.8704
-5.66667
-3.7963
-15.1296
-27.5185
-21.1667
11.5185
42.5185
44
18.4074
-6.42593
-10.537
-4.35185
1.16667
0.0740741
-2.46296
-3.57407
-1.2963
3.96296
7.51852
4.75926
-3.07407
-8.88889
2.31481
9.61111
5.59259
-7.35185
-16.3519
-15.9815
-9.14815
-6.42593
-13.8519
-21.7037
-16.5
11.3333
37.0185
41.6481
20.4259
-2
-9.87037
-5.75926
0.259259
0.851852
-2.37037
-5.05556
-3.22222
3.25926
8.14815
6.03704
-2.2963
-9.2963
0.333333
9.24074
7.24074
-5.46296
-16.6296
-18.8704
-12.7407
-7.85185
-8.92593
-12.6481
-9.72222
7.12963
25.0185
32.4815
21.1852
5.12963
-5.2037
-4.74074
-0.259259
1.46296
-2.44444
-6
-4.7037
2.61111
8.07407
6.59259
-2.16667
-9.90741
-1.90741
8.42593
8.2037
-3.81481
-16.8148
-21.3333
-15.963
-8.18519
-3.16667
-3.85185
-4.92593
0.425926
12.4074
24.0926
24.8333
14.4259
1.22222
-4.92593
-3.2037
-0.240741
-2.51852
-5.31481
-4.96296
1.81481
7.35185
6.94444
-1.53704
-10.5185
-3.66667
7.72222
9.01852
-2.09259
-17.2222
-24.2222
-19.3333
-7.55556
1.74074
1.55556
-5.12963
-6.81481
4.18519
23.1111
33.2778
25.463
6.31481
-7.44444
-8.48148
-3.09259
-2.25926
-4.75926
-5.77778
-0.277778
6.09259
7.16667
-0.37037
-10.2407
-4.2963
7.68519
9.87037
-1.27778
-18.3889
-27.0185
-20.9259
-6.22222
4.05556
1.2963
-8.83333
-11.4259
3.03704
27.7593
42.463
34.4815
10.0185
-9.83333
-14.3519
-7.46296
-3.5
-4.01852
-5.7037
-1.66667
4.64815
6.90741
0.37037
-9.94444
-3.98148
8
10.7222
-1.27778
-19.7778
-29.1296
-20.6296
-5
4.16667
-2.25926
-12.7407
-13.6111
5.18519
33.0926
50.6667
42.3333
14.6481
-10.9074
-19.9815
-13.537
-6.66667
-3.7963
-5.14815
-2.07407
3.51852
6.66667
0.796296
-9.48148
-4.92593
6.59259
9.51852
-2.2037
-20.6111
-28.7963
-18.7963
-4.16667
1.66667
-7.25926
-16.1481
-13.0926
10.0926
40.4815
58.5
47.3704
15.7037
-13.7593
-25.1667
-19.1852
-10.4259
-4.16667
-2.94444
0.518519
4.7963
6.2963
-0.277778
-10.537
-5.24074
3.66667
5.74074
-4.24074
-20.2963
-25.463
-16.3148
-4.46296
-3.5
-12.1481
-18.3333
-8.90741
18.3333
50.7037
63.8148
45.6852
9.07407
-18.5926
-26.6852
-19.5741
-12.1852
-5.16667
-1.38889
4.2963
7.48148
6.37037
-2.33333
-12.7037
-5.81481
0.574074
2.16667
-6.03704
-18.6296
-21.7593
-14.4815
-7.2037
-9.14815
-16.037
-17.3519
-2.51852
26.9074
56.9074
63.4444
40.6667
5.14815
-17.5741
-23.1296
-18.6296
-14.9074
-8.64815
-2.48148
5.62963
9.38889
7.5
-2.40741
-13.6852
-6.35185
-1.75926
-0.611111
-6.77778
-15.2963
-17.7037
-12.8519
-10.3889
-13.2222
-18.7963
-15.2593
4.24074
36.2407
62.2963
61.1296
33.463
-0.62963
-18.7407
-21.9815
-18.1111
-15.963
-9.7037
-2.55556
6.7037
10.6111
8.64815
-1.59259
-13.3519
-7.55556
-4.81481
-3.33333
-6.05556
-11
-13.7037
-11.7593
-11.2963
-14.8148
-20.0185
-13.3148
12
45.5926
63.4444
51.4444
19.7593
-7.61111
-17.8148
-16.6852
-14.5
-14.8148
-10.8148
-3.05556
7.14815
12.2222
10.1111
-0.314815
-12.7963
-8.85185
-7.87037
-5.2963
-4.09259
-7.48148
-11.9074
-13.1667
-12.4444
-13.8148
-15.8519
-7.27778
18
46.9074
58.7778
42
10.7407
-12.5741
-16.6481
-10.3333
-8.03704
-11.6852
-13.4259
-7.03704
4.66667
14.1481
13.6111
2.42593
-12.5926
-11.5185
-11.3704
-6.2963
-2.24074
-4.98148
-11.8333
-13.8333
-10.6667
-7.87037
-9.51852
-4.33333
15.8148
43.2593
56.4444
39.1852
3.77778
-22.5556
-21.037
-4.64815
4.03704
-3.07407
-12.7037
-11.5926
0.851852
14.1852
15.7778
3.94444
-13.2037
-14.8889
-14.6667
-6.51852
-0.777778
-3.14815
-10.9259
-10.7037
-4.98148
-1.55556
-6.83333
-7.16667
9.5
38.5
56.3889
39.9259
-1.7963
-34.0926
-29.0926
-0.388889
17.6481
9.48148
-8.62963
-15.0741
-3.81481
12.3148
17.0741
5.2963
-13.3704
-17.9444
-16.5185
-6.55556
-0.148148
-3.48148
-10.8889
-7.96296
1.68519
7.16667
-1.33333
-9.57407
0.87037
31.5741
56.463
42.3704
-5.96296
-45.3889
-38.8889
1.14815
29.4444
23.7037
-1.12963
-15.7222
-9.16667
8
15.963
6.37037
-12.9444
-19.0741
-16.3148
-6.55556
-1.81481
-7.12963
-12.7963
-5.03704
12.4815
21.3148
7.94444
-13.5185
-11.8889
19.4815
52.8333
43.3519
-5.77778
-48.9259
-43.5556
-0.0740741
34.3519
33.7963
7.75926
-13.463
-14.1111
1.62963
13.537
8.46296
-10.4444
-20.1296
-14.9259
-5.59259
-4.7037
-11.5926
-15.2037
-0.0555556
24.3519
36.0741
15.4815
-17.8148
-25.3148
5.42593
44.5
42.2778
-0.759259
-42.4074
-41.1481
-2.7963
31.3333
36.7593
15.2222
-8.14815
-16.0741
-4.62963
9.42593
9.98148
-6.7963
-19.3704
-13.1111
-6.14815
-9.48148
-15.8889
-15.1111
7.90741
36.8519
47.037
16.4815
-25.7222
-35.4444
0
43.2407
41.5
-1.38889
-43
-41.8704
-4.59259
31.4259
42.1481
24.5
-0.833333
-16.4074
-11.3889
2.46296
8.25926
-4.01852
-18
-12.7407
-9.68519
-14.8889
-19.2407
-11.6852
17.4074
48.2222
52.7037
13.8148
-32.5185
-41.0741
-2.90741
39.0556
36.463
-4.62963
-40.963
-37.5
-1
33.1852
45.7593
30.8704
5.53704
-15.3333
-16.9074
-5.5
3.61111
-3.07407
-15.7778
-13.0185
-13.8704
-19.3889
-20.5926
-7.40741
24.1111
53.0185
52.8333
12.2037
-34.0556
-43.5185
-8.09259
33.8519
35.3519
-0.222222
-34.537
-33.3333
-1.37037
30.7407
45.7222
35.7037
12.4074
-11.9259
-20.0741
-13.1296
-2.44444
-4.2037
-11.463
-11.1852
-15.2222
-22.8704
-22.037
-4.87037
29.0926
54.6111
49.0556
6.37037
-37.4259
-43.4815
-7.48148
32.7593
33.8333
0.888889
-30.0741
-29.5
-2.53704
26.1667
42.9259
39.4444
19.8333
-6.35185
-21.8333
-20
-8.5
-4.59259
-6.88889
-8.98148
-16.5185
-25.6852
-22.2222
-0.981481
31.963
49.6667
37.7593
-2
-35.2037
-34.1111
-1
30.5185
28.0556
1.11111
-20.9815
-19.7593
-1.81481
16.9815
32.4444
35.8889
23.2222
-2.2037
-22.3889
-24.1296
-11.6111
-2.96296
-2.90741
-7.24074
-18.5926
-27.7407
-22.6481
-0.925926
26.8333
41.3148
34.2407
5.48148
-20.4074
-23.3333
-1.75926
18.2963
13.7778
-4.44444
-14.463
-8.05556
4.31481
14.037
25.4074
31.537
24.1296
0.0555556
-22.4815
-27.7963
-14.963
-2.81481
0.574074
-6.07407
-19.9444
-28.3889
-19.5926
4.51852
28.9259
38.6852
28.7963
3.94444
-16.5926
-17.7222
-1.83333
10.5185
4.37037
-7.7037
-10.2407
-2.24074
5.44444
9.57407
19.6852
29.6667
27.6111
5.33333
-20.2407
-30.1296
-18.3889
-3.01852
0.037037
-10.6111
-24.463
-27.2407
-9.92593
15.2407
31.0926
29.0185
15.2778
-2.24074
-11.8148
-8.85185
2.09259
6.33333
-2.01852
-10.6296
-7.87037
1.75926
6.74074
5.35185
11.3704
23.2963
28.8333
13.5
-12.4444
-27.5741
-19.9074
-3.33333
-2.24074
-15.7778
-26.2407
-19.6296
2.44444
21.9444
25.9259
16.2407
4.2037
-5.88889
-8.2037
-2.98148
5.61111
5.62963
-4.05556
-12.1296
-8.5
1.59259
7.46296
5.85185
8.2037
16.7593
24.8333
17.1667
-3.7037
-21.3333
-19.7778
-6.2963
2.88889
-0.444444
-2
-0.111111
5
4.66667
1.72222
-2.22222
-3
-3.38889
-2.66667
-3.22222
-20.1667
-41.1667
-46.6667
-11.9444
28.8333
45.7778
34.3333
16.6111
5.27778
-3
-6.38889
-6.44444
-6.11111
-6
-3.94444
0.722222
4.22222
6.22222
6.72222
6
3.11111
1.38889
-1.11111
-2.05556
2.22222
3.94444
3.5
-0.0555556
-2.55556
-4
-2.72222
-1.5
-9.61111
-15.6667
-12.5556
8.44444
17.0556
10.4444
-2.22222
-3.44444
2.94444
3.94444
2.38889
-1.44444
-3.38889
-4.33333
-3.27778
-1.16667
-0.0555556
2.05556
3.33333
4
3.38889
3.16667
-0.388889
-2.94444
0.0555556
3.72222
5.16667
2.66667
-1.22222
-3.44444
-2.77778
-0.277778
4.88889
18.2222
29
26.6111
-1.11111
-28.6111
-36.1111
-20.5556
0.0555556
8.16667
6.55556
1.66667
-0.944444
-1.44444
-3.27778
-4
-2.66667
0.722222
2
0.666667
0.888889
0.888889
-2.27778
-4.61111
-3.05556
2.38889
5.72222
4.72222
-0.166667
-3.38889
-3.94444
-2.22222
13.6111
37.5
50.5
28.7222
-15.3889
-43.5556
-44.6111
-24.2222
-4.77778
8.33333
9.88889
6.72222
2.83333
0.5
-3.33333
-5.94444
-4.27778
-0.5
0.833333
-1.22222
0.444444
-1.11111
-4.66667
-5.77778
-4.61111
1.16667
4.83333
4.66667
0.888889
-2.27778
-5
-7.83333
7.94444
31.2222
45.7222
22.1111
-12.1667
-30.3333
-28.9444
-17.8889
-7.77778
5.61111
9.83333
8.33333
4.11111
0.666667
-3.66667
-6.83333
-4.55556
-1.22222
-0.277778
-2.55556
-1.61111
-3.66667
-4.05556
-4.55556
-4.88889
-0.833333
2.77778
3.55556
1.27778
-1.94444
-8.38889
-13.5
0.166667
21.5556
31.4444
8.11111
-11.3889
-13
-4.05556
-3.94444
-5.77778
1.5
8.5
8.22222
4.16667
0.111111
-2.77778
-5
-4.38889
-3.16667
-3.22222
-3.88889
4.77778
2.83333
2
-0.944444
-4
-3.33333
0.166667
1.88889
1.55556
-3.05556
-12.5556
-15.1111
-1.11111
17.9444
14.4444
-10.6667
-18.3889
-0.666667
19.4444
14.6111
1.83333
-1.88889
2.66667
3.55556
1.16667
-1.38889
-1.66667
-1.16667
-0.722222
-1.22222
-2.77778
-4.55556
6.61111
7.55556
7.38889
2.22222
-3.94444
-4.88889
-1.61111
0.944444
0.277778
-6.66667
-15.1111
-10.5
5.94444
15.8333
-6.77778
-33.8333
-30.5
8.44444
39
34
8.55556
-6.33333
-4.88889
1.22222
0.5
-0.555556
0.277778
4.05556
4.77778
3.5
0.111111
-3.61111
7.5
10.5556
8.27778
2.38889
-3.38889
-4.22222
-1.83333
0.111111
-2.22222
-10.8889
-13.3889
-1.55556
14.5556
6.66667
-27.0556
-48.3889
-31.3889
15.2778
45.7778
43.1667
14.6667
-5.77778
-9.5
-1.88889
0.5
1.66667
3.05556
6.27778
6.88889
6
3.11111
-1.83333
2.33333
4.88889
3.44444
0.611111
-2.27778
-1.55556
-0.555556
-0.166667
-6.5
-12.9444
-7.61111
8.83333
14.8889
-9.77778
-39.3333
-45.1111
-19.0556
14.2222
36.6667
39.1667
21.5
0
-9.22222
-3.55556
2.77778
5.11111
4.05556
3.27778
3.05556
4.16667
3.88889
1
-1.5
-1.05556
-1.33333
-0.5
0.0555556
0.444444
0.611111
-1.55556
-9.72222
-11.6667
-0.388889
14.6667
4.44444
-25.7222
-39.9444
-25.6111
-1.94444
6.72222
16.4444
27.3333
29.7222
11.9444
-3.77778
-5.83333
3.44444
7
4.11111
-2
-3.38889
-0.611111
3
2.88889
-4.72222
-8.05556
-6.05556
-2.16667
0.888889
1.94444
2.27778
-3.44444
-11.0556
-7.33333
8
12.6111
-12.8889
-37.2222
-30.2778
0
12.1111
-1.16667
-4.5
13.8333
32.5
23.5556
3.72222
-4.83333
2.16667
5.5
0.666667
-6.11111
-6.72222
-2.72222
2.27778
4.61111
-8.38889
-9.88889
-6.05556
-2.05556
0.333333
0.888889
-0.5
-8
-9.22222
1.38889
15.5
2.27778
-28.6111
-39.2778
-12.1667
22.1111
24.0556
1.5
-14.1111
-1.44444
19.8889
24.9444
8.83333
-5.05556
-5.38889
0.333333
1.05556
-1.16667
-2.16667
-2.11111
0.111111
2.83333
-10.3333
-8.16667
-2.11111
0.611111
-0.611111
-3.66667
-9.05556
-12.7778
-4.38889
12.9444
15.9444
-12.7222
-38.4444
-30
9.66667
38.9444
38.4444
16.6111
-11.8889
-21.7222
-9.33333
11.6667
11.2778
-2.77778
-12.7222
-7.27778
1.16667
7.05556
6.27778
1.05556
-2.11111
0.111111
-10.5
-0.777778
6.88889
6.22222
-1.27778
-10.8889
-19.6667
-14.7222
3.55556
21.1111
5.77778
-27.3889
-38.7222
-10.3889
27.1667
44.6111
43.5
27.1667
-6.72222
-37.7778
-34.3889
-3.22222
15.5556
4.22222
-12.8333
-11.9444
1.77778
12.7778
12.6667
4.72222
-2.05556
-2.55556
-5.44444
3.88889
9.11111
6.33333
-3.44444
-17.8889
-24.4444
-10.9444
13.1111
19.3333
-9.16667
-32.3889
-23.1667
13.1667
32.8889
38.1111
37.5556
31.1111
0.444444
-36.8889
-43.5556
-16.8889
10.7778
9.66667
-5.94444
-11.6667
-2.88889
7.88889
10.3333
7.22222
2.05556
-1.05556
3.33333
6.72222
5.33333
0.0555556
-8.88889
-20.3333
-18.6111
-0.555556
18.4444
6.94444
-16.7778
-18.1111
8.27778
30.8889
29.1667
23.6667
20.4444
13.7778
-4.66667
-26.4444
-33.3333
-21.3889
1.66667
10.8889
3.61111
-7.5
-8
-2.16667
3.55556
8.05556
8.05556
3.16667
9.11111
3.66667
-2.88889
-7.66667
-13.8889
-18.4444
-8.61111
9.72222
13.5556
-10.2222
-18.2778
5.11111
41.1667
43.6667
23.6667
6.5
0.444444
0.166667
-2
-9.77778
-25.1111
-30.7778
-14.6111
5.38889
9.88889
-3.22222
-11.3333
-10.3333
-1.33333
7.44444
10.6111
5.83333
9.61111
3.66667
-3
-9.27778
-14.7222
-11.7778
2.88889
14.7222
-1.72222
-25.1667
-13.5
31.4444
63.3889
46.7778
13.3889
-13.8889
-19.8889
-16.0556
-5.83333
-9
-25.5556
-34.4444
-14.9444
12.6111
23.6111
7
-8.05556
-12
-1.77778
6.38889
9.16667
5.05556
4.05556
2.66667
-1.27778
-8.11111
-11.2778
-3.61111
10.6667
8.38889
-18.1111
-28.5556
-0.944444
45.7222
61.2778
36.8889
-5.5
-39
-42.3889
-18.2222
5.61111
0
-24.6111
-35.0556
-12.2222
21.0556
37.2222
22.0556
-0.0555556
-9.66667
-2.27778
4.88889
6.11111
2.55556
0.777778
2.33333
-1.83333
-9.16667
-6.88889
5.55556
13.8889
-5.22222
-28.8889
-22.2222
17.8889
52.8889
49.1667
15.6667
-27.1111
-50.8889
-41
-10.5556
10.0556
0.388889
-22.1667
-31.3889
-13.6667
21.1667
43.7222
39.3333
14.2778
-3.16667
-5.61111
-0.388889
2.55556
1.38889
-4.11111
-3.66667
-7.72222
-9.83333
-0.611111
13.2222
8
-21.2778
-34.2778
-10.6111
31.5556
47.5
30.8889
1.33333
-27.2778
-36.2222
-27.7222
-6.88889
5.88889
7.16667
-1.83333
-15.7222
-20.8333
-2.27778
25.8889
41.0556
25.3333
2.77778
-9.83333
-5.94444
1
3
-3.72222
-7.27778
-11.7222
-7.77778
6.55556
15.5
-5.11111
-33.2222
-34.1111
-4.27778
24.2778
26.6111
17.4444
5.72222
-1.38889
-2.11111
-3.77778
-8.94444
-11.3333
3.83333
19.6111
9.88889
-19.2778
-29.2222
-5.55556
27.1667
31.5556
10.3333
-10.3889
-12.3889
-1.61111
4.88889
-3.66667
-8.22222
-9.61111
-0.222222
14.2778
8.77778
-21.1111
-39
-26
3.94444
13.5
6.16667
0.777778
7.22222
19.1667
26.5556
12.3889
-13.5556
-28.5
-5.05556
30.5
32.7778
-3.38889
-37.3889
-27.6667
9.11111
30.8889
17.7222
-6
-13.7222
-3.27778
6.61111
0
-5
-5.05556
6.05556
13.5556
-6.5
-33.3333
-34.4444
-5.38889
16.6667
8.27778
-13.1111
-19.2222
-4.16667
22.7222
37.6111
24.3889
-9.55556
-33.2222
-17.9444
18.7778
35.1667
13.2222
-22.4444
-28.6111
-1.27778
27.6111
26.4444
2.77778
-12.6667
-7.5
5.22222
-3.94444
-6.55556
-0.944444
11.5
6.61111
-20.1111
-34.7778
-17.3333
17
27
7
-21.5556
-34.2778
-22.1111
8.94444
30.9444
26.1111
-2.72222
-25.2222
-22.2778
-1.27778
17.6667
17.3333
0.111111
-12.2778
-1.94444
22.1111
31.1667
13.6111
-6.55556
-9.94444
1.27778
-10.2778
-9.05556
3.55556
15.1667
1.38889
-16.4444
-14.2222
12.8333
34.3333
27.5556
0.777778
-26.3333
-34.6111
-21.0556
5.55556
15.5556
8
-9.72222
-13.3333
-9.11111
-3.38889
3.94444
9.44444
5.38889
-8.38889
-11.2222
6
23.2778
17.5
-2.11111
-11.7222
-3.83333
-13.8333
-8.05556
9.77778
16.1667
3.66667
1.55556
17.2222
39.9444
39
17.9444
-11.9444
-30.7222
-32.5
-16.7222
0.166667
-1.33333
-10.5
-13.5556
2.16667
14.1667
13
8.61111
8.55556
6.05556
-9.16667
-23.7778
-18.5556
-1.72222
6.61111
-2.88889
-11.6667
-8.33333
-10.3333
-0.611111
13.7222
13.6667
11
23
43.1111
49.6667
29.3333
-0.0555556
-24
-27.9444
-16.2778
3.5
10.5
-1.38889
-16.2222
-16.9444
-0.722222
11.8889
13.2778
11
12.4444
10.6111
-4.55556
-27.2222
-37
-27.9444
-12.4444
-8.38889
-12.4444
-11.2222
-2.94444
3.27778
5.33333
0.277778
6.44444
22.2778
36.3889
31.7222
13.6111
-2.27778
-9.22222
-5.66667
2.27778
11.6111
11.9444
3.61111
-5.66667
-6.77778
-0.833333
3.11111
2.33333
2.38889
6.83333
11.6667
5.44444
-14.3333
-33.8889
-36.5556
-23.1667
-11.5556
-10.2222
-9.72222
2.94444
7.16667
0.111111
-6.38889
-2.33333
4.88889
8.11111
4.72222
3.22222
6.05556
11.2778
18.7222
24.9444
27.7778
22.1667
12.7222
2.27778
-4.38889
-10.1667
-15.2778
-19.9444
-20.4444
-15.1667
-6.66667
-2.11111
-6.11111
-15.2778
-17.5
-10.7222
-1
1.5
0.666667
6.66667
7.44444
-2.05556
-10.7222
-15.3333
-17.7778
-16.8333
-5.72222
14.0556
33.1667
40.8889
34.6667
20.5556
8.38889
2.33333
1.5
2
3.44444
3.5
-0.777778
-10.3333
-22.1667
-31.5
-33.6111
-28.2778
-16.8889
-5.88889
3
9.11111
13.5556
14.1667
9.77778
-1.04
-0.66
1.64
3.88
3.48
1.7
-0.36
-4.66
-4.9
1.64
7.94
12.94
17.62
13.92
1.98
-6.84
-11.9
-13.96
-9.08
-1.56
1.7
1.64
-0.16
-3.28
-5.6
-4.9
-2.64
-0.76
-0.74
-1.92
-1.2
1.86
2.34
1.02
-1.66
-5.44
-1.68
8.3
14.8
22.16
28.16
16.38
-4.24
-13.34
-18.72
-21.94
-12.7
1.24
5.56
5.06
3.38
-0.64
-5.2
-6.12
-4.8
-3.76
-0.26
-2.36
-2.7
0.5
1.68
0.16
-3.66
-7.08
-0.78
9.34
14.84
23.66
30.42
14.88
-7.44
-13.56
-17.4
-21.62
-12.24
3.6
7.2
5.42
4.74
2.24
-2.96
-4.94
-4.4
-4.74
-0.52
-3.34
-3.54
-0.2
1.12
-1.46
-6.12
-8.26
-0.36
7.44
11.44
19.56
24.98
7.64
-9.92
-10.28
-10.04
-13.56
-4.94
8.08
8.82
5.1
4.74
3.72
-1.22
-3.76
-4.12
-5.32
3.72
-0.48
-3
-1.36
-1.2
-4.74
-8.9
-8.68
-2.3
0.98
2.2
7.02
8.22
-4.42
-9.78
-1.4
5.08
5.24
9.72
13.58
8.92
2.62
1.5
2.58
0.56
-0.9
-1.28
-3
5.8
1.44
-2.2
-2.36
-3.76
-7.84
-11.08
-9.1
-6.08
-6.7
-8.86
-9.34
-13.6
-17.82
-10.24
6.16
18.78
25.12
24.54
18.22
9.48
2.64
-0.02
2.5
4.24
3.8
2.64
0.86
4.34
1.64
-1.02
-2.34
-4.98
-9.16
-10.62
-8.74
-8.82
-11.72
-15.52
-22.08
-29.8
-26.78
-10.44
9.24
26.42
38.08
35.18
22.72
11.94
4.96
0.7
2.44
5.32
5.38
3.86
2.06
1.38
0.34
-1.14
-3.12
-6.22
-8.96
-8.54
-7.74
-9.58
-13.36
-18.62
-29.62
-37.42
-30.04
-10.18
9.14
28.4
42.86
40.38
25.84
14.48
7.32
1.42
1.24
3.66
4.42
3.54
2.42
-1.08
-0.38
-1.98
-5.32
-7.8
-7.98
-7.22
-7.96
-10.64
-14.54
-21.84
-32.56
-36
-25.04
-6.38
10.7
27.88
39.72
37.26
24.44
13.92
6.78
1.76
0.48
2.2
3.88
4.66
3.4
-5.28
-3.04
-4.08
-7.64
-8.44
-6.5
-6.96
-9
-11.98
-16.58
-24.98
-29.62
-24.6
-11.26
2.8
15.8
25.18
28.44
25.84
19.3
11.2
5.7
3.44
0.98
-0.02
2.24
4.28
3.04
-6.92
-4.9
-6.46
-9.9
-8.9
-6.2
-7.04
-9.42
-12.2
-18.7
-25.14
-21.32
-8.06
4.28
12.6
19.42
19.4
13.72
12.26
13.62
9.24
4.8
4.38
1.9
-1.58
0.6
4.34
3.88
-7.28
-7.64
-10.72
-13.58
-10.66
-7.84
-8.02
-8.78
-11.3
-18.74
-20.36
-8.16
10.28
21.72
25.82
25.4
15.12
0.52
-3.56
0.9
-0.02
-2.12
-0.02
0.34
-2.22
0.36
5.48
6.22
-6.12
-8.7
-13.44
-15.9
-12.98
-10.22
-8.16
-5.68
-8.66
-12.9
-7.34
9.58
28.36
39.68
38
26.8
7.26
-14.44
-22.76
-16.96
-11.88
-9.52
-4.08
-0.92
-0.96
1.3
6
7.54
-4.92
-9.54
-14.48
-16.06
-14.78
-12.58
-8
-3.88
-6.06
-3.6
8.32
25.2
40.34
47.84
38.76
20.34
-3.04
-25.5
-33.48
-25.96
-16.6
-10.4
-4.18
-1.2
-0.32
1.08
4.92
7.94
-4.8
-10.48
-14.22
-15.82
-15.98
-14.18
-6.78
-1.82
-0.08
9.56
25.78
35.22
40.44
40.84
27.1
4.76
-15.02
-30.18
-35.64
-28.94
-15.96
-5.9
-0.04
2.16
3.4
2.62
4.24
7.48
-6.82
-11.74
-13.92
-16.34
-16.8
-12.88
-3.2
3.5
11.9
28.18
41.92
40.26
35.6
29.96
13.08
-8.48
-22.4
-33.1
-39.82
-35.66
-21.06
-6.68
2.58
6.1
7.38
5.04
3.62
5.04
-7.16
-9.44
-11
-14.52
-15.82
-11.26
-2.84
6.26
21.38
41.58
50.58
40.88
27.82
14.1
-5.98
-24.6
-31.94
-37.88
-40.52
-34.14
-17.5
-0.4
12.4
15.5
14.06
8.9
4.6
3.1
-7.74
-7.54
-8.68
-12.66
-15.3
-13.58
-8.78
2.78
24.7
45.66
48.9
36.16
16.84
-6.08
-25.48
-32.62
-32.7
-32.58
-28.64
-21.1
-8.86
7.22
21.18
24.02
19.88
12.36
6.14
2
-6.96
-6.34
-8.14
-12.78
-15.82
-17
-12.6
3.38
28.98
45.72
45.7
32.18
7.84
-18.74
-31.92
-32.16
-29.8
-25.7
-19.98
-15.16
-6.82
8.5
22.86
28.32
24.66
16.26
7.9
1.56
-6.02
-6
-8.9
-13.56
-17.68
-20.34
-14.5
3.76
26.62
38.04
36.24
25.82
4.36
-18.38
-26.28
-23.14
-22.54
-20.08
-14.74
-11.72
-6.96
6
20.24
27.92
26.54
19.4
10.52
2.96
-5.3
-6.4
-10.26
-14.46
-21.36
-26.12
-19.72
-2.28
14.4
22.54
25.58
22.62
6.94
-10.54
-14.38
-13.12
-16.54
-13.82
-6.32
-4.72
-2.8
6.94
17.74
24.86
26.46
21.24
12.58
4.74
-5.02
-7.62
-11.26
-15.56
-23.92
-27.1
-19
-5.72
4.02
10.84
15.92
17.14
8.36
-2.02
-4.32
-4.92
-9.64
-5.64
1.66
1.14
-0.16
5
10.5
16.96
22.72
21.42
14.18
7
-2.32
-4.78
-6.54
-9.96
-15.06
-14.12
-5.94
-0.8
-0.24
0.08
3.06
5.66
4.86
3.12
3.12
-1.52
-7.12
-3.34
1.84
0.28
-0.54
1.54
2.38
7.18
15.44
18.1
12.9
7.08
-0.46
-0.04
1.22
0.46
-0.72
3.46
7.48
2.56
-6.84
-13.74
-15.18
-12.06
-4.78
2.52
5.92
1.42
-1.5
2.8
6.92
6.2
5.98
4.52
0.32
-0.28
5.12
8.48
5.2
1.22
2.04
6.18
9.82
12.2
13.98
17.84
14.28
2.42
-10.4
-17.9
-18.36
-12.32
-2.32
4.8
4.92
-3.06
-5.14
0.74
5.92
7.88
9.72
6.42
-1.62
-6.62
-5.2
-3.1
-4.72
-6.54
2.7
9.96
16.4
22.52
29.82
34.56
27.04
13.36
0.58
-9.16
-14.28
-10.78
-3.26
1.26
-0.74
-6.84
-5.78
-0.34
2.66
4.6
5.5
-0.54
-9.56
-15.46
-16.54
-14.84
-13.16
-12.16
7.14
14.9
22.02
30.86
40.76
43.72
36.04
24.02
10.78
-2.14
-9.32
-8.4
-4.48
-1.64
-2.44
-6.02
-4.26
-0.84
-0.48
-0.8
-2.86
-11.38
-21.4
-27.98
-30.38
-27.7
-22.02
-16.14
6.16
11.22
16.96
25.32
34.36
38.82
34.66
26.58
16.48
6.54
0.64
0.24
1.22
2.08
0.56
-2.84
-2.02
0
-1.04
-2.7
-6.56
-16
-26.38
-33.04
-35.86
-32.82
-24.74
-16.2