6.5
8.875
11.625
9.375
-0.75
-19
-37.75
-43.125
-31.25
-12.5
4.875
10.625
6
0.75
-2.75
-3.125
-2.125
-0.875
-0.5
-1.75
-3.25
-2.75
-0.25
3.25
6.125
6.875
6.125
6.25
7.125
7.875
9.875
11.125
11.875
13.25
2.75
4.25
5.5
6.625
3.125
-8.625
-24.625
-38.25
-38.75
-26.25
-9.625
1.875
3.75
0.75
-1.75
-1.375
0.75
3.625
4.75
3.75
1.125
-2.125
-3.375
-2.875
-1.375
0.25
0
-0.625
0.25
3.25
7.875
13.125
16
15.125
-3.625
-3.125
-3.5
-5.125
-8
-12.25
-18.5
-24.875
-27.75
-24.625
-17.5
-9.125
-3.125
-0.125
2.625
6.625
11.375
14
13.625
10.5
5.875
1
-3.25
-6.625
-8.875
-9.25
-9.25
-9.125
-8
-5.375
-1
4.5
8.625
9.25
-10.875
-11.75
-15.75
-23.75
-32.375
-36.75
-36.875
-33.375
-26.75
-21.125
-17.125
-11
-5.375
1.375
11
21.875
32.5
35.75
31
21.75
11.25
4.25
0.5
-2.375
-4.875
-5.75
-4.875
-3.5
-2.5
-3
-4.5
-5.625
-5.125
-2.875
-18.75
-17.875
-23
-33.75
-45.75
-52.375
-51.25
-40.625
-25.625
-13.875
-7.5
-4.25
-1.125
5.375
16.875
31.5
45.75
52.25
47.375
35
20.125
9.75
5.5
4.375
3.875
3.75
6
9.125
11.375
11.25
5.625
-2
-7.25
-9.125
-29.5
-18.375
-14.5
-16.75
-23.5
-30.75
-34.25
-28.375
-17
-7.375
-1.25
0.125
2.5
8.5
17.125
27.625
36.125
42.75
44.5
38
27.625
17
9.125
6.875
7.5
7.5
7.625
8.75
10.25
11.5
9.875
4.5
-0.5
-4.5
-39.625
-19.25
-2.75
8
10.875
5.125
-1.5
-5.375
-5.375
-3.375
-1.875
0
4.625
11.75
17.875
21.125
20.125
22
28
31.25
30.625
23.375
12.375
5.375
3.125
2.25
-0.75
-4.75
-8
-10.625
-8.875
-6.125
-3.875
-1.5
-39.5
-22.75
-1.875
13.25
18.5
15.75
10.25
5
0.625
-0.75
-1.875
0.75
7.625
15.75
21.375
21
15.25
12.375
16.75
25.625
32.75
30.625
20.125
7.625
-1.375
-5.75
-9.375
-13.625
-17.875
-22.375
-23
-17.875
-11.5
-4.5
-28.75
-18.125
-0.25
11.25
12.25
11.375
5.75
2.125
0
-1.625
-1.625
1.5
8.5
16.375
22
22.875
20.25
16.125
16.75
24.75
33.875
37.875
33.25
20.125
6.125
-3.25
-7.5
-8.625
-9.25
-9.875
-11.375
-10.5
-7.875
-4.5
-16.5
-7
3
11.25
9.5
9.75
7.875
3.125
2.625
-0.25
0.75
4.375
10.125
16
19.75
22.5
27.5
29.125
27.125
29.125
33.625
38.75
41.875
36
22.75
10.5
3.875
1.875
2.625
5.25
7.125
5.875
3.125
0
-4.375
-1.375
-4.25
-4.125
-7.75
-5.375
4.5
7.25
11.625
12.25
13.875
17.25
20.125
21.125
20.875
22.25
29.25
37.375
37.625
33.75
30.5
30.75
36.125
39.625
33.875
23.75
15
8.875
7.25
8.125
10.5
11.5
8.875
3.625
-2.5
-10.625
-18.625
-28.125
-30.5
-27.375
-12.25
4.25
15.375
24.875
30.25
34.625
34.375
29.875
25.5
23.5
25.75
31.75
35.5
32.125
25.5
22.625
24.5
28.375
29.75
24.75
16.375
9.5
5.25
2.5
1.625
3.625
5
4.5
-25
-31
-29
-29.5
-24.875
-22.375
-15.625
-1.375
9.125
21.5
31.375
38.75
40.25
35.125
28.75
24.625
22.125
22.875
27.125
28
25
23.25
21.125
19.125
20.25
17.75
11.375
7.625
5.125
2.5
0.375
-0.5
0.5
3.5
-48.625
-45.5
-36
-21.5
-9.625
-6.25
-8.25
-6.875
-1.625
7.125
17.875
26.375
31.125
30.5
27.375
24.375
19.25
15
15.875
19.625
22.5
25.125
25
22.5
21.75
19.375
13.25
8.875
8.25
8.125
7
4
1.625
1.25
-49.75
-51.25
-47
-33.625
-17.375
-8.125
-9.375
-11.375
-8.5
-1.75
7.75
14.125
17.5
19.875
21.875
21.5
15.125
2.625
-7.875
-7
1.625
12.875
22.5
27.5
28.5
26.75
21.75
12.5
5.5
4.875
4.5
2.75
0.25
-4
-36.625
-49.625
-55.75
-52.125
-36.75
-19.25
-10.625
-6.625
-3.125
2.625
8.375
10.875
11.125
13.125
15.75
15.625
8.375
-9.625
-30.875
-39.625
-30.5
-12.5
6.875
22.75
29.5
29.875
27.875
17.75
3.75
-1.875
-3.375
-4.125
-5.25
-8.875
-21.125
-37.25
-51.125
-56
-46.875
-28
-8.875
4
10.25
13.5
13.625
10.5
6.5
5.5
4
1.25
-5.875
-20.375
-38.25
-51.625
-50.375
-35.625
-15
6.625
22.5
28.875
29.5
23.75
11.5
1
-3.5
-5
-5.625
-6.625
-10
-20.875
-33.875
-40.75
-36.5
-22.625
-2.75
13.5
21.25
22.125
18.875
11.25
2
-7
-16.375
-22.875
-28.5
-34.375
-39.75
-46.75
-49.375
-40.375
-23.625
-5
13.25
25.75
29.375
27.25
20.375
8.625
0.625
-1.5
-1.75
-1.25
-5
-9.75
-15.875
-17.375
-12.25
-1
13.625
24.625
28.5
26.5
21.5
13.875
3
-13.25
-29.125
-38.125
-39.5
-33.375
-26.25
-23
-19.375
-13
-0.5
10
15.5
23.75
27.75
27.25
24.75
15
3.875
-0.75
-1.125
0
-3.75
-6.375
-8.375
-6.25
1.25
13.75
27.5
35.25
35.25
29.125
20.125
12.375
3.125
-12
-27
-34.5
-29.5
-10.5
7.125
14.75
18.125
18.125
22.875
29.25
27.5
25.125
24.625
25.75
26.375
20.75
10.125
0.375
-3
-0.875
-3.375
-6.5
-9
-9.375
-4.625
6.375
20.25
30.75
32.625
26.375
17.125
8.75
-0.125
-11.25
-22.625
-27.75
-18.625
4
25.375
32.25
25.875
16.125
11.125
17
25.375
25.125
23.25
25
26.625
24.125
17.125
5.625
-3.25
-2.75
-2.125
-5.5
-9.25
-12.75
-14.125
-10.125
-2.375
6.875
12.125
13.25
14.375
15.125
13.5
7.625
-2
-9.75
-7.75
3.125
18.75
28.75
23.25
7.75
-7.5
-10.25
2.25
16
23.25
25.75
25.5
23.625
19.625
11
0.25
-4.125
-0.25
-3.125
-6.375
-10.125
-14
-15.75
-15.375
-12.75
-7.5
0.625
11.875
25.75
37.875
44.5
42
30.75
16.625
6.5
8.875
22.25
33
28.25
10.875
-4
-4.5
7.125
19.25
24.125
22.125
20.375
19.25
14.75
7.25
-0.125
2.75
1
-0.75
-2.875
-5.125
-7.875
-10.5
-12
-9
-0.375
11
24.75
38.625
52.375
60.75
58.75
47
30.375
20.375
25.25
39.625
49.625
46.625
32.375
18.75
13.875
16
17.625
15.875
15.75
17
17.375
15.625
7.625
5.375
4.25
3.5
3.75
4.125
3
1.375
-1.375
-0.75
3.375
7
11
16
23.25
33.5
43.125
46.5
41.5
32.125
24.875
22
25.125
29.5
24.25
12.625
3.875
0.5
-1.5
-0.5
5.25
11.375
17.375
22
17.375
4.625
2.75
2.375
4.5
7.625
9.875
10.25
6
1.125
-3.875
-9.75
-14.25
-16.25
-14.25
-8.25
-2.25
0.875
1
-0.75
-5.75
-14.5
-22.5
-28.625
-33.75
-38.5
-41.75
-39.5
-33.375
-23.375
-10.875
1.25
12.375
19.375
22.5
4.625
2.375
1.875
4.75
9.25
12.375
11.25
4.5
-7.5
-20.625
-31.75
-41.25
-45.75
-44.5
-41
-40.125
-41.5
-42
-39.75
-37
-37.75
-43
-52.25
-58.625
-61.25
-61.25
-56.25
-43.625
-27
-12.625
-1.375
9.375
14.875
18.375
14.5
14.875
14.875
16
17.25
15.125
7.375
-3
-16.875
-31.25
-42
-51
-55.75
-56.125
-54.5
-54.125
-53.75
-52.125
-49.125
-44.625
-41.25
-40
-41
-42.375
-44.25
-45.625
-44.25
-36.875
-24.75
-11
0
9.5
16.375
15.5
38.25
45.875
49.25
46.75
39.125
25.75
6.75
-10.125
-25
-38.125
-46.875
-52.75
-55.625
-56.375
-57.125
-59
-58.875
-55.875
-51.25
-46.5
-43.5
-42.125
-40.75
-39.625
-39.625
-39.625
-39.25
-36.5
-32.375
-26.75
-17.375
-8
3.75
11.25
65.25
79.5
85
78.5
61
35
6.875
-15.75
-32
-42.875
-51.25
-56.125
-56.125
-55.875
-57.75
-61.25
-63.5
-59
-48.75
-40.875
-38.875
-41
-43.125
-39.75
-30
-16.25
-3.125
6.75
9.375
0.875
-9.125
-15
-13.375
-0.75
70.5
82.625
83.75
72.75
50.75
23.75
0.75
-13.75
-18.875
-19.125
-21.75
-27
-30.875
-33.625
-35.875
-38.375
-40.75
-37.375
-27.75
-18.875
-15.375
-16.5
-17.25
-7.125
15
41.5
67.25
84.375
91.25
83.5
60
33.125
8.875
0
45.375
49.5
45.125
33.5
17.25
5.125
2.25
10.125
25.5
40.375
48.125
44.25
30.625
17.375
8.75
2.5
-0.125
-0.875
-1.75
1.625
6.625
10.875
19.375
35.25
57.375
78
92.5
100.25
105.125
109.25
104.25
83
51.625
22.875
14.875
13.375
7.25
-0.5
-4.625
-1.75
14.625
37.625
61
78.5
85.5
85.75
74.875
59
44
29.125
19.5
14
7.375
4.5
7.75
18.125
35.375
51.625
63.5
66.375
60
53.25
50.625
57
71.625
77.75
66.75
44.625
0.25
-2.5
-8
-13.25
-11.375
-5.625
10.75
28.125
40.75
46.625
43.25
41.375
43.875
43.875
39.625
32.75
21.125
10.375
3.625
-2.125
-0.875
11.25
28.125
40
41.125
32.875
20.125
9.625
3.875
4.5
15.25
34.625
48.5
44.625
-4
-7.375
-12.375
-12.625
-4.5
-5.5
-25.75
-52.625
-70.5
-66.25
-43.875
-23.125
-12
-7.25
-5.25
-4.625
-4.875
-3.875
-1
3
6
4.5
0.25
-0.25
3.875
6.125
5.625
6
4.125
-0.125
-2.875
-4.625
-6.625
-7.75
-2.5
-5.25
-9.5
-14.875
-16.875
-22.375
-38.125
-51
-54.5
-50.75
-37.125
-23.125
-16.25
-11
-5.75
-2.875
-2.5
-2.375
-1
1.25
3.375
3.875
1.875
0.625
3.125
5.5
6.25
7.125
5.25
1.75
0.875
0.125
-4.5
-9.375
-1.125
-5.875
-10
-15.625
-23.75
-38
-54
-56.875
-45
-31.125
-23
-19.625
-17.375
-11.625
-2.875
2.625
2.125
-1.5
-4.125
-3.75
-1.375
0.75
1.5
1.875
3.375
5
5.75
6.625
6.25
4.625
4.75
3.75
-2.625
-9.25
0.375
-8
-14.5
-21.75
-30.875
-43.75
-56.375
-55.875
-40.25
-21.625
-12.625
-14
-15.625
-8.875
4.5
13.375
11.25
0.25
-12.25
-15.25
-8.75
-3
-1.25
0.125
2.875
5.75
7.875
8.25
6.25
5
5.5
4.125
-1.625
-8.625
3.75
-10.125
-19
-29.25
-42
-50.125
-51.75
-45.625
-30.875
-15.375
-8.75
-10.25
-10.875
-2.375
14.375
26.25
22.5
3
-20.625
-29
-19.875
-8.75
-3.75
-1.625
1.375
5.25
9.5
11.875
9.125
5.25
3.125
-0.25
-4.25
-7.625
13.5
-6.625
-17.5
-33.5
-53.5
-59
-49
-34.875
-20.25
-9.375
-7.25
-8.625
-5.5
6.5
25.375
37.625
30.875
5
-25
-38.75
-32.625
-18
-6.625
-1.625
1.25
4.75
9.625
12.75
9.5
3.75
-0.125
-4.25
-7
-6.5
25.875
5
-8.5
-33
-61.625
-67.875
-50
-26.625
-10.875
-5.625
-7.125
-7
0.375
15.75
34.375
43.625
33.625
7.25
-22.25
-41.25
-42.875
-29.625
-13.625
-4.125
0.375
4
8.75
11.5
8
1.875
-2.375
-5.625
-6.625
-4.75
41
23.5
7.625
-26
-67.25
-78
-54.25
-24.25
-7.375
-4.75
-6.875
-4.25
7.375
25.5
40.875
43
28.25
6.125
-12.5
-31.375
-46
-41.375
-24.375
-11.375
-4.125
1.75
7.125
9.125
6.125
1.375
-2.25
-4.375
-3.75
-2
56.75
44.625
26
-16
-70
-87.625
-60.5
-26.625
-10
-7.375
-6.125
1.25
16
34.125
45.5
41.125
23
3.875
-7.25
-20
-38.125
-45.625
-37.25
-23.875
-12.375
-2.75
4
5.875
3.75
0.375
-1.125
-0.25
0.625
0.5
69.75
62.25
36
-10.5
-68.75
-92.5
-62.625
-27.125
-13.875
-11
-4.75
8.125
24.125
39.75
47.5
40.5
23.25
6.625
-6.375
-18.625
-29.625
-39.5
-45.125
-39
-24
-9.5
0.125
3.875
3.375
1.25
-0.125
0.875
1.625
0.25
78.375
71.625
33
-16.375
-68
-88.375
-56.75
-22.5
-12.375
-10.25
-3.125
12.25
29.375
41.875
46.375
41
28.75
12.375
-8.125
-23.5
-27.25
-32
-43.125
-46.375
-35.875
-19.5
-5
2.375
3.25
1.875
0.5
1
0.875
-2.625
78.25
77.625
30.875
-25.125
-69
-78.625
-45.75
-16
-8.375
-4.875
2.75
16.375
30.125
38.375
42.25
42
36.5
20
-10.25
-31.625
-29.25
-26.375
-38.25
-49.125
-44.75
-28.5
-11.375
-1
2.5
2.5
1.625
1.375
-0.75
-5.25
72.5
82.25
35
-28.25
-69.375
-70.625
-33.875
-6.625
-3.375
1.75
12.375
22.5
29
31.875
36
41.625
40.875
25.125
-6.875
-34.75
-37.75
-28.5
-30.875
-45.125
-51.25
-38
-17.375
-4.125
1.625
2.5
0.625
0.75
-0.75
-6.25
59.375
83
46.25
-24
-69.875
-63.75
-25.25
0.125
5.375
13.625
23.375
26.875
26.875
27.25
32.875
40.625
38
20.25
-5.375
-26.875
-37.5
-35.125
-28.5
-37.25
-52.5
-47.125
-25.5
-8.125
0.5
1.875
-1.25
-1
0.125
-4.75
44.75
77.75
61.5
-4.625
-62.125
-61.625
-23.875
2.125
12.25
25.5
35.25
31.875
24.75
24.625
33.125
40
30.375
6.125
-14.375
-20.25
-22.875
-27.875
-28.75
-35.25
-48.25
-50
-36
-16.5
-2.25
2.125
-1.25
-4
-3
-4.25
33.375
64.875
65.75
15.625
-44
-55.25
-23.625
3.625
17.875
33.375
41.875
34.625
24.375
25.875
36.25
38.375
19.125
-12.125
-29.125
-19.875
-6.75
-9.5
-19.375
-30.25
-42.25
-50.125
-45.875
-27.75
-8.25
1.125
-0.875
-6.625
-7.5
-6.625
22.375
46.75
56.625
25.25
-23.375
-38
-16.625
7.25
25
39.5
42.125
30.75
20.5
26.5
39.25
35.5
7.625
-29.875
-47
-25.125
7.125
12.875
-2.5
-19.125
-31
-44.625
-53
-41.25
-19.5
-3.5
0
-6.5
-10.625
-10.125
14.75
29.625
41.375
28.5
-3.25
-17.125
-4.5
14.25
30.25
40.625
38.625
24.75
13.5
19.75
33.375
31.125
2.5
-41.625
-63
-32.75
17.875
36.875
19.125
-6
-21.25
-36.5
-52.375
-52
-34.875
-12.875
-1.125
-5
-11.5
-12.75
9.75
19
28.375
26.625
12.75
5
11.125
21.875
31.25
36.25
32.25
18.375
4.75
6.75
20.375
26.125
6.25
-37.375
-64.75
-38.5
19.625
52.25
39.25
6.75
-19.25
-34.5
-45.5
-53
-48
-26.75
-7.375
-5
-10.375
-12.5
6.25
13.125
21.375
25.25
23.75
24.25
28.5
30.5
29
26.875
22.375
10.875
-4.125
-9
2.5
21.5
18.75
-19.5
-53.875
-42
10.125
55.875
57.375
21.5
-18
-37.375
-42.375
-49
-52.125
-39.5
-19.875
-8.875
-8.25
-9.875
3.625
10
18
25.125
31.125
38.625
43.5
38.25
26.125
17.375
14.875
7
-13.625
-29
-15.875
20.5
36.125
4.75
-37.375
-42
-0.375
49.625
63.375
33.25
-13.125
-39.125
-41.5
-45
-51.625
-47.875
-34.125
-18.125
-9
-7
0.875
7
15
24.25
34.875
47.875
55.375
45.375
24.375
12.25
14.125
10.625
-13.75
-40.625
-33.5
13.25
46.5
25.625
-18.5
-36.25
-9.75
32.5
51.25
38
2.5
-31.75
-44.75
-44.25
-45.75
-51.375
-48.375
-30
-12.25
-5.125
-2
4.375
11.875
20.875
34
53
64.125
51.25
25.75
13.375
19.125
18.5
-9.125
-41.75
-38.75
3
37.625
29.75
-2.625
-23
-10.5
20.5
36.625
31
12.5
-17.625
-45.5
-49.625
-41.375
-47.875
-56.75
-42.25
-18.75
-6.125
-4
2.75
9.25
17.375
31.375
52.375
65.25
53.75
30.5
21.875
30.25
28
-3.125
-37.875
-37.5
-0.5
31
23.875
-3.125
-14
-1.375
13.625
19.125
21.625
16.5
-7.625
-40.5
-54.875
-47.875
-44.75
-51
-47.625
-30.375
-12.375
-4.875
1.75
6.75
16
32.125
51.5
61.875
51.375
33.75
31.375
38.25
33.25
6.75
-25.5
-33
-7.125
19.5
14
-6.625
-8.125
7.5
11.875
4
6.5
12.875
-2.375
-34.25
-53.25
-50.75
-41.25
-38.375
-42.375
-38.5
-20.875
-5.625
1.5
5.125
16.5
36.375
53.625
57.5
44.5
30.625
32.875
39.25
31.75
9
-14
-19.5
-6
8.375
4.25
-8.75
-6.25
9.75
13.5
0.875
-6.75
-3
-5.75
-24.75
-44.625
-47.625
-34.375
-25.5
-33.125
-39.125
-26.5
-7.625
0.625
4.875
19
42
55.375
51.25
35.25
23.5
27.125
32
24.5
8
-7.75
-12
-0.625
11
4
-10.75
-9.75
3.5
7.75
1
-5.875
-10
-13
-18.5
-30.375
-38.25
-26.375
-13.375
-23.125
-36.625
-31.125
-7.5
0.625
5.125
20.25
44
54.375
42.625
21.75
12.125
17.5
21.75
17
6.25
-4.375
-7.5
-1.625
6.25
5.125
-3.625
-6.375
-1.25
1.5
-2
-8.375
-13.25
-15.375
-15.5
-17.875
-21.25
-12.75
-2.5
-11
-27.625
-32.5
-2.25
4.125
7.75
18.75
36.375
42.25
26.5
4.625
-2.25
4.625
11.625
11.75
5.625
-1.875
-6.375
-4.75
3.125
9.375
6.5
-0.75
-4
-2.875
-3.25
-8.375
-13.625
-13.125
-9.5
-9.5
-11.125
-6.5
0.125
-2.25
-12.75
-23.75
8.75
9.75
9
11.25
18.5
19
4.125
-11.75
-12.5
-4.375
2
5.875
7.375
1.875
-9
-11.25
2.75
19
19.25
5.375
-6.375
-5.75
-0.875
-2.25
-4.5
-1.25
2.625
-0.25
-7.375
-10.375
-10.125
-8.75
-7.875
-14.5
23
15.625
6.75
-1.75
-5.75
-7.25
-13.75
-19.25
-13.375
-4.875
-2
-1.25
1.375
0.875
-8.625
-14.875
-1.25
23.625
31.5
12.875
-8.875
-9.75
2.5
10.375
14
16.75
15.5
6.625
-5.25
-13.75
-22
-26.625
-20.625
-13.25
35.125
19.25
2.125
-15.25
-26.5
-26.375
-20
-12.125
-4
-0.875
-3.125
-7
-9.875
-11.875
-15.25
-17.75
-5.625
24.375
40.75
20.625
-9.625
-11.875
10.875
29.5
34.875
33.25
25.25
10.5
-4.875
-18
-32
-43.25
-42.875
-25.875
41.125
17.875
-5.75
-27.75
-38.125
-31.5
-12.125
6.875
11.75
4.5
-5.5
-11.25
-14.875
-22.5
-28.25
-26.125
-11
20.75
42.125
24.75
-6.75
-5.625
26.125
49.125
50.75
41.375
27.5
11.75
-2.625
-16
-34.875
-54
-63.75
-52.125
42.25
14
-13.5
-36.75
-42.125
-25.625
2.75
25.875
26.5
9.875
-8.5
-19.125
-21.375
-24.125
-29.875
-31.5
-18.375
12.375
34.375
22.625
0.625
8.75
42.375
62
54.375
36.375
19.875
6.375
-3.125
-10
-23.25
-47.375
-71
-71.875
4.33333
4.11111
-1.11111
-11.6111
-23.6667
-32.5
-35.7778
-34
-27.5556
-17.8889
-7.33333
-0.111111
2.38889
2.77778
3.22222
4.88889
6.55556
6.55556
4.88889
2.66667
0.611111
-1.33333
-2.61111
-2.33333
-1.66667
-1.33333
-0.722222
1.27778
4.66667
8.22222
11.5
14.0556
-7.44444
-9.22222
-14.9444
-23.5556
-32.3333
-39.4444
-41.7778
-39.2778
-32.7778
-23.7778
-14.3333
-4.55556
3.11111
9.38889
15.2778
19.5556
21.6667
21.0556
17.3333
11.1667
4.27778
-1.11111
-4.33333
-5.66667
-6.05556
-5.83333
-5.05556
-3.05556
-0.277778
2.55556
5.27778
7.5
-20.2778
-24
-31.8333
-39.0556
-43.8889
-46.1667
-45.1667
-39
-30.0556
-21.1667
-13.0556
-3.83333
6.72222
18.1667
29.5556
36.8889
39.6667
38.0556
32.1111
22.5556
11.7222
3.66667
-0.777778
-2.72222
-2.94444
-2.22222
-1.11111
0.111111
0.666667
0.666667
0.5
0.277778
-29.6667
-30.8333
-38.5556
-45.5556
-48.6111
-48
-44.3889
-36.5556
-25.7222
-15.3889
-6.88889
1.33333
11.5556
24.8333
38.6667
48.6111
52.7222
50.7778
43.5556
32.7778
20.7222
11.1667
5.33333
3.05556
3.5
4.77778
5.83333
5.94444
4.72222
2.27778
-0.444444
-2.88889
-33.4444
-26.5556
-27.8333
-30.8889
-32.2778
-32
-30.2778
-25.5
-17.4444
-8.61111
-0.333333
7.16667
15.6111
26.2222
36.8889
46.7222
52.5
51.6667
45.5556
37.1111
28.3889
19.1111
11.0556
6.94444
5.88889
5.72222
5.38889
4.5
2.77778
0
-2.22222
-3.94444
-31.8333
-17.1667
-9.55556
-6.61111
-6
-7.61111
-10.6111
-11.3889
-8.5
-2.83333
3.83333
10.8889
18.0556
24.8333
30.2222
37.0556
43.2222
44.4444
41.3889
37.0556
32.7222
24.9444
14.5
6.72222
1.94444
-1.55556
-4.27778
-6.83333
-8.44444
-9.5
-9.22222
-7.77778
-27.1667
-10.3889
2.55556
10
11.7222
9.11111
2.55556
-2
-2.61111
0.444444
5.72222
12.7222
19.6667
24.4444
26.8889
30
34.2778
37.6667
39.0556
38.7222
37.2778
31.4444
21.1111
9.55556
-0.388889
-7.27778
-11.8889
-15.0556
-16.6111
-16.0556
-13.7222
-10.3333
-20.7222
-5.66667
6.16667
14.0556
15.2778
13.1667
7.16667
1.66667
1.61111
3.72222
8.11111
14.2778
21.1667
26.2778
29.7222
31.5556
33.2778
37.1111
42.1111
44.7778
43.3333
38.6111
30.7778
19.1111
6.5
-2.83333
-7.94444
-10.6111
-11.6111
-10.7778
-9.22222
-7.11111
-14.8889
-6.33333
1.11111
6.38889
7
7.16667
7.22222
5.55556
8.22222
11.2222
15.1667
19.3889
24.2778
29.6667
35.5556
38.1111
37.8333
40.6667
46.8333
50.7222
48.7778
44.7222
40.5556
32.1111
20.2222
10
3.77778
1.05556
0.5
0.944444
1
0.388889
-14.5
-14.7222
-11.2778
-7.38889
-5.44444
-2.44444
5.55556
11.7778
18.9444
23.9444
27.6111
29.8333
31.6111
34.5556
39.6111
42.8889
42.5
43.2778
47.3333
50.8889
49
44.7778
42
37.9444
29.9444
20.2222
13.0556
9.27778
8.22222
8
7.11111
5.44444
-21.2778
-29.0556
-27.1667
-22.4444
-16.9444
-11.2222
1.16667
15.7222
26.9444
35.2222
39.4444
41.0556
40.6111
40.1667
40.9444
41.9444
42.5556
42.7778
43
44.3889
44.7778
41.9444
38.1667
35.4444
31.7778
24.5556
16.3333
10.7778
8.27778
7.5
7.05556
6
-35.2222
-42
-39.2778
-30.7222
-20.9444
-14.4444
-4.33333
11.9444
25.4444
35.5
41.2778
44.5
45.1111
42.6111
38.2222
35.5556
36.5
37.5556
35.6111
35.3889
38.0556
38.2778
34.1667
30
27.7222
23.1667
16.3333
10.6667
7
5.33333
5.05556
4.83333
-50.5
-49.2222
-44.8889
-34.3889
-21.7778
-13.5556
-7.33333
4.11111
15.7778
25.6667
33
38.3889
41.3333
39.5556
32.6111
25.3889
23.0556
23.5556
21.7222
21.2778
26.7222
33.6667
34.8889
31.1111
27.9444
24.4444
18.6667
12.4444
7.22222
4.27778
3.27778
2.5
-61.2778
-56.2222
-51
-41
-27.7222
-16.1111
-8.61111
-0.944444
6.83333
14.0556
21.5556
28.1667
32.0556
30.7778
23.5556
13.2222
4.5
0.666667
-0.444444
0.833333
7.72222
21.3889
33
34.7222
30.9444
26.6667
21.6667
14.8889
7.33333
2.27778
-0.333333
-1.94444
-62.5556
-60.2778
-56.2222
-49.0556
-35.9444
-18.9444
-5.66667
2.5
7.33333
11.2222
15.5
19.3333
20.3333
17.7222
10.1667
-2.22222
-16.7222
-27
-29.2222
-26.1667
-17.7222
0.388889
22.0556
34
34.5556
30.4444
25.2778
17.6111
7.77778
0.333333
-4.22222
-6.55556
-52.6667
-56.7778
-54.6111
-49.1111
-36.8333
-17.6667
0.611111
11.5
15.1667
15.5556
14.2778
11.6667
6.72222
0.611111
-8.27778
-20.6111
-35.2778
-47.3333
-50.3333
-45.7222
-35.3333
-17.1667
6.66667
26.3889
34.5
33.0556
27.9444
20.7222
11.2222
1.94444
-4.55556
-7.33333
-36.6667
-42.1667
-40.5
-34.6667
-22.8333
-4.94444
12.9444
23.4444
26.0556
23.1667
15.7222
4.66667
-7.16667
-16.6111
-25.7778
-35.2778
-44.5
-50.6667
-49.8889
-43.5
-31.9444
-17.1667
1.33333
21.4444
34.3889
36.2222
30.8889
24.0556
16.7778
7.38889
-0.944444
-4.61111
-21.3333
-24.7778
-21.7778
-14.0556
-2.27778
12.3333
26.3889
33.7778
34
28.2778
16.5556
-0.722222
-17.3333
-28.0556
-34.6667
-38.1111
-39
-36
-28.5556
-19.4444
-8.38889
0.611111
9.66667
23.8333
35.8333
39.1667
34.1111
27.1667
21.7222
13.6111
4.88889
-0.333333
-12.3889
-13.8333
-10
-1.16667
10.6667
23
32.9444
37.6667
36.7778
29.8889
16
-3.27778
-20.2778
-29.8889
-32.1667
-28.2778
-20.7222
-10.5556
0.888889
10.4444
17.5556
19.7778
21.1111
27.5556
35.7222
40.1667
37.2222
30.1667
24.1667
17.5
9.38889
2.66667
-9.05556
-11.1111
-9.16667
-2.05556
8.11111
18.0556
25.3889
29.8889
31.3889
28.1111
18.2222
3.5
-9.5
-16.6111
-17.2778
-11.4444
-1.16667
10.0556
19
23.9444
24.8889
23
20.8333
22.0556
27.5556
35.5556
39.2778
34.0556
26.0556
20
14.0556
6.22222
-7.38889
-11.3333
-12.6667
-9.61111
-4.16667
2.16667
7.77778
14.1667
20.7778
24.6111
23.2778
19.1667
14.4444
9.33333
6
7.16667
14.5556
23
27.9444
28.5556
25.3889
22.1667
20.1111
17.6667
19
27.3333
36.4444
36.1667
27.9444
21.1667
16.2222
9.22222
-3.88889
-8.22222
-11.4444
-12.6111
-12.2778
-10.6111
-6.66667
0.722222
10.4444
21
30.8889
39.2778
43.3889
42.2778
37.8333
33.2222
32.3889
35.1667
37.1111
34.5
29.4444
26.8333
25.3889
20.9444
17.3889
21.3333
29.9444
33.9444
29.4444
22.5556
18.2778
13.3333
0.5
-2.44444
-4.5
-6.83333
-9.38889
-10.5
-7.72222
-1.88889
5.33333
15.2222
27.8889
42.5
51.8889
53.8333
51.6111
46.7222
42.0556
39.4444
39.2222
38.3889
35
30.9444
27.8889
22.2778
15.4444
10.9444
13
20.3333
23.7222
20.8333
17.5556
16.7778
3.94444
3.11111
3.61111
2.27778
-0.166667
-2.33333
-1.55556
-0.555556
-0.333333
2.61111
10.7778
22.0556
30.6111
35.5556
38.6111
38.6111
34.7222
30.1111
26.1667
22.3889
18.0556
12.0556
5.05556
-0.777778
-4.72222
-9.27778
-10.3889
-2.05556
9.72222
15
16.0556
19.1111
5.61111
6.05556
8.66667
9.44444
7.83333
5.5
3.44444
-2.05556
-10.5556
-17.2778
-18.8889
-15.9444
-12.5556
-10.0556
-6.38889
-2.94444
-2.11111
-5.72222
-11.3333
-14.6667
-18.2778
-25.2778
-34.2778
-39.8333
-39.3889
-38.3333
-34.9444
-23.8333
-7.27778
7.22222
14.5556
20.1111
12.5
13.5
15.7778
16.1667
12.9444
7.55556
-0.166667
-11.9444
-26.3333
-39.4444
-47.0556
-50.4444
-50.8333
-50.5556
-48.5
-44.2222
-40.6667
-41.2778
-45.3333
-47.8889
-50.1667
-55.3333
-63.6667
-68.1111
-65.8889
-59.4444
-50.5556
-37.7778
-20.5556
-1.83333
11.6111
18.3889
32.7222
34.5556
33.9444
30.2222
21.3333
9.44444
-5.66667
-23.2222
-41.4444
-56.8333
-66.4444
-72.5
-75.9444
-78.3333
-77.8333
-74.2222
-69.9444
-68.3333
-67.7222
-64.9444
-63.5
-65.5
-69.5
-70.8333
-68.1667
-61.2778
-51.8889
-40.6667
-27.1111
-10.7222
4
11.5556
65.1667
67.7778
62.3333
50.2778
32.4444
11.3333
-11.7222
-33.3889
-52.2222
-65.9444
-73.3333
-78.6667
-82.8333
-85.6667
-84.8333
-80.8889
-76.7778
-73.7222
-69.9444
-64.5
-60.6667
-59.5556
-58.7778
-54.3333
-47.5
-38.8889
-29.8889
-22.6111
-16
-8.61111
0.0555556
5.66667
91.3333
93.7222
83.1667
63.9444
39.8889
14.6111
-10.1111
-30.4444
-45.5556
-55.3889
-60.7778
-65.7778
-71.4444
-76.1667
-76.5
-72.2778
-67.2222
-63.4444
-59.1111
-52.8333
-46.6111
-41.1111
-33.7222
-21.0556
-5
10.6111
22.6111
27.2222
25.1111
19.4444
14.6111
12.0556
90.8889
90.6667
77.6667
57.3333
36.3333
17.4444
2.22222
-7.11111
-11.2778
-13.6667
-17.8333
-23.8333
-31.0556
-39.5556
-45.4444
-45
-40.5
-36.9444
-34.6667
-28.8333
-19.3333
-8.38889
5.16667
23.5556
46
66.9444
82.8333
88.2778
82.3889
68.0556
50.3333
36.6667
62.0556
58.7778
47.2778
33.8333
25.2778
22.0556
24.0556
30.2222
38.7778
44.3889
40.9444
32.2222
21.9444
10.0556
-1.88889
-8.72222
-9.5
-8.72222
-8.66667
-3.27778
9.44444
25.3333
42.6111
61
80.5556
97.4444
109
114.111
111.389
99.8889
80.8333
61.9444
25.6111
20.5556
14
9.11111
12.7222
21.8889
35.9444
51.1667
64.5556
73.5556
72.2222
64.0556
53.5
42.2778
30.3333
18.8889
10.8333
7.11111
6.66667
12.1111
24.9444
40.6667
56
68.1667
77
81.6667
82.4444
83.5
86.4444
86.3333
78.9444
65.8333
-10.7778
-16.1111
-18.8889
-23.1667
-35
-56.3889
-76.5556
-83.7778
-72.8889
-52.4444
-33.4444
-20.6667
-12.3889
-6.22222
-2.44444
-2.11111
-3
-3
-0.888889
1
1.27778
0.444444
1.38889
4.11111
7.44444
8.77778
8.5
6.83333
4.77778
2.44444
-1.5
-6.27778
-10.8889
-20.2222
-28.9444
-38.4444
-49.2222
-61.4444
-69.2222
-67.9444
-57.3333
-42.6667
-30.1111
-20
-10.2222
-0.277778
6.27778
4.88889
-2.11111
-9.05556
-9.77778
-5.94444
-1.94444
-0.222222
1
3.77778
7.61111
10.2778
10.5
8.05556
4.94444
2.55556
-0.5
-4.72222
-10.9444
-24.3333
-37.3889
-51.7222
-63.7778
-69.8333
-64.9444
-52.5556
-38.2778
-29.0556
-23.5
-17.1667
-5.5
8.5
17.6667
14.3333
0.444444
-15.0556
-21.3333
-17.2222
-8.83333
-2.33333
1.22222
4.16667
7.83333
11.3333
12.6667
10.8889
6.55556
2.33333
-2.38889
-6.38889
-5.33333
-23.8333
-42
-60.4444
-72.8333
-74.1111
-62.2778
-44.2222
-27.9444
-19.8333
-16.6667
-11.1111
2.22222
18.8333
28.6667
22.8333
3.61111
-18.6667
-30.8889
-29.4444
-19.0556
-8.16667
-0.888889
3.83333
8.05556
11.7778
13.1667
11.6111
7.72222
3.16667
-2.44444
-7.44444
5
-18.6667
-43.6111
-67.8889
-79.6111
-75.4444
-57.3889
-37.7222
-22.1111
-14.8333
-10.2222
-2.38889
13.0556
30.1111
38.2222
29.1667
6.05556
-20.4444
-37.4444
-40
-30.6111
-17.4444
-6.5
1.05556
6.66667
10.9444
12.2778
10.6111
6.88889
3
-1.44444
-5.61111
19.2778
-10.2778
-43.5556
-75.5
-86.5556
-76.0556
-51.2778
-30.2778
-16.8333
-10.9444
-4.61111
7
25.1667
41.8333
46.2222
32.8333
7
-20.8889
-40.2778
-47.0556
-41.0556
-28.2778
-14.8333
-4.05556
4.16667
9.88889
11.5
8.83333
4
0.0555556
-2.33333
-3.55556
36.9444
2.05556
-40.3333
-81.4444
-94.3889
-78.6667
-47.5556
-24.3333
-12.8333
-7.66667
0.833333
16.1667
36.2222
51.7778
52.8889
36.2222
8.38889
-20
-40.2778
-49.7222
-48.1667
-38.7778
-25.6667
-12.4444
-0.833333
7.61111
10.7778
8.27778
2.5
-2.16667
-4.16667
-3.55556
57.0556
17.7778
-33.8333
-82.6111
-100.833
-82.3889
-48.9444
-23.3333
-12.1667
-5.05556
7
24.9444
44.9444
57.6111
56.0556
38.7778
11.8333
-16.1111
-37.6667
-49.6667
-52
-47.1667
-36.8889
-23.2222
-8.94444
2.38889
7.94444
7.72222
3.72222
-0.888889
-3.88889
-4.66667
72.2222
28.6667
-30.4444
-81.9444
-101
-81.1667
-48
-22.6667
-11.5556
-2.44444
12.6111
32.2778
50.6111
60.1111
56.4444
40.2222
15.2778
-11.7778
-34.6111
-48.6111
-53.7778
-52.5
-46
-34
-19.1111
-5.55556
2.11111
4.16667
3.05556
1.38889
-0.111111
-2.05556
81.2778
35.8333
-29.0556
-81.5
-96.7778
-74.5556
-42
-18.4444
-7.27778
3.05556
18.5
36.8333
52.3889
59.7778
56.1667
41.6667
18.1667
-8.83333
-32.2222
-46.6667
-54
-57
-55.2222
-45.3889
-29.2778
-13
-2.61111
1.38889
1.77778
2
1.88889
0.666667
88.2778
43.2778
-25.9444
-80.2222
-93.2778
-67.3333
-34.6111
-11.8333
-0.611111
11.2222
25.6667
40.1667
51.5
57.8333
56.1667
43.9444
21
-7
-31.2222
-45.5
-52.8889
-58.1667
-61.2778
-55.8889
-40.2222
-20.4444
-5.55556
0.888889
1.5
0.944444
0.611111
-0.222222
91.2222
50.4444
-20.1667
-75.1667
-88.3889
-60.5556
-27.5556
-3.83333
8.77778
20.9444
32.7222
42.1667
49.8889
55.8333
56.4444
45.2222
21.6111
-7.33333
-30.8333
-43.1667
-49.6111
-55.7222
-62.8333
-62.8889
-50.9444
-30.2778
-11
-0.222222
2.11111
0.666667
-1.38889
-3.38889
87.7222
54.1111
-11.7778
-64.7222
-78.3333
-51.6667
-18.7778
6.22222
20.5556
31.2222
38.5556
42.5
47.5556
53.2222
54.5
41.8333
16.1667
-12.5556
-31.6111
-38.0556
-41.3889
-48.2222
-59.1111
-64.6667
-58.6111
-41.3333
-20.6667
-5.44444
0.888889
0.611111
-2.61111
-5.94444
78.7222
53.8889
-2.55556
-51.5556
-63.2778
-39.8889
-7.27778
17.6111
33.0556
40.6111
42.4444
41.9444
45.5
51
49.6667
32.4444
3.94444
-21.5556
-32.3333
-30.2778
-29.2778
-36.2778
-50.5556
-61.8333
-62.7222
-51.1111
-31.7778
-13.6667
-3.44444
-1.05556
-3.77778
-6.83333
69.8889
55.3889
9.55556
-35.8333
-47.9444
-28.1667
2.88889
27.0556
42.5556
47.2222
44.1667
39.4444
42.3333
47.9444
43.7222
20.6667
-11.0556
-32.4444
-33.2222
-21.0556
-14.7222
-21.0556
-37.9444
-54.1111
-62
-57.7778
-42.1667
-23.1667
-9.22222
-4.11111
-5.88889
-8.55556
60.4444
55
21.5
-17.7778
-31.8333
-16.6667
11.0556
33.9444
47.7222
49.3333
42.5
34.4444
36.2778
42.1667
36.8333
9.83333
-25.1667
-43
-33
-8.94444
4.22222
-1.72222
-22.2222
-44.1667
-59.1667
-62.2778
-52.0556
-34.1667
-17.2222
-8.38889
-8.33333
-11.1111
47.4444
49.5
30.0556
2
-11.0556
-2.05556
19.1667
38.4444
49.1667
47.0556
36.3889
25.7778
26.7222
33.9444
30.7778
4.27778
-33.1667
-50.4444
-32.4444
4.16667
25.3889
18.3889
-8
-36.1111
-56.2778
-65.1111
-61.1111
-46.5
-28.2222
-14.6111
-11.1667
-12.7222
33.7778
40.7778
35.1111
21.0556
13.5
17.6667
29.8333
40.1111
44.6667
39.0556
26.8889
14.6111
14
22.8333
25.4444
5.66667
-31.3333
-52.6667
-35.6667
9.33333
42.3889
40.1667
9
-27.2778
-53.8333
-66.8333
-67.4444
-56.9444
-40.2778
-24.2778
-16.2222
-13.8889
22.8333
31.7222
35.3333
34.6111
35.8889
39.4444
42.5
41.5556
38.2222
29.7778
16
0.388889
-3.16667
9.11111
22.0556
13.9444
-18.8333
-45.6667
-37.6667
5.44444
47
55
26.4444
-15.2222
-48.2778
-65.5
-69.7778
-64.3889
-51.8333
-36.3889
-24.1667
-16.5556
15.7222
25.5556
34.2778
42.7222
51.4444
56.5
53.5
44
34.9444
25.6667
11.4444
-9.27778
-19.8333
-8.27778
14.6111
20.7778
-3.38889
-31.8333
-33.1111
0.5
40.3333
55.7778
37.3889
-0.5
-37.5556
-60.8889
-70.0556
-69.0556
-61.3889
-48.4444
-33.6111
-20.7778
11.7222
22
34.2222
48.1667
61.9444
67.5
60.5556
46.0556
35.1111
27.0556
12.8333
-12.1667
-29.7778
-21.6667
5.11111
21.3889
7.44444
-16.6667
-21.0556
4.11111
36.3889
48.9444
34.8889
3.22222
-30.5556
-56
-68.8889
-71.7222
-67.9444
-58.6111
-43.6667
-27
8.44444
19.3333
33.7778
51.5
68.7222
74.8333
65.6667
48.7222
37.6667
31.2222
17.3333
-10.2778
-32.3889
-26.7222
2.38889
25
16.2778
-7.05556
-15.6667
3.61111
30.7778
41.6111
29.8333
2.5
-28.3889
-53.8889
-68.8333
-73.2778
-71.3333
-64.4444
-51.7222
-34.6667
5.16667
16.3333
32.2778
52.9444
72.9444
79.7222
69.8333
51.7778
40.8889
35
21.7778
-5.94444
-30.1111
-27.5
-0.388889
23.9444
19.5
-1.66667
-13.3333
-0.944444
20.5556
31.7222
25.2222
3.72222
-24.4444
-50.9444
-66.3333
-70.7778
-68.0556
-63.6111
-54.6667
-40.8889
2.5
14
31.1667
53.5
73.8333
79.4444
68.7778
52.1111
43.7778
39.8333
27.2222
-0.0555556
-24.7222
-25.2222
-3.61111
17.0556
15.3889
0.555556
-8.38889
-2.16667
9.5
16.3889
15.3889
3.55556
-17.9444
-43.6111
-60.0556
-64.5
-60.7222
-57.3333
-52.7222
-43.5556
0.277778
13.1667
31.8889
54.7778
72.6111
74.3889
62.3333
47.9444
43.1111
41.5
31.4444
7.72222
-15.5556
-20.6111
-7.5
7.61111
8.22222
0.833333
-2.77778
1.22222
4.61111
4.5
3.5
-1.38889
-14.8333
-35.6667
-51.0556
-54.7222
-50.3889
-47.4444
-47.5556
-44.3333
-0.0555556
13.2778
32.3333
54.5
68.5
65.4444
51.0556
38.8333
37.1111
37.4444
29.3889
10.8889
-7.27778
-12.6667
-6.16667
2.55556
2.77778
-0.833333
-0.555556
4.88889
6.38889
0.666667
-6.88889
-12.7778
-19.4444
-31.5556
-41.5556
-42.7778
-35.7778
-31.8333
-36.0556
-41.1667
3.38889
14.6667
30.7222
48.4444
56.6667
49.4444
34.1111
24.3333
24.8889
27.5
23.1111
10.1667
-3.5
-8.22222
-2.61111
5.55556
5.94444
0.555556
-2.83333
-0.0555556
2.27778
-1.05556
-8.61111
-15.3889
-19.9444
-25.7222
-31.7778
-32.3333
-25.4444
-19.0556
-22.1111
-30.7778
8.72222
14.5556
24.2222
35.2778
37.6667
27.8889
13.8333
7.16667
10
15.0556
15.4444
9
-1.27778
-8.11111
-5.38889
4.88889
12.5556
10.5
2.5
-3.38889
-4.55556
-4.33333
-5.77778
-7.44444
-8.05556
-10.5556
-15.6667
-21.0556
-21.5556
-19.3889
-20.1667
-24.1111
14.1111
11.7222
13.0556
16.6111
15.6667
7.94444
-1.44444
-3.55556
0.555556
5.38889
6.33333
3.11111
-2.66667
-8.5
-7.16667
3.72222
17.4444
20.4444
10.3333
-2.61111
-6.94444
-2.22222
3.94444
8.16667
9
6.16667
-1.27778
-10.8889
-20.1111
-26.5556
-31.1667
-30.9444
18.5556
7.11111
-0.222222
-2.77778
-3.33333
-4.33333
-5.66667
-3.66667
-0.944444
0.222222
-2.83333
-7.61111
-12.7222
-15.8889
-11.7778
2.55556
21.0556
27.7222
17
1.5
-2.44444
7.61111
19.2778
24.8889
23.1111
16.3889
6.16667
-5.61111
-17.9444
-30.6111
-42.1111
-45.3333
21.8333
1
-14.7222
-20.9444
-17.6111
-9.38889
-1.72222
1.55556
0.444444
-3.27778
-8.16667
-14.4444
-22.2778
-27.7222
-22.2222
-2.83333
21.5
31.6111
21.2222
6.16667
5.55556
21.3333
36.2778
40.3333
33.5556
22.1111
9
-4.22222
-17.3889
-31.8889
-47.6111
-56.0556
23.3889
-6.11111
-28.8889
-36.5556
-28.1667
-10.7778
4.5
8.38889
1.77778
-8.22222
-14.8889
-18.8333
-25.1667
-32.6111
-29.6667
-9.22222
19.0556
32.7778
24.2222
11.4444
15.3889
35.8889
52.8889
54.6111
43.3333
27.2222
10.2222
-6.5
-21.8889
-37.3333
-52.7222
-62.8333
-20.5
-27.7813
-36.0938
-42.0313
-43.7188
-42.875
-40.9063
-36.3438
-28.4375
-17.4375
-4.5625
7.4375
16.25
21.3125
23.375
23.9688
23.75
22.0938
18.2188
12.1563
5.21875
0.28125
-1.90625
-2.125
-1.3125
0.125
1.78125
3.8125
6.09375
7.75
-33.4063
-37.625
-43.2813
-47.75
-48.5938
-47.1875
-44.4375
-38.3438
-28.4375
-15.9688
-1.9375
12.5
24.3438
32.4688
37.1563
38.8125
38.2813
35.3125
29.5
21.125
11.9063
4.90625
1.15625
0.09375
0.46875
1.25
1.65625
1.875
2.6875
3.40625
-42.3438
-42.5
-43.6875
-44.0313
-43.25
-41.9063
-39.2188
-32.2813
-21.2813
-8.34375
4.96875
18.2813
30.5625
40.7188
47.6563
50.625
49.9375
46.0938
39.125
29.8125
19.6875
11.0938
5.53125
2.96875
2.1875
1.75
0.84375
-0.3125
-0.75
-1
-42.5625
-38.4375
-35.4375
-32.2813
-30.25
-29.7813
-29.1563
-23.7813
-13.2188
-0.625
11.2813
22.0313
31.8125
41.9375
50.8438
55.375
54.8125
50.625
43.9063
35.5938
27
18.0938
9.96875
4.84375
2.21875
0.28125
-1.6875
-3.53125
-4.375
-4.6875
-34.625
-26.3125
-19.3125
-13.9375
-12.0313
-13.25
-15.3438
-13
-4.9375
5.75
15.4375
23.4688
30.7188
39.4063
48.6875
54.7188
55.375
51.6875
45.9063
39.375
32.875
24.8438
15.125
6.5625
0.59375
-3.71875
-6.625
-8.4375
-9.1875
-9.125
-25.5
-15.0938
-5.28125
1.4375
2.46875
0.34375
-2.53125
-2.3125
3.6875
11.7188
18.8438
24.5313
30.5
38.1563
46.1875
52.625
55.2188
53.4063
49.0938
44.125
38.5625
30.875
21
10.375
1.15625
-5.375
-9.0625
-10.5
-10.8125
-10.375
-18.4688
-8.59375
1.75
8.125
8.46875
7.03125
5.8125
6.59375
12
17.8125
22.875
27.3438
32.9063
39.3125
45.4688
50.9063
54.6875
55.375
53.5313
49.9375
44.5313
37.3438
28.5625
18.0313
7.5
-0.6875
-5.46875
-7.1875
-7.5
-7.28125
-17
-9.875
-0.1875
5.78125
7.0625
7.875
10.9063
14.9063
20.875
25.3125
29.0625
33.4063
39.5625
45
48.2188
51.375
55.375
58.2813
58.7188
56
49.8438
42.6875
35.7813
26.9063
16.625
7.65625
1.90625
-0.71875
-1.90625
-2.34375
-22.6563
-18.4063
-9.65625
-2.8125
1.0625
5.65625
14.1563
22.5
30.3438
34.5313
37.5
41.6875
47.4688
51.875
52.9063
53.0625
55.1875
59.0938
61.4375
59.6875
53.5
46.1563
40.125
33.8125
26.125
17.7188
10.9688
7.1875
5.1875
3.78125
-32.8125
-31.25
-23.7813
-15.4375
-7.34375
1.34375
13.5625
26.1875
35.4375
40.7188
44.3125
48.4688
52.0625
53.4688
53.0313
51.7188
51.3438
54.1875
57.4688
57.0625
52.7813
47.125
41.4375
36.25
31.3438
24.4375
16.8125
11.7188
9.03125
7.15625
-44.75
-43.2188
-36.3438
-25.9063
-13.375
-1.1875
12.0625
25.5
34.875
41.1875
46.1563
50.4688
51.6875
49.25
46.0625
43.9375
42.6875
43.9688
46.2188
47.0313
46.25
44.0313
40.0938
35.5
31.4688
26
18.8125
12.4688
8.28125
6.15625
-55.7188
-52.5938
-46.4375
-34.8438
-19.375
-4.34375
8.75
20.5313
29.1875
36.4375
42.5938
46.5313
45.0938
39.0313
33.0938
29.9063
28.1563
28.125
29.4375
31.9688
35.6875
38.4375
38.0313
35.2813
32.0625
27.5625
20.75
13.125
7.125
3.75
-63.0313
-59.3438
-54.3438
-43.2188
-26.0313
-8.78125
4.3125
14.3438
21.0313
27.9688
34.25
36.5938
32.0625
22.0313
12.4063
7.8125
6.09375
5.28125
6.0625
10.7813
19.4063
28.375
33.875
34.2813
31.8438
28.3438
22.5625
14.0938
5.75
0.53125
-62.875
-58.25
-53.4063
-43.2813
-26.5625
-8.21875
5.3125
13.1875
17.1875
21.0625
24
23.0313
15.7188
2.78125
-10.7813
-18.4063
-20.0938
-19.7188
-17.625
-10.8438
1.53125
16.1563
28.375
33.6563
32.5313
29.4688
24.8125
16.4688
6.375
-1.1875
-55.0938
-50.1563
-44.6563
-35.4375
-20.7188
-3.34375
10.75
17.5625
18.5
17.3438
14.3125
8.71875
-0.65625
-13.4688
-27.4688
-36.8438
-38.6563
-35.7188
-29.6563
-20.625
-7.375
9.21875
25.125
34.5
35.5625
32.5313
27.4688
19.8125
10.2813
1.15625
-42.2188
-37.125
-30.125
-21.0625
-8.46875
6.3125
19.4063
25.3438
23.2188
15.7813
5.5625
-4.71875
-14.9688
-25.4375
-36.8125
-45.75
-47.3125
-41
-30.1875
-19.0938
-6.90625
7.84375
23.4375
35
38.5938
35.6563
29.8125
22.8125
14.7813
5.96875
-27.625
-21.7188
-13.3125
-4.03125
5.96875
17.3125
28.0938
32.75
28.0625
15.1563
-0.78125
-13.9375
-22.7813
-28.8438
-35.5625
-42.0313
-41.6875
-32.1563
-17.5625
-5.4375
3.90625
14
25.8438
36.7188
41.625
39.1563
32.4063
25.5938
19.125
11.4375
-16.9375
-11.0938
-2.5
6.21875
13.9375
22.0938
30.8438
35.5
31.4063
17.5625
0.28125
-12.625
-18.375
-18.9063
-19.7813
-22.5313
-21.2813
-12.1563
1.96875
13.6875
20.1563
23.9063
29.125
36.9375
42.2813
41.4375
35.5938
28.6875
22.7813
16.6563
-11.875
-7.46875
-0.375
6.78125
12.6875
18.9688
26.5938
32.625
31.7188
22.1563
8.8125
-1.4375
-4.875
-2.53125
0.25
0.21875
1.3125
7.15625
16.5
25.9375
31.7813
32.1563
31.5313
35.3438
40.4688
41.1875
37.7188
31.6563
24.9375
19.5
-9.34375
-7.6875
-3.84375
0.59375
4.59375
10.2188
18.0313
26.0938
29.8125
27.7188
22.4063
18.0313
17.6875
20.4375
23.6875
25.5625
26.5625
27.3438
29.875
34.6563
38.75
38.5625
35.4063
34
36
38.6875
38.375
33.6563
26.5938
20.5625
-6.75
-7.65625
-6.84375
-5.5
-2.90625
2.21875
9.6875
18.7813
27.125
33
35.6875
37.0313
38.1875
39.875
42.5313
44.625
43.75
39.0625
34.4063
33.7188
35.7188
35.25
31.1563
26.25
24.8438
28.3438
32.3125
31.0625
25.9063
21.125
-2.1875
-4.1875
-5.375
-6.28125
-5.375
-1.84375
3.375
9.8125
17.4375
26.6875
34.4688
38.9688
40.4063
40.75
42.5
44.75
43.7813
37.3438
28.9688
23.5625
22.3125
21.625
18.2188
12.0938
8.78125
11.5625
17.6563
21.4375
21.1875
19.4688
4.65625
2.59375
0.28125
-2.21875
-3.25
-2.65625
-1.8125
-1.125
1.90625
8.3125
15.5313
20.8438
23.0625
23.5
25.3438
27.9688
26.8438
20.75
12.75
5.21875
-0.3125
-2.71875
-4.59375
-9.15625
-11.5938
-7.03125
1.15625
9.09375
15.0625
17.8125
13.4688
12.0938
9.0625
4.78125
0.9375
-3.09375
-8.28125
-14.4375
-18.3125
-17.9063
-15.1875
-13.6563
-13.6563
-13
-10.125
-7.6875
-8.90625
-13.7813
-20.4688
-27.0938
-33.2813
-37.6563
-39.7188
-40.875
-39.5313
-33.0625
-21.9375
-8.59375
3.78125
12.7813
28.6563
27.0938
21.7813
14.375
5.25
-5.625
-18.1875
-31.6875
-42.9688
-49.5313
-52.25
-55.0938
-56.625
-55.125
-51.0625
-47.9375
-48.0938
-50.3438
-53.5938
-57.0625
-61.625
-65.3125
-66.75
-64.4688
-59.0938
-51.25
-40
-24.2813
-7.84375
4.65625
50.5
46.7813
37.25
24.8125
9.625
-8.53125
-28.2813
-47.0313
-62.125
-72.9063
-80
-86.0313
-88.5
-86.1563
-80.6875
-76.9063
-76.5
-76.4375
-75.375
-73.5313
-73.2188
-73.1875
-71.2188
-64.6563
-55.125
-45.3125
-34.75
-21
-6.1875
5.1875
72.4688
66.0938
52.4063
35.375
15.4688
-7.09375
-30.4375
-50.8125
-66.0625
-76.7188
-84.5938
-92.5625
-96.9688
-95.5
-90.2813
-86.3438
-85.0313
-83.7188
-80.25
-73.4688
-66.4063
-60.6875
-54.625
-44.3125
-31.5
-20.4063
-10.9063
-1.4375
7.6875
14.5625
86.7188
78.4063
63.3438
45.5313
25.2813
3.40625
-18.25
-35.8438
-48.1875
-56.7813
-64.4063
-73.2813
-79.5625
-80.375
-77.4063
-74.7188
-73.3125
-70.5313
-64.0625
-52.8438
-39.8125
-27.8125
-16.4688
-2.4375
13.0625
24.9688
32
34.8438
35.0938
34.2188
82.5313
74
61.7188
47.9375
33.5625
18.4063
4.5
-5.25
-11.0625
-15.625
-22.4375
-31.9063
-40.8438
-45.3125
-46.0625
-46.5938
-46.8438
-43.4063
-34.8125
-20.5
-3.15625
13.1875
28.8438
45.8125
63.6563
76.75
82.375
80.375
72.25
63.2813
60.0938
53.9063
47.3438
41.2188
35.9688
31.0313
27.5938
26.5938
27.1875
26.8125
21.9063
12.5625
1.59375
-6.90625
-12.3125
-15.8125
-17.2813
-14.5938
-6.21875
7.75
24.8438
41.1563
56.4375
71.9063
87.3438
99.125
104.156
100.625
90.4688
78.375
-27.375
-39.2188
-50.4688
-62.8438
-75.7188
-83.4375
-83.2188
-73.7188
-57.375
-39.5
-22.3125
-7.75
3.25
8.1875
5.6875
-1.53125
-9.875
-14.2813
-13.2188
-9.09375
-3.90625
0.84375
5.53125
9.6875
12.1875
13.0625
10.4688
5.8125
0.71875
-5
-28.3438
-47.5
-63.7188
-74.25
-79.8438
-78.3125
-70.25
-59.4688
-46.3125
-32.0313
-17.0625
-1.5
11.4688
16.9063
12.5938
0.625
-13.2188
-21.625
-22.3125
-16.6875
-8.59375
-1.46875
4.96875
9.84375
12.7188
13.875
11.5313
6.6875
1.1875
-4.65625
-24.4063
-51
-73.3125
-85.9688
-87.3125
-77.4063
-61.4688
-45.9063
-33.2813
-21.4688
-8.15625
6.96875
20.4375
25.5938
19.1563
3.1875
-15.3125
-28.2813
-31.75
-26.25
-16.1875
-6.09375
2.46875
8.46875
11.75
12.9375
11.3438
7.3125
2.4375
-2.8125
-17.625
-50.4375
-78.4375
-92.8438
-91.75
-77.0938
-56.3438
-37.7813
-23.7188
-11.5625
2.34375
17.8438
30.5
33.9375
24.9063
5.625
-16.1875
-32.8125
-39.9688
-36.6563
-26.8125
-14.8438
-3.28125
5.28125
10.2813
12.1563
10.75
7.46875
3.375
-1.1875
-9.375
-48.4375
-82.3125
-98.25
-94.3438
-76.25
-52.2188
-31.6875
-16.375
-2.25
13.8125
30.4688
42.5938
43.3438
30.75
8.03125
-17.0625
-36.375
-46.2188
-45.8125
-37.75
-25.7188
-12.375
-0.6875
7.21875
10.9063
10.3125
7.125
3.3125
-0.625
-0.5
-45.9688
-84.4063
-102.25
-94.9063
-73.9688
-47.9688
-25.8125
-9.875
6.21875
24.5313
42.5313
54.625
53.5313
37.4375
11
-17.7188
-40.1563
-51.9063
-53.25
-47.125
-35.875
-21.875
-8.375
2.40625
8.375
8.8125
5.8125
1.75
-2
5.90625
-44.5938
-85.375
-102.75
-91.5938
-67.5938
-40.875
-18.9063
-3.5
13.0625
32.5
51.2813
63.4063
61.625
43.7813
14.7813
-17.125
-42.875
-56.8438
-59.625
-54.7813
-44.5313
-31
-16.9063
-4.1875
4
6.09375
4.1875
0.4375
-3.21875
15
-39.4375
-83.5
-101.156
-88
-61.6875
-33.9063
-11.8438
3.375
19.625
38.5
56.2188
67.125
65
47.4688
18.5625
-14
-41.9063
-58.9688
-64.75
-62.3438
-53.875
-41.1563
-26.4688
-12.1875
-1.65625
3.09375
3.21875
0.71875
-2.34375
27.9688
-29.9688
-78.0313
-98.5
-85.375
-57.5938
-28.7188
-5.1875
11.0313
26.9688
44.4375
59.625
67.9688
65.125
48.7813
21.5
-10.0625
-38.6563
-58.5
-68
-68.9375
-63.2188
-52.1875
-37.1875
-21.25
-8.59375
-0.78125
2
1.0625
-0.46875
38.75
-20
-70.7188
-93.5
-80.7188
-51.9063
-21.5625
3.3125
19.9375
34.9063
50.25
62.5313
68.25
64.0313
47.7813
22.3438
-7.34375
-34.6875
-54.9063
-67.75
-72.7188
-70.9375
-63
-48.4375
-30.8438
-15.5
-4.75
0.46875
0.71875
-0.40625
45.5
-10.6563
-61.5938
-85.3438
-72.875
-43.875
-12.1875
13.5625
29.5625
42.5
54.9688
64.5313
68.0625
61.75
43.8125
18.5625
-9
-32.2188
-48.6563
-61.2813
-69.5
-73.1563
-70.2813
-58.6875
-41.2813
-23.4375
-9.9375
-2.28125
-0.65625
-2.21875
47.9688
-2.59375
-49.6875
-72.4063
-60.5625
-32.5313
-1.4375
23.9063
38.3125
48.6875
58.0313
64.9688
66.7813
58.2188
37.5938
11.1563
-14.7813
-32.75
-42.25
-50.6563
-59.5625
-68.3125
-72.2188
-66.3438
-51.8125
-33.125
-17
-6.6875
-3.125
-4.6875
46.3438
3.59375
-36.0938
-54.9063
-43.0313
-16.5313
11.8125
34.0938
45.0313
51.5313
57.1875
61.7813
62.125
51.9688
29.5938
1.9375
-22.4688
-35.0313
-37.125
-38.8438
-44.9063
-56.6875
-67.0625
-68.7188
-60.2188
-43.5938
-26.375
-13.2813
-7
-7.21875
44.0625
10.1875
-22.0938
-35.7188
-24.25
0.53125
25.875
43.625
50
51.125
52.25
54.3438
53.3438
42.2813
19.7188
-7.65625
-28.9688
-34.7188
-29.25
-24.8438
-28.0313
-42.0938
-58.6875
-67.6563
-65.9688
-53.7188
-37.25
-22.0313
-12.625
-10.125
46.2188
21.0313
-5.40625
-16.8125
-7.84375
13.2813
35.4375
49.4375
52
48.4063
45
44.7813
43.2813
33.0938
11.9063
-13.7813
-31.2188
-31.0938
-18.7813
-9.625
-12.4375
-29.2813
-51.5
-66.75
-70.1875
-62.0313
-47.6563
-31.9375
-20.2188
-14.8438
48.4063
32.1875
12.875
3.25
9.09375
24.375
40.7188
50.0313
48.9063
42.0313
35.875
34.7813
33.9063
26.25
7.875
-16.3125
-31.1875
-27.25
-9.5625
5.53125
4.78125
-14.6563
-42.6875
-65.125
-74.2813
-69.8438
-57.4375
-42.25
-29.4063
-21.4688
45.75
39.5313
29.25
24.2813
28.1563
37.125
46.5313
49.25
43
32.4688
23.5313
22.1875
24.3438
21.0938
6.625
-15.3438
-29.5625
-24.2188
-2.5
18
21.0938
1.75
-30.4688
-59.9063
-76.0625
-76.9063
-67.7188
-53.4063
-39.75
-29.4375
40
43.2188
42.625
43.4688
47
50.7188
53.2188
50.1875
39.9688
25.6875
13.0313
9.5
12.125
12.9688
4.09375
-14.1563
-26.4688
-21.1563
1.28125
25.4375
32.5313
16.2813
-16.0625
-50.1875
-73.4063
-81.25
-76.9688
-64.9375
-50.8438
-38.0313
33.75
44.0938
52.25
59.1563
63.5625
63.4688
60.1563
52.3125
38.8438
22.0938
6.0625
-1
0.6875
3.90625
0.5
-11.9063
-20.4375
-14.4688
6.6875
30.4375
38.5313
24.0313
-7.15625
-42.2813
-69.5313
-83
-83.4688
-74.7813
-61.6875
-46.9375
29.6563
44.4375
58.6563
70.0313
75.5313
73.4688
66.3438
55.1563
39.375
19.9063
0.78125
-8.46875
-6.875
-0.125
1.875
-6.5625
-13.875
-9.53125
9.25
31.5313
40.0625
27.6875
-2.34375
-37.6875
-66.8125
-84.25
-88.4375
-82.2188
-70.0938
-54.875
27.875
46.0313
64.1563
77.75
83.4688
79.5313
69.5625
56.8438
39.8125
18.6875
-2.375
-13.8438
-12.25
-2.25
4.59375
0.1875
-6.3125
-5
9.40625
28.1563
35.4063
24.875
-2.21875
-35.375
-63.5313
-81.7813
-88.25
-84.25
-73.7188
-59.5
26.6875
47.875
68.875
83.4063
88
81.5938
69.0625
55.625
39.25
18.8125
-2.28125
-14.9063
-13.9688
-2.5625
7.375
6.125
0.09375
-2.28125
6.21875
20.1875
25.9375
17.75
-4.59375
-33.1563
-58.2188
-75.25
-82.5313
-80.875
-73.125
-60.9063
24.9688
48.2813
71.0313
85.7813
89
80.4688
66.25
52.625
37.5938
19.25
-0.46875
-13.4063
-13.5
-2.75
8.28125
9.28125
3.71875
-0.875
2.5625
12.2188
17.6875
11.9688
-5.34375
-29.0313
-51.2813
-66.2188
-73.3438
-73.4688
-68.8125
-60.5625
23.1563
46.3438
68.25
81.6563
83.4375
74.2813
61.2813
49.8125
37.4375
21.7813
3.3125
-10.4063
-12.4063
-4.375
5.6875
8.875
5.28125
0.84375
1.28125
5.78125
8.71875
4.65625
-8.09375
-26.375
-44.4688
-56.5
-61.9375
-61.5938
-58.5313
-54.9063
22.5938
42.2813
59.9688
69.5625
69.1875
60.4375
50.3125
43.25
35.9063
24.6563
8.8125
-5.40625
-10.9375
-6.9375
1.4375
6.5
6.46875
3.65625
1.90625
1.8125
1.0625
-2.5625
-11.125
-23.9063
-37.5313
-47.1875
-51.4375
-50.7188
-47.4063
-45.4063
21.5625
34.8438
46.375
51.4375
49.0625
41.6563
34.7813
31.8438
29.25
22.9063
11.375
-0.96875
-7.375
-5.84375
1.0625
7.09375
8.875
7.3125
4.3125
1.40625
-1.03125
-4.3125
-9.28125
-16.9688
-26.6875
-35.375
-41.9375
-44.0625
-43.3125
-42.375
18.7188
24.7188
30.4063
32.375
30.3438
25.5938
21.9375
20.9375
19.875
15.4688
7.03125
-1.5
-5.53125
-2.5625
4.90625
10.7188
11.4688
7.96875
3.375
0.90625
1.40625
2.6875
2.125
-2.9375
-11.375
-20.9688
-31.3438
-38.4375
-42.875
-46
14.9063
14.4688
16.2188
17.6563
17.7188
15.9688
14.375
13.2188
10.4375
5.09375
-2.84375
-10.4688
-12.125
-6.375
3.90625
13.4688
16
11.9063
6.0625
3.65625
7.125
12.4375
15.4688
12.375
3.75
-6.90625
-19.25
-30.7813
-41.4063
-49.4063
10.2813
3.6875
3.21875
6
9.125
10.7188
9.875
7.5625
3.125
-3.5625
-11.75
-19.7813
-21.5938
-14
-0.4375
13.3438
19.6563
17.4063
12.5
11.9375
18.0313
25.3125
28.7813
24.875
14.8438
2.5625
-11.0625
-24.75
-39.9375
-52.7188
4.59375
-8.46875
-11.2188
-6.15625
1.03125
6.78125
7.09375
2.96875
-3.25
-10.8125
-18.3438
-25.125
-26.8438
-19.0938
-4.125
12
21.4688
22.5938
20.9063
23.4375
31.7813
39.4063
40.9375
34.0313
21.0938
6.75
-7.96875
-22.6875
-39.0313
-54.75
6.625
6.375
4.20833
0.208333
-3.16667
-3.70833
-2
-0.583333
1.875
5.125
7.45833
5.79167
1.25
-2.16667
-4.5
-5.75
-6.5
-6.54167
-5.75
-3.75
-1
1.70833
3.95833
5.70833
7.16667
8.08333
8
6.83333
5.79167
4.91667
3.95833
3.04167
9.25
12.0833
14.2083
12.75
8.79167
5.125
3.125
0.916667
-0.541667
0.0416667
2.08333
2.33333
-0.791667
-6
-11
-12.6667
-12.5833
-11.7917
-10.125
-7.04167
-3.29167
-1.25
-0.208333
0.958333
1.70833
1.83333
2
3.20833
4.66667
6.08333
7.41667
8.25
9.45833
11.5
14.6667
16.3333
15.3333
11.8333
7.45833
3.20833
-0.583333
-3.16667
-4.125
-3.875
-4.625
-7.875
-12.25
-15
-15.2083
-14.2083
-12.25
-9.625
-6.66667
-5.125
-5.25
-5.79167
-7
-8.29167
-8.79167
-7.66667
-4.95833
-1.79167
1.58333
4.54167
4.5
0.166667
-1.66667
-2.29167
-2.58333
-3.70833
-4.5
-4.54167
-4.91667
-5.41667
-6.25
-5.25
-3.70833
-2.75
-2.16667
-3.875
-5.58333
-5.79167
-5.58333
-6.20833
-7.25
-6.54167
-5.20833
-5.20833
-5.95833
-6.375
-6.58333
-6.95833
-6.625
-5.33333
-3.95833
-2.33333
-0.833333
-9.95833
-17.8333
-22.6667
-24.375
-22.1667
-17.8333
-12.25
-7.375
-4.41667
-3.16667
-2.625
-0.958333
2.54167
7.25
8.875
7.41667
5.91667
4.08333
0.875
-3.41667
-4.5
-2.125
0.125
2.33333
4.66667
6.625
7.75
6.91667
5.54167
3.25
0.583333
-1.95833
-5.875
-12.9167
-18.1667
-20.125
-18.4583
-14.5833
-10.375
-5.91667
-3.16667
-1.45833
-1.66667
-1.45833
1.25
5.29167
8.66667
9.5
7.79167
5
1.91667
-1.125
-2.58333
-1.29167
2.20833
6.25
9.41667
11.75
13.75
14.25
12.4583
9.75
6.29167
-3.625
-0.916667
-1.29167
-2.625
-2.41667
-3.04167
-2.25
-2.125
-2.04167
-1.45833
-1.125
-1.16667
-1.625
-1.45833
-1.08333
1.29167
3.41667
2.25
-0.791667
-2.95833
-3.5
-4.625
-5.54167
-3.29167
-0.166667
1.5
1.83333
1.375
1.66667
1.125
0.916667
1.08333
-5.83333
-3.91667
-0.458333
1.33333
2.625
1.95833
0.5
0.5
-1.25
-1.25
-1.125
-0.208333
-0.0416667
-1.58333
-4.33333
-4.58333
-2.66667
-2.66667
-5.16667
-6.79167
-5.83333
-6.54167
-9.75
-11.0417
-9.95833
-9
-9.33333
-10.7917
-11.9583
-11.5
-9.79167
-7.125
-3.29167
-0.125
3.16667
5.25
5.25
3.75
-2.04167
-4.5
-6.58333
-7.08333
-6.33333
-4.375
-2.33333
-2.25
-4.16667
-6.20833
-5.41667
-3.66667
-3.41667
-4.04167
-3.375
-3.08333
-5.70833
-10.0417
-12
-11.2917
-10.25
-9.54167
-10.0417
-9.625
-8.33333
-6.41667
1.875
11.7917
14
14.9167
13.25
10.2083
2.54167
-6.58333
-9.91667
-12.25
-12.25
-10.8333
-7.58333
-4.20833
-1.83333
-1.625
-2.29167
-0.583333
2.79167
4.08333
2.91667
2.83333
3.25
0.333333
-3.95833
-5.08333
-3.41667
-1.29167
0.208333
0.416667
0.125
-0.25
7.66667
13.125
13.1667
10.875
7.5
6.125
5.75
-0.666667
-4.04167
-6.70833
-7.66667
-8.20833
-7.5
-4.41667
0.541667
3.79167
2.70833
2.16667
5
7.08333
5.33333
4.16667
6.04167
7.16667
4.70833
2.08333
1.75
2.20833
3.54167
4.08333
3.33333
1.83333
11.9167
3.875
2.29167
-1.5
-4.79167
-4.04167
2.16667
6.625
6.29167
5.75
4.58333
2.70833
0
-0.458333
2.625
5.54167
5.45833
3.91667
4.25
5
3.125
0.291667
0.375
2.625
3.16667
1.33333
-0.458333
-1.20833
-1.29167
-0.583333
-0.375
-0.333333
10.5
2.5
1.25
0.875
0.166667
-0.916667
1.125
7.25
10.5417
12.0417
10.7917
9
6.95833
5.33333
5.25
7.54167
11.0417
11.9167
10.75
9.95833
8.25
2.375
-3.66667
-4.70833
-3
-2.70833
-3.33333
-2.70833
-1.625
-0.791667
0.208333
1.41667
4.95833
6.70833
6.66667
9.20833
9.75
5.25
0.583333
0.5
3.875
6.08333
6.45833
6.375
7.25
7.5
6.91667
9.41667
16.1667
21.4583
20.7083
19.0417
18.5833
13.1667
2.54167
-4.20833
-3.95833
-2.33333
-2
-0.791667
2.08333
3.875
5.16667
5.54167
-2.875
2.95833
4.54167
6.45833
6.5
2.5
-3.08333
-6.08333
-5.29167
-2.91667
0.75
3.83333
6.91667
8.91667
9.70833
10.2917
13.375
19
21.0833
19.7083
18.875
18.2917
12.9583
4.125
-1.04167
-1.625
-1.54167
-1.54167
-0.375
1.66667
3
3.08333
-10.875
-7.25
-5.375
-5
-4.625
-4.375
-6.20833
-7.70833
-8.04167
-5.625
-0.541667
5.70833
10.7917
13.7083
15.25
14.0833
10.7083
9.375
10.8333
10.5417
8.58333
10.375
13.2917
9.54167
1.79167
-2.08333
-2.41667
-3.20833
-4.95833
-4.33333
-3.08333
-2.58333
-13.3333
-14.75
-15.3333
-16.2917
-15.4583
-12.4583
-9.66667
-7.75
-6.54167
-4.58333
-1
5.375
10.5833
12.875
12.8333
10.8333
5.41667
-2.91667
-8.54167
-9.83333
-10.625
-8.375
-2.20833
1.41667
0.291667
-2
-1.79167
-2.125
-4.5
-5.125
-3.875
-3.16667
-8.70833
-12.125
-14.4583
-16.3333
-16.7083
-14.5417
-10.625
-7.16667
-4.54167
-2.79167
-0.916667
1.75
3.66667
3.41667
-0.166667
-5.83333
-11.5833
-18.75
-26.2083
-29.2083
-27.4167
-22.2083
-15.3333
-8.5
-3.33333
-2.20833
-1.83333
-1.125
-1.75
-3.04167
-3
-1.75
-2.58333
-2.79167
-2.79167
-3.41667
-4.25
-3.75
-1.875
-0.708333
-0.25
0.416667
1.375
0.666667
-1.04167
-3.08333
-7.04167
-13.5
-19.2917
-20.8333
-19.9583
-19.75
-16.2083
-10.7083
-6.04167
-1.79167
0.375
-0.25
-2.79167
-2.5
-0.75
-1.91667
-3.58333
-2.33333
-0.291667
1.95833
5.16667
7.875
10.2083
11.7083
12.5833
11
7
2.83333
-0.833333
-5
-9.04167
-10.7083
-10
-8.625
-9.45833
-8.83333
-3.375
3.08333
7.91667
8.875
8.91667
10.7917
10.0833
5.41667
-0.916667
-3.33333
-1.5
-1.16667
-2.45833
-2.25
-1.29167
-0.166667
2.5
6.66667
11.625
15.4583
16.75
15
10.25
2.41667
-7.79167
-18.0833
-24.6667
-25.6667
-21.2917
-13.25
-6.5
-3.75
-2.125
2.20833
5.33333
4.08333
2.33333
4.875
9.04167
8.41667
3.75
-0.875
-1.625
-0.625
-1.08333
-2.04167
-3.25
-4
-4.20833
-2.20833
1.08333
4.45833
5.66667
5.625
5.20833
2
-5.41667
-15.5833
-22.75
-25.375
-24.7917
-21.4583
-14.9167
-9.29167
-9.33333
-12.5833
-14.7083
-14.4167
-14.2917
-13.0417
-6.83333
2.25
6.95833
3.79167
-0.458333
-0.583333
-0.583333
-2.83333
-3.875
-5.5
-7.33333
-7.83333
-7.58333
-6.83333
-6.29167
-4.125
0.0833333
4.33333
6.58333
6.75
5.16667
1.125
-5
-9.83333
-9.875
-6.83333
-4.16667
-4.66667
-6.125
-4.58333
-2.125
-2.70833
-3.54167
2.91667
11.625
11.75
4.79167
0.958333
0.458333
-2.625
-1.20833
-2.625
-4.70833
-6.33333
-7.5
-8.04167
-7.04167
-2.70833
3.66667
10.875
18.1667
25.5
30.0417
30.0417
26.625
22.2917
18.7917
18.1667
21.6667
26
28.5
30.4167
33.7083
34.2083
28.9583
23.375
21.7083
21.0417
15.125
6.5
1.95833
-0.916667
0.333333
-0.125
-1.25
-2.70833
-3.20833
-2.70833
0.458333
5.625
11.4167
17.8333
24.3333
30.1667
34
37.5833
40.75
40.5833
37.375
35.625
35.8333
35.5417
35.2917
35.4167
36.5
36.625
34.2917
26.75
18.0833
14.9583
13.9167
7.70833
1.54167
0.583333
-6
-5.91667
-4.66667
-3.70833
-1.75
1.125
5.5
9.25
12.2083
15.125
17.7083
20.2083
21.625
23.2917
25.1667
25.6667
24.5833
22.2917
18.6667
14.2083
10.5
7.45833
4.45833
2.54167
3.16667
2.79167
0.791667
-0.291667
1.66667
2.45833
0.208333
0.875
-19.7083
-20.375
-17.25
-12.5833
-7
-1
4.375
7.25
8
7.29167
6.16667
6.33333
7.54167
7.75
6.91667
7.125
8.08333
6.95833
3.45833
0.541667
-1.54167
-4
-7.58333
-9.83333
-9.125
-6.08333
-1.95833
1.20833
3.41667
6.91667
7.41667
5.95833
-28.625
-29.875
-26.25
-19.125
-11.5417
-4.08333
2.16667
5.58333
6.125
4.25
2.125
1.25
2.16667
2.75
2.29167
1.83333
1.91667
1.58333
0.416667
-0.208333
-0.625
-1.58333
-4.20833
-8.75
-13.5417
-16.4583
-16.2917
-11.8333
-5.75
1.5
7.33333
8.125
-15.25
-14.3333
-10.875
-5.91667
-2.5
-0.875
-1.41667
-3.58333
-7
-10.125
-11.6667
-12.375
-12.0417
-10.6667
-9.33333
-9.95833
-11.625
-12.2917
-11.625
-11.625
-13.4167
-16.9583
-22
-29.4583
-39.5417
-48.7083
-55.375
-55.375
-47.125
-35.375
-21.5833
-11.3333
15.0833
18.3333
19.4167
16.625
10
-0.291667
-13.0417
-26.125
-37.7083
-43.7083
-43.5
-41.9167
-40.7083
-37.2083
-31.5
-27.8333
-27.4583
-26.9583
-24.5
-23.875
-27.1667
-32.5833
-37.9583
-41.125
-43.875
-46.4583
-49.0417
-52.25
-52.5417
-47.7083
-38.8333
-28.9583
31.9583
33.9583
30.5417
22.0417
8.79167
-6.25
-21.5833
-34.9167
-45.4167
-52.3333
-52.2083
-48.6667
-45.4167
-42.2917
-36.5417
-28.2083
-21.875
-19.2083
-17.625
-17.25
-19.3333
-21.6667
-22.0833
-17.75
-9.20833
0.25
9
10.6667
3.08333
-6.33333
-12.7083
-14.5833
23.5417
23.4583
18.75
13.0417
5.66667
0.125
-4.04167
-4.625
-2.25
-2.5
-5.625
-7.45833
-7.45833
-10.5
-14.3333
-12.1667
-4.83333
-0.416667
-1.54167
-2.20833
-0.666667
1.75
5.66667
11.5833
20.9583
32.0833
42.3333
48.0833
45.2083
33.1667
19.25
10.625
4.625
3.5
0.0833333
2.08333
12.7083
19.0417
12.625
-2.08333
-15
-16.5
-9.79167
-5.33333
-5
-4.16667
-1.125
1.25
1
-0.916667
-2.375
-1.25
1.25
1.08333
-1.91667
-3.16667
-1.45833
-0.166667
0.625
1.70833
1.41667
1.29167
3.20833
4.41667
6
6.33333
5.95833
5.5
8.54167
9.5
3.125
-5.20833
-10.6667
-10.7083
-6.54167
-5.04167
-7.54167
-7.625
-2.375
4.33333
7.41667
3.70833
-3
-4.66667
-1.29167
0.5
-1.45833
-3.04167
-2.41667
-1.41667
0.75
3.08333
2.16667
0.458333
2.16667
4.625
8.70833
7.875
9.54167
9.95833
7.70833
1.45833
-7.66667
-12.0417
-8.58333
-3.41667
-2
-5.25
-10.5
-11
-3.375
7.625
14.1667
10.0417
-1.125
-7.5
-5.66667
-2.25
-1.625
-2.29167
-2.625
-2.54167
-0.166667
3.20833
3.41667
2.33333
2.95833
3.41667
11.625
10.4167
13.9583
12.8333
5.54167
-3.95833
-12.625
-14.7917
-8.66667
-1.29167
0
-5.75
-12.9583
-12.875
-2.79167
10.75
18.5417
14.8333
2.91667
-7.20833
-9.375
-5.91667
-2.95833
-2.58333
-3.08333
-2.625
0.166667
2.79167
2.75
3.04167
4.29167
3.54167
13.2917
14.4167
20.4167
16.0833
1.75
-10.4167
-15.3333
-13.625
-7.375
-1.66667
-1.66667
-7.625
-14.0833
-12.5833
-0.75
13.625
20.9167
17.5417
6.83333
-4.625
-10.4167
-9
-5.375
-3.75
-3.66667
-2.70833
0.375
2.875
2.54167
2.29167
3.375
3.08333
14.7917
19.625
28.4583
20.3333
-2.875
-17.9583
-17.9583
-11.625
-5.04167
-1.66667
-4.33333
-10.9167
-15.2083
-10.75
2.91667
16.7917
21.5
17.4167
9.625
-0.458333
-9
-10.5833
-7.79167
-5.79167
-5.125
-3.33333
0.75
3.875
3.5
1.83333
0.875
0.666667
16
24.8333
36.9583
26.375
-5.54167
-25.1667
-21.5
-9.875
-2.54167
-2.45833
-7.5
-13.5417
-15.5
-8.58333
5.79167
18.6667
22.1667
17.25
10.0833
2.54167
-5
-9.125
-9.29167
-8.29167
-7.29167
-4.875
0.0833333
4.375
4.54167
2.25
-0.0833333
-1.16667
17.9167
30.0833
43.4167
32.8333
-5
-29.7917
-23.5
-8.75
-2.5
-5.125
-10.625
-14.5833
-14.0417
-5.70833
7.54167
17.6667
20.5833
18.0833
11.8333
3.83333
-1.70833
-5.04167
-8.625
-10.5417
-9.45833
-6.25
-1.45833
2.58333
3.66667
2.875
1.33333
-0.5
20.8333
37.375
46.4167
33.125
-5.25
-30.875
-23.1667
-7.625
-3.08333
-7.45833
-13.2083
-14.875
-11.3333
-2.75
7.83333
15.4167
18.8333
18.8333
13.4583
4.95833
0.25
-1.83333
-6.08333
-10.4167
-11.25
-7.79167
-2.5
0.833333
1.45833
0.75
0.791667
1.83333
20.25
44.9167
49.75
29.6667
-9.125
-30.7917
-20.8333
-6.83333
-4.41667
-8.5
-12.875
-13.2083
-8.95833
-1.58333
6.66667
13.25
18.4583
20.0417
13.4167
4.70833
2.66667
2.45833
-3
-10.5417
-13.4583
-9.83333
-3.91667
-0.291667
0.583333
-0.458333
-0.625
2.125
17.0417
49
54.0417
28.875
-13.5
-32.75
-18.625
-5.66667
-6.54167
-9.83333
-10.5417
-9.08333
-6.5
-2.54167
3.91667
12.0417
19.4583
21.0417
13.5
4.33333
2.45833
4.91667
2.16667
-7.95833
-15.7917
-13.6667
-6.5
-1.04167
1.41667
0.333333
-1.04167
1.45833
11.1667
49.25
57.1667
28.75
-15.5417
-33.1667
-18.0833
-6.75
-8.33333
-9.375
-7.04167
-4.79167
-4.875
-4.33333
1.625
12.1667
21.4583
21.2917
11.375
3.25
2.5
5.66667
6.125
-2.875
-14.7083
-16.7917
-10.4583
-3.33333
1.45833
1.91667
0.375
1.54167
5
44.625
55.625
28.25
-14.8333
-31.7917
-18.375
-9
-9.45833
-6.70833
-2.33333
-1.5
-4.29167
-5.54167
1.25
14.2917
23.6667
19.6667
6
-1.04167
2.5
7.875
8.70833
1.54167
-9.875
-16.0833
-13.8333
-7.20833
-0.5
2.58333
1.95833
2.16667
-1.79167
37.0833
51.4167
25.9583
-13.875
-28.625
-18.4167
-11.375
-9.375
-2.54167
2.58333
0.25
-5.125
-5.5
4.29167
18.7917
24.6667
14.2083
-1.79167
-5.70833
1.70833
9.54167
11.6667
5.91667
-4.20833
-12.8333
-15.375
-10.7917
-3.04167
2
2.16667
1.91667
-9.5
26.8333
47.0417
25.9583
-12
-25.875
-17.7083
-12.3333
-9.16667
0.583333
7.5
2.20833
-7.08333
-5.83333
8.58333
24.2917
25.375
7.5
-10.9167
-11.1667
0.375
10.7917
14.0833
9.5
1.83333
-7.5
-14.9167
-13.7917
-6
1.04167
2.625
1.45833
-13.5
15.375
38.75
26.125
-7.375
-22.75
-17.2083
-11.8333
-7.41667
3
10.4583
4.20833
-7.45833
-6.91667
10
29.0833
27.7083
1.125
-21.9167
-18.2083
-0.916667
12.375
17.4167
14.1667
6.79167
-2.45833
-11.6667
-15.2083
-10.0833
-1.08333
3.04167
1.91667
-13.7083
5.25
26.0417
21.3333
-2.45833
-16.0833
-14.9167
-11
-4.54167
6.16667
12.375
5.5
-7.16667
-8.75
7.58333
29.9583
31.4167
0.0833333
-32.4167
-29.2083
-1.75
17.5
21.4167
17.6667
10.1667
1.375
-6.66667
-13.75
-14.375
-5.25
2.5
2.33333
-11.2083
-2.625
11.9167
13.0417
-0.583333
-9.41667
-8.375
-5.66667
-1.16667
7.20833
12.5833
7
-5.33333
-11.2083
0.583333
25.6667
34.4167
6
-33.8333
-41.0833
-11.0417
20.2917
28.7917
22.25
12.9167
4.04167
-3.45833
-10.625
-14.375
-9.16667
-1.25
1
-8.70833
-5.66667
1.45833
2.45833
-3.375
-4.5
0.125
2.41667
2.25
6.16667
13.5
11.7917
-3.54167
-17.2083
-9.66667
18.25
34.9583
14.2917
-26.0833
-44.25
-22.8333
13.7917
33.0833
28.7083
15.375
5.625
-0.291667
-6.625
-11.5
-10.9167
-6.33333
-2.33333
-7.41667
-6.79167
-4.45833
-5.375
-7.41667
-2.29167
6.95833
9.125
4
3.95833
13.9167
18.375
3.08333
-20.7083
-22.375
8.125
33.2917
19.1667
-17.375
-37.6667
-25.4583
3.625
26.0417
30.7917
21.3333
9.16667
1.20833
-3.20833
-6.75
-10.7917
-11.2083
-6.375
-6.91667
-7.41667
-8
-10.4583
-10.25
-0.416667
11.75
12.375
3.375
1.54167
14.5833
24.1667
8.95833
-20.6667
-28.4167
-0.75
26.625
19.25
-11.75
-31.0417
-20.6667
3.33333
19.9583
25.375
22.1667
13.1667
3.125
-1.75
-2.75
-8.125
-13.7083
-10.9167
-6.75
-7.875
-10.3333
-13.8333
-12.2917
0.583333
14.7917
13.75
1.70833
-0.125
15.3333
27.2917
12.75
-19.875
-32.5417
-6.70833
23.9583
21.5833
-7.45833
-27.0833
-17.4583
3.33333
16.2083
21.8333
21.5417
14.625
4.83333
-0.958333
-2.08333
-5.58333
-11.5833
-13.3333
-6.375
-7.875
-12.2083
-16.5833
-13.8333
1.16667
16.2083
13.875
1.08333
-0.416667
14.8333
27.5
14.9167
-16.875
-31.875
-9.95833
20
21.2917
-2.66667
-20.6667
-15.125
0.416667
10.625
17.9167
22.3333
16.4167
4.375
-1.875
-2.08333
-3.29167
-7.29167
-12
-5.95833
-7.75
-14.0833
-18.0833
-12.875
2.83333
16.0833
11.7917
-1.08333
-1
15.1667
27
14.7917
-13.2083
-26.25
-8.95833
14.7917
15.1667
-2.20833
-11.625
-6.75
-1.08333
2.20833
10.8333
20.4583
18.25
5.58333
-3.45833
-3.375
-1
-2.79167
-8.91667
-6.29167
-8.5
-16
-18.0833
-9.20833
6.16667
15.2083
8.125
-3.20833
-1.04167
13.0833
22.9167
14.875
-6.54167
-18.75
-7.54167
9.375
8.25
-4.16667
-6.33333
1.41667
2.41667
-1.875
3.625
15.5417
17
6.33333
-4.04167
-5.20833
0.708333
2.41667
-4.54167
-6.25
-8.66667
-16.6667
-17.3333
-5
10.625
14.625
4.125
-4.91667
-0.5
11.2083
17.3333
10.75
-2.83333
-10.4583
-4.83333
5.58333
4.79167
-5.33333
-6.79167
3.125
8.45833
3.70833
0.916667
6.54167
11.2917
6.41667
-5.04167
-9.20833
0.958333
8.83333
2.125
-5.08333
-7.25
-14.375
-13.7083
-0.5
13.125
13
1.25
-5.75
-1.08333
7.41667
11.9583
9.04167
-1
-9.58333
-5.75
5.45833
7.08333
-1.79167
-5.45833
0.333333
5.75
6.04167
3.29167
1.625
4.54167
6.29167
-2.29167
-10.9583
-2.83333
9.66667
7.20833
-1.625
-3.375
-9.875
-9
3.20833
13.5417
10.0417
-1.29167
-6
-2.375
2.25
6.375
8.79167
3.625
-7.33333
-10.9167
-2.08333
7.08333
6.91667
1.29167
-1.75
0.416667
2.54167
0.75
-0.916667
2.16667
6.45833
3.29167
-3.5
-2.5
3.33333
4.75
3
2.04167
-3.375
-4.41667
3.375
10.125
5.70833
-3.33333
-5.5
-1.625
1.45833
2.625
4.95833
4.83333
-3.70833
-13.3333
-10.25
4.45833
14
7.875
-3.54167
-6.08333
-2.75
-1.45833
-0.666667
3.41667
7.75
6.75
4.5
4.625
1.91667
-1.83333
8.33333
7.83333
3.29167
-1.25
-0.125
2.83333
0.333333
-3.5
-2.33333
1.16667
3.375
3.70833
3.04167
1.79167
-4.375
-15.4583
-15.5833
2.54167
17.625
10.625
-6.66667
-12.0833
-5.58333
0
2.5
5.91667
8.83333
7.875
7.20833
9.79167
7.91667
-1.45833
14.7083
14.0833
8.79167
-0.333333
-6.08333
-6.375
-4.20833
-0.666667
2.83333
3.29167
2.54167
4.95833
6.83333
2.58333
-7.66667
-19.8333
-19.5
1.16667
19.25
10.5
-11.4583
-17.0417
-5.83333
3.5
6.54167
8.625
9.75
8.29167
8.08333
10.9167
11.5417
3.91667
21.1667
20.0833
12.625
-1.33333
-12.2083
-14.5
-8.04167
2.625
8.875
7.125
1.375
0.916667
7.04167
7
-6.58333
-23.2917
-22.9583
-0.166667
18.9583
8.54167
-15.9167
-20.625
-5.20833
6.95833
9.83333
11.3333
12.2083
10.4583
9.45833
10.5417
10.875
5.75
4.7963
0.277778
-2.62963
-3.62963
-3.57407
-3.81481
-5.64815
-7.92593
-9.24074
-9.22222
-8.2963
-9.03704
-11.3333
-13.0185
-13.5926
-13.2037
-12.4259
-11.6111
-10.8519
-10.0185
-8.51852
-6.77778
-5.7037
-4.72222
-3.22222
-1.12963
0.722222
2.16667
-7.94444
-12.537
-15.6111
-16.1667
-14.9259
-12.8333
-11.2963
-10.0185
-8.57407
-5.75926
-2.2963
-1.37037
-3.27778
-4.96296
-5.55556
-4.96296
-4.38889
-4.68519
-6.14815
-7.88889
-7.12963
-4
-1.2037
0.722222
1.72222
2.5
3.2037
3.77778
-16.5185
-20.2037
-22.1852
-21.9259
-20.2407
-17.2593
-13.9074
-10.2963
-6.37037
-1.68519
2.72222
4.59259
3.75926
1.77778
0.407407
0.537037
1
0.537037
-1.62963
-4.31481
-4.5
-1.59259
2.53704
6.03704
7.46296
7.31481
6.68519
6.14815
-15.4444
-17.2593
-17.5
-16.4259
-15.4815
-14.0741
-11.2963
-8.2963
-4.37037
-0.592593
1.96296
3.46296
4.16667
2.90741
0.888889
-0.333333
-0.648148
-1.18519
-2.38889
-3.53704
-4.37037
-3.88889
-1.05556
2.7037
4.96296
5.03704
4.46296
3.74074
-7.81481
-7.51852
-6.53704
-5.77778
-6.53704
-8.42593
-7.98148
-6.7963
-4.27778
-3.05556
-3.38889
-2.83333
-0.537037
0.037037
-1.40741
-3.83333
-5.90741
-7.35185
-7.61111
-6.64815
-7.14815
-9.48148
-9.85185
-8.16667
-6.03704
-4.77778
-3.96296
-3.51852
0.759259
2.07407
2.66667
1.81481
-0.796296
-5.7037
-7.98148
-8.24074
-7.11111
-7.27778
-8.88889
-9
-6.12963
-2.92593
-2.03704
-4.03704
-7.09259
-9.46296
-9.72222
-8.14815
-7.85185
-10.463
-13.537
-14.8148
-13.9444
-12.2593
-10.3519
-8.75926
8.92593
9.90741
8.46296
4.92593
0.888889
-4.7963
-9.31481
-10.1296
-10.1852
-10.4444
-10.9815
-10.2593
-7.72222
-3.57407
0.0185185
0.12963
-2.53704
-4.88889
-5.55556
-5.27778
-4.94444
-5.90741
-8.74074
-11.7222
-12.3148
-10.8889
-9.25926
-7.81481
14.0741
14.2778
10.6667
5
0.648148
-2.53704
-6.51852
-7.55556
-8.64815
-8.62963
-7.44444
-5.53704
-3.94444
-0.777778
3.18519
5.18519
4.5
3.55556
2.5
0.814815
-0.166667
0.351852
-0.722222
-3.38889
-4.77778
-4.22222
-3.66667
-3.25926
14.2963
14.3889
10.8333
5.2037
1.57407
1.88889
1
0.333333
-1.40741
-1.90741
0.203704
3.42593
4.92593
5.85185
7.7037
9.75926
10.4815
10.3704
8.96296
5.7963
2.53704
1.87037
2.03704
0.777778
-0.574074
-0.388889
0.111111
0.481481
11.3519
11.963
10.3519
6.85185
4.31481
6.14815
8.25926
8.31481
7.01852
6.38889
8.48148
12.463
15.3889
15.6481
14.4444
14.9444
16.537
16.463
13.9815
10.0926
5.14815
1.55556
0.722222
0.611111
-0.222222
-0.518519
0.759259
2.48148
6.42593
7.22222
8.2963
7.81481
5.96296
6.35185
8.92593
9.96296
10.4444
11.1111
13.8148
18.5
23.5185
25.4444
23.963
23.037
24.0185
22.8704
19.2593
14.7593
9.09259
2.87037
-0.481481
-1.05556
-1.51852
-2.16667
-0.444444
2.62963
0.277778
0.574074
2.7963
4.7963
4.24074
2.83333
4
6.24074
9.42593
12.7593
16.5
20.8148
25.9074
29.6667
30.0741
28.8519
28.2778
26.2222
22.3333
17.6111
12.5556
6.53704
1.55556
-0.555556
-1.33333
-2.2963
-1.77778
0.407407
-9.7037
-10.2963
-8.09259
-4.74074
-3.33333
-4.24074
-3.07407
1.03704
7.09259
12.6852
16.8333
19.1111
21.3889
24.5556
26.6111
25.5185
22.2222
18.8889
16.1481
12.537
9.2963
6
2.03704
-0.648148
-1.77778
-2.38889
-3.35185
-3.66667
-18.7778
-19.7593
-18.3889
-14.7037
-11.037
-9.64815
-7.2963
-1.59259
5.83333
11.7778
14.3333
13
10.5556
10.2963
11.2963
9.88889
4.53704
0.37037
-0.574074
-1.25926
-1.09259
-0.444444
-1.40741
-2.59259
-2.98148
-2.57407
-4.05556
-6.64815
-21.0185
-21.8148
-20.8519
-17.8519
-13.8148
-10.6852
-7.27778
-1.96296
4.12963
8.14815
7.7037
2.64815
-3.40741
-7.01852
-8.16667
-10
-14.9074
-18.6667
-18.3889
-15.3704
-11.1296
-7.51852
-5.74074
-4.74074
-3.98148
-2.92593
-3.46296
-6.03704
-13.0185
-12.7963
-11.8704
-9.7963
-7.09259
-4.7963
-3.5
-1.96296
-0.222222
0.518519
-2.25926
-8.59259
-15.7963
-20.4259
-21.537
-21.1296
-21.5926
-22.7593
-22.2963
-17.7963
-11.3148
-6.46296
-4.14815
-3.12963
-2.90741
-3.05556
-2.92593
-3.57407
-0.666667
1.05556
2.37037
3.35185
3.7037
3.57407
1.57407
-2.53704
-6.74074
-9.74074
-13.2407
-17.7222
-22.8148
-26.6111
-26.7963
-23.5
-17.8704
-14.3148
-13.8333
-11
-6.09259
-1.7037
1.01852
1.51852
0.0925926
-2.25926
-2.68519
-1.40741
6.55556
9.7037
11.2778
11.537
10.7593
8.7037
3.46296
-4.96296
-13.7593
-20.1667
-23.7778
-25
-26.5556
-28.9815
-28.7963
-23.2222
-13.5556
-6.12963
-3.92593
-3.44444
-2.18519
0.759259
4.11111
4.68519
2.33333
-1.16667
-2.7963
-1.37037
4.37037
7.61111
9.03704
9.16667
9.03704
7.88889
4.03704
-3.83333
-13.0185
-20.1481
-23.4444
-22.537
-20.963
-22.3148
-24.0556
-21.7407
-13.8148
-4.72222
0.166667
0.574074
-0.62963
0.87037
4.74074
6.59259
5.75926
3.66667
0.851852
-0.296296
-2.88889
-0.759259
0.592593
1.64815
3.87037
5.88889
6.09259
3.7037
-0.833333
-5.75926
-8.5
-7.7037
-5.53704
-5.7037
-7.57407
-7.87037
-5.09259
1.05556
8.22222
11.3148
10.8148
11.0556
12.8889
13.2037
12.2407
10.9259
7.5
2.74074
-7.88889
-7.03704
-5.48148
-2.64815
1.96296
7.51852
13.463
18.0741
20.5185
21.5
22.0741
22.9444
24.037
24.7037
23.9074
21.2963
19.5741
21.6667
26.4815
30.2222
30.7778
29.6852
27.5741
24.7778
22.3333
19.4259
14.6481
7.53704
-9.05556
-7.92593
-5
-0.351852
5.7037
13.037
21.2407
29.8148
36.9074
41.8889
45.0926
45.8704
45.463
46.1667
46.8704
45.6667
42.5
40.3889
41.1852
42.9259
43.6667
41.5556
36.7778
31.5741
27.1852
22.0926
16.8889
10.5
-11.8148
-9
-4.48148
1.72222
8.66667
16.3519
24.4074
32.6296
40.3519
46.8519
51.4074
52.5926
51.7407
51.7407
51.8333
50.2222
47.0741
42.9259
38.6296
36.2778
35.3704
32.6667
28.0926
24.5
21.7963
17.6667
13.537
10.3333
-18.4259
-13.537
-7.11111
0.0925926
7.59259
14.7778
20.2963
25.2593
29.9259
33.5
35.6852
35.7037
34.7407
34.037
33.2407
31.963
28.9074
23.7037
17.7037
12.7222
9.96296
7.25926
4.55556
3.75926
4
3.87037
3.37037
3.90741
-23.1481
-18.2778
-12.5741
-6.40741
-0.12963
5.27778
8.16667
9.2963
10.2222
11.1111
11.5556
11.3148
10.8519
10.2778
9.5
8.18519
5.25926
-0.296296
-7.66667
-14.7407
-20.1481
-24.0185
-26.5185
-26.5556
-24.537
-20.6481
-16.4074
-11.9259
-16.3148
-15.0185
-13.6481
-12.7593
-12.2778
-12.4074
-13.8148
-16.6667
-19.5741
-20.6852
-20.4074
-19.5185
-18.2593
-17.0741
-16.2037
-16.5185
-18.9074
-23.5926
-30.2222
-37.7407
-44.5185
-49.4444
-53.3519
-55.5556
-54.6852
-49.2778
-40.9259
-32.9259
1.33333
-3.62963
-9.94444
-17.1481
-25.2593
-33.2778
-39.7593
-45.6111
-50.3519
-51.4444
-49.3333
-45.4074
-40.9815
-36.9444
-34
-33.7593
-35.7407
-38.7778
-42.8704
-47.7407
-52.6296
-56.7778
-60.3704
-63.9259
-64.9259
-60.537
-51.2593
-41.7407
19.3333
10.0185
-0.833333
-13.0926
-26.0926
-39.2222
-49.3889
-56.3148
-60.7593
-61.6296
-59.2778
-54.2593
-48.2037
-43.1296
-39.7037
-38.9444
-39.8519
-39.8704
-38.6296
-37.2593
-36.6481
-36.6111
-36.2778
-36.7037
-37.4259
-35.7037
-30.8333
-24.6296
22.963
15
3.48148
-5.96296
-12.2407
-14.4259
-15.037
-15.4259
-17.4074
-19.0556
-16.6852
-6.92593
7.05556
18.537
20.5741
13.463
2.01852
-6.88889
-10.6296
-10.1852
-8.46296
-6.72222
-4.42593
-0.944444
2.77778
5.14815
5.88889
5.61111
32.1667
18.9074
-1.61111
-16.6667
-22.5926
-18.6667
-13.8519
-12.1852
-16.0741
-19.4815
-16.963
-5.37037
10
21.7593
24
17.4815
5.94444
-4.7963
-11.3704
-12.7778
-11.2407
-8.72222
-5.64815
-1.72222
2.27778
4.61111
5.14815
4.61111
40.037
21.963
-4.57407
-22.8704
-28.1852
-22.1481
-15.2963
-13.1296
-16.8704
-20.2407
-16.5
-3.18519
13.7037
25.6111
27.1852
20.2037
9
-1.57407
-9.35185
-13.2037
-13.9444
-12.1481
-8.40741
-3.35185
1.40741
4.03704
4.74074
4.25926
46.5556
22.6296
-7.94444
-27.5926
-30.3148
-23.2407
-16.8519
-15.963
-19.3704
-21.2037
-15.9815
-1.42593
16.8333
30.1852
32
23.6667
10.963
0.203704
-7.11111
-11.8704
-14.9259
-15.2778
-11.9444
-6.07407
-0.0925926
3.53704
4.85185
4.57407
49.6296
19.6481
-13.3704
-31.9444
-30.8704
-21.9259
-16.1481
-17.4074
-21.5
-22.5
-15.7778
-0.333333
19.2407
34.2593
37.2037
27.7222
12.7037
0.425926
-6.38889
-10.4815
-14.0926
-16.3704
-14.4074
-8.61111
-1.59259
2.88889
4.42593
3.92593
52.6481
16.6852
-19.2778
-36.1296
-31.5741
-20.3148
-14.5926
-16.8519
-21.5556
-22.3333
-15.4444
-0.111111
19.7037
36.1296
40.8519
31.7963
15.5741
1.75926
-5.33333
-9.2037
-13.3519
-17.2407
-16.7037
-11.0926
-3.27778
2.07407
3.92593
3.18519
58.8148
17.963
-21.9815
-39.3519
-33.1111
-20.8519
-14.9259
-16.5741
-20.0185
-19.8333
-13.2593
0.62963
18.7222
34.4815
40.7407
34.3519
19.6852
5.27778
-3.05556
-7.27778
-11.8333
-17.2407
-18.963
-14.5
-6.31481
0.333333
3.12963
2.96296
65.2963
21.5556
-21.8889
-41.1111
-35.1852
-22.8704
-16.3519
-16.2778
-17.8704
-16.5185
-10.1111
2.7963
18.7222
32.1111
37.463
33.1852
22.1111
9.83333
1.33333
-4.01852
-9.44444
-16.2037
-20.1111
-17.6111
-10.1111
-2.72222
1.11111
2.12963
67.8519
24.5556
-20.5
-41.5185
-36.8704
-24.6667
-16.8889
-14.8333
-14.963
-13.2963
-7.24074
5.59259
20.9815
32.1852
33.7593
27.2593
18.4815
11.537
7.18519
2.18519
-5.07407
-13.8519
-19.963
-19.8889
-14.0185
-6.38889
-0.888889
1.48148
65.2963
24.463
-19.2037
-40.5926
-36.8519
-25.0185
-15.963
-12.3519
-11.7037
-10.6111
-5.01852
8.2963
24.5
34.3704
31.3889
19.7222
10.1481
8.18519
10.8148
9.53704
1.92593
-9.27778
-18.2222
-21.1111
-17.3333
-9.7963
-2.46296
1.53704
58.6481
21.3889
-18.2037
-38.1852
-34.7037
-23.2593
-13.2963
-8.42593
-7.83333
-8.27778
-4.12963
9.44444
27.2963
37.2778
30.7963
13.037
0.0740741
0.37037
9.98148
14.9815
10.3704
-1.51852
-13.2037
-20
-19.7407
-13.6111
-5.05556
1.18519
49.4444
16.6296
-17.5926
-34.7037
-31.0926
-19.7778
-9.05556
-2.75926
-2.57407
-5.24074
-4
8.7037
27.6852
38.4444
29.6296
7.01852
-9.55556
-8.16667
7.11111
18.8333
18.4444
7.2037
-6.33333
-16.3889
-20
-16.7963
-8.83333
-0.87037
39.463
12.4815
-16.4815
-30.0185
-26.7778
-15.5185
-4.12963
3.59259
3.42593
-2.14815
-4.55556
6.05556
25.8333
37.5
27.5
1.40741
-17.5556
-14.8333
5.25926
22.8148
25.7963
14.8889
-0.240741
-12.2037
-18.1667
-18.1111
-12.5185
-5
31.1667
10.463
-13.5
-23.8704
-20.9815
-10.7593
-0.185185
8.35185
8.16667
0.666667
-5.66667
2.11111
21.8333
35.4074
26.2963
-1.66667
-23.5741
-21.4074
2.31481
25.7963
33.0185
22.5556
5.31481
-8.81481
-16.0926
-17.3519
-13.8889
-8.37037
22.2593
8.01852
-9.96296
-17.2963
-14.037
-5.40741
3.94444
12.4815
12.463
2.75926
-8.01852
-3.68519
16.4259
33.0926
26.3333
-2.44444
-27.463
-27.6111
-2.66667
25.7963
38.5926
30.8704
12.4815
-4.2963
-13.6481
-15.9815
-14.1296
-10.6481
11.1481
3.25926
-7.59259
-10.963
-7.42593
-0.462963
7.38889
15.9815
16.8889
6.68519
-7.64815
-7.75926
10.5926
28.7963
24.2963
-3.74074
-29.2037
-30.4259
-6.74074
22.1481
39.0185
37.0926
21.7407
3.09259
-9.85185
-14.8333
-14.3704
-12.5741
-0.944444
-3.16667
-6.46296
-4.7037
-0.796296
4.07407
9.96296
18.463
20.7593
10.9259
-5.12963
-9.16667
6.18519
23.2778
19.5926
-7.44444
-31.7037
-31.2593
-6.83333
21.6111
38.463
39.6296
28.1296
10.6296
-4.96296
-13.1481
-14.7963
-14.2963
-11.1667
-10.3519
-7
0.148148
5.37037
8.37037
12.1852
20.537
24.0741
14.3333
-4.22222
-12.3333
1
19.2407
18.7037
-6.83333
-31.7778
-32.7963
-8.64815
20.5
38.3148
41.037
32.1111
16.2963
-0.111111
-11.1667
-15.0741
-15.3704
-18.463
-15.7778
-7.35185
4
10.4815
12.0556
14.1481
22.1667
26.7593
17.1296
-3.83333
-16.3148
-5.51852
14.1852
18.3333
-3.18519
-27.537
-31.1667
-10.2222
17.5741
35.7037
40.0926
33.1296
19.5926
3.42593
-8.77778
-14.5926
-15.1852
-23.2222
-18.2037
-5.68519
8.37037
14.4815
13.6667
13.8148
21.9259
28.0556
19.4074
-3.05556
-19.037
-11.3704
8.62963
16.8148
0.851852
-20.6481
-25.6111
-9.16667
14.6481
30.8148
35.6111
30.5
19.6481
5.7963
-5.57407
-12.0556
-13.8704
-26.5
-18.8704
-2.87037
12.8519
17.8519
14.2963
12.2963
19.8519
27.1296
20
-2.14815
-20.2222
-15.6296
3.7037
15.5185
5.2963
-12.9815
-19.6111
-7.85185
11.6667
25.8889
30.5741
26.4074
17.3333
6.27778
-2.62963
-7.90741
-10.6296
-27.4444
-18.4815
-0.722222
15.4259
19.0926
13.3704
9.85185
16.9259
25.0185
19.8889
-0.296296
-18.5185
-16.9259
-0.0555556
13.0926
8
-6.33333
-13.8889
-6.87037
8.03704
20.8333
26.2778
23
14.1296
3.85185
-2.57407
-4.83333
-5.61111
-24.037
-15.2222
1.24074
14.9444
16.3889
9.35185
5.96296
13.3519
22.7407
20.0185
2.74074
-14.963
-16.5926
-3.81481
8.61111
8.11111
-0.592593
-6.57407
-4.09259
4.27778
13.4259
20.0556
20.2037
13.7222
3.7963
-3
-4.62963
-3.72222
-17.4815
-10.2037
2.77778
12.2037
10.9259
3.72222
0.907407
8.25926
18.537
19.8889
7.7963
-8.68519
-15.2037
-8.62963
2.2963
6.57407
4.12963
0.37037
-0.851852
0.722222
5.12963
11.9815
16.6667
15.2593
8.11111
1.2037
-1.96296
-2.75926
-11.1481
-6.66667
2.25926
7.92593
5.75926
0.5
0
6.57407
14.2778
15.5
7.55556
-4.90741
-12.537
-10.5
-1.83333
4.7963
5.64815
2.64815
-0.111111
-1.07407
0.851852
6.59259
13.0926
15.7222
12.0185
6.85185
3.98148
1.96296
-6.42593
-5.74074
-0.592593
3.18519
2.55556
0.537037
2.46296
8.38889
13.4259
12.2593
4.09259
-7.07407
-13.9815
-11.7963
-2.14815
6.25926
7.09259
0.851852
-4.83333
-5.51852
-0.851852
6.27778
12.7037
15.5
13.2593
10.1111
9.46296
8.90741
-3.83333
-6.96296
-4.55556
-0.203704
2.18519
3.33333
5.07407
8.83333
12.2593
11.8333
4.66667
-7.57407
-17.7037
-17.3889
-6.05556
6.18519
8.31481
-0.555556
-9.14815
-9.35185
-1.51852
7.38889
13.0741
14.963
13.6296
12.463
13.7407
14.4815
-1.22222
-8.7037
-8.77778
-3.81481
1.96296
6
7.61111
8.18519
8.96296
9.37037
5.16667
-5.81481
-18.4815
-21.2963
-10.4815
3.72222
6.87037
-2.75926
-11.963
-10.6481
-0.37037
9.44444
14.4444
15.2963
14.5185
14.1852
15.9444
17.0926
-2.66667
-0.333333
6.88889
18.6111
28.1111
24.5
5.55556
-17.7778
-29.4444
-23.4444
-8.88889
2
3.16667
-1.22222
-5.33333
-5.66667
-2.55556
2
5.66667
6.44444
3.94444
0.555556
-1.16667
-1
-0.222222
-0.111111
-0.611111
-2.72222
-5.88889
-8.33333
-7.5
-3.5
1.44444
5
9.16667
14.6667
18.1111
15.3333
3.55556
-11.1667
-22
-21.5556
-13.7778
-6.22222
-5.33333
-9.94444
-13.6111
-11.1111
-2.33333
7.83333
13.3333
12.8333
8.94444
5.11111
2.66667
1
-0.166667
-1.16667
-1.61111
-2.83333
-4.38889
-6
-5.5
-3.38889
2.94444
10.4444
15.1667
15.8333
9.44444
-0.833333
-9.72222
-14.3333
-15.2778
-14.2778
-11.6111
-10.9444
-13.6111
-19.6111
-22.4444
-16.5556
-1.88889
13.9444
21.3333
19
12.3889
7.11111
4.33333
2.05556
-0.5
-2.88889
-3.66667
-2.55556
0
1.88889
2.16667
0.388889
-2.77778
8.05556
16.2222
18.6667
9.72222
-6.77778
-19.8333
-21.7778
-15.5
-9.16667
-7.88889
-11.5556
-17.7778
-23.8333
-25.7778
-19.2778
-4.05556
13.6667
24.3333
24
16.3889
8.05556
3.44444
1.27778
-0.388889
-2.88889
-4.05556
-2.05556
2.94444
7.61111
8.44444
4.66667
-17.3333
-6.55556
5.5
14.7778
12.2778
-1.33333
-15.3889
-19.0556
-13.2222
-6.27778
-6.11111
-11.3889
-17.9444
-20.4444
-18.3333
-13.1667
-5.83333
3.55556
14.3333
21.2222
19.7222
12.1111
4.83333
1.72222
1.11111
0.5
-0.166667
0.277778
2.44444
5.55556
6.44444
4.27778
-33.1667
-24.5
-9
7.94444
13.3333
7.05556
-3.94444
-7.94444
-6.16667
-3.83333
-7.27778
-13.2222
-17.0556
-13.7222
-6.11111
-1.94444
-4.66667
-8.11111
-2.38889
10.8333
19.8333
18.8333
11.7222
6.16667
4.16667
4.33333
4.83333
4.61111
2.55556
0.388889
-2.22222
-3.22222
-39.5
-33.9444
-17.8889
2.33333
11.8333
11.3333
5.11111
1.88889
0.388889
-3
-9.61111
-15.7222
-16.2222
-9.11111
1.55556
5.88889
-0.722222
-12.3333
-14.9444
-3.72222
12.7222
22.5556
21.3333
15
9.27778
7.05556
6.44444
5.38889
2.27778
-2.27778
-6.72222
-8.55556
-34.7222
-29.8889
-15.2778
-0.0555556
8.94444
8.27778
6.94444
4.66667
3.27778
-3.5
-11.1111
-15.9444
-13.9444
-7.05556
0.5
3.55556
0.0555556
-7.88889
-14.1111
-11.5556
1.66667
17.6111
25.5556
22.5556
14.5
8.05556
4.5
2.61111
0.722222
-1.66667
-4
-5.22222
-19.7778
-14.4444
-4.11111
-1.5
1.11111
-1.94444
0.666667
0.333333
0.888889
-4.66667
-9.94444
-12.0556
-8.38889
-4.55556
-4.11111
-5.44444
-3.61111
-1
-3.27778
-9.27778
-7.11111
5.38889
19.4444
23.7778
19.1111
11.1111
4.55556
0.0555556
-1.61111
-1.72222
0
1.72222
-4.83333
0.166667
6.61111
-2.27778
-9.44444
-15.4444
-10.6667
-7.77778
-5.94444
-7.72222
-8.05556
-4.94444
0.0555556
1.11111
-4.83333
-11.3333
-9.05556
1.16667
6.88889
0.666667
-6.88889
-4.33333
8.22222
17.9444
19.1667
13.5556
6.94444
1.5
-1.55556
-1.88889
0.666667
4.33333
3.5
4.38889
7.38889
-2.33333
-16.5
-23.3333
-21.2778
-16.1667
-14.8333
-12.7778
-7.55556
0.722222
7.38889
6.83333
-0.611111
-8.72222
-9.22222
-1.22222
7.66667
7.38889
-0.777778
-6.61111
-1.16667
10.1111
16.7778
14.7778
9
4.22222
1.5
-0.166667
-0.5
0.777778
0.777778
-7.33333
-6.16667
-5.27778
-13.7222
-18.6667
-21.1111
-19.1667
-21.2222
-18.7222
-10.1667
2.16667
9.11111
8.83333
4.11111
0.444444
-2.72222
-3.44444
-0.5
3.83333
2.94444
-2.16667
-2.61111
5.11111
12.7222
13.6111
8.55556
4.33333
2.55556
2.44444
1.27778
-0.388889
-1.61111
-18.4444
-23.8889
-14.5
-9
-7.44444
-12.5556
-16.8889
-21.8889
-20.4444
-12
-0.722222
4.77778
5.44444
6.5
11.1667
11.0556
2.55556
-7.5
-9.27778
-5.72222
-4.44444
-4.33333
1.33333
10.1667
14.7778
11.1111
5.33333
2.44444
3.27778
3.83333
2.27778
6.05556
-15
-30.7778
-26.3333
-13.5
-4.11111
-6.05556
-13.2778
-18.8333
-16.6111
-9.22222
-2.5
-1.38889
0
7.11111
20.2222
26.2778
15.7778
-6.55556
-22.6111
-22.8333
-15.2778
-9.55556
-4.16667
5.72222
15.8889
17.2222
10.3333
3.44444
2.16667
4.88889
5.83333
20.5556
2.38889
-23.5556
-34.0556
-26.7222
-13.7222
-9.33333
-11.7222
-12.5556
-7.55556
-1.27778
0.555556
-1.55556
-0.944444
8.61111
24.1111
35.3889
28.5556
2.88889
-25.9444
-37.8333
-32.5
-22.2778
-13.8889
-1.66667
13.8889
22.6111
18.6111
8.77778
2.33333
3.22222
5.55556
28.8889
17.5556
-9.38889
-32.4444
-37.5
-27.5556
-17.2778
-10.8333
-5.27778
2.33333
8.05556
8.77778
6.5
5.61111
11.1667
20.8333
30.2778
27.8889
8.88889
-19.8333
-39.8889
-42.0556
-32.5556
-21.8333
-9.61111
6.16667
20.2778
23.3889
15.6667
5.72222
1.88889
2.88889
25.2222
19.3889
-1.83333
-27.2222
-38.7222
-33.7222
-20.3889
-7.55556
2.72222
10.1667
15.2778
18.6667
20.1667
17.0556
11.7778
7.94444
10.8333
13.1111
6.66667
-11.8333
-31.8333
-39.3889
-33
-21.5556
-12.1667
-1.88889
12.1111
22.5
21.3333
11.3889
2.5
0.0555556
15.5556
12.2222
-2
-22.8333
-34.7222
-32.1111
-17.6111
-1.33333
10.4444
15.7222
18.5556
24.2778
29.8889
26.0556
9.66667
-9.11111
-15.1111
-8.33333
-0.444444
-4.44444
-19.2778
-28.7222
-24.6667
-12.9444
-6.5
-4.83333
2.66667
15.1667
22.2778
17.8333
7.11111
-0.222222
8.72222
5.72222
-4.44444
-19.9444
-30.2222
-28.5556
-14.1667
3.22222
14.7778
17.2222
18.4444
25.2778
32.9444
27.4444
3.61111
-24.9444
-36.6111
-25.2222
-4.22222
5.44444
-2.88889
-14.6667
-16.1111
-7.11111
-1.27778
-2.94444
-2.55556
6.83333
18.9444
22.2778
13.9444
2.55556
6.5
4.55556
-2.38889
-13.5
-23.7778
-24.8333
-13.9444
2
11.5
11.2222
9.66667
16.3889
26.3889
25.1667
4.38889
-24.4444
-40.6111
-31.7222
-6
15.5
16.8889
2
-12.3889
-14.0556
-6.55556
-2.33333
-3.16667
0.0555556
11.8333
22.4444
19.9444
8
6.5
6.55556
2.88889
-4.27778
-13.7222
-17.7222
-13.1111
-4.61111
-0.888889
-3.72222
-4.5
2.5
13.8889
18.4444
10.6667
-6.61111
-23.6667
-27.6667
-14.1667
9.66667
25.2778
19.9444
-1.22222
-17.5556
-16.7778
-6
-1.22222
-0.388889
5.38889
16.5
20.3333
13.3333
5.66667
6.66667
6
3.05556
-2.61111
-6.83333
-9
-10.3889
-14.2222
-18.6667
-19.7778
-14.6111
-3.72222
8.38889
16.0556
13.8889
1.5
-13.3889
-17.7778
-3.61111
19.1111
28.0556
12.7222
-10.6111
-18.6111
-8.66667
1.61111
2.05556
0.555556
5.77778
13.6111
15.5556
4.05556
4.66667
4.38889
3.27778
2.27778
1.61111
-2.38889
-9.77778
-17.4444
-20.5556
-20
-19.7222
-16.1111
-5.94444
10.6111
21.2778
17.7222
1.55556
-13.7778
-14.0556
2.88889
22.0556
24.5556
9.83333
-6.55556
-7.61111
-0.555556
1.66667
-5.16667
-7.27778
1.11111
12.1111
2.72222
1.44444
0.166667
-1.05556
1.83333
5.77778
4.88889
-1.44444
-7.77778
-9.05556
-9.88889
-14.6111
-18.9444
-14.8889
-1.94444
10.9444
15.7222
10.4444
1.5
-3.38889
1.61111
12.6111
20.7222
17.2222
4.16667
-6.38889
-7.61111
-6.83333
-12.6111
-17.7778
-11.2778
3.22222
2.5
-0.5
-4.11111
-6.33333
-1.27778
7.27778
12.3333
11.1667
8.77778
8.38889
5.66667
-3.38889
-13.1111
-14.5
-6.16667
3.5
6.55556
5.5
4.88889
6
7.05556
9.05556
13.6111
14.5
5.05556
-9.55556
-19.3889
-20.6111
-21.5
-22.7778
-17.7778
-5.88889
1.16667
-1.61111
-4.44444
-4.83333
2.16667
12.6667
21.1667
22.7222
21.2222
18.1111
12.3889
2.88889
-6.72222
-8.88889
-4.83333
0.111111
-1
-2.38889
1
8.22222
11.2778
9
7.55556
6.66667
1.55556
-11.7778
-24.2222
-29.6667
-27.1111
-24.5
-19.7222
-11.8333
-3.61111
-2.11111
0.277778
6.11111
15.3333
24.2222
29.7778
29.2222
26.6667
21.3889
14
4.38889
-2.27778
-2.11111
0.944444
0.555556
-6.27778
-10.4444
-7.05556
1.27778
5.61111
4.83333
3.27778
1.72222
-2.16667
-11.5
-20.6667
-25.3333
-22.6667
-20.5
-19.3333
-16
-10.9444
-0.888889
11.7778
25.8333
36.2222
39.2222
36.1667
29.6111
24.3333
18.0556
10.3333
2.11111
-1.16667
2
4.05556
-0.777778
-10.8889
-15.1667
-10.1667
-1.38889
2.11111
-0.222222
-4.33333
-8.44444
-11.8333
-15.5556
-16
-13.0556
-7.33333
-5.27778
-9.61111
-14.3333
-15.3333
3.16667
23.7222
42.7222
50.6667
44.8333
31.3333
19.6667
15.3333
13.9444
10.6667
4.88889
2.11111
4.72222
5.83333
-1.27778
-13.6667
-18.8889
-11.8889
-0.722222
2.05556
-6.11111
-18.3889
-27.6111
-30
-25.9444
-16.0556
-2.22222
11.4444
19.2222
14.8333
1.61111
-11.5556
9.66667
30.6667
45.1111
44.6667
29.5556
10
-1.22222
-0.833333
5.88889
11.9444
13.3889
11.5
9.77778
8.22222
2.44444
-8.83333
-16.7222
-12.7778
-2.83333
-0.888889
-13.5
-31.1667
-42
-40.8889
-30.6111
-17.2778
-1.38889
15.1667
32.0556
39.3333
30.5556
-2.16667
14.4444
27.1667
30.3889
19.0556
-1.94444
-20.6111
-24
-14.7778
0.277778
13.2778
21.3333
22.1667
17.6111
12.7778
8.5
1.94444
-5.94444
-8.55556
-8.16667
-12.2222
-25.4444
-37.7222
-39.3333
-29.7778
-17.1111
-8.66667
-3.77778
3.16667
17.7778
37.0556
46.2778
6.05556
14.6667
18.2222
10.4444
-6.83333
-26.1111
-37.2778
-31.6111
-16.5556
-0.333333
10.5556
17.0556
20.3889
19.3889
16.6667
14.2222
12.0556
6.55556
-2
-13.3333
-24.3889
-32
-30.5556
-18.8333
-4.33333
4.88889
4.55556
-2.16667
-9.66667
-8.44444
6.72222
30.2778
17.48
24.22
19.52
6.1
-9.74
-23.76
-32.96
-35.08
-33.68
-32.3
-31.76
-30.9
-27.3
-18.2
-4.38
10.32
21.82
27.58
26.78
20.94
13.56
7.06
2.24
-0.74
-1.76
-1.82
-1.78
-1.68
8.3
16.48
13.78
2.86
-10.78
-22.24
-30.82
-34.08
-34.72
-35.32
-36.3
-35.58
-31.24
-20.98
-6.1
9.5
22.5
30.32
31.28
26.5
19.28
11.96
5.86
1.96
0.88
1.2
1.46
1.48
-5.08
6.52
8.32
1.88
-7.48
-16.06
-23.64
-28.6
-31.5
-33.98
-35.62
-35.04
-30.48
-21.04
-8.14
5.02
17.16
26.68
30.86
29.66
25.34
19.14
12.24
6.94
4.26
3.3
2.64
2.1
-17.24
-2.44
5.42
3.82
-2.04
-8.72
-16.26
-23.32
-28.06
-31.28
-32.7
-31.46
-26.8
-19.02
-9.82
-0.28
9.92
19.66
26.7
30.18
29.96
26.1
20.02
14.22
9.56
6.22
3.62
1.54
-22.56
-9.18
0.98
2.22
-1.44
-6.58
-12.98
-19.94
-24.48
-27.24
-27.72
-25.74
-21.26
-15.9
-10.62
-4.74
3.02
11.72
20.72
28.24
32
31.02
26.62
20.64
14.54
8.88
4.38
1.14
-22.68
-13.08
-3.88
-2.18
-4.62
-8.74
-13.48
-18.7
-21.22
-22.36
-21.58
-19.14
-15.36
-12.62
-10.82
-7.9
-2.46
4.9
14.7
24.88
31.78
33.42
30.56
24.52
17.12
9.7
4.02
0.54
-22
-16.58
-9.28
-7.98
-9.4
-12.6
-15.74
-18.96
-18.98
-18.06
-15.98
-13.26
-10.42
-9.66
-9.98
-8.94
-5.54
0.06
9.18
19.82
28.58
32.98
32.3
27.2
19.42
10.78
4.1
0.52
-18.82
-19.7
-17.28
-17.8
-19.26
-21.48
-22.24
-21.8
-18.34
-14.44
-10.78
-7.58
-5.76
-6
-7.18
-7.24
-5.6
-2
4.9
13.68
22.46
28.9
30.84
27.72
21.38
13.14
6
2.24
-15.74
-22.32
-26.7
-29.5
-31.38
-32.76
-31.52
-26.44
-19.08
-11.9
-5.62
-0.62
1.32
0.58
-0.68
-2.5
-4.74
-4.82
-1.16
4.68
12.82
21.56
26.84
26.78
22.94
16.24
9.44
5.16
-18.92
-27.12
-34.18
-37.08
-37.94
-38.06
-36.2
-29.44
-20.28
-10.48
-1.84
5.5
9.22
9.56
7.72
3.34
-3.42
-8.44
-9.42
-6.22
1.58
12.1
20.66
24.5
23.38
18.8
13.08
8.6
-23.96
-33.18
-40.54
-42.2
-40.92
-38.48
-35
-27.9
-18.76
-8.06
1.94
11.08
17.02
19.06
17.06
9.68
-2.3
-13.5
-20.06
-20.48
-13.1
-0.28
12.62
21.38
24.24
22.14
17.4
12.48
-25.36
-37.72
-46.68
-47.32
-43.6
-37.88
-31.18
-22.08
-12.8
-2.28
8.12
18.34
25.72
28.36
25.26
14.76
-2.74
-20.82
-32.8
-35.94
-29.16
-14.18
3.62
17.64
24.92
26.04
22.38
16.58
-25.96
-41.58
-51.4
-51.04
-44.54
-34.38
-23.36
-11.98
-2.3
7.1
16.16
25
31.86
33.36
28.4
15.64
-4.96
-27.92
-43.96
-48.46
-42
-25.96
-4.6
13.94
25.04
29.34
27.36
20.94
-25.02
-43.86
-54.02
-52.76
-43.3
-28.34
-12.14
1.8
11.88
19.44
24.92
28.82
31.2
29.92
23.42
10.36
-8.48
-30.36
-47.8
-54.3
-48.8
-33.86
-12.64
8.12
22.76
29.98
30.2
24.88
-21.26
-42.56
-53.78
-52.66
-41.58
-23.44
-2.2
15.42
26.96
33.22
34.88
31.78
26.22
19.4
11.42
0.32
-13.7
-29.84
-44.42
-52.54
-50.2
-37.86
-19
1.48
18.78
29.16
31.68
28.06
-17.18
-38.42
-49.86
-49.14
-38.38
-20.16
1.92
21.36
34.4
40.6
40.68
33.54
20.96
7.84
-2.56
-11.14
-18.84
-26.72
-34.82
-41
-42.2
-35.46
-21.52
-4.02
12.96
25.6
31.32
30.08
-14.12
-32.76
-43.22
-43.12
-33.94
-17.82
1.7
19.22
31.8
38.46
38.54
29.56
14.18
-1.78
-14.22
-21.24
-21.98
-21.02
-22.38
-24.62
-26.44
-25.72
-19.18
-6.32
7.94
20.1
28.46
30.56
-9.3
-24.22
-33.74
-35.18
-29.3
-17.68
-3.26
10.46
21.3
27.98
28.8
21.16
6.72
-8.32
-19.06
-23.12
-19.14
-11.84
-8.22
-9.12
-12.34
-16.04
-15.76
-8.1
3.12
14.06
23.38
28.22
-4.08
-14.64
-22.46
-25.52
-23.86
-18.62
-10.92
-2.4
5.98
12.96
16.58
13.54
4.12
-7.78
-16.62
-18.34
-12.8
-3.48
3.9
5.48
0.36
-6.8
-11.24
-9.5
-3.42
5.8
14.88
21.06
-0.12
-6.78
-11.9
-14.98
-16.26
-16.28
-16.16
-14.52
-10.38
-4.6
1.62
5.74
4.68
-1.34
-7.64
-9.16
-4.74
3.6
12.26
16.66
12.56
3.02
-5.68
-10.06
-10.26
-5.2
2.5
9.3
2.26
-1.56
-4.08
-5.34
-6.54
-8.6
-12.08
-15.52
-16.58
-14.36
-9.48
-3.36
1.88
2.6
-0.28
-1.7
1.2
7.2
14.36
19.64
18.68
10.94
-0.08
-9.66
-15.26
-15.24
-11.36
-4.86
4.34
3.64
4.62
6.1
6.44
3.98
-1.14
-7.36
-12.34
-15
-14.02
-8.82
-2.36
1.66
3.56
5.2
7.36
11.58
17.34
20.34
18.38
12.16
1.24
-12.52
-22.52
-26.12
-26.26
-21.7
6.52
10.66
16.28
21.88
24.8
22.48
16.26
7.56
-1.3
-7.92
-10.16
-7.78
-2.84
1.2
3.08
4.7
7.02
11.26
16.54
19.4
17.16
10.14
-2.18
-17.82
-30.56
-37.08
-39
-35.64
11.92
21.92
32.14
40.86
45.04
42.4
34.46
22.94
10.68
0.6
-5.42
-6.6
-4.84
-2.48
-1.66
-0.96
1.5
6.28
10.44
11.72
9.32
1.38
-11.64
-25.8
-35.46
-40.8
-41.12
-36.5
20.56
35.44
47.06
54.96
57.6
53.34
45.18
34.1
22.02
11.26
2.72
-3.4
-6.46
-7.28
-8.42
-8.44
-5.8
-1.8
-0.24
-1.9
-6.06
-13.94
-24.68
-34.16
-37.78
-37.34
-33.56
-26.66
29.48
47.12
57.36
60.72
58.5
51.52
43.48
35.14
27.18
20.3
13.6
5.84
-1.22
-6
-10.12
-12.3
-10.98
-8.52
-9.64
-14.68
-21.42
-29.58
-37.16
-40.58
-37.92
-31.4
-22.54
-13.6
35.54
52.62
58.96
56.78
49.34
40.6
33.84
29.6
26.9
25.62
23.16
16.8
8.24
0.6
-7.3
-14.18
-16.78
-17.56
-22.08
-29.62
-36.82
-43.82
-47.76
-44.18
-34.08
-21.7
-7.46
4.42
37.98
50.08
50.28
41.66
30.18
21.62
18
18.68
21.92
25.22
25.42
21.4
14.2
6.2
-2.54
-11.72
-18.86
-24.82
-33.12
-42.6
-49.2
-52.48
-51.32
-42.74
-27.94
-11.36
5.42
19.94