-2.25
-2.375
-2.5
-2.75
-3.375
-3.125
-1.875
0.375
3.625
5.5
7.125
7.75
7.75
7.625
6.625
5.375
4
2.75
2
3
3.5
0.625
-7
-16
-22.375
-22.5
-14.5
-7.75
-3.625
-2.875
-5.375
-5.25
-4.125
-2.625
-1.125
-3.125
-5.5
-7.75
-8.875
-6.875
-2.75
2.375
6.625
8.375
8.5
8.25
8.375
8.75
9.75
10.5
10.5
10.375
10.125
11
12
11.75
8.625
2.25
-2.625
-3.25
2
8.5
12.75
12.75
8
4.25
1.125
-0.25
-0.125
-1
-2.125
-3.5
-4
-1.875
2.5
8.25
13.375
15.875
16.5
16.625
16.5
16.75
17.625
18.375
19.5
20.75
22.875
25.125
27
28.375
27.875
26.25
25.875
28
33.125
39.25
42
38.375
27.625
16.375
7.625
3
-0.375
0.875
2.25
4.25
6.75
10.25
15.25
21.25
27.375
32.5
36
37.875
38.75
39.625
41.75
44.625
48.125
50.75
53.625
56.5
59
61
61.375
60.5
58.875
57.75
58.5
61.625
61
53.5
38.125
20.75
9.125
4
-0.625
0.625
2.625
7.25
15.625
26.375
36.5
44.625
49.75
53.875
58.125
61.125
63.375
64.25
64.5
64.125
63.75
64.25
67
71.875
76.375
78.5
78.125
75.375
70.75
65
59.75
57.875
53.875
45.625
32.25
16.375
5.75
1
-0.125
0.25
1.875
7.375
20
38
53.125
62.25
63.875
62.125
62.75
64.375
65.625
63.25
54.625
40.375
25.875
17.625
20.125
29.625
39.375
43.5
42.625
42
41.375
40
36.75
32.875
29.375
24.875
18
10.25
1.75
-4.625
1
0.625
0.875
5.625
17.75
32.625
45.875
51.75
49.25
47.125
45
44.125
42.875
36.75
26.5
9
-11.875
-29.5
-35.25
-26.625
-11.875
0.625
7.5
10
11
12.25
11.875
9.625
9.5
9.75
7.875
5.75
-0.25
-6.125
1.25
0.5
-0.25
2.125
9.25
14.75
21.125
22.875
19.125
21
19.375
17.625
15.375
8.875
2.75
-7.125
-21.25
-38.375
-51.75
-49.625
-37
-19.875
-3.25
2.5
2.25
0.875
0
-0.375
1.75
4.125
3.875
2.75
-0.125
-2.5
-0.25
-0.625
-1.125
-1.125
-0.25
0.625
2.5
3.375
2.625
3.875
3.375
2.75
1.25
-3.75
-12.625
-20
-24.5
-28.375
-33.875
-37.125
-36.125
-29.125
-14.75
-4.375
0
0
-0.375
-0.25
1.25
2.5
2.375
1.75
1.125
1.25
-1
-1
-1.25
-1.875
-3.375
-3.125
-2.375
-1.25
0.25
-0.25
0
0.25
-1.75
-9.25
-22
-26.375
-21.125
-9.625
-1.75
-9.25
-21.875
-28.375
-23.75
-12.25
-2.125
2
2
2
2.25
2.25
2.25
2
2
2.25
-0.625
-0.5
-0.625
-1.25
-2.75
-3
-2.5
-1.125
0.5
0.125
0.5
-0.75
-5.625
-15.75
-25
-20.75
-6.75
10.375
20.5
8.875
-10.75
-23.25
-25.625
-17.375
-6.5
0.125
1
1
1.375
2.25
2.875
2.75
1.75
-0.125
-0.5
-0.125
-0.25
-1.125
-3
-3.375
-2.75
-1
0.875
0.125
-0.125
-3.625
-10.5
-18
-19.375
-9.125
6.375
18.375
21.5
9.625
-7.25
-18.5
-23.625
-19.625
-11.625
-4.25
-1.5
-1.5
-0.5
1.5
2.875
3.25
1.125
-2.625
-0.625
-0.25
-0.5
-1.625
-3.25
-3.375
-2.5
-0.75
1
-0.375
-1.875
-5.125
-10.375
-15.875
-13.125
-6.375
1
6.625
8.75
2.75
-6.25
-13.375
-21.625
-21
-14.625
-6.75
-3.375
-2.75
-1.75
0.125
2
2.625
1.75
-0.75
-0.5
-0.75
-1.25
-2.375
-3.75
-3.375
-2.375
-1
0.375
-1.125
-3.125
-6.375
-11.625
-17.125
-12
-8.375
-6.75
-3.75
-0.125
1.5
0.625
-4.625
-19
-24
-20
-11.375
-5.125
-2.625
-1.75
-0.375
1.625
2
2.5
1.75
-0.375
-1.25
-1.875
-2.875
-4.375
-3.5
-2.75
-1.375
0.625
-0.875
-3.5
-10.5
-19.25
-21.125
-10
-0.5
3.875
3.375
1.25
7.375
14.25
11
-8.25
-23.75
-28.625
-22
-9.75
-3.25
-1
0
2
2.125
2.125
1.25
-0.625
-1.25
-1.625
-2.625
-4.125
-3.75
-3.375
-1.125
2.375
1.25
-4.25
-15.25
-24.125
-18
-0.625
15.875
22.875
15.375
6.75
12.875
24.5
27.625
9.625
-15.125
-31.875
-32.625
-17.875
-6
-0.75
0.25
1.875
1.75
1.5
0.375
-0.625
-0.375
-0.375
-1.375
-3.25
-4.125
-4.125
-2.625
-0.375
-2
-10.625
-20.125
-22
-8.5
10.25
26.75
31.75
19.875
11
13.25
22.875
31.875
23.125
-0.375
-23.25
-34.5
-26.625
-13.125
-3.625
0.125
1.125
1
0.875
0
0.375
1.375
1.625
0.25
-2.625
-4.25
-4.5
-4.375
-5.125
-8.625
-18.625
-23.5
-17.75
-3
12.625
24
25.75
16.875
12
10
13.625
23.125
26.75
14.5
-5.125
-23.375
-29.125
-21
-9.75
-1.875
0.625
0.875
0.625
0
2.25
3
2.75
0.625
-2.875
-4.125
-4.125
-3.375
-4
-9.25
-19.125
-22.25
-15.875
-4.125
8.625
16
16.25
12.5
10.125
7.375
8
14.5
23.5
21.875
10.25
-7.125
-22
-22.375
-15.375
-6.25
0.125
1
1
0.625
2
1.75
0.875
-1.375
-4.125
-4.125
-3.75
-2.25
-2
-10.25
-19.875
-21.625
-14.25
0.125
12.25
16.75
14.625
12.125
10.75
9
8.625
11.125
18.625
21.75
16
2.625
-13.125
-20
-18.125
-10
-1.5
1
1.5
1.25
-0.75
-1.75
-2.5
-3.5
-5
-4.25
-3.875
-3.625
-5.375
-16.75
-23
-18.625
-5.25
13.25
21.625
19.875
13.875
12.5
10.625
9.375
7.75
7
15.75
21.625
19
8
-8.25
-19.375
-20.375
-13.125
-3.75
0.875
2
1.75
-2.625
-3.75
-3.75
-3.25
-4
-4
-4.5
-7
-11.625
-21.25
-19
-6.5
9.75
22.625
22
12.875
5.625
8
3.375
2.25
0.625
-0.75
12.625
22.625
24.25
16
-3.125
-18.625
-23.625
-17.875
-6.5
-0.25
2
1.625
-2.625
-3
-2.375
-1.5
-2
-3.375
-5.75
-10.25
-15.5
-18.625
-8.75
6.125
18.5
21.5
13.5
3.125
-2.25
-0.875
-7.25
-9.25
-9.75
-8.125
5
19.625
28.5
26.75
9.625
-11.75
-24.25
-23.625
-12
-3
1
0.75
-1.625
-1.125
-0.625
-0.375
-1.25
-3.25
-6.375
-11.75
-16.875
-14.625
-3.625
9
18.625
18.5
10.375
2.25
-3.625
-8.5
-14.625
-15.875
-13.5
-9.125
-2.125
9.375
21.625
28
19.75
-1.375
-22.5
-32.875
-24.625
-10.25
-0.125
3.75
-0.5
0
-0.125
-0.875
-2.25
-3.875
-7.5
-14.375
-20.375
-16.25
-7.125
3.5
12.25
11.75
5.125
-2.125
-8.375
-14.375
-16.5
-16.125
-14.75
-15.125
-17.625
-17.875
-10.5
0.125
4.125
-2.875
-21.625
-37.875
-34.5
-19.125
-2.625
7.25
0.25
0.125
-0.5
-1.75
-3.25
-4.375
-11.875
-21.75
-27.625
-22.125
-10.125
-1.875
-1.875
-11.5
-25
-30.625
-28.625
-25.875
-18.625
-21.125
-30.125
-41.75
-55.125
-61.5
-59
-49.125
-32.875
-20.5
-19.625
-23.625
-23.5
-18.875
-7.75
1
-0.125
-0.875
-1.5
-2.5
-4
-5.75
-16.5
-26.625
-30.375
-28.75
-22.25
-23.5
-35.625
-51.75
-66
-67.75
-58.5
-46
-31.875
-33
-44.125
-58
-71
-73
-69.125
-59.5
-38
-17.25
-1.75
5.75
2.25
-4.875
-5.625
-4.125
-1
-1.875
-2.375
-3
-4.375
-7.875
-15.125
-18.75
-17.875
-20.75
-27.375
-38.375
-52.25
-60.875
-61.75
-58.75
-51.5
-38.75
-26.625
-21.125
-20.75
-23.125
-24.5
-19.875
-13.375
-5.375
8.25
20
29.5
32
23.375
13.25
4.75
0
-1.125
-1.75
-2.125
-2.625
-4
-8.375
-7.625
-2.125
5.375
10.75
7.125
1.125
-3.25
-2.875
3.375
9
13
18.125
24.375
27.875
32.375
38.625
41.375
46.375
49.25
48.875
48.625
46.75
45.5
40.5
29.25
19.5
8.75
2.25
-0.875
-1.125
-1.125
-1.625
-3.375
-7.25
-0.25
12.25
25.625
40.125
44
44.125
45.375
47.75
50.5
52.625
53.375
53.5
55.125
56.375
58.5
61.25
60.5
59.5
57.625
55.125
52.875
49.5
44.75
36.5
24.5
14.25
5.5
1
0.25
1.25
1.5
0.625
-1.875
-6
1.125
14.875
30.375
45.5
49.875
48.75
46.875
46.25
44.625
41.5
39.5
40
38.125
40.625
41
36.375
34.75
30.5
28.375
30
31.75
32.375
29.625
23.875
15.75
8.25
2.875
0.25
2
4.25
4.5
2.875
-0.375
-5.375
-3
5.375
17.375
30
36
36.375
33.625
31.25
29.25
27
25.875
26.125
21.875
19.75
16.25
10
9.375
8.125
6.5
4.875
1.625
-1.125
-0.75
1.75
3.5
4.125
2.25
0.375
1.375
2.5
2.125
0.375
-2
-5.25
-5.375
-3.5
-0.5
3.125
6.25
9.5
12.75
16.125
17.625
16.75
14
10.75
6.125
1.875
-2.125
-6.75
-10.75
-12.875
-15.875
-19.375
-21.875
-24.875
-23.75
-18.375
-11
-4.25
-0.5
0.875
-0.875
-1.75
-3.25
-4.625
-5.25
-6.125
-6
-8.125
-13.875
-19.125
-23.375
-22.125
-15.75
-9.875
-6.875
-8.625
-13.75
-18.5
-22.125
-24
-25.125
-27.125
-31.625
-36
-39
-39.125
-35
-31.375
-28.875
-25
-17.875
-10.375
-3
1
1.75
4.375
12
18
14.375
-0.375
-15.625
-16.875
-8.375
-0.75
3.125
3.25
1.5
0.625
-0.125
-1.125
0.75
4.75
5.5
0.5
-2.5
4.125
17.25
23.25
11.125
-8.25
-19.25
-14
0.375
5.375
3.125
1.5
-1.625
-5.625
0.875
3.625
11.5
17
13.375
1.125
-11.25
-12.625
-5.875
0.125
3.25
3.75
1.625
0
-0.75
-1.75
0
4.375
6.125
2.5
-1
1.25
8.625
14
9.125
-1.75
-8.5
-6.25
0
0.5
-2
-1.5
-1.375
-4.75
-0.125
3.5
11.625
16
12
2.875
-5.25
-6.5
-2.375
1.625
3.75
3.875
1.5
0
-0.125
-1.125
0
4.5
7.625
5.375
1
0.125
4.125
8.5
6.875
1.75
0.125
2
0.75
-6.625
-13.375
-10.875
-3.875
-4
-0.875
3.375
11.5
16
14.5
9
2.25
-0.25
2.125
5
5.75
4.125
1.75
1.875
3.5
3.125
2.875
5.5
8.375
7.75
4
1.25
2.625
4
1.375
0
3.5
7.625
1.25
-17.25
-30.875
-25
-8.375
-2.5
-1.125
4.125
13.875
19.5
20.875
20.125
13.25
4.625
3.25
7.375
9.625
6.125
0.875
1
2.75
-0.625
-1.75
6.5
16
15.375
6.125
0
1.625
3.375
0
-1.75
3.25
9.625
0.625
-27.375
-49.25
-41.375
-14.5
-2.25
-1.125
5
16.375
24.875
32.25
36.75
26.125
7.25
1.125
8.625
14.25
8.125
-1.125
-1.5
-1.625
-11.375
-14.375
3.375
25.375
27.625
11.625
-0.25
0.625
3.5
-0.375
-4.25
0.25
8.625
-0.375
-34.375
-63.5
-55.25
-21
-3.875
-1.25
4.625
17.125
30.625
47.5
55.125
35.625
7
-2.5
9.625
19.5
8.125
-5.875
-5.25
-5.75
-22.25
-32.375
-10.25
26.5
42.625
28.375
6.625
0.5
3
-2.75
-9.5
-4.125
7.625
-0.25
-37.5
-71.625
-64.5
-26.75
-6.375
-1
4.25
16.75
34.375
59.5
70.5
43.875
5.875
-7.875
8
22.375
7.625
-10.375
-10.875
-16
-40.875
-52.75
-21.125
27.5
52.875
43.5
18.125
5.75
6
-1.25
-10.375
-5.75
6.375
0
-35.625
-73.125
-70
-31.625
-9.25
-0.75
3.875
15.625
35.875
66.75
78.625
47.25
5.375
-10.625
7.125
24.125
6.5
-14.75
-17.5
-27.125
-54
-61.25
-25.375
22.625
51.875
53.375
32.625
16.25
11.125
-0.25
-11
-6.125
6.25
1
-33.25
-73.375
-73.5
-34.375
-9.75
-0.5
3.75
14.5
35.625
69.125
80.625
47.125
5.75
-10.5
7.25
25
5.5
-18.75
-27
-40.5
-57.875
-51.375
-18.625
15
39.5
50.625
42.125
30.5
20.5
1.125
-12.25
-6.25
7
2.5
-31.5
-73.5
-75.75
-35.5
-8.5
0.125
4.25
13.875
34.25
67.25
80.25
49.75
8.375
-10
5.875
24.25
5.75
-23.125
-38.25
-52
-54.5
-30
-2.125
9.25
18.375
33.25
42
42.875
32.375
7
-10.375
-6.25
6.25
3.125
-29.25
-72.875
-77.75
-37.25
-8.875
0.5
4.375
13.5
33.125
65.25
79.625
52.25
11
-9.375
4.125
22.625
5.375
-28.5
-50.75
-59.875
-42.375
-5.375
10.125
3.5
2.375
13.25
32
49.625
45.625
15.625
-7.75
-6.5
5.25
4
-26.5
-71.625
-79.25
-39.375
-10.625
0.625
4.5
13.5
31.875
62.75
79.125
55.25
14
-9
1.875
20.375
4.125
-33.875
-62.375
-63.375
-25.875
13.75
13.375
0.5
-2.5
-4.25
14.625
50.125
58
25.875
-4.25
-6.375
5
5.25
-23.875
-69.75
-80.125
-41.75
-12.75
0.5
4.25
13
30.625
60.5
78.875
58.625
16.5
-9.375
-0.375
18.125
0.875
-42.875
-71.375
-54.75
-4.125
20.5
4
-0.625
5
-10.625
-4.875
37.5
62
38.75
3.875
-4.625
5.125
6.5
-21.125
-67.375
-80.5
-44.5
-15.5
0.125
3.75
12.625
29.625
58.375
79
62
18.875
-8.875
-2.125
13.25
-6.25
-51
-73.375
-39.75
15.25
18.125
-10.875
1.25
21.875
-7
-22.25
15
52.5
47.625
17.25
2
6.25
7.25
-19
-65
-80.375
-46.625
-16.75
-0.125
3.25
11.875
28.625
56.625
78.75
64.625
21.625
-6.875
-3.25
5.5
-18
-58.625
-66
-15.875
33.125
10.375
-29.125
0
40.875
7.25
-32.125
-14.875
27.125
48.625
33.875
14.375
10.5
8
-18
-62.875
-79.75
-48.5
-17.875
0.375
3.125
11.125
27.625
54.5
77.625
66.625
23.875
-6.375
-6
-3.625
-30.125
-61.25
-48.5
12
46.25
1.75
-44.875
-5.75
53.25
24.875
-31.375
-39.125
-5.375
35
42.75
30.125
20.875
10.875
-17.125
-60.875
-79.25
-50.875
-19.75
1.625
3.625
10.375
25.75
51.375
76
68.75
26.875
-5.875
-10.375
-15.625
-42.25
-56.5
-24
35.875
52
-4.75
-55.625
-14.75
58
41.375
-21.375
-50.75
-35
11.125
40.625
41.875
32.75
17
-14.875
-58.875
-78.625
-52.875
-21.25
3.25
4
9
23.375
48.125
74.375
70.875
29.375
-6.75
-16.75
-28.625
-50.5
-44.375
1.625
51.875
51.5
-9
-60.5
-21.875
57.125
50.75
-9.5
-49.25
-52.125
-14.5
26.375
44
43.375
26.625
-10.25
-56.375
-78
-54.75
-22.375
4.75
4.25
7.375
20.875
45.125
73.625
73.5
31
-9.5
-26.75
-43.375
-52.125
-22.25
28.125
58.5
43.5
-11.875
-58.875
-25.25
51.25
51.375
0.625
-37.625
-55
-36.5
3.625
36.375
49.5
36.875
-2.5
-51.75
-77.25
-57
-23.25
5.25
4
5.75
19.25
43.25
73
75.625
32.125
-12.875
-38.5
-55.25
-43.625
3.25
44.75
55.625
35.125
-12.875
-55
-27.375
43.375
51.25
9
-26.25
-48.625
-47.5
-19.75
17.5
46.875
47.625
8.625
-45.25
-75.625
-59.25
-24.25
4.625
3.25
5.25
19.25
42
71.75
76.5
31.75
-17.875
-49.75
-60.25
-25.75
29
52.625
46
25.875
-13.375
-50.75
-29.875
34.25
51.125
16.75
-15.375
-37.125
-49.75
-40
-6.875
35.875
54.625
21.875
-35.75
-73
-61.5
-25.375
3.375
3
6.125
20
40.75
69.625
75.5
29.25
-24
-57.125
-55
-2.125
48
50.5
32.75
17.625
-13.5
-48.875
-35
25.75
53.5
25.375
-5.75
-22.625
-41.25
-52.25
-34.875
13.5
54
36.375
-22.75
-68.75
-63
-26.5
2.375
3.125
7.375
20.625
39
66.75
73.875
25.25
-32.875
-60.375
-39.375
23.25
59.125
42.25
19.875
10.25
-17.625
-50.75
-38.875
21.125
58.5
33.625
0.625
-12.125
-30.375
-53
-55.5
-15.125
40.5
42.125
-6.625
-53
-57.625
-29.5
1.75
3.25
8.375
20.375
36.75
64.375
70.5
17.125
-41.625
-55.25
-17.375
40.5
57
31.5
11.625
4.375
-21.625
-51.875
-40
18.625
57.75
34.625
1.875
-6.875
-18.25
-42.875
-62.125
-37.375
21.625
40.375
9
-33.375
-49.875
-31.75
1.75
3.125
8.25
19.5
34.75
62.375
64.375
3.75
-49.625
-42.125
8.125
48.875
42.125
16.5
5.5
0.625
-20.875
-47.125
-36.625
14.875
45.875
26
-0.375
-5.75
-9.5
-28.375
-52.125
-40.5
8.125
32.875
19.75
-16.375
-43.75
-32.25
1.625
2.375
7.5
18.75
33
59.75
56.5
-9.625
-54.375
-32.5
16.75
42.75
28.875
9.25
2.25
-3.25
-18.25
-34.75
-24.875
12.75
32.125
16.5
-2.25
-6.5
-5.125
-11.75
-29.5
-29.25
-0.5
20.25
22.25
-5.125
-39.125
-32.875
0.75
1.375
7.125
18.25
31.125
56.125
48.625
-18.25
-52.375
-22.5
18.875
31.875
14.75
1.375
0.25
-1.25
-9
-20.5
-13.625
10.625
17.25
7.625
-0.5
-3.875
-2.125
-3.375
-11.75
-11.5
2.25
12.75
15.625
-10.25
-42.5
-31.75
-0.125
0.75
6.875
17.875
29.25
51.625
44.125
-16.125
-42.875
-15.25
15.125
21.125
6.75
-1.375
0.625
3.25
0.5
-10.375
-5.625
11.125
8.625
3.875
3.375
-1.125
-1
-1.125
-3.125
0.25
6.25
7.5
3.25
-24
-48.5
-30.5
-0.625
0.625
6.875
17.375
27.125
46.5
45
0
-25.625
-14.875
1
10.625
9.125
3.75
1.5
3.375
2.875
-4.25
1.125
14.875
11.75
6.25
3.25
-1
2.375
3.875
0.625
1
3
-0.75
-11.5
-37.75
-53
-30.75
0.25
1.5
6.75
15.625
24.125
41.5
48.625
21.125
-5.125
-9
-1.375
8.5
9.875
4.75
1.875
4.25
3.75
-3.75
1.125
14.875
12.75
6.625
2
-2
1.875
1.75
-3.25
-2.375
1.125
-4.625
-21.75
-48.5
-56.875
-31.25
2.25
3
6.25
13.125
20.625
36.875
52
39.875
13.625
-2.25
-1.25
8.375
10.375
4.5
1
3.25
2.875
-4.125
-1.125
11.25
11.75
5
-1.625
-3.375
1.5
-1.375
-8.125
-5.375
1.25
-4.5
-25.75
-53.875
-59
-31.625
3.625
3.75
5.375
10.625
18
34.25
54.375
51
23.25
-1.625
-3.5
10.75
15.5
6.625
-1.125
-1.75
-2
-5.25
-2.375
8.125
10.875
0.5
-11
-7.875
3.375
0.625
-7.375
-4.375
1.25
-4.625
-23
-50
-58
-32.625
4.625
3.75
4
8.125
16
32.125
53.25
53.375
24.875
-2.125
-3.375
11.625
17.75
8.375
-1.875
-3.625
-4.5
-8
-6.125
3.25
8.125
0.125
-11.375
-9.25
1
-1.875
-8.5
-3.125
5.375
2.5
-14.625
-43.875
-56.5
-34
-3.27778
-5.05556
-6.16667
-5.05556
-2.55556
0.944444
5.16667
9.55556
13.5556
15.7778
16.7778
17
17.1667
17.4444
17.6111
17.6111
18.2222
19.7222
20.6667
20
16.8333
12.7222
9.44444
7.94444
9.77778
12.6667
16.7222
19.6667
19.2222
16.4444
10.7778
5.77778
-1.44444
-2.27778
-2.05556
0.722222
5.05556
10.1667
16.0556
22.3889
27.8333
31.0556
32.8333
34.1667
35.7778
37.2778
39
40.8889
43.6111
46.5556
48.7222
49.9444
49.7778
48.2222
46.2222
45.1667
46.6667
49.2222
50.4444
48.8333
42.6667
34.7222
24.8333
14.7222
0.722222
2.05556
5.5
12.1111
19.6111
27.2778
35.3889
43.8333
50.2778
53.6111
55.8889
58.1111
59.8889
60
60.3889
62.0556
65.5
68.6667
71.6111
74.8333
77.3333
77.7222
76
74.3333
74.0556
75.0556
73.1667
67.1667
56.3889
44.6111
32.2778
18.9444
1.94444
5.83333
13.5
25.0556
36.7778
47.4444
57.7222
67.7778
74.3889
76.5
78.1111
80.2222
80.5556
76.2778
71.2778
69.3889
70.7778
72.4444
75.2222
80.2222
85.4444
87.6667
85.7222
82.3889
79.5
78
73.6111
65.1111
52.8333
40.6111
28.5556
15.5
1.94444
6.83333
17.3889
31.5556
45.2222
57.1111
67.7222
77.3889
81.2222
80.3333
79.1667
78.7222
75.2778
63.6667
49.8889
39.6111
34.9444
33.5
35.5
42.3889
51.9444
59.1667
60.5556
58.2778
55.4444
53.6111
50.3333
44.1667
35.2778
26.6111
17.6111
8.11111
1
5.22222
15.3889
27.5
39.2778
49.2778
57.8333
65.3889
66.1667
63.6111
60.3333
57.6667
51.5556
36.2778
18.3333
2.55556
-8.11111
-12.4444
-10.7222
-2.72222
9.44444
21
27.7778
28.6111
27.4444
26.2222
24.9444
22.2222
17.7778
13.3333
8
2.83333
0.166667
2.66667
9.44444
16.0556
22.8889
28.7778
33.6667
38.1667
36.9444
34.6111
30.6111
26.2778
18.7778
4.72222
-10.7222
-26.3333
-39.8333
-45.5
-43.4444
-35.9444
-24.5
-11.7778
-0.222222
4.88889
6.72222
6.88889
7.33333
7.5
6.66667
5.38889
3.22222
1.5
-1.05556
-0.333333
2.27778
4.5
7.11111
9.66667
11.7778
13.9444
13.5556
12.8333
9.77778
4
-5.11111
-13.9444
-20.8333
-28.6111
-38.6111
-43.7222
-41.0556
-36.1667
-30.6667
-24
-13.5
-4.66667
0.555556
1.88889
2.55556
3.38889
3.38889
2.83333
2.55556
2.72222
-1.38889
-1.61111
-1.77778
-1.66667
-1.22222
-0.277778
0.555556
1.27778
2.22222
2.05556
-1.33333
-9.16667
-18.3889
-20.7778
-19.3333
-19.1667
-22.3889
-24.7222
-23.4444
-24.5556
-26.7222
-26.6667
-20.3889
-10.6111
-2.83333
0.5
1.72222
2.77778
2.83333
2.38889
2.66667
2.94444
-1.33333
-1.94444
-3.16667
-3.22222
-3.05556
-2.38889
-1.88889
-1.77778
0
-0.666667
-5.16667
-14.7222
-22.2778
-19.4444
-13.1111
-8.16667
-4.38889
-3.27778
-5
-12.6667
-20.6111
-24.6667
-23.7778
-15.5556
-6.55556
-0.944444
1.33333
2.61111
2.72222
2.38889
2.55556
2.16667
-0.944444
-1.61111
-3.22222
-3.38889
-3
-2.33333
-1.94444
-2.05556
-0.444444
-2.16667
-8.05556
-17.3333
-20.1111
-14.3333
-7.94444
-3.44444
4.27778
8.11111
2.44444
-9.66667
-18.8333
-21.8889
-24.1667
-19.5556
-11.6667
-4.5
-0.888889
1
1.83333
2.05556
2
1
-1
-1.88889
-3.55556
-3.55556
-2.94444
-2.38889
-2.16667
-2.38889
-1.38889
-4.16667
-10.6111
-18.7222
-17.3889
-12.1111
-9.11111
-6.61111
3.94444
10.3889
2.61111
-9.83333
-17.1111
-18.2778
-23.3333
-22.6111
-16.7778
-8.72222
-3.27778
-0.555556
0.944444
1.44444
1.83333
1.22222
-1.27778
-2.44444
-4.22222
-4.05556
-3.38889
-2.72222
-2.22222
-2.33333
-2.27778
-6.66667
-13.5556
-19.2778
-14.5
-10.3889
-10.2222
-8.72222
3.33333
11.7222
4.22222
-6.38889
-12.9444
-13.9444
-20.8333
-24.3333
-22.3889
-14.9444
-6.61111
-1.77778
0.722222
1.11111
1.83333
1.72222
-1.61111
-2.83333
-4.44444
-4.27778
-3.94444
-3
-1.83333
-2.05556
-3.66667
-10.3333
-17.3889
-19.3889
-12.0556
-7.22222
-6.33333
-2.94444
9.44444
18.7778
14.1111
5.66667
-3.38889
-7.33333
-15.5556
-23.7778
-27.5556
-22.8333
-11.2778
-3.33333
0.777778
1.11111
1.77778
1.83333
-1.5
-2.5
-4.11111
-4.44444
-4.38889
-3.38889
-2.33333
-3.11111
-7.11111
-14.8889
-20
-16.5
-7.5
-0.222222
5.38889
11.1111
19.8333
25.6111
24.6111
19.8333
9.05556
0.944444
-8.44444
-19.8333
-28.6667
-29.4444
-18.5
-7.33333
-0.166667
1.16667
1.27778
1.11111
-0.611111
-1.27778
-3
-3.94444
-4.38889
-3.94444
-3.88889
-5.83333
-12
-19.2778
-21.2222
-13.5556
-4.44444
4.94444
15.4444
22.6111
26.4444
27.1667
28.8889
28.2778
19.7222
9.77778
-0.277778
-12.7222
-24.0556
-30.1667
-24.1667
-12.8889
-3.33333
0.222222
0.666667
0.5
0.833333
0.111111
-1.88889
-3.27778
-4.05556
-4.55556
-6.22222
-9.61111
-17.1111
-22.2222
-20.5
-11.5
-3.66667
6.38889
19.8333
26.6111
25.7778
21.8889
24.2778
27.5
25.4444
17.2222
7.22222
-4.11111
-14.9444
-24.3333
-26.3333
-18.4444
-8.16667
-1.94444
0.0555556
0.388889
1.38889
0.333333
-1.77778
-3
-4.11111
-4.72222
-6.72222
-11.8333
-19.7778
-22.9444
-18.7222
-10.8333
-4.88889
5.61111
19.6111
25.6667
22.2778
16.9444
18.8333
23
25.6667
21.5556
14.1111
4.33333
-5.94444
-15.7778
-22.8333
-20.5
-12.6667
-5.27778
-0.777778
0.833333
0.333333
-0.888889
-2.88889
-3.77778
-4.66667
-5.11111
-7.5
-14.8889
-21.4444
-21.3333
-14.5556
-7.77778
-2.66667
8.66667
20.9444
24.9444
18.6111
13.2222
14.3333
18.1667
23.2778
22.6667
18.9444
10.6111
0.444444
-8.88889
-18.5
-20.8889
-16.1111
-8.72222
-2.11111
1.05556
-1.94444
-2.94444
-4.55556
-5
-5.55556
-6.11111
-9.27778
-18.2778
-21.5556
-17.3333
-8.38889
-2.22222
3.05556
14.7778
23.1667
23.7778
14.2778
9.66667
10.3889
13.2778
18.5556
20.8889
22.1111
15.7222
5.27778
-3.94444
-14.0556
-19.9444
-18.5556
-12.5
-4.33333
0.722222
-3
-3.55556
-4.94444
-5.38889
-5.94444
-8
-13.1111
-21.2778
-18.7222
-10.1111
-0.777778
4.22222
10.3333
19.7222
20.9444
16.2222
4.44444
1.44444
1.77778
4.05556
9.94444
16.5556
24.0556
21
10.6111
1.05556
-9.5
-18.4444
-20.8889
-17
-7.72222
-0.888889
-2.77778
-3.11111
-4.33333
-4.94444
-6
-10
-16.5
-21.1667
-14.5
-4.55556
3.72222
9
15.8333
20.5556
15.4444
7
-4.55556
-7.05556
-7.16667
-5.33333
0.0555556
9.55556
22.0556
24.1111
15.1111
4.5
-6.5
-17.5556
-23.6111
-23
-13.8333
-4.72222
-1.38889
-1.72222
-3.05556
-4.05556
-6.55556
-12.7222
-19.7778
-19.9444
-11.3889
-3.27778
2.83333
8.88889
15
13.5556
4.05556
-5.22222
-13.6111
-16.7222
-17.7778
-17.1111
-14.3889
-6.33333
6.33333
12.8889
8.16667
-0.833333
-10.1667
-19.8889
-26.1111
-27.6111
-20.3333
-10
-0.833333
-1.38889
-2.77778
-4.11111
-8.83333
-17.0556
-24.0556
-21.0556
-13.8889
-10.0556
-6.27778
0.611111
3.88889
-3.05556
-13.0556
-18.8333
-21.5556
-26.1667
-28.7222
-30.4444
-33.0556
-33.9444
-29.3889
-21.2778
-17.7778
-20.3889
-24.8889
-27.7778
-27.3889
-27.6667
-23.9444
-14.8889
-0.777778
-1.55556
-3.22222
-5.11111
-12.6111
-21.9444
-28.1667
-25.8889
-23.5
-26.1111
-26.6111
-24.2778
-27.8333
-38.3333
-45.6111
-45.1111
-40.8889
-43.4444
-45.3333
-48
-54
-61.6111
-64.4444
-56.3333
-43.5
-35.6111
-31.0556
-25.3333
-17.8333
-16
-16.5556
-12.4444
-1.38889
-2.38889
-4.22222
-6.88889
-15.0556
-23
-27
-26.7778
-29.2222
-35.6667
-39.3889
-42.3889
-51.2222
-61.0556
-63.3333
-57.1111
-47.6111
-46.2778
-45.6667
-46.6667
-51.8889
-60.4444
-66.3889
-59.1111
-41.9444
-27.9444
-17.3889
-7.61111
1.55556
3.16667
-1.44444
-3.55556
-1.83333
-2.94444
-4.94444
-8.44444
-13.8333
-16.6667
-16.5
-17.6667
-22.7222
-28.2222
-32.1667
-38.6111
-48.1111
-53.0556
-49.4444
-40.3889
-29.8889
-24.4444
-19.9444
-16.2222
-15.9444
-17.8333
-19.4444
-12.6667
0.777778
11.7778
21.1111
26.6111
27.9444
24.6111
16.3889
9.16667
-1.83333
-2.88889
-4.72222
-8.61111
-8.44444
-4.33333
1.33333
4.11111
4.5
7.38889
7.16667
2.77778
-2.44444
-2.66667
2.44444
9.16667
16.4444
21.8889
26.9444
31.7778
34.3333
35.9444
36.5
40.2222
45.7778
49.3889
52.3889
50.7222
43.6667
35.1667
24.6667
15
-0.777778
-1.5
-3.22222
-7.22222
-3.11111
6.11111
16.2222
24
31.2778
41.8889
45.4444
43.5
41.5
42.7222
46.1667
49.2778
51.5556
54.8333
58
60.7778
62.3333
63.6667
64.6667
64.7222
63.7778
62.2222
60.3333
54.3333
43.5
33.5
23.6667
14.5556
1.05556
0.666667
-0.944444
-4.94444
-0.333333
9.5
20.9444
31.5
42.9444
56.8333
61.8333
61.1667
59.2778
58.5556
58.3889
58.3333
56.2222
56.1667
55.8889
54.2778
51.9444
49.5
48.8333
45.8889
42.7222
41.1667
39.2222
34.6111
27.2222
20.8333
14.7222
8.88889
1.88889
1.5
-0.166667
-3.77778
-1.61111
4.44444
12.5
20.3333
29.5
40.5556
45.6111
46.2778
45.4444
44.6667
43.3333
41.8333
37.3889
34.6111
31.3333
26.8889
22.1111
17.8333
15.6111
11.1111
7.22222
5.83333
5.38889
4.05556
2.83333
2.88889
2.77778
2.33333
0.777778
0
-1.5
-4.61111
-4.72222
-3.33333
-1.05556
1.33333
4.61111
10.2778
13.3889
14.6111
15.1667
15.1111
14
11.7778
6.5
2.16667
-2.16667
-6.77778
-11.6667
-16.1667
-18.7778
-22.2778
-24.8333
-25.4444
-24.1111
-21.5
-16.7778
-11.5
-7.05556
-3.16667
8.38889
15.8333
19.8333
14.8333
3.11111
-8.83333
-11.9444
-8.11111
-1
3
4
2.77778
1.16667
0.111111
0.277778
2.94444
6.11111
7.05556
4.77778
3.33333
8.16667
15.6111
18.6667
10.9444
-1.44444
-8.55556
-7.94444
-3.77778
-4.77778
-7.22222
-9.22222
-8.22222
8.55556
16.7222
21.0556
17.5
7.72222
-2.16667
-5.16667
-2.27778
3.27778
5.83333
5.38889
3.38889
2.22222
2.05556
2.55556
4.55556
7.38889
8.88889
7.27778
4.61111
5.44444
8.77778
10.6667
6.72222
0.666667
-1.88889
-2.33333
-5.16667
-14.6667
-20.8333
-20.0556
-12.6111
8.72222
18.1667
24.5
24.5556
17.7222
8.61111
2.5
2.5
6.27778
8.61111
7
3.77778
1.55556
0.333333
-0.388889
2.05556
8.16667
13.5556
13.0556
7.61111
4.11111
4.16667
5.22222
3
0.722222
1.5
0.944444
-7.27778
-24.8333
-35.6111
-33.5
-19.8333
8.61111
19.6111
29.9444
35.9444
32.7778
22.1111
9.83333
5.33333
7.61111
10.6111
8.11111
3.44444
-1
-5.16667
-8.72222
-5.61111
6.66667
19.3333
22.2222
14
6
2.66667
2.94444
1.16667
0.388889
2.66667
1.83333
-10.1111
-34.6111
-50.2778
-48.3333
-29.1667
9.16667
22.5
37.3889
48.6667
47.6667
33.4444
15.1667
7.27778
9.44444
13.1111
8.05556
1.05556
-5.38889
-11.6667
-19.1111
-18.3889
-1.27778
21.7222
33.9444
27.0556
14.2778
5.27778
2.66667
-0.388889
-1.11111
2.16667
2.11111
-12.5
-43.6111
-64.7222
-63.2778
-38.7778
10
25.4444
44.8333
61.1667
62.0556
43.9444
19.5
8.5
10.8333
15.6111
8
-1.44444
-11.2222
-20.6111
-32.2222
-32
-9.77778
22.8889
43.3889
40.2778
25.3333
11.6667
4.22222
-2.05556
-4
0
1.16667
-14.6667
-50.4444
-76
-75.2222
-46.6111
10.1667
27.5556
51.6667
73.3889
76
53.6667
22.6667
8.38889
11.1667
17.5
7.83333
-4.94444
-19.6667
-32.6111
-46.2778
-43.2222
-15.9444
23.2778
48.5556
49.9444
36.0556
20.4444
8.22222
-2.55556
-7.05556
-3.22222
-0.777778
-16.2778
-54.1111
-82.6111
-83
-52.1667
10.0556
28.6667
56.6111
82.9444
87.3333
61.3333
24.3333
6.61111
9.55556
17.6111
6.33333
-11.1111
-32.8889
-49.1667
-60.6111
-50.0556
-17.1667
23.9444
49.0556
52.8333
43.5556
30.8889
17.7222
2.66667
-5.88889
-4.44444
-1.66667
-16.1667
-53.8333
-84.3889
-87
-56.3889
9.83333
28.7222
58.6667
87.5556
93.2222
65.5
25.6667
5.94444
8.66667
16.7222
2.88889
-19.1667
-44.8333
-59
-64
-48.1667
-17.3889
18.5
42
51.1111
49.6111
41.5556
28.0556
8.94444
-3.61111
-4.5
-1.16667
-14.6667
-52.0556
-84.6111
-89.5556
-59.8333
9.55556
28.0556
58.3889
88
94.6111
67.0556
27
6.33333
8.33333
15.3333
-1.05556
-27.5
-54.9444
-63.8889
-59.1111
-38.9444
-14.1667
11.1667
30.3333
43.7778
51.8333
50.6667
39
16.1111
-0.666667
-4.05556
-0.111111
-12.7222
-49.8333
-84.1667
-90.8889
-62.1667
9.61111
27.2778
56.5556
86.5
94.7778
69.6667
29.5
6.94444
7
13.2778
-4.16667
-35
-64.4444
-68.6667
-52.1667
-25.3333
-3.72222
8.66667
17.7778
27.8889
44.9444
54.8889
50.8333
26.5556
4.88889
-2.5
0.333333
-11.4444
-47.9444
-83.1667
-91.5556
-63.7778
9.33333
26.3333
54.7778
85.2222
94.9444
72.0556
31.6111
7.27778
5.61111
10.2778
-9.27778
-44.8333
-72.0556
-67.7778
-38.8889
-10.9444
5.83333
7.5
9.72222
11.9444
31.1111
49.7222
57.8889
38.0556
13.5556
1.16667
1.38889
-10
-45.7222
-81.7778
-91.9444
-65.7778
9.05556
25.4444
53
83.8333
95.1667
74.7222
34.3333
8.11111
3.5
4.77778
-17.4444
-54.3889
-73.8333
-58.6111
-21.5556
-0.166667
9.33333
5.38889
7.66667
2.27778
15.6111
35.5
54.9444
46
24.1667
8.72222
4.61111
-7.77778
-43.2778
-80.1111
-92.2778
-68.2778
8.61111
24.3889
51.1111
82.3889
95.1667
77.4444
37.5
9.38889
0.444444
-3.44444
-27.9444
-61.0556
-67.3889
-41
-3.66667
3.38889
3.88889
1.33333
12
2.55556
3.16667
14.8889
40.4444
47.2222
34.8889
20.2778
10.8333
-4.55556
-40.7778
-78.3333
-92.3333
-70.7222
8.38889
23.5
49.2222
80.6667
94.8333
79.5
39.6667
9.22222
-4.55556
-12.3333
-36.3333
-61.3889
-55.2778
-22.4444
9.16667
1.66667
-3.38889
-0.833333
19.8333
7.38889
-4.61111
-4.94444
20.6667
39.3889
40.1111
32
20.7222
1
-37.6111
-76.7222
-91.9444
-72.3333
8.38889
22.2778
46.7778
78.3889
94.2778
81.5
41.6667
8.61111
-10.8889
-22.3889
-44.5556
-58.5556
-39.6667
-2.16667
20.6667
-1.5
-11.8889
-3.16667
28.2222
15.6111
-7.94444
-22.3333
-1.38889
25.7222
39.7222
41.0556
31.1667
8.44444
-33.1111
-74.5556
-91.3333
-73.6111
8.27778
20.6667
44
75.9444
93.6111
83.3333
43.4444
7.27778
-18.6667
-33.8889
-52.0556
-52.0556
-20.1111
20.1667
31.7222
-4.5
-21.2222
-6.88889
34.6111
25.6111
-7.22222
-36.2222
-24.1111
7.66667
33.6111
46
40.6667
17.4444
-26.7222
-71.3889
-90.7222
-75.1667
8.16667
19
41.2222
73.5556
93
85.2778
45.1667
4.61111
-29.1111
-46.6111
-55.5
-37.2778
4.44444
40.8333
37.3889
-8.88889
-29.9444
-11.5
37.0556
34.6667
-1.77778
-43.1111
-43.7778
-13.6667
21.1667
45.5556
47.9444
26.7222
-18.7778
-66.7222
-89.3333
-76.3889
8
17.5556
38.8889
71.3333
92.1111
86.2222
45.0556
-0.888889
-40
-55
-50.1111
-17.3333
26.4444
52.7778
37.1667
-12.9444
-35.3889
-15.6667
35.3333
40.5
7.16667
-40.2222
-54.0556
-34.5
1.55556
36
50.8333
36.4444
-8.44444
-60.0556
-87
-77.2778
7.94444
16.6111
37
69.1111
90.8889
86.1111
43.0556
-8.27778
-49.4444
-57.5556
-37.5
3.66667
42.5
55.6667
32.7222
-16.1111
-37.8333
-19.3333
30.5
42.9444
17.6667
-28.6667
-52.8889
-49.6111
-21.7222
17.1667
45.9444
44.0556
3.66667
-50.7222
-83.2222
-77.7222
7.77778
16
35.5
67.1667
89.1667
85
40.1111
-14.6111
-54.6111
-54.7778
-22.6667
20.1111
51.1111
52.8333
27.1667
-19.1111
-40.5556
-23.4444
26
45.6111
27.3889
-14.5556
-43.6111
-53.1111
-40.8333
-7.5
29.7222
45.1111
15.4444
-38.4444
-77.2778
-77.1111
7.44444
15.6667
34.4444
65.6111
87.3333
82.7778
35.5
-21.5
-57.3889
-47.3333
-4.27778
37.2222
57.8333
47
17.7778
-25.5556
-44.7778
-26.5
23.1667
48.6667
35.1667
-3
-34.0556
-51.1111
-52.3333
-29.3889
7.72222
36.3333
21.6111
-23.6667
-64.3889
-71.2778
7.16667
15.6111
33.7222
64.1667
84.4444
78.1667
28
-27.9444
-55.6111
-34.0556
14.8333
49.4444
57.6667
37.2222
7.5
-30.7778
-47.0556
-28.3889
19.2222
47.6667
37.9444
4.55556
-25.3333
-45.4444
-56.0556
-43.6111
-11.0556
25.1111
24.5556
-9.61111
-49.1111
-63.2222
6.94444
15.6111
33
62.3333
79.7222
70.1667
17.2778
-32.7222
-47.3333
-14.9444
30.7222
50.2778
45.6667
23.1667
0.0555556
-30.5
-44.6667
-28.9444
13.0556
40.4444
34.5
7.94444
-17.3889
-37.3889
-53.1111
-47.7222
-20.1111
18.3333
26.7222
1.11111
-35.9444
-55.8889
6.66667
15.4444
32
59.8889
73.6111
60.8333
6.61111
-36.2222
-41.5
-4.44444
34.6111
44.0556
33.6111
13.2222
-3.94444
-27.4444
-38.6667
-25.1111
10.6667
34.6667
30.3333
9.94444
-9.11111
-24.5556
-41.6111
-43.0556
-24.1667
11.1111
24.9444
6.77778
-26.6667
-50.3333
6.16667
14.9444
30.5556
57
67.6111
52.8889
-0.666667
-36.2222
-35.2222
2.44444
33.2778
36.1667
23.8889
7.83333
-5
-23.1111
-31.3889
-19.6111
10.4444
29.4444
25.8889
10
-3.38889
-13.3333
-28.5
-34.2778
-24.5
3.83333
19.4444
6.94444
-22.1111
-47.1111
5.5
14.0556
28.9444
53.8889
62.9444
48.2222
-2.27778
-32
-28.2778
6.88889
30.2778
29.8333
17.8889
5.94444
-4
-17.7222
-22.7778
-13
10.8333
23.3333
20.1667
7.05556
-2.44444
-8
-17.4444
-22.4444
-19.3333
-1.5
10.6111
1.05556
-22.5
-46.0556
4.94444
13.2222
27.3889
50.5
59.2222
47.1111
2.88889
-22.5556
-20.5
7.38889
23.2778
20.5556
10.2222
3
-2.11111
-9.72222
-11.8889
-5.33333
10.5
16.1111
12.4444
2.83333
-2.27778
-3.11111
-6.55556
-8.16667
-8.16667
-0.833333
2.11111
-11.3889
-32
-50.7778
5
12.5
25.3333
46.2222
55.7778
48.6667
13.4444
-9
-12.0556
5.33333
14.8889
12.0556
5.05556
1.83333
0.833333
-2.38889
-3.11111
0.277778
9.88889
11.3333
7.88889
1.44444
-1.11111
-0.166667
-1.33333
-0.555556
-0.333333
1.55556
-3.5
-23.5
-44.3333
-58.2222
5.5
11.8889
22.8333
41.2778
53.2222
53.0556
28.1667
5.72222
-5.72222
0.611111
8.38889
9.61111
6.72222
3.66667
2.61111
0.222222
0.333333
3.16667
10.8889
11.9444
8.27778
2.72222
0.277778
1.11111
-1.27778
-1.61111
-1.33333
0.0555556
-8
-31.8333
-54.1667
-64.5556
5.66667
10.9444
20.3889
37.3333
52.8333
59.1111
42.2778
18.3333
1.38889
2.11111
10.7222
13.7222
10.5556
4.77778
1.44444
-2.05556
-1.83333
1.83333
10.1111
10.8889
5.22222
-1.27778
-3.61111
-1
-3.22222
-3.72222
-3.83333
-2.38889
-11.0556
-35.4444
-57.7778
-66.7778
5.66667
9.55556
17.9444
33.7222
52.3889
63.5556
52.9444
27.5556
6.16667
2.83333
11.8333
16.0556
12.0556
3.88889
-1.11111
-5
-4.94444
-0.944444
7.27778
9.11111
2.77778
-4.27778
-7
-3.27778
-4.16667
-3.77778
-3.44444
-1.72222
-10.3333
-34.6111
-57.2778
-66.7222
0.28125
3.9375
8.875
14.75
21.0938
27.6563
34.4688
40.9063
46.0625
49.125
51.1563
52.0938
52.7188
53.4688
55.2813
57.8438
60.1563
61.0938
60.4063
59.25
58.5
58.5938
59.5938
60.125
58.5938
54.5
48.4063
43.125
37.7813
30.9688
5.65625
12.625
20.4375
28.8125
37.4688
46.7813
56.0313
63.875
69.1875
71.6875
72.7813
72.125
71.0313
70.1875
71.3438
73.4375
75.5
76.6875
77.875
79.7188
81.4688
82.375
82.4375
82.4688
80.1563
74.2188
64.5
55.1563
46.3125
36.9375
11.1563
21.0938
31.3438
41.4688
51.7813
63.5625
74.7813
83.0625
87.0625
88.1875
87.7188
84.6563
80.3125
75.4375
73.6875
74.4688
75.75
76.4375
78.3125
82.3125
86.5625
89.0625
89.0313
87.9063
84.4063
77.4063
66.125
54.875
44.5313
34.5625
14.1563
25.7188
37.0938
47.4375
57.5625
69.6875
80.875
88.2188
89.9063
88.1875
83.6563
75.625
66
55.6563
48.9688
46.0938
44.8438
43.9375
46.375
53.2813
61.1563
66.6875
68.8438
68.5
66.3438
61.5
52.5
42.75
33.5
24.9063
13
23.375
33.5
42.2188
50.4375
61.0625
70.5625
75.9063
75.3125
71.5
64.0938
53.5625
41.4688
27.7188
16.875
10.9063
8
6.875
10.25
18.125
27.3125
35.0313
40.375
41.9688
41.7188
39.2813
33.375
26.625
20.125
14.4063
9.125
16.1563
23.2813
29.125
34.375
42.0625
48.625
51.6563
49.25
43.9063
34.9063
24.9063
14.2188
0.75
-11.75
-19.7813
-23.5625
-23.3438
-18.1875
-11.0313
-3.1875
4.78125
12.7813
17.2188
19.7188
19.7813
16.6875
12.9688
9.65625
7
3.59375
7.4375
11.5938
14.875
17.375
21.4688
25.1563
26.5625
23.6875
17.125
7.125
-0.71875
-6.96875
-15.5938
-26.5625
-35.9375
-40.625
-39.1875
-32.5313
-27.0313
-22.5938
-17.125
-8.875
-1.5
4.46875
7.34375
6.90625
5.53125
4.28125
3.3125
-0.4375
0.875
2.65625
4.15625
5
6.4375
8.21875
8.46875
5.46875
-1.75
-10.3438
-13.625
-13.9375
-16.7188
-23.5938
-31.875
-36.2813
-33.5938
-27.0313
-25.0313
-25.4063
-23.625
-17.9688
-9.875
-1.96875
2.6875
3.4375
3.03125
2.6875
2.375
-2.78125
-2.65625
-1.96875
-1.21875
-1.09375
-1.25
-0.625
-0.875
-3.9375
-11.8438
-18.3125
-17.9375
-14.3438
-13.0313
-14.9688
-21.125
-25.2188
-22.5
-17.9375
-19.1875
-22.875
-23.875
-22.3438
-15.2813
-6.34375
0.15625
2.09375
2.21875
2.15625
1.84375
-3.90625
-3.8125
-3.3125
-2.6875
-2.6875
-3.59375
-3.40625
-4.40625
-8
-15.875
-19.0313
-16.5938
-12.375
-9.75
-7.90625
-10.375
-12.7188
-11.6563
-12.2188
-16
-20.2813
-21.9688
-24.0313
-19.7813
-11.4688
-3.25
0.875
1.71875
1.5625
0.90625
-3.96875
-3.875
-3.4375
-2.84375
-2.625
-3.6875
-4.25
-6.375
-10.625
-17.5313
-17
-13.875
-11.625
-10.4063
-5.5
-3.0625
-2.46875
-3
-9.46875
-15.3438
-18.3438
-18.5938
-23.1563
-22.7188
-16.875
-8.21875
-1.65625
0.59375
1.0625
0.53125
-4.1875
-4.1875
-3.8125
-3.15625
-2.65625
-3.6875
-5.375
-8.9375
-13.4688
-17.7813
-13.6563
-10.4063
-10.5313
-11
-4
3.875
8.5625
6.53125
-6
-14.3125
-16.25
-14.9375
-20.4063
-23.875
-22.0625
-14.6563
-5.40625
-0.9375
0.71875
0.5625
-4.3125
-4.40625
-4.1875
-3.71875
-3.34375
-4.65625
-7.90625
-13.0938
-17.25
-17.6875
-10.5938
-6.71875
-7.59375
-8.34375
-0.15625
12.5313
21.4063
18.4375
1.8125
-9.53125
-12.5
-11.1875
-16.125
-22.8125
-25.625
-21.25
-10.5938
-3.625
-0.125
0.5
-4
-4.25
-4.125
-3.75
-3.65625
-5.59375
-10.9688
-17
-19.4063
-15.8438
-7.71875
-3.25
-3.21875
-3.0625
6.1875
21.1563
32
29.4063
13.0938
-0.625
-6.40625
-6.5625
-10.75
-18.8438
-25.4688
-25.4375
-16
-7.3125
-1.71875
0.1875
-3.28125
-3.71875
-3.75
-3.75
-4.46875
-7.5
-14.75
-20.75
-20.8125
-14.0938
-6.1875
-1
1.125
3.34375
13.125
27.5625
37.9063
36.2188
23.7188
9.65625
0.78125
-2.21875
-5.875
-13.625
-22.125
-26.0313
-20.1563
-11.6875
-4.6875
-1.03125
-2.84375
-3.28125
-3.40625
-3.90625
-5.84375
-10.6563
-19.375
-24
-20.9375
-12.5313
-6.125
-0.8125
3.78125
9.34375
19.5938
30.625
37.3438
36.5625
30.8125
19.375
8.5625
2.0625
-1.875
-8.09375
-16.125
-22.5625
-21.9063
-15.875
-8.53125
-2.96875
-2.71875
-3.1875
-3.40625
-4.15625
-6.9375
-13.4688
-22.0313
-24.0625
-18.1875
-10.1875
-5.6875
-1.15625
4.78125
13.4688
22.75
29
31.1875
31.3125
31.9375
25.5938
15.7188
6.78125
1.75
-3.0625
-9.625
-16.5625
-20.3125
-18.3438
-12.4688
-5.625
-3.28125
-3.84375
-4.21875
-5.40625
-8.90625
-16.7188
-23.4688
-22.2813
-14.3125
-7.625
-4.5625
-0.71875
6.03125
17.25
24
25.1563
23.0313
23.4375
28.375
27.7188
20.6563
10.625
4.53125
0.25
-4.625
-10.4688
-16.8438
-19.25
-16
-8.90625
-4.1875
-4.875
-5.5625
-7.1875
-11.2813
-19.3438
-22.875
-18.5625
-9.53125
-4.375
-2.125
1.375
8.46875
20.125
22.375
18.9375
13.875
14.25
21.0313
25.4063
22.625
14
7.78125
2.96875
-0.90625
-5.125
-12.0625
-18.2813
-18.5938
-12.8125
-4.5625
-5.5625
-6.59375
-9.0625
-13.875
-20.6875
-20.1563
-13.4063
-4.5625
-0.875
1.28125
4.78125
11.5313
20.875
17.375
10.5938
4.65625
5.03125
11.1563
18.5
20.625
15.7813
10.5313
4.4375
-0.4375
-4
-9.6875
-17.0938
-20.625
-17.5938
-4.4375
-5.65625
-7.5625
-11.4688
-17
-21.2813
-17.625
-10.3438
-3.1875
-0.5625
1.53125
5.28125
11.25
16.0938
8.34375
-0.3125
-6.375
-7
-3.0625
4.4375
9.75
9.3125
5.8125
-0.6875
-6.25
-9.15625
-11.7813
-17.5
-22.2813
-21.9375
-3.84375
-5.1875
-8.65625
-14.5
-20.6875
-21.875
-16.375
-10.6563
-6.96875
-6.125
-4.65625
-0.90625
3.71875
3.3125
-6.6875
-15.9688
-21.6875
-23.9063
-22.8125
-17.6875
-12
-9.46875
-10.8125
-15.5
-19.9375
-21.0938
-18.9375
-20.375
-23.5625
-24.2813
-3.5625
-5.1875
-10.3438
-17.8438
-24.2813
-24.1875
-20.625
-19
-19.8125
-21.6563
-21.875
-19.8125
-17.5313
-20.5938
-28.5938
-35.8438
-40.2188
-43
-43.3438
-40.9063
-36.25
-32.2188
-30.3438
-30.9688
-32.7188
-31.5313
-24.7188
-20.2188
-19.7813
-20.625
-3.5625
-5.65625
-12.3125
-20.2188
-25.5313
-24.875
-24.125
-26.7813
-31.8438
-36.25
-38.1563
-37.7188
-37.4375
-41.0938
-44.9688
-49.25
-51.7188
-53.6875
-53.8438
-53.1875
-51.0625
-47.8438
-43.6563
-38.9688
-35.5
-30.9375
-21.5
-14.2813
-10.7813
-10.5938
-4.03125
-6.8125
-13.3438
-19.5625
-22.5
-21.6875
-23.1563
-28.0313
-34.5
-39.4063
-42
-42.75
-43.6563
-45.7188
-44.8438
-45.7188
-45.75
-45.1875
-43.5313
-42.9375
-42.5313
-40.625
-35.375
-27.0313
-19.7813
-13.9688
-6
0
3.8125
3.84375
-4.5
-8.03125
-12.1875
-14.0938
-13.2813
-12.7188
-15.8125
-20.375
-24.6875
-27.25
-29.7188
-32.5
-34.8125
-33.8438
-28.6875
-25.625
-22.8438
-19.1563
-15.0938
-12.1875
-10.3125
-7.875
-1.78125
6.8125
14
18.0313
21.0625
22.7188
22.8438
19.7188
-4
-7.90625
-8.71875
-5.78125
-0.78125
2.4375
2.8125
2.875
3.875
6.75
6.8125
4.8125
2.9375
4.75
10.0938
13.7813
17.1563
21.4688
25.375
28.4063
29.8438
30.9688
34.375
39.7188
44.1563
44.7188
41.875
37.75
33.4063
27.8125
-3.0625
-6.90625
-4.6875
1.9375
9.8125
15.4375
19.5
24.3438
30.7188
38.8438
41.2813
39.9375
38.3125
40.0625
43.5
46.2188
48.4063
50.9375
52.8438
54.6563
55.2188
54.7813
55.375
56.2813
56.6563
54.125
47.875
40.9375
34.0625
27.2813
-2.25
-5.59375
-1.9375
5.78125
13.9688
19.8125
25.5938
33.0625
42.2188
52.6563
55.8438
54.2188
52.3125
53.6563
54.25
54.9375
54.5625
53.375
51.7188
51.375
50.5938
48.5313
47.5938
45.2813
42.7813
39.8438
35
29.5938
23.75
18.375
-1.78125
-4.625
-1.90625
3.59375
9.28125
14.2188
20.0938
27.4063
35.8438
45.3438
48.6875
48.1875
47.0625
46.9063
44.7188
42.4688
39.3125
35.3438
31.0938
27.9063
24.375
19.9688
17.1875
13.9063
11.5
10.1875
8.6875
7
5.34375
4.4375
21.9063
25.8125
23.5
16.1875
6.34375
0.46875
0.03125
2.59375
5.6875
6.75
5.03125
2.71875
1.65625
2.34375
5.53125
9.15625
11.4063
11.7813
11.9063
12.6875
13.125
11.8438
6.28125
0.5625
-4.96875
-10.1875
-15.0313
-22.0625
-26.8438
-27.4063
25.2813
32.5625
33.5
28.0625
17.6563
8.96875
5.71875
6
7.6875
7.75
4.03125
-1.0625
-4.65625
-5
0.09375
8.125
14.8125
17.25
15.5
12.4063
9.46875
7.5
4.625
1.96875
-2.03125
-8.78125
-18.625
-30.5313
-38.4375
-39
28.9063
39.8438
44.5313
40.7813
28.8438
17.5625
10.9688
8.75
9.3125
7.5
2.15625
-5.46875
-12.125
-14.4375
-9.125
3.28125
16.3125
24.25
24.375
18.25
10.6875
5.5
2.21875
1.40625
-0.84375
-8.15625
-22
-38.5
-50.0313
-51.3125
32.1563
46.9688
55.5938
53.75
40.125
25.9375
15.6875
10.8438
10.4688
6.875
-0.40625
-11
-20.875
-25.0313
-19.0938
-2.09375
17.3438
31.25
34.8125
27.3438
16.0938
7.25
1.59375
0.8125
-0.78125
-8.8125
-25.9375
-46.6875
-61.6875
-63.6563
36.1875
54.375
66.3125
65.7188
50.3125
33.3125
19.875
12.9063
11.5625
5.8125
-4.59375
-18.75
-31.4063
-36.1563
-27.9375
-6.28125
18.4375
37.0625
43.875
36.75
23.75
12.2188
3.625
1.21875
-1.09375
-10.4063
-30.5625
-55.0625
-73.125
-75.5938
40.375
61.7813
76.7188
77.0625
59.625
39.8125
23.4375
14.5938
12.3125
3.65625
-10.6563
-28.1563
-42.4688
-45.5625
-33.3125
-8.15625
19.3125
40.2188
49
43.7188
31.3125
18.3438
6.65625
1.65625
-2.28125
-12.7813
-34.6875
-61.7813
-82.0938
-85.0625
43.9063
68.5
86.4688
87.75
68.25
45.4063
26.0313
15.0625
11.5
-0.0625
-18
-37.4688
-51.7188
-52.3438
-36.6875
-10.125
17.6875
39.5625
50.5938
48.4063
38.1563
24.875
10.375
2.375
-3.40625
-14.7188
-37.2813
-65.4688
-87.5313
-91.625
46.1875
73.4375
93.9688
96.1563
74.9375
49
26.6563
13.5313
8.46875
-5.875
-27.1563
-48.375
-62.1875
-59.7813
-40.2813
-12.5
15.1563
37.4063
49.9688
51.7813
45.4688
33.8125
17.9688
6.75
-1.53125
-14.25
-37.25
-65.4688
-89.125
-95.125
46.9063
75.4063
97.6563
100.656
78.7188
51.375
26.9375
12
5.1875
-12.4063
-35.8125
-57.25
-69.2813
-62.9063
-40.5938
-13.625
11.9688
33.5
46.9375
53.25
51.875
42.5625
26.2813
12.4688
1.71875
-12.4688
-35.7813
-64.1563
-89.0313
-96.7188
46.1563
75
98.125
101.875
80.3125
52.7188
27.2813
10.5938
1.1875
-19.6875
-43.8438
-63.0938
-70.75
-59.25
-35.6563
-11.6875
9.46875
27.9063
40.5938
50.375
53.9688
48.4688
34.2188
19.4688
6.78125
-9.1875
-33.4375
-62.3438
-88.1875
-97.2813
44.7188
73.75
97.375
102.406
82.5625
54.375
27.875
8.5625
-4.5
-27.2188
-50.625
-65.75
-67.375
-50.7813
-26.25
-6.25
8.84375
21.8125
30.2188
41.1563
49.1563
49.0938
40.7188
27.7813
14.125
-4.09375
-30.3438
-60.5313
-87.3125
-97.5313
43.25
72.375
96.5
102.781
84.8438
56.125
28.125
5.4375
-11.7813
-35.2813
-55.4688
-63.8438
-58.4063
-38.5625
-15.5625
-1
8.125
16.8438
19.8125
28.9375
38.5625
42.875
42.7813
35.1875
23
3.28125
-25.6563
-58.0625
-86.2188
-97.75
41.875
70.8438
95.25
102.719
86.4063
57.0938
26.9688
0.90625
-19.25
-41.75
-56.2188
-56.8438
-45.5938
-25.4063
-6.40625
2.03125
6.40625
13.3125
11.75
17.4688
25.875
31.75
39.125
38.875
31.125
12.3125
-18.6563
-53.875
-84.4375
-98.0625
40.1875
68.875
93.625
102.375
87.8438
57.7188
24.8438
-4.875
-27.4063
-47.2188
-53.7813
-46.0625
-30.3438
-12.8125
-0.6875
1.90625
3.9375
12.0313
8.21875
9.375
13.5313
18.0625
30.9375
38.4688
36.9688
21.0625
-10.5
-48.3125
-81.5938
-97.75
38.2813
66.7813
91.875
102
89.1563
57.75
21.5625
-11.5625
-35.4375
-51.0313
-48.5
-33.375
-15.5
-2.40625
2.4375
0.75
2.90625
13.7188
8.15625
3.96875
2.09375
3.15625
19.5
34.3125
39.75
28.4063
-1.90625
-41.8125
-77.5625
-96.2813
36.2188
64.7188
90.2188
101.719
90.4063
56.9063
16.875
-19.375
-43.25
-52.0313
-39.25
-17.3125
0.71875
6.84375
3.59375
-1.8125
1.65625
16.1875
9.875
0.3125
-8.5625
-12.4375
5.625
26.7813
39.625
34.25
6.46875
-34.5
-72.4688
-93.9063
34.2813
62.875
88.6563
101.031
90.75
54.5313
11.2188
-26.6875
-48.75
-48.9375
-26.8125
0.03125
16.5313
14.7813
3.0625
-5.4375
-0.3125
17.75
13.4375
-0.53125
-16.7813
-26.8438
-10.6875
14.9375
35.3125
37.5
14.625
-26.0313
-65.9688
-90.5625
32.7188
61.1563
86.9063
99.7813
90.0313
51.2188
5.46875
-32.4063
-50.75
-41.875
-12.25
16.7813
29.5313
19.5
0.25
-10.6563
-3.71875
18.375
18.5625
2.71875
-19.5938
-37.0625
-27.0938
-0.5625
25.75
36.2188
20.9063
-17.25
-58
-85.7188
31.4375
59.4375
84.8125
97.5
87.7188
46.8438
0.3125
-35.4375
-48.5938
-31.75
2.0625
30.1875
37.5938
20.25
-4.3125
-16.6875
-8
18.0625
24.1563
9.96875
-15.375
-39.875
-39.3438
-17.4063
10.7813
28.5
22.8125
-9.40625
-48.8438
-79.0625
30.1875
57.6875
82.5938
94.625
84.125
41.4375
-5.03125
-36.7188
-42.75
-18.625
17.3438
41.4063
41.0313
17.0625
-11.1875
-23.2813
-11.9688
17.3438
29.6563
18.4375
-7.75
-37.3438
-47.4688
-32.875
-6.9375
14.75
19.3125
-4.15625
-38.5
-68.4063
28.8125
55.9688
80.0625
90.9063
79.4375
35.5313
-8.875
-35.3438
-34.875
-5.9375
28.7813
47.2188
40.0625
12.0938
-17.2813
-28.0625
-15.0625
15.1875
31.5625
23.4375
-1.375
-32.5
-50.125
-42.8125
-21.4375
1.34375
14.4063
-0.375
-28.0938
-56.25
27.5313
54.5
76.9688
85.625
72.75
28.3125
-11.5625
-31.2813
-25.1563
5.875
35.4063
46.9688
34.9688
6.0625
-20.875
-30.0313
-17.5625
10.7813
27.9375
22.9375
1.5625
-27.8438
-48.3125
-46.0625
-28.625
-5.71875
12.625
3.875
-18.625
-45.4063
26.5
53.0625
73.2813
79.2813
64.8438
19.75
-15.75
-29.75
-19.5
12.8438
37.625
43.625
28.7813
1.21875
-22.0938
-28.5938
-16.4688
8.8125
25.8438
23.2813
5.8125
-20.0938
-41.2813
-43.2188
-30.4063
-9.71875
10.5313
5.90625
-12.4063
-37.625
25.5625
51.2813
69.3125
72.9063
57.4688
13.5
-17.125
-25.9063
-13.0938
17.75
36.8438
37.8438
21.875
-2.40625
-21.4063
-25.4375
-13.9688
8.375
24.7813
24.5625
10.875
-11.7813
-33.0313
-38.8438
-31.0625
-13.6875
6.8125
4.96875
-9.84375
-33.2188
24.5313
49.125
65.4688
67.8125
52.6875
11.875
-14.1563
-19.5938
-6.3125
20.7188
34.375
32.375
16.7813
-4.21875
-18.9063
-21.7813
-11.5
8.9375
23.0938
24.6875
14.4063
-5.375
-24.625
-33.2813
-30.4688
-17.5938
0.6875
0.3125
-11.5
-32.2813
23.3125
46.5938
62.0625
64.5938
51.3438
14.8438
-8
-12.6875
-1.4375
20.5625
29.6563
26
11.8125
-5.78125
-16.125
-17.25
-7.84375
10.0938
20.6563
21.875
14.0625
-1.4375
-15.7188
-23.8125
-24.75
-17.8438
-5.25
-7.34375
-17.2813
-34.7813
21.875
43.4688
58.4063
62.0938
51.9688
20.6875
0.375
-5.0625
2.5
18.75
24.25
20.0625
8.125
-5.625
-12.1563
-12.0938
-4.28125
9.96875
16.4375
16.3438
10.2813
-0.96875
-9.875
-15.0313
-17.0313
-14.4063
-7.75
-13.5
-23.5938
-38.9375
20.375
40.0313
54.375
59.75
53.5625
27.875
10.1875
3.09375
5.40625
15.4063
17.2813
13.5
5.375
-3.6875
-6.4375
-6.34375
-1.65625
7.9375
10.2813
9.96875
6.03125
-1.65625
-5.8125
-8.40625
-9.21875
-7.5625
-5.75
-16.125
-29.5625
-45.8438
18.8125
36.8438
51.3125
58.7813
56.1563
34.6875
17.7188
8.25
6.46875
13.0313
13.9063
10.9688
4.9375
-1.84375
-2.875
-2.625
0.5
6.8125
5.84375
4.75
1.65625
-3.53125
-3.34375
-3.53125
-2.78125
-1.46875
-3.8125
-18.0938
-34.625
-52.0625
17.2188
33.5
48.8438
59.0313
59.7188
42.0938
23.5938
10.4063
5.34375
9.90625
12.75
11.5625
6.125
-0.15625
-2.15625
-1.65625
2.0625
7.59375
6.65625
5.15625
1.75
-3.03125
-2.3125
-2.09375
-1
-0.125
-4.3125
-20.0625
-38.3438
-56.5625
-0.458333
0
-0.166667
-0.625
-1.20833
-2.16667
-3.29167
-4.33333
-4.54167
-4.70833
-4.75
-4.75
-4.95833
-5.58333
-6.79167
-7.79167
-9
-9.91667
-10.9583
-12.7083
-15.4583
-18
-20.0833
-22.1667
-23.5
-24.4167
-23.6667
-21.8333
-18.4167
-14.7917
-11.7083
-8.04167
-2.54167
-4.08333
-5.5
-6.95833
-8.29167
-9.04167
-9.83333
-11
-12.25
-13.2083
-13.9583
-15
-16
-16.5417
-17.3333
-18.5833
-20.375
-21.4167
-22.3333
-23.625
-25.4167
-27.375
-28.3333
-28.7917
-28.5833
-28.6667
-26.8333
-22.9583
-18.125
-13.8333
-10.6667
-6.66667
-1.375
-3.58333
-6.58333
-9.95833
-12.875
-15.1667
-17.125
-19.0417
-20.2083
-20.5833
-21.4167
-22.75
-23.7083
-23.1667
-22.2917
-22.4167
-22.7917
-22.9167
-23.125
-23.875
-24.7917
-24.7917
-23.375
-20.625
-17.2083
-14.2917
-10.5833
-6.66667
-3.79167
-1.95833
-1.08333
0.208333
0.166667
-1.20833
-4.54167
-8.875
-12.375
-15.0833
-16.8333
-17.7083
-16.875
-14.6667
-13.1667
-11.9167
-9
-3.375
3.16667
7.95833
11.125
13.4583
14
12.375
9.95833
8.58333
8.66667
9.33333
10.6667
12.3333
12.9583
12.7083
11.5417
9.91667
8.16667
6
0.333333
0.25
-1
-1.79167
-2.25
-2.125
-1.41667
-0.0833333
2.83333
5.625
8.54167
11.4583
15.3333
21.75
29.375
37.0417
42.5833
45.4167
46.125
44.625
40.9167
35.9583
31.9583
29.375
27.4583
26.0833
23.2083
19.5417
15.6667
12.0417
9.25
5.83333
0.458333
1.58333
3.375
7.83333
11.5833
14.7917
17.5833
19.7917
22.4583
22.625
23.6667
24.7917
24.8333
24.75
24.9167
27.875
32.0417
33.0417
33.0833
33.1667
31.625
27.5417
22.1667
19.7917
18.4167
17.5
16.0833
13.5417
10.0833
6.95833
4.45833
1.75
0.958333
2.54167
6.125
10.7917
15
18.25
21
22.9583
22.875
21.375
20.4167
20.3333
20.375
16.625
10.75
6.16667
6.04167
6.625
5.79167
6.41667
9.25
11.7917
9.91667
7
5.25
5.16667
5.25
4.625
3.41667
2.41667
0.708333
-1.125
0.791667
1.75
4.5
6.04167
7.875
9.29167
10.4583
11.7917
10.125
9.125
8.33333
9.79167
12.0833
8.45833
1.83333
-5.58333
-10.2917
-11.0417
-11.4583
-9.16667
-3.41667
3.45833
6.66667
3.91667
0.958333
-0.166667
-0.333333
-0.375
0.0416667
0.458333
-0.375
-1.16667
-0.125
0.125
0.916667
1.08333
1.41667
1.66667
1.79167
2.29167
1.54167
1.625
2.41667
4.79167
4.95833
0.625
-4.45833
-9.29167
-15.4583
-18.7083
-17.0417
-11.5
-5.91667
-1.45833
3.25
3.79167
2.08333
0.0833333
-0.416667
-0.458333
-0.25
-0.208333
-0.166667
0.416667
-0.416667
-0.375
-0.208333
-0.0833333
-0.125
-0.166667
-0.0833333
0.0416667
0.0416667
1.04167
2.70833
3.04167
-0.625
-4.58333
-6.5
-7.58333
-11.2917
-13.7917
-10.5
-5.125
-2.16667
-2
0.416667
3.25
3.875
2.45833
1.375
1.04167
0.5
-0.0416667
0.5
1.5
-0.0833333
-0.0416667
0.208333
0.208333
-0.0833333
-0.0833333
0.0833333
0.25
0.541667
1.25
1.66667
0.416667
-3.25
-3.70833
-1.70833
0.208333
-0.916667
-1.70833
0.75
1.70833
0.333333
-1.75
-0.458333
1.95833
3.29167
2.79167
1.91667
1.45833
0.875
0.541667
0.458333
0.416667
0.166667
0.375
0.416667
0.25
0.0416667
0.166667
0.25
0.25
0.791667
1.08333
0.75
-0.0416667
-1.83333
0.416667
4.125
6.41667
5
3.41667
3.95833
2.04167
-0.916667
-2.5
-0.458333
1.70833
2.91667
2.5
1.5
0.875
0.541667
0.541667
-0.166667
-0.958333
0.291667
0.541667
0.458333
0.25
0.458333
0.416667
0.125
0
0.625
2.16667
3
1.54167
-0.541667
0.0416667
1.5
0.833333
-1
-3.25
-4.29167
-5.33333
-4.5
-3.41667
-2.125
1.29167
4.45833
4.875
2.08333
0.416667
-0.208333
-0.0416667
-0.166667
-0.416667
0.208333
0.166667
0.0833333
0.208333
0.5
0.0416667
-0.708333
-0.666667
0.75
2.875
3.125
-0.416667
-2.375
-4.41667
-7.125
-9.75
-8.83333
-8.5
-11.2917
-12.4167
-8.5
-5.08333
-5.04167
-1.54167
3.70833
6.79167
4.16667
1.20833
-0.333333
-0.208333
0.25
0.541667
-0.208333
-0.583333
-0.583333
0
0.166667
0.125
0.25
0.875
2.91667
3.125
0.708333
-3.75
-4.16667
-6.33333
-10.9583
-12.4583
-8.33333
-4.08333
-7.08333
-10.3333
-9.5
-6.375
-5.625
-4.20833
-1
3.875
5.70833
3.54167
1.08333
0.0833333
0.5
0.666667
-0.916667
-1.16667
-1
-0.5
-0.208333
0.791667
2.58333
3.75
5.08333
3.375
0.0833333
-2.33333
-1.83333
-2.625
-5.66667
-5.58333
-1.45833
3.33333
2.375
-1.375
-6.20833
-6.04167
-4.79167
-5.41667
-6.08333
-2.54167
3.91667
5.16667
3.25
0.833333
0.458333
0.291667
-1.33333
-1.04167
-0.791667
-0.75
-0.375
0.333333
1.45833
2.33333
2.58333
1.04167
-0.583333
0.625
1.91667
2.20833
1.75
2.375
4.25
5.625
6.16667
4.58333
-1.04167
-4.25
-5.29167
-6.5
-7.54167
-6.95833
-1.25
3.04167
3.95833
2.16667
0.25
-0.25
-0.125
0.291667
0.333333
0.0833333
0.166667
-0.291667
-0.958333
0.0833333
0.0833333
-0.875
-1.875
-0.25
1.25
1
1.41667
1.95833
2.83333
2.375
2.95833
3.54167
1.83333
-1.625
-4.5
-5.45833
-5.16667
-5.95833
-4.41667
-0.333333
2.58333
2.66667
0.625
-0.416667
1.91667
1.83333
1.54167
1.16667
0.833333
0.333333
0.25
2.29167
1.41667
-0.916667
-3.20833
-3.58333
-3.375
-4.70833
-3.70833
-2.375
0
0.416667
0.708333
1.41667
1.79167
0.5
-2.04167
-2.95833
-2.875
-3
-2.95833
-0.75
1.33333
2.08333
1.29167
-0.125
1.875
1.45833
1.16667
0.958333
0.583333
1.20833
2.83333
4
0.333333
-3.79167
-5.41667
-5.08333
-6.125
-6.16667
-2.125
1.33333
4.33333
3.58333
3.79167
4
3.33333
1.91667
-1.41667
-2.70833
-2.66667
-2.5
-1.58333
0.208333
1.75
2.375
1.58333
0.541667
-0.0416667
-0.291667
-0.375
-0.25
-0.0416667
1.5
3.04167
1.04167
-3.79167
-6.45833
-5.5
-3.91667
-4.45833
-1.5
4.625
8.79167
9.41667
7.45833
7.75
8.25
7.625
3.66667
-1.375
-4.20833
-4.16667
-3.91667
-3.66667
-1.375
1.75
3.625
2.625
1.5
-1.125
-1.16667
-1.16667
-0.916667
-0.166667
1.29167
1.625
-2.16667
-4.375
-3.625
-1.95833
-2.375
-2.25
2.125
6.25
8.29167
6.70833
6.79167
7.08333
7.54167
8.54167
5.70833
1.95833
-2.5
-3.79167
-2.83333
-3.33333
-1.91667
1.375
4.5
5
3.125
-0.75
-0.666667
-0.625
-0.375
0.541667
1.70833
1.75
-0.958333
-0.0833333
2.41667
3.25
0.916667
1.08333
4.95833
5.83333
4.54167
2.08333
4
4.70833
5.125
7.58333
12
14.625
11.7083
7.75
6.70833
6.20833
3.95833
2.25
3.20833
5.58333
4.75
-0.166667
0.0416667
0.166667
0.375
2.29167
3.79167
3.79167
2.41667
3.79167
7.04167
8.79167
9.08333
12
15.5
14.9583
11.25
6.5
7.25
8.70833
11.1667
15.8333
25.0833
34.25
35.125
27.8333
20.5833
15.625
8.41667
0.583333
-2.25
0.625
2.95833
0.291667
0.458333
0.625
1
3.41667
4.25
3.5
4.625
7.875
12.625
16.4583
21.7083
28.25
30.3333
28.125
23.25
17.4167
14.7917
14.2083
15.6667
18.5
22.625
28.625
29.9167
22.75
13.125
4.20833
-3
-9.04167
-11.5
-8.83333
-4
0.583333
0.666667
0.833333
1.58333
1.25
-1
-3.04167
0.708333
6.625
10
12.6667
18.1667
22.125
19.8333
14.5417
10.2917
8
3.375
-0.833333
-5.29167
-9.83333
-14.7917
-18.7083
-19.875
-20.4167
-22.0833
-24.875
-24.5417
-20.8333
-18.2083
-15.3333
-10.7083
0.208333
0.291667
0.333333
0.916667
-3.08333
-8.16667
-11.7917
-12.2917
-12.875
-17.25
-19.625
-20.4167
-24.0833
-29.6667
-33.6667
-33.5833
-32.0417
-33.6667
-36.0417
-40.2083
-45.6667
-52.0833
-56.75
-56.0417
-49.0417
-41.2083
-35.0417
-27.8333
-18.5833
-13.2083
-10.9583
-8.625
-0.25
-0.333333
-0.541667
-0.583333
-5.16667
-10.4167
-14.625
-20.4167
-28.625
-37.7083
-42.2083
-46.2917
-51.5417
-54.5417
-53.375
-49.5417
-46.25
-44.1667
-42.375
-40.5417
-39.625
-39.875
-38.7917
-34.875
-28.0833
-21.5833
-15.5417
-9.91667
-4.79167
-1.75
-0.916667
-0.416667
-0.916667
-1.29167
-1.45833
-1.58333
-3.375
-5.95833
-8.58333
-12.0833
-16.9167
-21.0417
-22.375
-22.7917
-22.3333
-20.2917
-16.9583
-14.2083
-10.2083
-8.16667
-6.08333
-2.625
0.833333
4.41667
5.45833
7.91667
9.33333
8.45833
8.54167
8.16667
6.875
5.91667
4.875
4.04167
-1.83333
-2.125
-2
-1.79167
0.0416667
1.95833
2.625
3.08333
3.70833
5.16667
5.625
6.29167
8.04167
10.3333
12.125
12.8333
15.2083
17.0417
19.125
21.375
23.0833
25.0417
25.0833
25.9167
26.0833
24.8333
23.2083
20.375
16.0417
11.4583
7.20833
3.70833
-0.416667
-0.166667
-0.125
-0.416667
2.125
6.375
10.375
13.625
16.625
19.7083
19.5833
17.5417
15.3333
13.8333
13.5417
14.2083
14.625
16.7083
18.9167
20.3333
21.2917
21.4167
23
23.875
24.7917
26.125
25.625
23.5
18.9583
13.8333
8.875
4.20833
2.45833
2.95833
2.70833
1.79167
2.5
5.45833
10.5417
15.6667
20.6667
24.7083
26
24.875
22.2917
20.2083
19.4167
20.25
20.5
21.0833
21.1667
20.75
20.9583
20.9167
21.6667
20.8333
19.375
18.625
17.375
15.0417
11.3333
8.79167
6.91667
4.75
-5.33333
-6.375
-0.916667
7.375
11.5417
6.58333
-2.29167
-5.83333
-4.16667
-1.45833
0.75
1.375
0.791667
0.666667
-0.416667
-2.91667
-3
0.958333
3.79167
0.166667
-6.58333
-7.375
1.54167
10.5833
9.75
1.33333
-5.41667
-2.45833
4.08333
2.95833
-1.70833
-1.16667
-6.16667
-6.58333
-0.875
6.04167
9.33333
5.70833
-1.45833
-4.75
-3.375
-0.458333
1.91667
1.625
-0.25
-0.166667
0.0416667
-2.08333
-3
-0.0416667
3.16667
2
-2.54167
-4.375
0.416667
5.95833
4.79167
-0.916667
-2.20833
5.04167
10
2.91667
-6.91667
-6.29167
-7
-7.45833
-2.33333
2.91667
6.75
7.20833
2.25
-3.16667
-3.83333
-0.208333
3.45833
2.5
-0.333333
0.833333
1.58333
-3.29167
-7.04167
-2.79167
4.375
5.5
0.458333
-2.91667
0.125
3.875
1.54167
-3.29167
-0.458333
11.2083
16.3333
4.41667
-11.4583
-11.7917
-7.33333
-8.70833
-6.04167
-2.375
5
11.7917
8.04167
-1.70833
-5.25
-0.291667
5.08333
3.58333
0.625
3.625
4.16667
-5.66667
-14.125
-8.16667
5.25
9.875
3.45833
-2.04167
0.166667
3.20833
0.166667
-4.41667
0.333333
15.3333
22.4167
7.29167
-14.9583
-17.25
-8.04167
-10.5
-10.25
-6.91667
5.5
17.125
12.8333
-1.33333
-7.66667
0.375
8.66667
4.95833
0.208333
5.75
8.75
-4.95833
-21.0417
-18.0833
0.5
13.375
9.29167
0.208333
0.583333
4.25
0.0833333
-6.29167
-0.166667
19.0417
28.7917
10.6667
-18.25
-22.9167
-8.54167
-12.1667
-14.5
-11.2917
6.33333
22.6667
17.5833
-1.20833
-10.4167
0.875
12.2917
6.54167
0.833333
9.25
12.5417
-6.625
-27.7083
-25.3333
-4.54167
13.1667
13.25
3.91667
2.91667
6.16667
0.416667
-8
-1.29167
21.2917
33.7083
13.7083
-20.5417
-27.625
-8.54167
-13.9583
-19.25
-15.7083
7.5
28.5
22.5
-1.04167
-13.375
0.75
15.6667
9.20833
3.25
12.625
13
-10.9583
-32.4583
-28.25
-8.08333
10.1667
13.875
7.04167
6.54167
9
1.25
-8.95833
-2.625
21.5
36.4167
16.4167
-21.2917
-30.75
-8.20833
-15.125
-23.25
-19.7083
8.25
33.6667
27.2083
-0.458333
-15.875
0
18.3333
13.6667
8.45833
14.3333
7.58333
-17.9583
-34.4167
-26.7917
-8.08333
6.83333
9.70833
6.08333
9.54167
12.7917
3.33333
-8.29167
-3.33333
19.875
37.0417
19.4583
-20.125
-32.1667
-7.625
-15.375
-25.7083
-22.0417
8.79167
35.9167
29.4167
0.416667
-16.9583
0
21.5417
17.9167
10.4583
10.625
-0.0833333
-20.0417
-28.2083
-21.9583
-10.7917
0.375
4.58333
4.54167
12
16.7917
5.58333
-8.04167
-4.16667
18.5417
37.5
22.1667
-18.5417
-32.8333
-7.04167
-15.125
-26.4583
-22.8333
8.625
35.7083
29.7917
1.54167
-16.7083
0.291667
24.2083
22.0417
11.125
3.16667
-9.875
-19.2083
-17.4167
-14.6667
-12.375
-6
-2.54167
0.625
13.9167
21.375
8
-8.04167
-5
17.5417
37.875
24.3333
-17.125
-33.375
-6.70833
-14.4167
-25.5417
-23.2917
6.04167
34.1667
31.2083
3.875
-15.8333
-0.5
25.2917
26.9167
13.125
-5.20833
-21.5833
-20.0417
-8.41667
-5.33333
-5.875
-7.54167
-13.5417
-8.625
13.5417
25.5833
11.5417
-6.33333
-5.20833
16.0833
37.625
26.1667
-15.6667
-33.8333
-6.45833
-13.875
-24.8333
-23.75
3.66667
32.9167
32.625
5.875
-14.9583
-0.541667
27.75
31.5833
10.5417
-18.0833
-29.75
-14.0833
-0.625
-2.45833
0.583333
-1.45833
-18.9167
-20.25
6.79167
26.7083
16.2917
-3.125
-5.125
14.625
37.2917
27.7917
-13.9167
-33.5833
-6.33333
-13.3333
-23.9167
-24.25
1.08333
31.5417
33.75
8
-12.75
1.16667
30
32.2917
2.58333
-31.0833
-30.75
-1.79167
5.375
-7.125
2.20833
8.66667
-15.125
-27.5417
-4.375
21.1667
18.8333
1.375
-3.54167
13.7917
36.7917
29.2083
-11.6667
-32.7917
-6.04167
-12.9583
-23.1667
-24.5417
-1.375
29.7917
34.4167
10.3333
-9
4.625
31
27.2083
-10.375
-40.1667
-22.25
14.625
8.16667
-18.625
-2.91667
19.2083
-1.875
-26.3333
-17.0417
8.20833
16.9583
6.16667
0.0416667
14.2083
36.1667
30.1667
-9.25
-31.5833
-5.70833
-12.5833
-22.2083
-24.625
-3.83333
28.125
35.625
13
-5.33333
7.5
28.7083
18.375
-20.9167
-42.2083
-10.8333
27.7917
7.16667
-31.2083
-8.08333
28.5417
11
-20.5
-23.125
-4.70833
8.75
6.5
4.33333
16.9167
36.2083
30.7083
-7.125
-30.7083
-5.04167
-11.6667
-21.25
-25
-6.45833
26.4167
36.9583
16
-1.04167
10.5
24.3333
6.79167
-30.7083
-40.625
1.95833
39.2917
5.66667
-42.9167
-14.875
34.875
23.9167
-11.1667
-25.1667
-16.2917
-1.33333
3.83333
6.66667
19.9167
37.375
31.4583
-5.16667
-29.8333
-3.95833
-10.6667
-20.5417
-25.5
-9
24.8333
38.2083
19.3333
4.33333
13.1667
17.1667
-7.25
-39.3333
-35.5417
15.25
48.625
5.25
-51.625
-23.5833
36.5833
36.3333
1.125
-24.0417
-25.75
-11.4167
-1.20833
6.125
22.0417
39.4583
33.0417
-2.875
-28.875
-2.75
-9.70833
-19.9167
-26.0417
-11.4583
23.2083
39.4167
23.9583
11.4583
13.5
3.625
-23.625
-41.25
-22.875
26.2917
51.4583
5.58333
-55
-31.7917
32.7917
43.8333
14.5
-17
-30.7083
-21.7917
-8.70833
3.58333
22.7917
41.0833
35.2917
0.125
-27.9167
-1.70833
-9.04167
-19.4583
-26.0833
-13.4167
21.7083
41.5
29.5417
16.1667
7.83333
-12.2083
-33.4583
-34.625
-9.45833
31.2917
49.125
6.375
-53.0833
-37.0417
25.2917
44.1667
23.625
-5.16667
-26.0833
-28.125
-19.375
-3.95833
21.25
43.0833
38.3333
3.66667
-26.625
-1.25
-8.54167
-18.5833
-25.7917
-15.2917
20.7083
44.5833
34.875
17.2083
-2.41667
-26.7917
-35.3333
-22.125
1.33333
30.5
44.0833
7.70833
-47.9167
-39.4583
16.375
38.7083
26.5417
7.45833
-13.0833
-27.0417
-29.25
-15.9583
15.0833
43.875
42.5
8.20833
-25.0833
-1.29167
-8.16667
-17.625
-25.375
-16.5417
20.375
47.0417
38.1667
15.5833
-13.2083
-36.375
-30.9167
-9.83333
7
27.25
40.4167
9.91667
-43.7917
-42.875
8.5
34.75
25.7917
12.5
0.166667
-15.1667
-30.4167
-29.9167
1.75
41.125
47.375
13.875
-23.125
-1.5
-8.16667
-16.7917
-24.6667
-17.2917
20.6667
50.125
40.0833
10.375
-25
-42.8333
-23.875
2.625
13.125
25.25
35.9167
9.33333
-41.0833
-45.5417
2.16667
32.4167
25.2083
13.9583
8.125
-3.16667
-23.9583
-36.7083
-12.1667
31.5
45.75
19.125
-16.625
-2
-8.29167
-15.875
-23.75
-17.0833
22.4583
53
38.2917
0.791667
-35.3333
-42.25
-13.0833
12.5833
16.2083
22.0833
30.5417
8.20833
-37.375
-45.4167
-2.25
29.4583
23.25
13.125
12.0833
6
-15.5417
-37.6667
-22.5417
19.625
40.3333
23.8333
-8.625
-2.54167
-8.45833
-14.8333
-22.5
-15.7083
26.0417
54.9167
30.9167
-13.3333
-41.2083
-31.0833
2.20833
17
11.75
15.8333
25.875
8.5
-31.875
-41.4167
-4.20833
24.4583
18.5833
10.875
14
11.4583
-9.91667
-35.875
-26.7083
10.4583
34
27.625
-1.79167
-3.08333
-8.54167
-13.625
-21.125
-13.5833
29.875
54.5
22.25
-22.25
-40
-20.9167
9.70833
16.5
7.95833
11.25
20.875
7.29167
-26.8333
-35.6667
-4.20833
20.375
14.25
6.375
11.5417
14.625
-2.375
-29.5417
-27.5
2.58333
27.75
29.6667
3.25
-3.41667
-8.45833
-12.5417
-19.7917
-11.625
32.125
52.3333
14.3333
-27.5
-35.125
-11.7083
12.4167
13.125
5.08333
8.54167
16.7917
5.375
-23.125
-28.8333
-2.66667
16.1667
11.0833
3.04167
7
14.3333
4.04167
-20.875
-24.9167
-3.08333
21.7917
29.9167
6.41667
-3.41667
-8.33333
-11.7917
-18.4583
-10.4583
31.5833
48.8333
9.20833
-28.875
-29.125
-5.125
11.9583
9.54167
3.70833
6.70833
12.9167
3.08333
-19.6667
-20.6667
0.0416667
11.4583
8.91667
2.75
2.20833
8.83333
5.91667
-11.1667
-17.3333
-4.95833
15.7917
27.6667
7.625
-3.375
-8.20833
-11.0417
-16.8333
-10.0417
27.7083
42.875
7.33333
-24.375
-21.8333
-0.958333
10.8333
6.45833
1.20833
2.875
8.08333
2
-14.2917
-12.5
2.83333
8
5.75
0.833333
-1.25
3.66667
3.66667
-4.66667
-7.04167
-0.416667
14.625
24.4583
3.70833
-3.04167
-7.54167
-9.95833
-15.0833
-10.5
20.9167
35.0417
8.16667
-15.4167
-13.9167
0.125
7.95833
4.04167
-0.916667
-0.458333
4.79167
2.04167
-9.54167
-6.95833
3.875
5.33333
3.29167
-0.291667
-1.70833
1.70833
0.833333
-3.08333
-0.833333
6
17.7917
21.75
-1.95833
-2.58333
-6.375
-8.5
-13.4167
-12.2083
11.5833
27.125
13.0833
-3.29167
-8.33333
-4.25
2.91667
4.04167
0.208333
-0.875
3.33333
1.45833
-7.58333
-5.625
3.125
5.20833
3.29167
-1.04167
-1.20833
3.33333
1.33333
-3.91667
-0.75
9.79167
21.8333
19.8333
-6.29167
-2.04167
-5.16667
-7.5
-12.6667
-14.75
2.875
22.25
19.125
3.75
-8.16667
-7.41667
2.16667
6.20833
2.33333
0.166667
3.58333
1
-8.29167
-6.08333
3.83333
7.29167
4.04167
-3
-2.375
4.29167
1.75
-4.375
-0.75
10.7083
22.4583
18.875
-7.41667
-1.04167
-4.04167
-7.04167
-12.2083
-16.625
-4.16667
18.6667
24.4167
8.79167
-8.29167
-9.375
1.75
8.16667
4.33333
0.666667
3.125
1
-7.66667
-6.95833
2.875
8.58333
5.04167
-3.83333
-3.54167
3.625
1.375
-4.625
-0.833333
10.7083
22.4167
19.0417
-6.75
-13.7407
-16.1481
-18.1852
-21.0185
-23.7778
-25.7407
-26.1481
-24.5185
-21.0741
-16.4259
-11.7593
-8.09259
-4.92593
-2.37037
-0.240741
1.53704
2.37037
1.42593
-0.907407
-3.11111
-3.59259
-2.81481
-1.94444
-1.42593
-0.962963
0.314815
2.46296
4.16667
-6.81481
-7.38889
-7.35185
-7.98148
-8.53704
-8.59259
-7.24074
-3.94444
0.555556
6.48148
12.8148
18.7222
24.4815
28.3889
31.3333
33.8148
35.2963
34.8519
32.6481
29.6111
27.037
25.5556
24.3333
22.3889
19.6667
17.4074
16.2222
14.8519
4.35185
6.35185
8.88889
11.2037
13.7037
16.0926
19.1296
22.9815
26.4815
30.4259
34.8148
39.9815
46.1296
49.8148
52.0741
53.3148
53.4815
52.537
50.9259
48.3148
44.4259
40.1481
36.2593
32.1852
27.5926
23.4074
19.7222
16.1667
12.7963
16.0741
19.5
23.4444
27.3333
30.6667
33.537
35.9444
37.2778
36.6111
35.0926
34.7593
36.9074
39.1296
40.2963
39.6667
37.7222
35.6852
35.7222
36.537
35.8519
32.3889
27.9074
23.7593
20.1667
16.9259
13.1481
9.5
13.7037
16.7037
19.5556
23.4444
26.8519
29.7778
31.9815
33.2593
33.1481
28.963
22.8889
17.9259
15.3704
16.037
16.8704
15.6852
12.6667
10.5
12.4074
16.5556
19.7222
19.5
16.3148
12.7407
10.1111
8.14815
5.61111
3.40741
8.98148
10.537
11.8889
14.5185
16.3704
18.1481
19.3704
20
19.1481
13.9259
6.77778
0.240741
-5.75926
-6.38889
-5.42593
-5.75926
-8.18519
-9.14815
-5.96296
-0.37037
5.05556
8.66667
7.88889
5.2963
3.11111
1.92593
0.981481
0.592593
3.42593
3.96296
4.42593
5.7037
6.53704
7.77778
8.94444
9.24074
6.7963
2.46296
-1.75926
-5.18519
-10.6852
-12.7037
-12.7037
-12.3148
-12.8148
-10.8889
-7.25926
-3.44444
-0.240741
4.11111
5.61111
4.40741
2.09259
0.759259
0.648148
1.12963
0.611111
0.722222
0.833333
1.27778
1.77778
2.77778
3.61111
3.31481
-0.12963
-2.18519
-2.33333
-2.31481
-6.38889
-9.59259
-10.8889
-10.1852
-8.72222
-4.77778
-2.51852
-2.18519
-2.05556
1.66667
4.64815
5.01852
3.01852
1.33333
1.01852
1.25926
0.111111
0.222222
0.296296
0.351852
1
2.09259
2.74074
1.38889
-2.57407
-2.77778
-0.0740741
2.16667
-0.0185185
-4.37037
-7.64815
-7.66667
-4.14815
1.18519
2.01852
-0.481481
-2.55556
-0.425926
3.5
5.72222
4.77778
2.5
1.25926
0.703704
0.425926
0.481481
0.296296
0.296296
1.22222
2.68519
3.12963
0.759259
-2.68519
-2.38889
0.462963
2.55556
1.40741
-3.87037
-9.2963
-10.6111
-5.37037
0.388889
0.907407
-1.92593
-3.83333
-2.77778
1.64815
5.72222
6.37037
3.53704
1.09259
-0.185185
0.518519
0.425926
0.222222
0.407407
2
3.7037
3.44444
-0.5
-3.37037
-4.03704
-3.16667
-2.25926
-2.09259
-7.48148
-14.2778
-17.0556
-11.1481
-5.37037
-3.09259
-3.57407
-4.40741
-4.85185
-1
4.22222
7.16667
5.24074
2.18519
0.148148
0.12963
0.12963
0.277778
0.981481
3.11111
4.44444
3.07407
-1.37037
-3.03704
-4.46296
-5.85185
-6.55556
-5.7963
-9.75926
-15.463
-18.5741
-14.8333
-11.1111
-7.53704
-5.07407
-4.46296
-5.7963
-3.83333
0.814815
5.37037
6.11111
3.83333
1.46296
-0.5
-0.240741
0.722222
2.07407
4.38889
4.37037
1.51852
-2.01852
-1.74074
-2.5
-4.85185
-6.94444
-6.44444
-7.53704
-9.09259
-10.8148
-11.8333
-12.3333
-9.5
-5.37037
-3.44444
-4.87037
-5.77778
-3.90741
0.759259
5.25926
5.31481
3.2037
-0.777778
-0.351852
0.777778
2.64815
4.24074
2.88889
-0.259259
-1.46296
0.388889
0.796296
-0.944444
-3.42593
-3.98148
-2.7963
-0.37037
0.166667
-4.59259
-9.42593
-9.55556
-6.11111
-3.09259
-3.57407
-6.03704
-6.96296
-4.33333
1.57407
4.46296
4.03704
-0.222222
0.166667
1.16667
3.2037
3.33333
0.666667
-2.31481
-1.72222
0.62963
1.87037
1.11111
-1.31481
-2.72222
-0.222222
4.7963
7.46296
1.85185
-5.01852
-7.88889
-6.16667
-2.59259
-2.24074
-4.68519
-7.2037
-7
-2
2.62963
3.98148
1
1.31481
1.81481
3.40741
1.57407
-1.85185
-4.05556
-2.66667
-1
0.111111
-0.0555556
-1.92593
-3.11111
-0.0740741
5.25926
8.88889
5.33333
-0.907407
-5.27778
-5.57407
-2.42593
-1.74074
-2.83333
-5.03704
-6.55556
-4.35185
0.259259
3.11111
1.72222
2.40741
3.09259
3.33333
-0.611111
-4.44444
-5.55556
-3.66667
-2.77778
-1.98148
-2.14815
-3.42593
-2.75926
1.85185
7.18519
10.3148
8.11111
3.31481
-1.37037
-3.25926
-1.48148
-1.24074
-1.5
-3.05556
-4.94444
-4.59259
-0.833333
2.64815
1.53704
2.64815
3.42593
1.74074
-2.85185
-5.62963
-5.2963
-3.42593
-3.12963
-2.66667
-2.64815
-2.64815
0.333333
5.64815
9.62963
11.2593
10.6852
7.88889
3.25926
-0.685185
-1.24074
-0.925926
-0.0740741
-0.388889
-2.07407
-3.66667
-1.7037
2.03704
0.648148
2.22222
3.14815
-0.166667
-3.90741
-4.64815
-2.68519
-0.981481
-0.518519
-0.0925926
0.259259
1.51852
6.05556
11.2037
13.5556
13.7778
14.9444
14.5741
10.9074
5.77778
2.92593
3.44444
4.85185
5.16667
3.2963
-0.166667
-0.814815
1.75926
0.574074
2.40741
3.12963
-0.407407
-1.72222
0.0740741
3.12963
4.33333
5.7037
6.22222
6.59259
8.11111
11.8704
15.1481
15.8889
15.8889
19.7222
22.7963
22.0926
17.9074
13.6667
14.3704
15.6481
15.7407
12.7593
7.12963
2.24074
1.22222
1.5
3.35185
3.68519
1.75926
3.25926
7.44444
12.1296
14.8148
18.1852
19.1852
19.6296
20.9259
22.6667
23.9444
23.7222
23.2963
26.5556
30.0926
31.8704
30.4074
25.8889
24.5556
22.6111
19.963
15.7222
10.0556
3.07407
-1.7037
2.48148
3.37037
2.7037
2.85185
6.38889
11.4444
16.3333
20.0741
23.8333
24.8889
25.4259
26.3333
25.3889
23.9815
22.3333
20.6667
20.8333
22.2963
24.7593
25.5185
21.7407
18.3704
13.3889
8.90741
5.68519
2.75926
-2.59259
-8.01852
1.75926
0.222222
-2.09259
-0.703704
3.31481
7.07407
9.87037
12.5741
13.7963
14.2963
15.5741
16.7778
13.7778
9.05556
4.81481
0.925926
-3.2037
-5.92593
-6.2037
-5.94444
-8.55556
-12.5741
-17.963
-21.1296
-19.9074
-17.6667
-16.6296
-17.2778
-1.05556
-5.53704
-9.62963
-9.88889
-9.16667
-10.2037
-12.7593
-15.0556
-19.2593
-20.3889
-19.3148
-18.463
-21.8704
-27.5
-32.1852
-35.7222
-39.7407
-42.5185
-43.6296
-43.6667
-43.8519
-44.9444
-45.7778
-43.7778
-37.537
-31.2778
-25.0741
-20.4444
-3.96296
-9.96296
-14.7778
-17.2407
-20.2407
-25.3704
-31.9444
-38.2593
-45.7963
-47.8519
-47.037
-46.4259
-48.0741
-51.7963
-54.5
-55.3889
-56.4815
-56.8889
-57.1667
-56.5741
-54.2778
-52.3889
-48.6852
-42.9815
-35.3333
-28.6111
-21.2778
-14.7407
-5.03704
-9.72222
-13.463
-17.0556
-22.2222
-28.537
-35.1667
-41.6481
-48.0926
-49.7593
-49.4444
-48.963
-47.4815
-46.6296
-45.0185
-41.9259
-38.8148
-35.6111
-33.037
-30.2037
-26.0926
-23.0185
-17.9815
-13
-9.2963
-6.31481
-3.09259
-0.166667
-3.12963
-4.16667
-4.77778
-6.01852
-8.61111
-11.6111
-14.4815
-17.1481
-19.1296
-19.5185
-19.3148
-18.7778
-16.0556
-13.0556
-9.53704
-5.07407
-0.740741
3.22222
6.68519
10.2778
14.2037
16.4259
19.1667
20.2407
18.6667
16.963
15.463
13.6852
0.037037
2.59259
5.46296
7.55556
8.87037
9.96296
11.2222
12.7963
15.1111
16.2222
16.4444
16.7037
18.6852
21.463
24.6296
28.0556
31.4815
34.537
37.2963
39.7407
41.6667
42.2593
42.0741
39.7593
34.8704
30.0741
25.2963
20.3519
-5.46296
7.24074
16.4815
15.3704
5.94444
-2.74074
-2.92593
2.03704
6.64815
7.51852
7.35185
4.12963
-4.42593
-14.7037
-17.6296
-8.90741
2.37037
7.64815
5.37037
4.05556
4.96296
5.12963
2.94444
3.90741
12.9259
19.5926
15.9074
-1.05556
-10.1481
4.77778
18.037
19.5185
9.7963
-1.03704
-1.74074
3.61111
9.44444
10.4815
10.9259
6.83333
-4.51852
-19.6667
-25.7222
-16.3519
-0.203704
10.2407
10.8148
8.33333
5.98148
3.27778
0.555556
4.16667
17
25.963
20.6111
-1.03704
-15.3148
2.12963
19.8333
24.0926
13.9259
0.703704
-0.703704
5.2037
12.7593
14.0926
14.2037
7.64815
-6.53704
-24.5741
-31.4259
-21.6852
-3.35185
9.92593
13.5926
12.3148
8.81481
3.81481
-0.296296
4.51852
20.3148
31.5185
25.2222
-0.722222
-19.4815
0.240741
21.7778
28.3333
17.5
2
0.203704
7.61111
17.5556
18.6667
16.1481
5.14815
-11.4815
-29.2037
-33.7593
-22.9444
-5.27778
7.46296
12.4444
14.037
12.1296
6.61111
0.685185
5.25926
23.0556
36.4259
29.5926
-0.388889
-23.4074
-1.46296
23.8333
32.5
20.963
3.27778
1.42593
10.5926
22.3704
21.9074
15.6667
1.03704
-15.5741
-30.8519
-33.1296
-22.9815
-7.83333
3.44444
9.68519
14.7222
15.4444
10.2222
2.42593
5.74074
24.4444
39.7593
33.2778
0.685185
-27.4074
-3.07407
26.1111
37.0185
24.6481
4.64815
2.42593
13.5
26.9259
24.7593
14.1667
-3.59259
-19.537
-31.3889
-31.537
-22.037
-10.0185
-0.814815
5.59259
14.0741
18.2222
14.4444
4.88889
6.07407
24.3333
41.1481
35.8148
2.37037
-30.963
-4.87037
27.9259
41.3148
28.6481
6.33333
3.33333
16.0741
31.3519
27.9074
12.7963
-8.12963
-24.2963
-32.8704
-31.0926
-20.3704
-10.8704
-4.22222
-0.259259
10.6111
18.9259
18.7222
8.66667
7.40741
23.8148
41.2593
37.6481
4.90741
-33.1667
-6.27778
28.5556
43.6667
31.1667
8.11111
5.27778
19.5926
34.537
27.7593
7.55556
-13.3704
-26.4444
-30.4815
-28.9444
-18.5741
-11.2222
-6.05556
-5.2963
5.64815
16.8889
20.9444
12.0926
9.35185
23.8519
41.5
39.1852
7.31481
-34.1667
-7.72222
27.6296
43.963
32.8333
10.8148
8.74074
23.1111
35.0926
23.3889
-0.796296
-18.4444
-25.2407
-24.2037
-24.7593
-16.8889
-11.2037
-5.87037
-7.64815
0.574074
11.8333
19.1296
13.7222
11.6667
25.2222
42.3889
40.6481
9.42593
-34.6852
-9.85185
25.5741
43.463
35.1667
14.963
12.9074
25.3148
32.7037
16.4444
-9.7037
-22.7778
-22.9815
-17.2593
-19.1852
-13.0556
-8.37037
-3.05556
-8.31481
-5.53704
3.33333
13.1667
13.6481
14.6111
28.1481
43.8704
41.9259
11.2037
-34.9815
-11.8519
23.6111
43.1852
37.9444
19.3148
16.4444
25.4444
27.7407
7.74074
-18.1111
-24.8704
-18.3148
-9.14815
-14.0556
-9.88889
-5.75926
1.12963
-6.75926
-9.07407
-4.7963
5.03704
9.72222
15.2222
30.8333
46.5185
44.0741
13.537
-35.2593
-13.9815
21.4444
43.037
41.2778
24.2778
19.963
24.0185
20.2963
-2.85185
-26.0185
-24.1667
-10.7407
-0.259259
-10.8519
-9.24074
-4.16667
6.66667
-2.64815
-10.0185
-11.6296
-3.51852
3.66667
13.4259
32.0926
49.1111
46.8333
16.5185
-35.7222
-16.4074
19.2222
43.1852
45.3889
29.8704
23.0185
20.3148
9.92593
-14.6667
-31.6296
-19.0556
0.166667
8.18519
-11.0926
-12.6481
-4.22222
13.3333
4.61111
-7.98148
-16.6111
-12.037
-3.77778
9.37037
31.5926
51.037
50.0926
20.2037
-36.3333
-18.6852
17.3889
44.037
50.3519
35.7222
24.2963
13.037
-3
-24.9815
-32.2778
-10.037
11.0185
13.3148
-14.2037
-17.2778
-4.09259
20.5185
13.1667
-3.94444
-19.5926
-19.6852
-11.8148
3.81481
29.4444
51.9074
52.9074
23.9259
-36.8333
-20.6111
16.0556
45.537
55.3333
40.2778
22.6852
3.61111
-15.4815
-31.8519
-29.5
0.0185185
20.7222
16.8333
-17.7593
-22.8704
-5.25926
26.0926
22.2778
2.55556
-19.2037
-25.2407
-20.1296
-3.98148
24.7778
51.3333
55.7407
28.2593
-36.9444
-21.8519
15.2593
47.2407
59.463
43.0926
18.9444
-6.38889
-26.5556
-36.1111
-25.1111
9.7963
29.8333
20.3704
-20.3519
-29.4444
-8.61111
29.037
31.2778
10.7593
-15.6481
-27.963
-26.9444
-12.7593
17.5
48.2593
57.6481
33.0556
-36.5
-22.5926
14.7593
48.5556
62.3333
43.8333
13.6111
-16.2778
-35
-36.9259
-18.4815
18.9074
37.3519
23.1852
-22.2037
-36.5741
-14.8333
27.9815
38.2963
20.0741
-8.09259
-25.9074
-30.1111
-21.2778
7.55556
41.5185
57.5556
37.7037
-35.9074
-22.8519
14.9815
50.2963
64.2593
42.037
5.7037
-26.8148
-40.963
-33.6667
-8.59259
28.1852
42.5
23.4815
-24.4815
-42.7407
-21.3148
24.6667
42.4815
28.8704
1.03704
-20.4815
-29.7407
-26.7778
-2.24074
31.3333
52.2407
39.1481
-35.0741
-22.4444
16.3148
52.0556
64.3148
36.9074
-3.68519
-35.2037
-41.963
-26.4815
1.48148
34.0185
43.2222
21.8148
-24.8889
-44.6667
-25.7222
19.1852
41.5741
34.5
10.2593
-12.6667
-27.3704
-30.8333
-11.4815
20.8333
45.5741
39.4815
-33.9259
-20.9815
18.7407
52.9815
61.5
29.1296
-12.037
-38.4444
-37.5185
-17.8333
7.98148
34.3333
39.9815
19.6481
-22.6667
-42.0556
-26.5
13.963
36.8704
34.6852
15.7778
-5.7963
-23.7963
-33.037
-18.5741
12.3519
40.0185
39.8889
-32.2222
-18.6481
21.5741
53.5926
58.6481
22.6111
-18.6481
-40.7963
-33.9259
-10.5926
12.9074
33.0926
34.7778
15.9444
-20.5556
-38.1481
-25.3333
9.48148
31.2037
32.0741
18.6667
0.222222
-18.4444
-31.9815
-22.6111
5.77778
35.0741
39.8519
-30.1852
-16.1852
23.6481
53.0741
54.8333
16.2778
-24
-41.3148
-29.1111
-3.55556
16.537
30.6667
29.1111
12.3704
-18.5
-34.1111
-23.8889
5.57407
25.6481
28.7963
20.463
5.7037
-12.2222
-28.9259
-24.6481
0.425926
30.2407
39.0926
-28.1296
-14.3333
24.0185
50.7407
49.7037
10.1852
-27.1852
-38.3704
-21.6481
3.2963
17.6852
26.3333
23.3333
9.88889
-16.4074
-30.4074
-22.6481
2.51852
20.7407
25.5
21.5
10.537
-5.7963
-24.7407
-24.9074
-3.5
25.8704
37.3889
-26.3889
-13.6481
22.0926
46.5556
44.7222
7.18519
-25.9815
-32.9444
-14.7593
7.38889
17.1296
21.7037
18.0741
6.94444
-15.1296
-26.7778
-19.6296
2.03704
17.0926
20.1667
18.0926
11.5
0.388889
-17.0556
-20.4815
-4.55556
21.4815
33.8333
-24.7407
-13.8519
18.5556
40.5926
39.3704
6.07407
-21.3889
-25.537
-8.51852
8.92593
14.9074
16.963
13.7037
4.64815
-13.4444
-22.5556
-15.9259
2.27778
13.7778
14.7593
13.5
10.5
4.53704
-9.87037
-15
-3.66667
18.4444
30.5926
-23.3148
-14.5556
14.0926
34.2222
34.5556
6.68519
-15.6111
-18.6481
-4.25926
8.90741
12.6667
13.0926
9.96296
2.59259
-11.1852
-17.2037
-11.2593
3.16667
11.0185
10.2407
8.35185
6.87037
4.62963
-4.83333
-8.7963
-0.203704
17.2963
27.8889
-22.2963
-15.4444
9.88889
28.8148
31.1667
8.38889
-10.3704
-13.3704
-1.68519
8.48148
10.5185
9.5
6.38889
1.05556
-8.37037
-11.2407
-5.90741
4.55556
8.46296
5.38889
2.87037
1.81481
2.11111
-2.7037
-3.16667
5.85185
19.963
27.463
-21.5185
-16.5741
5.18519
23.8889
29.3704
12.2963
-4.5
-9.59259
-1.61111
6.55556
8.27778
6.87037
3.96296
0.351852
-5.92593
-7.22222
-3.01852
4.53704
6.68519
3.01852
0.222222
-1.46296
-0.703704
-2.68519
0.259259
11.2963
24.0185
28.6296
2.27778
2.61111
2.38889
-0.5
-5.11111
-9.5
-9.72222
-7
-3.11111
-0.888889
-0.222222
-0.333333
-0.5
-0.444444
-0.277778
0.0555556
-0.333333
-1.83333
-3.11111
-1.44444
4.72222
11.0556
12
4.16667
-8.11111
-15.2222
-12.9444
-1.77778
8.66667
13.2222
10.6667
4.77778
0.888889
0.611111
0.0555556
-3.05556
-7.94444
-12.2778
-12.2778
-9.38889
-5.38889
-2.72222
-1.05556
-0.944444
-2
-3.38889
-3.88889
-3.11111
-2.94444
-3.66667
-4.72222
-3.38889
0.444444
5.22222
7.11111
4.16667
-3.66667
-10.1111
-9.44444
1.5
16.6667
25.1667
22.5
11.2778
-1.16667
-2.83333
-5.38889
-10.2222
-14.7222
-16.3889
-13.0556
-9.5
-6.61111
-5.16667
-2.55556
-1.22222
-1.11111
-1.55556
-1.05556
-1.05556
-3.94444
-7.22222
-8.5
-5.38889
-1.44444
2.38889
4.22222
4.44444
1.27778
-3.27778
-3.27778
5.61111
21.9444
31.8333
29.2778
15.5
-2.5
-6.38889
-12.5
-20.6111
-24.5556
-21.4444
-12.0556
-6.44444
-5.5
-6.72222
-3.88889
-0.333333
2.66667
5.72222
9.27778
8.5
-0.222222
-10.4444
-14.3333
-9.22222
-2.55556
1.88889
3.72222
5.61111
6.27778
4
3.16667
8.11111
21.1667
29.8333
28.4444
16.1667
-1.5
-6.38889
-16.3889
-28.1111
-32
-23.3333
-8.05556
-0.166667
-0.777778
-4.55556
-1.61111
3.27778
9.61111
17.1111
25.5556
26.0556
11.6111
-9.16667
-21.9444
-19.0556
-9.27778
-1.72222
0.888889
2.94444
5.44444
6.05556
5
5.83333
12.2778
18.7222
20.7222
14.8889
-0.111111
-4.44444
-14.9444
-26.3889
-29.6111
-18.9444
-3.94444
3.5
2.05556
-1.83333
1.55556
6.44444
13.8889
22.5
32.8889
35.1111
21.8889
-2.11111
-21.8333
-27.2778
-19.7778
-9.88889
-3.22222
0.611111
3.44444
4.77778
3.05556
1.77778
3.66667
8.55556
12.4444
11.2778
0.944444
-1.55556
-9.22222
-16.8333
-18.6667
-10.1111
-0.777778
3.38889
1.94444
-0.166667
4.16667
8.72222
16
21.7222
28.2778
29.1111
22.8333
6.5
-12
-26.7222
-27.5
-19.6667
-9
-1.88889
1.16667
1.88889
-0.555556
-1.94444
-1.66667
2.5
6.22222
6.83333
0.611111
0.222222
-2.83333
-6.16667
-7.66667
-4.55556
-1.11111
0.833333
0.666667
0.0555556
3.33333
8.88889
17.8889
20.3889
15.9444
5.61111
4.27778
6.94444
6.83333
-6.72222
-20
-23.8889
-15.9444
-6
-0.666667
0.555556
-1.22222
-2.16667
-2.05556
0.944444
3
2.72222
0.277778
1.16667
1.11111
0
-1.55556
-2.61111
-2.22222
-0.944444
0.111111
0.722222
3.55556
11.2778
19.7222
15.8889
-1.11111
-18.9444
-14.2778
6.5
23.2222
16.4444
-4.5
-20
-20.6111
-11.6111
-3.83333
-0.277778
-0.722222
-1.77778
-2.05556
0.0555556
1.88889
1.94444
-0.333333
1.05556
2.5
2.22222
0.0555556
-3.27778
-3.55556
-1.33333
0.888889
2.33333
4.72222
13.8333
19.2778
9.55556
-15.4444
-33.3889
-24.6111
5.61111
30.2222
32.8889
11.7222
-10.5556
-21.7778
-16.7778
-7.55556
-1.05556
-0.111111
-1.61111
-2.61111
-0.944444
1.66667
3.16667
-0.166667
1.16667
2.88889
2.61111
0.222222
-3.77778
-4.05556
-1.16667
1.88889
4.27778
7.16667
15
13.6667
-0.888889
-24.3889
-30.3333
-17.7222
8.33333
24.4444
31.6667
18.6111
-0.111111
-17.1667
-17.8889
-10.1111
-2.5
-0.777778
-2.55556
-3.83333
-2.16667
1.55556
4.66667
0.222222
1.22222
2.77778
2.33333
-0.166667
-3.94444
-3.72222
-0.388889
2.94444
5.72222
8.61111
14.3889
7.5
-7.11111
-24
-18.2778
-8.94444
4.5
9.05556
22.7222
23
11.8333
-9.22222
-17.5
-13.3333
-5.38889
-1.83333
-2.88889
-4.27778
-2.88889
0.5
4
0.833333
1.55556
2.88889
1.94444
-0.611111
-4.38889
-3.77778
-0.444444
3.94444
8.22222
11.6667
13.0556
-0.388889
-14.8333
-22.1111
-5.38889
1.11111
0.166667
-7.55556
8.61111
24.5
25.7222
5.83333
-13.1111
-17.2778
-11.7222
-4.61111
-3.33333
-3.94444
-3.11111
-0.277778
2.94444
1.16667
1.72222
2.55556
1.5
-0.611111
-4
-3.94444
-1.27778
4.66667
12.4444
16.6111
11.0556
-10.7222
-26.7778
-24.1111
1.61111
10.1111
-1
-18.6667
-6.33333
23.1667
40.1111
27.5556
-2.77778
-19.8889
-20.2778
-9.72222
-4.33333
-3.33333
-2.66667
-0.777778
2.27778
0.722222
1.61111
2.77778
2.22222
0.277778
-3.5
-4.33333
-1.55556
7.22222
16.8889
18.4444
2.16667
-24.2778
-38.2222
-24.0556
5.66667
18.1667
3.83333
-19.1667
-18.1667
12.7222
42.8333
46.4444
16.1667
-13.2222
-25.4444
-17.5
-8.11111
-3.83333
-2.16667
-0.5
2.55556
-0.166667
1.61111
3.33333
3.5
1.5
-2.38889
-3.55556
-0.0555556
10.4444
18.9444
15.4444
-8.88889
-33.7778
-41.6111
-20.1111
6.72222
20.1111
8.38889
-13
-21.9444
-0.944444
32.1111
50.5
33.3889
1.72222
-20.6111
-21.9444
-12.8889
-6.22222
-2.44444
-0.666667
2.38889
-0.833333
2
4.55556
4.94444
2.16667
-1.88889
-2
3.38889
14.4444
18
7.5
-20.0556
-36.5556
-34.3889
-11.2778
6.27778
15
9.22222
-3.94444
-16.7222
-12.7778
11
37
42.3333
21.1667
-5.44444
-20.1111
-17.6667
-10.7222
-4.27778
-0.833333
2.16667
-0.5
2.88889
5.22222
4.88889
1.55556
-2.27778
-1.16667
6.16667
17.3333
17.3889
0.722222
-26.2778
-35.4444
-25.0556
-4.16667
4.88889
8.38889
6.83333
1.94444
-9.11111
-15.5556
-4.66667
18
36.8889
32.1667
11.8889
-9.72222
-17.6111
-15
-7.83333
-2.11111
1.5
0.555556
3.11111
4.55556
3.55556
0.666667
-2.33333
0.166667
9.55556
18.6667
13.6667
-9.88889
-32.3333
-32.3333
-13.3333
3.61111
4.72222
3.38889
4.11111
5.88889
-2.94444
-14.1667
-14.2222
2.16667
26.8333
36.4444
25.6667
2.27778
-15.1111
-18.4444
-12.0556
-3.66667
1.27778
1.16667
2.05556
2.44444
1.88889
0.555556
-0.888889
2.38889
12.1667
16.3333
5.66667
-22.0556
-35.6667
-26.0556
-1.11111
10.2778
5.33333
1.61111
3.22222
8.05556
-0.611111
-12.1111
-18.5556
-8.22222
14.9444
34.1667
34.2778
14.8333
-8.94444
-19.6667
-16.3889
-6.66667
0.388889
0.888889
0.111111
0.5
1.5
2.27778
2.55556
6.22222
13.0556
8.16667
-9.22222
-33.5556
-31.1111
-11.2222
13.0556
14.3889
5.33333
2.22222
5.11111
9.11111
-1.83333
-13.6111
-23.8889
-18.1667
2.55556
29.8333
41.1667
27.9444
-0.777778
-19.2222
-20.4444
-9.94444
-0.777778
0
-1.22222
-0.111111
2.16667
4.11111
5.77778
9.38889
11.0556
-1.27778
-21.3333
-35.9444
-22.2222
0.944444
19.1111
15.7778
7.88889
6
6.72222
6.27778
-5.22222
-13.8333
-23
-22.1667
-10.2222
17.4444
39.7222
40.8333
15.2222
-11.6111
-24.3333
-18.9444
-7.27778
-0.388889
-1.05556
0.833333
3.05556
5.88889
8.83333
12.6667
7.5
-10.1667
-29.1667
-30.2778
-10.1111
10.8889
19.5556
14.9444
9.33333
7.61111
5.83333
3.22222
-4.11111
-8.16667
-14.6667
-19.3333
-19.1111
0.166667
26.5
42.1667
27.8889
-1.22222
-24.7222
-27.4444
-14.8889
-0.0555556
0.277778
2
3.33333
7.16667
12.2778
16.6111
5.05556
-15.4444
-30.6111
-19.8333
0.944444
16.6667
16.6111
12.7222
6.05556
1.88889
0.388889
3.83333
7
6.5
1.38889
-8.05556
-18.2778
-17.5556
-0.944444
21.8889
27.5556
7.94444
-19.1111
-31.3889
-20.4444
0.777778
1.44444
2.55556
3.55556
9.61111
16.1667
19.5
3.66667
-14.6111
-21.5556
-2.94444
15.3889
23.2778
14.6667
5.94444
-6
-12.1111
-8.11111
6.22222
19.2222
18.6667
10.0556
-2.77778
-16.3333
-28.1667
-26.0556
-8.94444
10
8.27778
-6.11111
-18.7778
-13.6667
1.38889
1.72222
2.33333
4.11111
10.9444
16.4444
16
0.777778
-10.2222
-7.33333
11.8333
23.3889
22.8889
9.83333
-2.44444
-17
-23.2778
-14.6111
5.55556
22.3333
20.2222
9.22222
-2.61111
-13
-27.7222
-35.8333
-28.7222
-6.61111
6.33333
8.16667
0.444444
-1.22222
1.5
1.27778
2.05556
5.11111
9.61111
9.66667
2.94444
-5.77778
-3.61111
8.77778
20.2778
19.5
11.1111
0.611111
-8.66667
-18.8333
-23.7778
-16.3333
-1.61111
10.1111
7.83333
-0.5
-6.88889
-11.1111
-18.1111
-24.3333
-22.6667
-7.72222
8.16667
19.1667
17.9444
10.6111
0.944444
0.777778
2.05556
5.83333
4.77778
-2.44444
-15.7778
-17.3333
-6.38889
9.72222
14.2778
8.11111
0.111111
-4.44444
-7.77778
-11.7222
-14.6667
-11.6667
-6.05556
-0.666667
-0.777778
-2.94444
-4.05556
-5.11111
-6.88889
-8.83333
-7.05556
1.94444
14.5556
24.2778
24.1111
14.1111
-0.222222
0.722222
2.88889
6.66667
0.888889
-12.2222
-30.1111
-28
-12.9444
4.44444
6.55556
0.722222
-4.05556
-3.83333
-3.38889
-3.72222
-5
-5.27778
-5
-4.22222
-2.22222
-0.666667
0.333333
-0.166667
0.555556
2.11111
4.55556
8.88889
16.6111
22.2778
21.7778
12.3333
-1.5
0.888889
4.05556
7.5
0.111111
-14.5
-33.3889
-31.9444
-18.9444
-2.5
1.61111
0.722222
0.0555556
1.66667
2.05556
0.888889
0.666667
0.166667
1.55556
1.27778
4.05556
4.83333
4.16667
2
1.94444
3.5
4.66667
6.16667
10.4444
13.7222
13.7222
7.88889
-1.66667
1.5
4.94444
7.33333
1.61111
-9.55556
-23.6111
-23.5556
-15.5
-4.44444
-1.72222
-1.27778
-0.444444
2.66667
4.22222
4.05556
4.61111
4.5
6.44444
5.88889
8
7.05556
5.38889
3
3.55556
4.38889
2.72222
-0.388889
-1.38889
-0.222222
1.66667
1.88889
-0.444444
2.22222
4.5
5.83333
2.5
-2.66667
-9.38889
-8.55556
-5.27778
-1.94444
-3.5
-4.72222
-2.94444
1.77778
5.33333
6.33333
6.83333
6.5
7.61111
6.44444
7.33333
6.38889
5.55556
3.27778
2.27778
1.11111
-1.44444
-5.61111
-9.77778
-11.1667
-8.83333
-3.83333
-20.6
-27.48
-32.02
-32.56
-27.84
-21.7
-15.22
-9.64
-3.34
2.24
6.9
9.88
10.56
7.1
-0.12
-7.36
-11.54
-10.62
-6.12
-0.44
2.78
3.04
1.84
2.7
8.64
18.56
29.8
37.52
-26.86
-34.58
-38.42
-36.86
-29.9
-21.7
-14.02
-8.14
-0.74
6.46
13.02
17.98
20.36
15.82
5.42
-6.22
-15.1
-18.36
-15.14
-8.04
-1.42
3.18
5.72
8.22
13.86
22.18
31.66
38.24
-30.02
-37.88
-40.62
-37.04
-28.04
-18.28
-9.74
-3.42
5.48
14.66
23.52
30.38
33.8
27.2
12.98
-3.28
-16.7
-24.58
-24
-17.46
-9.42
-2.22
3.08
7.22
13.02
19.82
27.14
32.84
-28.16
-35.1
-36.58
-32.08
-23.36
-13.8
-5.42
1.18
11.06
20.96
30.18
37.38
40.38
32.36
17.6
0.56
-15.04
-26.1
-28.3
-23.96
-16.66
-8.22
-1.12
4.1
9.54
14.86
19.82
24.38
-21.66
-27.36
-28.14
-24.1
-17.46
-9.32
-1.5
5.2
14.92
23.42
30.36
35.54
37.2
29.36
18.16
5.04
-9.26
-21.84
-26.68
-26
-21.46
-13.36
-5.44
0.14
4.72
8.58
11.32
14.78
-14.12
-18.36
-19.12
-16.56
-12
-5.66
1.38
8.58
17.84
24.32
27.84
29.04
27.12
19.62
13.46
7.26
-1.32
-11.22
-18.32
-23.06
-23.58
-18.68
-12.04
-5.78
-0.48
2.96
4.34
7.08
-6.96
-9.82
-10.72
-9.8
-7.28
-2.7
3.72
11.74
19.76
23.48
23.26
20.2
12.8
6.4
6.5
8.06
5.6
1.68
-6.44
-16.84
-23.4
-22.26
-18.46
-12.26
-5.9
-1.82
-0.66
1.96
-1.46
-3.24
-4.48
-5.02
-4.34
-1
5.22
13.74
19.12
19.46
15.14
7.58
-5.04
-8.68
-1.92
7.26
11.26
14.86
7.72
-6.28
-18.08
-21.06
-20.9
-16.2
-9.94
-4.96
-3.04
-0.36
1.52
0.24
-1.5
-3.2
-2.9
0.52
7.24
15.38
17.28
14.34
6.76
-4.02
-18.66
-18.44
-7.56
5.94
14.8
24.24
19.5
5.32
-9.14
-16.56
-20.64
-19.04
-14.1
-8.62
-5
-1.58
2.22
1.02
-1.2
-3.26
-2.06
2.22
9.3
16.56
15.16
9.48
0.16
-11.44
-26.06
-22.88
-11.16
2.7
13.9
28.38
27.58
16.48
2.46
-8.82
-18.1
-20.7
-18
-12.72
-7.32
-2.82
2.48
1.32
-0.88
-2.82
-0.52
4.8
11.66
16.56
11.8
3.06
-7.54
-18.06
-29.34
-23.22
-11.76
0.16
10.78
27.24
31.02
25.54
14.88
2
-11.94
-20.12
-21.54
-17.48
-10.82
-4.9
2.88
1.84
-0.26
-1.92
1.54
7.84
14.12
15.88
7.96
-4.16
-16.54
-25.72
-31.04
-22.3
-11.62
-1.82
7.84
22.9
30.9
32.5
27.08
13.88
-3.08
-16.6
-23.2
-21.72
-14.66
-7.4
3.48
2.56
0.54
-0.8
3.98
10.7
15.48
13.8
3.54
-12.2
-25.94
-32.26
-30.26
-19.84
-9.76
-2.16
4.98
16.18
27.02
35.28
36.5
25.58
7.66
-9.88
-21.56
-24.14
-18.32
-10.52
4
3.32
1.7
1.36
7.3
13.46
15.58
10.48
-1.72
-20.5
-34.34
-36.72
-28.46
-17.34
-7.2
-1.28
2.56
9.46
21.28
33.82
40.86
34.78
18.42
-0.8
-16.48
-23.36
-20.9
-14
4.42
4.18
3.5
4.46
10.76
15.28
14.04
5.76
-8.3
-28.08
-39.92
-38.12
-25.32
-13.5
-3.22
1.16
1.2
2.84
13.3
27.5
38.88
39.84
28.56
10.26
-8.28
-19.58
-22.02
-17.5
4.58
4.66
4.74
7.06
12.76
14.94
10.84
1.1
-14.24
-32.48
-40.62
-35.28
-20.66
-8.66
0.86
3.68
0.46
-3.4
4.02
17.84
31.72
39.1
35.72
21.62
2.48
-12.9
-20.44
-19.82
4.46
5.06
6.14
9.44
13.58
12.64
5.56
-5.2
-20.68
-34.74
-37.26
-28.1
-12.92
-1.38
6.22
6.64
0.16
-8.92
-5.88
5.56
20.44
33.32
38.92
31.36
14.26
-3.98
-16.48
-20.74
4.04
5.48
7.98
11.88
13.64
9.46
-0.64
-12.78
-27.56
-35.5
-31.62
-19.02
-3.62
7.16
11.58
9.04
0.38
-12.52
-13.86
-5.82
8.4
24.8
38.28
38.3
25.48
6.18
-10.84
-20.64
4.1
6.86
10.78
13.94
12.4
5
-7.36
-19.98
-31.54
-31.44
-21.6
-7.58
6.32
15.04
15.28
10.24
1.34
-12.98
-17.92
-13.82
-2.12
14.52
32.88
39.4
31.56
13.2
-5.84
-20.02
4.96
9.3
13.98
15.28
10.86
0.98
-12.34
-24.18
-29.9
-22.74
-9.84
2.94
14.1
19.02
15.96
10.66
4.42
-8.06
-15.08
-15.62
-8.96
3.16
21.18
31.46
28.8
14.48
-3.02
-18.94
6.52
12.28
17.4
17.14
11.86
1.16
-11.74
-22
-22.16
-11.72
0.74
10.2
17.66
17.96
12.44
7.78
5.18
-3.52
-11.12
-15.62
-14.48
-8.52
5.44
17.16
19.72
11.94
-1.3
-16.02
8.12
14.52
19.26
17.62
12.42
2.28
-9.12
-17.02
-12.72
-1.9
7.84
12.86
15.88
12.16
5.7
2.7
4.44
1.88
-4.32
-11.32
-15.32
-15.86
-9.12
1
7.14
6.74
-0.5
-11.64
9.56
15.48
18.64
15.36
10.08
1.12
-7.02
-10.52
-2.08
7.96
13.66
12.94
9.8
2.4
-3.28
-3.2
3.02
6.98
3.04
-5.38
-13.78
-20.36
-21.02
-14.56
-6.98
-0.22
0.24
-4.64
9.8
13.7
14.22
9.9
4.86
-1.52
-4.88
-3.02
7.38
14.92
16.18
10.44
2.26
-7.52
-11.94
-9.38
-0.1
8.02
6.76
-1.2
-12
-22.82
-28.66
-25.34
-16.62
-3.84
3.8
5.38
9.06
9.76
7.16
2.12
-3.1
-6.42
-4.76
1.88
11.42
15.84
13.9
5.68
-4.84
-14.2
-17.42
-14.5
-5.54
2.74
3.24
-2
-10.86
-20.82
-26.92
-24.26
-14.74
-0.24
10.64
16.26
7.5
4.98
-0.72
-7.74
-15.78
-17.72
-12.96
-3.58
5.7
10.62
8.96
1.7
-7.66
-14.36
-15.68
-12.6
-5.16
2.02
3.54
0.98
-4.8
-11.98
-16.84
-15.2
-7.36
5
15.46
22.28
5.78
0.82
-6.84
-15.02
-25.26
-26.36
-19.86
-9.58
-1.24
4.92
4.92
0.22
-6.14
-9.86
-9.92
-7.08
-1.44
3.18
5.2
4.7
1
-4.48
-7.4
-6.66
-1.34
7.72
16.46
22.52
4.76
-1.18
-9.22
-17.2
-27.86
-28.08
-21.16
-11.58
-4.82
1.68
3.18
1.14
-1.5
-2.74
-2.64
-0.9
2.76
3.92
5.56
6.32
4
-0.2
-1.52
-1.46
1.36
6.48
12.16
16.28