0.125
0.625
1
1.125
1.375
1.125
0.5
-0.625
-1.625
-1.625
-1.125
-0.5
0.125
-0.125
-0.625
-0.625
-1.25
-1.5
-1.25
-0.625
0.625
1.5
1.625
1.125
0.5
0.625
1.375
2.375
2.5
2.125
1.25
-0.125
-1.25
-2.75
1.5
2.25
2.5
2.25
1.625
0.75
0
-0.25
-0.75
-0.375
0.125
0.25
0.75
0.75
1.125
1.875
1.625
0.625
-0.25
-0.625
0
0.875
1.375
1.625
1.75
1.875
2.625
2.75
2.375
2
1
0.125
-0.625
-1.375
3
3.375
3.375
2.75
1.625
0.625
0.25
0.875
1.625
2.25
2.625
2.625
2.75
3.75
5.625
9.5
10.25
9.125
6.375
1.625
0.375
0.25
1
2.125
2.625
2.25
2.375
1.75
1.5
1.375
0.75
0.375
-0.125
0
3
3.25
3.375
2.625
1.375
0.625
0.75
1.625
3
3.375
3.5
4.125
5.5
8.875
13.75
21.625
23.25
24.75
21.875
13.375
9.75
4.375
1.125
0.75
1.25
1.25
1.75
1.75
1.875
2.125
1.75
1
0
-0.125
2.5
2.25
2
1.375
0.5
0.5
1.375
2.375
3.75
4.75
6.75
11.625
18.5
25.75
32
35.125
34
34.25
33.25
31.25
30.125
25.375
18.625
12.375
8.125
4.5
2.875
2.875
2
1.375
0.5
-0.875
-2.125
-2.25
1.625
1
0.375
0.375
0.625
1.125
2
3
5.5
10
17.625
27.875
36.5
40.875
39.375
29.75
24.375
19.25
19.25
26
29.75
35.375
35
28.625
21.625
12.625
5.75
3.25
-0.375
-2.5
-3.625
-4.5
-4.75
-4.375
0
-0.125
0
0.75
1.875
2.375
3.125
5.375
9.875
17.5
26.625
32
30.5
23.375
12.25
0.625
-1.125
-2.25
-0.5
4.125
4.375
9.125
14.25
16.875
18.625
16.375
11.125
6.625
1.375
-2.5
-4.25
-4.5
-4.125
-3.875
0.125
0.5
1.125
1.75
2.375
3.125
5.25
10.375
16.75
23.25
25.125
19
9.125
0.125
-4.75
-2.375
5.25
11.625
14.5
12.625
5.375
-1.875
-3.375
0.75
6.75
14.125
16.5
12.75
8.75
3.25
-0.5
-1.25
-1.25
-1.375
1.625
2.375
2.5
2.125
1.875
3.125
7.25
14.375
20.875
22.625
16.125
6.75
3.375
9.125
24.25
43.5
57.25
66.25
68.5
63.75
54.125
37.875
22.75
13.125
6.375
8.5
13.5
12.5
11.875
8
3
1.125
0.75
0.625
2.375
3.25
3
2.375
2.5
4.5
10.25
16.75
19.125
14.5
7.25
7.75
20.75
43.25
67.75
84.5
90.875
94
94.375
93.5
92.125
83.375
66.25
44.625
22.5
8
5.375
6.625
8.625
8.625
5
2.25
1.375
1.25
2.25
2.375
2.25
2.625
4.375
8.875
16.25
18.875
14.5
8.25
8.625
21.875
43.25
62.625
69.25
63
54.5
47.625
45.875
50
54.75
60
60.375
50
35.25
18.25
6.125
5.375
6.875
8
6.75
3.5
1.625
1.125
0.875
0.375
0.625
1.75
5.125
12.75
18.625
15.875
9.125
7.75
14.375
26.75
36.125
32.875
14.5
-6.125
-22.375
-30.375
-28.75
-24.125
-22.625
-20.25
-7.125
8.75
22.75
25.625
15.75
9.75
8
9.125
10.125
6
2.75
1.625
-0.75
-1
-0.625
0.625
4.75
12
12
7.5
4.75
3.5
4.625
2.625
-6
-20.5
-38.5
-53
-68.625
-75.75
-72.625
-68.875
-64.625
-63.375
-51.125
-22.375
8.25
23.75
22.75
14.375
7.75
9.5
12.75
9
4.125
1.875
-1.625
-1.875
-1.75
-0.5
3.625
7.875
4
1.875
3.375
-0.375
-6
-17.875
-33.625
-44.125
-45.5
-43.875
-47.125
-53.25
-58
-61.375
-56.125
-45.25
-33.625
-11.875
11.625
20.875
22.625
16.875
7.375
7.25
10.625
9.625
4.125
0.625
-3.375
-3.875
-3.875
-2.25
1.75
4.125
0.875
1.25
5
9
12.375
5.125
-9.75
-21.75
-20.625
-9.75
-1.375
-2.25
-10.625
-22.625
-19.75
-4.375
4.375
12.625
21.5
19.875
18.625
16.625
8.625
5.875
7.125
8.125
3.75
0
-5.125
-5.625
-5.875
-3.875
0
1.5
0
4.25
12
24.875
40.375
40.25
28.5
19.75
16.625
25
28
23.25
16
2.375
6.625
16.5
16.125
15.875
17.75
14.75
14.25
14.5
10.125
6.75
6
6.375
3
-0.125
-5.375
-5.75
-5.75
-4.375
-1.25
-1.125
-1.375
3.625
10.75
23.375
37.875
40.125
34.75
34.875
35
35.25
29.375
20.875
13.75
8.5
13.625
13.125
5.5
1.5
2.625
5.5
8.75
10.75
9.125
5.125
3.625
3
0.625
-1.375
-4.625
-4.625
-3.875
-3.25
-1.375
-1.5
-0.75
-1.5
-0.125
8.375
15.875
20.375
18.875
15
13.75
4.875
7.125
13.625
15
24.25
21.625
11.25
4.375
0.875
0.625
3.75
3.625
3.875
4
0.625
-0.5
-1.25
-1.75
-2.125
-2.375
-1.625
-1.125
-1
-0.875
0
1.5
-1.125
-0.375
2.25
4.375
8.625
6
-1.75
-8.875
-20.875
-6.125
10.5
21.875
37.125
23.5
9.375
4.125
1.75
0
0
-2.625
-4
-2.25
-1.625
-1.875
-2.625
-1.75
-1
0.375
1.5
1.5
0.5
-1.75
-0.875
0.875
0.375
-0.125
-2.875
-3
0.25
1.125
-3
-13.875
-24.75
-15.625
-6.625
7
20.75
13
5
-3.625
-10.5
-14.625
-14.875
-11.75
-9.125
-6.5
-3
-2.25
-2.625
-0.875
0.375
0.75
1.5
1.75
0.125
-3.375
-3.125
-0.875
-0.5
-4.5
-10.125
-11.625
-7.875
-1.5
-2.875
-15.875
-24.875
-29.25
-28.25
-15.125
-3.5
2.25
1.75
-4.375
-10.375
-17
-17.125
-13.125
-11.625
-8
-3.875
-3.25
-3.875
-1.625
0.125
-2.125
-1.5
-0.75
-1.75
-4.875
-5.125
-1.125
-0.125
-5.125
-12.125
-17.125
-13.75
-4.375
-1.375
-5.875
-7.625
-17.75
-20
-14.125
-6.875
8.625
17.5
22.875
19.625
3.625
-5.375
-10.125
-13.625
-7.375
-3.625
-5.125
-6.75
-3.875
-1.125
-5.375
-5
-4.125
-4.5
-7.125
-9.125
-3.125
-0.375
-5
-12.5
-22.5
-18.625
-0.25
17.875
34.75
46.75
43.875
42
35.75
32.5
42.375
53.75
62.25
48.25
17.375
-3.625
-14.5
-14.875
-6.625
-7
-11.5
-11.25
-6
-1.75
-5.75
-6.5
-6.75
-7.375
-10.25
-16
-13.25
-7.75
-7.25
-13.125
-26.125
-26.5
-6.25
24.75
57.75
80.25
89.25
90.75
81.25
68.625
59.125
54.875
47.75
22.5
-5
-19.375
-21.5
-14.25
-9.25
-14
-18.25
-14.125
-7.5
-3.125
-3.375
-5.25
-7
-8.375
-12.25
-20.25
-25.5
-21.375
-13.625
-12.875
-22.375
-33.125
-33.25
-19
6.875
28.875
41.125
47.375
42.75
29.625
13.25
-4.75
-23.625
-37.875
-40
-33
-20.5
-13.125
-14.875
-18.5
-18.875
-13.75
-8.875
-6
-0.625
-2.25
-4
-5.75
-9.625
-16.5
-25.375
-27.875
-21.375
-13.875
-14.625
-26.5
-44
-59
-60
-51.875
-45
-38.375
-39.375
-48.5
-59.625
-71.75
-76
-64.625
-44.75
-25.75
-13.125
-14
-18.625
-19.25
-16.875
-12.5
-9.75
-8.25
0.375
-0.25
-1.125
-2.25
-4.375
-9
-17
-25.25
-27.125
-20.625
-13.25
-14.5
-28.75
-52.125
-75.375
-89.375
-94.625
-97.375
-98.125
-98.25
-97.5
-89.875
-72.5
-49.5
-28
-15.25
-14.625
-19.5
-21.625
-19.625
-15
-11
-9.875
-9.625
0
-0.375
-0.75
-1
-1.625
-4
-10.5
-20
-28
-29
-20.25
-11.25
-11
-20.125
-39.75
-60.875
-73.75
-83.125
-85
-79
-68.875
-51.5
-33.375
-22.5
-16.875
-20.25
-27.75
-27.75
-24.5
-18.125
-11.5
-8.75
-8.75
-9.5
-0.75
-1.125
-1.25
-1.25
-1.375
-2
-5.75
-13
-22.375
-31.625
-32.5
-24.75
-14
-3.625
0.25
-4.375
-11.25
-16.875
-19.25
-15.875
-8.75
-1.875
-1.375
-9.375
-20
-30.875
-34.25
-27.75
-20
-12
-7
-6.125
-6.375
-7.125
-1.25
-1.375
-1.5
-1.5
-1.375
-1.25
-2.375
-6.375
-13.625
-25.625
-37.875
-43.625
-41.125
-30.75
-15.875
-4.375
1
3.375
2
-0.625
-4.25
-11.875
-21.5
-29.125
-34
-32.375
-24.625
-16.625
-9.5
-5.125
-3.625
-3.5
-3.625
-3.875
-0.5
-0.5
-0.875
-1.125
-1.125
-1
-1.375
-3
-6.625
-13.625
-24.75
-37.75
-48.625
-54.75
-53.625
-45.75
-35.625
-28.875
-28.375
-34.125
-44.625
-53.625
-54.75
-47.375
-36.25
-22.25
-11.5
-6.875
-3.5
-2.5
-2.125
-1.5
-1.375
-1.375
0.25
0.375
0
-0.375
-0.875
-1.125
-1.75
-2.25
-3.25
-4.75
-8.125
-14.875
-23.625
-33.5
-42.375
-45
-42.125
-40.125
-39.125
-41.25
-45.625
-45.375
-38.75
-28.5
-18.125
-9
-4.25
-3
-2.25
-2
-1.375
-0.625
-0.25
-0.375
-0.375
0
0.125
0.125
-0.5
-1.375
-2.125
-2.5
-2.75
-2.5
-2.5
-3.375
-5.125
-8.25
-13
-16.25
-19
-21.5
-21.5
-21.375
-19.25
-15.125
-10.75
-6.875
-4
-2.25
-1.375
-1
-1.125
-0.875
-0.625
-0.375
0
-0.25
-1.375
-1
-0.375
-0.125
-0.375
-1.5
-2
-2.25
-2.375
-1.875
-1.875
-2
-2.125
-2.5
-3.625
-3.875
-4.625
-5.875
-5.875
-6.375
-5.625
-3.875
-2.5
-1.625
-1
-0.625
-0.375
0.125
0
0
-0.125
-0.375
-0.25
-0.375
-0.375
0.125
1.25
2.625
2.375
-0.125
-2.5
-3.125
-2.125
-0.375
0.125
-0.5
0.375
2.125
3.375
4.375
4.25
3.75
3.75
3.875
3.875
2.5
-0.125
-2.375
-1.5
3.875
5.375
0.125
-1.75
1.875
4.25
2.375
0.5
0.5
-0.25
0.5
1.5
2.25
1.875
-0.25
-2.75
-3.75
-2.75
-0.125
1.125
-0.25
0
2.25
3.875
5.125
4.375
2.375
2.75
4.625
5.25
3.125
-0.375
-2.875
-2
3.875
6.375
1
-2.375
0.5
3.5
1.875
-0.625
-0.625
0.5
1.125
1.625
1.5
0.625
-1.125
-3
-3.625
-2.375
0.5
1.875
0.125
0
3
5.875
8.75
5.75
-1.875
-1.625
2.875
5.125
4.25
0.25
-2.625
-1.375
3.75
5.875
1.5
-2
-0.125
2.5
1.125
-1.125
-1.25
1
1.75
1.625
0.375
-1.125
-1.875
-2
-2.125
-2
-0.125
1.75
1.125
2
6.125
10.5
15.125
7.75
-5.75
-3.875
0.125
0
0.125
-2.375
-2.75
0.5
4.5
5.25
1.75
-1.375
-0.625
1
0
-1.5
-1.375
1
1.5
1
-0.375
-2
-2.25
-0.875
-0.375
-0.75
1
4.25
6.875
9.5
11.5
12.75
15.375
5.5
-9.75
-6
0.25
0.375
-0.375
-5.875
-9.125
-4.125
2.5
3.125
0.625
-1
-1.125
-0.75
-1.125
-1.375
-0.75
0.625
1.25
1.125
-0.375
-2.375
-2.375
0
1.25
1.75
5.25
10.625
14.375
14
10.625
9.625
12.25
3.125
-10.25
-5.75
0
0.25
0.625
-6
-13.625
-9.125
-0.125
-0.5
-2.5
-1.625
-1.75
-2.125
-2
-1.25
-0.375
0.25
1.125
1.25
0
-1.875
-1.875
1.125
4.125
6.375
11
16.875
18.25
12.5
5.625
5
7.875
1.875
-6
-2.5
-0.125
-1.375
-0.875
-5.75
-13.875
-10.375
-1.125
-3.375
-7.125
-5.125
-4
-3.75
-2.5
-0.875
-0.125
0.375
1
1.125
0.5
-0.875
-1.125
2.75
9.125
14
17.25
18.875
16
8.625
3.125
4
6.125
3.75
-0.625
-2.25
-1.875
-1.875
-2.625
-7.375
-14.5
-11
-1.875
-4.75
-11.5
-11.25
-8
-5
-2.25
-0.25
-0.125
1.375
1.125
1
0.625
-0.375
0.125
6.25
16.375
21.625
19.125
13.625
8.75
6.875
8.875
13.25
16.25
13.25
5.5
-2
-7.75
-11.375
-14.125
-17.25
-17.625
-10.875
-2.5
-3.25
-11.5
-16.625
-13.25
-6.75
-2.125
0
-0.375
2.375
1.5
0.75
0.375
0.25
2.5
12.25
25
24.875
12
4.5
10.25
20.5
25.5
25.25
22.5
15.625
6.5
-1.375
-8.5
-14.125
-20.625
-29.75
-32.625
-22.25
-7
-0.875
-9.125
-19.625
-17.875
-9.5
-3.25
-0.125
-0.25
2.75
1.375
0.5
0.375
1.625
7.625
21.5
30.125
18.25
3
6.375
22.625
36
38.125
31
21.75
13.75
7.375
0.125
-9.75
-19
-28
-35.375
-38.5
-34.25
-18
-1.875
-4.875
-18.875
-21.75
-13.5
-5
-0.625
-0.375
2.875
1.625
0.625
0.75
4.375
15.25
29.375
27.625
7.125
-1
15.625
35.5
44.625
41.875
26.5
8.375
0.625
5.875
10.75
-2.125
-22.375
-33.25
-31.875
-29.75
-34
-29.625
-13.25
-3.75
-11.75
-21.875
-18.875
-8.75
-1.75
-0.125
2.25
1.75
1.125
1.875
8.5
23.75
33.75
19.5
-3
-1
21.625
39.375
44.75
39
15.75
-11.25
-15.875
2.25
17.125
4.625
-19.125
-26.875
-16.125
-8.625
-19.25
-33.5
-31.5
-11.625
-3.5
-17.25
-24
-14.5
-3.875
-0.375
1.875
1.625
1.25
3.5
13.625
31.875
34
8.125
-7.625
8.125
26.25
27.875
28.125
29.375
9.5
-17.875
-20.875
-1.5
15
3.375
-18.625
-18.75
2.375
18.125
6.875
-27.875
-50.125
-25.375
2.125
-10.5
-27.375
-20.875
-7.125
-1.375
1.625
1.375
1.375
5.5
19.25
37.875
29.375
-2
-1.75
24.25
27.625
9.375
6
19
11.125
-11.75
-22.125
-12.5
10.125
5.875
-13.25
-4.375
15.625
26.875
25.5
-15.625
-64.625
-42.125
4.625
-2.375
-28.625
-27.625
-11.25
-2.5
0.875
0.625
1.375
7.625
24.75
41.5
23.25
-4.75
14.5
39.375
23.125
-5.5
-8.25
16
22.125
1
-23.75
-31.5
-5
4.375
-6.125
10.5
21.875
21.625
34.25
0.25
-70
-57.75
2.625
4.5
-28.75
-33.875
-15.25
-3.875
0.125
0.5
2
9.375
28.75
43.625
18.875
-5.875
25
55.625
35.375
-9.125
-27
5.375
33.5
14.25
-30.875
-45.375
-6
6
-6.375
18.375
24.75
9.5
30.625
13
-66.5
-68.75
-3.125
7.875
-27.875
-37.75
-18.375
-4.875
-0.625
0.625
2.875
10.75
31.625
45.5
17
-6
33.375
71.125
48.625
-9.875
-42.625
-5.5
39.5
17.625
-36.375
-41.125
3.5
3.75
-17.375
12.25
25.375
8.875
28.625
14.75
-64.875
-72.375
-6.25
8.125
-28.5
-39.75
-19.75
-5.375
-0.625
1.375
3.625
10.5
31.875
46.75
18
-5.375
36.125
78.25
56.125
-8.625
-49.25
-10.75
41.125
11.625
-41.375
-25.75
16.875
0.625
-27.75
0.625
18.625
8
29.75
16.75
-62.125
-71.25
-6.75
7.125
-29.375
-40.125
-19.75
-5.25
-0.375
2.25
4.5
9.5
29.25
47.125
22.625
-6.375
27.375
78.125
67.75
-1.75
-54.625
-22.25
31.375
2.5
-36.625
0.875
34.25
-0.25
-35.5
-12.5
9.625
7.75
29.625
14.375
-60
-66.125
-5.5
4.75
-29.5
-37.875
-18.625
-5.125
0.25
3.25
5
7.875
25.625
47.125
29.125
-4.25
19.5
70.875
70.375
7.375
-51.75
-32.125
14.375
-8.125
-25.25
22
42.875
4.25
-34.75
-25.5
-0.375
14.375
32
1.875
-63.125
-54.875
-0.25
0.875
-30.75
-34.875
-16.625
-4.875
1.375
4.5
5.25
6
21.125
45.875
37.125
1.125
7.875
55.375
72.375
22.5
-42.375
-37.375
2.625
-10.375
-21.5
19.5
45.375
21.625
-17.875
-25.75
-10.375
7.625
19.375
-14.875
-60.625
-39.375
3.125
-5.875
-31.625
-30
-13.875
-4.375
1.875
5.25
5.625
5
16.875
42.125
44.375
12.125
-1.25
32.75
66.5
41.625
-15.5
-24.875
-1.25
-8.5
-13.875
14.25
37.5
27.25
-5.375
-22
-16.5
-6.75
-9.375
-35.625
-49.75
-23.125
-0.625
-15.25
-30.5
-23
-9.75
-3.25
1.75
5
5.25
4.375
13.5
35.5
45.5
24.75
1.5
14.375
47.875
48.5
14.75
0.25
8
1.25
-7.25
6
26.75
26.125
1.375
-19.625
-26.75
-28.75
-36.25
-45.375
-35.25
-12
-7.25
-23
-28
-16.125
-5.5
-1.625
1.125
3.75
4
3.875
10.25
26.75
41.75
35.125
11.375
6.125
27.625
41.875
34.75
25.5
23.625
17.875
4.625
1.625
12.5
12.625
-3.25
-20.5
-35.625
-46.875
-51.5
-42.5
-20
-7.625
-16.875
-28.25
-23.125
-9.5
-1.625
0.5
0.125
1.75
2.5
3.25
7.125
17.25
33.125
39.875
23.875
7.875
13.375
29
39.75
38.5
31
25.625
16.25
5.625
0.875
-5.75
-15.125
-24.75
-38
-48.875
-46.5
-28.25
-9.875
-12.25
-25.875
-27.75
-16.625
-4.75
1
2.25
-1.125
-0.25
1.125
2.75
4.625
9.25
21.5
35.25
33.375
19.125
10.75
14.75
25.25
29.125
26.625
24.875
16.625
5.125
-1.375
-9.5
-18.25
-24.375
-32.5
-35.75
-26.5
-14.5
-12.125
-20
-26.125
-21.375
-11.25
-3
1.625
3.125
-1.75
-1.125
0.25
2
2.875
4.75
12.75
25
30.75
27.75
21
14.25
12
11.875
14
18.625
14.25
3.875
-2.75
-10
-15.625
-16.25
-18.375
-21.25
-18.375
-14.75
-17.25
-21.5
-20.75
-14.125
-7
-2.25
1.25
3.25
-2.25
-1.375
0.25
1.75
2.125
2.75
7
14.5
21.125
25.875
26.75
21
12.25
6.375
7.25
9.625
5.25
-0.125
-1.5
-4.125
-7
-7.375
-11.375
-19.875
-21.75
-17.625
-17.75
-18
-13.25
-7.75
-4.5
-2.125
0.625
2.625
-2.75
-1.625
0.25
1.75
2.125
2.25
3.625
6.375
11.125
18.125
24.125
23.625
14.875
6.5
7.625
9.625
3.5
-1.625
-2.25
-4.375
-6.25
-5.625
-9.5
-20.125
-23.25
-16.875
-13.875
-11.125
-5.75
-3.375
-3.125
-2
0.125
1.875
-2.75
-1.75
-0.125
1.375
2.125
2.5
2.375
1.75
3.875
9.375
15.75
20.25
17.875
11.25
10.875
13
8.125
0.875
-5.125
-9.375
-9.125
-7.625
-12
-20.875
-21.25
-13
-7.75
-4.125
-1
-1.5
-2.375
-1.5
-0.125
1.125
-2.75
-1.875
-0.25
1.125
1.875
2.375
2
0
0
2.75
6.125
10.875
14.125
13.5
14.875
17.5
13.375
3.125
-8.125
-14.25
-13.125
-11.125
-13
-15
-11.625
-5.75
-2.25
-0.5
-0.25
-1.5
-1.875
-0.875
0
0.625
-2.375
-1.75
-0.375
0.875
1.5
1.625
1.125
-0.5
-0.75
1
2.5
3.625
4.625
6
11.25
19.25
19.75
6.25
-12
-19.875
-16.25
-10.375
-6.5
-3.625
-1.5
-0.5
-0.125
0
-0.375
-1.125
-1.125
-0.375
0
0.25
-2.125
-1.25
-0.125
0.625
0.875
0.75
0.5
-0.25
-0.375
0.875
2.125
2.5
2.375
2.75
6.375
15.375
21.125
8.125
-14.125
-20.875
-13.375
-6.125
-2.75
-0.875
0.25
0.625
0.375
-0.125
-0.5
-1
-0.875
-0.375
0
0.375
2.72222
2.66667
2.5
2.16667
1.5
0.722222
0.166667
0.388889
0.666667
0.833333
1.22222
1.94444
3.05556
4.55556
4.5
4.22222
3.72222
3.22222
2.61111
1.11111
1.05556
1.55556
2.16667
2.33333
2.66667
2.94444
2.94444
2.55556
2.11111
1.55556
0.277778
-1.05556
3.94444
3.61111
3
2.38889
1.88889
1.5
1.22222
1.55556
2.27778
3
3.83333
5.38889
8.16667
12.7222
14
15.3333
15.3889
14
11.3333
6.5
4.72222
3.33333
2.83333
2.33333
2.55556
3
3.5
2.83333
2.05556
1.77778
0.888889
0.0555556
4.05556
3.55556
2.72222
2.16667
2.05556
2.22222
2.66667
3.55556
5.66667
8.66667
12.0556
16.1111
21.0556
27.3333
29.5556
30.8889
30.3889
28.2778
24.9444
19.7222
16.6111
12.9444
10.4444
7.77778
5.44444
3.94444
3.55556
2.66667
1.22222
0.777778
0.277778
-0.388889
3.11111
2.61111
1.94444
1.72222
2.22222
2.88889
4.16667
6.44444
10.7778
16.5
22.2222
27.7778
33
37
38.0556
38
37.1667
35.6111
33.5
31.3333
28.6111
23.8889
19.7778
15.1667
10.5
6.61111
4.27778
2.61111
0.111111
-1
-1.66667
-2.33333
1.83333
1.66667
1.55556
1.77778
2.61111
4.27778
7.33333
11.8889
18.6667
26.3889
32.8333
37.2222
39
36.7222
34.6111
30.5
28.0556
27.1667
27.8889
31.3333
30.9444
29.1667
26.9444
23
17.4444
11.3889
6.38889
3.16667
-0.722222
-2.94444
-3.88889
-4.61111
1.05556
1.33333
1.77778
2.38889
3.94444
7.16667
11.9444
18.0556
24.5556
29.8333
32.2778
32
29.2778
23.7222
21.3889
19.2778
19.2222
19.7222
20.6111
23.2222
22.5
22
21.4444
20.6111
18.7778
15.1111
10.3889
6.05556
1.72222
-1.72222
-3.77778
-4.61111
1.27778
1.94444
2.61111
3.38889
5.77778
10.9444
17.0556
22.5556
25.9444
27.4444
27.3889
25.9444
24.3889
24.3889
29.1111
34.7222
39.0556
40.8889
39.7778
35.9444
29.7222
25.1667
21
18.8333
18.0556
16.5556
13.6111
9.33333
6.05556
2.16667
-1.11111
-2.44444
2.27778
3
3.61111
4.83333
8.66667
14.7778
19.9444
22.2778
22.3889
23.1667
25
27.8333
33.8889
44.6667
58
70.1111
77.1667
79.5
77.0556
68.9444
57.8333
46.1667
34.3333
25.6111
20.3889
16.6111
13.8889
10.8889
9.44444
6.44444
2.5
0.611111
3
3.5
4.33333
6.94444
12.3889
17.5
19.7778
20.0556
21.1111
25
31.1111
40.4444
53.6667
69.1667
82.9444
92.7778
96.8889
97.4444
94.7222
88.2778
78.7778
65
49.1111
35.0556
25.3333
18.2778
12.9444
10.1111
9.88889
8.55556
5.33333
2.72222
2.77778
3.16667
4.94444
9.72222
15.7222
18
17.1667
17.6667
21.5556
27
33.5
43.8889
54.2778
60.1667
60.5
59.0556
56.5
53.3333
52.0556
54
56.7222
53.1667
44.9444
35.2222
28.0556
22.5556
15.7778
11.2222
9.38889
9.27778
8.05556
4.88889
1.33333
1.83333
4.77778
11.2222
15.6667
15.0556
13.6667
16.2222
19.6667
19.6667
20.8333
25.6111
24.9444
16.2222
3.55556
-5.22222
-12.1111
-18.4444
-20.3333
-15.2778
-2.5
8.5
15.5556
18
21.2222
25.3333
22.2778
15.1667
9.72222
9.55556
10.2778
6.72222
-0.666667
0.166667
4.05556
10.2778
11.1667
9.44444
10.5
13.3333
11.1667
3.11111
-0.888889
-3.66667
-14.8333
-31.4444
-47.7778
-57.5
-64.4444
-70.8333
-71.0556
-64.1667
-47.7222
-26.3889
-5.61111
7.05556
15.5556
24.6111
27.6667
20.7222
10.8333
9.5
11.5
8.61111
-2.94444
-1.77778
2.16667
6.72222
4.94444
4.5
9.05556
12.3889
7.05556
-4.16667
-9.94444
-16.8889
-29.6111
-41.9444
-51.5
-56.9444
-60.7222
-65
-64.3889
-60.1111
-49.7222
-30.4444
-6.11111
9.77778
16.0556
21.3333
27.1111
23.4444
11.8333
8.44444
10
8.5
-5.22222
-3.83333
-0.111111
2.44444
-0.0555556
2.72222
10.8889
16.2222
14.2778
8.05556
5.11111
-0.444444
-8.33333
-12.8333
-18.8889
-22.8333
-23.3889
-27.1667
-27.3889
-26.1667
-21.9444
-10.7778
7.55556
20.2222
20.4444
17.7222
22.6667
23.1667
12.6667
7.61111
7.83333
7.5
-6.94444
-5.66667
-2.5
-1.22222
-2.5
1.83333
10.6111
19.8333
25.5556
26.8889
26.9444
26.1111
25.5
23.0556
14.2778
11.1667
13.8333
9.61111
5.88889
4.94444
6.22222
7.44444
15
22.8889
20.2778
13.6111
16.1111
19
12
5.94444
4.72222
4.72222
-7.05556
-6.22222
-3.55556
-2.77778
-2.72222
1.33333
9.55556
19.5556
28.2778
33.3889
35.3333
38.5556
40.3889
35.1111
26.2222
25.7778
30.1111
25.3889
18.7222
17.5556
16.7222
12.2222
11.1111
14.3333
13.1667
9.61111
10.8333
12.6111
9
4
2.38889
1.88889
-5.33333
-5.05556
-3.44444
-2.55556
-1.5
-1.11111
2.72222
11.0556
18.8889
22.8889
23.0556
26.3889
28.3333
17.5
13.0556
17.6667
24.6667
24.8889
20.8333
24.7778
21.3333
12.3889
5.44444
4.44444
4.11111
3.33333
3.11111
3.77778
3.38889
0.611111
-0.444444
-1.05556
-2.33333
-2.5
-2.38889
-1.16667
0.333333
-1.11111
-0.277778
3.61111
8.38889
10.0556
8.33333
8.55556
5.83333
-5.22222
-2.22222
3.72222
10.7778
16
17.5
22.8889
15.1111
7.16667
-1.44444
-6.55556
-6.05556
-3.11111
-3.38889
-4.33333
-2.44444
-1.55556
-1.61111
-2.33333
-0.0555556
-0.611111
-2.11111
-0.944444
0.888889
-1.61111
-5.05556
-4.66667
-0.666667
0.222222
-3.16667
-6.22222
-10.5
-18.5
-16.6667
-15.0556
-9.16667
0.833333
8.72222
13.9444
7.83333
3.88889
-4.94444
-13.6111
-14.4444
-10.4444
-10.1111
-10.9444
-6.88889
-3.11111
-2.55556
-3.16667
-0.0555556
-0.888889
-3.22222
-2.38889
0.222222
-1.11111
-6.77778
-9.88889
-6.83333
-5.11111
-8.11111
-12.1111
-14.7778
-14.7778
-16.5556
-21
-18.6111
-7.33333
3.61111
6.05556
7.11111
10.2778
1.44444
-10.4444
-13.3889
-10.5
-12.6111
-15.6667
-9.44444
-3.77778
-3.61111
-4.55556
-2.66667
-3.5
-5.88889
-6.27778
-2.27778
-2.22222
-9.55556
-15.5556
-14.1111
-9.44444
-9
-9
-2.55556
9.55556
10.9444
6.55556
5.22222
14.5
23.9444
24.2778
29.4444
30.7222
18.1111
3.77778
-3.33333
-7.88889
-16.3333
-19.8333
-10.8889
-5.88889
-7.16667
-7.44444
-6.11111
-6.88889
-9.44444
-12.1111
-8.38889
-6.11111
-11.6667
-20.1667
-22.6111
-16
-10.5556
-5.66667
9.22222
33
46.1667
48.6111
45.8889
50.8333
54.7778
51.4444
51.2222
43
26.3333
11.7778
1.22222
-10.3889
-22.1111
-23
-13.1111
-10.1667
-12.2778
-10.9444
-7.83333
-8.83333
-12.2222
-17.9444
-17
-13.4444
-15.3333
-24.1111
-30.3889
-23.9444
-14.6667
-7.55556
8.55556
37.0556
62.8333
74.5556
72.2778
71.3889
67.7778
57.1667
43.3889
23.7778
7.5
-1.94444
-9.83333
-21.1111
-28.2778
-24.0556
-16.1667
-15.8333
-17.5
-13.6667
-6.83333
-8.27778
-12.5
-20.2778
-24.4444
-22.5
-21.0556
-26.8889
-34.9444
-33.7778
-28.2222
-27.2222
-21.9444
-5.38889
15.5556
28
27.8889
25.0556
17.9444
4.77778
-11.9444
-27.1667
-32.4444
-31.6667
-31.2222
-32.7778
-29.8333
-23.3889
-20.2778
-20.9444
-20.3889
-15.2778
-4.16667
-5.72222
-9.83333
-17.2778
-24.6667
-27.1111
-26.2778
-27.9444
-33.1111
-36.1111
-37.2222
-43.2778
-51.0556
-53.2222
-48.7222
-44.7222
-46.0556
-49.2778
-54.8333
-63.0556
-70.2778
-70.8333
-62.5556
-51.7222
-42.2778
-35.2222
-28
-23.7222
-23.7222
-23.5556
-20.8333
-15.6111
-1.72222
-2.94444
-5.77778
-11.1667
-19.2222
-25.9444
-28.8333
-29.3889
-30.7222
-34.2222
-39.0556
-47.2778
-60.3333
-75.7222
-88.7222
-97.3889
-102.111
-104.5
-104.722
-101.444
-93.5556
-80.7778
-65.3333
-52.2222
-42.1667
-34.4444
-28.9444
-26.5
-26.2222
-23.6111
-19
-15
-1
-1.72222
-3.16667
-5.94444
-12.0556
-20.3333
-27.2778
-30.9444
-31.7778
-33.2778
-35.6667
-38.2222
-44.5556
-56.2778
-70.2222
-82.2222
-88.7222
-91
-88.3333
-79.6111
-68.1667
-57.0556
-47.2222
-40.7778
-36.8889
-34.2778
-32.2222
-28.7222
-25.2778
-20.3889
-15.5
-13
-1.11111
-1.55556
-1.94444
-3
-6.88889
-13.8889
-22
-29.7778
-34.7778
-37.7778
-38.9444
-37.7222
-36.2222
-37.1111
-41.1667
-46.5
-49.8889
-51.2222
-50.1111
-45.5556
-41.0556
-38.8889
-37.6111
-37.6667
-37.5556
-36
-32.6667
-26.6111
-20.5556
-14.7778
-10.8889
-9.88889
-1.5
-1.72222
-1.88889
-2.05556
-4
-8.38889
-14.9444
-24.0556
-33.4444
-40.8889
-44.7778
-45.1111
-42.3889
-37.1667
-31.4444
-28.0556
-27.1667
-27.4444
-28.8333
-31.2778
-35
-38
-39.7222
-39.7222
-37.2778
-32.1111
-25.5
-18.9444
-12.8333
-8.44444
-6.44444
-6.22222
-0.944444
-1.05556
-1.27778
-1.44444
-2.44444
-4.72222
-8.72222
-15.3333
-24.5
-34.5556
-43.0556
-49.3889
-52.4444
-50.7222
-45.3333
-40.3333
-38.1667
-38.0556
-40.5
-45.6111
-50.1111
-50.2778
-47.2778
-41.2778
-32.7778
-23.3333
-15.5
-10.6111
-6.44444
-4.11111
-3.38889
-3.27778
-0.611111
-0.555556
-0.944444
-1.33333
-2.05556
-3.05556
-5
-8.22222
-13.6111
-20.7778
-28.3889
-35.8889
-42.7222
-45.8889
-45.2222
-44.4444
-44.5556
-44.8333
-44.8333
-46.5556
-47.2778
-43.2222
-36.7778
-28.6667
-20.2222
-12.4444
-7.11111
-4.55556
-2.66667
-1.94444
-1.66667
-1.44444
-0.5
-0.444444
-0.666667
-1.22222
-1.88889
-2.5
-3.38889
-4.33333
-6.05556
-9.05556
-13.3889
-18.6667
-24.5
-28.5556
-31.0556
-33.3333
-34.8333
-35.3333
-34.2778
-33.6667
-31.6667
-26.8333
-20.8889
-14.7778
-9.33333
-5.05556
-2.77778
-1.72222
-1.22222
-1.05556
-0.833333
-0.777778
1.05556
1.88889
2.05556
1.05556
-1.05556
-2.94444
-3.5
-2.27778
-0.777778
0.166667
0.444444
1.61111
4.16667
7.55556
8.27778
6.66667
2.72222
2.22222
3.16667
5
3.72222
0.777778
-1.05556
0.444444
3.33333
4.38889
1.94444
0.666667
1.11111
2.88889
2.38889
1.05556
1.38889
1.83333
1.44444
0.166667
-1.44444
-2.83333
-3.22222
-2.33333
-0.722222
0.666667
1.72222
3.61111
7.27778
12.0556
11.7778
8.66667
1.16667
0.333333
-0.222222
1.83333
0.0555556
-1.66667
-2.05556
0.666667
4.11111
5.22222
2.5
0.611111
0.277778
1.44444
0.777778
-0.277778
1.5
1.44444
0.611111
-0.722222
-1.83333
-2.55556
-2.44444
-1.22222
1.33333
4.33333
7.16667
9.55556
12.1667
14.6667
11.6667
6.44444
-1.83333
-1.5
-0.388889
2.27778
-0.944444
-5.05556
-6.66667
-3.55556
1.55556
3.72222
1.88889
-0.111111
-0.777778
-0.111111
-0.611111
-1.05556
1.55556
1.27778
0.0555556
-1.38889
-2
-1.77778
-0.611111
1.77778
5.88889
10.2778
13
13.2222
12.7778
13.1111
9.5
4.22222
-3.5
-2.72222
-0.5
2.77778
-0.5
-6.22222
-9.33333
-7.5
-1.94444
0.277778
-0.388889
-2.05556
-2.11111
-1.44444
-1.44444
-1.33333
1.5
1.22222
-0.111111
-1.55556
-1.61111
-0.0555556
2.88889
6.77778
11.6667
15.3889
15.8333
12.8889
10.3333
10.7222
8.5
4.27778
-3.5
-3.83333
-2.44444
0.888889
-1.27778
-6.16667
-9.16667
-8.33333
-3.88889
-3.05556
-3.94444
-5.38889
-4.5
-3.16667
-2.22222
-1.38889
1.61111
1.22222
-0.111111
-1.38889
-0.5
3.05556
8.27778
13.0556
16.5556
17.5
15.6111
12.2222
10.8333
12.9444
11.8333
7.61111
-1.55556
-4.61111
-6.16667
-4.66667
-6.72222
-9.88889
-10.7778
-8.5
-4.33333
-5
-7.61111
-9.72222
-8.16667
-5.5
-3.22222
-1.61111
1.61111
0.944444
-0.166667
-0.722222
1.77778
7.72222
14.8333
19
19.2778
17.5556
16.3889
16.8333
18.9444
21.5
19.3333
13.3889
2.94444
-3.22222
-9.11111
-12.6111
-18.1667
-21.8333
-20.4444
-14.1667
-6.83333
-6.22222
-9.83333
-13.7778
-12.6111
-8.72222
-4.44444
-1.77778
1.72222
1
0.277778
0.722222
5.22222
13.4444
21.2778
22.8333
20.1667
19.2778
23.4444
28.3889
29.7778
26.6667
20.5556
12.5556
4.38889
-1.83333
-6.38889
-11.9444
-21.1667
-31.8333
-35.3333
-28.6111
-15.7222
-10.1667
-12
-17.3333
-16.6667
-11.8889
-5.72222
-1.94444
2
1.38889
1.33333
3.5
10.8333
20.1667
25.7778
23.5
20.4444
23.1111
30.4444
35.1111
33.3333
27.6111
20.8333
14.2222
7
-0.777778
-9.5
-17.8333
-26.4444
-34.8889
-38.5556
-34.3889
-22.2222
-14.3889
-14.0556
-19.7778
-20.5556
-15.5556
-7.77778
-2.72222
2.44444
1.72222
2.72222
7.5
17.3889
26.2222
27.7222
22.1111
19.3333
24.8889
33.9444
39.1111
35.8333
27.6111
16.8333
11.6111
7.83333
3.88889
-9.27778
-23.1111
-33.0556
-35.1667
-33.9444
-31.6667
-25.7222
-19.5556
-17
-20.4444
-22.9444
-19.5
-11.3889
-4.44444
2.55556
1.94444
4.44444
12.3333
23.7778
30.7222
27.2222
18.4444
15.1111
22.5556
35.1667
44.8333
42.5
30
12.2222
5.88889
5.22222
6
-7.88889
-24.1667
-34.7222
-32.3889
-26.8889
-26.7778
-28.2222
-26.5556
-21.2778
-20.3889
-23.0556
-22.7778
-15.9444
-7.38889
2.55556
2.5
6.94444
17.8333
29.6111
33.1111
24.5
14.5556
12.8333
22.2222
36.2222
47.2222
44.9444
29.3333
7.11111
-0.944444
0
4.38889
-5.94444
-19.1667
-27.1667
-23.5
-17.8333
-22.6111
-31.3333
-35.7222
-27.3333
-20.7222
-21.3889
-24.8333
-20.8333
-11.2778
2.38889
3.55556
10.5
24.1667
34.8333
33.8333
20.8333
14.0556
17.8333
28.3889
35.5
39
34.1667
20.7222
-1.05556
-9.27778
-7.72222
1.11111
-2.83333
-9.44444
-11.6111
-6.55556
-2.66667
-15.1111
-32.9444
-45.7778
-35.6667
-22.6667
-19.3889
-26
-25.7778
-15.8333
2
4.5
14.3333
30.4444
38.8333
33.9444
20
20.2222
28.0556
32.9444
26.8889
23.1111
21
15.7222
-6.55556
-17.2778
-19.3889
-5.5
-4.38889
-5.5
-2.05556
9.55556
19
3.22222
-26.2222
-52.5
-44.5556
-25.7222
-17.7778
-27.2778
-30.8333
-20.8333
1.94444
5.66667
17.7222
35.1111
40.6111
32.0556
19.2778
28.0556
39.3333
36.3333
15.6111
6.44444
11.5
15.5
-8.05556
-24.5
-28.3889
-8.16667
-1.22222
0.611111
5.11111
18
31
16.5556
-18.0556
-55.7222
-52.6667
-30.1111
-16.7778
-27.8333
-34.9444
-25.3889
1.83333
6.77778
20.6667
38.6667
41.8333
30.8889
21
36.7778
50.2778
38.8333
6.22222
-7.11111
5.27778
17.7778
-1.88889
-22.3333
-28.5556
-12.3889
-4.27778
-0.555556
8.5
22.3333
36
21.8889
-14.3889
-58.5
-58.8333
-34.3889
-16.7778
-28.3333
-37.7222
-28.8889
2.11111
7.61111
22.4444
40.7778
43.0556
31
23.3889
44.8333
62.5556
46.8889
3.16667
-18.6111
-3.88889
15.9444
3.38889
-17.5556
-23
-11.8889
-5.5
-4.55556
6
18.8333
32.4444
20.4444
-12.5556
-57.8889
-60.6667
-37
-17.3889
-28.7222
-39.1111
-30.8333
2.44444
8.05556
22.9444
41.5
44.2222
32.4444
25.6111
50.0556
72.1667
56.6111
5.44444
-25.6667
-14.3889
8.22222
1.44444
-15.0556
-14.3333
-4.11111
-2.16667
-10.2222
-3.22222
10.1667
27.5556
19.8889
-10.6111
-55.3333
-59.6111
-37.1111
-18.1111
-29.2222
-39.5
-31.2222
3.16667
8.27778
22.1111
40.7222
45.3333
34.8333
27.1667
50
74.2222
61.7778
10.2778
-26.3333
-21.3889
-1.83333
-5.44444
-14.8333
-4.61111
7.83333
4.94444
-13.9444
-13.3889
1.77778
24.0556
19.9444
-11.2222
-53.5556
-56.8889
-34.6111
-18.7778
-30.1111
-39.3333
-30.2778
4.27778
8.55556
20.4444
39.0556
46.7778
37.4444
26
43.5556
70.3889
66.1111
18.2222
-24.2222
-27.3333
-11.3333
-8.77778
-11
7.61111
21.3333
15.7222
-10.3889
-16.3333
-4.16667
14.3333
8.33333
-21.5
-53.8333
-52.0556
-30.6667
-20.3333
-31
-37.6111
-27.4444
5.11111
8.5
18.3333
36.3889
47.8333
42
28.3333
36.4444
60.2222
64.3333
30.3333
-8.44444
-19.4444
-11.6667
-6.61111
-3
17.2222
25.7222
16.9444
-10.6111
-19
-12.5
-2.55556
-11.6667
-35.2222
-52.8889
-45
-27.2778
-22.8889
-31.5556
-33.9444
-22.8889
5.11111
7.66667
15.4444
31.8889
45.9444
45.3333
32.3333
32.0556
48.1667
57.5556
39.3333
11.1111
-2.66667
-2.66667
-1.5
1.27778
18.4444
26.0556
18.7778
-8.33333
-24.2222
-28.6667
-25.5556
-30.1111
-40.8889
-46.1667
-37.2222
-25.6667
-25.3333
-30.8333
-29.1667
-17.8333
4.38889
6.5
12.3333
26.5
41.7778
46.4444
36.7778
31.3333
38.7222
48.3889
41.6667
25
13.2222
10.2778
7.94444
8.22222
17.3889
22.3889
14.3333
-10.6111
-30.9444
-40.1111
-39.7222
-39.9444
-42.8333
-40.3333
-32.2778
-25.8333
-27.8333
-29.5
-23.8333
-12.5556
3.5
5.27778
9.5
20.9444
36.1111
44.5
39.7222
32.4444
33.3889
40.3333
39.5556
31.2222
23.2778
20.5
16.4444
13.3333
14
15.7222
7.94444
-11.4444
-31.0556
-41.8333
-45.1111
-45
-44
-36.6667
-29.9444
-27.1667
-29.6111
-27.2778
-18.3889
-7.72222
2.27778
4.05556
7.27778
15.6111
29.1111
39.5556
40.0556
33.8333
31.4444
35.6667
37.8889
34.6111
29.5
26.3333
21.3889
14.8333
9.5
7.27778
1.27778
-10.8333
-26.0556
-38.9444
-47.6667
-49.1667
-43.8333
-33.4444
-28.3333
-28.3889
-29.2778
-23.3333
-12.8333
-3.61111
0.722222
2.61111
5.22222
10.6111
21.2222
32.1667
37.6111
34.6111
31.2778
33.5556
38.1667
38.7222
34.4444
28.8333
23.1667
15.9444
7.66667
-0.0555556
-7.5
-15.3333
-25.5556
-38.3333
-48.5556
-49.3333
-39.6111
-29.2222
-25.9444
-27.6111
-25.7778
-18.0556
-8
-0.888889
-0.666667
1.27778
3.5
6.72222
13.6111
23.3333
31.8333
33.6111
30.6667
29.5
32.3333
35.2222
34.6667
29.9444
23.2222
14.2222
5.38889
-2.33333
-9.11111
-16.8333
-27.1667
-38.6111
-44.5556
-41.2222
-31.1111
-24.6111
-23.3333
-24.0556
-20.1667
-13.1667
-5.27778
0.111111
-1.55556
0.444444
2.27778
4.44444
8.44444
15.3333
23.2222
28.3333
28.7778
26.8889
24.9444
24.1667
24.8889
25.1111
22.9444
15.5
5.11111
-4.88889
-13.1111
-19.1111
-24.7222
-29.3333
-30.9444
-28.5556
-23.5556
-21.2222
-20.2222
-19.1667
-14.5556
-9.11111
-3.44444
0.444444
-1.94444
-0.0555556
1.77778
3.27778
5.33333
8.94444
14.3889
20.2778
24.6667
25.4444
22.1111
17.1111
14.9444
15.8333
17
12.7222
4.27778
-5.66667
-12.3889
-15.3889
-16.5556
-18.6667
-20.8333
-21.7222
-19.9444
-18.4444
-16.0556
-13.2778
-9.05556
-5.55556
-2.33333
0.222222
-2.16667
-0.277778
1.5
2.77778
3.44444
4.72222
7.16667
12
18.0556
22.3333
21.5
16.5
12.6667
12.5
14
10.6667
2.94444
-6.61111
-11.8333
-12.7222
-12.1111
-14.3889
-17.9444
-20.0556
-17.6667
-14.3333
-10.1667
-7.16667
-4.55556
-3.11111
-1.72222
-0.0555556
-2.05556
-0.333333
1.16667
2.33333
2.38889
2.38889
2.66667
5.33333
10.2778
15.8889
18.6111
17.4444
15.5
15.7778
16.8889
12.8889
3
-8.5
-14.5
-14.6667
-13.3889
-15.1111
-17.6667
-17.8889
-13.4444
-8.55556
-4.33333
-2.66667
-2
-1.94444
-1.33333
-0.222222
-1.83333
-0.222222
1
1.88889
1.77778
1.38889
0.722222
1.33333
3.61111
7.5
11.2778
13.8889
15.9444
19.1111
21.5
17.2222
4.72222
-10.4444
-18.6111
-18.7778
-15.6667
-14.1667
-13.1111
-10.4444
-6.22222
-2.72222
-1.11111
-1.05556
-1.66667
-1.72222
-1.16667
-0.111111
3.4375
3.125
3.03125
2.875
2.625
2.625
3.3125
4.96875
7.375
10.1875
13.375
17.4688
19.3438
21.0313
21.8438
21.8438
21.1875
19.5938
16.75
12.9063
11.3438
9.25
7.8125
6.625
5.34375
3.96875
3.0625
2.125
0.96875
0.3125
3.53125
3.21875
3.28125
3.46875
3.9375
4.875
7.0625
10.5938
14.75
18.9375
23.1875
27.8125
30.1875
32.1875
32.6875
31.75
30.4375
28.5938
25.3438
20.9688
18.7813
15.5
12.625
10.3125
7.90625
5.1875
3.1875
1.78125
0.09375
-0.5625
3.125
2.9375
3.375
4.3125
5.875
8.3125
12.2188
17.2188
22.3125
26.9688
31.1563
34.5625
36.8438
38.5
38.5625
37.1563
35.5313
33.875
31.2188
28
25.625
21.9375
17.9375
14.4688
11.0938
7.3125
4.1875
2.0625
-0.40625
-1.6875
2.84375
2.9375
3.8125
5.78125
8.9375
13.1563
18.4688
24.2188
29.5938
34.3438
37.9063
39.4063
41.2188
41.4063
40.6563
39.1875
37.9688
37.0313
35.6563
34.1875
31.4688
28.4688
24.375
19.9375
15.2813
10.25
5.9375
2.9375
-0.21875
-2.46875
2.5625
3.1875
4.84375
8.125
12.625
17.6875
22.75
27.4688
31.8125
36
39.2188
40.5625
42.9688
44.4063
45.375
45.7813
45.5
44.375
42.6563
40.625
36.1875
31.8125
27.125
21.9688
17.0938
12.5313
8.40625
4.96875
1.75
-1.25
3.03125
4.28125
7.09375
11.6875
16.5
20.7188
24.4688
28.5313
33.4063
38.8438
43.1875
45.7813
50.3125
55.2188
60.0625
63.5625
64.5938
62.875
59.2813
54.875
47.5625
40.9688
34.6563
27.5313
20.8438
15.375
11.125
7.65625
4.96875
1.6875
3.875
6.125
10.2813
15.1563
19.0313
22.125
25.3438
30.0938
36.6563
43.8125
49.375
54.5
62.0938
70.5313
78.0938
83.0625
83.8125
80.6875
75.625
68.6875
58.5
49.125
41.0938
32.5313
24.6563
18.2813
13.1875
9.5625
7.75
5
4.5625
8.0625
13.0313
17
19.1563
21.2188
24.5938
30.25
37.7188
44.875
49.8125
55.4375
62.8438
72.1875
79.9375
84
82.9063
78.4688
74.125
68.5625
60.375
50.0938
41.25
33.625
27.125
21.3438
15.6563
11.25
9.5625
8.09375
5.1875
9.75
14.5313
16.9063
17.5
18.875
22.4375
28.1875
34.625
39.125
40.5625
42.4063
45.375
49.9063
52.9688
52.8438
49.1563
45.0625
45
46.4063
46.0313
40.8125
35.2188
32.0938
29.625
25.5625
19.4375
13.6875
10.375
9.5625
4.71875
10
13.5
13.9375
14.2813
16.875
20.375
23.4375
25.0313
23.625
20.3125
17.9375
14.5938
11.2188
7.53125
3.0625
-2.5625
-5.59375
-0.6875
8.53125
17.5938
19.4375
19.4688
23.3125
27.9063
28.5625
23.8438
16.7188
10.75
9.8125
3.25
8.375
9.5625
9.1875
11.1563
15.3125
17.8438
16.8438
12.625
6.03125
0.46875
-5.125
-15.6563
-26.5625
-34.5938
-40.7813
-44.5938
-44.3125
-36.875
-23.125
-5.25
3.625
8.1875
17.1563
26.0625
29.625
27.4063
20.0938
11.1563
9.4375
1.21875
5.25
4.46875
5.1875
10.0625
15.4688
17.3438
13.7813
6.3125
-0.9375
-4.28125
-9.40625
-22.8125
-37.3125
-47.1563
-53.3438
-54.2188
-51.9688
-46.75
-35.9063
-16.125
-3.03125
4.25
14.7188
24.1563
28.125
28.1563
22.4063
11.7188
8.28125
-1.46875
1.15625
-0.4375
1.34375
8.125
16
19.9063
16.6563
8.6875
3.9375
5.625
3.9375
-8.1875
-22.125
-31.2188
-35.7188
-33.125
-29.5938
-29.25
-25.3125
-9.15625
2.5
7.96875
15.6875
22
23.8438
24.8438
21.6563
11.5938
6.71875
-3.5625
-2.09375
-3.53125
-0.65625
7.375
16.7813
23.4688
22.9688
17.375
17.0313
23.0313
23.5
14.5625
4.3125
-2.375
-5.34375
-1.3125
1.46875
-2
-2.90625
6.625
13.2813
14.4375
17.625
19.8438
18.875
19.2188
17.7188
10
4.90625
-4.53125
-3.78125
-4.21875
-1.15625
6.125
14.9688
23.0313
25.3438
22.9688
26.0625
33.25
33.4688
29.25
24.0625
19.8125
17.8438
20.5625
20.3125
14.5625
12.2188
14.4375
15.5313
13.25
12.875
12.8438
11.3438
11.5
11.4063
6.96875
2.6875
-4.625
-3.9375
-3.1875
-2.0625
1.78125
9.09375
17.125
20.7188
19.75
21.375
24.8438
22.8125
23.5
22.6563
20.8125
20.4063
22.375
21.9688
18.5625
19.6875
16.8125
12.8438
7.75
5.0625
4
3.09375
3.125
3.59375
2.5625
0.25
-3.9375
-2.9375
-1.375
-1.34375
-0.21875
3.375
8.9375
12.5938
12.6875
11.5625
9.09375
4.53125
8.28125
10.5313
10.9375
11.9688
12.6875
11.8125
12.9375
18.4688
12.125
5.5
-0.0625
-3.5625
-4.4375
-3.40625
-3.25
-3.75
-1.96875
-1.3125
-3.9375
-2.875
-0.4375
-1.21875
-3.8125
-4.46875
-1.84375
1.5625
2.8125
-0.46875
-6.78125
-11.2813
-6.28125
-3
-1.25
1.65625
3.59375
4.78125
8.71875
14.5938
7.8125
1.84375
-2.5
-7.125
-10.3438
-10.0938
-10.0313
-10.3125
-5.9375
-2.875
-5.25
-4.75
-1.28125
-1.9375
-7.28125
-11.4688
-11.1875
-7.0625
-2.90625
-5.03125
-11.8125
-12.4063
-4.5
1.59375
5.375
9.6875
12.4063
15.6563
21.25
22.9688
13.4375
7.1875
3.5625
-3.21875
-10.375
-13.5625
-15.8125
-15.9375
-8.96875
-4.71875
-7.84375
-8.78125
-5.34375
-4.5
-9.84375
-16.8438
-19.5
-15.3438
-7.875
-5.3125
-7.8125
-3.375
6.0625
15.7813
23.0313
28.9688
31.875
34.75
37.4688
31.7188
19.25
12.4688
9.09375
0.15625
-10.7188
-17.3125
-21.0625
-20.2188
-11.6563
-7.3125
-10.8125
-13.8438
-11.5313
-9.96875
-14.5
-22.4063
-27.9063
-25.2188
-15.8438
-8.53125
-4.625
4.8125
16.0938
29.25
39.9063
47.1563
49.9688
51.9063
48.9063
34.8438
19.5
11.7813
8.46875
-1.5625
-14.5938
-23.4375
-26.9375
-23.6563
-14.6563
-11.4375
-12.3125
-17.5938
-17.8125
-16.4375
-19
-26.4688
-34.25
-34.1875
-25.4688
-15.7813
-8.59375
1.9375
13.7188
28.0625
39.6563
45.7188
45.75
44.6563
37.8438
20.4688
4.03125
-3.59375
-5.96875
-14.0313
-23.9063
-30.1875
-31.1875
-25.9063
-18.2813
-16.625
-11.9375
-18.5938
-22.5938
-22.9688
-23.8438
-29.375
-37.9063
-41.9375
-38.7188
-32.7813
-26.8438
-21.0625
-16
-8.21875
-0.9375
2.15625
0.71875
-1.5625
-8.59375
-20.875
-29.8125
-32.625
-31.9063
-34.4063
-37.1563
-37.125
-33.5938
-27.5938
-22.9063
-21.75
-9.53125
-16.0938
-22.5
-25.8438
-27.2813
-30.7188
-37.5313
-43.5625
-45.8125
-45.8125
-44.4063
-43.7813
-44.9375
-45.625
-46.125
-47.9375
-50.875
-52.3125
-55.0313
-59.1563
-60.0938
-57.8125
-53.2813
-49.8125
-45.5938
-40.4375
-34.75
-29.4688
-26.6875
-24.9375
-6.4375
-11.7813
-18.9375
-24.75
-28.1563
-31.5
-36.6563
-42.9375
-48.75
-53.1563
-56.25
-60.2813
-66.0313
-72.7813
-79.0938
-84.25
-87.4688
-87.6563
-85.6875
-82.25
-76.625
-70.1875
-63.5
-56.5313
-48.5313
-41.0313
-34.9688
-30.4375
-28.2813
-25.5313
-4.03125
-7.53125
-13.9375
-20.875
-26.3125
-30.8125
-35.4375
-41.7188
-49.5313
-56.875
-62.0938
-67.6563
-74.6563
-82.8125
-90.6875
-96.2813
-98.2813
-96.9688
-92.9063
-86.4688
-78.5313
-71.3125
-64.375
-56.2188
-47.4063
-39.8125
-34.1875
-29.9063
-27
-22.9375
-2.46875
-4.25
-8.59375
-15.0313
-21.6875
-27.875
-33.2188
-39
-45.9688
-52.9063
-57.875
-61.4063
-64.5313
-68.5313
-73.375
-77
-78.0938
-76.8125
-73.75
-69.9375
-65.9688
-61.625
-56.1563
-49.375
-42.3438
-36.3438
-31.4375
-26.6563
-22.2813
-17.8438
-1.875
-2.59375
-5.1875
-9.84375
-15.9375
-23.1563
-30.2813
-37.0938
-43.8438
-50.0313
-54.5
-57
-57.6875
-57.9063
-58.5
-59.0313
-59.2188
-59.2813
-58.8125
-57.6875
-56.5
-53.6563
-49.0938
-43.3125
-37.1875
-31.0938
-25.3438
-20.0938
-15.5
-12
-1.5625
-1.875
-3.375
-6.21875
-10.625
-16.6875
-23.7813
-31.2813
-38.6875
-45.6875
-51.125
-53.9375
-54.4688
-54.375
-54.375
-54.4063
-54.6875
-55.0938
-54.7813
-54.125
-53.4375
-50.4688
-45.0625
-38.375
-31.1563
-23.875
-17.625
-13
-9.3125
-7
-1.40625
-1.65625
-2.4375
-3.875
-6.5
-10.5
-15.9688
-22.125
-28.25
-34.3125
-40.0625
-43.4063
-44.5938
-45.75
-46.5938
-46.9375
-47.25
-47.3125
-45.9063
-44.3125
-43.0938
-39.375
-33.75
-27.5625
-21.3125
-15.0313
-10
-6.90625
-4.59375
-3.53125
1.375
0.9375
-0.09375
-1.5
-2.3125
-2.1875
-1.1875
1.03125
3.9375
6.75
10.0625
13.3438
12.9688
11.7813
8.34375
2.96875
2.375
1.09375
0.0625
-0.78125
-3.34375
-3.625
-2.1875
0.5
2.15625
2.15625
1.625
0.875
0.84375
0.75
1.28125
0.71875
-0.28125
-1.46875
-1.75
-0.625
1.75
5.46875
9.125
11.5625
13.3125
14.3125
12.125
9.9375
6.375
1.5625
1.75
1.28125
0.40625
-1.09375
-4.59375
-6.375
-5.6875
-2.625
-0.84375
-0.125
-0.1875
-1.03125
-0.78125
-0.625
1.3125
0.5625
-0.375
-1
-0.25
2.375
6.21875
10.4688
13.5
14.2188
13.6563
13.0625
10.4688
8.5
5.5
0.90625
0.78125
0.25
-0.53125
-1.75
-4.75
-6.75
-6.625
-4.21875
-3.46875
-3.1875
-3.25
-3.8125
-2.90625
-2.0625
1.21875
0.375
-0.125
0.46875
2.875
7.03125
11.3438
14.5938
15.9688
15.1563
14.0938
14.2188
12.7813
11.3438
7.84375
1.6875
-0.65625
-3.09375
-4.90625
-6
-7.96875
-8.59375
-7.5625
-5.4375
-5.53125
-6.375
-7.1875
-7.3125
-5.59375
-3.65625
1
0.25
0.65625
3
7.3125
12.5
16.25
17.9688
18.25
17.9375
19.1563
22
21.7813
19.8438
13.875
3.90625
-2.0625
-8.4375
-13.2813
-15.8125
-18.0625
-17
-13.3125
-9.40625
-8.21875
-9.03125
-10.7188
-10.7188
-8.5
-5.5
1.15625
0.71875
2.46875
6.625
12.25
17.4688
20.1563
21.3438
22.8438
25.6563
29.75
32.9063
30.75
25.4688
16.3125
4.6875
-2.34375
-10.1875
-17.6563
-23.6875
-29.1875
-29.9063
-24.9688
-18.0313
-13.8438
-12.5
-13.875
-14.0313
-11.4688
-7.6875
1.5625
2.25
5.96875
11.5313
17.4063
22.0625
23.7813
25.7813
29.9063
34.875
39.0625
39.5
34.0313
26.0938
16.2188
5.625
-2.375
-11.8125
-21.0625
-30
-36.8125
-38.1875
-33.9063
-25.6563
-19.7813
-17.2188
-17.625
-17.75
-15
-10.3125
2.5625
4.8125
10.2188
16.5625
22.2188
25.9688
27.2188
30.1875
35.8438
41.0625
42.875
39
29.6563
19.8125
11.9375
5.25
-0.71875
-9.65625
-19.8125
-30
-36.9375
-38.9688
-36.8125
-30.625
-26
-22.9688
-21.9688
-21.5
-18.1875
-13.0313
4
7.9375
14.5938
21.5313
26.6875
28.4375
28.125
30.0625
35.1875
40.5625
41.875
37.2188
26.75
16.4063
9.71875
4.34375
-0.71875
-9.875
-19.8125
-27.8438
-31.8438
-32.375
-32.0938
-30.3438
-29.9375
-28.1875
-26.4375
-25.1875
-21.375
-16.125
5.53125
11.3125
19
26.4375
30.9063
30.1875
27.875
27.875
31.8438
37.8125
40.6875
38.125
28.2188
17.2813
9.46875
2.375
-2.6875
-11.1563
-19.8125
-24.5938
-25.7188
-25.8125
-27.2813
-29.6875
-33.7188
-33.0625
-30.7188
-28.8438
-24.625
-19.5625
7.25
15
23.625
31.25
34.7813
32.25
29.4688
28.6563
31.625
37.0938
40.0313
39.0625
29.4688
18
8.90625
-1.03125
-5.03125
-11.3125
-18.5
-20.0625
-20.125
-22.3125
-25.9375
-31.4688
-39
-37.9375
-34.2813
-31.9688
-27.5938
-23.0625
9.21875
18.9375
28.2188
36.1875
39
35.2188
33.6563
32.4063
33.875
39.0625
40.0313
38.7813
27.625
12.75
2.03125
-9.90625
-10.0313
-10.9688
-15.3125
-12.8438
-12.0625
-17.0938
-23.1875
-32.0938
-43.8438
-42.4375
-37.2813
-34.7188
-30.3438
-26.6563
11.4688
23.0313
32.5625
39.9063
41.125
37.3125
38.4063
38.2813
38.4375
39.875
35.4375
30.5
17.375
1.8125
-8.28125
-18.1563
-12.5
-7.59375
-7.8125
-1.375
0.78125
-6.8125
-16.6563
-30.125
-47.8125
-47.6563
-40.7813
-37.8438
-33.1563
-29.7813
13.6875
27.0313
36.4063
42.7813
43.25
40.2188
44.3438
44.6563
40.25
34.7813
23.7188
16.375
6.5625
-4.8125
-11.75
-19.5938
-14.0625
-8.71875
-6.4375
5.28125
13.75
8.59375
-4.0625
-24.25
-49.6563
-52.75
-44.7813
-40.7813
-35.6875
-32.5938
15.5313
29.8438
38.6563
44.4688
45.0625
43.0938
49.9688
49.5938
39.6563
28.0625
12.375
4.28125
-0.5625
-7.5625
-11.9375
-17.5313
-12.625
-7.25
-5.1875
8.46875
20.6875
16.7813
4.5
-19.0625
-50.0938
-55.2188
-47.25
-42.9063
-37.2813
-34.625
16.5625
31.4375
39.9375
45.8125
46.9063
45.9688
55.125
54.1563
40.1875
24.1875
4.65625
-4.0625
-4.0625
-7.46875
-9.5
-13.4063
-10.875
-6.09375
-5.625
7.375
21.3125
17.8438
7.3125
-16.3125
-49.75
-55.9688
-48.5
-44.2813
-38.3125
-35.8125
17.1875
32.25
40.9375
47.1563
48.7188
49.25
60.6875
60.2813
44.3125
24.0625
-0.96875
-12.2813
-9.78125
-9.46875
-6.875
-7.59375
-5.875
-2.5
-5.25
4.96875
17.5625
13.875
5
-17.5
-50
-55.9063
-48.75
-44.6875
-38.9063
-36.5625
17.4375
32.5
41.9375
48.6563
50.5625
52.0313
64.4063
65.1875
49.5625
27.2188
-1.71875
-16.4688
-14.6563
-12.5
-6.1875
-2.65625
1.15625
3.90625
-1.65625
3.71875
10.6875
4.84375
-3.625
-23.875
-51.5313
-55.3438
-47.9688
-44.25
-39.25
-36.75
17.125
31.625
42.2813
50
52.0938
53.3438
63.6875
65.4375
53.8438
35.3438
8.25
-8.78125
-10.0625
-10.2188
-4.0625
2
5.09375
5.71875
-2.4375
-3.40625
-2.125
-9.4375
-17.25
-32.7188
-52.6875
-53.9375
-46.625
-43.4375
-39.1563
-35.7188
15.9063
29.4063
40.8438
49.375
51.9688
52.9688
60.375
62.5313
55.0625
41
18.8125
1.625
-1.25
-1.90625
3.15625
10.8438
11
6.625
-6.09375
-14.8438
-18.75
-26.2813
-31.4063
-40.2813
-52.4688
-51.375
-44.5625
-42.1563
-37.9688
-33.25
13.8125
26.0938
37.9063
47.5938
52.125
53.1563
57.6563
58.5313
52.4688
42.2188
25.5
11.4375
9.59375
9.125
13.0313
18.4688
13.0313
2.84375
-14.1563
-26.9063
-32.375
-37.9063
-39.5313
-44.0625
-50.7188
-48.25
-42.8125
-40.4063
-35.7813
-30.125
11.3125
21.9688
33.625
44.125
50.125
52.0938
54.875
54.75
50.1563
41.8438
28.5313
17.25
14.8438
14.1875
17.3438
20.3438
13.5625
1.59375
-17.0313
-31.5938
-39.2188
-44.0313
-43.2813
-44.7813
-47.7188
-45
-41.0625
-38.4063
-33.0313
-26.3125
8.9375
17.9688
28.9063
39.4688
46.3438
49.5
51.8438
51.875
49.0938
42.2188
30.5313
20.3125
15.8125
14.0938
16.75
18.2188
12.8438
2.125
-15.0313
-29.375
-39.375
-45.375
-45.6563
-46.4688
-46.5938
-43.25
-39.2813
-35.5938
-29.5938
-22.1875
6.84375
14.2188
24.125
34.1563
41.2813
45.4688
47.9063
49.1875
49.1875
44.9375
36.0938
26.7188
19.4375
15.4375
15
13.9375
10.1875
1.5625
-12.4063
-26.4063
-39.7813
-49
-51.7188
-50.9375
-46.9063
-41.0625
-35.875
-31.5313
-25.5625
-18.0625
4.9375
10.7813
19.4375
28.5625
35.5938
40.1875
42.0313
44.125
47.0625
47.4063
44.8125
38.5313
29.6563
22.0938
15.4063
9.75
5.40625
-2.34375
-14.125
-28.5
-44.375
-55.375
-57.8125
-53.1563
-44.7188
-36.8438
-31.4063
-27.3125
-21.5938
-14.0313
3.03125
7.40625
14.5
22.5625
29.4375
34.5
36.0625
37.7188
41.1563
44.0625
46.3438
44.4688
37.9063
29.875
19.1875
8.28125
-1.09375
-11.6563
-22.9063
-34.9688
-46.5313
-53.375
-52.6875
-45.6563
-37.2188
-30.75
-26.6875
-23.0938
-17.5
-10.125
1.21875
4.5
9.59375
16.1563
22.9375
28.5625
31.2188
32.25
33.3438
34.7188
37.5625
38.4063
35.7188
30.5313
20.125
7.75
-3.90625
-15.9375
-26.4375
-34.875
-41.0313
-43.1875
-39.9688
-33.9375
-28.6563
-24.6563
-21.9375
-18.5938
-13.2188
-6.90625
0.0625
2.59375
6.0625
10.5938
16.25
21.9063
25.8438
27.7813
27.7813
26.5313
27.0625
28
27.875
26.1563
18.3125
6.46875
-5.71875
-17.2188
-24.9375
-28.8125
-30.375
-30.0938
-27.7188
-24.8125
-22.5
-20.0313
-17.5938
-14.0938
-9.375
-4.5
-0.3125
1.625
3.8125
6.34375
10.0625
14.8125
19.5313
23.0938
23.9375
22.125
20.375
19.5625
19.7188
19.0625
13.75
4.28125
-6.3125
-14.9063
-19.4688
-20.75
-20.5625
-20.7188
-20.5625
-19.4375
-18.1563
-15.75
-12.6875
-9.5625
-6.0625
-2.75
-0.40625
1.21875
2.5625
3.625
5.5
8.5625
12.9688
17.5625
20.125
20.125
18.6875
17.4063
17.4688
16.4375
11.7188
3.1875
-6.9375
-13.9375
-16.9688
-17.4375
-16.7813
-17.5
-17.9375
-16.1875
-14.0625
-10.7813
-7.5
-5.59375
-3.53125
-1.71875
-1.25
-0.958333
-0.583333
-0.333333
-0.208333
-0.541667
-0.875
-1.08333
-1.375
-1.75
-1.83333
-1.875
-2.375
-3.83333
-4.41667
-4.375
-4.04167
-3.29167
-2.25
-0.583333
0
-0.0833333
-0.416667
-0.375
-0.416667
-0.291667
-0.291667
0.208333
0.458333
0.0833333
-0.333333
-0.916667
-0.583333
-0.416667
-0.125
0
-0.333333
-0.708333
-1.08333
-1.125
-1.54167
-2.04167
-2.41667
-3.20833
-4.5
-7.375
-8.5
-9.95833
-10.2917
-9.33333
-7.54167
-4.54167
-3
-1
0
0.333333
0.541667
0.5
0.0833333
0
0.125
0
-0.416667
-0.75
0.458333
0.5
0.541667
0.375
-0.0833333
-0.375
-0.625
-0.916667
-1.83333
-3.41667
-5.5
-7.75
-9.91667
-11.125
-12.0417
-13.125
-13.625
-13.6667
-13.1667
-12.9583
-11.5833
-8.70833
-6.04167
-3.83333
-1.83333
-0.708333
-0.333333
-0.416667
0.0833333
0.458333
0.5
0.708333
1
0.958333
0.708333
0.375
0.125
-0.25
-1.125
-2.58333
-4.83333
-8
-11.0417
-12.7917
-12.5417
-8.5
-6.70833
-3.04167
-1.33333
-2.04167
-4.83333
-10.6667
-12.25
-13.1667
-12.5
-10.25
-6.91667
-3.33333
-0.458333
0.583333
1.66667
2.29167
2.45833
2.5
0.958333
0.625
0.0833333
-0.25
-0.458333
-1.16667
-2.625
-4.70833
-6.625
-7.33333
-6.04167
-2.91667
2
8.41667
12.2917
16.0417
17.25
16.6667
14.2917
9.95833
7
3
-0.458333
-3.04167
-4.33333
-3.66667
-1.70833
-0.25
0.75
1.5
1.70833
1.54167
0.25
-0.166667
-0.583333
-0.791667
-1.33333
-2.79167
-4.08333
-4.75
-3.25
0.833333
6.125
11.2917
15.2083
15.9583
15
10.875
7.66667
6.83333
8.41667
12.5833
14.0833
13.5833
11.7917
7.625
2.375
-2
-4.04167
-3.58333
-3.625
-2.58333
-1.625
-1.41667
-0.666667
-0.833333
-0.708333
-0.708333
-1.5
-3
-3.54167
-1.95833
2
5.66667
6.875
5.79167
1.66667
-6.91667
-16.0833
-25.4583
-30.375
-31.5417
-28.6667
-20.75
-13.75
-7.45833
-1.58333
1.75
2.04167
0.166667
-2.25
-3
-4.45833
-4.33333
-3.08333
-2.54167
-0.875
-0.75
-0.541667
-0.833333
-1.79167
-1.95833
-0.708333
2.29167
4.20833
2.25
-2.91667
-9.95833
-19.1667
-29.625
-37.4167
-41.1667
-41.9167
-42.2083
-42.1667
-40.625
-36.5833
-29.375
-20.7917
-11.625
-3.95833
1.08333
2.45833
1.20833
-0.541667
-2.125
-2.125
-1.70833
-0.416667
-0.166667
-0.541667
-1.91667
-3.20833
-1.66667
1.5
3.04167
0.125
-4.79167
-8.79167
-13.2917
-17
-16.0833
-10.375
-2.04167
3.83333
6.33333
4.41667
-2.91667
-9.625
-12.1667
-12.75
-10.75
-6.95833
-2.41667
1.45833
1.54167
1.41667
0.0416667
-1.29167
-1
0.666667
0.708333
-0.25
-2.29167
-2.625
0.0416667
2.29167
-0.25
-4.125
-3.54167
-0.0416667
2.91667
10.2917
24.4167
40.0833
50.7083
56.4583
60.1667
60.5833
55.0417
43.1667
30.6667
19.4583
9.95833
1.45833
-4.91667
-4.79167
-2.16667
-0.166667
-0.291667
-1.79167
-1.25
1.54167
1.25
0.291667
-0.5
1.95833
3.91667
2.58333
0.416667
3.41667
11.375
17.5833
24.3333
36.0833
48.4583
57.2917
59.0417
59.1667
60.375
61.1667
61.5
55.2917
43.375
30.6667
20.0417
9.95833
-0.75
-6.79167
-4.58333
-1.04167
-0.75
-2.08333
-1.83333
1.33333
1.08333
0.791667
2.04167
5.375
5
1.91667
4
11.6667
18.25
20.2917
25
29.75
28.125
21.75
17.75
16.25
14.875
12.9167
13.5
16.8333
14.125
6.875
2.66667
3.375
3.41667
-1.75
-3.58333
-0.5
0.625
0.0833333
-0.875
1.41667
1.29167
1.54167
3.25
4.25
2.41667
0.375
0.458333
0.666667
-1.04167
-2.08333
-1.20833
-5.20833
-13.625
-21.9167
-24.875
-27.125
-29.4583
-30.9167
-30.125
-23.2083
-16.625
-14.6667
-13.4167
-6.875
2.29167
3.54167
-0.541667
-0.583333
1.29167
2.29167
0.833333
1.83333
1.625
1.91667
2.875
2
-0.416667
-2.33333
-6.66667
-14.6667
-21.9167
-24.375
-27.1667
-32.5
-36.4583
-33.9583
-33.2917
-36.4583
-36.4167
-34.1667
-30.9167
-28
-20.1667
-11.5417
-7.625
-4.29167
1.20833
4.125
1.79167
-0.708333
0.25
1.70833
1.25
0.916667
1.08333
1.375
2
1
-0.333333
-1.16667
-3.5
-8.5
-13.75
-16.75
-21.5833
-25.125
-23.9583
-18.5
-17.625
-18.4167
-15.4583
-11.0833
-8.45833
-8.54167
-4.04167
3.33333
6.70833
5.875
3.75
3.54167
3.25
0.75
0.666667
1.29167
1.75
-0.708333
-0.0833333
0.333333
0.541667
-0.291667
2.16667
5.04167
6.25
7.41667
7.79167
8
5.91667
4.33333
9
6.79167
2.5
1.45833
0.125
0.833333
-2.45833
-1.58333
1.91667
6.20833
8.5
6.95833
3.70833
4.33333
5.54167
3.41667
2.58333
2.375
2.66667
-1.875
-1.58333
-0.791667
-1.29167
-1.83333
1.375
4.45833
6.875
9.45833
12.25
15
17.5
20.375
23.9167
15.6667
10.4583
8.08333
2.16667
-2.25
-7
-3.29167
-1.375
1.33333
4.375
3.79167
2.29167
4.66667
6.70833
4.75
2.33333
1.66667
1.66667
-2.375
-2.29167
-0.958333
-1.20833
-1.25
-0.875
0.833333
3.79167
4.91667
6.04167
7.29167
10.4167
14.125
12.1667
8.58333
10.4583
10.875
7.33333
2.25
2.66667
5.95833
4.375
4.66667
7.70833
8.20833
6.625
5.5
5.125
3.70833
0.875
0.0833333
-0.0416667
-1.375
-0.958333
0.208333
0.583333
0.458333
-0.125
2.54167
5.08333
4.95833
4.33333
4.25
5.66667
5.91667
1.54167
6.625
13.0833
15.75
14.7083
11.375
14.2917
10.875
5.83333
4.70833
6.45833
7.29167
5.83333
3.79167
3.16667
2.08333
0.541667
0.25
0.25
1.16667
1.375
1.45833
1.79167
1
0.541667
2.375
4.125
4.66667
3.79167
3.54167
3.41667
0.333333
-5
-0.458333
3.20833
5.54167
4.75
3.66667
4.75
-4
-9.75
-9.45833
-7.625
-6
-4.08333
-0.333333
2.625
1.04167
0.458333
1.20833
1.625
3
2.70833
2.25
3
1.70833
0.5
0.458333
2.25
4.08333
2.08333
-0.708333
-4.625
-12.9583
-22.5833
-28.7083
-31.625
-29.5
-27.6667
-25.2083
-25.0833
-27.3333
-23.7917
-19.7083
-17.5833
-13.5
-5.375
2.04167
3
0.708333
1.58333
3.04167
2.54167
2.375
2.29167
2.625
4.875
5.20833
3.16667
1.33333
3.33333
6.41667
3.79167
-2.08333
-7.91667
-15.5
-25.8333
-40.75
-49.0833
-47.9167
-42.2917
-36.375
-32.25
-20.5417
-6.33333
-1.70833
-2.41667
0.0833333
6.33333
7.20833
2
1.58333
4.125
4.625
2.45833
0.208333
0.666667
1.79167
4.41667
8.33333
7.58333
3.70833
3.25
6.58333
8.70833
7.25
8.54167
13
14.5417
8.20833
1.91667
-0.333333
3.20833
8.625
15.4583
27.375
33.7083
30.0833
24.2917
19.6667
13.625
4.20833
-0.583333
3
4.66667
3.16667
1.41667
-1.875
-1.45833
-0.958333
-0.333333
3.875
6.66667
4.66667
0.458333
0.25
6.5
13.2083
21.6667
34.7917
50.2917
61.7917
64.7083
62.4167
61.4167
62.125
62.875
58.9167
47.4167
35.1667
25.9583
16.5417
5.125
-2.95833
-1.33333
2.83333
2.45833
0.583333
0.458333
-2.41667
-2.625
-3.41667
-4.83333
-4
0.333333
3.04167
-0.208333
-4.41667
-2.125
4.375
9.54167
18.5
34.7083
52.6667
64
66.9583
66.2917
62.1667
52.9583
38
21.9167
11.2083
4.41667
-0.875
-4.33333
-2.83333
0.916667
1.83333
0.666667
-0.541667
0
-1.125
-1.625
-2.83333
-4.75
-5.875
-3.625
0.458333
1.875
-1.33333
-4.54167
-5.58333
-8.45833
-10.2917
-6.58333
2.125
11.5417
15.9167
16.5417
11.9583
1.79167
-7.875
-12.4167
-12.5417
-10.2083
-6.08333
-1.08333
3.625
3.45833
1.41667
-0.5
-1.58333
-0.708333
0.25
0.0416667
-0.833333
-2.41667
-3.875
-4.33333
-2.45833
1.58333
3.54167
1.41667
-3.625
-10.5
-20.0833
-30.5833
-37.8333
-40.75
-41.4583
-41.875
-42.2083
-41.75
-37.375
-28.4167
-18.5833
-9.08333
-1.25
3.66667
4.58333
1.75
-1.25
-3.16667
-3.125
-1.83333
0.541667
0.458333
0.0416667
-0.875
-2.58333
-4.41667
-5
-2.16667
3.375
7.29167
7.75
5.91667
0.208333
-10.4167
-23.0417
-33.7083
-38.8333
-40.0833
-36.625
-28.0833
-17.875
-9.04167
-1.91667
2.08333
2.625
0.458333
-2.95833
-4.45833
-5.70833
-5.33333
-3.625
-2.625
-0.0833333
-0.25
-0.208333
-0.333333
-1.45833
-3.375
-5.33333
-6.29167
-3.95833
1.29167
7.66667
14.0833
19.25
21.0833
18.375
13.75
10.75
10.125
12.375
17.2083
20.4167
18.7917
14.75
8.25
0.875
-5.41667
-8.54167
-7.58333
-6.16667
-4.08333
-2.625
-2.54167
-0.666667
-0.75
-0.5
-0.25
-0.375
-1.54167
-3.45833
-6.83333
-10.125
-11.0833
-9.08333
-4.54167
2.16667
9.41667
15.2083
19.5417
21.7083
22.0417
20.1667
17.1667
13.0833
7.33333
1.16667
-4.16667
-7.5
-8.375
-7
-5
-2.95833
-1.54167
-1.33333
-1.625
-0.291667
-0.333333
-0.291667
-0.125
0
-0.333333
-1.25
-3.41667
-7.20833
-11.9167
-16
-18.75
-19.4583
-18.0417
-14.125
-9.75
-7.25
-6.79167
-9.04167
-12.75
-16.375
-17.8333
-17.5
-15.1667
-11.2917
-6.95833
-3.625
-2.20833
-1.04167
-0.666667
-0.708333
-0.625
0.416667
0.375
0.0833333
0.125
-0.0416667
-0.0833333
-0.333333
-0.75
-1.95833
-4.5
-7.58333
-11.0833
-14.5833
-17.25
-18
-18.2083
-18.5
-18.5417
-18.4167
-18.3333
-18.0833
-16.0833
-13.0417
-9.5
-6.04167
-3.29167
-1.70833
-1.20833
-0.75
-0.583333
-0.416667
-0.166667
-0.625
-0.583333
0.0416667
1.29167
1.91667
1.08333
-0.375
-1.45833
-1.25
0.125
0.166667
-1.5
-2.375
-2.33333
-0.166667
3.625
2.70833
-1.29167
-2.125
-0.333333
2
2.79167
0.708333
-2.875
-3.16667
1.45833
3.45833
-0.166667
-2.54167
-0.416667
1.66667
0.958333
-0.583333
-0.166667
0.625
1.25
1.16667
0.666667
0.0416667
-1.125
-1.66667
-0.416667
-0.166667
-2.08333
-3.25
-3.375
0.625
6.91667
3.95833
-1.83333
-1.16667
0.208333
1.375
1.875
-0.5
-3.54167
-3.08333
1.5
3.58333
0.5
-1.875
-0.25
1.58333
0.75
-0.291667
0.25
0.916667
1.125
0.541667
0.125
0
-1.29167
-2.58333
-1.91667
-1.375
-1.875
-1.66667
-1.625
2.33333
8.5
3.75
-3.66667
-2.29167
0.541667
3.04167
4.04167
-0.291667
-5.20833
-3.95833
1.16667
2.91667
0.708333
-1.04167
-0.166667
1
0.333333
-0.375
0.583333
1.33333
1
-0.125
-0.625
-0.625
-2.08333
-3.83333
-3
-0.666667
0.833333
0.583333
-1.125
2.29167
8.45833
3.41667
-4.29167
-2.95833
0.0833333
3.375
5.83333
1.125
-5.625
-4.16667
1.16667
1.91667
0.208333
-0.708333
-0.333333
0.333333
0
-0.416667
0.625
1.45833
1
-0.708333
-1.91667
-2
-2.83333
-4
-2.33333
1.70833
3.58333
1.125
-2.33333
1.16667
8.04167
4
-3.20833
-2.45833
-0.541667
2.125
5.5
1.79167
-5.04167
-3.20833
2.20833
1.66667
-0.625
-1
-0.75
-0.541667
-0.458333
-0.25
0.583333
1.41667
0.958333
-1.58333
-3.91667
-3.70833
-2.625
-2
-0.0416667
2.875
3.04167
-0.416667
-3.41667
0.875
8.25
5.41667
-0.666667
-0.458333
-0.0416667
1.33333
3.83333
0.166667
-5.5
-2.375
3.75
2.83333
-0.833333
-2
-1.70833
-1.375
-0.791667
0.208333
0.541667
1.04167
0.416667
-2.875
-6.125
-4.91667
-0.833333
1.5
1.41667
0.25
-0.958333
-1.83333
-2.16667
2.29167
8.54167
6.375
2.33333
3.08333
3.125
3.375
2.91667
-2.95833
-8.125
-4.08333
3.41667
4.75
0.75
-2.83333
-3.45833
-2.45833
-1.04167
0.375
0.5
0.583333
-0.458333
-4.41667
-8.20833
-4.83333
2.91667
4.20833
-2
-5.91667
-2.58333
1.83333
2.875
4.58333
6.83333
5.20833
2.66667
2.58333
4.125
7.79167
8.875
-0.416667
-11.75
-9.70833
0.958333
5.95833
2.33333
-3.29167
-5
-3.625
-1.45833
0.333333
0.333333
0.0833333
-2.04167
-6.95833
-8.79167
-0.875
6.66667
1.625
-6.91667
-6.41667
-0.0416667
3.875
4.41667
4.5
4.45833
4.70833
5.83333
6.04167
5.33333
5.5
6.08333
2
-8
-11.5833
-2.79167
5.95833
4.41667
-2.70833
-6.33333
-5.04167
-1.875
0.666667
0.333333
-1
-4.54167
-9.125
-6.83333
4.29167
8.25
-1.875
-9.16667
-5.66667
-0.333333
4.16667
8.29167
7.33333
1.58333
-0.916667
5.41667
12.5833
10.5417
2.41667
-2.08333
-0.166667
-1.04167
-6.41667
-5.66667
1.95833
5.45833
0.208333
-6.16667
-6.79167
-3.125
0.916667
0.125
-2.45833
-7.5
-10.2917
-2.70833
9.08333
8.29167
-3.20833
-9.625
-8.91667
-5.04167
5.33333
15.3333
11.7917
-0.583333
-6.08333
3.5
15.5417
13.375
0.916667
-7.5
-3.45833
4.41667
2.33333
-5.875
-5.16667
3.66667
4.45833
-3.875
-8.20833
-4.95833
0.833333
-0.291667
-4.20833
-10.4583
-10
3.125
12.7917
5.625
-5.45833
-9
-9.95833
-7.375
6.5
19.625
14.625
-0.875
-8.75
0.625
13.9167
11.25
-1.04167
-7.375
-3.125
7.79167
11.375
-3.08333
-13.625
-1.45833
8.625
0.375
-8.79167
-7.25
0.291667
-1.20833
-6.33333
-13
-8.125
9.91667
14.625
-1.16667
-10.8333
-5.41667
-1.45833
-3.20833
4.29167
17.125
15.5833
1.125
-11.125
-4.70833
10.7083
6.625
-6.08333
-5.5
0.833333
11.2083
21
3.04167
-21.5833
-9.41667
11.6667
5.79167
-8.58333
-9.66667
-0.0416667
-2.375
-8.95833
-15.125
-4.625
16.0833
11.4167
-10.7917
-11.5417
5.20833
10.125
-2.41667
-4.375
12.2917
19.4167
7.08333
-12.8333
-11.5417
8.70833
4.45833
-12.125
-9.79167
-1.79167
14.625
35.4583
12.9583
-28.5
-18.2083
14.0417
11.5
-8.16667
-12.125
-0.458333
-3.16667
-11
-16.5
-0.375
21.2917
5.95833
-21.25
-10.625
18.5
21.75
-4.70833
-16.5
6.91667
27.5
14.5
-18.9167
-19.3333
9.29167
3.16667
-14.9167
-8.04167
-5.04167
10.0833
45.5
25.75
-31.9583
-27.5
14.5
16.9167
-7.08333
-14.375
-1.08333
-3.95833
-12.5417
-17.2083
3.20833
24.4167
-0.0833333
-29.625
-7.70833
30.1667
30.125
-6.70833
-26.9167
0.75
31.2917
17.875
-18.6667
-17
9.83333
-1.95833
-18.4583
-5.08333
-4.91667
5.875
49.4583
34.5833
-32.6667
-34.3333
13.6667
20.7083
-6
-15.8333
-1.5
-4.20833
-13.2917
-17.7917
4.91667
25.875
-3.66667
-35.875
-9.29167
37
41.375
-2.625
-35.5
-7.08333
32.5417
18.0833
-19.5417
-12.7083
13.5
-3.875
-20.5417
-1.875
-3.91667
0
47.5417
39.6667
-30.7083
-37.4167
12.375
22.4583
-5.08333
-16.5833
-1.875
-4.16667
-13.0833
-18.2083
4.375
26
-4.04167
-38.9583
-13.7083
38.4167
51.5417
4.91667
-39.25
-11.7083
31.9583
13.0833
-24.5
-9.54167
20.75
1.16667
-20.1667
-4.25
-6.95833
-2.91667
46.3333
40.625
-29.25
-36.875
12.2083
22.25
-5.04167
-16.5417
-2.125
-3.33333
-11.9167
-18.7917
1.83333
25.125
-1.20833
-37.5417
-17.7917
34.7083
55.25
11.6667
-36.8333
-11.3333
29.625
4.20833
-30.875
-7.29167
27.375
9.66667
-16.75
-10.9167
-12.5417
0.0833333
47.1667
35.8333
-29.8333
-32.8333
13.5833
20.4167
-6
-16
-2.20833
-2.125
-10.0417
-19.2083
-2.625
23.9167
6.75
-33
-26.3333
26.1667
57.9167
20.4167
-31.7917
-13.25
24.0417
-2.91667
-34.7083
-5.75
30.5417
15.875
-11.625
-12.5
-10.7083
6.25
41.375
23.4167
-29.7083
-24.75
14.7917
15.9583
-7.41667
-14.375
-2.125
-1.16667
-8.125
-18.75
-7.54167
19.375
13.5833
-22.25
-28.4167
12.4583
47.9167
24.375
-20.0833
-9.58333
15.2917
-9.375
-28.375
0.0833333
27.6667
16.6667
-6.45833
-9.91667
-4.33333
10.7917
28.625
8.25
-25.9583
-14.5
14.0833
9.83333
-8.83333
-12.2083
-1.875
-0.583333
-6.25
-17
-11.1667
12.4167
16.0833
-9.79167
-24.0833
0.0416667
32.1667
22.4583
-9.625
-4.33333
11.75
-8.08333
-22.5417
-1.29167
22.25
19.25
3.45833
-2.33333
-2.70833
4.58333
14.8333
0.458333
-19.0417
-6.375
11.7083
4
-9.625
-9.91667
-1.66667
-0.333333
-4.58333
-14.3333
-13.2917
4.95833
14.9583
0
-16.5417
-6.16667
17.75
16.4167
-3
-1.33333
8.45833
-2.83333
-14.0833
-2.16667
17.75
20.7083
9.5
0.333333
-3.54167
1.54167
6.04167
-5.125
-12.4167
0.166667
8.125
-1.58333
-9.95833
-7.70833
-1.375
-0.208333
-3.33333
-11.3333
-13.5
-1.45833
11.4167
5.83333
-9.375
-7.5
8.33333
10.4167
-0.208333
-0.708333
6.29167
3.20833
-5.95833
-2.33333
12.625
18.125
11.0417
2.29167
-1.20833
1.58333
-0.708333
-8.75
-6.20833
4.04167
3.70833
-5.91667
-9.66667
-5.79167
-1.29167
-0.625
-2.41667
-7.83333
-12
-6.41667
6.41667
8.16667
-3.91667
-7.25
2.375
6.41667
1.5
-0.166667
5.41667
7.25
0.333333
-0.958333
7.41667
11.7083
9.75
7.16667
4.45833
-0.458333
-7.875
-8.83333
-0.333333
4.54167
-1.04167
-8.20833
-8.41667
-4.25
-1.25
-1.125
-1.83333
-4.625
-9.125
-9.25
0.333333
7.375
0.666667
-6.41667
-3.08333
3.29167
4.70833
2.41667
3.625
6.79167
5.41667
4.04167
5.45833
5.54167
6.875
10.4583
7.20833
-5.08333
-12.2083
-5.45833
3.375
2.33333
-4.45833
-8
-6.45833
-3.20833
-1.25
-1.45833
-1.45833
-2.29167
-5.75
-8.95833
-4.95833
3.08333
4.16667
-1.58333
-4.75
-0.875
3.41667
3.04167
4.91667
8
5.29167
3.5
5.29167
5.375
7.25
9.58333
2.29167
-8.83333
-8.75
-0.833333
2.45833
-0.625
-4.75
-6.04167
-4.75
-2.70833
-1.20833
-1.54167
-1.20833
-1.125
-3.33333
-6.41667
-5.75
-1.54167
1.75
2.04167
0.375
0.0416667
-0.0416667
-1.41667
2.58333
8.54167
7.29167
5.29167
5.5
3.29167
2.75
4.08333
0.208333
-5.04167
-3.5
0.458333
0.416667
-2.20833
-4.08333
-4.08333
-3.25
-2.25
-1.20833
-1.625
-1.08333
-0.583333
-1.58333
-3.375
-4.20833
-4.04167
-2.45833
1.04167
4.04167
3.95833
0.125
-3.29167
0
5.875
7.375
6.125
3.5
0.0833333
-0.0833333
2.79167
2.25
-1.625
-1.875
-0.166667
-1.54167
-3.20833
-2.66667
-1.95833
-2
-1.79167
-1.29167
-1.625
-1
-0.375
-0.5
-0.916667
-2.08333
-4.20833
-4.875
-2.08333
3.04167
5.58333
1.54167
-3.20833
-0.791667
4.91667
7.45833
6.04167
1.79167
-1.83333
-0.791667
3.70833
3.91667
-1.29167
-3.125
-1.875
-2.625
-2.5
-0.833333
-0.541667
-1.20833
-1.375
-1.16667
-1.33333
-0.916667
-0.375
0
0.416667
-0.375
-2.79167
-4.45833
-3.91667
-0.625
3.125
1.66667
-2.79167
-1.25
5.75
9.875
7.33333
1.08333
-2.75
-0.75
3.54167
2.625
-2.79167
-4.41667
-2.83333
-2.125
-0.708333
0.458333
-0.166667
-0.833333
-0.875
-1.20833
-1.125
-0.666667
-0.25
0.0833333
0.666667
0.541667
-1
-2.33333
-3
-2.70833
-0.833333
-0.708333
-3.375
-2.25
6.04167
13.375
10.3333
0.958333
-3.70833
-1.70833
0.666667
-0.791667
-3.375
-3.16667
-1.54167
-0.458333
0.541667
0.625
-0.333333
-0.791667
-0.666667
0.111111
-0.351852
-1.46296
-3.14815
-5.55556
-8.16667
-10.2037
-11.4444
-11.9444
-10.9074
-11.5
-11.1852
-10.9815
-10.3704
-9.66667
-9.51852
-9.62963
-9.51852
-11.0185
-10.3889
-9.57407
-8.09259
-6.2037
-4.11111
-1.81481
-0.0740741
0.62963
1.5
-0.037037
-1
-2.55556
-4.68519
-6.62963
-7.66667
-7.51852
-6.61111
-5.22222
-2.85185
-2.25926
-0.703704
1.03704
2.53704
3.27778
2.72222
1.07407
-0.981481
-3.83333
-4.46296
-5.03704
-4.72222
-4.05556
-3.55556
-2.83333
-1.66667
-0.666667
0.351852
-0.888889
-2.48148
-4.14815
-5.44444
-5.48148
-4.35185
-2.83333
-1.64815
-0.722222
-0.0555556
0.185185
1.03704
1.90741
1.64815
0.833333
0.12963
-0.796296
-2.25926
-2.7037
-2.55556
-2.77778
-2.55556
-2.14815
-2.40741
-3.14815
-3.24074
-2.53704
-2.11111
-2.2037
-3.85185
-4.51852
-3.72222
-1.57407
0.37037
0.851852
-0.037037
-1.7963
-4.35185
-5.87037
-8.62963
-12.0556
-16.2407
-19.2593
-19.5
-17.963
-16
-11.8704
-9.31481
-7.03704
-4.87037
-3.01852
-2.18519
-2.72222
-3.48148
-3.5
-4.14815
-3.33333
-4
-3.01852
-0.87037
0.851852
0.5
-2.22222
-5.96296
-9.62963
-13.2037
-16.2222
-21.3889
-27.4444
-33.0185
-35.9444
-35.2778
-32.1667
-27.5926
-21.5185
-17.3148
-13.6296
-10.4444
-7.11111
-4.24074
-2.55556
-1.98148
-2.33333
-3.66667
-3.51852
-2.53704
-0.259259
1.42593
0.87037
-1.74074
-5.14815
-7.74074
-8.11111
-7.18519
-7.24074
-9.81481
-12.5926
-13.3519
-12.3519
-11.1667
-10.2593
-9.18519
-8.64815
-8.35185
-7.57407
-7.35185
-6.83333
-5.72222
-3.74074
-1.72222
-1.2963
-1.81481
-1.98148
0.351852
2.38889
2.05556
0.0740741
-1.25926
-0.981481
1.48148
7.5
13.8704
18.3148
21.7593
26.7593
33.2222
38.7963
40.5556
37.6852
31.3333
23.537
17.6111
13.4074
7.88889
2.24074
-2.55556
-4.62963
-3.53704
-1.74074
-0.407407
1.27778
3.55556
3.75926
2.48148
2.53704
5.51852
10.8333
18.1667
27.7037
35.6111
43.4259
52.5185
62.3704
70.9444
75.6667
75.7593
70.8889
60.1481
47.0741
36.7037
28.8333
19.8704
9.88889
1.35185
-4.05556
-5.77778
-3.68519
-0.333333
4.59259
5.57407
3.77778
2.40741
4.68519
10.3148
17.4259
24.9074
30.7407
32.8519
37.5185
46.2778
54.7407
59.5185
59.1667
56.4074
52.7407
46.1852
37.7222
30.6667
24.5
17.7407
9.51852
3.2963
-1.12963
-4.53704
-4.01852
-0.481481
6.2963
5.24074
2.11111
0.833333
2.2963
5.61111
9.64815
12.2963
10.2778
5.27778
5.66667
10.5556
13.4074
13.4074
8.75926
3.66667
3.46296
5.88889
6.38889
5.18519
3.14815
2.44444
0.425926
0.87037
1.77778
-0.648148
-2.46296
-0.481481
5.55556
3.66667
1.14815
-1.22222
-3.74074
-5.27778
-5.66667
-8.44444
-16.1296
-23.9444
-26.963
-28.1296
-29.5926
-30.463
-33.8519
-37.7037
-35.0185
-25.963
-18.2963
-15.0556
-12.537
-7.94444
-4.35185
0.259259
4.35185
4.11111
1
0.222222
3.35185
1.7963
0.481481
-1.7037
-5.90741
-10
-13.2222
-18.5926
-26.0185
-29.9444
-32.8704
-37.4074
-41.1111
-41.6481
-41.2037
-40.7407
-36.537
-28.2963
-21.1667
-17.2593
-12.6667
-6.55556
-0.981481
3.01852
5.66667
6.37037
4.09259
1.38889
0.666667
1.22222
2.53704
1.94444
-0.37037
-3.09259
-5.72222
-8.83333
-11.3519
-8.64815
-12.2963
-19.3148
-23.463
-24.6481
-22.4815
-19.6481
-17.7778
-14.8148
-12.6481
-8.74074
-3.53704
1.16667
6.09259
7.72222
7.42593
8.01852
6.94444
3.31481
-1.62963
0
2.53704
5.03704
6.66667
6.68519
5.62963
5.88889
9.11111
15.4074
11.1852
5.53704
1.24074
-1.96296
-0.37037
3.22222
2.37037
-0.925926
-2.7037
2.35185
5.92593
7.77778
11
10.7222
8.09259
7.81481
7.94444
4.64815
-2.48148
-0.5
3.42593
7.48148
10.6481
11.8889
12.2222
14.9074
21
26.5556
23.963
20.6296
17.2407
13.4444
13.2778
14.9259
12
6.44444
4.72222
8.46296
8.87037
8.51852
10.7963
10.963
8.81481
7.87037
7.74074
4.85185
-1.61111
-1.11111
2.14815
6.62963
9.61111
10.2963
10.1667
11.7963
16.5741
17.963
19.4815
20.0185
17.6111
13.963
12.9815
13.8148
11.3889
6.35185
8.18519
9.05556
5.92593
4
5.88889
7.09259
6.22222
5.77778
6.27778
3.83333
0.87037
0.277778
3.11111
6.72222
8.75926
8.18519
6.31481
4.96296
4.2037
0.925926
4
4.14815
1.77778
-2.03704
-4.44444
-5.31481
-6.62963
-6.5
0.185185
-1.09259
-4.40741
-5.57407
-2.81481
0.814815
3.46296
5.12963
5.2963
2.64815
4.12963
2.61111
3.38889
6.22222
8.64815
7.94444
4.5
-0.0185185
-6.90741
-14.037
-13.7963
-15.4815
-19.0185
-24
-27.6667
-29
-28.0741
-21.9444
-12.2778
-11.5185
-11.6667
-10.6667
-7.40741
-2.57407
2.2963
5.2963
4.61111
2.35185
6.90741
5.66667
4.62963
6.22222
9.2963
9.68519
6.44444
1.14815
-8.33333
-16.7963
-21.2778
-25.0185
-28.5926
-32.9444
-36
-36.0185
-31.8519
-21.7407
-13.3333
-9.31481
-5.33333
-2.18519
-0.388889
2.44444
5.94444
6.7963
3.7963
2.87037
7.74074
7.83333
5.27778
5.01852
8.07407
11.3333
12.5556
11.7037
7.07407
2.61111
-0.222222
0.351852
1.22222
1.24074
0.962963
2.7037
7.5
13.1852
13.0926
14.5926
17.4074
18.5556
15.5185
12.3704
9.72222
5.81481
2.51852
4.31481
4.74074
6.92593
5.16667
2.88889
3.7037
8.12963
14.0185
19.3333
23.537
26.2037
28.3333
34.3704
42.0741
49.2037
53.3704
55.4815
56.2963
52.2222
42.963
38.7407
36.7593
33.1111
24.8889
15.9259
8.33333
2.7037
1.66667
5.03704
-0.388889
3.2037
3.62963
0.925926
-1.07407
2.03704
9.7037
18.5926
28.8519
37.7778
45.2778
54.8519
66.0741
77.1111
82.9259
82.5185
77.6852
66.7407
52.7593
43.3519
36.3889
28.8333
19.2778
10.0556
3.24074
0.296296
2.03704
5
-4.90741
-1.77778
0.777778
-0.0555556
-3.11111
-3.64815
-0.240741
5
13.0926
21.037
26.2037
31.0185
37.2778
44.7407
48.6852
46.6852
41.2778
33.4444
25.2407
19.1852
13.8333
8.31481
3.38889
-0.203704
-1.22222
0.259259
2.24074
2.62963
-6.12963
-5.05556
-2.38889
-0.574074
-1.42593
-3.24074
-4.16667
-4.27778
-2.57407
-0.0185185
0.462963
-1.22222
-3.5
-4.18519
-4.7037
-6.42593
-7.42593
-6.92593
-6.44444
-6.35185
-6.87037
-7.44444
-6.51852
-4.38889
-1.66667
0.462963
0.462963
-1.03704
-4.92593
-6
-4.98148
-2.33333
-0.240741
-0.462963
-2.61111
-5.42593
-7.92593
-10.1111
-13.4815
-18.9444
-25.8148
-32.0185
-35.4444
-35.4074
-32.2778
-27.2222
-21.5
-17.0926
-13.963
-11.2037
-7.74074
-4.44444
-2.57407
-2.62963
-3.88889
-5.59259
-3.22222
-5.35185
-6.31481
-5.40741
-2.90741
-0.944444
-0.537037
-1
-2.18519
-4.05556
-6
-8.72222
-12.1852
-16.2222
-18.5556
-17.8519
-15.7407
-13.6111
-10.3148
-7.75926
-5.96296
-4.64815
-3.66667
-3.7037
-5.25926
-7.16667
-7.74074
-7.90741
-1.7963
-3.7963
-5.85185
-7.33333
-7.2037
-6.03704
-4.98148
-4.07407
-3.12963
-2.7963
-2.24074
-1.05556
0.425926
0.851852
0.777778
1.05556
0.444444
-1.77778
-2.77778
-3.5
-4.31481
-5.01852
-5.94444
-7.37037
-9.07407
-9.85185
-8.83333
-7.55556
-0.851852
-2.22222
-4.16667
-6.85185
-9.27778
-10.5741
-10.8889
-10.6296
-9.85185
-9.01852
-7.44444
-4.96296
-1.75926
1.12963
2.57407
2.24074
0.259259
-2.72222
-5.16667
-7.05556
-8.5
-9.33333
-9.94444
-10.2778
-9.83333
-8.40741
-6.64815
-4.87037
1.33333
1.03704
-0.351852
-2.25926
-4.22222
-4.88889
-3.64815
-0.777778
1.22222
1.03704
0.666667
1.48148
4.46296
4.01852
2.16667
-1.40741
-0.351852
2.37037
4.7037
2.94444
-1.40741
-3.31481
-1.87037
0.944444
1.18519
-0.462963
-1.31481
-1
1.12963
0
-2.16667
-4.12963
-5.01852
-4.05556
-1.57407
1.11111
1.83333
0.0925926
-0.759259
0.685185
5.09259
5.75926
4.44444
0.555556
0.796296
2.2963
3.55556
1.31481
-2.48148
-3.22222
-0.722222
2.38889
2
-0.611111
-2.33333
-2.14815
0.444444
-1.81481
-4.59259
-5.77778
-4.48148
-1.7963
0.333333
0.462963
-1.11111
-3.22222
-2.2037
1.59259
8.01852
9.42593
8.38889
4.07407
3.98148
4.24074
3.74074
-0.611111
-5.38889
-5.72222
-1.75926
2.92593
3.01852
-0.12963
-3.2037
-3.55556
-0.703704
-4.01852
-6.85185
-6.11111
-2.62963
0.0925926
-0.925926
-3.81481
-5.24074
-3.85185
0.685185
5.81481
11.3333
11.3704
9.35185
5.16667
6.03704
7.83333
7.74074
1.68519
-6.64815
-9.53704
-5.74074
1.25926
3.11111
0.518519
-3.66667
-4.75926
-2.61111
-6.27778
-7.90741
-4.81481
-0.87037
-0.388889
-4.38889
-7.2963
-5.62963
-0.759259
4.94444
8.66667
12.1111
11.3148
10.3333
7.38889
8.27778
8.96296
8.37037
2.7963
-5.7963
-10.2222
-8.16667
-0.851852
2.61111
1.07407
-3.66667
-5.88889
-4.85185
-8.03704
-7.59259
-2.7963
0.37037
-1.7963
-7.14815
-8.68519
-3.83333
3.59259
10.037
11.1852
10.2963
6.48148
7.64815
9.33333
12.5741
10.537
6.51852
1.14815
-4.18519
-7.01852
-6.94444
-2.33333
1.03704
0.944444
-3.12963
-6.48148
-7.03704
-9.14815
-6.44444
-0.777778
1.68519
-2.03704
-7.87037
-9.24074
-3.22222
6.2037
14.2593
14.1481
9.09259
2.27778
3.7963
8.61111
13.1296
10.0556
4.31481
0.5
-0.87037
-1
-3.09259
-2.83333
-1.62963
-0.314815
-2.74074
-6.40741
-9
-9.77778
-4.96296
1.09259
3.03704
-1.03704
-6
-7.61111
-3.12963
4.88889
13.3148
14.0741
9.37037
2.27778
3.83333
8.31481
11.5
6.59259
0.12963
-1.07407
2.33333
6.2037
2.66667
-1.7037
-4.27778
-2.11111
-2.46296
-5.61111
-11.0741
-10.2037
-3.22222
2.40741
3.40741
-0.685185
-3.07407
-4.14815
-2.2037
1.74074
9.90741
13.2222
11.963
4.62963
4.66667
6.74074
8.96296
3.57407
-2.55556
-1.77778
4.83333
11.8519
7.46296
-0.537037
-6.57407
-3.7037
-1.96296
-4.48148
-13.0926
-10.537
-1.88889
2.88889
3.24074
-0.0555556
-0.12963
-1.75926
-2.94444
-1.83333
9.11111
16.5556
18.2963
6.90741
2.81481
2
5.74074
1.94444
-3.77778
-2.42593
6.03704
16.3333
11.6481
0.592593
-8.94444
-4.98148
-0.907407
-2.7037
-14.8333
-10
0.592593
3.88889
1.2037
-3
0.611111
2.22222
0.425926
-1.61111
9.64815
19.5926
21.9074
5.87037
-2.01852
-3.31481
3.14815
1.31481
-3.7963
-1.61111
8.07407
20.6111
15.2037
1.37037
-11.4259
-6.5
0.111111
-0.833333
-16.2593
-8.81481
3.48148
4.62963
-2.24074
-6.83333
2.16667
9.62963
7.81481
1.44444
9.12963
18.537
19.5556
2.46296
-5.87037
-5.18519
0.62963
-2.57407
-8.27778
-1.98148
13.0556
29.2222
21.4074
2.01852
-15
-8.85185
1.09259
1.16667
-17.4444
-7.61111
6.2037
4.5
-6.59259
-10.537
6.22222
20.5556
17.2037
3.01852
4.31481
12.963
14.6481
-0.0925926
-6.53704
-2.98148
0.722222
-6.53704
-15.8148
-6.7963
14.963
37.5
29.4815
4.77778
-17.2963
-10.9259
1.83333
2.98148
-17.9074
-6.66667
7.75926
3.37037
-10.1111
-12.2593
11.1852
29.8889
23.9444
3.01852
-0.481481
7.92593
10.0185
-3.07407
-8.37037
-1.33333
2.64815
-5.98148
-19.3704
-11.4259
13.4815
41.8889
35.9444
7.94444
-18.7407
-12.7407
2.33333
4.7037
-18.2037
-6.61111
8.03704
2.42593
-12.0185
-13.1667
14.1111
35.963
29.1667
3.66667
-4.48148
2.96296
6.2963
-4.11111
-8.88889
-0.462963
3.72222
-4
-18.8333
-12.4259
12.3148
42.5185
37.963
9.01852
-19.2963
-13.463
2.62963
5.51852
-18.5556
-7.44444
7.42593
2.18519
-12.9444
-14.9815
13.8889
39.6852
34.8519
6.2963
-6.90741
-1.09259
3.72222
-5.2037
-10.6852
-1.7963
4.72222
0.407407
-12.9259
-8
13.2037
39.1667
33.6111
6.25926
-18.9444
-12.5
2.88889
4.88889
-18.9074
-9.16667
5.5
2.66667
-11.6296
-15.7593
9.87037
36.5741
35.9259
10.0926
-4.33333
-1.18519
2.5
-5.81481
-10.3333
-0.425926
7.53704
5.27778
-6.03704
-2.53704
13.037
31.4259
24.7407
2.25926
-16.6481
-10.1481
2.2963
2.53704
-18.5926
-11
2.22222
2.33333
-8.51852
-12.7222
6.88889
29.037
29.8148
10.5185
-0.0185185
2.74074
3.03704
-6
-9.55556
3.16667
13.1481
12
-0.277778
-1.18519
8.33333
21.7222
16.9259
0.37037
-13.1481
-7.75926
1.22222
-0.148148
-17.7593
-12.4444
-0.703704
1.77778
-5.98148
-10.0926
5
23.4815
24.9444
9.75926
0.111111
1.87037
0.574074
-4.55556
-4.27778
10.9815
19.6481
16.2593
2.05556
-2.03704
3.94444
13.8704
11
-0.722222
-9.88889
-6.09259
-0.537037
-3.12963
-16.537
-13.5556
-3.77778
0.407407
-3.98148
-6.77778
4.66667
19.6481
21.3519
9.33333
-0.388889
-0.759259
-2.44444
-2.87037
1.18519
16.8148
22.6667
17.0185
1.98148
-2.96296
2.18519
10.1667
7.85185
-1.68519
-8.11111
-5.35185
-2.2037
-5.46296
-14.8704
-13.963
-6
-0.833333
-2.85185
-5.75926
2.57407
15.7778
20.037
11.3704
1.66667
-1.35185
-3.53704
-2.90741
1.64815
15.6481
21.7963
18.2778
5.62963
-0.259259
1.7037
6.27778
4.11111
-2.7963
-6.77778
-4.96296
-3.66667
-7.07407
-12.9444
-13.5741
-7.37037
-1.68519
-2.12963
-5.7963
-1.18519
10.1481
17.6296
13.6667
5.61111
0.518519
-2.2037
-2.55556
1.14815
12.0185
19.1852
18.7963
10.4815
4.74074
3.16667
2.61111
-1.22222
-5.88889
-6.59259
-4.48148
-4.35185
-7.88889
-10.963
-12.6111
-8.16667
-2.05556
-0.833333
-4.64815
-4.57407
2.44444
10.537
11.8148
8.7037
5.40741
3.16667
0.851852
1.74074
8.35185
16.1111
19.2222
15.7963
9.85185
3.61111
-2.85185
-7.72222
-8.92593
-5.72222
-3.40741
-4.75926
-8.59259
-8.90741
-11.1111
-8.55556
-2.74074
0.12963
-2.40741
-5.22222
-2.94444
2.75926
6.42593
7.35185
8.05556
8.77778
7.7037
6.57407
8.12963
12.6852
16.3519
16.3333
11.2037
2.07407
-7.38889
-11.463
-8.88889
-3.77778
-2.53704
-5.59259
-8.98148
-6.81481
-9.16667
-8.75926
-4.27778
-0.240741
-0.407407
-4.05556
-5.53704
-2.7037
2
5.2963
8.05556
10.7407
13.037
13
11.537
10.7222
11.7222
12.1111
7.90741
-1.40741
-9.64815
-11.0185
-6
-1.85185
-2.57407
-6.5
-8.59259
-4.66667
-6.74074
-7.92593
-6.24074
-2.35185
0.166667
-0.537037
-2.72222
-3.35185
-1.66667
1.05556
5.38889
10.3704
14.7778
15.3333
12.7593
9.59259
8.05556
6.40741
2.12963
-4.2963
-7.81481
-6.55556
-2.53704
-1.37037
-3.22222
-6.24074
-6.96296
-3.01852
-4.40741
-5.96296
-6.44444
-4.53704
-1.75926
0.574074
1.03704
0.0925926
-1.68519
-2.35185
0.833333
7.75926
14.7407
16.6111
12.6111
6.66667
2.66667
0.888889
-0.722222
-2.92593
-3.62963
-2.77778
-1.31481
-2.01852
-3.62963
-5.27778
-5.16667
-1.85185
-2.33333
-3.55556
-5.01852
-5.44444
-4.18519
-1.05556
2.14815
3.09259
0.592593
-2.61111
-1.57407
4.96296
12.9074
15.1296
10.5185
3.14815
-0.833333
-1.11111
0
-0.388889
-1.05556
-1.77778
-1.94444
-2.77778
-3.35185
-3.64815
-3.31481
-0.944444
-0.111111
0.944444
1.5
1.27778
0.833333
0.5
-0.166667
-0.777778
-1.16667
-0.666667
-0.5
-1.05556
-2.66667
-2.05556
-0.111111
3.5
3.33333
1.72222
-0.888889
-1.16667
-0.666667
-0.166667
-0.111111
-0.444444
-0.611111
-0.5
0.555556
1.44444
1.88889
1.72222
1.72222
-0.722222
0.388889
1.77778
2.27778
1.33333
-0.277778
-1.11111
-1
-0.5
-0.666667
-1.27778
-2.61111
-4.5
-7.61111
-6
-2.66667
4.94444
6
6.66667
3.94444
3.27778
1.33333
-0.277778
-0.888889
-0.555556
0.111111
-0.277778
0.277778
0.833333
2
1.66667
1.16667
-0.166667
0.777778
1.83333
2.05556
0.722222
-1.33333
-2.55556
-2.22222
-2.11111
-3.44444
-6.27778
-8.33333
-8.94444
-9
-5.11111
-0.888889
5.94444
6.38889
6.83333
4.72222
5.27778
5.16667
4.55556
3.55556
2.33333
1.94444
0.666667
0.444444
0.777778
2.11111
1.94444
0.833333
0.444444
0.722222
1.05556
0.944444
-0.333333
-2
-3.38889
-3.88889
-5.88889
-8.94444
-11.8889
-11.1111
-7.55556
-2.88889
0.833333
2.55556
2.72222
1.61111
1.94444
3.11111
5.38889
7.66667
8.44444
8.05556
5.72222
4.72222
2.83333
2.16667
1.77778
2.44444
2.11111
0.666667
0.611111
0.222222
-0.222222
-0.555556
-1.16667
-2.5
-5
-8.11111
-11.8889
-14.0556
-12.8333
-6.66667
1.44444
8.94444
9.27778
7.05556
-0.277778
-1.83333
-4.44444
-3
-1.94444
3.16667
7.38889
9.88889
8.55556
8.16667
6.72222
5.72222
3.94444
2.61111
1.33333
-0.0555556
0.0555556
-0.555556
-1.11111
-1.38889
-2.05556
-4.27778
-8.16667
-12.0556
-13.1111
-9.72222
-2.16667
5.66667
10.2778
10.7222
4.94444
-0.277778
-6.22222
-3.27778
-1.05556
2.22222
0.5
-0.333333
-0.444444
1.38889
3.55556
6.77778
8.83333
9.16667
6.61111
3.27778
0.666667
-0.277778
-0.5
-0.388889
-0.833333
-1.61111
-3.44444
-7.5
-12.0556
-13.3333
-7.5
1.66667
8.5
7.5
1.38889
-5.5
-10.6667
-11.7222
-9.16667
-1.11111
6.66667
12.2778
12.2778
7.94444
2.66667
-1.38889
-0.833333
1.77778
6.61111
9.55556
8.72222
4.83333
0.888889
-0.222222
-0.833333
0
-0.166667
-1.72222
-5.66667
-11
-13.3889
-7.94444
3.38889
10.1667
5.22222
-8.83333
-20.8889
-24.8889
-21.3333
-15.3333
-7.61111
-0.166667
8.38889
15.8333
21.8333
22.5
18.7778
10.3889
3.27778
-1.05556
1.33333
6.22222
8.22222
6.11111
2.16667
0.611111
-0.444444
0.388889
-0.333333
-3.5
-9.27778
-12.8333
-9.33333
1.61111
9.22222
4.11111
-12.6667
-28.5556
-32.7778
-25.3889
-13.9444
-6.33333
-2.33333
-0.555556
4.38889
10.9444
19.2222
25.3333
28.2222
24.5
14.3333
2.61111
-2.38889
0.888889
5.77778
6.77778
3.88889
1.38889
-0.333333
-0.388889
-2.05556
-6.61111
-12.1667
-11
-0.833333
10.2222
7.44444
-9
-26.0556
-29.7778
-18.2778
-0.611111
13.1667
13.5
4.27778
-6
-6.5
-1.77778
2.61111
5.38889
10.8333
18.8889
19.7222
11.5556
0.555556
-2.88889
1.61111
5.94444
6.05556
2.88889
0
-0.944444
-4
-9.88889
-12.8889
-6.27778
7.44444
12.3333
1.66667
-13.4444
-16.9444
-7.61111
8.16667
21.5556
29.6667
22
6.77778
-7.66667
-6.88889
-3.61111
-8.27778
-21.9444
-27.2222
-12.2222
9.22222
17.4444
7.94444
-3.16667
-1.83333
4.77778
8.05556
4.83333
-0.111111
-1.5
-5.27778
-10.8333
-9.5
-0.111111
10.6111
7.33333
-1.61111
-3.22222
6.88889
16.4444
21.1667
23.6667
27.6667
21.5
9.33333
-4.61111
-7.94444
-9.61111
-18.5
-36.7222
-48.9444
-36.2778
-5.22222
18.7222
15.6667
0.0555556
-4.94444
2.5
9.16667
7.16667
0.388889
-1.44444
-5.72222
-10.0556
-5.27778
3.38889
7.72222
-2.16667
-5.94444
5.5
24.5
29.8889
19.9444
7.5
4.72222
7.38889
11.2778
8.77778
0.0555556
-11.8889
-24.0556
-34
-42.1111
-35.4444
-12.5
14.6667
18.1111
5.11111
-5.16667
0.555556
8.33333
8.5
0.555556
-1.61111
-5.88889
-8.22222
-2.16667
3.05556
-0.222222
-14.1111
-14.6111
3.05556
25.2222
29.3333
13.3333
-7.27778
-10.8889
1.16667
17.8333
19.1667
3.38889
-15.0556
-24.3889
-20
-18.6667
-17.7778
-11.2222
8.5
15.3333
8.5
-3.44444
-0.277778
6.83333
8.61111
0.722222
-1.66667
-5.5
-6.44444
-1.5
1.16667
-5.38889
-20.8333
-24.8889
-10.8889
13.7222
24.3333
12.2778
-9.83333
-12.5
2.05556
19.0556
17.1667
3.22222
-10.1667
-13.7778
-4.77778
0.111111
-2.88889
-8.05556
1.27778
9.66667
9.33333
0.333333
0.5
4.94444
6.94444
0.166667
-1.77778
-4.44444
-4.44444
-1.72222
-0.444444
-7.88889
-20.5556
-26.5
-15.9444
4.77778
16.2222
8.94444
-4.55556
-3.88889
5.66667
9.55556
4.72222
1.38889
3
3.94444
5.11111
3.44444
-1.55556
-6.05556
-1.94444
5.05556
6.61111
2.55556
1.77778
3.61111
4.55556
-0.666667
-1.5
-2.22222
-2.11111
-2.05556
-0.111111
-3.16667
-10.5
-19.8889
-17
-1.5
12.3889
11.5556
7.05556
0.944444
-0.888889
-14.2222
-12.7778
-2.27778
14.1111
16.3333
10.7222
5.22222
0.555556
-2.44444
-3.11111
0.777778
2.77778
3.05556
1.72222
1.44444
1.38889
-1.22222
-0.722222
0.277778
0.0555556
-2.11111
-1.55556
-0.944444
-1.16667
-7.94444
-9.38889
-3.55556
7.77778
13.6111
17.1111
3
-11.5
-33.1111
-21.2222
-2.27778
21
22.1111
12.6111
3.33333
-0.444444
0.611111
-1.66667
-2.72222
-2.33333
1
0.888889
-0.388889
-1.11111
-1.5
0.277778
3
2.38889
-1.77778
-3.5
1.72222
7.33333
2.55556
-7
-8.83333
3
17.7222
24.1667
7.44444
-13.1667
-33.5
-24.9444
-10.6111
10.3889
17.9444
15.4444
8.5
3.5
2.88889
-3
-7
-6.38889
-0.555556
0
-2
-3.16667
-1.5
0.555556
4.22222
3.83333
-1.66667
-6.33333
0.555556
11.7778
12.0556
-2.22222
-13.5556
-6.77778
11.8889
20.2222
11.2222
-5.66667
-16.3889
-20.4444
-18.9444
-8.27778
6
12.2778
12.8889
11.5556
11.3889
-0.944444
-9.38889
-9.11111
-0.111111
0.555556
-2.94444
-4.77778
-1.44444
0.277778
4.33333
5.05556
-1.5
-8
-1.77778
14.7778
19.8889
1.66667
-21.3333
-25
-8.55556
2.77778
5.05556
-0.555556
1.55556
-8.61111
-16.8333
-20.6111
-6.33333
10.0556
26.7778
32
24
-0.777778
-11.8889
-7.5
3.77778
1.44444
-5.16667
-7.22222
-0.444444
0.333333
3.66667
6.44444
1.16667
-7
-6.88889
10.6111
23.5
11.2222
-20.2222
-40.4444
-36.4444
-23.3333
-11.3889
-2.94444
10.4444
6.72222
-3.22222
-16
-7.11111
15
41.1111
46.5556
26.7778
-4.38889
-12.6667
-2.55556
7.11111
0.722222
-8.16667
-9.27778
1.38889
1.5
3.88889
8.72222
6.66667
-2.66667
-11.3333
0.444444
19.6111
19.9444
-9.88889
-42.4444
-52.4444
-41.8333
-27.9444
-13.5556
6.61111
19.3889
20.3333
8.5
8.61111
23.6667
41.1667
36.7222
9.94444
-12.5556
-10.3889
4.27778
7.61111
-2.05556
-10.8333
-10.1111
3.05556
2.94444
4.5
10.3889
13.2222
5.5
-9.61111
-10.7778
6.94444
22.3333
12.1111
-14.6667
-34.1667
-34.9444
-28.1111
-15.7778
1.66667
18.6111
25.8333
21.4444
18.3889
19.2778
15.7778
1.33333
-15.2222
-15.4444
-3.16667
7.38889
2.94444
-5.72222
-10.3889
-7.94444
3.27778
3.27778
4.5
9.83333
15.6667
12.7778
-0.833333
-12.3889
-6.77778
10.6667
21.6667
16.9444
4.27778
-5.66667
-11.5
-10.6111
-1.5
12.0556
20.7222
18.5
8.94444
-4.72222
-19
-27.5
-23.8333
-8.33333
3.77778
5.27778
-3.16667
-8.22222
-8.16667
-4.94444
2.27778
2.38889
3.22222
7.16667
13.8889
16.9444
10.5
-3.72222
-12.1667
-5.11111
13.3889
28.7222
31.2222
23.2778
12.7222
5.83333
3.11111
3.05556
1.5
-3.77778
-14
-25.4444
-32.3333
-27.3333
-13.1667
1.44444
4.05556
-2.5
-9.66667
-9.38889
-5
-1.55556
1.11111
1.05556
1.5
3.83333
9.27778
15.6667
17.5
9.61111
-4.22222
-11.5
-4.88889
10.6667
22.7778
25.5
21.3333
14.8889
6.94444
-0.555556
-8.77778
-16.0556
-22.2778
-22.5
-16.3333
-5.11111
2.33333
3.38889
-3.44444
-10.5
-12.3889
-8.38889
-2.72222
0.111111
0.555556
0.333333
0.5
1.33333
5
11.4444
17.6667
17.8889
9.44444
-1.88889
-8.72222
-6.5
0.333333
6.88889
9.94444
9.94444
5.88889
0.111111
-6.33333
-10.2222
-10.2778
-4.88889
2.27778
6.88889
3.55556
-3.88889
-11.8889
-14.5
-11.5556
-6
-1.22222
0.888889
0.388889
0.277778
0.222222
0.166667
2
6.27778
12.7222
18.0556
18.7778
13.2222
2.66667
-7.11111
-11.7222
-10.2778
-6.55556
-2.61111
0.277778
2.55556
3.38889
3.83333
5
5.77778
4.61111
-0.277778
-6.5
-12.2222
-13.9444
-11.8333
-7.05556
-3.11111
-0.666667
0.444444
0.388889
0.5
0.5
0.111111
0.888889
2.94444
7.16667
12
16.8333
18.6667
15.7222
8.05556
-0.777778
-8.05556
-12.1111
-11.3333
-4.5
4.83333
11.5
11.9444
7.22222
-1.72222
-10.2778
-16.0556
-15.7778
-13.6667
-9.72222
-6.38889
-3.22222
-1.66667
-0.833333
0.0555556
-0.0555556
0.444444
0.611111
0.777778
1.05556
1.5
2.88889
5.11111
9.05556
12.8889
15.0556
13.2222
9.05556
2.44444
-3.88889
-7.33333
-3.77778
3.5
7.72222
5.77778
-1.05556
-9.33333
-15.5556
-17.5556
-13.6667
-8.77778
-4
-2
-1
-1.16667
-0.888889
-0.222222
-0.5
-0.111111
0.555556
1.22222
1.55556
1.27778
0.944444
0.888889
2.27778
4.72222
8.16667
10.3333
10.7222
7
2.05556
-1.88889
-0.722222
2.22222
2.83333
-0.444444
-5.88889
-10.2778
-12.3333
-11
-7.22222
-3.5
-1
-0.388889
-0.333333
-0.722222
-0.5
-0.111111
0.88
0.44
-1
-3.38
-6.4
-9.2
-11.32
-12.3
-12.18
-10.72
-7.44
-4.42
-1.4
1.92
5.02
5.36
6.3
7.02
6.5
6.4
7.48
7.36
6.74
7.44
6.76
5.8
5.42
5.18
0.1
-1.16
-3.44
-6.62
-10.18
-12.86
-14.16
-14.1
-12.82
-10.14
-7
-4.58
-2.3
0.38
2.64
4.28
6.64
8.74
9.18
9.58
10.04
9.58
8.8
9.58
9.42
8.6
7.72
6.74
-1.04
-3.34
-6.58
-10.36
-14.08
-16.5
-16.92
-15.84
-13.94
-10.96
-8.62
-6.48
-4.62
-2.46
-0.86
2.68
6.12
9.8
12.42
14.78
15.28
14.98
13.8
13.54
12.74
11.56
9.86
7.98
-2.82
-5.96
-9.62
-13.1
-16.18
-17.42
-16.42
-14.86
-13.66
-11.74
-11
-10.38
-9.16
-6.76
-4.46
0.82
6.26
11.8
16.1
19.4
19.76
19.06
17.12
15.66
14.4
13.28
11.18
8.96
-5.12
-8.84
-12.28
-15.12
-16.86
-16.1
-14.38
-13.96
-14.18
-14.08
-15.42
-15.78
-13.76
-10.4
-6.34
1.18
8.48
15.04
20.72
23.58
22.58
21.08
18.68
15.66
14.4
14.02
12.22
9.88
-7.3
-10.98
-13.8
-15.5
-15.12
-12.78
-11.76
-13.48
-15.34
-17.06
-18.94
-18.5
-14.76
-10.76
-6.04
1.06
8.4
14.88
21.44
24.6
23.54
21.76
19.64
15.74
13.64
13.54
12.42
10.08
-9.06
-12.14
-13.96
-13.84
-10.9
-7.92
-8.42
-11.98
-15.24
-18
-18.54
-15.5
-9.58
-5.3
-1.66
1.96
5.78
9.04
13.74
17.22
18.1
17.94
17.88
15.88
13.24
12.32
11.8
9.98
-10.52
-12.56
-13.18
-11.26
-6.22
-2.92
-4.26
-7.88
-10.06
-11.16
-9.06
-3.76
2.84
5.62
5.54
2.9
0.28
-2.52
-3.4
-1.42
2.3
5.8
10.04
13.78
13.22
11.62
11.56
10.62
-11.16
-12.14
-12.28
-10.3
-4.34
-1.18
-2.16
-3.08
-0.28
1.8
5.82
10.96
15.52
14.78
11.62
4.32
-3.16
-11.66
-19.4
-21.56
-17.12
-10.98
-2
8.9
12.22
11.16
12
11.8
-10.24
-11.06
-12.12
-10.04
-3.9
-2.14
-1.04
2.76
9.02
12.52
18.28
22.46
24.44
21.9
16.96
5.1
-6.14
-18.88
-33.14
-37.62
-31.22
-24.08
-12.54
5.02
11.08
9.98
11.9
13.04
-8.64
-9.64
-11.6
-10.12
-5.5
-5.22
-1.94
5.56
13.7
18.44
24.1
25.86
25.54
23.74
18.38
5.46
-6.1
-19.78
-38.62
-44.32
-36.08
-28.8
-18.12
2.94
11.28
9.5
11.28
14.1
-7.28
-8.62
-11.72
-12.04
-10.66
-11.78
-6.6
3.92
14.5
22.16
26.94
24.7
21.3
19.78
14.34
3.96
-3.66
-14.12
-33.34
-39.78
-32.16
-26.14
-18.26
1.86
11.28
9.54
10.5
13.92
-5.76
-7.48
-11.54
-14.02
-15.94
-18.26
-12.34
-1.12
10.58
20.84
24.74
19.12
13.84
12.62
7.24
1.26
0.56
-3.42
-18.5
-24
-19.12
-17.3
-14.74
0.18
8.46
7.44
8.4
12.04
-4.06
-5.86
-10.08
-13.16
-16.88
-19.74
-14.82
-5.74
3.7
14.98
18.24
12.32
7.62
6.78
-0.14
-2.02
2.44
4.18
-3.96
-5.72
-3.9
-6.4
-8.76
-0.86
4.46
4.06
5.38
8.72
-3.04
-3.62
-6.18
-9.84
-14.38
-16.46
-14.36
-9.12
-0.44
12.74
14.94
8.94
3.16
-0.98
-11.74
-10.18
-1.8
5.56
6.68
9.52
8.62
4.4
-0.16
-0.08
1.7
1.72
2.6
4.14
-2.52
-2.32
-3.42
-6.76
-10.58
-11.34
-11.08
-8.76
-1.56
10.94
12.56
7.88
1.3
-6.86
-19.4
-16.3
-8.3
1.38
11.72
18.84
15.96
12.56
9.24
2.12
-0.84
-0.28
0.26
-1
-1.5
-0.96
-0.06
-2.16
-4.68
-3.98
-5.82
-8.82
-6.62
1.06
2.12
1.12
-2.42
-10.46
-20.44
-17.52
-11.92
-1.38
16.08
26.72
24.4
22.02
18.16
4.52
-2.86
-2.66
-2.74
-5.66
0.4
0.68
2.84
2.46
1.46
3.28
0.4
-6.48
-10.86
-11.16
-11.84
-9.92
-10.36
-15.36
-18.8
-15.22
-11.74
-1.44
19.96
31.94
30.48
29.04
24.94
7.04
-3.34
-3.72
-4.72
-9
2.84
2.52
5.08
5.44
5.06
7.38
4.52
-3.86
-13.28
-21.7
-25.16
-22.52
-21.16
-21.32
-15.8
-10.34
-7.36
2.34
23.82
34.4
33.92
33.64
29.48
9.62
-2
-3
-5.66
-11.04
5.82
4.74
6.68
7.32
6.52
8.42
6.36
-1.74
-14.82
-29.32
-35.18
-32.26
-28.44
-22.38
-8.46
-0.72
1.82
9.26
26.16
32.68
32.18
32.26
27.34
8.86
-1.32
-2.52
-6.66
-11.84
9.5
8.44
9.74
10.1
7.86
8
6.04
-0.98
-14.32
-30.16
-36.92
-34.26
-28.96
-19.2
-1.32
8.6
12.14
17.36
26.88
27.54
25.08
23.36
16.82
3.06
-2.82
-3.64
-8.36
-12
12.96
12.78
13.22
12.98
9.9
7.72
6.46
3.78
-5.58
-18.44
-24.04
-23.26
-20.86
-12.46
3.14
11.94
15.14
17.06
18.74
14.74
10.28
7.08
2.12
-4.6
-6.5
-6.52
-10.02
-12.08
14.12
15.74
16.6
16.14
13.02
9.58
7.7
7.42
2.94
-5.02
-8.96
-9.2
-9.12
-4.14
6.14
12.12
13.28
11.36
7.26
0.6
-4.48
-7.04
-9.18
-10.52
-9.7
-9.2
-11.7
-12.46
13.3
16.76
18.92
19.5
17.2
13.44
11
11.28
10.24
7.86
6.44
6
4.74
5.66
8.5
9.78
7.34
2.12
-5.5
-12.8
-17.14
-18.16
-18.32
-15.98
-13.46
-12.94
-14.1
-12.98
11.24
15.74
19.2
21.38
20.82
17.32
14.34
13.8
13.68
14.08
14.56
14.46
12.82
10.9
8.6
6.44
1.88
-4.48
-12.24
-18.18
-21.54
-22.22
-21.94
-18.98
-17.04
-16.82
-16.26
-13.44
8.3
13
17.38
21.12
23.14
21.42
18.74
17.08
15.62
14.76
14.56
13.76
11.88
9.54
6.38
3.16
-1.22
-6.82
-12.78
-17
-19.8
-21.2
-21.22
-19.86
-19.54
-19.04
-16.64
-12.88
5
9.16
13.9
18.72
22.9
24.12
22.7
20.12
16.96
13.24
9.86
7.56
6.06
4.46
3.34
2.62
-0.04
-4.64
-9.08
-13.52
-17.72
-20.1
-20.48
-20.52
-19.9
-18.06
-14.68
-10.84
2.92
5.92
9.94
14.66
19.36
22.36
23.3
22.12
19.4
15
9.68
5.5
3.02
1.16
1.22
2.68
1.36
-2.64
-7.04
-12.64
-18.4
-21.36
-21.56
-20.94
-18.86
-15.74
-11.86
-8.2