0.625
0.875
1
0.625
0.25
-0.125
-0.25
-0.25
-0.375
-0.75
-0.875
-0.875
-0.625
-0.25
0.125
0.375
0.125
-0.75
-1.25
-1.75
-1.75
-1.375
-1.125
-1
-0.5
0.125
0
-0.125
-0.5
-0.875
-0.875
-0.5
0
0.25
-1
-0.875
-0.5
-0.375
-0.125
-0.375
-0.875
-1.25
-1.625
-1.875
-1.75
-1.625
-1.25
-0.875
-0.75
-0.5
-0.25
-0.375
-0.75
-1.375
-1.875
-2
-1.625
-1
-0.5
-0.25
-0.375
-0.75
-1.125
-1.125
-1.125
-1
-0.625
-0.125
-2.375
-2.375
-2.125
-1.625
-1.375
-1.375
-1.5
-1.625
-1.375
-1.125
-0.875
-0.625
-0.25
-0.25
-0.75
-1
-0.875
-0.25
0.125
-0.125
-0.75
-1.375
-1.375
-0.875
-0.625
-0.875
-1
-1.125
-0.75
0
0.25
-0.125
-0.875
-1.25
0
0.375
0.25
-0.125
-1
-1.5
-1.375
-0.875
-0.125
0.5
0.25
-0.125
-0.75
-1.25
-1.75
-2.25
-3
-4.375
-6.625
-8.375
-8.875
-8
-5.5
-3.125
-1.75
-1.25
-1.25
-1.375
-0.875
-0.125
0.75
0.75
0
-0.75
0.75
1.5
1.625
1.125
0.375
-0.5
-0.875
-0.625
-0.5
-0.25
-0.5
-1.125
-2.25
-3.5
-5.5
-8.375
-12.375
-18.5
-25.75
-30.5
-31.75
-28.5
-22.375
-16.25
-11.25
-7.625
-4.75
-3.375
-2.375
-1.75
-0.625
0.125
0.375
0.375
-1
-0.375
0.5
1.125
1.5
1
0.25
-0.625
-1.625
-2.5
-3.125
-4
-5.75
-9.375
-15
-22.75
-31.75
-40.625
-48.25
-53.75
-56.125
-54.25
-50
-42.625
-33.125
-23.5
-14.5
-8.25
-4.75
-3.125
-2
-0.75
0.5
1.125
-2.25
-2
-1.25
-0.25
0.375
0.75
0.625
-0.375
-1.625
-3.25
-4.75
-8.5
-15.375
-25.375
-36.875
-47.625
-55.75
-59.25
-59.375
-59.125
-59.375
-61.125
-63.5
-62.875
-57.125
-46.75
-34
-21.625
-12.5
-6.75
-4.25
-2.125
-0.625
0
-1.125
-1.375
-1.875
-2.125
-2
-1.125
-0.625
-0.75
-1.5
-3.25
-7.75
-17.375
-31.125
-45.5
-56.875
-61.75
-59.875
-53.75
-45.875
-39
-36
-38.75
-44.75
-52.5
-58.375
-58.75
-52.875
-42
-29.25
-17.625
-10
-5.375
-3.125
-2.25
1.5
1
-0.125
-1.25
-1.625
-1.375
-1.375
-1.625
-3.125
-7.625
-18.5
-31.75
-44.125
-51.375
-50
-43
-33
-23.5
-15
-9
-6.625
-8
-12.75
-20.375
-31.125
-42.125
-50
-50.625
-43.875
-32.25
-19.125
-10.625
-5.5
-3.25
1.125
0.5
-0.125
-0.5
-0.75
-0.75
-1.125
-2.5
-6.875
-17.625
-31.75
-42.125
-45.5
-39.75
-27
-14.375
-4.375
3.375
8.75
11.5
12.5
12.25
9.5
4.75
-3.25
-15.125
-29.625
-40.125
-43.75
-39.5
-27.875
-16.875
-8.75
-4.375
-1
-1.5
-1.625
-1.375
-1.125
-1
-1.375
-4.875
-13.375
-27.5
-38
-41.125
-35.25
-21.375
-7.625
2.875
9.625
14
15.75
16.5
17
17.25
17
15
10.875
3.375
-8.375
-22.375
-33.375
-37.625
-33.125
-22.375
-12.125
-5
-1.875
-2.125
-2.125
-1.875
-1.375
-1.375
-3.125
-9.875
-21.125
-31.375
-34.75
-30.125
-18.375
-5.25
3.375
8.5
10.625
10.25
9.125
8.375
8
8.25
9.625
11.25
11.875
10.125
5.125
-6
-19.375
-29.75
-33
-26.375
-16
-6.125
-1.5
-1.375
-1
-0.75
-0.75
-1.375
-5.75
-14.25
-24
-27.875
-25.25
-16.5
-5.5
0.75
2.75
2
-0.5
-4.125
-6
-6.625
-6.75
-6.625
-6.625
-4.25
0
4.625
7.5
4.625
-5
-17.25
-26.5
-26.625
-20.125
-10.625
-1.125
-0.125
0.75
1.125
0.625
-1.125
-7.125
-14.875
-20.875
-21.625
-16
-7.875
-2
-1.5
-3
-5.75
-8.875
-11.875
-14.625
-15.75
-15.5
-14.875
-15.375
-14.25
-10.125
-3.125
4
7
3.625
-6
-17.5
-22
-20.875
-14.625
-1.375
-0.625
-0.125
0.25
-0.125
-1.75
-7.625
-14
-17.375
-16.875
-10
-3
0.125
-1.625
-3.125
-4.375
-5
-4.625
-7.625
-10.375
-11.5
-11
-9.875
-9.375
-7.5
-3.875
1.25
5.125
5.375
-0.125
-10
-16.5
-18.375
-15
-0.75
-1.25
-1.75
-2
-2.25
-3
-7.75
-12.25
-13.75
-12.375
-5.625
1.375
4.75
3.25
2.625
1.75
1.375
2.875
1.625
-1.125
-3
-2.875
-2.125
-1.875
-1.5
-1.25
0.375
3.25
4.125
1.625
-5.25
-13.5
-16.25
-14.875
-0.375
-1.25
-2.125
-2.875
-3
-3.375
-5.875
-7.75
-7.75
-6
-0.875
4.625
7.375
6.875
6
4.25
3
4.125
5.625
4.875
3.75
2.875
1
0.5
0.375
0.125
0.625
2
2.5
1.125
-3.125
-9.625
-12
-11.625
-1.125
-1.5
-1.625
-2
-2
-2.25
-2.625
-2.625
-2.375
-0.875
1.75
3.875
4.75
4.5
2.875
1.375
0.875
2.25
4.25
5.125
4.875
3
1.25
0.625
0.375
0.625
0.875
0.875
1
0.125
-1.75
-3.75
-4.625
-4.375
-1.125
-0.875
-0.375
-0.25
-0.25
-0.375
0
0.5
0.375
0.375
0.375
0.25
0.375
0.5
-0.625
-2.125
-3
-2.75
-2.125
-0.375
0.75
0.375
0.5
0.25
0.125
0.5
0.375
0
-0.25
-0.625
-0.625
-0.125
0.25
0.5
-0.375
-0.125
-0.125
0
0.125
0.5
1.875
2.875
2.625
1.5
-0.625
-1.75
-1.625
-0.75
-1.25
-3.125
-4.75
-5.375
-3.625
-1.125
0.75
1.25
0.125
-0.375
-0.25
-0.125
-0.125
-0.875
-1.75
-1.625
0
2.375
3.5
3.375
0.25
0.25
-0.25
-0.25
0.125
1
3.625
5.625
5.875
4.5
0.75
-2.25
-2.5
-0.375
-0.25
-0.625
-1.875
-3.75
-2.375
-0.75
0.125
-0.125
-1.125
-0.875
-0.125
0.25
0
-2
-3.5
-2.625
0.375
3.25
4.25
3.375
0.25
0.375
0.25
0.25
0.375
1.625
4.625
7.5
9.125
7.75
2.875
-2.125
-3.875
-1.75
-0.375
1.5
1.625
-0.75
-1.625
-1.125
-0.875
-0.875
1
2.625
3
2.375
0.125
-3.375
-4.875
-3.125
0.5
1.125
-1.75
-7.5
0.5
0.75
1
0.875
0.25
1.375
5.625
11
15.125
14.125
7.75
0
-5.125
-4.5
-1.5
2.375
5.5
6
5.625
6
6.375
7.125
9
9.5
7.375
3.375
-1.5
-5.25
-5.625
-3.5
-2
-6
-16.625
-30.625
0.75
0.875
1
0.875
0.625
1.125
7.25
16.125
23.5
24.125
16.75
6
-3
-4.5
-1.5
3.25
8.25
11.125
11.875
11.625
11.25
11.75
11.625
9.5
5.5
-0.125
-5.25
-6.625
-4.875
-3.125
-5.375
-14.5
-29.25
-44.625
-1.125
-1.125
-0.875
-0.5
0.5
1
6
14.625
23.875
29
25.375
16
5
-2.125
-4.125
-2.5
0.625
3.5
5.375
5.5
5
4.625
3.375
0.5
-3.125
-6.875
-9.25
-7.375
-3.5
-1.125
-3.25
-11.625
-22.375
-31.75
-2
-1.625
-1.25
-0.75
-0.125
0
2.25
8
16.875
27.125
30.875
26.625
16.25
3.375
-6.125
-10.625
-11.375
-10.5
-8.625
-7.25
-6.875
-7.75
-8.875
-10.625
-12.125
-12.125
-10.25
-6
-1.625
1
0.375
-3.625
-7.875
-11
0.125
0.25
0.125
-0.125
-0.625
-1.25
-0.375
3.5
11
22.75
32.25
34.375
28.25
15.75
2.625
-7.375
-12.875
-15.375
-16.5
-16.25
-15.875
-16.125
-15.625
-14.75
-13
-9.75
-5.5
-1.625
0.75
1.375
0.25
-1
-1.75
-1.875
1.25
0.375
-0.25
-1
-1.375
-1.625
-1.25
1.125
6.625
16.25
27.625
36.875
40
34.75
24.625
12.125
0.875
-6.125
-10.875
-13.375
-13.75
-12.75
-10.5
-7.5
-4.375
-1.625
0.25
0.625
0.25
-0.5
-1.25
-0.75
-0.625
-0.75
0.125
-0.5
-1.125
-1.625
-1.625
-1.125
-0.5
0.5
3.25
9.375
18.875
31.375
42.875
47.875
44
33.125
18.875
6.875
0.5
-2.875
-3.5
-2.5
-0.875
0.875
2.125
2.125
0.75
-1
-2.125
-2.5
-2.25
-1.25
-1.125
-1.375
-0.875
-0.75
-1.125
-1.375
-1.5
-0.75
0.125
0.625
1.5
4.125
9.75
18.75
30
40.125
41.125
35.125
24.375
12
6.375
3.875
3.375
3.5
3
2.875
2.125
0.875
-0.75
-1.875
-2.125
-1.875
-1.25
-1.125
-1.25
-1.25
-0.75
-0.5
-0.625
-0.875
-1
-0.5
0.125
0.75
1.25
1.75
3.375
6.25
10.625
15.375
17.25
15.75
12.125
7.75
4.75
3.75
3.375
2.75
2.25
1.75
1.125
0.625
0.25
-0.125
-0.125
0.125
0.25
0
0.125
0.25
-1.375
-1.125
-0.75
-0.625
-0.375
-0.125
0
0.375
0.625
0
-1.375
-4.375
-9.5
-16.25
-17.125
-15.25
-10.5
-2.875
-1.625
-0.75
-0.625
-1.125
0.25
0.375
1.125
2.125
2.75
3
2.625
2
0.875
0.375
0.625
0.875
-2.25
-2.125
-1.375
-0.875
-0.625
-0.625
-1.25
-1.75
-2.5
-4.75
-9.375
-18.375
-30.5
-41.375
-42.625
-35.625
-23.375
-10.5
-4.625
-2.125
-1.375
-1.125
-0.5
-0.25
0.375
1.375
2.375
3.625
3.75
3.125
2
0.5
0
-0.25
-1.5
-1.5
-1.125
-0.875
-1.25
-2.125
-3
-4.25
-6.75
-11.375
-20.625
-32.375
-42
-45
-40.375
-28.625
-15.25
-5.75
1.625
4.875
5.75
6
4.25
2.875
1.5
0.25
0.125
1
1.75
2.25
2.375
1
-0.125
-1
-0.375
-0.875
-1.5
-0.375
1.5
1.625
0
-0.75
0.125
0.5
0.125
-0.125
-0.375
-0.25
0.375
0.375
-0.875
-1.75
-1.5
-0.75
0.25
0.625
0.625
-0.25
-1.5
-0.625
0.5
1.125
1.25
-0.375
-1.125
0.25
1.25
0
-1
-0.875
-0.5
0.125
0.875
1.125
0.375
-0.5
-0.375
0.125
0.75
0.875
0
-0.375
0
0
-1
-1.875
-1.5
-0.625
-0.125
0.25
0.875
0
-1.5
-0.5
0.625
1
1.125
-0.125
-0.875
0
0.875
0.125
-0.875
-0.875
-0.375
0.125
0.375
0.625
0.5
-0.125
-0.375
-0.125
0.625
0.875
0
-0.25
0.25
0.25
-0.875
-2
-1.875
-1.375
-0.75
0.375
1.625
0.875
-1.125
-0.625
0.25
0.625
1.25
0.5
-0.5
-0.375
0.375
0.25
-0.5
-0.625
-0.25
-0.125
-0.25
0
0.375
0.375
0.125
0
0.5
0.625
-0.25
-0.5
-0.25
-0.5
-1.5
-3.375
-5.125
-4.125
0.125
3.5
4.25
2.625
0
-0.5
-0.25
0.375
1.625
1.375
0.25
-0.5
-0.5
0
-0.25
-0.25
0.125
-0.125
-0.625
-0.5
0.125
0.625
0.5
0
0.25
0.375
-0.75
-1.75
-2.75
-3.875
-4.875
-7.25
-10.25
-8
0.75
7.75
8.875
6.25
3.5
2.625
1.75
1.375
2.375
2.5
1.125
-0.625
-1.375
-0.375
0.75
0.875
0.25
-0.625
-1
-1
-0.5
0.375
0.375
-0.5
-0.875
-1
-2.5
-5.375
-8.25
-10
-11.5
-13.875
-15.25
-10.75
0.125
10
13.75
12.625
11.125
10.5
7.75
4.5
3.75
3.625
2.5
0.5
-1
-0.625
1.25
1.5
0.5
-0.5
-0.625
-0.75
-0.875
-0.375
-0.375
-1.5
-2
-4.25
-10.875
-16.375
-17.375
-16.375
-16
-16.5
-16.125
-10.625
0.625
10.375
14.25
14.125
15.625
19.5
19.25
13.875
8.75
6.5
4.75
1.875
-0.375
-0.5
1.375
1.125
0.375
-0.125
-0.25
-0.625
-1.125
-1.25
-1.75
-3.25
-6.5
-13.875
-22.875
-26
-22.875
-19
-16.625
-14.75
-12.625
-8.25
-0.5
7.25
11.75
13.25
16.375
22.75
26.625
24.25
18.25
13.375
10
5.375
0.875
-0.5
1.25
0.5
-0.125
0
0.125
-0.375
-1.125
-2.125
-4.125
-8.625
-16.75
-26.5
-32.375
-30.625
-23.25
-16
-12
-9
-5.75
-3.5
-1.375
2.25
6
8.125
11.875
19.875
27.25
30.125
28.375
23.5
18.125
11.125
3.5
-0.25
0.625
-0.5
-0.875
-0.25
0.25
0.25
-0.625
-3.5
-8.875
-18.625
-30.5
-37.125
-36
-28.5
-17
-7.375
-2.875
-0.625
0.75
0.5
-0.25
-0.5
-0.25
-0.25
2
10.125
20.125
28.625
34.25
34
29.125
19.625
7.75
0.875
0
-1.25
-1.125
-0.375
0.125
0.25
-1.125
-6.875
-17.875
-32.5
-43
-40.375
-29
-16.625
-4.875
2.625
3.875
3
2.5
1.5
0
-1
-1.5
-3.25
-5.125
-2.125
6.125
17.875
30.625
38.875
40.875
32.625
15.375
3
-0.875
-1.375
-0.875
-0.125
0.375
0.375
-2.875
-13.875
-30.375
-44.875
-47.5
-34.125
-16.375
-4.25
3.625
7.5
6.375
4
3.125
2.125
0
-1.5
-1.875
-3.75
-6.875
-7.375
-4.125
5
19.875
34.5
45.75
45.125
27.25
8.125
-1
-0.625
-0.25
-0.25
0
-0.125
-6.25
-23.25
-43
-52.375
-43.75
-22.75
-5.75
2.75
7.75
8.75
5.25
1.875
1.75
2.625
1.25
-1.375
-2.625
-2.75
-3.5
-5.375
-7.25
-4.625
6.5
24.25
43.75
53.125
39.875
15.875
-0.625
0.125
0.5
-0.125
-0.375
-1.375
-11.625
-34.375
-53.375
-52.625
-33.25
-11.375
-0.25
4.25
8.25
8.5
3.125
-1.375
-0.875
1.75
2
-0.375
-2.125
-1.25
0.875
0.125
-4.5
-8.5
-4.625
11.25
35.5
55.75
51.125
25.125
-0.375
0.625
0.875
0
-0.875
-3
-17.875
-45.5
-59.375
-46.625
-21.25
-3.25
1.625
1.875
5.375
8.125
2.5
-3.875
-3.625
0.125
2
0.5
-1.625
-0.625
4.5
6.875
1
-7.875
-10.125
0.375
23.5
51.25
58.125
35.25
-0.25
0.75
1
-0.25
-1.5
-4.5
-23.75
-54.25
-61
-39.625
-12.625
3.125
3.5
-2
1.375
9
2.875
-6.875
-6.125
-0.625
1.75
1.125
-0.875
-1.125
5.5
11.75
6.875
-5.5
-12.625
-6.375
13
42.25
59.25
44.625
-0.375
0.25
0.375
-0.375
-1.25
-5.125
-27.875
-60
-61
-33.25
-5.375
7.875
4.125
-5.625
-1.75
10.25
4.75
-6.375
-5.875
-2.375
-1.5
0.375
0.75
-1.25
3.875
12.625
10.625
-2.75
-13.75
-10.875
6.125
35.375
58.25
50.625
-0.625
0
-0.125
-0.75
-1.25
-5.25
-30.125
-63.125
-60.375
-29.125
-1
11.125
5.25
-7.5
-4.375
9.875
5.375
-5.75
-5
-2.875
-3.375
-0.5
1.5
-0.875
2.875
12.125
11.875
-1.125
-13.75
-13.125
2
30
56.375
54.875
-0.625
0.125
-0.375
-1.25
-1.25
-4.875
-30.5
-63.75
-59.875
-27.875
0.375
13
6.625
-8.25
-6.625
7.625
4.25
-4.5
-1.875
-1.125
-4.5
-2.125
0.75
-1.25
2.875
12.5
12.125
-1.25
-14
-13.875
0.375
28.125
56
56.5
-0.375
0.375
-0.625
-1.5
-0.875
-4.25
-29.375
-62.125
-60.125
-29.75
-0.375
13.25
6.625
-8
-7.25
4.875
2.75
-2.125
2.125
0.625
-5.5
-3.75
-0.625
-1.625
3.75
13.125
11.625
-2.625
-15
-13.125
2.25
30.125
56.75
55.125
-0.25
0.5
-0.5
-1.5
-0.625
-3.5
-27.375
-59.625
-60.375
-33.25
-4.25
11.5
8
-4.625
-6.75
1.125
0.375
-1.75
2.375
1.5
-3.375
-3.375
-1.875
-0.875
6.125
13.5
9.25
-5
-15.25
-11.375
5.125
32
56
53.375
0.25
0.375
-1
-1.5
-0.125
-2.375
-24.125
-55.75
-60.125
-37.25
-9.875
7.625
8.375
-1
-5.125
-1.25
-0.875
-0.5
3.625
2.875
-1.875
-3.375
-3
-0.125
7.75
11.625
4.875
-7.625
-14.875
-8.625
9.25
33.875
51
43.75
0.5
0.25
-1.25
-1.625
-0.25
-1.625
-18.875
-47.25
-57.125
-43.625
-20
1
7.625
3.25
-0.5
-0.125
-0.5
0
2.875
2.75
-0.625
-2.875
-3.25
0.25
6.875
7.375
-0.25
-9.75
-13.375
-5.5
10.75
29.5
39.625
31.375
0.25
0.125
-0.75
-1.375
-0.625
-0.875
-12.75
-36.375
-50.75
-48.375
-32.25
-9.25
4.25
5.75
4
3
1.75
0.875
1.375
1.625
0.5
-1.75
-3.125
-0.5
3.75
2.125
-4.75
-10.375
-9.875
-2.125
9.125
20.25
25
18.625
-0.125
0.125
0.125
-0.75
-1
-0.5
-7.25
-25.125
-41.375
-48.25
-41.625
-21.5
-4
3.125
5.625
6.5
5.125
3
2.125
1.75
0.5
-1.625
-3.375
-2.75
-1.125
-3.125
-7.25
-8.375
-4.75
1.125
6
9.875
10.625
6.25
-0.25
0.375
0.75
-0.75
-1.375
-0.5
-3
-13.75
-29.625
-43.875
-46.125
-32.375
-16.25
-4.875
3.625
7.375
6.625
4.5
2.875
1.75
0.125
-2.25
-4.375
-5.125
-4.375
-4.375
-5.5
-4.25
-0.125
2.25
0.875
-0.125
1.125
1.5
-0.625
0
0.875
-0.375
-1.125
-0.5
-1.375
-6.75
-18
-33
-42.25
-38.125
-27.75
-17
-5.375
3.125
5.375
4.375
3
1.5
-0.125
-2.125
-4.125
-5
-4.25
-3.25
-2.75
-0.625
2.75
2.625
-1.75
-4.5
-2.75
-0.375
-0.5
-0.125
0.25
-0.75
-0.875
-0.375
-1
-3.125
-9.125
-20.25
-31.625
-35.875
-33
-26.75
-17.375
-7.375
-1.375
1.125
1.875
1.125
0
-1.5
-3
-3.5
-2.875
-1.625
-0.5
1.375
3.5
2.5
-2.25
-5.25
-3.375
-0.75
-0.125
-0.25
-0.875
-1.625
-0.625
0.125
-0.5
-1
-3.75
-10.625
-19.625
-26.875
-30.375
-30.375
-27.25
-21.375
-13.375
-5.375
-0.25
0.625
-0.25
-0.75
-1.125
-1.625
-1.625
-0.375
0.75
1.5
2.625
2
-2.25
-5
-3.125
-0.875
-0.125
-1
-1.875
-1.875
-0.25
0.75
0.125
-0.125
-1
-4.625
-10.5
-16.25
-21.5
-27.125
-33.125
-34.625
-26.125
-13
-3.125
-0.125
-0.875
0
0.75
-0.375
-1.375
-0.875
-0.25
0.125
1.875
2.625
-1.25
-4.875
-3.75
-1.25
0.25
-1.25
-2.375
-2.125
0
1.5
1.125
0.5
-0.5
-2.25
-5.125
-8.75
-13.625
-22.875
-36.25
-43.25
-34.625
-17.75
-4.75
-0.75
-1.125
0
1.25
0
-2.125
-1.875
-1
-0.875
1.125
3.125
-0.5
-5
-3.875
-0.75
0.625
-1.375
-2.25
-1.625
0.125
1.625
1.75
0.875
-0.625
-2.5
-4.625
-8.125
-15.25
-25.75
-35.875
-40
-33.5
-18.375
-4.875
-0.75
-1.125
-0.125
1.5
0.625
-2.125
-2.125
-0.75
-0.5
0.875
2.25
-1.125
-5.375
-4.125
-0.375
0.75
-1.375
-1.875
-1.125
-0.125
1.125
1.75
1
-1.25
-4.75
-9.125
-15.375
-23.5
-30.125
-31.875
-29.875
-24.875
-14
-3.125
-0.125
-0.875
-0.625
0.75
0.5
-1.875
-1.875
-0.125
0.625
1.25
1.375
-2
-6
-4.5
-0.25
0.5
-1
-1.125
-0.875
-0.75
0.125
1.25
0.75
-3.25
-9.875
-17.875
-26.125
-31.5
-32.25
-25.625
-16.125
-12
-7
-0.625
0.625
-0.25
-0.75
0
-0.375
-2.5
-2
-0.125
1
1.75
1
-3.125
-7
-4.875
-0.25
-0.611111
-0.611111
-0.833333
-0.944444
-0.777778
-1.05556
-1.5
-1.66667
-1.44444
-1.33333
-1.27778
-1.11111
-0.833333
-0.611111
-0.555556
-0.666667
-0.833333
-1.27778
-1.61111
-1.88889
-1.83333
-1.66667
-1.38889
-1
-0.777778
-0.722222
-0.833333
-0.777778
-0.888889
-1
-0.888889
-0.5
-1.38889
-1.22222
-1.44444
-1.55556
-1.44444
-1.44444
-1.66667
-1.72222
-1.38889
-1.16667
-1.16667
-1.27778
-1.5
-1.66667
-2
-2.61111
-3.88889
-5
-5.5
-5.66667
-5.55556
-4.88889
-3.61111
-2.55556
-1.88889
-1.61111
-1.27778
-1
-0.722222
-0.722222
-0.777778
-0.555556
-0.333333
-0.222222
-0.444444
-0.833333
-1.11111
-1.22222
-1.22222
-1.11111
-1.11111
-1
-1.33333
-2
-3.33333
-4.88889
-6.77778
-9.61111
-13.5556
-16.8333
-18.5556
-18.9444
-18.3333
-16.0556
-12.2222
-8.72222
-6.16667
-4.5
-2.88889
-1.83333
-1
-0.722222
-0.5
-0.222222
-0.0555556
0.222222
0.388889
0.166667
-0.333333
-0.722222
-1
-1.33333
-1.83333
-2.27778
-3.38889
-5.55556
-8.88889
-13.1667
-18.6111
-25.5
-33.1111
-39.2778
-43.1667
-44.3333
-43.2778
-39
-32.1667
-24.7778
-18.1667
-13
-8.33333
-4.94444
-2.55556
-1.44444
-0.722222
-0.111111
-0.5
-0.0555556
0.5
0.555556
0.222222
-0.277778
-0.833333
-1.77778
-3
-5.22222
-9.11111
-14.8889
-22.0556
-30.5
-40.0556
-49.2778
-57.1111
-63.0556
-67.0556
-68.3889
-67.4444
-63.9444
-57.6111
-48.8333
-38.8889
-29.5556
-20.6667
-12.9444
-7.33333
-3.94444
-2.11111
-0.777778
-1.44444
-0.944444
-0.444444
-0.166667
-0.222222
-0.611111
-1.44444
-2.94444
-5.77778
-11.2222
-19.2222
-29
-39.5556
-50.6667
-60.7778
-67.7222
-71.0556
-72.8889
-74.2778
-74.8889
-74.7222
-74.1667
-72.5
-67.5
-59
-48.6667
-37.8333
-26.8333
-17.1667
-9.94444
-5.66667
-3
-1.44444
-1.33333
-1.38889
-1.27778
-1.22222
-1.38889
-2.38889
-5.05556
-10.8333
-20.2222
-31.9444
-44.1111
-55.3889
-64.5556
-69.3889
-68.8889
-64.3889
-59.3889
-55.7778
-54.3889
-55.2778
-59.0556
-64.1667
-67.4444
-66.7222
-61.5556
-53.3889
-42.5556
-30.7222
-20
-12.1667
-7.16667
-0.277778
-0.666667
-1.27778
-1.5
-1.72222
-2.38889
-4.72222
-10.2222
-20
-31.6111
-43.1111
-52.6111
-58.8333
-59.9444
-54.9444
-46.6667
-37
-28.6667
-23
-20.8889
-22.2222
-27.1111
-35.6111
-45.3333
-53.7778
-57.5556
-57.0556
-52.0556
-42.5556
-31.2222
-20.1667
-12.2778
-0.277778
-0.833333
-1.38889
-1.55556
-1.88889
-3.72222
-8.55556
-18
-29.5556
-40.1111
-47.9444
-51.8333
-50.0556
-41.6111
-29.6667
-17.8889
-7.66667
0.333333
5.27778
7.22222
6.27778
2.22222
-5.55556
-16.5556
-29.4444
-40.7222
-48.2222
-50.6111
-46.8333
-38.6667
-27.9444
-17.9444
-1.11111
-1.61111
-1.83333
-1.77778
-2.66667
-6.61111
-14.4444
-25.5
-35.5556
-42.4444
-44.8889
-41.8333
-32.8333
-19.5
-6.66667
3.11111
9.77778
13.9444
15.9444
16.6111
16.4444
15.1111
11.2222
4
-6.61111
-19.2778
-31.4444
-40.2222
-42.7778
-39.4444
-32.1111
-22.5
-1.77778
-1.94444
-1.77778
-1.77778
-3.83333
-10
-19.5
-29.0556
-35.1667
-38
-36.2778
-29
-17.5
-6
1.72222
6.16667
8.27778
8.88889
8.66667
8.38889
8.55556
9.44444
9.72222
8.05556
3.61111
-4.83333
-15.6667
-26.4444
-33.5556
-34.7778
-32.3333
-25.4444
-1.72222
-1.61111
-1.38889
-1.66667
-5.5
-13.1667
-22.1667
-27.7778
-30.1667
-30.1667
-25.8333
-17.3333
-7.66667
-1.88889
0.111111
-0.333333
-1.77778
-3.38889
-4.77778
-5.72222
-5.94444
-4
-0.833333
2
3.22222
1.16667
-4.61111
-13.7778
-23
-27.2778
-28.4444
-25.5
-1
-0.611111
-0.5
-1.33333
-6.44444
-14.0556
-20.8889
-23.6667
-23.6667
-22.1667
-17.0556
-10.4444
-4.11111
-2.27778
-3.88889
-7
-9.88889
-11.6111
-13.5
-14.8333
-15.5556
-14
-10.1111
-5.11111
-0.777778
1.27778
0.5
-4.77778
-13.6111
-19.8333
-23.2778
-23.2222
-1.22222
-0.944444
-1.16667
-2.22222
-7.55556
-13.8333
-18
-18.8333
-17.5
-15
-9.27778
-4.61111
-0.666667
-0.222222
-2.33333
-5.66667
-8.33333
-9.27778
-11.2222
-12.5
-13.2778
-13.0556
-10.6667
-6.33333
-1.77778
1.11111
2.11111
-0.222222
-7.11111
-14.0556
-18.4444
-20
-1.61111
-1.77778
-2.16667
-3.33333
-7.72222
-11.8889
-13.7222
-13.5
-11.5
-8.38889
-3
0.166667
2.72222
3.33333
1.88889
-0.277778
-1.5
-1.61111
-3.22222
-4.27778
-4.94444
-6
-6
-3.66667
-0.444444
1.38889
2
1.05556
-3.5
-9.88889
-14.0556
-15.9444
-1.94444
-2.5
-2.77778
-3.61111
-6.5
-8.77778
-9.11111
-8.11111
-6.11111
-3.05556
1.61111
4.11111
5.61111
5.83333
4.88889
3.66667
3.27778
3.33333
2.38889
1.88889
1.61111
0.333333
-1.05556
-0.5
1.05556
1.88889
1.72222
0.833333
-2.05556
-6.94444
-9.94444
-11.5
-1.83333
-2.33333
-2.22222
-2.61111
-3.77778
-4.44444
-4.16667
-3.16667
-1.72222
0.333333
2.61111
3.83333
4.05556
3.5
2.5
2.33333
2.83333
3.16667
3.27778
3.55556
3.55556
2.27778
0.777778
0.555556
0.944444
1.16667
1
0.388889
-1.11111
-3.55556
-4.88889
-5.61111
-1.16667
-1.33333
-1.05556
-0.944444
-0.722222
-0.444444
-0.277778
0
0.388889
1.05556
1.38889
1.55556
1
-0.0555556
-1.11111
-1.22222
-0.944444
-0.722222
0.111111
1.16667
1.72222
1.44444
0.833333
0.5
0.166667
-0.0555556
-0.111111
-0.388889
-0.777778
-1.16667
-1.11111
-0.888889
-0.611111
-0.444444
-0.166667
0.277778
1.66667
2.88889
3.22222
2.83333
2.11111
1.5
0.222222
-0.333333
-1.61111
-2.61111
-3.05556
-2.83333
-2.77778
-2.94444
-1.72222
-0.555556
-0.0555556
0.277778
0.555556
0.166667
-0.611111
-1.11111
-1.05556
-1.11111
-0.666667
0.333333
1.27778
2
-0.166667
0.111111
0.277778
1
3.11111
5.22222
6.11111
5.55556
4
2.22222
0.166667
-0.777778
-2.55556
-3.16667
-2.55556
-1.94444
-2.27778
-2.88889
-1.55556
-0.722222
-0.222222
1.16667
2
1.05556
-0.5
-1.44444
-1.83333
-2.27778
-1.38889
-0.277778
-0.277778
-1.27778
0.444444
0.722222
0.722222
1.55556
4.77778
8.5
10.7778
10.3889
8.55556
5.88889
2.22222
-0.111111
-2.5
-2.05556
0.166667
2.05556
2.16667
1.72222
2.77778
3
3.22222
4.55556
5.27778
3.27778
0.611111
-1.11111
-2.33333
-3.5
-3.38889
-4.22222
-7.33333
-12.3889
0.666667
0.777778
0.611111
1.55556
6
11.6111
15.7222
16.3333
14.9444
11.8889
6.33333
1.44444
-2.11111
-1.5
1.55556
4.77778
6.66667
7.5
8.55556
8.88889
9.11111
9.44444
8.38889
5
1.11111
-1.72222
-3.66667
-5.05556
-5.94444
-9.27778
-16.4444
-26.5556
0.555556
0.555556
0.333333
1.22222
6.72222
14.0556
20.5
23.0556
22.9444
20.5
13.6667
6
0.111111
-0.833333
1.44444
4.72222
7.66667
9.5
10.4444
10.7222
10.3889
8.94444
6.27778
2.33333
-1.66667
-4.27778
-5.5
-5.94444
-7.77778
-13.2222
-22.0556
-33.7778
-0.444444
-0.388889
-0.333333
0.388889
5.27778
12.6667
20.7778
26.6667
29.0556
28.2778
22.1667
13.3333
4.33333
-1.5
-3.27778
-2.27778
0.111111
2
3.27778
3.72222
3.11111
0.888889
-2.22222
-5.22222
-7.5
-8
-7.11111
-5.83333
-6.72222
-11.0556
-18.1111
-27.6111
-0.944444
-0.833333
-0.666667
-0.5
2.55556
8.66667
17.1667
25.9444
31.7778
34.2222
31.1667
23.4444
12.9444
2.38889
-4.88889
-8.61111
-9.66667
-9.44444
-8.88889
-8.77778
-9.16667
-10.3889
-11.5
-12.0556
-11.4444
-9.22222
-6.55556
-4.22222
-3.88889
-6
-9.77778
-14.9444
-0.611111
-0.722222
-0.666667
-1.05556
0
4.05556
11.4444
21.5
30.5
37.1111
39.0556
35.4444
26.7778
14.3333
2.5
-6.5
-12.3889
-15.5556
-16.7778
-17.0556
-16.6111
-16.1667
-15.1111
-13.2778
-10.5
-7.27778
-4.55556
-2.44444
-1.5
-1.77778
-3.33333
-5.27778
-0.444444
-0.888889
-1.05556
-1.55556
-1.38889
1.05556
6.55556
15.5
25.7222
35.8889
43.4444
45.8333
42.0556
32.4444
20.1111
7.77778
-2.66667
-10
-13.8333
-14.8333
-13.8333
-12.3333
-10.2778
-7.61111
-4.94444
-3.16667
-2.11111
-1.27778
-0.944444
-1
-1.66667
-1.88889
-0.666667
-1.11111
-1.27778
-1.44444
-1.38889
-0.111111
3.33333
9.83333
18.7778
29.5556
40.4444
48.5556
50
45.0556
35.6111
23.7778
11.7778
1.27778
-4.16667
-5.83333
-5.22222
-4.16667
-3.16667
-1.66667
-0.777778
-0.944444
-1.33333
-1.44444
-1.66667
-1.94444
-2.11111
-1.72222
-1.33333
-1.38889
-1.44444
-1.27778
-0.944444
-0.111111
1.66667
5.33333
11.2778
19.4444
29
37.6667
41.4444
40.2778
35.0556
26.9444
17.3889
8.22222
3.16667
1.38889
1.5
1.72222
1.72222
1.77778
1.38889
0.388889
-0.555556
-1.05556
-1.38889
-1.66667
-1.55556
-1
-1.61111
-1.27778
-1.27778
-1.05556
-0.611111
0
0.611111
1.83333
4.33333
7.33333
10.6667
13.7778
16.1667
16.4444
14.7222
12.1111
9
6.05556
3.66667
2.66667
2.66667
2.5
2.22222
1.88889
1.66667
1.33333
0.722222
0.388889
0.222222
-0.166667
-0.277778
-0.166667
-1.72222
-1.33333
-1.27778
-1.11111
-0.666667
-0.333333
-0.666667
-1.38889
-2.61111
-5.44444
-9.72222
-14.3333
-15.3889
-15
-13.5556
-10.3333
-6.16667
-1.22222
0.277778
0.722222
1.16667
1.05556
1.38889
1.38889
2
2.55556
2.38889
2.27778
2.05556
1.55556
1
0.611111
-1.88889
-1.72222
-1.72222
-1.72222
-1.72222
-2.16667
-3.66667
-6.55556
-11.6111
-19.5
-29
-37.5556
-40.3333
-38.7222
-33.3333
-24.7222
-14.4444
-4.61111
0.111111
1.88889
2.27778
2.27778
2.27778
2.11111
2.33333
3
3.22222
3.16667
2.88889
2.27778
1.61111
0.5
-1.27778
-0.722222
0.166667
1.05556
1
0.5
-0.0555556
0
0.333333
0.444444
0.388889
-0.111111
-0.0555556
-0.166667
-0.222222
-1
-1.72222
-2.05556
-1.61111
-0.666667
0.611111
0.666667
0.277778
-1
-0.666667
0.166667
1.27778
1.33333
0.333333
-0.222222
-0.333333
0.0555556
-0.944444
-0.666667
-0.333333
0.333333
0.555556
0.666667
0.333333
0.277778
0.388889
0.5
0.388889
-0.166667
-0.388889
-0.666667
-1.11111
-2.38889
-3.88889
-4.33333
-2.94444
-0.111111
2.55556
3
2.05556
0.111111
-0.222222
0.166667
1.16667
1.55556
0.944444
0.277778
-0.333333
-0.333333
-0.555556
-0.444444
-0.555556
-0.166667
0
0.333333
0.222222
0.222222
0.222222
0.222222
0
-0.777778
-1.55556
-2.55556
-3.88889
-6.05556
-8.55556
-8.94444
-5.88889
0.277778
5.66667
7.5
6.33333
3.94444
2.72222
2.05556
2.11111
2.16667
1.77778
0.944444
0.0555556
-0.333333
0.166667
0.222222
-0.277778
-0.5
-0.666667
-0.388889
-0.222222
-0.222222
-0.277778
-0.5
-1.05556
-2.88889
-5.22222
-7.83333
-9.94444
-12.2778
-14.2222
-13.7222
-8.94444
-0.444444
7.72222
12.1111
12.7222
11.2222
9.61111
7.55556
5.66667
4.27778
3.22222
2.11111
0.833333
0
0.611111
0.611111
0.0555556
-0.333333
-0.666667
-0.5
-0.5
-0.777778
-1.11111
-2.55556
-5.33333
-10.4444
-14.5
-16.8333
-16.7222
-16.6111
-16.5556
-14.7222
-9.38889
-0.5
8
13.1667
15.2778
16.2778
17.6667
17
14.4444
10.5
7.22222
4.27778
1.77778
0.111111
0.777778
0.166667
-0.444444
-0.722222
-0.777778
-0.722222
-0.888889
-1.72222
-3.77778
-8.22222
-14.5556
-20.8889
-23.7778
-23
-20.3333
-18.2778
-17.1667
-14.6667
-9.16667
-0.333333
8.05556
13.3889
16.0556
18.3889
21.8889
23.8889
23.1667
19.5
14.9444
9.94444
5.22222
1.44444
0.777778
0
-0.5
-0.722222
-0.888889
-1.27778
-2.27778
-4.83333
-9.94444
-17.5556
-25.3889
-30.2222
-29.9444
-25.8889
-20.9444
-17.6667
-15.9444
-13.3889
-8.11111
0.0555556
7.5
12.1667
14.6111
17.7778
22.7222
27.4444
29.6111
28.5556
24.6111
18.4444
11.1667
4.61111
0.5
0
-0.277778
-0.388889
-0.833333
-2.05556
-5.05556
-11.1111
-19.8889
-29.2778
-35.2222
-36.1667
-31.8333
-25.1667
-18.5
-14.3333
-11.8889
-9.66667
-5.77778
-0.333333
5
8.55556
11.1667
14.7778
20.6667
27.2222
32.3889
35.1667
34.2222
28.8889
19.8333
9.94444
0.0555556
-0.166667
-0.166667
0
-0.777778
-3.5
-9.88889
-20.5556
-32
-40.5556
-41.9444
-38.1667
-29.7222
-20.7222
-12.6667
-8.33333
-5.88889
-4.44444
-2.5
-0.555556
1.94444
3.77778
5.88889
8.88889
15
22.7222
30.6667
37.3889
41.5
39.8889
31.1667
17.9444
-0.777778
-0.722222
-0.277778
0.333333
-1.11111
-6.27778
-17.1111
-31.2778
-43.3333
-48.5556
-45.2222
-36.3889
-24.5
-13.2778
-4.88889
-0.666667
0.888889
1.16667
0.833333
0.0555556
-0.444444
-0.888889
-0.555556
1.11111
6.38889
14.7222
24.8889
35.4444
44.6667
48.5556
42.7778
28.3889
-0.888889
-0.833333
-0.555556
-0.222222
-2.94444
-11.1111
-26.1667
-42.7222
-53.6111
-53.5556
-43.7222
-28.8889
-14.2778
-3.22222
2.61111
3.94444
3.38889
2.66667
2.11111
0.611111
-1.22222
-2.66667
-3.16667
-2.61111
-0.611111
5.05556
14.3333
28.1111
42.6667
53.6667
52.8889
39.8889
-0.5
-0.277778
-0.388889
-0.666667
-5.61111
-17.3889
-36.7222
-54.1111
-60.9444
-53.2778
-36.3889
-18.6667
-4.44444
4
7.44444
5.88889
3.44444
1.94444
2
1.05556
-1.05556
-3
-3.61111
-3
-2.66667
-0.944444
4.27778
16.8889
34.8889
53.1667
59.6667
50.9444
-0.222222
0.166667
-0.277778
-1.22222
-8.88889
-24.6111
-47.7778
-63.5556
-63.5556
-47.1667
-25.7222
-9.22222
1.77778
7.38889
9.66667
6.11111
1.88889
-0.5
0.388889
0.944444
-0.222222
-1.77778
-2.11111
-1.11111
-1.22222
-2.83333
-2.72222
5.44444
23.8333
47.8333
62.3889
59.8889
-0.222222
0.277778
-0.388889
-1.88889
-12.5556
-32.1667
-58
-69.6111
-61.3889
-37.2222
-14.5
-2.05556
4.22222
6.88889
8.77778
4.11111
-0.555556
-3.27778
-1.11111
0.5
0.388889
-0.5
0.111111
2.22222
2.66667
-1
-5.77778
-3.66667
11.7778
38.5
60.5556
66
-0.166667
0.111111
-0.611111
-2.66667
-15.8333
-38.6667
-65.6111
-71.9444
-56.2778
-27.0556
-6.11111
1.16667
2.94444
4
6.77778
2.83333
-1.27778
-4.38889
-2.33333
-0.944444
-0.611111
-0.666667
1.55556
5.77778
7.77778
3.27778
-5.44444
-9.05556
1.61111
28.3333
55.8333
69.2778
0.166667
0.166667
-0.888889
-3.61111
-18.7222
-43.5556
-70.4444
-72.5556
-51.5556
-19.7222
-0.388889
2.22222
1.05556
1.05556
5.55556
2
-1.94444
-5.66667
-3.27778
-1.55556
-0.722222
-0.666667
2.16667
7.72222
11.6111
7.22222
-3.72222
-11.6111
-5.05556
19.8333
50.1667
69.7222
0.0555556
0
-1
-3.94444
-20.3333
-46.4444
-73.2778
-72.5
-48.0556
-14.4444
3.72222
3.05556
-0.5
-1.38889
4.61111
2.11111
-1.05556
-5.38889
-3.72222
-2.44444
-1.11111
-0.722222
2.11111
7.66667
12.8333
9.16667
-2.33333
-12.8333
-8.88889
14.3333
46.2222
69.2778
-0.388889
-0.555556
-1.16667
-3.94444
-20.5
-47.2222
-74.0556
-72.3333
-46.5
-11.9444
6.16667
4.22222
-1.11111
-3.38889
2.77778
1.66667
0.388889
-3.5
-2.77778
-3.27778
-2.38889
-1.66667
1.83333
7.61111
13.0556
9.5
-2.22222
-13.3889
-10.2222
12.1667
44.3333
68.5556
-0.611111
-0.888889
-1.27778
-3.61111
-19.5556
-46.1111
-73
-72.1667
-47.1111
-12.8333
6.33333
5.55556
-0.277778
-4.27778
0.277778
0.166667
0.666667
-1.83333
-1.61111
-3.33333
-3.38889
-2.38889
2.11111
8.5
13.1667
8.55556
-3.5
-13.8889
-9.88889
12.3333
44.0556
67.7778
-0.388889
-1
-1.27778
-3.11111
-17.7778
-43.4444
-70.5556
-72
-49.5556
-16.5556
3.61111
5.33333
0.555556
-3.72222
-0.777778
-0.0555556
1.5
0.333333
-0.222222
-2.72222
-3.77778
-2.5
2.33333
8.61111
11.6111
5.88889
-5.72222
-13.9444
-7.83333
14.7222
44.0556
63.8333
-0.111111
-0.944444
-1.38889
-2.88889
-15.4444
-38.6111
-65.2222
-71.0556
-54.2222
-24.3333
-1.88889
4.44444
2.83333
-1.05556
0.166667
0.0555556
1.38889
1.05556
0.888889
-1.33333
-3
-2.22222
1.83333
7.05556
8.38889
2.22222
-7.88889
-13.3889
-5.94444
14.8889
39.7778
55.1667
-0.222222
-0.888889
-1.27778
-2.22222
-12.2222
-32.0556
-57.2778
-68
-58.6111
-34.1111
-10.4444
1.11111
3.88889
1.83333
2.11111
1.66667
2.55556
2.38889
1.77778
-0.777778
-3.11111
-2.88889
0.166667
4.33333
4.44444
-1.27778
-9.22222
-11.8333
-3.83333
13.8333
33
43.7778
-0.222222
-0.555556
-0.888889
-1.44444
-9.05556
-25.1667
-47.8333
-61.9444
-60.1667
-43.1667
-21.2222
-5.77778
2
3.27778
4
3.72222
3.88889
3.27778
2.11111
-0.5
-3.16667
-3.61111
-1.61111
1.22222
0.444444
-4.16667
-9.05556
-8.83333
-1.22222
11.8889
24.8333
31.3333
0.111111
-0.277778
-0.888889
-1.16667
-6.38889
-18.3333
-37.3333
-53.1111
-58.0556
-49.6111
-32.5
-16.1111
-4.22222
1.61111
4.38889
5.05556
4.55556
3.66667
2.16667
-0.0555556
-3
-4.11111
-3.11111
-1.22222
-2.05556
-5
-7.11111
-5.38889
0.277778
8.27778
15.6667
19.0556
0.0555556
-0.277778
-0.888889
-1.16667
-4.22222
-12.1111
-26.5
-42.2778
-52.1111
-51.6667
-40.9444
-27.2222
-13.8333
-4.27778
2.22222
4.72222
4.77778
3.66667
2.22222
0.111111
-2.5
-3.94444
-3.94444
-3.27778
-3.88889
-5
-4.77778
-2.44444
1
4.33333
6.66667
7.27778
-0.277778
-0.388889
-1
-1.16667
-2.33333
-6.61111
-16.3333
-30.8333
-43.3889
-49
-44.1667
-34.5556
-22.8889
-13
-4.72222
-0.0555556
1.94444
2
1.33333
-0.166667
-2.05556
-3.72222
-4.44444
-4.61111
-4.38889
-4.05556
-2.33333
-0.222222
0.944444
0.222222
-0.777778
-0.611111
-0.555556
-0.555556
-0.944444
-0.777778
-0.944444
-3.16667
-9.22222
-20.2778
-32.1667
-40.8889
-41.8889
-37.6111
-30.7222
-23.6667
-16.4444
-9.33333
-3.66667
-0.333333
0.5
-0.388889
-1.72222
-3.33333
-4.16667
-4.61111
-3.83333
-2.61111
-0.111111
1.72222
1.38889
-1.55556
-4.11111
-3.88889
-0.777778
-1.11111
-1.27778
-0.666667
-0.277778
-1.22222
-4.55556
-11.6111
-21
-30.3333
-35.7778
-36.8889
-36
-33.6111
-29.3889
-20.8889
-11.2222
-3.61111
-0.388889
-0.611111
-1.44444
-2.83333
-3.27778
-3.66667
-2.66667
-1.16667
1.44444
2.88889
1.77778
-1.94444
-4.88889
-4.61111
-1.11111
-1.83333
-1.77778
-0.722222
0.277778
0.222222
-1.33333
-5.66667
-12.3889
-20.5556
-28.1111
-34.2222
-39.6667
-42.5
-40.6111
-31.0556
-18.1667
-7
-1.72222
-0.722222
-0.833333
-1.5
-1.61111
-2.22222
-1.27778
-0.388889
1.66667
2.27778
1.27778
-2.11111
-4.66667
-4.33333
-1.5
-2.05556
-1.72222
-0.388889
0.722222
1
0.166667
-2.61111
-7.33333
-14.2222
-22.7778
-32.8889
-42.3889
-48
-45.9444
-36
-21.8889
-9.61111
-2.88889
-0.666667
0.333333
0.388889
0.222222
-1.22222
-1
-0.777778
0.833333
1.27778
0.666667
-2.27778
-4.72222
-4.5
-1.38889
-2
-1.72222
-0.222222
1
1.33333
0.222222
-2.38889
-6.94444
-13.6667
-22.7222
-32.8889
-42.1667
-47.3333
-45.5556
-35.8889
-21.9444
-9.44444
-2.72222
-0.611111
0.277778
0.277778
0.0555556
-1.61111
-1.44444
-1.11111
0.722222
1.27778
0.5
-2.66667
-5.22222
-4.83333
-1.11111
-1.83333
-1.72222
-0.5
0.722222
1.05556
-0.555556
-4.66667
-11.2778
-19.3889
-27.8889
-34.8889
-39.6667
-41.1667
-38.3333
-29.9444
-18.1111
-7.38889
-1.77778
-0.444444
-0.277778
-0.722222
-1.16667
-2.66667
-2.33333
-1.44444
0.888889
1.72222
0.444444
-3.38889
-6.16667
-5.5
-1.375
-1.4375
-1.4375
-1.40625
-1.4375
-1.65625
-1.8125
-1.84375
-1.75
-1.875
-2.5
-3.3125
-4.34375
-6
-8.40625
-10.625
-12.25
-13.0938
-13.25
-12.875
-12
-10.4688
-8.25
-6.1875
-4.34375
-2.96875
-1.9375
-1.59375
-1.4375
-1.125
-0.65625
-0.71875
-0.71875
-0.78125
-1.03125
-1.4375
-1.9375
-2.375
-3
-4.03125
-5.90625
-8.40625
-11.625
-15.625
-20.375
-24.9063
-28.4375
-30.5
-31.2188
-30.4375
-28.2188
-24.625
-20
-15.4063
-11.1875
-7.6875
-4.75
-3
-1.9375
-1.25
-0.84375
-0.75
-0.6875
-0.71875
-1.0625
-1.625
-2.3125
-3.65625
-6.03125
-9.375
-13.8125
-19.1875
-25.375
-32.2813
-39.8438
-46.4063
-51.25
-54
-55.0938
-54.125
-50.9688
-45.5938
-38.5313
-31.4375
-24.5625
-18.2813
-12.4375
-7.875
-4.6875
-2.6875
-0.78125
-0.59375
-0.53125
-0.71875
-1.21875
-2.09375
-3.8125
-7.09375
-12.0625
-18.3125
-25.5938
-33.75
-42.4375
-51.2188
-59.4063
-66.0938
-70.875
-73.6563
-74.8125
-73.9375
-70.875
-65.5625
-58.3438
-50.1875
-41.5
-32.75
-24.0938
-16.5
-10.4375
-6.1875
-0.6875
-0.46875
-0.5
-0.90625
-1.84375
-3.6875
-7.375
-13.2188
-21
-30
-39.4375
-49.125
-58.5
-66.5313
-72.1875
-76.0938
-78.5
-79.8125
-80.4063
-80.0313
-78.4375
-75.5
-71.2188
-64.9063
-56.9688
-47.6875
-37.75
-28
-19.4063
-12.5938
-1.34375
-1.15625
-1.375
-2.0625
-3.6875
-7.15625
-13.125
-21.375
-31.25
-41.6875
-51.5313
-60.375
-67.3438
-71.2188
-71.75
-70.2188
-67.875
-66.0625
-65.3125
-65.7813
-67.1875
-68.9063
-69.9688
-68.8125
-65.0313
-58.5
-49.9375
-40.1875
-30.375
-21.4063
-1.0625
-1.125
-1.65625
-3.15625
-6.3125
-12.25
-20.8125
-30.4063
-40.0313
-48.875
-56.0625
-60.9688
-62.75
-60.4375
-54.5313
-47.8438
-41.9375
-38.0313
-36.4063
-37.3125
-41.0313
-46.875
-53.5938
-58.4688
-60.5313
-59.125
-54.5
-47.75
-39.3438
-30.0938
-1.40625
-1.625
-2.5625
-5.15625
-10.3125
-18.4688
-28
-36.8438
-44.2188
-50.0313
-53.375
-53.4375
-49.625
-41.75
-31.6875
-22.4063
-15.25
-10.6875
-8.84375
-9.84375
-14
-21.2188
-30.7813
-40
-47.2813
-51.3125
-51.4375
-48.4375
-43.1875
-35.875
-1.65625
-2.03125
-3.5625
-7.59375
-14.625
-23.8125
-32.4063
-39.0313
-43.5
-45.9688
-45.5625
-41.4375
-33.5938
-23.25
-13
-4.46875
1.59375
5.0625
6.28125
5.6875
2.8125
-2.71875
-11.1563
-21.3438
-31.25
-38.875
-42.7813
-43.1875
-41.375
-37.1563
-1.65625
-2.125
-4.53125
-10.0625
-18.2188
-26.6563
-32.9375
-36.8438
-38.5625
-38.4375
-35.125
-28.3438
-19.0625
-9.9375
-2.71875
2.34375
5.25
6.46875
6.4375
6.375
5.84375
3.96875
-0.5
-8.03125
-17.125
-25.75
-31.6875
-34.1875
-35.125
-34.0625
-2.03125
-2.59375
-6.0625
-12.5
-20.375
-26.4063
-29.75
-31.125
-31.2188
-30.4063
-25.9375
-18.6563
-10.625
-5.09375
-2.28125
-1.15625
-1.09375
-1.46875
-2.5
-2.5
-1.15625
0.4375
0.4375
-2.71875
-8.65625
-15.875
-22.0625
-25.0313
-27.1875
-28.375
-1.8125
-2.5625
-6.875
-13.375
-19.75
-23.4063
-24.375
-24.0938
-23.5625
-23
-18.0938
-11.4375
-5.84375
-3.90625
-4.625
-6.375
-7.9375
-8.75
-10.4375
-10.8438
-8.96875
-5.4375
-2.4375
-1.96875
-4.46875
-9.375
-14.9375
-18.1563
-20.5
-22.5938
-2.15625
-3.03125
-7.5625
-13.2813
-17.625
-18.9688
-18.25
-16.9688
-16.0938
-15.8125
-10.9063
-5.09375
-1.34375
-1.21875
-3.28125
-6.25
-8.375
-8.75
-10.25
-11.25
-10.1563
-7.1875
-3.6875
-1.40625
-1.59375
-4.84375
-9.75
-13.0938
-15.1563
-17.1563
-2.40625
-3.375
-7.40625
-11.7188
-14.1563
-14.1563
-12.6875
-10.8125
-9.625
-9.4375
-5.09375
-0.53125
1.75
1.40625
-0.5
-3.4375
-5.46875
-5.375
-6.375
-7.5625
-7.34375
-5.65625
-3.1875
-0.75
0.03125
-1.90625
-6.03125
-9.59375
-11.2813
-12.8438
-2.40625
-3.21875
-6.03125
-8.6875
-9.71875
-9.34375
-7.6875
-5.625
-4.3125
-3.96875
-0.78125
2.125
3.3125
3.375
2.4375
0.25
-1.3125
-1
-1.46875
-2.28125
-2.46875
-2
-1.125
0.25
0.875
-0.40625
-3.5
-6.6875
-8
-9.0625
-2.375
-2.84375
-4.0625
-5.15625
-5.5
-4.90625
-3.46875
-1.8125
-0.8125
-0.28125
1.09375
2.1875
2.75
3.375
3.40625
2.34375
1.46875
1.59375
1.75
1.75
1.625
1.0625
0.625
0.78125
0.84375
0.03125
-1.6875
-3.625
-4.40625
-5
-1.4375
-1.46875
-1.34375
-1.1875
-1.125
-0.96875
-0.40625
0.4375
1.125
1.6875
1.28125
0.5625
0.1875
0.59375
0.875
0.6875
0.125
-0.40625
-0.03125
0.875
1.46875
1.21875
0.5625
0.03125
-0.25
-0.34375
-0.65625
-1.65625
-2.1875
-2.5
-0.75
-0.25
1.03125
2.21875
2.65625
2.5625
2.28125
2.21875
2.40625
2.78125
0.84375
-1.28125
-2.34375
-2
-1.15625
-0.40625
-0.375
-1.15625
-0.53125
1.0625
2.09375
1.84375
0.8125
-0.4375
-1.125
-0.875
-0.125
-0.53125
-1.6875
-2.84375
0.03125
0.84375
3.25
5.71875
6.875
6.625
5.625
4.625
4.375
4.6875
1.75
-1.3125
-2.75
-2.25
-0.96875
0.78125
1.53125
0.75
1.5
3.03125
3.65625
2.90625
1.53125
-0.3125
-1.40625
-1.25
-0.75
-2.21875
-5.1875
-8.1875
0.59375
1.59375
4.9375
8.84375
11.4688
11.5
10.0625
8.5
8
8.09375
4.59375
0.78125
-1.40625
-1.125
0.375
2.84375
4.25
3.875
4.6875
5.65625
5.375
3.9375
2.15625
0.03125
-1.28125
-1.625
-2.375
-6.03125
-11.4063
-16.8125
0.3125
1.34375
5.4375
10.8125
15.2813
16.625
15.625
14
13.0625
12.5625
8.5625
3.84375
0.5
0.0625
1.71875
4.59375
6.90625
7.625
8.625
8.84375
7.34375
4.71875
2
-0.3125
-1.6875
-2.65625
-4.78125
-10.0625
-17.4063
-25.0938
0.3125
1.09375
5.59375
12.25
18.625
21.75
22.1563
21.0625
19.8438
18.9375
14.4375
8.46875
3.28125
0.90625
1
3.0625
5.375
6.46875
7.21875
6.46875
4.15625
1.21875
-1.3125
-2.90625
-3.59375
-4.59375
-7.625
-13.5313
-21.0938
-29.0313
-0.25
0.21875
4.15625
10.875
18.625
24.25
27
27.5313
26.75
25.4688
20.9063
14.0938
6.75
1.15625
-1.8125
-2.3125
-1.40625
-0.53125
0
-0.875
-2.84375
-4.96875
-6.34375
-6.46875
-5.9375
-6.125
-8.4375
-12.9688
-18.75
-25.0938
-0.75
-0.625
2.1875
7.90625
15.7188
23.5313
29.1563
32.3438
33.3438
32.9063
29.25
22.5625
13.9688
5.25
-1.34375
-5.53125
-7.46875
-8.125
-8.21875
-8.875
-9.84375
-10.625
-10.5313
-9.3125
-7.75
-6.90625
-7.84375
-10.125
-13.375
-17.25
-0.78125
-0.9375
0.75
4.9375
11.6875
20.3125
28.375
34.5625
38.375
40.2813
38.4688
33
24.5313
14.2188
4.5
-3.5
-9.125
-12.625
-13.9688
-14.5
-14.3125
-13.5938
-12.0625
-9.9375
-7.78125
-6.28125
-6.125
-6.625
-7.78125
-9.4375
-1.1875
-1.40625
-0.75
1.6875
6.8125
14.9375
23.9375
32.5
39.4688
44.1875
45.0313
41.9688
35.25
25.5625
15.0625
4.65625
-4.0625
-10.125
-12.7188
-13.2188
-12.4375
-11.0625
-9.34375
-7.34375
-5.5
-4.09375
-3.46875
-3.21875
-3.40625
-3.90625
-1.3125
-1.3125
-1
0.25
3.46875
9.8125
18.0313
27.1563
35.8438
42.5313
45.3125
44.5
40.4063
33.25
24.2813
14.0938
4.375
-3.0625
-6.46875
-7.375
-6.78125
-5.8125
-4.71875
-3.75
-2.8125
-2.09375
-1.9375
-1.8125
-1.875
-1.96875
-1.65625
-1.375
-1.0625
-0.40625
1.375
5.3125
11.1875
18.1875
25.1875
30.8125
33.875
34.2813
32.4063
28.4375
22.5
15.1875
7.875
2.03125
-1
-1.9375
-1.65625
-1.15625
-0.6875
-0.375
-0.09375
0
-0.34375
-0.6875
-0.96875
-1.15625
-1.96875
-1.59375
-1.3125
-1
-0.25
1.34375
3.6875
6.4375
9.21875
11.3438
13.0313
13.625
13.3438
12.2813
10.3125
7.875
5.40625
3.4375
2.125
1.65625
1.65625
1.65625
1.6875
1.625
1.53125
1.40625
0.96875
0.40625
0.125
-0.0625
-2.15625
-1.90625
-1.65625
-1.59375
-1.875
-2.59375
-4.125
-6.3125
-8.75
-11.1563
-11.7813
-11.5938
-10.7188
-9.21875
-7.1875
-4.1875
-1
1.9375
3.125
3.4375
3.4375
3.15625
3.15625
2.90625
2.6875
2.4375
1.9375
1.4375
1.1875
0.96875
-0.625
-0.25
0.125
0.40625
0.4375
0.34375
0.4375
0.28125
0.0625
-0.25
-1.0625
-1.8125
-2.90625
-4.5
-6.40625
-7.5625
-7.0625
-4.53125
-0.0625
3.5
5.5
5.59375
3.9375
3.125
2.53125
2.28125
2.375
1.59375
0.875
0.25
-0.21875
-0.21875
-0.15625
-0.09375
-0.09375
-0.125
-0.0625
-0.25
-0.6875
-1.59375
-3.34375
-5.40625
-7.875
-10.375
-12.5
-13.2188
-11.5
-7.0625
-0.53125
5.4375
9.71875
11.375
10.5625
9.53125
7.8125
6.125
4.9375
3.25
2
1
0.09375
-0.0625
-0.1875
-0.28125
-0.4375
-0.6875
-0.8125
-1.78125
-3.59375
-6.25
-10.0625
-13.1875
-15.5
-16.8438
-17.2188
-16.2813
-13.25
-7.9375
-0.59375
6.125
11.5313
14.9063
16.0938
16.8125
15.875
13.7188
10.9375
7.5
4.625
2.4375
0.15625
-0.15625
-0.40625
-0.59375
-0.90625
-1.40625
-2.5
-5.15625
-9.1875
-14.0625
-18.8438
-21.4375
-21.875
-20.9063
-19.2813
-17.0313
-13.5
-8.03125
-0.625
6.25
12
16.1875
18.7813
21.25
22.25
21.5625
19.0938
14.75
10.1875
6
0.125
-0.21875
-0.5
-0.84375
-1.53125
-3.125
-6.1875
-11.2188
-17.4375
-23.3125
-27.1875
-27.6875
-25.5
-22.0938
-18.9375
-15.9688
-12.375
-7.3125
-0.59375
5.71875
11.125
15.3125
18.6563
22.7188
26.0313
27.875
27.4375
23.5
17.8438
11.5938
-0.15625
-0.53125
-0.8125
-1.375
-2.875
-6.53125
-12.375
-19.875
-27.4375
-32.3125
-33.4063
-30.8125
-25.8438
-20.7813
-17.125
-14.1563
-10.875
-6.375
-0.3125
5.28125
10
13.7188
16.9063
21.6875
26.7188
31.125
33.875
32.125
27
19.5313
-0.125
-0.5
-0.90625
-2.28125
-5.6875
-12.25
-20.875
-29.9688
-37.0313
-39.0625
-36.75
-31.0938
-24.125
-18.5
-15.0313
-12.4688
-9.6875
-5.59375
0.09375
5.125
9.15625
12.125
14.7813
19.3438
25.1563
31.5625
37.4375
39.25
36.4063
29.2188
-0.09375
-0.25
-1.0625
-3.96875
-10
-19.6563
-30.5625
-39.8438
-44.8438
-43.5938
-37.9375
-30
-22
-16
-12.3125
-9.78125
-7.4375
-4.3125
-0.15625
3.71875
7.1875
10.0313
12.8438
17.375
23.1563
30.4375
38.625
43.875
44.4375
39.125
-0.09375
-0.28125
-1.875
-6.65625
-15.4375
-28.0625
-40.5313
-49.1563
-51.5625
-46.8438
-38.0625
-28.0625
-18.9688
-12.375
-8.25
-5.59375
-3.71875
-2
-0.21875
1.5625
3.75
6.53125
10.0313
14.9688
20.8125
28.3125
37.9063
46.3125
50.5
47.9688
-0.21875
-0.5625
-3.21875
-10.125
-21.7188
-37.0313
-50.125
-57.2188
-56.5
-48.125
-36.25
-23.9688
-13.375
-6
-2.09375
-0.15625
0.4375
0.40625
0.25
-0.25
-0.03125
1.59375
4.75
9.78125
15.9375
23.9375
34.875
46.5
54.4375
55.5
-0.40625
-1.03125
-5.1875
-14.5625
-29
-46.6563
-59.4375
-63.5625
-58.2813
-45.2813
-29.625
-15.5938
-5
1.46875
3.03125
2.65625
1.53125
0.46875
-0.0625
-0.8125
-1.21875
-0.875
0.6875
3.90625
8.53125
16
28.125
43.0938
55.6875
61.3125
-0.5
-1.375
-7.1875
-19.1875
-36.4375
-56.2188
-67.375
-67.0313
-56.125
-38.1875
-20.2188
-6.75
1.59375
5.96875
5.125
3.0625
1.25
-0.0625
-0.5625
-1.03125
-1.28125
-1.4375
-0.6875
0.84375
2.84375
7.875
19
35.7813
52.8125
63.9063
-0.59375
-1.71875
-9.125
-23.5938
-43.375
-64.3438
-72.8125
-67.3438
-50.9688
-29.5625
-11.5938
-0.40625
5.09375
7.65625
5.46875
2.5625
0.375
-1.25
-1.625
-1.4375
-0.90625
-0.4375
0.5625
0.78125
-0.03125
1.46875
9.6875
26.9688
47.6563
64.2188
-0.53125
-2.0625
-11.1563
-27.9063
-49.7188
-70.8438
-75.875
-65.3125
-44.3125
-21.375
-5.09375
2.90625
5.3125
6.59375
3.75
0.75
-1.15625
-2.5625
-2.3125
-1.25
0.28125
1.78125
3.5625
3.1875
0.03125
-2.21875
2.03125
18.0938
41.0313
62.4063
-0.53125
-2.40625
-13.0313
-31.5625
-54.5313
-75.2188
-76.9375
-62.125
-38.1875
-15.3438
-1.40625
3.1875
3.125
4.1875
1.6875
-0.5
-1.6875
-3
-2.84375
-1.53125
0.78125
3.5
6.75
6.9375
2.375
-3.09375
-2.8125
10.8125
34.4375
59.25
-0.5625
-2.78125
-14.375
-33.9063
-57.4375
-77.7188
-77.0938
-59.6875
-34.25
-11.6563
0.34375
2.5625
1
2.1875
0.34375
-1.03125
-1.53125
-2.90625
-3.25
-2
0.625
4.1875
8.875
9.71875
4.65625
-2.71875
-5.375
6.3125
29.7188
56.25
-0.6875
-2.90625
-14.7813
-34.6875
-58.4375
-78.5938
-76.9063
-58.3125
-32.125
-9.5
1.53125
2.5625
0.0625
1.09375
-0.4375
-1.4375
-1.6875
-3.21875
-3.59375
-2.25
0.71875
4.71875
9.6875
10.5938
5.1875
-2.90625
-6.71875
3.78125
26.9375
54.125
-1
-2.9375
-14.5313
-34.0938
-57.5938
-77.9375
-76.5313
-58.2188
-32.1563
-9.34375
1.71875
2.59375
-0.21875
0.625
-0.46875
-0.96875
-0.875
-2.53125
-3.34375
-2.1875
0.59375
4.46875
9.125
9.4375
3.875
-3.875
-7.3125
2.90625
25.3125
51.1563
-1.21875
-2.96875
-13.5
-31.7188
-54.3125
-75
-75.75
-60
-35.5
-12.125
0.4375
2.875
0.9375
1.375
0.34375
0.03125
0.15625
-1.5625
-2.9375
-2.34375
-0.09375
3.21875
7.21875
6.9375
1.53125
-5.375
-7.9375
1.96875
22.625
45.9375
-1.09375
-2.59375
-11.625
-27.9063
-49.1563
-70.0625
-74.125
-62.6875
-41.3125
-18.0938
-3.53125
1.84375
2.21875
3.0625
2.3125
1.90625
1.625
-0.5625
-2.5625
-2.71875
-1.25
1.375
4.53125
3.84375
-0.90625
-6.5
-7.875
1.71875
19.9063
39.8125
-0.6875
-1.96875
-9.5625
-23.75
-43.1563
-63.75
-71
-64.4375
-47.375
-25.75
-9.75
-1.34375
1.8125
3.75
3.59375
3.34375
2.90625
0.6875
-1.625
-2.59375
-2.09375
-0.46875
1.6875
0.9375
-2.75
-6.65625
-6.71875
2
17.2188
33.2813
-0.5
-1.65625
-7.59375
-19.375
-36.375
-55.75
-65.6563
-64.125
-52.4063
-34.125
-18.3125
-7.59375
-1.28125
2.59375
4.125
4.6875
4.25
1.90625
-1.09375
-2.96875
-3.28125
-2.21875
-0.3125
-0.65625
-3.21875
-5.71875
-5.125
2.28125
14.3438
26.5938
-0.5625
-1.46875
-5.84375
-15.0625
-29.25
-46.6875
-58.1875
-61.0938
-54.9375
-41.1563
-27.0938
-15.4063
-6.75
-0.84375
2.4375
4
3.96875
1.96875
-0.75
-2.625
-3.21875
-2.59375
-1.28125
-1.71875
-3.5
-4.875
-3.8125
2.21875
11.0625
19.5313
-0.6875
-1.375
-4.3125
-11.0313
-22.2188
-37.2188
-49.3438
-55.4688
-54.0938
-44.9688
-33.6875
-22.875
-13.7813
-6.9375
-2.34375
0.59375
1.84375
1.0625
-0.46875
-1.9375
-2.71875
-2.6875
-2.40625
-3
-4
-4.28125
-2.78125
1.6875
7.25
12.0625
-0.84375
-1.3125
-2.9375
-7.3125
-15.5625
-27.875
-39.8125
-48.0625
-50.5
-45.7188
-37.9063
-29.4375
-21.4688
-14.8438
-9.0625
-4.3125
-1.0625
0
-0.53125
-1.6875
-2.875
-3.65625
-4.125
-4.5625
-4.46875
-3.53125
-1.75
1.0625
3.21875
4.5625
-1.0625
-1.40625
-1.8125
-4
-9.5
-19
-30.1875
-39.875
-45.4063
-44.4375
-40.4063
-34.9688
-29.0625
-23.75
-17.1875
-10.6563
-5.1875
-1.875
-1.34375
-2.09375
-3.4375
-4.625
-5.21875
-5.03125
-3.875
-2.15625
-0.65625
0.15625
-0.40625
-1.21875
-1.125
-1.3125
-1
-1.6875
-5.03125
-11.6875
-21.1563
-30.9063
-38.6563
-42.2188
-42.9375
-41.6875
-38.4688
-33.375
-25.4688
-16.5313
-8.5
-3.5
-1.78125
-2.125
-3.34375
-4.3125
-4.84375
-4.1875
-2.5
-0.59375
0.4375
0.125
-1.8125
-3.59375
-1.15625
-1.25
-0.6875
-0.53125
-2.25
-6.5
-13.75
-22.9375
-32.625
-40.8125
-46.5
-49.0938
-47.4063
-41.125
-31.5
-20.375
-10.5
-4.53125
-1.6875
-1.4375
-2.28125
-2.78125
-3.1875
-2.375
-0.78125
0.6875
1.03125
-0.0625
-2.46875
-4.40625
-1.40625
-1.46875
-0.75
-0.0625
-0.8125
-3.53125
-9.375
-18.25
-29.0938
-40.0938
-48.9063
-53.625
-52.5938
-45.5938
-34.75
-22.375
-11.5313
-4.9375
-1.5
-0.84375
-1.34375
-1.46875
-1.6875
-0.875
0.40625
1.34375
1.03125
-0.53125
-3.0625
-4.9375
-1.65625
-1.65625
-0.90625
-0.09375
-0.625
-3.09375
-8.875
-17.6875
-28.5
-39.6563
-48.2813
-52.9688
-52.1563
-45.2188
-34.6875
-22.5625
-11.6875
-4.9375
-1.3125
-0.4375
-0.875
-1.28125
-1.84375
-1.34375
-0.25
0.75
0.625
-0.875
-3.4375
-5.40625
1.41667
1.16667
1.16667
1.08333
0.833333
0.541667
0.458333
0.458333
0.291667
0.0416667
-0.0833333
0
0.25
0.375
0.25
-0.0833333
-0.0833333
-0.166667
-0.375
-0.541667
-0.333333
-0.0416667
0.125
0.333333
0.333333
0.291667
0.125
0.0833333
-0.0833333
-0.166667
0.0833333
0.25
-0.25
-0.208333
-0.0416667
0.0833333
0.25
0.0833333
-0.291667
-0.625
-0.708333
-0.791667
-0.625
-0.375
0.125
0.583333
0.958333
1.45833
2.25
2.79167
2.95833
2.875
2.625
2.16667
1.41667
0.875
0.583333
0.375
0.0416667
-0.166667
-0.458333
-0.541667
-0.458333
-0.166667
-1.45833
-1.33333
-1.41667
-1.16667
-0.625
-0.375
-0.458333
-0.541667
-0.166667
0.0833333
0.416667
0.875
1.70833
2.83333
4.375
6.79167
9.66667
11.875
13.125
13.375
12.8333
10.9167
8.04167
5.5
3.75
2.625
1.58333
0.958333
0.5
0.291667
-0.0833333
-0.333333
0.0416667
-0.166667
-0.625
-0.833333
-0.833333
-0.5
-0.0416667
0.583333
1.125
1.625
2.16667
3.375
5.04167
7.45833
10.625
14.1667
17.25
19.875
21.9583
22.75
22.5
20.9583
18.5417
15.0417
11.1667
7.83333
5
2.875
1.625
0.916667
0.416667
-0.0416667
1.29167
1
0.666667
0.208333
-0.208333
-0.25
0.0833333
0.75
1.20833
2.625
4.95833
8.125
11.2917
14.7083
18
19.25
18.125
16.9583
16.75
17.0417
17.375
18.9167
20.8333
20.5417
17.9167
14.125
10.5
6.66667
3.83333
1.83333
1.08333
0.708333
0.75
0.916667
1.25
1.20833
1
0.625
0.416667
0.375
1.375
4.375
8.58333
12.375
15.375
17.125
16.4167
12.2917
6.125
0.166667
-4.25
-5.875
-5
-0.916667
4.95833
10.7917
14.5
15.5
14.875
12.3333
8.75
5.29167
3.29167
2.20833
-1.08333
-0.583333
0.125
0.625
0.833333
0.833333
1
1.75
4.75
7.875
9.91667
10
8.625
4.875
-2.25
-9.66667
-15.75
-20.5
-24.2083
-25.8333
-25.0833
-22.75
-18.0833
-10.6667
-2.16667
4.625
9.29167
12
11.4583
9
5.58333
3.41667
-1.125
-0.833333
-0.625
-0.458333
-0.208333
0.375
1.75
4.875
8.20833
8.75
6.375
2.375
-3.54167
-11.8333
-20.125
-24.9167
-26.5417
-26.75
-26.3333
-26.125
-26.125
-26.7917
-26.5
-23.8333
-17.7083
-10.4167
-3.58333
2.54167
6.625
7.95833
6.04167
3.875
0.791667
0.75
0.375
0
-0.0416667
1
3.29167
6.58333
6.625
4.25
0.333333
-4.5
-10.9167
-17.6667
-20.375
-20.125
-18.2083
-16.1667
-14.125
-13.25
-13.9167
-15.4583
-17.875
-19.9167
-19.9167
-16.4583
-11.4583
-6.33333
-1.25
2.625
4.625
3.66667
1.20833
1
0.666667
0.541667
0.875
2.58333
4.75
4.66667
1.66667
-1.625
-4.95833
-9.29167
-13.2083
-13.8333
-10.9583
-7.58333
-4.29167
-1.29167
0.666667
1.375
0.666667
-1.16667
-4.25
-8.08333
-12.4167
-13.875
-12.3333
-9.16667
-5.66667
-2.29167
1.66667
2.79167
0.0416667
-0.125
-0.208333
0
1.33333
3.04167
3.54167
0.333333
-2.79167
-5.29167
-7.83333
-10.1667
-9.79167
-5.125
-0.208333
4.08333
7.375
9.95833
11.1667
11.75
11.875
10.3333
7.54167
3.625
-1.33333
-6.625
-9.79167
-9.58333
-7.16667
-4.79167
-1.83333
1.29167
-0.833333
-1.04167
-1.04167
-0.708333
0.75
1.29167
-0.166667
-2.95833
-4.83333
-6.04167
-6.95833
-5.875
-2.625
1.95833
5.79167
8.91667
10.75
11.25
11.5
11.875
12.5833
12.375
10.9167
8.25
5.125
0.333333
-5.08333
-8.16667
-7.375
-5.54167
-3.83333
-1
-0.208333
-0.458333
-0.333333
0
0.458333
-0.291667
-2.25
-3.33333
-4.41667
-4.91667
-4.75
-2.45833
-0.25
0.875
1.83333
2.20833
2.16667
1.33333
1.45833
1.54167
1.75
2.875
3.41667
3.125
2.25
1.25
-1.125
-4.29167
-5.75
-4.95833
-3.79167
-2.66667
0.541667
0.791667
1.125
1.25
0.875
-0.458333
-2.08333
-2.875
-3.54167
-4.16667
-4.54167
-3.58333
-3.04167
-3.58333
-4.5
-5.41667
-6.20833
-6.875
-6.79167
-6.91667
-7.20833
-6.08333
-4.25
-2.66667
-1.83333
-0.833333
0
-1.08333
-3.04167
-3.04167
-2.75
-2.25
0.291667
0.875
1
0.916667
0.0416667
-1.41667
-2.875
-3.75
-3.95833
-4.5
-4.70833
-4.5
-3.79167
-3.75
-4.33333
-4.875
-5.79167
-6
-6.375
-6.625
-6.75
-6.375
-4.58333
-2.875
-1.45833
-0.708333
0
0
-1.125
-1.66667
-2.33333
-2.16667
0.125
0.25
-0.125
-0.416667
-1.70833
-3.04167
-3.875
-4.25
-4.08333
-3.625
-2.16667
-1.45833
-0.375
0.333333
0.458333
-0.416667
-1.25
-1.33333
-2.08333
-2.5
-2.54167
-2.375
-1.83333
-1.04167
-0.0833333
0.375
0.333333
0.291667
-0.625
-2.25
-3.375
-4
-0.291667
-0.625
-0.958333
-1.375
-2.5
-3.25
-3.08333
-2.625
-2
-0.791667
1.20833
2.25
2.91667
3.45833
3.625
3.08333
3.16667
3.08333
2.41667
1.79167
1.33333
0.875
-0.0833333
-0.0833333
0.416667
0.708333
0.666667
0.416667
-0.5
-2.33333
-3.5
-4.29167
-0.625
-0.916667
-0.833333
-1.125
-1.875
-2.29167
-2
-1.25
-0.375
0.5
1.625
2.33333
2.66667
2.79167
2.70833
3
3.16667
3.125
2.70833
2.08333
1.66667
0.916667
0.291667
0.25
0.625
0.916667
0.833333
0.5
-0.166667
-1.375
-2.20833
-2.66667
-0.333333
-0.416667
-0.291667
-0.416667
-1.08333
-1.75
-2.08333
-1.79167
-1.08333
-0.458333
0.0833333
0.208333
0.625
0.416667
-0.166667
-0.291667
-0.25
0.25
0.166667
0.375
0.666667
0.291667
0.166667
0.333333
0.583333
0.791667
0.708333
0.625
0.166667
-0.416667
-0.75
-1
-0.166667
-0.208333
-0.25
-0.416667
-0.875
-1.58333
-2.29167
-2.41667
-1.95833
-1.08333
-0.625
-0.541667
-0.0833333
-0.541667
-1.58333
-2.20833
-1.5
-0.875
-0.75
0.0416667
0.333333
-0.333333
-1.16667
-0.791667
-0.291667
-0.208333
0.166667
0.708333
0.625
1.04167
2
3.5
-0.333333
-0.333333
-0.208333
-0.333333
-0.916667
-1.95833
-2.875
-3.16667
-3.20833
-2.58333
-1.33333
0
0.291667
-0.375
-1.45833
-2.5
-3.25
-4
-3.95833
-3.91667
-4.16667
-4.20833
-3.79167
-2.70833
-1.58333
-0.708333
0.291667
1.04167
1.70833
3.41667
6.75
11.2917
-0.5
-0.291667
0
0.0833333
-1.20833
-3
-4.54167
-5.16667
-5.75
-5.875
-3.95833
-1.375
-0.583333
-1
-1.54167
-2.625
-4.79167
-6.16667
-5.95833
-6.25
-6.125
-4.5
-2.29167
-1.16667
-0.291667
0.791667
1.25
1.125
2.5
5.16667
8.625
12.4167
0.541667
0.666667
0.541667
0.541667
-0.125
-1.16667
-3
-4.875
-5.91667
-6.625
-6.25
-4.45833
-2.125
-0.0416667
1.25
1.70833
1.33333
0.916667
0.833333
0.916667
1.58333
3.08333
4.25
4.16667
3.70833
2.95833
1.66667
0.375
0.625
1.41667
1
0.0416667
1.29167
1.04167
0.625
0.708333
2.04167
2.91667
2.08333
-0.833333
-2.91667
-4.33333
-6
-6.16667
-3.58333
1.29167
5.25
7.91667
9.66667
10.2083
9.75
9.79167
9.95833
9.70833
8.79167
7.5
5.58333
3
0.875
-0.583333
-2.20833
-4.625
-7.91667
-11.5833
-0.166667
-0.25
-0.208333
0.416667
2.375
3.91667
4.41667
2.625
-0.291667
-2.95833
-5.45833
-7.04167
-6.83333
-3.41667
1.33333
5.375
8.20833
9.79167
10.5417
10.6667
10.0417
8.58333
6.54167
4.375
1.83333
-0.25
-1.20833
-1.54167
-2.625
-4.75
-6.83333
-9.58333
-0.916667
-0.458333
-0.0833333
0.416667
1.33333
2.5
3.66667
3.95833
2
-1.45833
-5.41667
-8.79167
-11.6667
-12.6667
-10.5833
-6.83333
-3
-0.166667
1.95833
2.41667
1.625
0.25
-1.375
-3.125
-4.16667
-3.625
-2.54167
-1.58333
-1.04167
-1.08333
-1.45833
-2.79167
0.208333
0.5
0.541667
0.208333
0.25
1.25
2.70833
4.16667
4.375
2.29167
-2.20833
-7.54167
-12
-15.6667
-17.25
-15.9583
-12.7917
-9.41667
-7.58333
-7
-7.125
-7.20833
-6.95833
-6.5
-5.08333
-2.875
-1.08333
0
0.791667
1.16667
0.791667
0.0416667
0.791667
0.458333
0.25
-0.25
-0.375
0.25
1.66667
3.66667
5.54167
6.58333
5.45833
1.70833
-1.66667
-5.125
-8.33333
-10.375
-10.75
-9.08333
-8.54167
-8.125
-7.41667
-6.5
-4.95833
-3.20833
-1.375
-0.25
0.333333
0.708333
0.791667
0.708333
0.208333
0.0416667
0.166667
-0.25
-0.25
-0.208333
-0.333333
-0.333333
0.583333
2.58333
5.04167
8.25
11.5417
13.5
13.2917
11.5
8.625
4.83333
1.125
-1.54167
-2.58333
-2.70833
-2.16667
-1.54167
-0.833333
0
0.291667
-0.0833333
-0.458333
-0.583333
-0.875
-1
-1.04167
-0.833333
-0.125
-0.25
-0.208333
-0.0833333
-0.25
-0.291667
0.208333
1.54167
3.83333
7.625
13.3333
20.25
22.9583
23.0417
21.25
17.5
12.4583
5.79167
3.16667
2.25
1.75
1.66667
0.833333
0.291667
-0.75
-1.5
-1.66667
-1.83333
-1.79167
-1.58333
-1.125
-0.916667
0.333333
0.416667
0.291667
0.166667
0.291667
0.708333
1.29167
2.33333
4.66667
8.875
14.5417
20.4167
23.375
23.8333
22.125
18.2917
12.7917
6.875
3.75
2.45833
1.875
1.45833
0.875
0.25
-0.416667
-1.08333
-1.33333
-1.41667
-1.25
-1
-0.583333
0
0.0833333
0.333333
0.375
0.541667
1.04167
1.75
2.70833
4.25
7.16667
10.4167
12.5417
12.2917
12.4583
11.0833
7.70833
3.91667
0.541667
-0.375
-2.16667
-2.91667
-2.375
-2.16667
-1.20833
-0.416667
0.625
0.875
0.416667
0.333333
0.25
0.0416667
-0.208333
0.291667
0.0416667
-0.583333
-0.958333
-0.416667
0.458333
0.666667
0.0833333
-0.291667
-0.208333
-0.0833333
0.291667
0.375
-0.125
-0.25
0.375
0.791667
0.416667
-0.0416667
-0.5
-0.916667
-0.833333
0.0833333
1.25
0.583333
-0.791667
-0.958333
-0.625
0.458333
1.16667
0.208333
-0.666667
-0.125
0
-0.208333
-0.416667
-0.416667
-0.125
0.208333
0.208333
0
-0.208333
-0.166667
0.375
0.5
0
-0.0416667
0.583333
1.20833
1.125
-0.0833333
-1.91667
-2.5
-1.375
0.416667
1.79167
1
-0.416667
-0.625
-0.708333
-0.0416667
0.916667
0.583333
-0.0833333
-0.0416667
0.0416667
0.0416667
-0.0416667
-0.291667
-0.25
0
0.0416667
0.0833333
-0.0416667
-0.166667
0.416667
0.75
0.458333
0.583333
1.125
1.79167
1.91667
-0.25
-4.125
-5.375
-2.79167
0.541667
2.16667
1.25
0.25
0.375
-0.166667
-0.291667
0.625
0.916667
0.416667
-0.0833333
-0.0833333
0.208333
0.375
0.166667
-0.0833333
-0.25
-0.166667
0.208333
0.125
-0.125
0.666667
1.75
1.91667
1.45833
1.25
1.66667
1.5
-1.125
-5.41667
-7.25
-4.875
-0.916667
1.29167
0.916667
0.916667
1.83333
1.25
0.375
0.625
1.04167
0.916667
0.208333
-0.0833333
0.25
0.416667
0.333333
0.0416667
-0.25
-0.0416667
0.5
0.333333
0.625
3.08333
4.375
2.29167
-0.0416667
-0.5
0.125
0.25
-1.66667
-5.5
-7.45833
-5.25
-1.45833
0.0833333
-1.33333
-1.33333
1.5
3.125
2.41667
1.70833
1.95833
1.83333
0.583333
0.5
0.541667
0.25
0.0833333
0
-0.125
0.166667
0.875
1.75
3.625
5.58333
4.125
0
-2.25
-1.83333
-0.833333
-0.375
-1.83333
-5.5
-7.375
-5.125
-1.66667
-0.541667
-2.33333
-3.125
-0.625
2.25
3.20833
3
3.29167
3.54167
1.95833
0.666667
0.541667
0.125
0
0.208333
0.333333
0.75
2.25
4.5
6.125
5.41667
1.75
-2.5
-4.125
-3
-1.29167
-0.5
-1.875
-5.20833
-6.70833
-4.45833
-1.25
-0.708333
-3.16667
-4.41667
-2.625
-0.208333
1.875
3.45833
4.75
5.58333
3.91667
0.5
0.291667
0
0.0416667
0.416667
1.125
2.5
5.125
7.45833
6.25
2.25
-1.5
-4.41667
-5.58333
-3.875
-1.54167
-0.916667
-1.75
-3.33333
-4.375
-3.5
-1.29167
-0.875
-3.58333
-5.20833
-4.04167
-2.83333
-1.08333
1.875
5.20833
7.79167
6.625
0.416667
0
-0.25
0
0.708333
2.5
5.66667
8.83333
8.625
3.375
-1.91667
-4.25
-6.41667
-7.16667
-4.125
-1.125
-1.08333
-1.41667
-1
-1.375
-2.04167
-1.20833
-0.5
-2.91667
-5.66667
-5.58333
-4.83333
-4.20833
-2.125
3
9.5
10.5417
0.333333
-0.375
-0.583333
-0.208333
1.25
5.08333
9.625
10.9167
7.04167
-0.125
-5.33333
-7.29167
-8.58333
-7.70833
-3.83333
-0.958333
-0.541667
-0.166667
0.666667
0.75
0.0416667
-0.0416667
0.25
-1.83333
-5.16667
-6.75
-7.08333
-6.91667
-6.04167
-1.29167
8.54167
13.9167
0.166667
-0.25
-0.333333
-0.125
2.20833
8.16667
13.1667
11.5833
4.20833
-4.66667
-10.2083
-10.7917
-9.16667
-6.125
-1.70833
0.958333
0.625
-0.166667
0.541667
1.625
1.375
0.458333
0.0416667
-0.5
-1.95833
-4.75
-8.29167
-10.2083
-10.2917
-6.41667
5.16667
15.5417
-0.208333
-0.0416667
0.0833333
0.291667
3.875
11.9167
16.2083
10.5417
-0.833333
-11.0417
-14.2083
-10.75
-7.25
-4.66667
-0.0833333
3.16667
1.75
-0.625
-0.25
1.5
1.95833
1
-0.333333
-0.875
0
-0.666667
-5.58333
-11.2917
-14.25
-12.2917
-0.458333
14.875
-0.458333
0.0416667
0.416667
0.875
5.95833
16.0833
18.5
7.04167
-8.29167
-17.0417
-14.75
-7.33333
-4.625
-4.375
0.583333
5.20833
3.04167
-0.916667
-1.41667
0.416667
1.625
1.125
-0.583333
-1.5
0.625
2.75
-0.75
-9.16667
-16.75
-18.0833
-6.91667
12.0833
-0.583333
0.0416667
0.625
1.375
8.375
20.4167
19.2917
1
-16.2917
-20.5417
-12.5417
-2.70833
-1.54167
-4.33333
0.375
6.58333
3.66667
-1.875
-2.29167
-0.166667
0.916667
0.791667
-1.125
-2.66667
0.416667
5.16667
4.125
-4.83333
-16.2917
-22.2917
-14
6.875
-0.458333
0.25
0.625
1.66667
10.6667
24.0833
18.625
-5.875
-22.7083
-21
-8.70833
1.625
0.833333
-5
-0.958333
6.625
3.70833
-2
-1.75
-0.125
0.125
0.25
-2.20833
-4.75
-0.458333
7.04167
8
-0.5
-13.5
-23.9167
-20.7083
0.583333
-0.375
0.625
0.875
1.95833
12.4167
26.4583
17.125
-11.125
-26.3333
-20.875
-5.91667
5.41667
2.625
-6.54167
-2.41667
7.20833
4.125
-2.20833
-1.83333
-0.5
-0.291667
0.375
-2.45833
-6.41667
-2.08333
7.875
10.9583
2.54167
-10.875
-23.125
-24.75
-5.75
-0.291667
0.625
0.791667
2.125
13.625
28
16.0417
-14.625
-28.625
-20.7917
-4.16667
8.25
4.29167
-7.66667
-3.875
6.95833
3.91667
-1.79167
-0.708333
-0.583333
-1.41667
0.375
-1.58333
-6.95833
-3.70833
7.58333
12.5417
4.66667
-9.125
-22.4583
-26.75
-9.79167
-0.125
0.583333
0.416667
1.875
14.125
28.7083
15.625
-15.875
-29.5
-21.125
-3.875
9.58333
5.91667
-7.20833
-4.66667
5.625
2.54167
-1.75
1.20833
0.583333
-2.08333
-0.208333
-1.58333
-7.125
-4
7.54167
12.9583
5.25
-8.66667
-21.875
-26.9583
-11.6667
0.0416667
0.708333
0.0833333
1.33333
13.9167
28.625
15.7917
-15.0417
-28.7083
-21.4583
-5.16667
8.70833
7
-4.83333
-4.29167
3.58333
1
-1.75
2.04167
1.625
-1.58333
-0.958333
-2.83333
-7.04167
-2.66667
8.29167
12.4583
4.375
-9.08333
-21.4167
-26.125
-11.875
0.458333
0.916667
-0.25
0.833333
13
27.6667
16.7083
-12.4167
-26.9583
-21.5833
-6.625
6.58333
6.41667
-2.79167
-3.33333
1.66667
-0.375
-1.25
2.625
2.16667
-0.791667
-1.45833
-3.91667
-6.04167
-0.666667
8.54167
11.0417
2.58333
-10.375
-21.0833
-23.25
-8.25
0.541667
1.04167
-0.0833333
0.541667
10.9583
24.9167
17.75
-6.91667
-22.4583
-21.9583
-10.2083
3
5.04167
-1.25
-1.70833
1.375
-0.75
-1.375
1.91667
2.20833
0.208333
-1.20833
-3.91667
-4.70833
0.916667
8.16667
8.79167
0.541667
-10.5417
-18.7083
-19
-5.33333
0.375
0.833333
0
0.208333
8.54167
21.25
18.2083
-0.541667
-15.875
-20.75
-13.9583
-1.625
2.79167
-0.5
-0.666667
1.125
-0.791667
-1.04167
2.04167
2.5
0.75
-0.75
-3.41667
-3.66667
1.83333
7.29167
6.125
-1.5
-9.75
-14.9583
-14.125
-2.83333
0.0416667
0.541667
0.166667
0.0416667
6.25
17.2083
17.375
4.625
-8.54167
-16.75
-15.625
-6.58333
-0.625
-0.666667
-0.5
0.708333
-0.0416667
-0.208333
1.70833
2.41667
1.45833
-0.291667
-2.875
-2.33333
2.45833
5.45833
2.91667
-3
-7.875
-10.3333
-9.125
-1.20833
0.0416667
0.666667
0.375
-0.166667
4.04167
12.7917
15.3333
8.41667
-1.54167
-11.0833
-14.25
-9.66667
-4.83333
-2.58333
-1
0.291667
0.666667
0.583333
1
2.04167
2.33333
0.208333
-2.45833
-1.375
2.33333
3.25
0.375
-3.08333
-4.95833
-5.875
-5.16667
-0.458333
-0.0416667
0.5
0.541667
-0.0833333
2.125
8.29167
12.2917
10.625
4.33333
-5.33333
-10.9583
-9.41667
-7.33333
-6.04167
-2.91667
0
0.708333
0.666667
1.04167
1.79167
2.04167
0.583333
-1.20833
-0.5
1.45833
1.125
-1.20833
-2.66667
-2.25
-1.875
-1.70833
0.416667
-0.291667
0.416667
0.666667
-0.208333
0.583333
4.375
8.91667
11.3333
8.375
-0.583333
-7.41667
-7.54167
-6.91667
-7.04167
-4.58333
-1.45833
-0.375
0.0833333
0.833333
1.29167
1.375
1
0.125
-0.375
0.0833333
-0.125
-1.79167
-2.20833
0.208333
1.79167
0.166667
-1.04167
-0.291667
0.375
0.416667
-0.541667
0
2.375
5.70833
9.04167
9.125
3.54167
-2.83333
-4.66667
-4.375
-4.79167
-5.125
-4.58333
-3.29167
-1.29167
0.541667
1
0.875
1.04167
0.666667
-0.375
-0.708333
-0.875
-2.08333
-1.75
1.79167
3.66667
0.791667
-1.95833
0.291667
0.458333
-0.125
-0.875
-0.125
1.25
3.04167
5.91667
7.79167
5.83333
1.58333
-1.04167
-1.04167
-1
-4.08333
-7.625
-7.125
-3.45833
-0.0416667
0.875
0.583333
0.75
0.541667
-0.333333
-0.875
-1.25
-2.04167
-1.16667
2.41667
4.08333
0.958333
-2.20833
0.916667
0.5
-0.625
-1.20833
-0.333333
0.416667
1.45833
3.83333
5.79167
5.75
4.41667
3.5
3.41667
1.875
-3.625
-9.66667
-10.25
-5.41667
-0.708333
0.416667
-0.0416667
0.208333
0.666667
0
-0.958333
-0.958333
-1.08333
-0.833333
1.875
3.75
0.958333
-2.20833
1
0.125
-0.833333
-1.20833
-0.5
0.208333
0.833333
2.41667
4.20833
5.125
6.08333
7.5
6.58333
1.79167
-4.375
-9.625
-11.1667
-6.70833
-1.33333
-0.25
-1
-0.208333
1.33333
0.791667
-0.75
-0.625
-0.541667
-0.958333
1.20833
3.54167
1.25
-2.16667
1.08333
0.166667
-0.833333
-1.33333
-0.708333
0.333333
1.16667
2.20833
3.66667
5.375
6.79167
7.29167
5.875
1.83333
-3.875
-9.45833
-11.3333
-6.875
-1.25
-0.0416667
-1
-0.291667
1.5
1
-0.791667
-0.833333
-0.708333
-0.916667
1.375
3.75
1.29167
-2.5
1.08333
0.208333
-0.625
-1.08333
-0.833333
0.125
1.83333
3.75
5.16667
6.04167
5.66667
4.04167
2.20833
0.0833333
-3.29167
-7.83333
-9.83333
-6
-0.791667
0.458333
-0.5
-0.0416667
1.41667
0.833333
-0.875
-1.25
-1.33333
-0.791667
2.125
4.16667
1.16667
-2.95833
-0.685185
-0.685185
-0.592593
-0.240741
0.185185
0.962963
2.35185
4.5
6.96296
9.92593
13.2593
16.7963
20.0741
23.3148
26.1296
28.1852
29.3519
29.6296
28.463
26.0556
22.9074
19.7593
16.463
13.0926
9.75926
6.5
3.66667
1.83333
-0.037037
0.037037
0.259259
0.592593
1.31481
3
5.68519
9.03704
12.5556
16.1481
19.5185
22.2963
24.2407
26.1667
27.7222
28.8333
29.3148
29.5926
29.0741
27.7593
25.963
24.3889
22.2778
19.3519
15.8148
12.037
8.31481
5.22222
0.407407
0.611111
1.01852
1.64815
3.2037
5.90741
9.40741
12.8704
16.037
18.4815
19.9074
19.9074
18.5926
16.5741
14.2593
12.3148
11.0556
11.0926
12.1296
13.8704
15.9815
18.0741
19.3704
19.4259
18.1667
16.0556
13.1111
9.75926
0.37037
0.851852
1.7037
3.2963
6.11111
9.07407
11.5
12.8333
13.2778
12.463
10.3704
6.90741
1.98148
-4.2963
-10.2037
-14.7037
-17.2778
-17.6296
-15.1667
-10.4259
-4.37037
1.33333
6.31481
10.0926
12.4074
13.7407
13.9259
12.5
0.240741
0.981481
2.51852
5.2963
8.2963
9.94444
9.85185
8.27778
5.55556
1.72222
-3.11111
-9.03704
-16.2963
-24.0556
-30.5926
-35.2222
-37.7222
-38
-35.5926
-30.6667
-23.8333
-16.7407
-9.85185
-3.55556
1.66667
5.90741
9.05556
10.5556
0.592593
1.7963
4
6.7963
8.33333
7.59259
4.81481
0.888889
-3.68519
-8.7037
-14.3148
-20.4259
-26.7222
-31.7963
-35
-36.6852
-37.463
-37.6296
-36.8333
-34.7037
-31.037
-26.0556
-20.3333
-14.5
-9.14815
-4.31481
0.333333
4.18519
1.25926
2.77778
4.94444
6.14815
4.98148
2.2037
-1.44444
-5.25926
-8.92593
-12.537
-16.4444
-20.3333
-22.8148
-22.8333
-21.6111
-20.0185
-18.8333
-18.7407
-19.9444
-21.7407
-23.1296
-22.5
-20.1111
-16.7222
-13.1852
-10.2963
-6.88889
-3
1.66667
3.27778
4.40741
3.05556
0.0740741
-3.14815
-5.96296
-8.22222
-9.75926
-11.3889
-13
-13.537
-11.1852
-7.18519
-3.09259
0.296296
2.57407
2.66667
0.481481
-3.44444
-8.12963
-11.7037
-13.2037
-12.963
-11.7778
-11.3148
-10.037
-7.61111
1.2963
2.24074
1.74074
-0.981481
-4.16667
-6.5
-7.64815
-7.77778
-7.68519
-7.98148
-7.57407
-5.27778
-0.481481
4.7037
8.88889
11.7778
13.5556
14
12.3704
8.66667
3.57407
-1.62963
-5.61111
-7.62963
-7.83333
-8.53704
-9.07407
-8.5
1.05556
1.09259
-0.703704
-3.55556
-5.90741
-7.31481
-7.61111
-6.83333
-6.46296
-6.72222
-5.83333
-2.87037
1.33333
5.11111
7.83333
9.24074
9.57407
10.2407
10.0556
8.55556
5.68519
1.72222
-2.40741
-5.12963
-5.72222
-5.62963
-6.44444
-6.88889
0.518519
-0.425926
-2.61111
-4.48148
-5.96296
-6.90741
-7.14815
-6.51852
-6.62963
-6.96296
-6.12963
-4.11111
-2.48148
-0.888889
0.111111
0.166667
-0.62963
0.0185185
0.981481
1.59259
1.35185
0.185185
-2.24074
-4.40741
-5.03704
-3.87037
-4.11111
-4.72222
-0.0185185
-1.46296
-3.35185
-4.51852
-5.38889
-6.18519
-6.87037
-7.07407
-7.35185
-7.24074
-6.55556
-5.81481
-6.07407
-6.2037
-6.27778
-6.59259
-7.42593
-7.35185
-6.38889
-4.81481
-3.33333
-2.40741
-2.85185
-3.92593
-4.66667
-3.38889
-3
-3.2963
-1.24074
-3
-4.33333
-4.77778
-5.03704
-5.25926
-5.66667
-6.16667
-6.03704
-4.75926
-3.51852
-3.31481
-4.16667
-5.05556
-5.75926
-6.14815
-6.31481
-6.85185
-6.74074
-5.74074
-4
-2.44444
-1.7963
-2.22222
-3.38889
-3.62963
-3.40741
-3.42593
-2.33333
-3.92593
-4.68519
-4.64815
-4.22222
-3.74074
-3.64815
-4.01852
-3.31481
-1.18519
0.592593
1.05556
0.666667
-0.351852
-1.27778
-1.53704
-1.16667
-2
-2.74074
-2.74074
-1.7963
-0.87037
-0.166667
-0.407407
-1.83333
-3.42593
-3.62963
-3.61111
-2.88889
-4.2037
-4.55556
-4.16667
-3.2963
-2.37037
-1.74074
-1.85185
-0.851852
1.37037
3.24074
3.90741
3.92593
2.98148
2.03704
1.72222
2.31481
1.51852
0.574074
0.111111
0.425926
0.703704
1.14815
0.796296
-0.703704
-2.87037
-3.33333
-3.25926
-2.61111
-3.53704
-3.75926
-3.40741
-2.42593
-1.5
-0.981481
-1.16667
-0.351852
1.11111
2.48148
3.35185
3.62963
2.75926
1.88889
1.72222
2.2037
1.51852
1
0.907407
0.944444
0.888889
1.12963
0.796296
-0.333333
-1.44444
-0.962963
-0.148148
-2.2037
-3.2963
-3.90741
-3.77778
-3
-2.22222
-1.7963
-2.14815
-1.90741
-1.27778
-0.444444
0.37037
0.62963
-0.240741
-1.18519
-1.61111
-1.5
-1.83333
-1.51852
-0.740741
-0.240741
-0.222222
0.0555556
0.0925926
-0.037037
0.777778
2.87037
5.09259
-1.64815
-3.09259
-4.35185
-4.7037
-4.35185
-3.7037
-3.27778
-3.42593
-3.75926
-3.62963
-2.98148
-2.07407
-1.92593
-2.62963
-3.72222
-4.74074
-5.44444
-5.2963
-4.16667
-2.7037
-1.75926
-1.38889
-1.09259
-0.555556
0.740741
3.55556
7.2037
10.7407
-1.12963
-2.94444
-4.96296
-6.05556
-6.33333
-6
-5.48148
-5.18519
-5.77778
-5.62963
-4.72222
-3.42593
-2.96296
-3
-3.68519
-4.94444
-6
-5.12963
-3.61111
-2.09259
-1.07407
-0.685185
-0.648148
0.0925926
2.33333
5.75926
8.77778
11.5741
0.222222
-1.07407
-3.22222
-5.44444
-6.7963
-7.18519
-6.7963
-5.90741
-5.88889
-5.46296
-4.25926
-2.40741
-0.685185
0.833333
1.40741
0.944444
0.259259
1.09259
2
2.51852
2.66667
2.55556
1.94444
2.03704
3.35185
4.75926
5.03704
5.12963
1.51852
1.31481
-0.222222
-3.03704
-5.51852
-7.01852
-7.2963
-6.44444
-5.92593
-5.48148
-4.35185
-2.07407
1.35185
4.81481
7.33333
8.68519
9.07407
9.55556
9.27778
8.35185
7.05556
5.74074
4.38889
3.46296
2.7037
1.16667
-1.77778
-4.75926
2.25926
3.40741
3.2963
0.925926
-2.25926
-5.05556
-6.62963
-6.74074
-6.35185
-6.37037
-5.94444
-4.33333
-0.462963
4.12963
8.25926
11.3519
12.8704
12.9259
11.7222
9.68519
7.46296
5.66667
4.2037
2.68519
0.37037
-3.12963
-7.14815
-10.963
1.94444
3.75926
4.92593
4.16667
1.46296
-2.07407
-5.31481
-7.31481
-8.2963
-9.37037
-10.2037
-10.1667
-8.11111
-4.42593
-0.0555556
3.90741
6.27778
6.81481
5.88889
4.16667
2.44444
1.37037
0.611111
-0.407407
-2.22222
-4.83333
-7.44444
-9.88889
1.01852
2.77778
4.75926
5.75926
4.68519
1.72222
-2.16667
-5.7963
-7.90741
-9.77778
-11.7407
-13.6852
-14.6852
-13.7037
-11.037
-7.66667
-4.68519
-3.40741
-3.24074
-3.66667
-3.7963
-3.27778
-2.85185
-2.75926
-3
-3.7037
-4.27778
-4.90741
0.351852
1.5
3.42593
5.57407
6.55556
5.7963
3.48148
0.5
-1.53704
-3.38889
-5.68519
-8.61111
-11.8333
-13.8333
-14.0741
-12.8889
-10.9815
-9.68519
-8.7963
-8
-6.88889
-5.51852
-4.38889
-3.5
-2.68519
-2
-1.51852
-1.33333
-0.037037
0.5
2.03704
4.46296
7.05556
9.2963
10.7593
11.1111
10.8333
10.0556
8.5
5.87037
2.31481
-1.37037
-4.51852
-6.7037
-7.68519
-7.7037
-7.18519
-6.33333
-5.27778
-4.31481
-3.27778
-2.42593
-1.74074
-1.11111
-0.796296
-0.722222
0.12963
0.314815
1.27778
3.44444
6.88889
11.6111
16.7778
21.2778
23.1852
23.7037
23.2037
21.6481
19.0185
14.9815
10.037
4.7963
0.111111
-1.88889
-2.51852
-2.42593
-2.25926
-2.35185
-1.96296
-1.64815
-1.57407
-1.46296
-1.55556
-1.61111
0.62963
0.888889
1.68519
3.7037
7.51852
13.2222
19.8519
25.8704
28.7963
29.7778
29.6296
28.6667
26.5
22.5185
16.8333
10.2778
4.2963
1.22222
-0.0185185
-0.388889
-0.703704
-1.2037
-1.24074
-1.2037
-1.27778
-1.44444
-1.57407
-1.51852
0.037037
-0.0185185
0.185185
0.259259
0.296296
0.62963
1.46296
3.16667
4.01852
3.87037
2.14815
1.01852
0.296296
-0.407407
-2.59259
-5.75926
-8.03704
-7.64815
-5.2037
-2.44444
-1.42593
-0.685185
0.240741
2.2037
3.37037
3.61111
3
2.22222
0.12963
0.037037
0.314815
0.537037
1.09259
2.22222
4.01852
5.64815
5.27778
2.98148
-0.0925926
-1.53704
-1.53704
-1.5
-3.05556
-5.94444
-8.12963
-7.85185
-5.59259
-3.18519
-2.7037
-2.61111
-1.88889
0.62963
3.03704
4.59259
4.87037
4.38889
0.240741
0.222222
0.62963
1.37037
2.92593
4.96296
6.68519
6.7037
4.2037
0.314815
-2.98148
-3.87037
-2.96296
-2.09259
-2.96296
-5.46296
-7.55556
-7.40741
-5.31481
-3.24074
-3.18519
-3.98148
-4.12963
-2.24074
0.777778
3.83333
6.05556
6.75926
0.259259
0.462963
1.42593
3.2963
5.94444
8.07407
8.05556
5.55556
1.11111
-3.03704
-5.62963
-5.48148
-3.74074
-2.12963
-2.48148
-4.7037
-6.72222
-6.62963
-4.61111
-2.75926
-3.03704
-4.61111
-5.85185
-5.24074
-2.7037
1.24074
5.64815
8.66667
0.240741
0.87037
2.90741
6.2963
9.46296
10.4444
7.46296
2.44444
-3.11111
-6.38889
-7.55556
-5.92593
-3.35185
-1.44444
-1.98148
-4.38889
-6.44444
-6.22222
-4.03704
-2
-2.27778
-4.18519
-6.35185
-7.11111
-6.22222
-2.87037
2.66667
8.66667
0.481481
2.07407
5.61111
9.85185
12.2778
10.7037
5.09259
-1.38889
-6.51852
-8.53704
-8.25926
-5.81481
-2.94444
-1.18519
-1.83333
-4.18519
-6.01852
-5.7963
-3.72222
-1.87037
-1.92593
-3.66667
-5.88889
-7.61111
-8.37037
-6.81481
-1.55556
6.40741
1.14815
3.83333
8.83333
13.4259
14.3704
9.81481
1.83333
-5.25926
-9.37037
-9.98148
-8.66667
-5.72222
-2.98148
-1.5
-2.16667
-3.57407
-4.44444
-4.07407
-3.22222
-2.7963
-3.18519
-4.05556
-5.05556
-6.77778
-8.90741
-9.7963
-5.88889
2.72222
2.05556
6
12.463
16.7778
15.5741
7.74074
-1.96296
-8.77778
-11.5926
-11.3333
-9.83333
-6.48148
-3.35185
-1.35185
-1.7037
-2.2037
-2.25926
-1.72222
-2.01852
-3.11111
-4.40741
-4.92593
-4.92593
-6.07407
-9
-12.0926
-10.0926
-1.66667
2.96296
8.2963
16.2407
19.7407
15.9444
4.66667
-6.2037
-12.2778
-13.6852
-12.9815
-11.6296
-7.66667
-3.25926
0.037037
0.0555556
-0.555556
-0.5
0.333333
0.0925926
-1.77778
-4.2037
-5.46296
-5.44444
-6.24074
-9.55556
-14.2037
-14.0741
-6.33333
4.11111
10.8704
20.0741
22.2778
15.4815
0.462963
-11.8333
-17.3333
-16.6852
-14
-11.3333
-6.14815
-1.16667
2.55556
1.66667
0.296296
-0.37037
0.685185
0.777778
-0.611111
-2.59259
-3.66667
-3.7963
-5.51852
-10.2222
-16.9074
-18.6667
-11.7778
5.24074
13.463
23.8333
24.6852
14.3148
-4.85185
-18.7593
-22.4074
-18.2963
-12.5741
-9.24074
-4.05556
0.351852
4.16667
2.77778
1.11111
-0.12963
0.740741
0.592593
-0.685185
-2.25926
-2.14815
-1.01852
-2.2963
-8.64815
-18.537
-23.7222
-18.3889
6.48148
16.037
27.3704
26.4815
12.0556
-11.2963
-25.8148
-26.0741
-17.5741
-9.18519
-6.27778
-2.03704
1.37037
5.07407
3.11111
1.01852
-0.703704
0.0925926
-0.111111
-1.25926
-2.5
-1.07407
1.87037
2.07407
-5.22222
-18.3889
-27.9444
-25.1852
7.64815
18.3889
30.3889
27.3889
8.96296
-17.8704
-31.6111
-27.7222
-14.8704
-4.92593
-3.2963
-0.759259
1.33333
4.77778
2.62963
0.740741
-0.981481
-0.296296
-0.907407
-2.46296
-3.66667
-1.05556
4.14815
6.61111
-0.555556
-16.5185
-30.6852
-31.4259
8.5
20.2407
32.537
27.463
5.83333
-23.1852
-35.2593
-27.7407
-11.5926
-1.07407
-0.851852
-0.277778
0.333333
3.48148
1.72222
0.796296
-0.5
0
-1.57407
-4.12963
-5.57407
-1.87037
5.61111
10.2037
3.83333
-13.8148
-31.4074
-35.7778
9.05556
21.2407
33.5556
27.2222
3.92593
-25.8704
-37.0185
-27.5185
-9.85185
1.2037
0.62963
0.12963
-0.185185
2.75926
1.14815
0.5
-0.518519
0.0185185
-1.92593
-5.22222
-6.96296
-2.51852
6.48148
12.463
6.57407
-11.5926
-30.9444
-37.6481
9
21.4074
33.9074
27.0926
3.35185
-26.6667
-37.3704
-27.3889
-9.2963
1.94444
1.2037
0.12963
-0.703704
2.2037
1.11111
0.777778
-0.296296
-0.148148
-2.16667
-5.2037
-6.61111
-2.11111
6.62963
12.5741
6.88889
-10.6111
-29.7407
-36.5926
8.2963
20.2037
32.5926
27.0556
5
-24
-35.9074
-27.8704
-11.0741
0.611111
0.888889
0.314815
-0.648148
2.03704
1.2037
1.22222
0.222222
0.111111
-2.01852
-4.68519
-5.68519
-1.38889
6.38889
11.4815
6.01852
-9.83333
-27.1852
-33.4074
7.24074
18.1852
30.2037
26.8519
7.92593
-18.8148
-32.3889
-27.8704
-13.9259
-2.24074
-0.314815
0.148148
-0.703704
1.59259
1.16667
1.81481
1.22222
0.925926
-1.44444
-4.03704
-4.75926
-0.833333
5.85185
9.72222
4.51852
-9.22222
-23.9074
-29.037
6.2037
15.8889
27.1481
26
10.8889
-12.5
-26.8148
-26.0741
-16.1111
-5.96296
-2.94444
-1.37037
-1.35185
1
1.42593
2.55556
2.38889
1.81481
-0.666667
-3.31481
-3.96296
-0.574074
4.90741
7.59259
2.72222
-8.74074
-20.5
-24.2037
5.22222
13.3704
23.6111
24.3333
13.2037
-6.24074
-20.1852
-22.5741
-16.7222
-9.07407
-5.81481
-3.40741
-2.40741
0
0.962963
2.44444
2.98148
2.64815
0.277778
-2.59259
-3.44444
-0.666667
3.83333
5.7037
1.51852
-7.68519
-16.7963
-19.4815
4.07407
10.7593
19.7222
21.963
14.5926
-0.574074
-13.4074
-17.8889
-15.537
-10.537
-8.07407
-5.74074
-4.2037
-1.46296
0.222222
2.18519
3.18519
2.94444
0.666667
-2.14815
-2.88889
-0.481481
3.16667
4.24074
0.481481
-6.77778
-13.3889
-14.8148
2.87037
8.12963
15.8519
19.2037
15.0741
3.83333
-7.51852
-13.2963
-13.3519
-10.1481
-8.22222
-6.61111
-5.57407
-3.37037
-1.2963
1.01852
2.48148
2.53704
0.777778
-1.42593
-1.87037
0.111111
2.53704
2.62963
-0.796296
-5.90741
-9.87037
-10.0185
1.77778
5.59259
12.037
16.2222
14.9074
7.25926
-2.53704
-9.14815
-10.8519
-8.64815
-6.64815
-5.88889
-6.05556
-5.42593
-3.55556
-1.09259
1.05556
1.75926
0.944444
-0.388889
-0.611111
0.648148
1.61111
0.814815
-1.88889
-4.55556
-6
-5.38889
0.740741
3.22222
8.37037
13.0926
14.1852
9.83333
1.83333
-5.01852
-7.85185
-6.5
-4.57407
-4.74074
-6.51852
-7.7037
-6.25926
-3.05556
-0.0185185
1.48148
1.25926
0.666667
0.37037
0.611111
0.148148
-1.14815
-2.61111
-2.81481
-2
-1.01852
-0.0925926
1.16667
4.87037
9.90741
13.0556
11.9074
5.87037
-0.5
-4.03704
-3.61111
-2.85185
-4.44444
-7.72222
-9.83333
-8.40741
-4.66667
-1.03704
0.981481
1.31481
1.27778
0.666667
0.203704
-1.16667
-2.11111
-2.40741
-0.666667
1.14815
1.55556
-0.537037
0.0555556
2.64815
6.90741
10.7778
12.1852
9.59259
5.5
1.72222
-0.388889
-2.88889
-6.46296
-10.2963
-11.8148
-9.7963
-5.53704
-1.68519
0.518519
1.03704
1.27778
0.555556
-0.203704
-1.83333
-2.31481
-1.68519
0.944444
2.92593
2.61111
-0.703704
-0.518519
1.22222
4.5
8.5
11.7778
12.5556
10.6667
6.62963
1.75926
-3.51852
-8.57407
-12.4259
-13.4074
-10.7963
-6.03704
-1.88889
0.388889
0.759259
0.962963
0.12963
-0.574074
-2.12963
-2.09259
-0.907407
2.03704
3.72222
2.83333
-0.814815
-0.888889
0.407407
3.37037
7.51852
11.6667
13.7963
12.7037
8.46296
2.44444
-3.81481
-9.27778
-13.0556
-13.9259
-11.2222
-6.33333
-2.03704
0.277778
0.648148
0.833333
0.0185185
-0.648148
-2.07407
-1.81481
-0.444444
2.5
3.98148
2.81481
-0.166667
-0.611111
0.0555556
0.5
0.777778
0.166667
0.0555556
0.111111
0.222222
-0.222222
-0.5
-0.555556
-0.277778
-0.166667
0
0.111111
0.388889
0.722222
0.833333
0.666667
-0.166667
-0.777778
-1.16667
-0.666667
-0.111111
0.5
0.5
0.111111
-0.333333
-0.333333
0
-0.0555556
-0.277778
-0.444444
-0.111111
0.444444
0.666667
0.111111
-0.333333
-0.388889
-0.166667
-0.166667
-0.166667
0.0555556
0.5
0.666667
0.666667
0.611111
1.55556
2.33333
2.27778
0.222222
-1.77778
-2.88889
-2.27778
-1.22222
-0.111111
0.277778
-0.0555556
-0.777778
-1.16667
-0.5
0.555556
1
-0.666667
0.111111
0.666667
1.16667
0.777778
0.111111
-0.777778
-0.777778
-0.222222
0.555556
1
1.11111
1.77778
2.55556
3.66667
4.5
6.11111
6.38889
4.44444
-0.722222
-4.88889
-6.94444
-6
-4.72222
-2.94444
-1.72222
-1.11111
-1.38889
-1.77778
-1.05556
0.0555556
1
-1.27778
-0.333333
0.388889
1.05556
0.888889
0.722222
0.111111
0.111111
0.388889
1.16667
1.94444
3.33333
5.44444
7.83333
9.72222
11.1667
12.1111
10.9444
6.5
-0.888889
-6.94444
-10.6667
-11.2778
-11.5556
-10.1667
-7.88889
-4.88889
-3.05556
-2.55556
-2
-1.16667
0.111111
-1.27778
-0.833333
-0.277778
0.222222
0.555556
1.05556
1.16667
1.44444
1.66667
3.22222
5.88889
10.2222
13.6111
15.5
14.9444
13.6111
11.1111
8.05556
4.16667
0.166667
-3.66667
-7.27778
-10.9444
-14.9444
-17.7778
-17.1111
-13.2222
-8.16667
-5.11111
-3.5
-2.66667
-1.44444
-0.666667
-0.722222
-0.777778
-0.611111
0
0.944444
1.88889
2.72222
4.22222
7.88889
13.5556
19
20.4444
17.8889
12.7778
7.72222
2.5
-0.666667
-1.16667
1.33333
2.5
1.05556
-3.72222
-9.72222
-16.2222
-20.1111
-19.9444
-15.9444
-11.3889
-7.94444
-5.22222
-2.77778
0.666667
0.555556
-0.166667
-0.833333
-0.666667
0.166667
1.94444
4.5
9.27778
15.8889
22.3889
24
19.2778
10.2222
1.27778
-5.77778
-10.3889
-11.2778
-7.33333
0.388889
7.16667
10.6111
9.38889
5
-2.94444
-12
-19.0556
-21.2222
-18.8333
-14.3333
-9.16667
-4.72222
1.38889
1.44444
0.611111
-0.166667
-0.388889
0.5
3.38889
8.88889
17.1111
23.5
24
15.5
3.72222
-7.16667
-13.1667
-15.8889
-15.7778
-13.1111
-7.77778
-0.333333
6.66667
11.8889
15.0556
16.4444
14.7778
6.88889
-4.72222
-16.5
-21.8889
-21.1111
-15.3889
-8.38889
1.38889
1.05556
0.5
-0.111111
0
1.83333
7.11111
16.1111
24
24.4444
13.8333
-1.72222
-14.5
-20.1667
-20.4444
-17.6667
-13.7778
-9.55556
-5.5
-1.11111
3.61111
8.55556
13.8889
19.2222
23.1111
21.2778
12.4444
-1.94444
-15.1667
-22
-20.7222
-13.7222
0.888889
0.166667
-0.0555556
-0.222222
0.888889
4.83333
12.8889
21.9444
24.1111
15.1111
-2.55556
-17.8333
-24.7222
-22.8333
-17.3333
-11.2222
-6.44444
-3.27778
-1.61111
-0.388889
0.777778
2.44444
5.77778
11.6667
19.2778
24.7222
23.7778
14.3333
-1.22222
-15.7778
-22.4444
-19.0556
0
-0.611111
-0.333333
0
2.5
8.55556
17.7222
22.7222
16.6111
0.777778
-15.5
-22.7778
-21.2778
-14.7778
-7.94444
-2.38889
0.5
0.777778
-0.111111
-0.611111
-0.444444
-0.666667
-0.722222
0.944444
6.5
15.2778
22.7778
23.5556
13.4444
-3.66667
-17.6667
-21.5556
-0.833333
-0.944444
-0.277778
0.777778
4.83333
12.0556
19.7222
17.4444
4.94444
-11.7222
-19.3889
-17.7778
-10.7778
-4.55556
0.333333
3.44444
4.44444
3.16667
1
-0.5
-0.611111
-1.77778
-4.38889
-7.33333
-5.44444
2.38889
13.9444
22.4444
21.7778
8.72222
-7.77778
-19.2778
-1.44444
-1.05556
0.0555556
1.77778
6.88889
13.5
17.7778
10.3333
-3.88889
-16.5
-16.9444
-9.33333
-1.55556
2.16667
2.77778
4.44444
5.44444
4.94444
2.05556
-0.5
-1
-1.55556
-4.22222
-9.44444
-11.6667
-7.16667
3.83333
15.6667
22.0556
16.5
2.83333
-12.4444
-0.666667
-0.5
0.166667
1.66667
7.11111
12.5
14.1111
4.16667
-8.83333
-17.1111
-13.7222
-4.05556
2.77778
4.66667
1.77778
2.22222
3.44444
5.16667
3.33333
0.722222
-1.16667
-1.5
-2.55556
-5.77778
-9.77778
-9.22222
-2.66667
8.22222
17.4444
18.8333
10
-4.55556
0.5
0.555556
0.5
1.22222
5.38889
9.22222
9.16667
0.388889
-9.61111
-14.5
-10.8889
-2.05556
3.38889
4.55556
0.333333
-0.388889
0.277778
3.16667
3.33333
2.5
0.166667
-0.555556
-0.777778
-1.44444
-5
-6.61111
-4.22222
3.5
11.5
16.1111
11.6111
0.944444
1.05556
1.05556
0.555556
0.611111
2.94444
5.44444
4.88889
-1.33333
-8.11111
-10.9444
-8.38889
-2.11111
2.27778
4.16667
1.33333
-0.333333
-1.61111
0.222222
1.61111
3
1.5
0.444444
-0.0555556
0.611111
-1.16667
-2.88889
-2.83333
1.38889
6.83333
11.5
9.38889
2.61111
0.388889
0.777778
0.444444
0.388889
0.666667
1.77778
1.16667
-1.27778
-4.5
-5.66667
-4.5
-1.05556
1.94444
3.61111
2.38889
-0.222222
-2.94444
-3.05556
-0.722222
2.22222
2.66667
1.72222
0.555556
0.333333
-0.388889
-0.944444
-0.777778
0.944444
3.22222
5.33333
4.33333
1.27778
-0.277778
0.111111
0.0555556
0.0555556
-0.722222
-0.666667
-0.722222
0
-0.166667
-0.611111
-1.38889
-1
0.666667
2.83333
3.66667
1.55556
-1.94444
-4.05556
-2.88889
-0.166667
1.61111
1.55556
0.5
-0.388889
-0.277778
0.388889
1
0.833333
0.333333
0.0555556
-0.111111
-0.222222
-0.277778
0
-0.166667
-0.611111
-2.11111
-2.88889
-2.33333
0.944444
3.66667
4.05556
1.66667
-1.22222
-0.944444
1.16667
3.94444
2.16667
-1
-4.05556
-3.27778
-1.22222
1.16667
1.27778
0.111111
-1.38889
-0.388889
1.55556
2.61111
0.888889
-2
-4
-3.27778
-0.666667
0.0555556
0.222222
-0.166667
-1.22222
-3.22222
-4.77778
-3.88889
0.777778
6
7.77778
4.61111
-1.22222
-3
-1.27778
3
2.38889
0.388889
-2.66667
-2.77778
-1.94444
0
0.0555556
-0.777778
-1.27778
1.61111
4.22222
4.16667
0.166667
-4.27778
-5.72222
-2.16667
4.16667
0
0.277778
0.166667
-1.11111
-4.33333
-7.94444
-8.11111
-1.27778
7.88889
13
9.44444
0.777778
-4.61111
-5.16667
-1.05556
0.0555556
0.944444
-0.5
-0.777778
-1.77778
-1
-1
-0.5
0.944444
4.94444
6.88889
4.66667
-0.833333
-4.61111
-2.77778
4.66667
13.6111
-0.111111
0
0.166667
-0.777778
-5.22222
-11.1667
-13.3889
-5.11111
7.83333
17.2222
15.1111
5.66667
-3.22222
-7.27778
-5.77778
-3.66667
-0.888889
-0.166667
-0.111111
-1.33333
-1.44444
-0.777778
1.83333
5.55556
9.11111
8.27778
3.11111
-2.94444
-4.05556
2.5
14.3333
24.6667
-0.222222
-0.666667
-0.222222
-0.444444
-5.5
-13.5
-18.8333
-10.8333
4.61111
18.8333
20.2222
12.3333
1.55556
-5.72222
-7.77778
-6.16667
-2.77778
-0.277778
0.444444
-0.277778
-0.611111
1.05556
4.72222
8.66667
9.55556
5.83333
-0.833333
-5.27778
-2.33333
8.55556
21.3889
28.3333
-0.222222
-0.944444
-0.666667
-0.611111
-4.72222
-12.3333
-19.7778
-16.6667
-4.05556
12.2778
21.1667
19.7778
11.6667
2.5
-3.16667
-5.05556
-4.11111
-2.11111
-0.5
0.5
1
2.88889
5.44444
7.33333
5.5
0.333333
-5.44444
-7.16667
-1.61111
9.38889
19.4444
22.5
-0.166667
-0.611111
-0.555556
-0.277778
-2.77778
-8.77778
-17.3889
-20.6111
-14.3333
0.333333
15.3889
22.6667
20.9444
13.3889
5.66667
0.611111
-1.33333
-1.11111
-0.333333
0.444444
0.833333
1.83333
2.27778
2.05556
-0.777778
-4.55556
-7.55556
-6.44444
-0.777778
7
12
11.8333
0.277778
0.5
0.333333
0.166667
-1.22222
-5.05556
-12.6667
-20.2778
-21.3889
-13
2.72222
16.4444
23.3333
22
16.5
9.94444
4.72222
1.55556
0.333333
-0.0555556
-0.5
-0.944444
-1.88889
-2.83333
-4.72222
-5.94444
-5.88889
-3.33333
0.166667
3.11111
4.22222
3.61111
0.888889
1.22222
0.722222
0.222222
-0.722222
-2.83333
-8.33333
-16.1667
-21.8333
-21
-11.7778
1.72222
14.8333
22.7778
24
19.4444
12.3333
6.11111
2.16667
-0.166667
-2.27778
-3.66667
-4.38889
-3.94444
-3.72222
-2.72222
-1.55556
0.0555556
0.5
0.444444
0.333333
0.444444
1
1.44444
0.944444
-0.222222
-1.16667
-2.11111
-4.55556
-10.0556
-16.7778
-21.6667
-20.5556
-13
1.22222
15.9444
25.9444
25
17.3333
8.38889
2.94444
0.277778
-1.88889
-2.94444
-2.94444
-1.66667
-0.444444
0.722222
1.33333
1.11111
0
-0.722222
-0.444444
0.0555556
0.555556
0.944444
0.444444
-0.611111
-1.38889
-1.77778
-2.33333
-4.88889
-9.61111
-15.4444
-18.7778
-16.7778
-6.55556
7.5
19.3889
21.0556
15.3889
7.44444
2.72222
0.611111
-0.722222
-1.27778
-0.944444
0.444444
1.61111
2.27778
1.88889
0.833333
-0.5
-0.777778
-0.333333
0.111111
0.0555556
0.277778
0.0555556
-0.611111
-0.944444
-1.33333
-1.05556
-1.5
-3
-5.66667
-7.33333
-6.44444
-3.16667
1.55556
5.5
7.22222
5.88889
3.16667
1.22222
0.444444
0.222222
-0.0555556
0
0.555556
0.888889
0.888889
0.611111
0.388889
0.222222
0.277778
0.277778
0.166667
-0.388889
-0.555556
-0.5
-0.222222
-0.111111
-0.444444
-0.222222
0.833333
2.72222
5
7.5
9
4.94444
-2.22222
-9.77778
-10
-6.61111
-2.55556
-0.611111
-0.277778
0.166667
-0.166667
-0.388889
-0.388889
-0.777778
-0.777778
-0.611111
0.5
1.27778
1.44444
0.777778
0.166667
-0.555556
-0.944444
-0.5
0.388889
0.944444
0.944444
1.55556
3.88889
8.5
14.2778
18.5556
17.4444
6.55556
-8.83333
-21.6667
-22.1667
-15.4444
-7.05556
-2.66667
-0.888889
0.166667
0.5
0.5
0
-0.555556
-1.22222
-1.11111
-0.277778
1.33333
2.05556
1.83333
1.05556
0.12
0.62
0.9
0.98
0.96
1.52
2.76
4.68
7.16
10.06
12.54
14.28
15.2
14.82
12.94
9.68
5.38
0.02
-5.4
-10.14
-13.52
-15.44
-15.78
-14.72
-12.62
-9.94
-7.4
-4.94
0.04
0.62
1.06
1.56
2.24
3.98
6.78
10.32
14.22
17.76
19.8
20.24
19.54
17.32
13.96
9.9
5.32
-0.24
-5.62
-10.64
-14.9
-18.26
-20.06
-20.62
-19.64
-17.12
-13.84
-10.28
-0.16
0.48
1.26
2.6
4.8
8.24
12.68
17.6
21.88
24.5
24.82
22.92
19.4
15.22
10.94
6.96
3.54
0.2
-3.5
-7.6
-11.94
-16.6
-20.72
-23.68
-24.86
-23.84
-20.9
-16.78
-0.18
0.46
1.78
4.44
8.56
13.98
19.92
25.32
28.26
28.22
25.3
19.88
13.02
7.22
2.9
0.3
-0.4
0.38
0.38
-1.04
-4.08
-8.88
-15.02
-20.98
-25.48
-27.58
-26.78
-23.5
0.24
1
3.06
7.22
13.28
20.36
26.96
31.1
30.82
26.6
19.2
9.84
0.82
-5.36
-8.54
-8.5
-5.48
-0.5
4.18
7.12
7.24
4.28
-1.98
-10.34
-18.94
-25.58
-29.08
-28.88
0.78
2.22
5.6
11.3
19.08
26.42
31.08
31.2
26.08
16.48
5.44
-4.92
-12.66
-16.4
-16.14
-12.94
-7.58
-0.74
6.16
11.82
15.26
15.58
12.26
4.86
-5.6
-16.54
-24.94
-29.84
1.32
3.76
8.66
15.92
24.24
30.14
31.3
26.58
16.22
3.12
-8.7
-17.38
-22.18
-22.28
-19.08
-14.16
-8
-0.68
6.5
12.96
18.26
21.26
21.18
17
8.3
-3.86
-15.52
-24.9
2.04
5.76
12.08
19.9
27.2
30.2
27.02
17.54
3.92
-9.62
-19.62
-24.82
-25.36
-21.98
-17.04
-11.74
-6.36
-0.76
4.82
10.3
15.7
20.6
24.02
24.08
19.28
9.04
-3.58
-16.16
3
8.06
15.26
22.36
27.54
26.66
19.06
6.2
-7.78
-19.1
-25.16
-25.7
-21.98
-16.1
-10.62
-6.26
-2.9
-0.32
2.08
4.96
8.88
14.04
20.02
24.46
24.84
18.96
8.24
-5.28
4.04
10.04
17.12
22.6
25.26
20.24
9.08
-4.54
-16.16
-23.66
-24.38
-19.88
-13.58
-6.94
-2.06
0.34
0.96
0.9
-0.2
-0.82
0.44
3.9
10.18
17.92
23.84
23.52
17.32
5.82
4.64
10.68
16.7
20.42
20.44
12.64
0.64
-10.86
-19.06
-21.78
-18.08
-11.26
-5.36
0.38
3.3
3.66
2.9
2.16
-0.7
-3.58
-4.9
-3.9
0.26
8.36
17.66
22.5
20.94
13.46
4.84
10.22
14.74
16.5
14.68
5.72
-5.54
-14.08
-18.44
-17.62
-11.62
-4.42
0.08
4.18
5.54
4.86
3.62
2.9
-0.4
-4.06
-6.68
-7.16
-5.06
1.66
11.2
18.74
20.34
16.46
4.6
8.72
11.44
11.78
9.18
0.62
-8.64
-13.88
-15.34
-12.72
-6.04
0.32
2.76
5.02
5.18
3.86
2.8
3
0.42
-2.76
-5.36
-6.82
-6.64
-2.02
6.02
13.76
17.02
15.9
3.64
6.14
7.26
7.04
4.56
-2.14
-8.6
-11.1
-11.04
-8
-2.12
2.7
3.36
4.04
3.26
1.7
1.1
2.42
1.16
-0.78
-2.6
-4.26
-5.4
-2.84
2.82
8.96
12.12
12.52
1.92
2.88
3.08
2.96
1.24
-2.42
-5.64
-6.54
-6.2
-3.76
-0.12
2.38
2.44
2.2
1
-0.14
0.04
1.28
1.14
0.48
-0.5
-1.64
-2.62
-1.5
1.52
5.28
6.98
7.44
0.18
-0.02
-0.28
-0.24
-0.62
-1.32
-1.98
-2.16
-1.78
-0.7
0.66
1.64
1.9
0.96
-0.38
-1.26
-1.22
-0.94
-0.26
0.38
0.56
0.46
0.68
1.08
1.7
2.98
3.66
4.04
-1.44
-2.9
-3.84
-3.64
-2.78
-0.26
2.14
3.08
3.18
2.7
1.48
0.38
0.36
-0.9
-2
-2.4
-2.08
-2.16
-0.78
0.88
2.04
2.58
3.48
3.4
2.48
2.1
2.68
3.88
-3
-5.76
-7.56
-7.46
-5.58
-0.06
5.5
8.16
8.5
6.64
2.66
-0.68
-1.32
-2.86
-3.32
-2.76
-2.1
-2.6
-0.76
1.56
3.38
4.54
5.88
5.26
3.26
2.14
3.3
6.06
-4.24
-8.06
-10.96
-11.58
-9.18
-1.6
6.86
12.16
13.84
11.36
5.34
-0.2
-2.16
-4.36
-4.32
-2.82
-1.82
-2.7
-0.48
2.34
4.54
6.08
7.54
6.22
3.44
2.4
4.9
9.82
-4.72
-9.48
-13.74
-15.72
-13.96
-5.52
5.36
13.86
18.1
16.88
10.48
3.2
-1.12
-4.56
-5.06
-3.6
-2.36
-2.32
0.36
3.6
6.08
7.58
8.1
5.86
2.78
2.54
6.98
14.48
-4.68
-10.32
-16.14
-19.76
-19.72
-11.64
0.82
12.58
19.96
21.76
16.86
9.08
2.76
-1.82
-3.38
-2.66
-1.52
-0.74
1.64
4.34
6.32
7.18
6.32
3.68
1.36
2.56
8.42
17.44
-4.1
-9.88
-16.62
-22.04
-24.2
-18.6
-7.18
6.22
17.46
23.6
22.84
17.64
11.3
5.28
1.78
0.48
0.08
0.2
1.7
3.48
4.62
4.76
3.12
0.48
-1.04
1.04
7.18
16.08
-3.04
-8.22
-15.12
-22.02
-26.7
-24.76
-16.34
-3.56
10.4
21.2
26.04
25.46
21.36
15
9.38
5.36
2.56
1.06
1.08
1.74
1.92
1.5
-0.42
-2.52
-3.2
-0.66
4.9
12.48
-1.64
-6.06
-12.46
-20
-26.82
-28.48
-23.94
-13.94
0.36
14.64
24.84
29.62
29.48
24.54
17.7
11.1
5.8
2.36
0.48
-0.22
-0.76
-1.44
-3.16
-4.36
-4.04
-1.4
2.98
8.48
-0.72
-4.14
-9.56
-16.7
-24.18
-28.74
-28.4
-22.02
-9.6
5.44
19.4
29.26
33.28
30.86
24.42
16.34
8.84
3.32
-0.32
-2.22
-3.08
-3.26
-4
-4.08
-3.06
-0.9
1.46
4.4
-0.34
-2.58
-6.42
-12.34
-19.02
-24.74
-27.24
-24.46
-14.96
-1.66
12.66
24.4
30.8
30.32
25
17.12
9.32
3.28
-0.74
-2.84
-3.58
-3.28
-3.2
-2.76
-1.78
-0.44
0.36
1.38
-0.26
-1.46
-3.74
-7.74
-12.46
-16.84
-19.48
-18.9
-13.24
-4.08
6.3
15.28
21.1
21.88
18.5
12.96
7.28
2.6
-0.58
-2.22
-2.76
-2.34
-1.94
-1.4
-0.64
0.26
0.48
0.62
-0.14
-0.62
-1.48
-3.24
-5.1
-6.64
-7.58
-7.54
-5.72
-2.46
1.24
4.38
6.56
7.44
6.56
4.64
2.7
1.08
-0.24
-0.96
-1.04
-0.68
-0.3
0
0.44
0.96
1.04
0.96