-2.75
0.75
3.5
6.75
6.375
3.625
-3.25
-6
-4.875
-1.75
3.375
3.125
-0.875
-2.25
-4.5
-6.5
-7
-8
-3.25
5.125
11.25
12.375
7.875
5.5
0.5
-0.625
-0.875
-7.875
-11
-19.375
-24.5
-23.75
-20.375
-14.625
-1.125
-1
-3.25
-0.125
3.375
1.875
-3.125
-8
-9.625
-6.5
-3.625
-3.25
-3.875
-4.25
-2.875
-7.375
-12.375
-13.25
-11.75
-4.125
3.5
6.75
7.125
10.375
7.625
8.25
5.5
-5.625
-13.25
-22.125
-25.375
-21.625
-16.375
-13.5
3.5
0
-4
-3.875
-1.375
-0.875
-3.375
-6.625
-7.875
-8.5
-8.875
-7.25
-5.625
-6.375
-10.125
-16.75
-22.125
-22
-20.875
-20.25
-16.25
-10
0
6.625
7.5
7.125
0.875
-6.375
-13.25
-19.125
-19.25
-12.625
-6.625
-5.125
4.75
-1.5
-5.5
-9.375
-10.625
-8.25
-6.25
-4.125
-3.875
-7.625
-11.75
-15.625
-18.625
-22.75
-30
-33.125
-33.375
-31.375
-28.125
-28.875
-27.75
-20.625
-10.125
-6.625
-3.625
-4.5
-9
-8.75
-10.75
-12.25
-10.875
-7.625
-5.75
-5.5
8.375
1
-6.125
-14.25
-19.25
-16.75
-10
-4
-3.75
-8.125
-15.25
-25
-32.75
-38.125
-40.875
-37.25
-32.125
-27.625
-23.25
-21.75
-20.375
-17.5
-16
-16.75
-14.25
-12.5
-10
-4.375
-3.125
-4.5
-6
-9.625
-12.125
-11.25
7.25
2.625
-3.75
-12.25
-19.25
-19
-13.125
-7
-6.125
-10.625
-18.5
-28.125
-34.25
-34.75
-31.125
-23.875
-17.125
-12.375
-8.625
-6.625
-5.375
-6.375
-9.25
-12.75
-15.125
-13.75
-10.125
-4.75
-0.75
-1.25
-3.75
-7.375
-10.25
-9.875
-1.5
-2.125
-2.625
-6
-9.75
-12.25
-11.5
-8.375
-9.625
-14.5
-20.375
-25.375
-24.25
-17.625
-10.125
-1.625
6.375
12.5
17.75
19.75
18.625
14
7.75
1.25
-6
-9.625
-11.625
-12
-7.5
-1.875
2
4.375
1.875
-2.25
-8.875
-7.875
-6.625
-5.875
-5
-5.25
-4.125
-5.125
-11.125
-16.5
-19.375
-17
-7.625
4.125
15
25.875
34.75
40.875
45.125
45.875
44.25
39.25
31.125
22.375
11.625
2
-5.625
-11.375
-11.625
-6
0
3.75
3.25
-1.25
-10.375
-8
-8.25
-7
-4.625
-0.5
2.375
-2.5
-9.5
-14.5
-13.25
-2.75
11.25
24
34.25
41
42
40.125
37.25
35.5
36.75
39.375
41.125
40
33.5
22
10
-0.75
-8.625
-10.5
-9.125
-6.875
-3
-1.125
-6.125
-3.25
-3.375
-1.25
2.375
4.5
2.125
-3.875
-9
-9.375
-0.875
12.875
24.25
30.25
31.25
26.375
19.5
14
10
9
10.25
15
22.875
30.375
35.625
33.125
23.875
12.25
-0.375
-8.5
-10.125
-7.75
-2.125
4
0.375
0.75
0.875
4.375
8.125
5.25
-0.875
-5.5
-8.25
-2.75
8.25
17.375
21.125
18.5
10.5
-0.25
-6.5
-8.125
-7.375
-6.125
-7.875
-9.125
-6.5
0.75
13.125
23.75
26
21.125
10.625
-0.75
-5.625
-4.375
-0.125
4.25
3.25
3.625
3
4.875
5
0.375
-3.625
-6.125
-6.125
-0.75
2.875
1.75
-2
-8.875
-18.375
-27.25
-32
-30.875
-26
-22.625
-25.125
-30.5
-33.25
-27.75
-13.75
3.875
17.75
21.25
17
7.25
-1.75
-3.25
-1.875
-0.875
2.375
4.875
3.5
2
-1.375
-4.5
-5.875
-6.75
-5.125
-4.375
-8.625
-16.5
-23.75
-30
-33.5
-35.375
-38.875
-39.25
-36.875
-35.375
-32.75
-32.75
-35.25
-32
-23.875
-10.25
6.875
15.875
16.625
11.375
1.875
-2.625
-3.375
-2.5
0.875
3.375
3
-0.125
-4.625
-6
-5.875
-4.75
-1.25
-1.375
-5.375
-11
-15.25
-16.625
-11
-5.5
-7.625
-12.875
-20.875
-25
-17.25
-8.125
-6.75
-7.75
-11.125
-9.875
0.875
10.875
14.5
12.625
5.875
-1.25
-2.625
-0.375
-0.375
0.75
2.625
0.375
-3.75
-5.25
-4.375
0.625
8.5
13.125
13.625
10.625
9.125
11.75
18.375
22.625
19.625
11
0.375
-4.125
0.5
7.75
9.875
7.5
1.375
-3.625
-0.625
6.5
10.75
11.125
7.625
0.5
-1.625
-0.125
-4.125
-4.5
-0.75
0
-1.875
-3.125
-2.125
4.75
15.125
22.625
24.625
20.625
16.5
17.625
18
16.375
13.75
7.625
4.75
4.375
4.5
4.5
4.125
3.625
1.5
-1.125
-1
2.75
5.375
6.5
5.125
0.625
-1.5
-1.375
-10.875
-13.5
-9.5
-5
-2.75
-1.5
-0.5
4.375
11.625
16.625
17.125
13.125
8
5.625
2.125
-2
-1.25
1.125
4.875
8.125
6.625
1.875
-0.125
-0.375
-0.625
-1.125
-1.125
1.25
2.625
3.375
3
0.375
-1.5
-1.75
-13.25
-16.125
-14.25
-9.125
-4.125
-1.25
-0.5
1.875
4.5
5.875
5.5
3.125
0.5
-2.875
-8
-10.375
-5.25
3.75
10.125
13
8.375
1.5
-0.125
-0.625
-0.5
-1
-1.25
-0.25
0.625
1.125
1.375
0.375
-1
-1.5
-10.5
-8.875
-7.625
-5
-1.75
-0.25
-0.125
0.25
0
0.125
0.375
-0.625
-2.125
-6.25
-11.125
-9.25
-1.625
7.125
12.875
11.5
5
0.5
-0.125
0.125
0.25
-0.25
-0.875
-1.375
-1.375
-1.375
-0.875
-0.125
-0.125
-0.875
-7.125
-3.625
-1.25
-0.625
0.125
0.25
0.125
-1.125
-2.375
-2.125
-1.5
-1.5
-3.875
-9.125
-11.375
-6.125
1.875
8.625
11.5
7
1.125
-0.625
-0.75
-0.375
-0.5
-0.25
-1
-2.125
-2.75
-3.5
-2.875
-1.125
0
-0.625
-1
-0.5
-0.625
-1
-0.5
-0.125
0
-2.625
-4.875
-5
-4.625
-3.25
-5.5
-10.5
-10.25
-5.125
-0.125
3.875
4
-0.375
-4
-4.625
-4.5
-4
-2.625
-0.625
-1.625
-4.5
-5.875
-6.625
-5.5
-1.75
0.125
-0.125
4.375
2.5
-1.375
-2.125
-0.875
0.5
1
-3.25
-8.125
-9.25
-8.5
-5.375
-5.75
-9.375
-10.375
-11.375
-13
-14.125
-12.75
-11.25
-10.625
-9.875
-10.125
-9
-3.625
1
-0.5
-5.875
-9
-9.25
-7.25
-1.375
1
1.125
3.625
1.375
-2.75
-3.5
-1.5
0.5
1.75
-2.5
-9.375
-11
-9.25
-5.375
-3
-4.125
-8
-14.375
-20.625
-24.625
-19.875
-10.75
-4.625
-1.625
-1.25
-0.375
3.875
6.25
1.125
-7.25
-11.25
-10.625
-6.25
0.25
2.375
2.375
2
1.625
-1
-2.375
-1
0.625
2.375
-0.125
-7.25
-9.375
-5.625
1.125
9.875
15.875
16.375
14.125
9.625
6.25
6.75
12.75
19.5
23.25
25.75
23.75
18.875
10.625
-2.125
-12
-14.75
-11.25
-3
2.75
4
3.125
5.375
6.875
4.75
1.375
0.25
1.25
3.25
2.625
-3.5
-9
-5.875
4.75
19.25
33.875
42.125
45
44.75
41.75
35.25
32
32.75
34.625
37
32.5
20.875
4.375
-11
-17.75
-16.875
-8.875
0.625
3.875
4.125
2.75
5.5
6.5
6.125
2.625
-0.375
0.25
2.375
3.5
0.375
-8.625
-13.125
-8.125
1.125
14.875
25.625
30
32
30.375
25.125
20.25
18.25
18.625
19.25
14.375
2.25
-11
-20.25
-20.375
-13.125
-3
3.75
3.75
2.375
0.625
-2.875
-1.75
1.5
1.125
-1.375
-0.75
1.25
3.625
4.125
-3.25
-14.25
-21.375
-23.875
-19.625
-10.625
-2.75
2.625
5
4.375
3
1.875
0.5
-2.5
-10.125
-19.875
-25.125
-24.75
-17
-5.375
3
5.25
3
-0.75
-3.875
-7.25
-5
-0.875
1.125
0
-0.5
1.375
4.125
6.75
4.75
-4.5
-17
-27.375
-33.75
-32.75
-26.625
-20.25
-14.875
-12.875
-12.5
-14.375
-18.375
-24.5
-30.375
-31.625
-28.125
-18.875
-7.125
2.125
5
2.875
-0.875
-5.25
-6.75
-4.25
-3.375
-2
-0.125
0.125
-1.75
-1.25
1.875
5.75
8.625
6.25
-2.75
-14
-25.625
-35.25
-40.25
-41.875
-41
-40
-40
-41
-42.25
-42
-36.75
-27.375
-16.75
-4.75
4.125
6.875
4
-0.375
-4.75
-6.125
-3.625
-1.5
-3.125
-4.625
-4.25
-3.25
-4.125
-5.5
-3.75
0.375
5.5
10
8.375
2
-6.5
-17.625
-28.125
-36.125
-41.75
-43.875
-44.125
-42.125
-37.75
-30.375
-20
-9.75
0
7.625
9.25
6.375
1.875
-2
-3.375
-1
1.625
0.25
-2.125
-4.5
-4.5
-3.5
-3.125
-4.75
-7
-6
-1.875
4.875
10.625
11.875
9.375
3.5
-3.75
-9.25
-13.625
-15.625
-15.375
-13.375
-9.5
-3.75
2
6.375
10.125
9.75
5
0.25
-2.75
-3.75
-1.625
1.375
1.875
0.25
-1.125
-2.625
-2.5
-1.75
-1
-1.75
-5.125
-7.875
-7.875
-4.875
1.875
8.625
12.25
13.75
13.125
13.25
13.5
13.625
13.625
12.875
12.5
13
12
10
7.125
1.5
-2.875
-5.125
-4.75
-3.5
-2.25
-1.5
-2.25
-1.375
-1.375
-1.625
-2.375
-2.25
-1.25
-0.75
-1.625
-4.125
-7.5
-10.25
-9.25
-5.25
-0.25
6
11.5
16
19.375
20.75
20.125
17.75
14.5
10.375
5.75
2.25
-1.375
-3.5
-4
-4.25
-2.375
-1.375
-1.25
-2.125
-3.5
0.75
0.75
-0.375
-2
-2.625
-2.5
-1.5
-0.875
-1.375
-3.625
-7
-9.375
-10.875
-10.25
-8
-5.375
-3.625
-2.5
-2.625
-3.25
-3.75
-4.375
-6
-6
-4.125
-2.375
0.125
0.375
-0.75
-1.25
-1
0
-0.375
-1
-4.25
2.25
22.25
21.5
-4.875
-13.375
3.75
11.5
9.875
16
15.375
4.875
-2.625
-5
2.5
4.75
-10.5
-21
-19
-11.125
-12.25
-24.625
-22.125
2.75
22.75
7.875
-3.875
24.125
37.75
13.875
-9
-16.5
-13.875
-8.375
-6.625
-1.75
25.75
27.625
-5.625
-20.875
-3.375
9.25
13.125
20
17.375
6.5
-3.125
-7.5
-0.375
0.125
-14.625
-20.25
-12.5
-4.625
-9.5
-23.5
-21.875
4.375
22.625
3.5
-6.75
18.875
28
5.875
-10.625
-8.625
-4.125
-6.25
-9
-6.5
25.75
32.375
-2.875
-24.375
-9.875
7.125
17.375
22.75
15.125
4.25
-3.375
-8.875
-4.875
-6
-17.625
-17
-6.875
-0.25
-5.25
-18
-16.25
5.875
17
-0.875
-6.125
12.125
15.75
1.625
-6.5
-2.125
0.375
-6.125
-13.75
-15.25
20.5
34.125
1.125
-24.25
-12.25
6.875
17.875
20.375
10.75
1.375
-3.625
-10.5
-10.25
-10.375
-17.625
-13.875
-3.625
0.625
-2.75
-9.625
-7.375
8.125
15.125
-0.25
-6.75
4.5
7.5
0.25
-2.375
2.125
1.75
-6.75
-16.625
-21
11.375
27.75
1
-19.25
-6.5
9
15.75
14.875
4.25
-3.5
-6.75
-13.375
-14.125
-11
-11.625
-7.625
-2.75
-2
-1.875
-1.75
1
7
9
2.75
-0.5
3.125
2.875
-2.25
-2.5
3.125
2.875
-5.5
-17.5
-22.875
3
19
-2
-14.75
1.375
13.5
13.625
6.625
-5.25
-10.375
-10.25
-12.5
-11.875
-7.875
-5.375
-3.125
-2.125
-1.875
-0.625
1.375
4.25
4.75
4.125
4.25
3.875
4.75
4.5
0
-2.5
0.875
0.5
-5.875
-17.5
-22.125
-3.375
9.75
-4.5
-10
6.5
16.375
10.875
-2.75
-13.125
-13.625
-10.75
-8.625
-4.125
1.125
3.625
4
2.25
-0.5
-3.125
-4.75
-4.25
-2
2.25
5.125
4.875
6.5
8.5
4.375
-1.5
-2.375
-4.375
-8.25
-16.375
-19.625
-6.875
2.875
-6
-4.75
12.375
15.625
2.625
-10.5
-14.875
-11.25
-4.625
2.875
8.25
9.375
8.25
6.125
3.125
-0.375
-3.5
-6.5
-9.875
-10.625
-7.125
-1.75
2.875
6.375
8.875
7.25
1.75
-2.75
-7
-9.75
-14.375
-16.25
-5.5
1
-5.875
-1
13.125
9.25
-5.75
-13.75
-11
-1.75
7.75
14
14.5
11.5
9.25
6.875
3.25
-0.75
-3.75
-6.375
-10.125
-12.5
-13.25
-13.25
-8.75
-0.25
7.625
11.5
8.375
0.375
-8.25
-11.875
-14.625
-14.25
-3.625
1.5
-1.875
3
8.875
-0.375
-12
-11.375
-0.375
11.375
17.75
18.75
15.5
11.375
9
6.75
3.25
-1
-4.25
-6.5
-9.625
-12.125
-14.125
-17.875
-19.125
-11.75
0.625
10
11.875
5
-5.875
-10.75
-14.375
-13
-2.875
2.375
2.375
5
2.875
-9.5
-14.75
-4.25
10.75
20.625
23.375
19.5
11.25
4.25
3.25
5.375
3.625
-1.875
-5.125
-4.375
-3
-4
-8.375
-16.75
-24.25
-22.125
-10.875
1.75
10.125
10.125
1.625
-7.25
-12.5
-12.875
-3.25
3.375
5.5
2.375
-7.375
-14.625
-9.375
2.75
14.125
22
23.5
14.875
0.375
-7
-1.25
9.125
10
-0.125
-9.875
-9.25
0.5
8.75
8
-4.375
-21.5
-28.75
-22
-7.75
6
13
7.875
-4.625
-10.875
-14.875
-4.75
5
6.625
-3.25
-14.875
-14.25
-3.625
5.625
12.625
18.75
19.25
9
-5
-9.375
-2.875
7.25
10.875
2.125
-8.75
-8.75
-0.5
11
20.125
13
-9.125
-28.375
-31.625
-18.375
-0.125
12.625
12.125
-1
-5.625
-14.625
-8.25
2.875
4.875
-7.5
-16.625
-10
2
6.875
7.625
10.75
15.25
9.875
-3.5
-9.25
-7.625
0.375
9.125
4.75
-4.5
-5.125
-2.5
7.75
26.125
26.125
3.875
-21.125
-34.5
-27.625
-8.875
8.5
14.125
3.125
-0.625
-13.25
-10.875
0.125
1.5
-10.5
-14.875
-3.375
10
9.625
0.625
0.125
11.625
15.25
2.125
-10.125
-14.125
-7.5
4.875
5.625
1.5
2.25
-3.875
0.5
26.375
34.125
13.375
-13.25
-33
-33.375
-16.625
3
14.125
8.125
1.875
-9.5
-10.25
-1.25
-1.875
-12.375
-11.375
4
18.625
14.125
-3.625
-8.125
8.5
20.125
9
-9.625
-21
-15.375
0.25
5.125
7.75
11.5
-4.625
-9.375
21.25
36.375
18.25
-6.75
-28.875
-36.5
-23.375
-2.375
13.5
12.875
-2.125
-6
-5
1
-4
-13.5
-7.75
11.375
27.875
19.625
-6.625
-15.875
5.25
24.875
11.875
-16.5
-26
-9.625
3.625
-0.375
4.625
13.875
-4.375
-13.625
17.875
36.375
19.375
-3
-23.875
-36.875
-28.5
-7.125
12.25
15.5
-7.25
-4.375
1.25
5.125
-4.375
-14
-5.5
16.625
35
23.375
-9.5
-22.125
1.25
25.125
9.25
-23.375
-22.75
3.75
8.375
-8
-2.375
13.25
-3.375
-14.125
17
36
19.25
-1.75
-21.625
-36.375
-30.125
-9.125
11.25
15.75
-9
-2.375
6.125
9.75
-2.5
-14
-5.375
18.25
37.75
24.875
-10.625
-25.375
-2.375
21.25
4.625
-23.5
-12.625
16.875
10.875
-15.5
-8.75
11.75
-2.875
-14.125
16.25
35.75
19.375
-1.125
-20.625
-36.625
-30.875
-9.125
10.875
14.625
-10.125
-2.375
9
13.125
-0.625
-13.25
-5.625
17.625
37.625
25.375
-10.25
-26.25
-5.375
15.625
-0.125
-18.375
2.625
27.625
8
-24.25
-14.125
10.375
-2
-13.125
15.5
34.75
19.5
-1.625
-21.75
-36.5
-29.375
-7.375
11
12.625
-7.5
-2.75
7.875
13.5
1.75
-12.125
-7.5
14.375
35.125
26.25
-7.375
-25.75
-9
8.75
-2.5
-8.625
14.125
27.375
2.75
-25.875
-16.5
6.875
-0.75
-9
16.375
33.625
19.125
-4
-25.125
-35.875
-25.5
-3.75
11.875
10.125
-5.875
-4.25
4.875
13.375
5.375
-10
-9.75
9.25
30.125
26.75
-2.25
-23.125
-13
0.875
-4.625
-2.625
17.75
23.875
2.75
-19.25
-17.125
-0.875
-0.375
-0.75
20.625
32.5
17
-8.125
-29.5
-34.75
-20
1.125
12.75
7.125
-6.875
-7.375
1.25
12.75
9.75
-6.5
-11.75
3.25
23.375
26.5
4.75
-18.625
-15.75
-4.375
-5.5
-0.375
14.625
17.875
7.125
-6.75
-13.625
-7.375
-0.75
7.125
23.375
27.5
10.375
-15.25
-33
-30.125
-12.25
6.25
12.875
3.875
-6.75
-9.625
-3
10.125
13.75
-1.125
-12.875
-4.125
14.5
24.875
14.625
-6.875
-11.625
-4.625
-4.125
-0.875
7.875
11.5
10
2.5
-9.5
-10.75
-1.25
10.5
21.125
18.125
-1.375
-23.25
-32.25
-22.25
-3.75
10.5
11.75
0.625
-4.875
-10.625
-7.75
5.625
15.5
4.5
-11.25
-9.375
5
19
20.875
8.25
-0.5
-0.875
-2.875
-3
2
7
11
8.25
-4.75
-10.625
-2
9.5
13.625
3.625
-14.5
-27
-26.375
-12.875
3.625
12.625
9.125
-1.5
-2.25
-8
-9.875
0.625
14.125
9
-7.125
-11.75
-2.875
11.125
20.125
17.875
12.625
8.375
2.625
-0.5
0.75
3.625
7.375
6.75
-1
-6.125
-2.5
2.125
-1.5
-12
-22.25
-25.125
-16.875
-2.25
9.5
11.25
4.125
-2.875
1.125
-4
-10
-3.625
10.375
11.75
-0.5
-10.875
-9.625
2
14.75
20.875
21.125
17.375
11.625
6.75
3.375
1.75
1.875
1.75
-0.625
-4
-6.25
-9.875
-15.625
-20.125
-22
-17.25
-5.375
6.25
10.75
6.25
-0.5
-3.125
2.25
-0.5
-7.375
-4.625
6
10.25
5.125
-5.125
-11.75
-7
4.25
14.75
19.875
17.75
14.5
12.375
7.75
2.875
0.875
-0.25
-2.875
-6.625
-9.75
-13.625
-18.375
-19.375
-15.125
-6.125
4.125
8.25
6.125
1.625
-2
-2.25
2
2.125
-4.25
-3.625
3.875
8.25
7.25
0.625
-7.5
-9.625
-5.25
3
11.25
14.125
13.5
12.25
8.125
3.25
0.75
-0.75
-3
-6.25
-9.25
-12.75
-15.375
-12.25
-4.5
3.875
8.125
5
0.625
-1.25
-2.125
-1.375
0.75
1.625
-2.625
-1.75
3.5
5.875
6.75
4.25
-2.125
-6.5
-7
-4.625
0.25
5.5
9.125
10.125
7.125
3.25
1.125
-0.625
-2.875
-5.75
-8.125
-8.75
-6.5
-2
3.125
6.75
5.625
0.125
-3
-1.375
0
-0.125
-2.25
-1.625
-2.5
1
5.25
3.375
3.25
5.25
2.25
-2.375
-3.625
-3.125
-3.625
-3.875
-1.25
2.5
3.5
2.375
0.875
-0.625
-1.875
-2.75
-1.75
0.75
1.875
2.375
4.25
5
1.5
-4
-4
0.125
1.875
1.875
-4
-4.875
-3.875
2.25
7
3.5
1
2.875
3.375
1.375
0.125
0.125
-1.375
-3.75
-3.75
-1.375
1
1.5
-0.125
-1.125
-0.625
0
1.5
2.75
1.5
1.625
4
2.375
-3.125
-4.75
-1
0.75
1
2.75
-5.125
-6.875
-4.625
2.875
7.75
4
1
0.375
-0.125
1.75
3.5
3.5
1.25
-2.75
-3.25
0
2.75
2.875
0
-2.125
-1.75
-1
0.375
1.75
1.75
2.375
2
-2.75
-6.5
-2.375
2.875
0.75
-0.625
2.5
-5.75
-9
-6.125
2.25
7.875
4.5
1.25
-0.625
-2.875
-0.625
3.75
6.125
4.625
-0.25
-1.75
0.875
2.875
2.5
-0.625
-2.75
-2
-0.625
0.75
1.25
1.125
1.875
0.125
-5.125
-6.75
-0.75
4
0.5
-1.375
2
0.444444
3.72222
1.61111
-1
-3.11111
-3.16667
-4.5
-7.44444
-8.83333
-7.22222
-4.88889
-5.11111
-7.94444
-12.0556
-15.6667
-17.2222
-16.6667
-15.1111
-11.0556
-4.77778
1.61111
6.66667
6.5
7.44444
5.05556
-1.72222
-9.88889
-19
-22.2778
-24.9444
-25.3889
-22.9444
-0.833333
-1
-3.83333
-6.72222
-7.55556
-6.38889
-6.83333
-9.77778
-12.4444
-12.5
-12.2778
-15.5
-20.6111
-24.8333
-27.1111
-28.7222
-30.4444
-29.7778
-24.6667
-16.5556
-9
-5.16667
-2.22222
2.88889
2.16667
-4.77778
-13.2222
-17.5
-19.1667
-21.8889
-22.0556
-19.0556
-0.611111
-5.77778
-10
-12.5556
-12.7222
-10.7222
-9.94444
-11.3333
-14
-17.9444
-22.3889
-28.6111
-35.1111
-37.9444
-38.7222
-38.7222
-39.3333
-38.2778
-32.6111
-25.6667
-19.2222
-17.2778
-12.5556
-6.05556
-4.5
-8.44444
-13.1667
-12.6667
-13.3889
-15.6667
-16.1667
-14.1111
-0.5
-8.94444
-13
-15.4444
-16.6111
-14.8889
-13.1667
-13.2778
-16.5556
-23.5
-31.2778
-38.6111
-44.1111
-44.6667
-42.6667
-39.0556
-35.7222
-32.4444
-27.2778
-23.0556
-20.2222
-20.6111
-18.2222
-14.3333
-12.6111
-12.7222
-12.4444
-9.55556
-9.22222
-10.7778
-11.6111
-11.5556
-2.44444
-10.6111
-13.7222
-15.8889
-18
-17.0556
-15.7778
-16.1111
-19.8889
-26.9444
-33.8889
-38.8889
-39.8333
-35.8333
-29.2778
-21.1111
-13.5
-8.11111
-3.88889
-3.22222
-5
-8.88889
-12
-13.5
-14.5
-13.9444
-11.4444
-7.72222
-6.05556
-6.44444
-7.5
-8.22222
-5.27778
-10.2778
-11.5
-12.2222
-13.2222
-14.2222
-15.7778
-17.8333
-21.2778
-25.5
-28.2222
-26.6667
-20.6111
-11.1667
-1
9.27778
17.5
22.2778
24.9444
23.7778
19.7778
13.9444
6.33333
-0.444444
-6.66667
-10.3333
-10.6111
-8.44444
-5.72222
-4.38889
-4
-3.77778
-9.44444
-10.7222
-9.44444
-7.5
-7.72222
-10.6111
-13.7778
-16
-18.0556
-18.8889
-15.8333
-7.72222
3.83333
16.1111
27.1667
36.4444
42.7222
45.8333
47.3333
45.8889
42.0556
36.2778
27.7778
18.2222
8.27778
-0.333333
-6.05556
-7.72222
-6.88889
-5.38889
-4.16667
-2.33333
-10.2778
-8.83333
-5.66667
-2.16667
-2.38889
-6.66667
-9.61111
-10.8333
-11.0556
-8.5
-0.722222
11.9444
24.5556
34.4444
40.7778
44.1111
44.5
43.7222
43.3889
43.7222
44.1667
43.5
40.5
34.2222
24.9444
14.2222
3.77778
-3.55556
-7.22222
-7.83333
-5.94444
-3.11111
-6.5
-3.77778
-0.277778
2
-0.444444
-4.55556
-5.88889
-5.77778
-4.61111
0.944444
10.8889
20.8333
27.7222
30.3333
30.1111
27.4444
23.8333
21.2778
20
21.3889
24.3889
28.1667
31.8889
32.7222
30.3333
24.2778
15
5.05556
-2.77778
-6.11111
-5.61111
-3.22222
-0.611111
2.22222
4.16667
3.27778
-0.333333
-3
-3.44444
-3.55556
-2.55556
3.16667
10.2222
13.7222
12.5556
7.72222
2
-3.5
-8.05556
-11
-12.5
-11
-7.27778
-1.77778
6.22222
14.8333
21.4444
23.3333
20.0556
12.8333
4.44444
-1.38889
-3.22222
-2.72222
2.44444
5.27778
5.05556
1.38889
-2.61111
-3.77778
-3.77778
-5.05556
-5.66667
-3.11111
-1.44444
-4.88889
-11.5
-19.1667
-25.6667
-30.1111
-32.6667
-33.8889
-34.2778
-33.4444
-31.6667
-26.8889
-18.5
-6.44444
6.05556
14.4444
18.5
16.6111
10.6667
4.66667
-0.0555556
-1.83333
2.22222
4.77778
3.05556
-1.66667
-4.88889
-4.66667
-4
-5.61111
-7.5
-8.72222
-10.8333
-16.3333
-22.2778
-27.7778
-32.6111
-35.3889
-37.1667
-37.7778
-37.6667
-37.3333
-36.5
-32.9444
-26.1111
-15.5
-4.05556
5.61111
13.5
16.0556
13.1667
7.83333
2.27778
-1
0.666667
2.05556
0.111111
-3.55556
-5.5
-4.22222
-1.77778
-1.33333
-1.66667
-3.55556
-5.38889
-8.44444
-10.9444
-12.6111
-14.8333
-17.2778
-20.3889
-22.7222
-22.7778
-22.3333
-22.5556
-20
-15.2222
-9
-3.55556
2.16667
9.27778
12.8333
11.9444
8.33333
4
0.777778
-1.22222
-1.44444
-1.94444
-3.33333
-3.83333
-0.944444
3.77778
7.72222
9.94444
9.72222
10.4444
10.5556
9.66667
7.72222
6.22222
4.61111
0.611111
-4.11111
-5.38889
-4.44444
-4.83333
-4.61111
-2.61111
-0.666667
-0.277778
2.16667
6.88889
9.88889
9.55556
7.16667
5.05556
2.16667
-5.22222
-7
-6.16667
-4.5
-2.44444
1.88889
8
13.9444
17.8333
18.8889
20.3333
21.3333
17.8889
13.3333
12.9444
13.8889
11.1111
5.44444
5.05556
7.22222
5.5
2.61111
2.38889
2.61111
1.27778
1.88889
4.33333
6.11111
5.83333
4.5
3.66667
1.61111
-9.94444
-11.1667
-9.38889
-5.66667
-1.88889
3.05556
8.16667
13.2222
16.1667
16.8889
17.5
16.3889
10.6111
4.5
5.22222
9
8.77778
5.88889
7.22222
9.88889
7.61111
2.61111
1.05556
0.722222
0.0555556
0.944444
2.33333
3.38889
3.11111
2.5
2.16667
0.5
-13.2778
-13.0556
-11.1111
-6.88889
-2.38889
1.66667
4.55556
7.11111
8.5
8.38889
7.44444
4.33333
-2.22222
-6.05556
-2.55556
3.16667
4.94444
5.55556
9.11111
10.9444
6.72222
0.833333
-0.722222
-0.777778
-0.833333
-0.444444
0.0555556
0.444444
0.5
0.5
0.222222
-0.777778
-11.6667
-9.5
-7.27778
-4.61111
-1.94444
0.0555556
0.944444
1.66667
1.66667
1.05556
-0.555556
-4.77778
-9.05556
-8.77778
-4.05556
0.722222
3.44444
7.05556
10.3333
9.38889
4.77778
0.611111
-0.888889
-1
-0.888889
-1.16667
-1.72222
-1.88889
-1.33333
-0.944444
-1
-1.61111
-7.83333
-5.27778
-3.05556
-2.11111
-1.5
-1.72222
-1.83333
-2
-2.66667
-3.5
-5.72222
-9.27778
-11.0556
-8.22222
-4.11111
-1.38889
1.83333
6.22222
7.38889
3.88889
0.166667
-1.55556
-2.66667
-2.38889
-1.61111
-2.33333
-3.94444
-4.55556
-3.66667
-2.94444
-2.83333
-2.38889
-2.83333
-1.27778
-0.111111
-0.555556
-1.27778
-2.94444
-3.94444
-4.55556
-5.61111
-6.5
-9.22222
-11.8333
-11.3333
-9.16667
-9
-10
-6.16667
-1.38889
-2.66667
-6.83333
-6.66667
-4.27778
-5.11111
-5
-3.16667
-3.5
-5.88889
-6.94444
-6.11111
-5
-4.5
-2.66667
-0.611111
-0.277778
0
-0.611111
-1.5
-3.88889
-5.77778
-6.77778
-7.88889
-8.72222
-11.2222
-11.6111
-9.55556
-9.94444
-14.2222
-17.5556
-13.5
-8.83333
-10.5
-12.2778
-7.16667
-1.55556
-2
-3.22222
-2.16667
-3.27778
-6.77778
-8.88889
-8.38889
-6.66667
-5.22222
-1.72222
0.611111
0.0555556
0.277778
0
-1.05556
-3.72222
-6.27778
-7.16667
-7.44444
-6.88889
-6.66667
-3.27778
1.55556
0.944444
-4.72222
-8.88889
-6.16667
-2.66667
-3.33333
-2.33333
4.83333
10.8333
9.55556
4.77778
1.5
-2.38889
-7.61111
-10.6667
-10.2778
-7.5
-4.27778
-0.111111
1.88889
1
1.66667
1.77778
0.444444
-2.5
-5.38889
-6.66667
-6.16667
-3.77778
-0.166667
7.38889
16.2222
20.2222
17.8333
15.2778
15.4444
16.7222
17
18.9444
24.4444
27.2778
23.9444
14.9444
5.16667
-3.05556
-9.83333
-13.0556
-11.5
-7.27778
-2.11111
2.22222
3.72222
2.22222
2.88889
3.55556
2.33333
-0.444444
-3.55556
-5.77778
-5.61111
-2.5
2.83333
12.2222
24.1111
34.2222
38.1667
37.8889
36
34.6667
33.8889
33.8889
34.4444
31.8889
25.5
14.0556
1.11111
-8.33333
-14.4444
-14.8889
-10.8889
-5.55556
0.222222
3.38889
3.44444
1.88889
2.11111
3.33333
3.38889
1.5
-1.38889
-4.88889
-6.88889
-7.22222
-5.77778
0
9.61111
21.2778
29.1667
32.0556
31.5556
30.5
29.3333
27.6667
24.6667
18.5556
10.2222
-0.111111
-10.4444
-16.7778
-18.4444
-14.6667
-8.22222
-2.83333
1.44444
3.05556
0.5
-0.388889
-0.0555556
1.88889
3.61111
3.33333
1.33333
-1.94444
-5.83333
-10.6667
-15.5
-17.1667
-14.5
-7.94444
-0.777778
3.94444
6.11111
6.83333
5.66667
2.94444
-1.72222
-8.61111
-15.5
-20.7778
-23.6667
-22.5
-18
-10.8333
-4.16667
-0.333333
1.27778
0.222222
-3
-2.77778
-2.44444
-0.944444
1.61111
3.22222
3.22222
1.61111
-1.72222
-8.55556
-17.4444
-25.7222
-31.1667
-33.1111
-32.1111
-29.2778
-26.8889
-25.2778
-25.4444
-26.8333
-29.7778
-32.8333
-34.1111
-32.7222
-27.8333
-20.3889
-11.6111
-4.83333
-0.555556
1.27778
0.277778
-2.5
-3.88889
-3.33333
-3.55556
-3.38889
-1.55556
0.944444
2.77778
3.38889
2.77778
-0.888889
-8.27778
-18.5
-28.6667
-37.1111
-42.8889
-45.3889
-46.2222
-46.2222
-46.3333
-46.5
-46.0556
-43.4444
-38.1667
-30.4444
-20.4444
-10.2222
-2.33333
0.888889
1.94444
1.33333
-0.888889
-3.61111
-3.72222
-3.38889
-4.33333
-5.5
-5.27778
-3.16667
-0.611111
1.16667
3.33333
4.33333
2.5
-3.55556
-12.4444
-22.2222
-31.5556
-38.9444
-43.8333
-46.5
-46.3889
-44.1667
-39.9444
-33.0556
-24.5556
-15.2222
-6.11111
0.333333
3.27778
3.16667
2.05556
0.0555556
-1.94444
-2.5
-2.61111
-2.77778
-4.11111
-5.38889
-6
-5.72222
-4.61111
-3.16667
-0.388889
3.05556
5.5
5.5
2.66667
-2.16667
-7.55556
-13.1111
-17.0556
-19.3889
-19.4444
-17.8889
-14.5556
-9.94444
-4.94444
0.5
4.22222
5
3.33333
1.83333
0.166667
-2.33333
-3.11111
-1.72222
-2.38889
-2.61111
-3.5
-4.05556
-4.44444
-5.33333
-6.11111
-6.16667
-4.94444
-2.38889
0.944444
4.44444
6.88889
7.61111
7.66667
6.22222
4.72222
3.77778
3.88889
4.66667
5.5
6.11111
6.88889
7.16667
5.72222
2.66667
-0.388889
-1.16667
-2.55556
-4
-3.77778
-2
-1.11111
-1.66667
-2.61111
-2.88889
-2.94444
-4.16667
-5.66667
-6.66667
-7.44444
-7.38889
-6.11111
-3
1.16667
5.33333
9.44444
12.2222
13.8333
14.5556
14.1667
13
10.8333
8.33333
6.44444
4.5
1.94444
-0.777778
-2.22222
-2.11111
-2.83333
-3.38889
-3.27778
-2.38889
6.77778
21.1667
20.5
4.44444
-9.55556
-5.05556
8.83333
19.6667
22.2778
18.3333
9
-0.222222
-4.83333
-6.83333
-9.33333
-17.5556
-21
-20.3333
-16.9444
-17.8889
-20.8333
-11.7778
2.38889
11.7778
9.72222
9.72222
18.6667
23
14.1667
-1.05556
-10.5
-12.2778
3.61111
19.4444
20.7222
3.5
-12.1111
-7.27778
7.94444
20
22.1111
17.2778
6.5
-3.94444
-10.0556
-11.3889
-13
-17.3889
-18.3333
-15.1111
-11.6667
-12.7778
-16
-7.94444
3.88889
11.2222
7.61111
6.33333
13
15.6111
9.16667
-1.66667
-5.83333
-7.27778
-1.38889
13.5556
17.6667
3.55556
-10.9444
-6.61111
8.16667
20.3333
20.1111
12.2778
-0.166667
-9.27778
-13.1111
-13.0556
-13.3889
-15.8333
-14
-9.27778
-5.72222
-7.66667
-11.8889
-5.83333
3.22222
10.1667
7.05556
6.22222
9.05556
9.11111
3.16667
-3.33333
-3.72222
-4
-7.94444
6.61111
13.7778
2.77778
-9.5
-5
9.27778
18.6111
14.8889
4.83333
-5.38889
-11.1667
-12.6667
-13
-13
-13.9444
-10.5
-5.88889
-2.61111
-3.83333
-6.33333
-1.72222
4.44444
9
6.05556
4.94444
6
5.66667
1.88889
-1.77778
-1.61111
-3
-12.8889
0.833333
8.83333
0.666667
-7.44444
-1.27778
10.7778
15
7.22222
-2.38889
-8.77778
-11.1111
-11.3889
-10.6111
-7.83333
-5.44444
-2.38889
-1.77778
-2.33333
-4.55556
-5.44444
-2.77778
1.22222
4.05556
4.16667
4.5
6.11111
6.16667
4.5
1.55556
-0.722222
-4.66667
-16.3889
-4.72222
3.16667
-0.333333
-2.55556
4.44444
11.1111
8.72222
-1.27778
-8.38889
-10
-7.88889
-4.72222
-1.72222
0.777778
2.05556
1.94444
0.277778
-1.83333
-3.66667
-4.88889
-5.38889
-5.11111
-3.88889
-1.22222
2
5.83333
7.44444
7.05556
3.61111
-1.11111
-6.66667
-17.6667
-9.5
-1.88889
-0.5
1.94444
7.61111
8.55556
2.22222
-6.83333
-9.88889
-6.83333
-1.16667
4.16667
7
7.83333
6.88889
5.05556
2.16667
-0.777778
-3.55556
-5.94444
-7.94444
-9.11111
-9.33333
-7.72222
-4.11111
1.94444
6.5
7.88889
4.61111
-0.944444
-6.77778
-17.5
-10.9444
-3.55556
-0.0555556
3.38889
6.77778
4.16667
-2.38889
-8.05556
-5.83333
0.944444
8.16667
12.2222
12.8889
11.3333
9.22222
6.5
3.16667
-0.5
-3.94444
-6.83333
-9.5
-11.3889
-13
-13.2778
-11.1111
-5.22222
1.88889
6.55556
6.27778
1.38889
-4.77778
-15.7222
-8.88889
-1.72222
0.555556
2
2.33333
-1.22222
-5.77778
-6.27778
1.05556
10.7778
17.1667
17.5
14
10.6667
9.44444
8.38889
4.83333
-1
-6.27778
-8.83333
-9.05556
-9.44444
-11.8333
-16
-17.9444
-14.1111
-4.83333
4.55556
8.66667
4.94444
-2.66667
-14.2778
-8
-0.166667
1.94444
0.888889
-2.44444
-6.88889
-8.22222
-3.77778
7.05556
17.5556
22.3889
19.3333
12.0556
7.44444
8.27778
10.8333
8.22222
-0.277778
-9.11111
-12.0556
-8.77778
-4.44444
-4.94444
-11.6667
-19.7778
-21.5
-14.1667
-1.88889
7.27778
7.22222
0.388889
-13.4444
-8.5
0.166667
2.94444
-0.5
-6.77778
-11.4444
-9.38889
-0.777778
11.5556
21.6667
24.6667
19.5
9.61111
2.88889
2.88889
6.33333
6.33333
0.944444
-5.33333
-7.33333
-3.44444
1.72222
2.77778
-4.94444
-17.5556
-26.5
-24.3889
-12.2222
2.11111
8.61111
5.61111
-12.1111
-9
-0.611111
1.55556
-4.22222
-10.7778
-12.4444
-5.61111
3.94444
14.3889
22.0556
23.5556
17.3889
5.22222
-2.72222
-3.83333
1.27778
4.22222
2.55556
-1.77778
-3.83333
0.277778
7.77778
12.5
5.72222
-11.0556
-27.1667
-31.7222
-21.8333
-5.05556
7.38889
9.11111
-11.2222
-9.05556
-1.77778
-1.44444
-8.16667
-12.3333
-8.44444
1.77778
9.11111
13.4444
17.2778
19
14.9444
2.61111
-7.27778
-9.72222
-3.27778
2.05556
3.22222
0.111111
-2
1.22222
10.6667
20.6667
18
-0.388889
-23.6111
-36.0556
-30.3889
-13
4.22222
10.5556
-9.11111
-8.66667
-3.72222
-4.55556
-10.6111
-10.7222
-2
9.83333
12.1667
8.72222
8.77778
13.1111
13.8889
2.05556
-10.6667
-15.1667
-6.72222
1.33333
4.83333
1.88889
-0.833333
0.833333
11.2778
25.6667
28.0556
10.6111
-16.8889
-36.6667
-36.7778
-21.0556
-0.611111
10.2778
-8
-7
-3.5
-5.72222
-11.3333
-7.55556
5
17.1667
13.8333
3.11111
0.444444
8.33333
14.1111
2.88889
-12.1667
-17.6667
-8
1
5.27778
3.44444
0.722222
-0.166667
8.94444
26.0556
33.7222
19
-10
-34.7778
-40.3889
-27.7222
-5.77778
9.27778
-6.72222
-4.38889
-2.16667
-5.88889
-11.1111
-3.83333
11.6111
24
16.2778
0.333333
-4.72222
5.27778
14.3889
4.38889
-11.1111
-17.1111
-8.55556
-1.33333
3.33333
4.55556
3.27778
-0.722222
4.5
22.0556
33.8333
23.0556
-5.11111
-32.1667
-41.8889
-32.2778
-9.72222
8.27778
-3.94444
-0.388889
0.222222
-5.44444
-10.6111
-0.888889
17.4444
30.8889
20.0556
-0.944444
-9.22222
1.66667
12.8889
3.83333
-10.4444
-13.8333
-4.61111
-1.11111
-0.555556
0.722222
2.05556
-1.27778
2.61111
19.4444
32.8333
24.3333
-2.27778
-30
-42.1667
-34.9444
-12.3333
7
-2
3.5
3.38889
-3.94444
-9.72222
0.944444
21.2778
35.5556
22.8889
-2.16667
-13.7778
-3.66667
8.27778
1.88889
-7.83333
-6.05556
3
0.277778
-5.55556
-5.5
-0.777778
-1.5
2.77778
18.8889
32.2222
24.3889
-1.83333
-29.4444
-42
-34.9444
-12.6667
6.38889
-1.5
6.16667
6.94444
-1.11111
-8.61111
0.833333
20.9444
36.1111
23.7778
-1.94444
-16.2778
-8.61111
2.83333
0.444444
-3.22222
2.5
9.72222
1.77778
-9.27778
-10.5556
-4.16667
-1.66667
4.22222
20.0556
32.1667
23.5556
-3.05556
-30.1111
-41.5556
-33.1667
-11.2778
6.61111
-2.94444
6.61111
9.66667
2.22222
-6.94444
-0.388889
17.8333
33.4444
23.7222
-0.0555556
-16.1111
-12.3889
-3.44444
-2.72222
-0.444444
9.22222
15.9444
4.61111
-10.3333
-14.5
-7.77778
-1.38889
7.88889
23.4444
32.3889
20.9444
-6.33333
-32.0556
-40.4444
-29.5556
-8.05556
7.44444
-3.72222
5.27778
10.2222
4.83333
-5.16667
-2.44444
12.8889
29.3333
23.8889
3.38889
-14.2222
-14.8333
-8.22222
-4.61111
1.44444
12.2222
18.1667
7.5
-7.16667
-13.5
-8.61111
-0.666667
10.7778
24.8889
29.2778
14.8333
-12.1111
-34.2222
-37.7222
-23.7778
-3.33333
8.5
-4.5
2.94444
9.38889
7
-2.72222
-4.27778
6.83333
23.6111
24.2222
9.88889
-7
-11.5
-8.11111
-3.72222
3.38889
12.6667
16.8333
7.55556
-5.11111
-11.7778
-8.5
-0.611111
10.7778
21.7778
21.7222
5.38889
-18.7222
-34.7778
-32.6111
-16.3889
1.5
9.11111
-6.88889
-1.11111
7.22222
8.33333
0.222222
-4.94444
1.16667
15.8889
21.9444
15.6667
3.27778
-3.27778
-4
-1.66667
3.72222
10.1667
13.1111
6.94444
-2.22222
-8.83333
-7.66667
-0.833333
8.94444
15.5
10.8333
-5.5
-24.0556
-32.5
-25.0556
-8.38889
5.77778
9.22222
-8.16667
-4.11111
5.11111
9.11111
3.11111
-4.55556
-3.66667
7.66667
16.8333
18.0556
11.6111
6.33333
2.88889
2.22222
3.61111
6.88889
9.55556
7.22222
1.22222
-5.77778
-6.88889
-2.11111
4.94444
6.72222
-0.666667
-14.4444
-26
-27
-16.1111
-0.888889
8.22222
7.83333
-7.33333
-5.55556
3
9.11111
6.16667
-2.5
-6.27778
0.333333
10.3333
16.5556
15.8889
13.4444
10.5
8.05556
6.16667
6.05556
8.22222
8.16667
4.33333
-3.22222
-7.44444
-6.66667
-3.33333
-4.11111
-10.5556
-19.4444
-23.5556
-18.8889
-7.11111
4.16667
8.11111
5.05556
-5.05556
-5.27778
1.27778
7.77778
7.83333
0.222222
-6
-4.38889
3.94444
12.4444
16.5
16.9444
15.3889
13.0556
10.3333
8.27778
7.66667
6.83333
3.11111
-3.05556
-8.38889
-10.1667
-10.2778
-12.3333
-17
-20.2778
-18.2222
-10.0556
-0.388889
6
6.38889
2.66667
-3.44444
-5.11111
-0.333333
6.27778
8.61111
3.22222
-3.77778
-5.94444
-1.05556
7.44444
14.7778
18.0556
17.5
14.7778
11.4444
7.94444
5
2.72222
0
-3.27778
-7.11111
-10.2778
-13.2222
-16.3889
-18.2778
-16.3889
-10.2778
-2.38889
3.11111
5.16667
3.83333
0.944444
-2.77778
-4.44444
-0.888889
4.94444
8.33333
5.27778
-0.666667
-5.16667
-4
1.44444
8.83333
13.3889
14.6667
13.3333
11
7.61111
4.11111
1.33333
-0.888889
-3.27778
-6.27778
-9.33333
-12.3889
-14.4444
-13.8889
-9.44444
-3.44444
1.55556
3.61111
3.33333
2
0.0555556
-2.5
-2.83333
0.222222
4.83333
7.5
5.83333
1.27778
-3.16667
-4.33333
-1.88889
3.05556
7
9.11111
9.33333
8.66667
6.5
3.83333
1.16667
-0.833333
-2.72222
-4.72222
-7.16667
-9.44444
-10.3333
-8.11111
-3.22222
1.05556
3.16667
2.61111
1.16667
0.166667
-0.5
-2.94444
-2.11111
1.11111
5.05556
6.77778
5.83333
2.38889
-1.27778
-3.27778
-2.83333
-0.277778
2.16667
4.77778
6.5
7.88889
6.77778
4.61111
1.27778
-1.33333
-3.66667
-5.33333
-6.83333
-7.16667
-6.05556
-2.55556
1.22222
3.33333
2.5
0.5
-1.22222
-0.888889
-0.277778
-4.61111
-2.38889
1.83333
5.61111
6.22222
5.22222
2.77778
0.166667
-1.72222
-1.94444
-1.05556
-0.777778
-0.444444
1.05556
4
5.33333
4.38889
1.11111
-1.88889
-3.88889
-4.16667
-3.22222
-1.22222
0.722222
2.61111
3.11111
1.94444
-0.5
-2
-2
-0.333333
0.666667
-7.33333
-4.55556
1.38889
6.11111
6.05556
4.27778
2.11111
1
0.444444
0.5
0.777778
-0.222222
-1.5
-1.66667
0.333333
1.66667
1.72222
-0.333333
-1.5
-1.77778
-0.388889
1
2.66667
3.72222
4.27778
2.33333
-1.22222
-4
-3.27778
-0.944444
1.05556
1.27778
-0.75
-3.28125
-7.65625
-9.625
-10
-10.4375
-12.4063
-14.9063
-17.3125
-20
-23.8125
-28.4063
-32.0625
-33.1875
-33.4688
-33.5938
-31.25
-26.1875
-19.0938
-13.7813
-10.0938
-6
-4.3125
-5.75
-9.84375
-15.25
-19.5313
-20.9063
-21.5938
-24.5625
-5.375
-8.75
-11.6875
-13.5938
-15.1563
-16.5
-18.5938
-21.4688
-24.7188
-29.2188
-34.9063
-40.0313
-42.9063
-43.2188
-42.6563
-41.5
-38.4063
-32.3125
-24.75
-21.0313
-18.0313
-13.8438
-11.25
-10.875
-12.5625
-15.5938
-18.375
-18.0313
-18.4063
-20.5625
-7.71875
-11.6875
-13.4375
-15.3438
-18.6563
-21.4688
-23.6563
-26.4063
-30.0938
-34.875
-40.4375
-43.875
-43.8438
-41.25
-37.9063
-34.2188
-29.5938
-23.9375
-18.4688
-17.4063
-16.3438
-14.625
-13.75
-13.1875
-13.5
-14.375
-15
-13.6563
-14
-14.9688
-10.9375
-13.9063
-14.0625
-15.75
-20.3438
-24.2188
-26.1875
-28.0313
-30.5
-33.375
-36.3438
-35.9688
-31.9063
-25.8438
-19.375
-12.8125
-6.78125
-2.34375
0.5625
-1.5
-4.125
-6.03125
-8.09375
-9.84375
-11.5313
-12.6875
-13.3125
-12.0625
-11.7188
-11.8125
-12.0938
-13.25
-12.5625
-14.125
-18.9688
-23.3438
-24.9688
-25.4375
-25.625
-25.25
-24.0313
-19.5
-11.8438
-2.96875
5.65625
13.4375
19.0625
21.8438
22.5313
19.75
15.2188
10.0313
4.34375
-0.84375
-4.875
-7.125
-8.59375
-9.21875
-9.53125
-8.90625
-10.875
-10.3438
-9.90625
-11.5938
-16.0625
-19.5
-19.3438
-17.5938
-15.6563
-12.3125
-7
1.25
11.6563
21.7813
30.4375
37.0938
41.3125
42.625
41.875
39.125
34.2813
27.625
19.5938
11.7813
4.84375
0.40625
-2.84375
-5.71875
-7.5625
-7.53125
-8.1875
-6.34375
-6.46875
-8.625
-11.9375
-13.5625
-11.5625
-8.09375
-4.375
0.65625
7.5625
16.6563
25.8125
33.375
38.4375
41.1875
42.0313
42.0625
42.0938
41.6563
39.5938
35.4375
29.4688
22.4063
15
8.625
3.125
-1.53125
-4.59375
-5.96875
-3.28125
-1.65625
-3.46875
-5.625
-7.625
-7.96875
-5.4375
-2.125
0.90625
4.9375
10.2188
15.4688
20.1563
23.4375
24.5625
23.1563
20.3438
19.1875
20.6875
24.1563
27.1875
27.7188
25.875
22.4375
18.4375
14.0938
9.46875
4.84375
0.4375
-2.46875
0.75
0.96875
-2.0625
-4.125
-5.21875
-4.71875
-2.65625
-1.1875
-0.34375
1.65625
4.09375
5.15625
4.96875
3.90625
1.84375
-1.75
-5.40625
-6.75
-5.375
-0.65625
6.03125
11.9063
15.4375
16.7188
16.2813
14.6563
12.5938
9.78125
5.65625
1.0625
2.25
1.65625
-1.34375
-3.125
-3.6875
-3.25
-2.875
-3.875
-4.375
-4.09375
-4.25
-7.0625
-11.7813
-16.1875
-19.8438
-23.7188
-27.3438
-28.6875
-28.3125
-23.5313
-15.0625
-5.78125
2.46875
8.1875
11.2813
12.4063
13.125
12.5313
9.90625
5.125
1.59375
0.5625
-1.625
-2.40625
-2.09375
-1.84375
-3.09375
-5.84375
-6.8125
-7.03125
-8.375
-13.3438
-20.4688
-26.3438
-29.7188
-32.3438
-34.375
-35.625
-36.9688
-34.1875
-26.5313
-16.8125
-7
0.90625
5.34375
8.1875
11.2188
12.5625
11.5313
8.0625
-1.3125
-2.21875
-2.3125
-1.5625
0.09375
1.09375
-0.1875
-2.625
-2.375
-1.34375
-1.40625
-5.375
-12.375
-18.375
-21.3438
-22.5313
-22.1563
-22.8125
-26.4063
-26.9688
-22.4063
-14.8125
-6.03125
1.53125
4.21875
5.5
8.40625
10.1563
10.6875
9
-5.21875
-5.90625
-3.96875
-0.84375
2.96875
5.5
5.15625
4.1875
6.5
9.40625
10.2813
6.4375
0.40625
-4.25
-6.46875
-6.90625
-6.5
-7.875
-11.7188
-13.2188
-11.7188
-8.5
-2.78125
3.1875
4.75
4.59375
6.15625
7.21875
8.15625
8.125
-8.28125
-8.8125
-5.84375
-0.65625
5.25
9.0625
9.6875
10
12.9375
16.375
16.5938
12.5625
8.21875
5.46875
3.9375
3.40625
3.6875
2.125
0.03125
-1.09375
-2.125
-2.6875
-0.25
3.75
4.3125
3.40625
3.78125
4.125
4.8125
5.53125
-10.9063
-10.9063
-7.375
-1.25
5.1875
9.5
10.6875
11.4688
13.6875
15.8125
14.9375
11.4063
9.625
9.28125
8.625
8.25
8.5625
8.09375
8.125
7.625
4.78125
1.46875
1.4375
3.625
3.75
2.59375
2.25
2.1875
2.46875
3
-11.9375
-11.4375
-8.375
-2.875
2.9375
6.71875
7.78125
8.1875
8.84375
8.75
6.1875
3.71875
4.6875
6.625
6.78125
6.71875
6.875
7.65625
9.90625
9.84375
5.59375
0.875
-0.34375
0.53125
0.96875
0.46875
0.125
0.09375
0.09375
0.0625
-9.90625
-8.46875
-6.53125
-3.4375
0
2.4375
3.125
2.71875
1.25
-1.375
-4.28125
-4.25
-1.59375
0.46875
1.0625
1.28125
2
4.375
7.4375
6.65625
2.46875
-1
-2.34375
-2.53125
-2.1875
-2.0625
-2.1875
-1.90625
-1.90625
-2.40625
-6.96875
-5.28125
-4.34375
-4.03125
-3.28125
-1.96875
-1.3125
-2.21875
-5.34375
-9.53125
-11.7813
-9.8125
-6.875
-5.90625
-5.1875
-4.5625
-3.625
-0.6875
2.15625
1.34375
-1.28125
-2.53125
-3.875
-5.1875
-4.75
-3.90625
-3.84375
-3.40625
-3.46875
-4.1875
-3.28125
-2.125
-2.5
-4.5
-5.84375
-5.21875
-4.125
-5
-8.8125
-13.0625
-14.4375
-11.5938
-9.65625
-10.2813
-9.65625
-8.46875
-7.53125
-5.03125
-2.34375
-2.0625
-2.1875
-1.40625
-3.34375
-6.46875
-6.375
-5.125
-5.28125
-5.25
-5.46875
-6
0.25
1.21875
-0.125
-3.75
-7.125
-7.03125
-4.90625
-4.71875
-7.84375
-10.5
-9.96875
-6.46875
-5
-6.34375
-5.75
-4.375
-3.78125
-2.625
-0.625
0.65625
2.625
3.8125
0.15625
-5.125
-6.09375
-5.21875
-6.125
-6.75
-7.375
-7.125
2.09375
2.8125
1.34375
-2.90625
-7.59375
-8.46875
-5.5625
-3.5625
-4.84375
-5.21875
-3.28125
0.46875
2.78125
2.875
3.84375
5.3125
5.71875
5.78125
7.375
9.46875
11.375
10.75
4.90625
-2.25
-4.8125
-5.125
-6.9375
-8.53125
-9.0625
-7.34375
2.65625
3.5625
2.71875
-1.0625
-6.375
-8.65625
-6.1875
-2.8125
-1.78125
0.15625
3.78125
8.90625
13.3438
16.5
18.4688
20.3438
21.2188
21
21.625
21.8438
20.75
16.625
8.90625
0.65625
-3.8125
-5.875
-8.625
-10.5938
-10.0625
-6.6875
2.28125
3.90625
4.4375
1.6875
-3.65625
-7.5
-6.4375
-2.71875
-0.15625
2.9375
7.59375
13.9063
20.7813
26.9688
30.1563
32.2813
33.5625
33
31.3125
27.6875
22.125
14.5
6.15625
-1.3125
-6.15625
-8.875
-11.3438
-12.1875
-10.125
-5.34375
1
2.5625
4.71875
3.75
-0.375
-5.3125
-6.96875
-5.28125
-3.75
-2.5
-0.375
3.84375
9.53125
16
19.75
22.0625
23.75
23.5625
20.9688
15.7188
8.34375
0.65625
-5.4375
-9.4375
-11.7813
-12.9375
-13.5313
-12.625
-8.84375
-3.65625
-1.75
-0.5
2.5625
3.8125
2.03125
-2.21875
-5.90625
-7.25
-8
-9.46875
-10.625
-10.375
-8.59375
-5.0625
-2.59375
-0.6875
0.90625
1.03125
-1.5
-6.625
-12.6875
-17.3125
-18.8125
-18.0313
-16.75
-15.375
-13.625
-10.625
-6.0625
-1.875
-3.53125
-2.875
-0.15625
2.15625
2.65625
0.375
-3.125
-6.4375
-9.34375
-13.1875
-17.4063
-21.2813
-24.0625
-25.0625
-25.5
-25.0625
-24.3125
-24.25
-26.1563
-28.8125
-30.8438
-30.7813
-27.625
-22.9375
-18.3125
-14.5938
-10.7188
-6.6875
-2.90625
-0.59375
-3.9375
-4.5
-3.25
-0.8125
1.25
1.1875
-0.71875
-3.96875
-7.59375
-12.3438
-18.625
-25.8125
-32.5938
-38.0313
-42.2188
-44.8438
-45.9688
-46.0313
-45.375
-43.5
-40.4375
-35.5
-28.6875
-21.3438
-14.9063
-10.0625
-5.9375
-2.96875
-0.75
-0.25
-4.5625
-5.53125
-6.03125
-4.59375
-2.15625
-0.46875
-0.1875
-1.71875
-3.78125
-6.65625
-10.9063
-17.0313
-23.5
-29.8438
-35.3125
-39.2188
-41.25
-41.5625
-39.8125
-36.375
-31.7188
-25.5938
-18.5938
-12.4688
-7.84375
-4.25
-1.6875
-0.34375
0.25
-0.4375
-3.5625
-4.5625
-6.03125
-6.3125
-4.875
-2.96875
-1.4375
-1.125
-1.46875
-2.4375
-4.125
-6.75
-9.96875
-14
-18.1875
-21.7188
-23.5938
-23.9063
-22.4063
-19.4063
-15.5938
-11.1563
-6.96875
-4.21875
-2.3125
-0.4375
0.5
0.21875
-0.59375
-1.8125
-2.40625
-3.3125
-5.1875
-6.53125
-6.53125
-5.625
-4.3125
-3.03125
-2.09375
-1.53125
-1.21875
-1.125
-1.21875
-2.375
-4.34375
-6.84375
-8.34375
-8.59375
-7.40625
-5.53125
-3.5
-1.3125
0.09375
0.46875
0.375
0.75
0.1875
-1
-2.25
-3.1875
10.625
11.7813
5.78125
1.125
4.0625
9.8125
17.0313
20.9063
13.875
3.8125
-2.6875
-10.4063
-13.6875
-14.875
-19.4063
-19.1563
-19.9375
-20.3125
-17.7813
-14.0313
-6.15625
0.9375
9.5
14.5625
15.9063
19.1875
16.3438
9.28125
1.65625
-7.25
6.4375
8.25
2.875
-0.46875
3.78125
9.125
15.9063
18.0313
9.40625
-0.28125
-6.71875
-12.9063
-14.4688
-14.7188
-16.7188
-15.25
-14.8438
-14.625
-13.125
-10.4063
-4.65625
0.96875
8.25
12.0625
13.375
15.2188
12.25
6.90625
0.65625
-5.4375
2.71875
5.3125
1.0625
-0.78125
3.53125
8.15625
13.7813
13.5313
4.53125
-4.0625
-8.8125
-12.3125
-11.5313
-10.0625
-10.4063
-7.90625
-7.90625
-9.3125
-10.4688
-10.5938
-7.53125
-2.6875
4.1875
7.75
10.25
11.875
9.8125
6.53125
1.0625
-4.34375
-1.9375
2.53125
1
0.375
3.96875
6.46875
9.25
8.09375
1
-4.375
-5.65625
-6.53125
-5.40625
-4.34375
-5.3125
-4.0625
-4.15625
-5.84375
-7.5625
-8.625
-8.1875
-5.78125
-1.28125
1.09375
4.15625
6.8125
7.0625
6.3125
2.46875
-2.5625
-6.03125
0
0.6875
1.625
4.59375
4.34375
4.96875
3.8125
-0.625
-2.1875
-1.09375
-0.875
-0.15625
0.21875
-0.96875
-0.9375
-1.75
-3.59375
-4.96875
-6.125
-7.03125
-7.40625
-6.71875
-5.90625
-3.0625
1.125
4.40625
6.21875
4.21875
-0.28125
-9.3125
-1.96875
0.46875
2.53125
4.5625
2.4375
1.96875
1.15625
-0.53125
0.875
3.25
4.25
4.59375
4.21875
3
1.96875
0.25
-1.8125
-3.5
-5.125
-6.40625
-8.375
-10.1563
-10.4063
-8.84375
-4.40625
1.09375
4.71875
4.625
1.28125
-11.625
-3.96875
-0.28125
2.25
3.1875
0.4375
-0.1875
-0.03125
1
4.46875
7.5
8.53125
8.4375
7.75
6.6875
5.4375
2.59375
-1.125
-4.46875
-6.65625
-7.21875
-8.1875
-9.71875
-11.2188
-11.8125
-9.1875
-3.875
1.09375
3.03125
1.53125
-12.4063
-5.59375
-1.53125
0.625
0.6875
-2.03125
-2.3125
-0.9375
2.65625
7.875
11.4063
12.1563
10.7813
9.4375
8.9375
8.09375
4.96875
-0.375
-5.75
-8.46875
-7.8125
-6.40625
-6.5625
-9.125
-12.375
-12.8438
-9.28125
-3.28125
0.8125
1.40625
-11.25
-5.84375
-2.625
-1.875
-3.03125
-5.59375
-4.71875
-1.0625
5.21875
12.2188
16.2813
16.2813
13.0938
10.3438
9.09375
7.9375
5.53125
0.4375
-5.375
-7.59375
-6.71875
-4.59375
-3.6875
-7.65625
-13.2188
-16.0938
-14.4063
-7.34375
-0.90625
1.5625
-10.25
-6.15625
-3.40625
-3.75
-5.625
-7.4375
-5.125
0.6875
9.375
17.0938
21.3125
20.375
14.5938
10
6.78125
5.03125
4.34375
0.75
-4.3125
-5.96875
-5.25
-3.03125
-0.84375
-5.1875
-13.0938
-18.7813
-20
-13.6563
-4.90625
0.4375
-9.65625
-6.6875
-4.5
-5.34375
-6.21875
-6.46875
-2.53125
4.65625
13.25
20.4063
23.6875
21.0938
12.7188
5.21875
0.03125
-1.59375
0.625
0.8125
-1.40625
-1
0.15625
2.0625
4.5625
-1.03125
-11.9063
-21.25
-26.2813
-21.375
-10.2813
-1.125
-8.5
-7.03125
-6.25
-7.125
-6.15625
-3.59375
2.5625
9.25
15.5625
19.9063
20.9688
16.8125
7.125
-1.125
-6.21875
-6.03125
-0.96875
1.5
0.46875
2.21875
4.71875
8.25
12.7813
6.96875
-7.03125
-20.8125
-30.5938
-28.3438
-16.0625
-3.6875
-7.46875
-6.40625
-6.78125
-7.59375
-4.59375
0.6875
7.96875
12.625
15.1875
16.2188
15.4688
11.1875
2.34375
-5.0625
-9.09375
-7.21875
-1
1.5625
0.34375
2.34375
6.03125
12.3125
20.3438
16.1875
0.75
-17.1563
-32.3438
-34.0938
-22.0938
-7.4375
-6.59375
-6.125
-7.03125
-7.09375
-1.6875
5.5
12.5
13.9375
12.4375
10.625
9.21875
6.5
-0.59375
-6.53125
-9.375
-6.90625
-0.5625
1.4375
-0.53125
1.65625
6.125
14.375
25.875
23.75
8.3125
-11.9063
-32.0313
-37.875
-27.1875
-11.5938
-5.03125
-5.09375
-6.75
-6.0625
1.5625
9.9375
16.3125
14.6563
9.25
5.125
3.8125
3.53125
-1
-5.34375
-7.75
-6.1875
-0.625
0.90625
-1.375
1.125
5.46875
14.1563
27.8125
27.9375
13.625
-7.21875
-30.5
-40.125
-30.9063
-14.875
-3.3125
-3.4375
-5.8125
-4.4375
4.9375
14.2813
20.4063
16.5625
7.90625
1.625
0.3125
2.28125
0.625
-2
-4.90625
-5.65625
-2.0625
-1.03125
-2.78125
0.53125
4.28125
12
26.1563
27.8438
15.4063
-4.65625
-29.0625
-41.0313
-32.9063
-16.75
-1.53125
-1.34375
-4.21875
-2.75
7.5625
17.9375
24.1875
18.9688
7.8125
-0.9375
-3.03125
0.125
0.78125
0.28125
-2
-3.96875
-2.75
-3.5
-5.625
-1.84375
3.03125
11.375
25.4688
27.5938
15.5625
-4.1875
-28.375
-40.8438
-33.2188
-17.2188
0.03125
1.09375
-1.78125
-0.90625
8.90625
19.4688
25.8125
20.2188
7.46875
-3.59375
-7.65625
-4.8125
-1.875
0.40625
1.4375
0.5
-0.5625
-3.625
-7.90625
-4.34375
2.65625
12.7813
26.9375
28.0625
14.75
-5.59375
-29.0313
-40.0313
-31.8438
-16.0625
1.53125
3.6875
1.1875
0.75
8.53125
18.4688
24.8125
20.0625
7.8125
-4.9375
-10.75
-8.53125
-4.46875
0.96875
5.28125
5.84375
3.90625
-1.34375
-7.59375
-5.125
2.5
13.4063
26.3438
25.7813
11.375
-9.0625
-30.1563
-38.1875
-29.0313
-13.5
2.0625
5.03125
3.4375
2
7.0625
15.7188
22.5313
20.2188
10.9688
-1.25
-8.46875
-7.59375
-3.75
2.90625
8.6875
9.3125
5.71875
-1.1875
-8.125
-6.28125
1.625
11.8125
22.0313
19.5625
4.71875
-13.9063
-30.75
-34.8125
-24.375
-9.8125
1.28125
4.3125
3.96875
2.21875
4.96875
11.9063
18.75
19.5
14.4063
4.53125
-2.71875
-3.34375
-1.03125
4.75
10.1563
9.875
5.59375
-1.15625
-7.875
-6.15625
0.8125
8.625
15.4688
11
-3.0625
-18.375
-30.0625
-29.9063
-18.5625
-5.59375
0.34375
3.6875
4.28125
2.375
3.25
7.96875
13.875
17
15.6563
9.15625
3.78125
2.53125
3.53125
7.625
11.2813
9.84375
5.15625
-1.125
-7.25
-6.28125
-1.1875
4.0625
7.53125
2.28125
-9.4375
-20.75
-27.125
-23.7188
-12.625
-2
-0.78125
3.03125
4.8125
3
2.34375
4.625
8.6875
12.9063
14.5313
11.5
9.09375
8.65625
8.90625
11.3438
12.7813
10.1563
5.4375
-0.4375
-6.625
-7.625
-5.125
-2.375
-0.78125
-5.125
-13.4688
-20.375
-22.4688
-16.9375
-7.25
0.46875
-1.375
2.5
5.34375
3.625
1.75
2.125
4.15625
8.59375
12.1875
11.6875
11.4375
11.4063
11.1563
12.625
13.125
10.625
6.25
0.375
-6.21875
-8.90625
-7.90625
-6.21875
-5.5
-8.75
-14.5938
-18.5
-17.5938
-11.3125
-3.40625
2.15625
-1.875
2.0625
5.6875
4.6875
2.21875
1.15625
1.65625
5.3125
9.875
11.2813
11.9375
11.75
10.5313
10.5
10.6563
9.3125
6.46875
2.09375
-3.75
-7.375
-8
-8
-8.4375
-10.9063
-14.5
-15.6875
-12.8125
-6.875
-0.6875
3
-2.21875
1.5625
5.59375
5.28125
2.96875
1.125
0.6875
3.75
8.53125
11.25
12.6563
12.6563
11.0625
10
9
7.375
5.25
1.8125
-2.46875
-6.0625
-8.28125
-9.78125
-11.4375
-13.25
-14.375
-13.2188
-8.78125
-3.1875
1.46875
3.65625
-2.625
1.0625
5.375
5.5
3.4375
0.875
-0.21875
2.84375
8.09375
12.1563
14.125
13.5
11.2813
9.03125
6.71875
4.65625
2.46875
-0.09375
-2.5625
-5.375
-8.0625
-10.6875
-13.3125
-14.2188
-13.2813
-10
-4.6875
-0.34375
2.75
3.4375
-2.8125
0.90625
5.21875
5.71875
4.21875
0.90625
-1.5625
0.34375
4.71875
9.53125
13.0313
13.4688
12.1875
10.0938
7.25
4.59375
1.6875
-1.25
-3.625
-6.375
-9.21875
-11.5313
-13.2813
-12.5313
-9.53125
-5.4375
-1
1.40625
2.5625
2.1875
-2.3125
1.5
5.65625
6.1875
5.125
1.59375
-2.1875
-2.0625
0.34375
4.125
8.375
10.375
10.9688
10.5
8.1875
5.40625
1.90625
-1.71875
-4.40625
-7.09375
-9.03125
-9.78125
-9.65625
-7.40625
-4.25
-1.25
1.0625
1.46875
1.46875
0.6875
-2.78125
1
5.5
6.21875
5.59375
2.625
-1.3125
-2.28125
-1.65625
0.28125
3.46875
5.75
7.40625
8.25
6.96875
4.78125
1.53125
-1.84375
-4.15625
-5.90625
-6.25
-5.375
-3.71875
-1.53125
0
0.625
0.5
-0.125
-0.125
-0.125
0.25
1.45833
2.75
3.83333
2.375
1.41667
1.25
2.54167
3.875
3.375
2.79167
3.70833
4.75
4.54167
3.75
4.91667
9.04167
11.625
11.0417
8.95833
6.625
6.58333
2.83333
-2.08333
-3.125
-1.375
0.958333
-1.79167
-2.54167
-2.5
-3.04167
-4.45833
-0.958333
2.91667
4.41667
3.70833
2.04167
1.45833
1.75
1
0.0833333
2.20833
5.625
8.45833
11.0417
10.4167
9.91667
10.375
11.5833
12.5
11.2917
10.9167
10.3333
12.125
9.58333
6.91667
4.75
4.04167
3
-2.04167
-3.83333
-4.875
-5.375
-5.75
0.625
4.54167
4.41667
3.875
4.45833
4
2.33333
0.291667
0.625
4.625
9.16667
11.75
12.25
11.5833
10.375
7.70833
4
1.5
1.5
3.375
6
7.41667
7.95833
9.41667
8.25
4.25
-0.75
-3.25
-3.41667
-3.29167
-2.54167
-0.541667
0.291667
1.5
1.16667
1.66667
3.41667
3.83333
2.5
1.70833
2.79167
4.41667
5.41667
4.75
2.41667
0.333333
-2.25
-5.75
-9.29167
-11.0833
-10.0833
-7.41667
-4.16667
-2.70833
0.25
3.08333
3.66667
0.708333
-2.79167
-2.625
-2.54167
-2.45833
-1.66667
0.166667
0.875
-1.25
-1.91667
-1.95833
-1.91667
-0.833333
1.20833
2.91667
2.95833
0.791667
-2.125
-5.375
-9.25
-13.2083
-16.6667
-18.875
-20.0833
-20.2083
-19.4167
-17.5
-15.1667
-12.8333
-8.5
-4.625
-1.625
0.208333
0.875
0.5
-1.54167
-3.5
-4.33333
-5.04167
3.16667
0.208333
-1.58333
-3.41667
-5.20833
-3.91667
-0.875
0.666667
-0.166667
-3.04167
-6.75
-11.6667
-17.2083
-21.5833
-24.3333
-25.7083
-26.25
-26.125
-25.5
-24.3333
-22.4167
-20.0833
-16.5
-12.0833
-7.375
-2.66667
0.583333
1.20833
0.291667
-1.125
-2.41667
-3.875
3.625
1.5
-0.5
-3.125
-3.95833
-2.41667
-2.41667
-3.45833
-4.625
-6.04167
-9.625
-15.375
-19.375
-20.25
-19.125
-17.0417
-14.0417
-11.625
-10.375
-11.2917
-13.2917
-15.3333
-17.0417
-16.5833
-14.4583
-10.625
-5.54167
-0.791667
2.41667
3.66667
3.29167
2.58333
-0.958333
-2.54167
-3.5
-3.79167
-2.125
-1.41667
-3.125
-4.625
-5.83333
-8.125
-11.6667
-12.9167
-10.5417
-5.91667
-0.416667
6
11.7917
15.0833
16.3333
14.25
9.45833
3.45833
-3.375
-8.41667
-11.7083
-12.5
-9.875
-4.91667
-0.333333
1.70833
1.75
1.20833
-5.625
-5.875
-5.25
-2.75
-0.958333
-1.95833
-2.625
-2.875
-3.875
-6.75
-7
-2.04167
4.45833
10.9167
16.3333
20.75
22.625
22.9583
23.2917
23.1667
22.3333
19.9583
15.2083
8.70833
2.125
-3.5
-7.08333
-7.625
-5.83333
-3.75
-2.70833
-2.125
-4.20833
-3.625
-1.91667
0.666667
0.833333
-0.583333
-0.75
-0.166667
0.458333
1.75
6.08333
12.125
17.9583
22.5
24.5
23.375
21.2083
20
19.75
20.6667
22.75
24.4167
24.2083
19.875
13
6.25
-0.291667
-4.75
-6.25
-5
-2.41667
-0.125
0.166667
-0.125
1.45833
2.79167
2.5
1.66667
1.29167
2.54167
4.95833
9.70833
14.5833
18.2917
20.6667
20.875
19.75
17.375
15.5417
14.4583
13.375
13.5417
14.3333
15
15.875
15.125
12.4167
8.875
4.29167
0.166667
-2.41667
-3.04167
-1
0.666667
1.70833
1.625
2.29167
2.25
1.66667
1.08333
0.666667
0.791667
1.20833
3.20833
4.33333
3.83333
0.375
-4.25
-6.54167
-6.41667
-5.75
-6.04167
-6.70833
-6.625
-6.45833
-6.70833
-5.875
-2.83333
1.79167
4.20833
3.79167
2.04167
0.125
-1.04167
-1.58333
-1.58333
0.5
2.04167
1.5
0.125
-0.916667
-1.79167
-3.33333
-6.25
-9.125
-11.0833
-13.7917
-17.7083
-21.875
-24.5833
-25.875
-25.4167
-23.3333
-21.0833
-19.6667
-19.5833
-18.875
-17.5
-15.6667
-11.375
-5.29167
-0.875
1.33333
1.875
1.20833
0.291667
-1.75
-2.04167
0.875
2.5
1.125
-0.875
-2.04167
-3.29167
-5.58333
-8.83333
-11.125
-12.875
-14.9167
-17.0833
-15.3333
-12.1667
-12.0417
-13.375
-13.2917
-10.5417
-9.625
-10.2917
-9.79167
-7.5
-5.29167
-3.41667
-1.91667
-0.583333
1.375
2.41667
2.54167
1.70833
0.375
0.0416667
4.08333
4.29167
3.125
1
-0.708333
-1.70833
-1.95833
-1.95833
-1.54167
-1.29167
-0.291667
1.33333
4.91667
8.08333
7.83333
5.45833
3.04167
1.95833
0.375
-0.791667
-0.583333
1.29167
2.54167
2.45833
1.625
1.08333
1.91667
2.41667
2.5
1.95833
1.70833
1.20833
4.45833
3.75
3.83333
2.54167
0.875
0.833333
2.875
5.08333
6.5
7.29167
8.75
10.9583
11.625
10.625
8.70833
6.41667
4.5
0.916667
-1.25
-1.5
-0.416667
1.04167
1.20833
1.33333
0.958333
1.04167
1.375
1.70833
1.54167
1.16667
1.125
0.75
0.125
-1.5
-1.20833
-0.458333
0.125
1.41667
3.29167
5.04167
6.04167
6.41667
6.79167
7.625
6.58333
3.33333
1.33333
1.04167
0.541667
-1.75
-2.54167
-0.916667
0.416667
0.0833333
-0.166667
-0.0833333
-0.208333
0.5
1.16667
1.66667
1.375
0.958333
0.791667
0.5
-2.75
-4.20833
-5.04167
-3.29167
-0.916667
0.958333
1.58333
2.20833
2.83333
3
3.25
3.29167
1.66667
-1.08333
-1.45833
0.125
-0.25
-1.16667
-0.166667
2.25
2.33333
0.375
0.291667
0
-0.166667
0.291667
1.20833
1.625
1.25
1.04167
0.958333
0.708333
-3.33333
-2.66667
-2.58333
-1.5
-0.208333
1.08333
1.375
1.54167
1.875
2
2.54167
2
-0.0416667
-1.08333
0.375
2.20833
1.79167
1.45833
3.66667
5.29167
3.75
1.75
1.66667
1.45833
1
1.08333
1.70833
1.83333
1.58333
1.5
1.375
0.541667
-3.29167
-1.875
-0.166667
0.25
0.25
0.875
1.70833
2.125
2.25
2.25
2.625
1.5
0
1.625
5.25
7.79167
7.45833
7.625
9.5
9.125
5.625
2.91667
2.45833
2.625
1.54167
1.08333
1.41667
1.66667
1.95833
1.58333
1.25
-0.166667
-0.791667
-0.25
0.291667
0.25
0.166667
0.333333
1.08333
1.41667
1.375
1.25
0.833333
-0.666667
-0.875
2.33333
6.125
8.125
7.91667
7.91667
7.08333
4.04167
0
-2.79167
-3.04167
-1.70833
-1.125
-0.875
-0.166667
0.833333
1.29167
0.75
0
-0.916667
0.833333
1
-0.125
-0.666667
-0.416667
-0.333333
-0.291667
-0.708333
-1.41667
-2.45833
-5.04167
-8.08333
-10.0417
-11
-11.625
-12.7083
-11.3333
-10.5833
-12.75
-15.25
-15.75
-14.7083
-13.75
-10.4583
-5.16667
-1.625
0.125
1.125
0.916667
0.208333
-1.41667
-1.58333
-1.83333
-1.54167
-1.83333
-2.16667
-1.75
-1.41667
-1.29167
-1.20833
-2.29167
-4.54167
-8.20833
-12.1667
-17.0417
-23.6667
-28.875
-30.9167
-28
-25.25
-24.625
-23.2083
-18.9583
-14.0833
-11.9167
-8.33333
-2.45833
1.5
2.70833
2.04167
0.916667
-0.333333
-1.91667
-1.58333
-2.625
-2.08333
-1.125
-1.08333
-1.45833
-1.66667
-1.29167
0.333333
1.25
1.29167
1.625
1.875
0.708333
-3.75
-8.33333
-9.25
-8.33333
-6.58333
-4.83333
-2.41667
1.29167
4.58333
6.83333
7.29167
6.91667
5.83333
4.125
1.41667
-0.875
-1.70833
-1.375
-0.541667
2.16667
2.16667
2.20833
1.45833
0.0833333
-1.04167
-1.41667
-0.541667
2.33333
7
12.2917
17.625
22.4583
24.8333
23.5417
21.1667
18.375
16.6667
16.25
16.625
17.5
18.625
19.5417
16.7917
11.7917
7
2.54167
-1.375
-3.33333
-2.54167
-0.416667
1.08333
4.125
3
2.33333
1.58333
0.208333
-1.04167
-2.125
-3.375
-2.54167
1.66667
7.04167
13.0417
19.0417
25
27.3333
25.1667
22.2083
19.7083
18.75
18.625
19.375
19.5417
17.375
13.4167
8.04167
2.79167
-2.29167
-4.16667
-2.95833
-1.375
0.708333
2.70833
0.833333
-0.0416667
0.291667
1.33333
1.20833
0
-1.41667
-3.04167
-5.125
-6.54167
-5.54167
-1.625
3.625
9.91667
16.125
19.9167
21.7083
22.25
22.2083
21.6667
20.0417
15.7917
9.91667
4.54167
-0.916667
-5.5
-7.33333
-4.66667
-1.54167
-0.125
1.125
2.29167
-0.375
0
0.791667
2.375
3.83333
3.25
1.66667
0.333333
-2.08333
-6.41667
-10.4167
-11.375
-9.25
-5.66667
-0.291667
6.04167
10.875
13.9583
14
12
7.54167
1.54167
-3.625
-7.91667
-10.5417
-10.375
-7
-3.41667
-1.625
-0.166667
0.416667
-0.75
-0.208333
0.333333
0.75
1.16667
2.45833
3.70833
3.83333
3.20833
1.70833
-1.20833
-5.95833
-11.4167
-15.125
-16.875
-17.2917
-16.0833
-14.625
-13.4167
-13.5833
-14.8333
-16.5
-17.2083
-16.7083
-15.5833
-12.125
-6.58333
-1.75
-0.416667
0.25
1.33333
0.583333
-1.95833
-0.833333
-0.875
-0.916667
-1.41667
-1.5
0.25
2.5
3.625
3.95833
3.45833
1.54167
-3.08333
-9.25
-14.75
-19.875
-23.6667
-26.2083
-27.75
-27.75
-26.6667
-24.2083
-20
-15.1667
-9.79167
-3.83333
0.791667
3.125
3.08333
3.25
2.79167
1.25
0.333333
-0.166667
-0.166667
-0.666667
-1.41667
-2.04167
-1.70833
-0.333333
1.16667
3.41667
5.54167
6.70833
6.16667
3.20833
-1.41667
-6.75
-11.4583
-14.625
-16.4583
-16.2917
-14.375
-10.9167
-6.70833
-2.79167
1.29167
3.875
4.29167
3.41667
2.41667
1.70833
0.333333
0.166667
1.20833
-0.458333
-0.125
-0.166667
-0.166667
-0.375
-0.916667
-1.58333
-1.41667
0.0416667
2.33333
5
7.5
9.45833
9.91667
9.91667
9.08333
8.375
8.04167
8.20833
8.54167
9.08333
8.70833
7.5
6.08333
4
2
-0.291667
-1.08333
-1.54167
-1.91667
-1.125
-0.416667
-15.375
-15.9167
12.875
22.9583
0
-13.9583
-7.875
-4.33333
-0.75
6.5
7.66667
5.83333
1.25
-2.20833
5
8.04167
0.291667
-4.875
-2.33333
4.83333
3
-11.5417
-16.9167
0.541667
11.5
-6.375
-15.0417
3.83333
15.4583
8.875
1.20833
-0.333333
-16.7083
-19.2083
13.0417
25.5833
0.541667
-15.4167
-9.25
-4.375
0.208333
6.95833
8.625
7.20833
1.54167
-2.58333
3.29167
5.375
-1.79167
-5.75
-1.58333
5.16667
2.45833
-10.375
-14.2917
1.79167
11.125
-4.95833
-12.25
3.95833
12.5417
4.25
-1.75
1.375
-14.375
-19.7083
9.16667
23.25
1.95833
-14.25
-10.6667
-4.33333
3.5
9.5
8.16667
5.125
0
-2.79167
2.75
3.08333
-4
-5.875
-0.75
5.5
3
-8.45833
-11.7917
1.41667
8.25
-3.5
-7.25
4.875
9.33333
0.708333
-3.66667
1.83333
-12.3333
-21
5.54167
21.2917
2.04167
-14.4167
-10.375
-1.41667
7.04167
9.54167
4.66667
2.125
0.291667
-1.54167
1.75
1
-4.66667
-4.70833
-0.208333
3.45833
1.58333
-5.95833
-8
1.45833
6.04167
-1.91667
-4.29167
3.375
5.95833
-0.333333
-2.79167
3.04167
-11.25
-20.125
4.20833
17.9167
-0.791667
-14.4583
-7.29167
3.54167
9.08333
6.41667
0.875
0.875
0.75
-2.20833
-1.91667
-1.5
-2.08333
-0.0833333
1.70833
1.75
0.0833333
-3.33333
-4.125
-0.125
1.75
-1.41667
-2.375
1.125
3.20833
1
0.541667
4.33333
-9.08333
-16.9167
2.29167
11.9583
-4.83333
-12.1667
-0.5
7.91667
7.45833
2.70833
-1.625
-2.16667
-1.83333
-2.20833
-1.45833
-0.333333
0.625
1.625
1.625
0.916667
0.458333
0.291667
-0.375
-1.45833
-2
-2.54167
-2.66667
-0.666667
2.04167
2.75
3.33333
4.5
-5.75
-12.5
-0.25
5
-6.70833
-7.16667
4.70833
8.54167
4.5
-0.666667
-4.25
-4.5
-2.75
-1
0.25
0.958333
1.58333
2.25
2.125
1.45833
1.45833
1.54167
0.333333
-0.583333
-0.958333
-3.5
-5.41667
-2.54167
1.66667
3.16667
4.16667
4.58333
-4.58333
-9.79167
-1.5
1.33333
-6
-2.91667
6.625
6.75
0.791667
-4.375
-6.16667
-4.29167
-1.16667
0.958333
1.45833
1.375
1.91667
2.70833
2.58333
1.875
1.83333
1.83333
1
0.583333
0.416667
-2.375
-6.125
-5.29167
-1.08333
1.95833
4.5
5.33333
-5.75
-9
-1
1.375
-3.45833
-0.208333
6
3.75
-3.25
-8
-7
-2.04167
2.33333
3.66667
1.58333
-0.75
0.75
4.20833
4.91667
2.66667
0.333333
-0.541667
0.333333
2.70833
3.875
0.5
-5.70833
-8.625
-5.58333
0
5.16667
7.25
-5.33333
-8.375
-2.29167
1.04167
0.583333
2.91667
4.25
-0.166667
-6.66667
-9.375
-6.41667
-0.5
5.33333
6.625
1.25
-4.125
-2.04167
5.125
8.75
5.04167
-1.375
-4.58333
-2.91667
2.75
7.75
5.75
-2.29167
-9.25
-9.625
-3.875
3.70833
8.125
-3.08333
-8.5
-4.41667
1.16667
4.125
5.29167
2.41667
-4.45833
-8.91667
-8.66667
-5.66667
0.416667
7.54167
8.375
2.125
-3.625
-3.45833
2.45833
6.875
3.66667
-1.66667
-4.125
-4.375
1.125
9.66667
10.75
3.29167
-6.58333
-12.1667
-9.41667
-0.875
7.16667
-0.541667
-8.125
-5.58333
2.25
7.29167
4.70833
-2.83333
-7.58333
-6.91667
-5.91667
-5.29167
0.708333
9.375
9.5
2.83333
-2.91667
-5.375
-0.916667
4.91667
3.125
-0.958333
-3.83333
-7.625
-2.58333
11.1667
16.0833
8.66667
-2.83333
-12
-13.4167
-6.08333
4.79167
0.625
-7.70833
-5.25
4.25
8.33333
0.833333
-8.58333
-8.25
-1.875
-0.833333
-4.41667
-1.83333
7.75
11.2917
5.25
-3.16667
-7.58333
-2.70833
3.70833
1.91667
0
-2
-10.7917
-8.75
9.70833
20.625
15.2083
2
-10.7917
-15.8333
-10.625
1.45833
2.375
-5.875
-4.5
5.25
7.33333
-3.66667
-12.7083
-7.20833
4.625
5.625
-4.41667
-7.45833
4.41667
14.0833
9.08333
-3.75
-11.0417
-4.29167
3.75
1.08333
0.958333
0.5
-13.0417
-14.4167
7.08333
22.1667
20
7.91667
-7.70833
-16.9167
-14.5
-2.20833
1.70833
-5.70833
-3
6.875
5.54167
-7.83333
-15.3333
-5.45833
11.0833
11.4583
-5.41667
-13.5417
1.29167
17.0833
12.0833
-5.54167
-13.2083
-3.04167
3.625
-1.91667
2.04167
5.16667
-13.5833
-19.7917
3.875
22.0833
22.1667
12.6667
-3.625
-16.5417
-17.2917
-6.16667
-0.291667
-5.875
-0.791667
8.29167
3.375
-11.1667
-17
-4.04167
15.75
15.6667
-5.75
-17.4167
-1
18.375
12.9583
-6.58333
-12
-0.0833333
1.875
-7
2.83333
11.2917
-11.9167
-23.6667
0.583333
20.5417
22.125
15.7083
0.166667
-15.5833
-19.25
-9.375
-2.375
-5.125
1.41667
9.41667
2.125
-13.5833
-19.2083
-3.83333
19.6667
20.2917
-4.95833
-20.625
-2.66667
20.0833
11.7083
-11.0833
-10.8333
6.375
3.70833
-10.7917
0.791667
13.2083
-10.2917
-24.7083
-1.08333
19.125
21.0417
17.1667
3.125
-14.6667
-20.4583
-11
-4.875
-5.20833
3.08333
10.5833
1.83333
-14.7917
-20.9167
-4.16667
22.4583
24.125
-3.5
-21.7083
-3.58333
19.0417
6.79167
-15.875
-7.25
14.4583
6.58333
-13.75
-2.41667
12.625
-9.33333
-24.25
-1.66667
18.5417
20.9583
17.375
3.375
-14.5833
-20.2917
-10.6667
-6.83333
-6.66667
3.16667
11.875
3.16667
-14.2917
-21.25
-5.08333
22.125
25.625
-1.20833
-20
-4.04167
14.4167
1.125
-16.6667
-3.08333
19.0833
8.91667
-13.9583
-5
9.875
-9.20833
-22.7917
-1.375
18.8333
21.4583
16.5833
1.95833
-15.125
-19.5
-9.08333
-7.91667
-9
1.83333
12.375
5.25
-12.125
-20.2917
-6.5
19.125
24.875
1.875
-16
-3.625
9.625
-4.5
-17.3333
0.0833333
21.125
11
-11
-6.875
4.29167
-10.2917
-19.5
0.791667
19.7083
21.9167
14.6667
-1.16667
-16.1667
-17.875
-6.29167
-6.04167
-9.5
-1.08333
11
8.04167
-8.54167
-19.0417
-8.83333
14.375
23.5
5.83333
-11.7917
-3.875
4.95833
-7.625
-14.875
1.54167
17.6667
10.9583
-5.83333
-6.5
-0.791667
-10.9167
-14.8333
3.75
20.25
21.0833
10.8333
-5.33333
-16.875
-15.25
-2.66667
-3.29167
-8.625
-4.375
7.95833
10.3333
-3.58333
-16.5417
-11.5833
7.58333
19.5417
8.83333
-6.70833
-3.41667
1.625
-7.875
-10.9583
2.41667
13.5417
9.5
-2.25
-5.5
-3.58333
-10
-10.0833
6.58333
19.75
17.625
5.5
-8.95833
-16.4167
-11.6667
0.916667
-0.833333
-8.04167
-7.45833
4.33333
11.125
1.08333
-12.2917
-12.3333
0.708333
12.4583
8.66667
-1.41667
-0.916667
0.208333
-6.25
-6.54167
1.75
7.875
7.625
1.41667
-3.95833
-5.45833
-8.04167
-4.20833
9.04167
16.75
12.0833
0.0416667
-11.4583
-14.4583
-7.41667
3.54167
1
-6.70833
-9.375
0.791667
10.6667
5.08333
-7.29167
-11.5417
-4.5
5.41667
6
1.125
1.45833
1.25
-2.95833
-3.375
-0.333333
2.79167
6.41667
4.83333
-2.33333
-6.29167
-4.79167
1.16667
9.04167
11.9583
6.375
-4.58333
-12.5
-10.9583
-2.625
5.08333
2.79167
-4.20833
-9.91667
-2.66667
8.58333
7.83333
-1.79167
-9.16667
-7.91667
-0.125
3.16667
0.875
1.45833
2.70833
0.666667
-1.20833
-1.75
-0.0833333
5.375
7
0.625
-4.125
-2.08333
2.79167
6.79167
6.75
0.791667
-7.625
-10.8333
-6.16667
0.958333
5.08333
3.5
-1.375
-8.66667
-4.79167
5.58333
7.95833
2.375
-5.125
-8.54167
-4.33333
0.0416667
0.291667
1.16667
2.25
1.83333
1.04167
-0.291667
0.208333
4.125
6
2.375
-1.20833
-0.125
2.91667
4.29167
1.79167
-4.29167
-8.16667
-6.45833
-2.25
1.95833
4.20833
3.95833
0.583333
-7.33333
-6.04167
2.83333
6.875
4.33333
-1.16667
-6.25
-6.79167
-3.66667
-0.375
1.75
2.16667
2.25
2.54167
1.70833
1
1.95833
3.04167
2.41667
1.54167
2.04167
2.41667
1.08333
-2.875
-6.58333
-5.29167
-2.04167
-0.25
1.875
2.79167
3.375
1
-5.83333
-5.5
0.708333
4.625
4.79167
1.70833
-2.83333
-5.79167
-5.16667
-1.5
1
0.958333
1.70833
3.04167
2.375
1.08333
1.25
2.125
2.16667
1.79167
2.125
1.45833
-1.66667
-4.75
-4.75
-2.04167
-0.125
0.458333
1.54167
1.375
1.91667
0.333333
-4.75
-3.83333
0.333333
2.58333
3.95833
2.83333
-0.666667
-3.45833
-3.95833
-1.91667
-0.125
-0.125
0.708333
2.16667
2.125
1.33333
1.04167
1.41667
1.5
1.41667
1.91667
0.291667
-3.375
-4.33333
-2.25
0.0833333
1
0.958333
0.833333
-0.208333
0.916667
-0.875
-4.29167
-2.41667
0.5
1.25
3
3
0.208333
-1.66667
-1.95833
-1.58333
-1.375
-1.5
-0.375
1.45833
2.29167
2.125
1.5
1.33333
1.16667
0.625
0.208333
-1.41667
-3.45833
-2.83333
-0.125
1.83333
1.625
0.416667
-0.5
-1.16667
0.0833333
-2.54167
-4.66667
-1.29167
1.45833
0.541667
1.66667
2.66667
0.666667
-1.08333
-0.791667
0.541667
0.0833333
-2.29167
-2.5
-0.0833333
2.125
2.66667
1.70833
0.75
-0.166667
-1.33333
-1.54167
-1.20833
-1.125
-0.208333
1.79167
2.41667
0.208333
-1.29167
-0.708333
-0.916667
0.291667
-4.125
-6.04167
-1.29167
2.625
1.20833
0.541667
1.08333
0.291667
-0.791667
-0.25
1.625
1.33333
-1.20833
-2.08333
-0.666667
1.25
1.79167
0.458333
-0.708333
-1.04167
-1.16667
-0.875
-0.666667
-0.25
2
3.95833
1.29167
-3.04167
-2.16667
0.625
-0.416667
3.46296
2.2037
3.12963
5.33333
7.12963
7.72222
7.46296
6.7037
6.48148
5.51852
4.2963
2.2037
-0.296296
-3
-5.25926
-6.12963
-4.83333
-2.96296
-0.703704
1.74074
2.83333
2.57407
1.7963
0.703704
-0.62963
-2.07407
-3.25926
-4.2963
1.72222
0.777778
1.01852
2.11111
3.31481
3.33333
2.16667
-0.37037
-3.7037
-6.98148
-10.4259
-14.6111
-18.9444
-22.9815
-25.4074
-25.4074
-22.7778
-20.1852
-16.3148
-12.2778
-8.68519
-5.83333
-3.44444
-2.40741
-2.38889
-3.03704
-2.33333
-2.98148
-0.259259
-0.444444
-0.62963
-1.2037
-1.66667
-3.35185
-6
-9.55556
-13.963
-18.5
-23.5185
-28.7222
-33.0556
-36.1481
-37.2963
-36.3333
-33.9815
-31.7037
-28.1296
-23.7222
-19.0926
-14.3148
-10.0185
-7.44444
-5.92593
-4.75926
-2.61111
-2.05556
-2.74074
-1.88889
-2.61111
-4.81481
-7.2037
-10.1667
-13.2037
-16.1481
-19.5
-23.037
-27.0926
-29.8519
-30.7778
-30.4815
-29.1111
-27.6296
-26.537
-25.8519
-24.8519
-23.037
-20.5185
-17.6852
-14.3333
-11.4815
-8.81481
-6.18519
-3.57407
-1.88889
-3.7963
-2.85185
-4
-6.64815
-9.66667
-12.8519
-14.6667
-14.9444
-15.3704
-16.2222
-16.8148
-15.6111
-12.7593
-9.05556
-4.90741
-2.38889
-2.51852
-4.24074
-7.44444
-9.74074
-11.1852
-11.8148
-11.3889
-10.3889
-9.22222
-7.62963
-5.90741
-3.48148
-4.09259
-3.48148
-4.77778
-6.83333
-8.75926
-9.61111
-8.46296
-6.09259
-4.09259
-1.57407
2.16667
7.14815
12.6111
18.0185
23.2037
26.0741
25.7593
22.7407
17
10.7593
5.5
1.25926
-1.88889
-4.05556
-5.74074
-7.01852
-7.5
-5.7963
-2.66667
-2.98148
-3.64815
-3.88889
-3.35185
-1.27778
2.27778
6.2037
9.55556
13.9074
19.7593
25.4074
29.9259
33.8704
37.2407
39.3889
39.4259
36.8519
31.7222
25.2778
18.7963
13.5926
8.64815
4.24074
0.037037
-4.16667
-6.62963
-6.5
-0.814815
-1.75926
-1.66667
-0.611111
1.64815
5.48148
9.27778
11.7407
13.7778
17.2778
22.5185
27.0556
29.6667
30.463
29.7778
29.6111
30.4259
30.7593
29.6296
25.6296
20.2963
15.5
11.2407
7.87037
4.74074
0.685185
-2.7037
-4.57407
0.796296
-0.796296
-0.851852
0.240741
2.25926
4.81481
5.94444
5.24074
4.7037
5.2963
7.46296
9.96296
10.7963
9.44444
5.88889
3.87037
5.16667
8.2037
11.1667
11.7778
9.62963
6.81481
4.85185
4.77778
4.88889
3.44444
1.14815
-1.5
1.48148
-0.814815
-2.37037
-3.09259
-3
-2.85185
-4.72222
-8.2963
-11
-12.463
-12.6852
-11.9074
-11.5556
-13.0185
-16.3519
-18.1667
-16.4815
-12.2778
-7.88889
-4.31481
-2.66667
-2.98148
-2.68519
-0.407407
2.14815
3.7963
3.05556
0.981481
2.37037
-0.0740741
-3.25926
-5.77778
-7.48148
-9
-11.9444
-15.7037
-17.5926
-18.6667
-20.4815
-21.4259
-21.5185
-21.6667
-22.6296
-23.1296
-21.9259
-19.8889
-17.3148
-12.5185
-7.98148
-5.7963
-4.46296
-2.33333
-0.0185185
2.59259
3.40741
2.83333
2.90741
1.24074
-1.7037
-4.55556
-6.44444
-7.72222
-9.12963
-10.2037
-9.59259
-9.05556
-10.7037
-13.1667
-14
-13.7963
-12.7778
-12.1667
-12.4815
-13.5185
-13.7222
-10.3519
-5.22222
-2.03704
-0.62963
-0.37037
-0.037037
1.64815
2.92593
3.48148
2.90741
3
2.07407
0.685185
-0.333333
-0.703704
0.037037
2.01852
4.85185
5.75926
3.46296
0.037037
-1.61111
-1.68519
-0.425926
-0.37037
-2.46296
-5.74074
-6.83333
-4.57407
-0.722222
1.94444
3.03704
2.24074
1.31481
1.5
2.7037
3.55556
0.444444
1.85185
3.61111
4.31481
4.51852
4.72222
6.57407
10.1852
12.5556
11.8519
9.57407
6.75926
5.03704
4.25926
4.85185
4.16667
1.11111
-1.55556
-1.24074
-0.203704
1.18519
2.62963
3.66667
2.87037
1.87037
1.37037
2.07407
2.61111
-2.03704
0.037037
3.01852
5.01852
5.72222
5.92593
7.66667
10.7037
11.4259
9.38889
7.24074
6.05556
4.90741
4.31481
4.57407
3.64815
1.16667
0.222222
1.90741
2.24074
1.66667
2.42593
3.37037
2.92593
2.16667
1.57407
1.94444
2.14815
-4
-1.72222
1.46296
3.59259
4.2963
4.22222
5.48148
7.33333
6.61111
5
4.90741
5.77778
5.2963
4.94444
5.57407
5.37037
3.98148
4.44444
5.72222
4.2037
1.96296
2.68519
3.64815
2.98148
2
1.57407
1.83333
1.85185
-3.33333
-0.962963
1.5
2.92593
3.03704
2.66667
3.2963
3.74074
3
3.46296
5.11111
6.51852
6.12963
5.85185
6.68519
7.12963
6.81481
7.07407
6.11111
3.2037
1.01852
2.18519
3.2037
2.46296
1.24074
1.12963
1.7037
1.85185
-2.40741
-0.5
1.40741
2.2037
1.64815
0.5
-0.314815
-1.38889
-2.09259
-0.703704
1.18519
1.51852
0.62963
-0.0185185
0.351852
1.05556
1.62963
1.59259
-0.388889
-2.61111
-3.18519
-1.59259
-0.111111
0.0555556
-0.259259
0.462963
1.42593
1.72222
-1.74074
-1
0.148148
1.11111
0.444444
-1.35185
-4
-6.81481
-8.25926
-8.11111
-8.35185
-10.2593
-11.9074
-13.037
-13.9074
-13.6852
-12.3148
-11.5926
-11.7963
-10.7407
-8.25926
-6.62963
-4.96296
-3
-1.40741
0.388889
1.46296
1.42593
-1.90741
-2.55556
-2.11111
-0.537037
-0.314815
-2.09259
-5.75926
-9.53704
-11.9444
-13.9815
-16.6296
-19.8333
-21.9259
-23.2778
-24.6667
-24.6852
-22.5556
-19.7593
-16.3704
-11.5741
-7.27778
-6.5
-5.5
-2.96296
-0.148148
1.92593
2.05556
0.962963
-1.2963
-2.90741
-3.46296
-1.55556
0.37037
0.833333
-0.981481
-3.38889
-5.03704
-6.85185
-9.18519
-11.1852
-12.7963
-14.2593
-16.037
-16.5556
-14.7037
-11.0741
-6.24074
-1.33333
1.59259
0.814815
-0.037037
1.14815
3.07407
3.72222
2.25926
-0.0185185
0.555556
-1.68519
-3.42593
-2.72222
0.203704
3.44444
5.2037
5.92593
6.85185
7.72222
8.35185
9.46296
9.88889
9.33333
8.33333
7.94444
8.88889
11.1852
13.6481
15.037
14.1667
11.3148
8.31481
6.66667
5.87037
4
1.07407
-1.16667
2.68519
0.537037
-2.01852
-3.24074
-1.27778
3.27778
7.77778
11.4074
14.9074
18.963
23.3704
27.9259
31.2037
32.6852
32.6667
32.4444
32.1296
31.0741
28.6296
24.8519
19.9259
15.5
11.2037
7.94444
4.94444
1.16667
-1.66667
-2.40741
3.62963
2.40741
-0.037037
-3
-3.55556
-1.22222
2.72222
6.68519
10.4815
14.8148
20.2778
25.9815
31.4074
35.4815
37.8148
38.7037
37.6852
33.8889
28.0741
21.5741
15.3333
10.5926
6.74074
3.48148
-0.037037
-3.38889
-4.55556
-3.31481
3.18519
3.72222
2.64815
-0.259259
-3.18519
-4.53704
-3.81481
-2.24074
-0.5
1.53704
4.90741
9.11111
13.8704
18.5926
21.8519
23.2407
22.1852
17.9444
12.1296
6.48148
1.7037
-1.01852
-2.68519
-4.07407
-5.64815
-6.38889
-5.37037
-3.12963
1.59259
3.53704
4.12963
2.53704
-0.444444
-3.90741
-6.05556
-7.42593
-8.62963
-10.3148
-11.6111
-11.9074
-10.9259
-8.94444
-6.75926
-5.64815
-6.27778
-8.25926
-10.3333
-11.8333
-12.0556
-10.8333
-9.2963
-8.48148
-7.59259
-5.55556
-3.2963
-1.37037
-0.111111
1.90741
3.64815
4.01852
2.74074
0.037037
-2.94444
-5.72222
-8.42593
-11.8519
-16.2037
-20.1296
-23.1111
-24.963
-25.6667
-25.8333
-25.7407
-24.7963
-23.2222
-20.6481
-17.1852
-13.1481
-9.72222
-7.37037
-4.66667
-1.68519
0.296296
1.33333
-1.48148
-0.425926
1.18519
2.74074
3.77778
3.53704
1.96296
-0.037037
-2.48148
-5.66667
-10.2222
-15.2037
-19.8704
-23.9815
-26.5741
-27.5926
-26.963
-24.463
-21.0185
-16.8889
-12.2037
-8
-4.77778
-2.51852
-0.333333
1.18519
2.03704
2.2963
8.40741
6.59259
-5.03704
-12.5
-6.87037
2.83333
9.7963
10.0926
7.14815
2.2963
-0.648148
-0.351852
0.87037
0.888889
-0.37037
0.592593
2.72222
0.481481
-5.42593
-10.537
-7.88889
-3.59259
-2.81481
-3.51852
-0.351852
7.03704
9.90741
8.09259
6.05556
5.27778
-4.37037
-10.2778
-4.62963
3.83333
8.88889
7.2963
3.46296
-0.592593
-1.64815
0
1.27778
0.685185
-0.574074
0.981481
4.05556
2.92593
-1.59259
-6.88889
-5.68519
-4.11111
-3.55556
-4.57407
-1.44444
4.07407
7.11111
6.74074
2.68519
3.83333
-2.68519
-6.75926
-2.33333
3.37037
5.44444
2.88889
0.037037
-1
-0.12963
1.77778
1.61111
0.518519
-0.685185
1
3.2963
2.74074
-0.0740741
-3
-1.64815
-1.09259
-2.35185
-5.22222
-4.48148
-0.537037
3.38889
5.72222
0.0925926
2.66667
-1.22222
-3.75926
-0.814815
1.77778
1.51852
-0.703704
-1.05556
0.296296
1.51852
1.81481
0.833333
0.518519
0.666667
1.75926
2.12963
1.42593
0.425926
0.351852
1.64815
1.59259
-1.05556
-4.87037
-6.48148
-4.46296
-0.296296
4.22222
-2.24074
1.03704
-0.388889
-1.31481
0.5
0.537037
-1.33333
-3.11111
-1.7037
1.05556
2.2963
1.33333
-0.314815
0.0555556
1.98148
3.66667
3.09259
0.981481
-0.5
0.203704
2.31481
3.57407
1.44444
-2.72222
-6.72222
-6.7963
-3.24074
2.62963
-4.09259
0.0185185
0.444444
0.333333
0.962963
-0.388889
-3.01852
-4.81481
-2.98148
0.759259
2.72222
1.42593
-1.38889
-1.25926
2.31481
6.2963
6.31481
2.18519
-2.38889
-3.35185
-0.0555556
4.37037
5.11111
1.44444
-4.46296
-7.35185
-5.61111
0.037037
-4.77778
-0.425926
1.24074
1.16667
0.925926
-1.72222
-5.05556
-7.07407
-4.61111
0.351852
3.59259
2.74074
-0.351852
-0.962963
2.18519
6.33333
6.98148
3.18519
-2.22222
-4.83333
-2.2037
3.64815
7.53704
5.62963
-1.18519
-7.38889
-8.24074
-3.33333
-3.7037
0.574074
1.83333
0.611111
-0.62963
-3.74074
-7.16667
-9.03704
-6
0.722222
5.74074
6.16667
2.27778
-0.259259
0.666667
4.11111
5.87037
3.64815
-1.14815
-4.98148
-3.2037
3.16667
9.2963
8.59259
1.12963
-7.42593
-10.2037
-5.96296
-2.98148
1.09259
1.81481
-0.703704
-2.85185
-5.40741
-7.72222
-9.09259
-6.2963
1.35185
8.01852
9.57407
4.40741
-0.222222
-1.22222
2.09259
4.5
3.7037
-0.833333
-5.44444
-4.64815
2.75926
11.4074
12.6667
4.5
-6.66667
-12.463
-9.55556
-2.01852
1.62963
1.2963
-3.09259
-5.61111
-6.18519
-6.05556
-7.12963
-5.77778
1.92593
10.537
13.4815
6.5
-1.46296
-4.96296
-1.83333
1.62963
2.61111
-0.777778
-5.31481
-5.11111
2.90741
13.8148
17.3704
9.31481
-4.59259
-14.6111
-14.5185
-0.0740741
2.81481
-0.148148
-7.05556
-8.53704
-5.33333
-2
-3.48148
-4.14815
3
12.0185
14.1852
4.53704
-4.5
-6.96296
-2.01852
1.46296
1.61111
-2.81481
-7.90741
-7.59259
2.59259
16.7037
23
14.7593
-1.62963
-15.7593
-18.5
1.96296
3.74074
-2.37037
-11.2778
-10.5556
-2.77778
3.53704
0.740741
-2.98148
2.33333
11.1852
12.8333
2.27778
-6.40741
-7.05556
-0.944444
2.07407
1.14815
-4.22222
-10.7407
-11.5
-0.148148
17.9259
28.1852
21.1852
2.59259
-15.5741
-21.5741
3.40741
3.38889
-4.98148
-14.5926
-11
1.07407
9.42593
4.46296
-3.2037
-0.0185185
8.68519
10.6481
0.333333
-6.7963
-5.48148
1.07407
2.59259
0.425926
-5.33333
-12.6852
-14.8333
-3.5
17.3704
31.6296
26.8704
7.33333
-14.2963
-23.5
4.33333
2.74074
-7.16667
-17.0741
-10.8148
4.83333
14.7963
7.62963
-4
-3.42593
4.96296
8.25926
0.037037
-4.90741
-2.98148
2.05556
1.66667
-0.388889
-4.96296
-12.537
-16.7593
-6.87037
15.4444
32.8704
30.7593
11.2037
-12.537
-24.5
4.90741
2.37037
-8.48148
-18.6481
-10.9444
6.87037
18.3333
10.4259
-3.7963
-6.05556
1.24074
6
0.907407
-1.62963
-0.148148
2.2037
-0.277778
-1.66667
-4.2037
-11.1481
-16.8889
-8.7963
13.5926
32.5926
32.1667
12.963
-11.6111
-24.8519
5.16667
2.66667
-8.7037
-19.5185
-11.6481
7.44444
20.8148
13.3889
-2
-6.55556
-0.703704
3.72222
-0.814815
-2
0.907407
4.42593
1.2037
-1.83333
-5.88889
-12.3519
-16.8704
-7.87037
13.9815
32.3704
31.5556
12.6852
-11.6111
-24.537
5
3.64815
-7.5
-19.0185
-12.4074
6.77778
21.7407
15.963
0.722222
-5.81481
-2.16667
0.296296
-4.37037
-4.2037
1.62963
7.51852
4.14815
-1.31481
-7.72222
-13.6296
-15.7593
-5.03704
15.8148
31.6852
28.6852
9.62963
-13.0185
-23.5926
4.14815
4.77778
-4.64815
-16.7407
-12.9074
3.5
18.9074
15.9444
3.51852
-3.64815
-2.53704
-2.31481
-6.53704
-4.68519
3.18519
9.72222
6.07407
-1.01852
-8.22222
-13.2778
-13.3519
-2.03704
16.6667
29
23.8519
5.35185
-14.2407
-21.8333
2.31481
5.11111
-1.74074
-13
-12.3333
-0.185185
13.2778
13.1852
5.07407
-0.611111
-1.57407
-3.75926
-7.51852
-3.87037
5.31481
11.2593
6.74074
-1.37037
-8.12963
-11.5741
-9.64815
1.09259
16.3704
24.5
17.5926
0.722222
-15.037
-19.2407
0.481481
4.61111
0.666667
-9.09259
-10.8148
-3.03704
7.90741
9.2963
4.72222
0.518519
-0.962963
-3.66667
-6.03704
-1.72222
6.55556
10.9815
6.27778
-1.09259
-6.7037
-8.62963
-5.94444
2.94444
14.3333
18.8148
11.5185
-3.07407
-14.6111
-15.9259
-1.24074
3.64815
2.48148
-5
-8.51852
-4.5
3.57407
5.72222
2.90741
-0.407407
-1.7963
-3.01852
-3.46296
0.962963
7.24074
10.3889
6.46296
0.648148
-4.18519
-6
-4.07407
2.75926
11.0185
13.3704
6.40741
-5.33333
-13.1296
-12.1852
-2.61111
2.64815
3.51852
-1.61111
-5.90741
-4.83333
0.481481
2.92593
1.62963
-1.05556
-2.53704
-2.81481
-1.83333
2.27778
7.05556
9.77778
7.33333
2.35185
-2.85185
-5.24074
-3.22222
2.7037
8.7037
9.11111
2.75926
-6.27778
-11.2037
-9.16667
-3.98148
1.64815
4.25926
0.925926
-3.66667
-4.77778
-1.61111
0.740741
0.851852
-0.592593
-1.35185
-1.2963
-0.740741
1.40741
4.44444
7.44444
7.07407
3.46296
-1.64815
-3.98148
-1.85185
3.22222
6.87037
5.83333
0.0555556
-6.55556
-9.5
-6.74074
-5.03704
0.685185
4.57407
2.66667
-2.16667
-4.83333
-3.22222
-0.648148
0.703704
0.425926
0.0555556
-0.0740741
-0.37037
0.203704
2.09259
5.42593
6.62963
4.33333
-0.259259
-2.48148
-0.555556
3.42593
5.2963
3.09259
-2.2037
-6.94444
-8.11111
-4.59259
-5.64815
-0.111111
4.64815
4.01852
-0.907407
-5.09259
-5.31481
-2.62963
0.277778
1.75926
1.85185
1.33333
0.537037
0.314815
1.24074
3.2963
4.57407
3.72222
1.57407
0.703704
1.92593
3.37037
2.64815
-0.740741
-4.81481
-7.05556
-6.03704
-2.24074
-5.96296
-1.18519
4.24074
5.09259
1
-4.46296
-6.94444
-5.42593
-1.68519
1.46296
2.55556
2.48148
2.18519
2.5
2.7963
3.18519
3.11111
2.90741
2.55556
2.77778
2.61111
1.5
-1.12963
-4.03704
-5.75926
-5.44444
-3.18519
-0.259259
-6
-2.03704
3.37037
5.7963
3.2963
-1.90741
-6.22222
-6.5
-3.59259
-0.0185185
1.57407
1.98148
2.27778
3.31481
3.72222
3.61111
2.87037
2.59259
2.44444
2.46296
1.42593
-0.481481
-2.88889
-4.42593
-4.55556
-3.24074
-1.09259
0.833333
-5.7037
-2.37037
2.46296
5.2963
4.33333
0.537037
-3.64815
-5.25926
-4.25926
-1.88889
-0.388889
0.851852
1.96296
3.57407
3.98148
3.62963
2.48148
1.98148
1.59259
1.11111
-0.425926
-2
-2.83333
-2.57407
-1.88889
-1.14815
-0.12963
0.740741
2.88889
-0.722222
-5.83333
-1.44444
7.55556
10.6111
4.94444
-3.22222
-4.94444
-2.22222
0.666667
1.22222
2.94444
6.5
9.33333
6.33333
-1.88889
-9.88889
-12.5
-10
-6.83333
-5.22222
-1.27778
1
6.83333
9.5
16.3333
17.2222
11.0556
-1.27778
-10.8333
-10.3889
8.61111
4.44444
-3.05556
-2.72222
2.11111
5.61111
2.83333
0.111111
0.444444
2.83333
2.38889
2.61111
5.27778
10.1667
9
2.83333
-4.55556
-6.33333
-6.88889
-9.33333
-14.4444
-12.6111
-5
2.55556
5.27778
7.55556
13.5556
14.3889
6.83333
-4.88889
-9.83333
-6.94444
12.6111
11.5556
5.33333
-0.666667
-4.61111
-4.61111
-1.94444
3.22222
7.88889
9.94444
7.83333
6.72222
7.22222
7.72222
3.38889
-3.61111
-6.33333
-3.83333
-2.5
-7.33333
-15.2222
-12.8333
-5.77778
2.05556
0.0555556
1.66667
5.05556
8.11111
3.27778
-2.55556
-4.61111
-2.55556
11.8333
15.2778
12.5556
3.11111
-7.61111
-10.6667
-5.38889
4.27778
12.3333
15.7222
13.7222
9.72222
4.88889
-0.333333
-5.66667
-9.94444
-8.61111
-4.55556
-1.83333
-4.05556
-7.66667
-4.83333
-0.777778
1.77778
-3.16667
-4.72222
-3.66667
0.111111
1.22222
2
1.94444
1.11111
7.88889
14.1667
14.9444
5.55556
-6.77778
-11.6111
-5.66667
4.88889
14.4444
16.8333
12.8889
4.55556
-3.94444
-10.9444
-14.1667
-14.7778
-11.3889
-7
-2.44444
1.11111
3.88889
7.44444
7.66667
4.61111
-1.83333
-5.72222
-6.66667
-4.94444
-2.16667
1.66667
4.72222
4.33333
2.38889
6.72222
9.16667
4.55556
-3.77778
-6.44444
-1
8.38889
13.5
10.7222
2
-8.11111
-15.6111
-19.0556
-17.5556
-14.2778
-9.61111
-5.72222
-1.38889
3.33333
8.22222
12.3889
14.1111
12
8.22222
2.55556
-1.83333
-6.44444
-7.16667
-4.38889
2
5.22222
-2.11111
0.833333
3.11111
0.166667
-3.83333
-1.94444
6.11111
12.1111
9.38889
-1
-12.2778
-19.7222
-21.7222
-19.6667
-15.1667
-10.8889
-6.94444
-3.5
0
3.77778
7.27778
11.0556
14.3333
16.5556
16.9444
13.7778
7.72222
-0.944444
-7.22222
-8.38889
-2.61111
2.66667
-3.27778
-2.38889
-2.55556
-4.83333
-4.05556
3.55556
12.2778
12.5
0.833333
-13.3889
-22.6111
-23.8333
-19.6667
-12.5556
-5
0.111111
2.5
2.05556
0.611111
-1.72222
-2.5
-0.722222
4.94444
12.4444
19.2778
21.3333
18
9.22222
0.111111
-6.38889
-6.83333
-4.22222
-3.05556
-2.55556
-4.27778
-5.44444
-0.777778
8.55556
13.3333
6.11111
-8.5
-20.1667
-22.7778
-16.9444
-6.61111
3.33333
7.66667
6.88889
3.16667
1.16667
0.555556
-0.722222
-4.27778
-8.72222
-9.77778
-4.05556
6.55556
17.3889
21.7778
18.7222
9.66667
-0.666667
-8.05556
-9.22222
-1.27778
-2.33333
-4.83333
-2.61111
4.88889
12
9.33333
-1.66667
-12.4444
-15.9444
-12.1111
-3.83333
6.55556
14.6111
15.5556
9.5
1.16667
-2.55556
-0.5
1.77778
-1.16667
-10.2222
-19
-20.9444
-13
1.88889
15.7222
21.6111
17
5.72222
-5.55556
-9.83333
-0.777778
-0.0555556
-1.16667
1.83333
7.94444
10
3.33333
-5.5
-8.11111
-4
1.88889
7.33333
12.3889
15.8333
13.4444
6.22222
-2.33333
-5.22222
-2.05556
3.11111
3
-5.33333
-18.0556
-28.2222
-27.6111
-14.8889
3.27778
17.0556
18.6667
10.5556
-0.388889
-6.16667
-0.555556
2.66667
3.16667
4.44444
7
4.55556
-2.11111
-6.27778
-1.72222
6.83333
11.5
10.5556
6.72222
5.44444
5.72222
6.38889
3.94444
-0.555556
-4.11111
-3.77778
-0.722222
-0.611111
-7.44444
-20.2778
-28.2778
-24.2778
-8.72222
8.16667
16.7222
14.3889
5.61111
-2.55556
-1.77778
3.38889
6.44444
6
4.16667
-2.11111
-7.77778
-8.33333
-0.444444
9.55556
12.3889
7.22222
-2.16667
-5.16667
-0.833333
8.5
12.9444
8.72222
-3
-11
-8.88889
0.222222
3.88889
-4.66667
-16.6667
-21.2778
-13.6111
0.277778
11.5
14.5556
8.55556
-0.333333
-3.55556
0.222222
5.05556
5.66667
2.16667
-6.05556
-12.7778
-13.7222
-4.83333
6.83333
11
4.22222
-6.77778
-8.27778
0.111111
11.8333
15.3889
10.2222
-1.83333
-10.3333
-9.5
1.05556
8.5
5.33333
-5.38889
-13.2778
-12.8889
-4.77778
5.88889
12.6111
9.61111
1.5
-3.55556
-4.66667
-0.277778
2.83333
0.111111
-7.77778
-15.3333
-16.5
-8.16667
4.44444
10.1111
4.66667
-3.44444
-3.11111
3.72222
7.44444
5.33333
3.77778
1.38889
-1.44444
-3.83333
1.05556
6.27778
6.72222
0.277778
-5.77778
-8.44444
-5.11111
1.83333
8.27778
7.55556
2.38889
-2.72222
-8.05556
-6.05556
-1.55556
-1.22222
-6.38889
-12.2778
-13.8889
-6.72222
3.55556
9.61111
6.5
2.72222
3.38889
4.66667
-1.11111
-7.66667
-5.33333
2.88889
6.55556
3.61111
1.72222
2.27778
3.27778
0.833333
-2.16667
-4.88889
-4.16667
0
4.72222
5.38889
2.61111
-1.61111
-8.5
-9
-4.77778
-2.16667
-3.77778
-6.66667
-7.33333
-3.05556
2.83333
7
7.22222
7.77778
6.5
-0.333333
-13.1667
-17.5
-7.77778
7.22222
11.5
6.61111
1.05556
0.166667
0.888889
0.611111
-0.444444
-1.72222
-1.88889
-0.5
1.27778
2.11111
1.77778
-2.44444
-5.83333
-6.61111
-4.61111
-1.72222
-0.722222
-0.944444
-1.88889
-0.888889
0.833333
4.11111
7.33333
9.27778
4.11111
-8.05556
-19.0556
-16.3333
-3.05556
9.44444
10.3889
5.33333
0.277778
-0.111111
0.444444
1.22222
0.388889
0.277778
-0.222222
-0.222222
-1.05556
-0.666667
0.5
-2.5
-2.5
-3.05556
-3.22222
-1.27778
1.72222
2.94444
1.77778
-0.777778
-1.27778
1.94444
7.38889
8.83333
0.555556
-12.5556
-18.5
-10.6111
2.22222
9.72222
8.55556
3.83333
-0.777778
-2
-1.27778
0.833333
1.66667
2.83333
2.11111
-0.333333
-3.83333
-3.83333
-0.944444
0.611111
1.5
-0.444444
-2.88889
-1.5
3.27778
6.27778
4.77778
-0.611111
-3.72222
-0.111111
6.83333
8.55556
0.0555556
-9.66667
-9.88889
-3.05556
2.05556
2.55556
3.72222
3.22222
-0.944444
-5.44444
-4.88889
-0.166667
3.83333
5.77778
3.94444
-1.22222
-6.66667
-6.38889
-2.22222
4.16667
4.05556
-0.222222
-4.16667
-2.83333
4.11111
9.33333
8.11111
-0.111111
-6.38889
-3.66667
3.83333
7.22222
2.38889
-1.22222
0.777778
1.16667
-4.16667
-7.83333
-2.38889
2.5
-1.11111
-7.88889
-6.44444
1.72222
9.16667
10
5
-4.05556
-10.1111
-8.66667
-2.61111
5.5
5.72222
0.611111
-4.88889
-4.61111
3.38889
11.1667
10.7222
0.333333
-10.5556
-11.2222
-4.5
2.11111
3.61111
5.94444
8.33333
3.5
-8
-13.8889
-7.33333
0.5
-0.277778
-4.55556
-0.444444
9.61111
16.5
12.8333
2.55556
-8.61111
-12.9444
-8.94444
-1.55556
3.33333
6.22222
2.88889
-3.22222
-5.66667
1.27778
10.3889
12.7778
2.38889
-12
-19.2778
-15.9444
-8
-1.11111
5.5
8.94444
5.88889
-4.38889
-10.6667
-9.38889
-3.33333
0.388889
4.38889
12.8333
21.7222
22.6111
11.9444
-3.5
-14.1667
-14.5
-7.44444
0.444444
0.277778
5.33333
5.33333
-0.111111
-5.44444
-2
7.22222
13.5556
7.16667
-8.27778
-22.1667
-25
-18.3333
-9.22222
-0.944444
4.55556
7.44444
4.44444
-0.555556
-5.33333
-4.22222
2.55556
13.7222
24.6111
28.2222
20.1111
3.88889
-12.2222
-17.5556
-12.7778
-2.88889
3.27778
-2.66667
2.77778
5.77778
2.77778
-4.27778
-5.16667
1.94444
12.5556
13.5556
3.88889
-11.6667
-20.4444
-20.7222
-15.3889
-8.72222
-1.72222
5.11111
7.38889
4.44444
-1.22222
-1.55556
6.33333
18.6667
26.3333
22.6667
8.33333
-8
-18.4444
-16.8889
-7.61111
2.33333
5.61111
-5.16667
-2.05556
3.05556
3.77778
-1.94444
-6.44444
-3.22222
7.5
15.6111
15.2222
6.05556
-4.27778
-11.3889
-13.6111
-12.1111
-7.05556
-0.444444
4.5
5.33333
3.61111
4.05556
8.94444
14.8333
15
6.11111
-7.83333
-17.7778
-18.9444
-10.5
0.111111
6.83333
6.11111
-5
-4.33333
0.111111
2.94444
-0.0555556
-5.77778
-7.11111
0.0555556
10.7222
18.8889
19
13.2778
3.72222
-3.33333
-6.88889
-5.61111
-2.88889
0.0555556
1.77778
2.83333
4.44444
5.61111
4.44444
-1.5
-10.6111
-18.1667
-19.6111
-12.3889
-1.66667
6.72222
7.27778
3.61111
-1.88889
-3.88889
-1.88889
1.38889
2.11111
-2.61111
-7.55556
-7.05556
0.777778
11.2222
18.7222
20.5
16.5556
10.1111
3.88889
0.166667
-1
-0.555556
0.777778
1.27778
0.388889
-3.66667
-9.61111
-16
-19.3333
-18.3333
-12.1111
-2
6.16667
8.44444
3.77778
-0.611111
2.61111
-0.388889
-2
-0.833333
2.27778
0.833333
-4.05556
-8.72222
-7.33333
-0.888889
7.38889
14.2222
17.6667
17.3333
13.7778
8.83333
4.27778
1.16667
-1.38889
-3.94444
-7.72222
-11.9444
-15.6667
-17
-15
-9.22222
-1.5
5.72222
7.5
4.72222
-0.611111
-2.94444
4.5
1.33333
-1.55556
-1.72222
1.88889
3.16667
0.944444
-4.72222
-8.5
-8.61111
-3.94444
2.61111
9
11.6111
10.4444
6.77778
3.27778
1.38889
-0.444444
-2.44444
-6.22222
-9.05556
-10.5
-8.83333
-5.11111
0.555556
6
7.5
4.27778
-0.333333
-2.55556
-2.38889
3.72222
1.83333
-0.833333
-2.05556
0
2.66667
4.11111
1.72222
-3.05556
-7.83333
-8.83333
-6.33333
-1.44444
2.16667
3.11111
2.11111
0.722222
0.777778
0.222222
-0.666667
-2.5
-2.44444
-1.55556
0.833333
2.83333
5.77778
6.72222
4.05556
-0.555556
-3.11111
-1.44444
0
2.22222
2.11111
0.833333
-0.444444
-0.833333
0.722222
3.22222
4.55556
2.55556
-1.5
-5.11111
-7
-7.05556
-6.33333
-5.44444
-4
-2.16667
0.333333
2.05556
3
3.38889
3.77778
3.55556
2.94444
2.61111
3.66667
3.77778
1.44444
-1.61111
-2.61111
-0.277778
1.16667
10.2
5.8
2.48
1.78
3.08
6.6
11.3
14.08
14.44
12.3
8.1
2.46
-3
-8.64
-12.72
-15.34
-16.3
-14.18
-11.36
-8.46
-3.04
3.62
5.66
7.58
10.18
8.64
3.46
0.6
11.54
4.78
0.74
0.76
3.1
8.7
14.22
16.06
13.46
7.62
-0.64
-7.86
-12.84
-15.98
-16.9
-15.62
-13.24
-8.86
-5
-1.46
3.18
7.16
6.54
5.88
6.34
4.28
0.98
0.06
11.12
4.42
0.68
1.18
4.18
9.36
13.06
12.12
6.74
-1.88
-11.36
-17.46
-19.74
-19.86
-17.4
-13.34
-9.2
-3.92
0.42
4.5
8.78
11.9
10.22
8.22
6.22
2.92
-0.46
-1.12
7.64
3.36
1.64
3.42
6.12
8.54
8.66
4.24
-3.34
-12.26
-20.02
-23.64
-22.82
-20.44
-15.92
-10.58
-5.64
-0.3
4.68
9.18
13.74
17.02
15.92
13.02
9.14
3.88
-0.84
-2.7
3.9
1.78
2.18
5.48
7.06
6.26
2.82
-4.64
-13.22
-20.42
-25.12
-25.56
-22.22
-18.24
-13.3
-7.72
-2.46
2.5
6.96
10.94
14.78
17.68
18.46
17.24
14
8.8
3.4
-0.68
0.9
1.3
3.34
7.28
7.64
3.96
-2.88
-11.48
-18.98
-23.02
-23.08
-19.04
-13.4
-8.98
-5.64
-3.04
-0.92
0.38
1.68
3.48
6.56
10.4
14.98
18.08
18.64
15.54
9.88
3.22
-0.16
2.26
5.26
8.92
7.56
1.02
-6.62
-13.74
-18.5
-18.5
-13.76
-7.14
-2.1
0.64
1.28
0.42
-1.02
-2.82
-5.06
-6.34
-5.48
-1.76
5.12
12.76
18.02
18.58
14.24
6.82
0.34
3.3
6.36
8.68
5.38
-1.44
-7.56
-11.96
-13.52
-10.18
-3.34
3.3
6.7
7.82
6.3
2.82
-0.48
-4.04
-9.02
-13.18
-14.8
-13.7
-7.46
2.58
12.12
17.14
16.5
10.98
2.3
4.3
5.68
5.56
1.4
-3.52
-6.3
-6.64
-4.8
-0.1
5.74
10.84
12.42
12.02
8.88
4.42
0.38
-4.26
-11.04
-16.72
-20.92
-23.2
-19.06
-8.5
3.46
13.02
16.9
14.52
3.34
4.22
4.06
1.52
-2.48
-4.94
-4.16
-0.82
3.38
7.58
11.58
14.82
15.1
14.22
10.46
5.08
0.28
-5.02
-12.46
-17.58
-22.04
-26.6
-25.12
-16.1
-4.64
6.8
14.32
15.1
2.68
2.22
0.5
-3.6
-7.02
-7.52
-4.08
1.62
6.8
10.14
11.8
12.68
12.46
12.16
8.68
4.62
1.52
-3
-9.36
-11.92
-15.36
-21.76
-23.26
-17.52
-9.46
0.8
9.98
13.36
0.5
-1.28
-4.22
-9.08
-11.62
-10.24
-5.46
1.28
7.58
10.42
9.62
8.88
9.18
8.94
5.9
4.14
3.42
0.08
-4.4
-4.62
-6.76
-13.7
-17.4
-14.9
-10.52
-2.84
5.96
10.86
-2.78
-5.02
-8.34
-12.64
-13.72
-11.4
-6.04
1.48
8.72
11.18
8.5
5.96
5.56
3.88
0.94
2.1
4.02
2.18
-0.36
1.08
-0.56
-6.82
-10.8
-10
-8.58
-3.82
3.02
7.56
-6.06
-8.12
-10.38
-13.1
-12.86
-10.44
-5.4
1.68
8.7
10.44
6.96
2.82
0.64
-2.4
-4.28
-0.88
3.42
3.74
3.32
5.16
4.02
-1.12
-4.6
-4.92
-5.2
-3.32
1.2
4.54
-7.68
-8.98
-10.26
-11.22
-10.14
-8.06
-4.22
1.74
7.86
9.12
5.22
0.02
-3.84
-8.02
-8.34
-2.58
3.64
5.66
6.74
7.28
5.32
1.6
-0.58
-1.18
-1.74
-1.7
-0.02
1.72
-7.16
-7.52
-7.32
-6.9
-5.72
-4.24
-1.42
2.98
8.1
9.02
5.72
0.52
-5.3
-10.8
-9.9
-3.9
1.6
5.3
7.42
5.66
2.54
1.06
0.38
0.04
0.38
-0.04
-0.7
-0.76
-5.84
-5.38
-3.72
-2.06
-0.88
0.18
1.66
4.08
7.22
7.6
5.34
0.78
-6.02
-11.66
-10.22
-5.76
-2.12
2.28
5.28
2.62
0.02
1.52
2.78
2.48
3.08
1.76
-1.36
-3.44
-3.2
-2.58
-0.2
2.2
2.98
3
2.32
1.38
1.46
1.32
1.16
-0.84
-5.78
-9.24
-7.04
-5.18
-4.34
-0.34
3.14
0.88
0.54
5.28
8
7.02
6.34
2.9
-2.78
-6.48
-0.3
0.3
2.68
5.54
5.84
4.74
1.8
-2.72
-6
-6.22
-3.88
-2.6
-3.92
-4.52
-2.56
-3.6
-5.76
-3.02
0.76
0.24
2.64
10.44
14.2
12.16
9.02
3.1
-5.02
-9.92
1.42
1.6
3.98
7.3
7.64
6.04
1.8
-5.44
-11.6
-12.58
-8.98
-5.26
-3.1
-1.26
0.12
-3.02
-7.2
-5.28
-0.42
2.06
7.5
17.1
20.52
16.1
9.68
1.24
-8
-12.9
1.52
1.52
3.46
7.12
8.22
7.28
2.5
-6.12
-14.94
-18.06
-15.92
-11.8
-6.7
-1.96
0.1
-2.44
-5.4
-3.74
2.16
8.02
15.94
24.72
25.94
18.4
8.2
-2.68
-11.78
-14.9
1.32
1.26
2.62
6.12
8.02
8.04
4.14
-4.24
-14.36
-19.52
-19.36
-16.2
-9.92
-2.98
0.76
0.34
-0.48
1.3
6.88
13.46
20.74
26.12
24.26
14.74
2.78
-8.04
-14.42
-14.76
0.46
0.32
1.02
4
6.82
8.82
7.7
2.5
-6.26
-12.22
-14.24
-13.42
-8.96
-2.8
0.74
1.24
1.36
2.78
7.3
12.88
17.66
19.42
15.4
5.58
-5.2
-12.7
-15
-12.56
-0.84
-1.12
-0.96
0.94
4.16
7.9
9.94
9.12
4.18
-1.22
-5.42
-7.62
-6.46
-2.94
-0.24
1.26
2.48
3.72
6.62
9.66
11
9.18
3.6
-4.86
-11.96
-14.94
-13.3
-8.52
-1.48
-1.7
-1.9
-1.36
0.98
5.22
9.22
11.82
11.1
8.58
4.58
0.92
-0.66
0.1
0.86
1.84
2.94
3.1
3.32
3.4
1.72
-2.36
-7.5
-12.28
-14.88
-13.68
-9.38
-3.82
-0.9
-1.42
-1.88
-2.4
-1.36
1.74
6.42
10.92
13.7
14.58
13.08
9.8
6.6
4.76
3.46
2.88
2.28
0.82
-1.42
-4.42
-8.66
-12.9
-15.6
-16.2
-14.3
-9.54
-4.06
0.12
-0.24
-0.98
-1.7
-2.78
-2.6
-0.9
2.88
7.64
12.2
15.4
16.28
14.7
11.64
8.32
4.96
2.32
-0.38
-3.42
-6.94
-10.64
-14.64
-16.78
-16.62
-14.32
-9.98
-4.04
-0.04
1.86
0.82
0.32
-0.3
-1.64
-2.36
-2.32
-0.86
1.94
6.06
9.9
12.04
12.12
10.46
7.74
4.56
2.02
-0.6
-3.58
-7.16
-10.66
-13.48
-13.82
-12.08
-8.5
-3.56
0.92
2.4
2.34