-64.75
-73.5
-78.375
-84
-94.625
-107.625
-120.125
-133.875
-137.375
-128.875
-129.75
-126.5
-123.875
-118.125
-103.5
-94.625
-88.875
-91.75
-90.75
-85.375
-80.25
-79.125
-76.5
-67.75
-62.25
-54.125
-49
-47.125
-39.75
-32.625
-26.875
-21.375
-18.875
-15.375
-161.5
-160.375
-157.875
-156.375
-154.5
-150.75
-148.25
-139.375
-128.25
-122.625
-100.125
-77.25
-57.5
-34.5
-19.125
-5.25
9
23.625
28.875
29.375
31.375
34.375
39.125
38.875
32.75
22.75
8.875
0.25
-4.125
-5.5
-3.5
0.75
4
5.75
-93.75
-88.75
-85.125
-82.5
-76.125
-65.75
-56.125
-40.75
-28.875
-22.75
-6.875
2.5
8.375
10.75
5.625
3.25
1.625
5.25
4.125
3.875
9.125
22.75
39.75
49.5
56.875
51.625
37.875
25.25
9.875
0
-1.375
0.125
3
4
-9.75
-9
-6.5
-6.5
-2
6
13.25
23.25
27.5
26.5
17.125
3.625
-6.25
-11.125
-8.5
-5.25
-5.5
-8.125
-13.375
-16.875
-20.25
-19.125
-13.125
1.75
27.625
50.125
63.125
59.625
40.5
18.625
1.375
-11.5
-14.5
-13.125
-6.25
-5.75
-3.875
-1.125
8
20.875
34.25
43.5
38.75
22.25
3.75
-10.5
-14.25
-8
0.75
8.875
15.125
17.375
15.875
10.625
1.25
-9.375
-19
-20.625
-10.25
12
39.25
57.25
57.875
43.25
20.25
-1.25
-9.375
-10.375
-5.75
-2.875
-4.875
1.375
12.125
23.375
34.5
31.5
18.875
3.625
-2.875
0.875
12.625
29.875
45.375
60
72.5
77.125
76.5
69.375
56.125
39.625
21.25
3.25
-11.125
-13.875
-1.75
20.625
42.125
49.375
40
21.25
5.5
-2.25
0.75
4.5
4.875
13.625
22.625
23
20
8.625
-0.75
-0.875
12.125
32.875
57.5
83.5
104.875
120.375
128.875
130.75
129.25
124.125
114.375
98.625
76.375
49.875
22.375
-0.125
-10.625
-5.875
13.25
32.75
40.875
34.875
18.75
6
4.875
4.5
10.375
18.5
21.75
14.875
3.75
-4.375
-1.375
17.125
43.75
70.75
93.75
105
103.375
94
81.875
75.75
75.625
81.25
91.75
100.5
101.75
91
68.5
39.625
11.875
-5.625
-4.875
10.5
26.875
34.5
29
16.75
4
4.5
14
17.875
13.25
6.375
-3.125
-2.375
16.125
45.125
68.875
82.75
81.625
65.375
44.875
26.75
14.75
9.875
10.125
15
25.5
41.375
61.5
77.375
81.625
69.375
42.625
14.125
-5
-4
9.625
22.25
25.75
18.5
1.375
8.5
16.5
15.125
7
1
-0.375
15
42.25
64.125
71.25
62.75
41.875
20.625
7.875
1.75
0
-1.875
-6.375
-16.875
-30.625
-40.25
-35
-9.875
24
49.5
52
34.875
9.875
-4.75
-1.25
9.5
16.375
15.25
-0.5
8.25
10.75
6.625
1
-2.125
7.75
30.25
44.875
40.125
16.5
-18.375
-51.25
-70.875
-77.125
-72.5
-59.625
-48
-50
-71.5
-106.25
-138.5
-149.625
-126.125
-76.375
-18.25
25
37.75
26.625
5.875
-2.875
2.75
11.375
14.875
5.125
10.125
7.75
2.875
-0.75
1.875
17.375
29.875
17.125
-21.125
-75.75
-129.25
-163.75
-177.875
-176.5
-158.625
-128.125
-102.125
-95
-100.5
-111.125
-114.25
-111.125
-106.25
-89.75
-57.375
-12.25
22.625
31.75
18.125
2.75
1.125
8.875
14.75
10.75
12.25
8.625
4.375
2
10
25
28.125
7.75
-31.5
-70.125
-91.25
-86.75
-66.25
-45.375
-32.5
-29.125
-39.625
-50.875
-38.75
-3.375
42.75
66.125
44.125
1.5
-25
-18.75
7.75
26.125
24.25
9.5
1.75
5.125
10.5
8.625
8.25
5.625
3.125
5
16.125
29
32
24.125
10.625
14.25
40.375
81
122.5
144
135.125
97.75
48.5
15.5
19.5
56
98.875
117.75
95.125
47.375
10.875
-2.125
6.25
20.625
24.125
12.75
3.25
2.875
6.25
5.5
4.75
2.25
2
6.375
17
26.25
27.75
25.375
22.125
31.25
47.5
64
73.75
73.125
65.375
46.5
27.875
16.125
14.875
26.25
39.875
46.5
40.875
25
11.625
6.125
9.25
17.875
20.5
13.125
5.125
2.25
4.125
5
4.625
2.375
2.375
6.25
13.375
18
17.125
13.125
4.75
-10.5
-35.625
-67.125
-96.75
-109.25
-97.875
-70.25
-38
-13.625
-2.375
0.375
1.625
4.375
7.25
5.625
2.375
2.25
5
11.625
13.875
10.375
5.25
1.5
2.5
4.375
4.25
3.875
3
5.625
9.375
10.75
10.5
7.375
-1.75
-25
-55.25
-87.5
-113.375
-125.375
-121.875
-101.375
-70.875
-38.875
-15.875
-6.375
-5.625
-2
1.625
1
-1.625
-2.625
-1.375
3.625
6.375
5.5
2.875
0.875
2.25
2
2.625
3.875
4
4.875
5.875
6
7.375
11.25
19.125
24.75
38
50.375
52.5
37.375
1.5
-32.25
-47.25
-40.625
-23
-9.625
-6.5
-1.75
2.125
2.125
-0.875
-4.875
-5.75
-3.875
-1.25
-0.125
-0.5
-0.25
1
-1.625
-0.125
1.25
1.375
0.75
-0.625
0
4.375
20.375
52.375
89.375
128.75
153.5
154.5
130.5
81.125
31.125
-4
-19.375
-16.875
-9.5
-6.25
-2.5
1.75
2.125
-1.125
-6.625
-10.125
-11.5
-9.25
-6.25
-3.375
-1.125
-2
-4.25
-3.375
-2.125
-2.375
-4.875
-8
-8.125
-2
17.625
49.625
83
102.375
104.25
92
70.25
48
28.25
10.625
-2.125
-7.375
-9.625
-10
-8.75
-5.125
-3
-4.125
-8.125
-13.25
-16.125
-14.375
-9.875
-3.75
-1
-4
-4.25
-4.25
-2.75
-1.625
-5.625
-11.625
-15.75
-13.25
-4.875
4.25
10
8.625
6.25
5.25
5.125
6.625
8.25
8.5
5.125
-4.25
-19.5
-34.125
-44.625
-42.625
-30
-17.625
-10.625
-11.875
-16
-17
-10.75
-2.875
-1.875
-6
-6.5
-5.25
-1.875
0.5
-3.75
-13
-22.5
-25.5
-30.125
-43.375
-61.75
-77.75
-80.25
-69.375
-52.375
-31.625
-10.375
12.25
24.125
7.75
-31.375
-77.25
-109.375
-104.375
-65.625
-25
-2.375
-1.75
-13.125
-19.875
-11.5
-3.375
-4.875
-8.625
-13
-10.625
-4.25
0.375
-1.875
-12.875
-26.75
-32.875
-35.875
-46.625
-66.75
-98
-125.875
-135.875
-121.5
-76.125
-19.625
33.875
67.125
57.875
14
-37.75
-69.75
-60.25
-13.5
23
27.625
8.75
-16.25
-22.375
-10.625
-3.25
-7
-9.625
-13.75
-13.5
-8
-1.375
0.75
-9.625
-25.25
-34.125
-26.375
-6.625
4.125
-7.375
-37.625
-65.375
-58.125
-16.875
32.5
72.375
94.75
101.5
100.625
99.5
98.25
99.25
98.375
74.25
33.125
-5
-27.25
-20.375
-6
-3.5
-9.125
-12.75
-7.375
-11.875
-11.5
-5.375
0.625
-4.5
-19.375
-34.375
-30.875
1.625
46.125
85.5
107.75
111.75
115.75
114.375
101.5
82.125
66.75
71.875
101.875
136.25
152.375
141
95
35.875
-12.375
-35.375
-31
-11.5
-1.75
-8.25
-14.375
-19
-5.25
-14
-17.125
-11.875
-3
0.5
-10
-31.25
-45.375
-36.375
1
56.125
108.5
141.875
144.625
119.375
81.25
43.5
20.625
18.5
33
49.25
52.5
34.625
-4.125
-37.75
-52
-44.125
-19.75
-2.75
-4.75
-15.25
-21
-22.25
-7
-16.375
-21.75
-19.125
-9.5
1.375
0.25
-17.625
-43.125
-62
-58.625
-33.25
0.75
30.875
41.375
34.125
20.875
7.375
-0.375
-2.875
-6.375
-14.875
-32.125
-54.625
-70.25
-69.75
-52.75
-26.875
-4.375
-2.5
-13.5
-21.75
-26.125
-20
-7.375
-15
-23.875
-27.375
-20.625
-6.5
4.25
0.875
-19.75
-48.875
-73
-83.375
-79.375
-63.875
-46
-32.25
-24.625
-23.5
-28.125
-37.625
-51.625
-69.625
-86.375
-91.75
-81.25
-57.75
-28.375
-5
1.25
-11.125
-23.75
-29.25
-26.5
-12.875
-5.625
-11.25
-21.375
-32.25
-33.875
-23.875
-6.625
7.25
5.875
-12.625
-41.875
-71.625
-94.125
-104.875
-104.875
-98.125
-91.625
-89.25
-92.25
-100.5
-108.375
-110.5
-100.125
-78
-49.5
-21.25
-0.5
4.75
-7.25
-23.25
-32
-30.25
-16.875
-3.5
-1.625
-4.5
-12.125
-25.75
-38.625
-41.375
-30.25
-8.25
10.125
13.375
1.625
-21.625
-46.875
-70.75
-91.375
-104.875
-113
-115.125
-111.375
-103.5
-90.375
-71.625
-48.875
-26.125
-5
9.25
9.25
-5.5
-25.5
-35.75
-33.375
-19.875
-4.25
2.5
1.375
0.375
-4.125
-13.375
-29
-44.375
-49.25
-38.25
-15.25
7.5
19.875
17.75
5.5
-11.25
-27.875
-42.125
-51.75
-55.125
-52.5
-44
-31.875
-16.75
-0.75
12.375
18
10.25
-10.875
-33
-43
-38.625
-23.25
-5.75
2.375
5.625
-1.125
-1
-1.5
-4.125
-12.375
-28
-45.625
-56.875
-53.375
-33.5
-7.875
14
24.875
24.375
19.125
11.25
5.375
3.125
3.625
7.875
14.375
19.75
21.125
13.875
-5.875
-31.375
-50.25
-54
-41.75
-24.125
-8.625
0.625
2.625
4.625
-5.625
-4.5
-1.625
0.375
0.125
-5.625
-20.5
-41
-60.25
-69
-61.625
-42
-17.875
2.375
14.75
20
20.875
20.375
19.375
18.5
17.625
10.5
-6.125
-29.75
-53.5
-64.375
-57.875
-39.5
-19.625
-7.375
-2.625
-3.375
-3.625
-3.375
-3
-2.125
-0.875
0.5
2.5
3.125
-1
-11.625
-29.25
-51.375
-69.5
-79.875
-79.875
-69.375
-55.25
-41.125
-31.375
-27.75
-29.5
-35.125
-42.875
-50.5
-56.5
-58.75
-52.375
-39
-23.75
-10.125
-2.875
-1.375
-2.125
-4.875
-5.125
-6.25
-0.5
4
4.875
-2.5
-11.375
-14.625
-8.375
-4.375
-1.625
13.625
8
-19.25
-20.625
-9.375
-13.25
-18.375
-6.625
8.5
11.75
6.125
-3
-12.625
-22
-25.25
-31.5
-36.625
-23
-9.125
-6.75
-4.625
-0.875
5.625
3.625
-11.875
-0.5
4.375
4.125
-3.375
-12.75
-17
-9.75
-2.125
3.25
19.875
15.375
-15
-22.25
-13.5
-17.875
-24
-11
7.375
13.875
11.625
6.125
-1.375
-10.875
-18.875
-33.75
-42.25
-25.875
-7.25
-0.125
4
8.25
15.75
10.25
-13
-1.25
1.25
0.625
-4
-14.375
-20
-10.875
-0.25
10.875
32.5
25.125
-10.5
-16.625
-1.5
0.375
-10.25
-9.625
5.25
15.375
14.375
8.875
4.25
0.5
-4
-22.625
-42.125
-37.625
-23
-10.875
-1.5
4.875
13.875
10.25
-10.25
5.5
5.25
5
2.25
-5.75
-4.5
4.75
14
23
23.75
13.375
3.625
-1
-4.125
-3
1.75
5.25
7.625
9.625
8.375
6
4.625
4.125
0.5
-14.375
-29.375
-33.625
-33.125
-28
-16.875
-2.375
12.75
12.5
-6.625
7.25
4.5
3.125
3.625
4
11.125
17
16.25
14.75
12.75
8.25
1.75
-2.5
-3
-1.5
0.625
2.625
4.875
6.375
6.625
8.25
10.875
11.5
4.875
-7.75
-16.25
-22
-30
-35.875
-33.75
-19
1.75
8.875
-3.375
8.75
8.125
5.875
6.125
14.875
26.125
21.75
8.75
4.625
4.375
-0.375
-2.625
4.875
16.375
21.625
17.25
10.75
6.375
0.25
-6.875
-11.875
-12.125
-5.75
1.75
3.875
0.625
-7
-19.125
-33.375
-43.125
-38.25
-19.25
-2
0.25
7
9.5
9.875
12.375
26.875
33.75
17.75
1.875
-2.25
-3.625
3.125
19.125
30
32.75
28.375
18.625
11.125
5.75
-1
-7.625
-13.875
-20.375
-24.625
-23.875
-16.875
-4.875
3.625
-1.875
-19
-37.25
-45.875
-37.125
-16
-2.5
5.875
10.5
15.125
22
34
28.625
7
-4.875
-1.375
11.625
29
41
41
36
27.875
16.75
10.125
5.75
-1.375
-8.5
-14.5
-21
-28
-35.25
-39.5
-30.875
-10.875
1.625
-2.375
-19
-39.625
-47.5
-33
-12.75
7.5
13.75
23.5
30.625
30.25
13.375
-4.625
-0.875
18.625
37.125
47.875
49.75
43.375
35.375
25.625
14.25
7.75
3.625
-1.875
-7
-12.5
-20.125
-28
-36.875
-47.375
-49.875
-37.875
-17.875
-1.25
-0.75
-21.375
-45.25
-46.5
-27
9.625
18.5
32
34.625
19
-1.75
-3.375
20.25
46.5
57.125
55.25
47.75
35.375
21.375
9.125
1.5
-0.5
-0.875
-3.375
-11.375
-20.625
-22.25
-16.25
-13.125
-25.5
-45
-53.5
-44.125
-18.625
3.25
-2.75
-31.5
-50.125
-40.75
14.25
26.25
38
29.875
5.25
-6.125
10.75
42.25
59.625
51.375
31.25
14.625
5
0.625
1.375
8.75
19.375
16.75
-8.5
-38.5
-46.75
-29.25
-1.125
20.625
19.125
-7.5
-42
-59.5
-43.125
-9.125
5.625
-13.75
-43.125
-50.125
22.125
35.625
37.25
16.875
-4.25
0.875
30.625
59.625
54.875
15.875
-17
-20.5
-9.75
-1.125
7.5
24.375
41.625
29.125
-18.75
-54.75
-45.625
-16
4.375
19
34.25
31.125
-7.75
-54.875
-62.5
-30.125
1
-0.875
-30.125
-52
28.75
42.75
32.625
3.875
-5.75
16.75
51.5
69.875
38.75
-26
-54.125
-26.25
6
14
15.875
27.5
38.625
15.375
-39.875
-59.75
-24.125
6.5
2.375
-1.375
24.25
53.25
34
-31.5
-72.625
-52.5
-11
4
-16.625
-47
34.625
45
24.375
-4.875
-0.5
34.625
69
69.75
11.375
-66.625
-76.25
-16.375
28.25
28.25
19.75
26.875
31.5
-3.5
-57.75
-49.5
17.75
44.375
2.75
-37.125
-13.125
51.875
67.625
-0.25
-71.125
-71.375
-27.25
2.5
-5.625
-38.75
39.75
44.25
16.25
-8.25
8.125
49.5
80.5
66
-8.375
-87.375
-79
0.75
47
38.25
25.375
28.625
18.75
-30.375
-72.125
-26.125
65.75
79.375
2.25
-71.875
-61.75
25.375
80.875
26.75
-62.875
-83
-42.125
-3.375
-0.75
-31.875
42.75
41.875
10.625
-9.125
16.5
62.875
87.75
61.125
-17.125
-91.75
-81.25
-1.875
43.375
34.75
25.5
31.875
18.5
-35.25
-70.375
-11.125
84.875
89.375
1.375
-80.25
-80.875
5.875
82.5
43.75
-53.875
-88.625
-53.625
-9.75
2
-26.25
44.875
40.5
7.375
-8.5
22.875
71.125
90.75
56.25
-22.875
-95.5
-91
-19.25
29.25
26.375
14.375
23.625
27.125
-11.875
-48.375
-2.625
84.625
91.125
8
-75.375
-86
-3.625
82.625
53.625
-46.625
-90.875
-61.25
-14.375
2.875
-22.5
47.25
39.625
5.375
-7.75
26.625
74.375
90.5
54.875
-19.5
-86.125
-89
-29
20.125
15.25
-6.375
-0.75
19.75
8.5
-23.375
5
82.875
93.75
15.25
-70.375
-89.625
-11.875
80.875
59.25
-41.875
-90.75
-63.125
-15.5
2.5
-21.75
49.625
40.625
5
-8.375
26.5
75.375
91.5
58.125
-6.625
-61.625
-70.625
-30.25
10.5
5
-27.75
-36.875
-6.125
14.5
-3.125
13.125
81.75
96.25
22.25
-65.25
-92.625
-19.875
76.875
61.125
-39.5
-89.75
-61.25
-13.125
3.375
-23
49.25
43.125
7.375
-8.875
22.875
71.75
92.125
65
9.875
-32.875
-39.5
-10.625
17.5
1
-50.75
-81.5
-47.5
3.125
5.125
16.625
77.875
96
29
-59.125
-93.75
-25.125
72.875
58.5
-40.875
-86.625
-54.125
-8.25
2.25
-27.75
47.5
45.5
11.5
-9.125
16.625
64.125
90.5
72.75
25.625
-10.75
-19
-0.375
19.25
-2.5
-60.625
-101.375
-69.5
-4.25
6.625
6.25
57.25
83.875
28.625
-53.375
-79.75
-9.625
74.625
47.625
-47.5
-80.5
-42.75
-2.375
-1.125
-35.5
45.25
49
18.125
-8
7.5
51.75
85.5
78.5
34.625
-12.625
-30.5
-12.5
11.25
0.875
-50.625
-87.625
-47.625
15.75
9.375
-18.5
10.625
43.5
19.125
-28.875
-34.375
25
71.625
22.5
-58.375
-69.875
-28.75
2.125
-7.625
-43.625
40
52.375
29.25
-2.375
-1.625
34.125
73.75
81.125
44.125
-15.375
-53.5
-42.75
-9.125
-1.375
-29
-41.375
3.875
47.625
16.875
-34.375
-30.75
-1
7.75
0.5
12
44.75
43.375
-15.25
-65.5
-53.875
-13.875
4.25
-17.5
-51.625
33.75
52.75
40
6.125
-7.5
15.875
55.75
77.375
55.625
-1.875
-52.625
-58.375
-26.875
-2.875
-5.125
2.375
39.5
58.875
19
-37
-48.625
-25
-2
12.25
30.625
38.25
4.625
-46.75
-62.5
-34.125
-1.75
-0.25
-31.125
-55.75
26.125
48.125
47.75
19.375
-5.625
0
32.875
65.375
64.375
22.625
-27.625
-48.25
-32.5
-7.5
6.75
27.125
55.75
56.875
17
-29.875
-48.875
-36.75
-7.375
18.5
26
4.875
-36.875
-60.875
-47.75
-15.5
3.25
-11.75
-43.625
-52.75
16.75
39
50.875
34.125
4.5
-8
10.75
45
64.125
52.875
15.75
-21.375
-29.5
-12.125
13.125
37.625
48.5
37
11.625
-11
-23
-22.25
-10.5
-5.375
-17.375
-41.5
-60.5
-52.625
-25.5
-2.25
-2.5
-27.75
-49.75
-44.5
10
27.625
45
43.625
21.5
-2.875
-4.5
19.375
46.875
60.25
51.375
26.75
9.5
7.875
13.375
17.625
14.375
7.375
2.375
-0.875
-5.125
-13.375
-26.375
-39.875
-50.5
-57
-50.25
-27.375
-4.625
-0.75
-19.75
-42.5
-45.875
-31
5.125
16.5
34.125
46.375
38.625
13
-5.5
-0.375
21
43.375
52
46.125
35.375
25.625
17.75
9
1.875
-1.5
-5.875
-11.625
-16.625
-22.875
-32.125
-41.5
-47.25
-43.75
-25.625
-4
1.5
-15.625
-39.5
-45
-31.75
-17.875
2.125
8.5
22.375
39
43.875
30.625
10.125
-2
1.375
17.375
33.625
39.375
34.375
26.125
18.375
9.375
2.125
-2.25
-7.25
-12.75
-17.625
-23.5
-31.375
-37
-33
-18.25
-1.25
2.75
-12
-34.5
-46.25
-35
-16.875
-10
0.625
3.5
11.625
25.75
37.875
38.875
28.5
14.25
3.375
0.625
7.875
19.375
24.625
22.75
17.375
9.375
2
-3.375
-7.875
-12.25
-17.125
-22.375
-24.875
-18.625
-5.5
2.75
-0.25
-12.5
-29
-43.5
-41.875
-19.375
-3
-4.75
-1.125
0.125
4.375
12.625
24.5
34.375
36.5
31.5
21.5
9.75
0.875
-1.75
0.5
5
8.125
6.375
1.75
-3.375
-8.25
-11.75
-12.125
-7.25
2.5
8.375
2.5
-9
-16.625
-23.75
-35.5
-41.625
-27.75
-2
5.375
-4.875
-0.875
0.5
2.25
4.375
9.875
20.75
31.625
36.625
32.875
23.25
15.375
9.25
1.375
-5.875
-9.625
-9.25
-6.375
-3.125
0.375
3.875
6.375
5.25
-0.125
-6.625
-13.375
-19.125
-22.5
-28
-33
-28.375
-12.625
6.125
8.125
-3.875
-0.375
1.25
2.125
2.625
3.625
7.375
16.5
29.25
35.75
29.75
20.375
15.5
10.375
3.125
-2.5
-5
-5.375
-4.625
-3.375
-1.25
1.875
1.5
-4.125
-11.5
-19.5
-25.875
-27.875
-25.25
-18.125
-13.625
-8.375
6.875
10.625
-2.375
1
2.125
2.125
2.25
2.5
1.625
2.25
12.125
26.25
31.375
27.25
20.125
11.875
4.125
-1.25
-4.125
-4.625
-3
-1.25
1.125
5.375
4.5
-6
-20
-30.375
-31.25
-21.25
-9.625
-4.875
-8.125
-6.875
7.125
10.625
-2.25
-157.611
-156.611
-155.167
-153.889
-152.333
-146.889
-139.778
-133.111
-120.722
-107
-93.8889
-83.8333
-72.5
-58.7222
-50.9444
-45.0556
-39.1111
-33.1667
-30.2222
-27.1111
-20.6111
-14.1111
-8.72222
-5.55556
-5.66667
-7.55556
-12.3333
-16.7778
-18.7222
-16.9444
-13.3333
-9.94444
-117.722
-115.333
-111.167
-106.5
-100.778
-89.6667
-80.1111
-72.3889
-61.7778
-51.2778
-41.5556
-36.3889
-27.7778
-16.0556
-11.0556
-7.83333
-5.16667
-0.0555556
3.38889
9.77778
19.2222
29.0556
41.4444
49.5556
51.3889
46.2222
36.6111
26.1667
13.7778
3.61111
-1.11111
-3.22222
-63.7778
-58.5556
-49.7222
-38.8889
-27.1667
-13.2222
-2.94444
1.55556
3.38889
2
0.166667
-4.27778
-3.66667
3.33333
7.66667
10.5556
10.6111
11.1111
7.72222
5.05556
4.5
8.94444
21.3889
35.7778
48.4444
54.8889
54.5556
47.3333
32.7778
15.1667
2.94444
-4.77778
-9.66667
-5.94444
2.72222
13.7222
24.0556
31.7778
35.0556
32.6111
24.7222
15.2222
9.11111
8.33333
14
23.4444
33.1111
40.3889
43.1111
40.6111
33.6667
24.9444
14.9444
8.5
9.38889
16.7778
29.6667
42.2778
51.2222
53.1111
45.5556
30.4444
15.5
3
-2.83333
2.77778
11.7222
21.7222
28.6111
30.0556
30.9444
26.1111
20.8333
18.7222
23.6111
36
52.5
70.4444
85.8333
96.2778
100.611
98.1667
90.2222
76.8889
58.8333
40.7222
24.7778
15.8889
16
23.8333
35.3333
43.2222
45
38.6667
28.5556
16.2222
4.27778
11.1111
18.4444
22.8889
24.1667
22.5
22.1111
20.1667
24.2222
36.3889
55.1111
76.6111
97.6111
115.833
127.944
134.444
136.778
135.444
131.444
122.667
108.611
89.4444
66.6111
43.8889
26.6111
18.2778
20.1667
27.6667
34.2778
36.9444
35.1111
29.3333
11.0556
17.5556
19.4444
16.8889
15.1111
14.5
15.9444
21.8889
37.8333
60.8889
83.9444
101.944
112.778
116.278
113.611
108.722
104.278
103.389
105.722
108.722
110.111
106
94.2778
75.3889
52.3333
32.1667
20.8333
19.3333
22.6667
26.5
29.4444
30.2778
13.8333
18
16.3889
12.3889
12.2222
16.6111
22.9444
37.3889
58.0556
78.5556
91.6667
95.2222
90.3889
79.6111
67.8333
57.8889
51.2222
46.3333
43.5
44.2778
50.7778
59.1667
64.8333
64.6111
56.9444
44.3333
30
20.8333
17.0556
17.2222
19.1667
22.6667
12.8333
13.6111
10.4444
9
12.1667
19.7778
28.7778
41.1111
50.8333
53.0556
44.3333
26.2778
4.83333
-12.2222
-21.2222
-25.6667
-30.2222
-36.6111
-43.7778
-49.5
-49.6111
-39.1111
-18.2222
6.11111
23.8889
32.3889
31.6111
25.2778
18.7778
14.2222
12.7222
14.0556
9.33333
7.72222
6.66667
9.83333
15.8889
23.7222
28.9444
28.6667
18.0556
-2.44444
-32.1667
-65.3889
-90.5
-99.5
-94.3333
-87.1667
-85.5
-88.9444
-95.4444
-104.944
-115
-111.944
-88.1111
-51.6667
-17.6667
6.16667
20.5556
25.1111
22.7222
16.7778
11.5556
9.55556
8.66667
6.22222
7.33333
12.7778
19.7222
24.7222
21.7222
6.05556
-19.5
-50.6111
-85.7222
-117.333
-132.556
-127.667
-113.056
-104.111
-103.444
-99.9444
-93.1667
-90.6667
-97.9444
-99.1667
-81.8333
-54.2222
-29
-11.1111
5.55556
19.1667
24.6667
21.2222
14.5
9.72222
7.44444
6.05556
9.33333
16.3889
23.3889
26.5
20
2
-18
-37.7222
-55.3889
-65.2222
-59.1667
-43.2778
-34.1667
-39.2778
-48.2778
-44.6667
-30.4444
-15.7778
-9.11111
-6.55556
-2.66667
0.777778
1.38889
-0.5
2.27778
13.4444
22.8333
23.5
17.0556
10.7778
6.88889
6.94444
11.2222
18.5556
24.8333
27.3889
24.5556
15.3889
10.1667
7.5
9.55556
18.6667
36.1667
51.9444
49.7222
31.8333
15.2778
14.4444
24.5
38.2778
51.3333
57.9444
52.6667
39.9444
26.5
15.1667
8.33333
11.7778
19.4444
22.1667
17.1111
10.7778
4.88889
6.27778
10.7778
17.3889
22.5556
25.5
26.8333
24.5
22.8333
18.8889
17.4444
19.8889
26.6111
32.3889
27.3889
17.8889
13.8333
19.8889
30.2222
41.3333
54.6111
61.2222
53.9444
40.5556
29.5
21.2222
13.8889
12
15.7778
18.3333
15.0556
9.94444
4.33333
6.22222
9.94444
14.3889
17.5556
20.0556
22.5
20.8889
12.5
-1.88889
-16.1667
-29.6111
-42.2222
-50.0556
-50.5
-43.8333
-32.7222
-18.1667
-2.66667
10.1667
20.2778
24.1111
20
14.7222
13.3333
13.0556
11.1111
8.88889
11
12.8333
10.7778
7.77778
3.77778
5.33333
8.38889
10.6111
11.9444
13.7778
16.7222
17.3889
7.27778
-6.33333
-21
-37.7778
-60.8889
-81.1667
-84.5
-76.1111
-64.6667
-51.6111
-32.7222
-13.8889
-1.16667
1.5
0.388889
-0.111111
2.05556
3.83333
3.33333
2
3.83333
6
5.77778
4.61111
2.5
3.55556
5.5
6.16667
6.5
8.72222
15.8333
26.9444
33.2778
40.7778
47.7222
48.6667
31.9444
3.55556
-15.6667
-26.8889
-36.6111
-43
-35.7778
-19.1667
-5.61111
-2.38889
-2.88889
-2.83333
-1.88889
-2
-4.55556
-5.94444
-3.88889
-1.11111
-0.277778
-0.111111
-0.277778
-0.111111
0.166667
-0.333333
0.0555556
3.16667
14.6667
36.7778
60.8333
86.8333
109
123.167
115.389
85.0556
52.7222
25.2222
1
-19.9444
-26.9444
-19
-8.66667
-5.77778
-6.11111
-5.72222
-5.61111
-7.5
-11.6111
-12.8333
-10.7778
-7.5
-5.61111
-4.66667
-2.22222
-2.94444
-4.94444
-6.55556
-6.88889
-4.44444
5.94444
26.6111
52.0556
75.6111
95.5
109.111
106.556
85.2778
59.7222
39.2222
19.0556
-3
-18.3333
-21.6667
-22.5556
-24.8889
-24.8889
-20.6111
-17.3889
-17.4444
-17.4444
-15.6667
-13.7778
-12.1111
-10.5
-8.55556
-3.55556
-4.77778
-8.5
-11.4444
-13.8333
-14.1111
-12.6111
-7.77778
0.388889
7.77778
13.8333
16.6111
15.5
13.1111
12.8333
16
14.3333
2.11111
-15.7778
-33.0556
-49.4444
-59.5
-57.6667
-46.7222
-35.3889
-26.7778
-17.6111
-12.7778
-13.8889
-16.0556
-14.3889
-10.4444
-5.22222
-5.5
-9.44444
-13.8889
-18.3889
-22
-28.0556
-37.5556
-47.8333
-58.6111
-68.4444
-78.6667
-81.3333
-67.1111
-40.9444
-9.66667
14.1667
20.6667
7.16667
-18.8889
-45.2778
-59.3333
-56.1667
-45.1667
-32.2778
-19.3889
-6.77778
-5
-13.6667
-19.6111
-17.3333
-11.3889
-7.61111
-6.33333
-9.72222
-15.4444
-21.6111
-27.3333
-35.4444
-46.0556
-57.5
-69.9444
-82.2222
-93.9444
-93.2222
-72
-39.1111
0.444444
38.2222
60.0556
54.8889
30.9444
10.1111
2
2.11111
-0.0555556
-0.611111
3.27778
5.55556
-2.5
-16.9444
-22.7778
-18.5
-11.6667
-10
-7.33333
-9.33333
-15.5556
-22.0556
-28.8333
-32.4444
-31.2778
-28.7222
-27.0556
-26.7222
-25.3333
-16.3333
-1.27778
17.1111
42.0556
74.3333
100.111
104.333
95.9444
92.7222
94.3889
86.1111
62.4444
38.2778
21.7222
6.38889
-9.94444
-22.9444
-23.8889
-17.8889
-12.8333
-12.1111
-9.38889
-9.77778
-14.7778
-21.4444
-29.3333
-32.7778
-25.6667
-8.94444
13
37.9444
64.4444
88.4444
98.2778
94.6111
90.2222
94.6111
102.167
105.667
109.222
117.5
120.389
102.278
68.3333
32.7778
5.94444
-13.8333
-24.8889
-27.2778
-23.3889
-17.4444
-15.3889
-16.2222
-13.8889
-11.7222
-13.6667
-18.8333
-26.6111
-33.4444
-33.2222
-20.6111
5.16667
39.3889
77.3333
107.889
118.111
108.889
90.2222
75.0556
65.5556
61.9444
63.8889
65.7778
59.9444
38.9444
11.7222
-12.7778
-27.8889
-33.2778
-32.3333
-27.2778
-21.8889
-18
-19.1667
-21
-21.3333
-17.6667
-15.5
-16.9444
-22.1667
-31.4444
-41.9444
-45.5556
-37.8333
-19.0556
8
33.0556
47.1667
46.2778
34.7778
19.5556
4.27778
-6.44444
-14.0556
-23.2222
-35.7222
-49.0556
-56.3333
-57.1667
-51.0556
-40
-31.3889
-25.3333
-22.1667
-21.6667
-24.3333
-23.2778
-27.9444
-26.2778
-21.9444
-18.7778
-18.2222
-23.4444
-35.7222
-51.6111
-64.9444
-71.7778
-70.0556
-63.1667
-54.3889
-49.1111
-49.6667
-54.7778
-63.1667
-72.3333
-82.3333
-92.2222
-97.6111
-94.9444
-83.4444
-65.3333
-45.7222
-30.3889
-24.7778
-23.5
-23.7778
-25.7778
-26.8333
-20.0556
-29.6111
-34
-32.2778
-26.8889
-21.0556
-17.8333
-21.1111
-33.5556
-54.1667
-77.1111
-96.1111
-108.056
-112
-112.111
-110.556
-110.056
-112.056
-115.167
-117.167
-113.667
-103.667
-86
-63.3889
-41.3333
-26.2778
-21.8333
-24.0556
-27.0556
-29.3333
-30
-25.4444
-12.6111
-23.8333
-34.6667
-40.1111
-39.1667
-32.9444
-24.5
-16.6111
-14.5556
-22.2222
-38.8333
-61.3333
-83.2778
-100.778
-113.222
-120.556
-123.222
-121.389
-115.667
-105.333
-88.6667
-67.8333
-46.7778
-29.3889
-18.4444
-17.1667
-23.6111
-30.1111
-32.7222
-31.3333
-26.3333
-15.9444
-6.44444
-14.8889
-26.8333
-38.1667
-45.1667
-45.8889
-40.5556
-30.7778
-19
-10.6111
-9.72222
-18
-31.5
-46.1667
-59.2778
-68.4444
-72.1667
-69.4444
-61.2778
-49.2222
-34.8333
-21.8333
-13.5556
-12.2778
-18.6111
-28.4444
-36.8889
-40.7222
-38.9444
-31.2222
-19.7222
-7.44444
-3.72222
-7.33333
-14.8889
-26.5
-39.2778
-48.7222
-52.7222
-50.3889
-42.2778
-29.6667
-16.8889
-9.11111
-7.05556
-9.94444
-14.4444
-19.0556
-21.9444
-21.1111
-16.9444
-11.5
-7.94444
-8.5
-14.5556
-25.2778
-37.1111
-45.3889
-47.2222
-43.7222
-34.4444
-21.3333
-9.33333
-1.33333
-3.22222
-3.05556
-4.72222
-11.2222
-22.7778
-36.4444
-49.2222
-58.7778
-62.5
-59.0556
-49.1667
-36.6667
-25
-16.2778
-11.1667
-8.55556
-7.61111
-6.77778
-5.55556
-6.83333
-13.2778
-24.0556
-35.7222
-45.6111
-53
-53.5556
-46.2222
-35.1667
-23.3889
-14
-6.38889
-3.33333
4.61111
2.27778
-4.16667
-10.8889
-12.6667
-8.22222
2.33333
15.2222
20.3889
13.4444
-5.44444
-15.5
-21.0556
-17.9444
-15.8333
-5.38889
5.55556
12.7222
12
5.88889
-1.72222
-12.6667
-26.9444
-41.7778
-50.4444
-45.7778
-33.5556
-19.2222
-7.83333
3.16667
7.11111
2.38889
5.61111
3.22222
-2.27778
-9.16667
-8.55556
-3.11111
8.22222
17.8333
18.1111
7.38889
-11.4444
-18.3889
-20.6667
-16.7222
-15.7222
-6.83333
4.16667
12.1667
12.6111
7.44444
2.44444
-4.38889
-13.2222
-25.3333
-35.3889
-37.8889
-33.9444
-25.1667
-13.4444
1.16667
9
6
3.22222
1.55556
-0.944444
-4.33333
-1.38889
2.77778
10.0556
16
16.8333
10.2222
-3.5
-6.16667
-4.88889
0
-2.44444
-0.222222
5.94444
12
12.6111
8.05556
4.83333
0.722222
-6.27778
-17.3333
-27.8889
-32
-33.6667
-32.3333
-27.2222
-13.7222
-1.16667
2.44444
9.44444
8.38889
8.72222
11.3889
15.5
16.2222
15.5
14.8333
15.0556
13.2222
10.6667
10.3333
12.4444
15.4444
16
14.9444
11.4444
6.16667
-0.222222
-6.16667
-8.27778
-9.5
-12.0556
-18.3333
-24
-26.6111
-29.3333
-33.3333
-34.8889
-26.4444
-12.9444
-4.33333
10.7222
11.6667
16.0556
21.5
23.3889
18.3889
13.1667
11.7778
15.2778
19.0556
22.9444
25
24.9444
21.2222
16.0556
11.2778
7.27778
3.72222
-0.333333
-4.44444
-9.16667
-15.2778
-21.7778
-26.3333
-26.8889
-25.5
-26.4444
-31.6667
-37.1111
-36
-26.4444
-16.1111
13.6111
18.6667
25.1111
28.7778
25.9444
17.2778
12.1111
13.3889
20.6667
27.3889
32.6667
34.7222
33.5
27.7222
19.9444
12.4444
6.44444
0.555556
-5.88889
-12.1111
-17.1667
-21.5556
-25.8333
-28.7778
-28.9444
-27.2778
-27.1667
-31.3333
-38.0556
-42.8333
-39.1111
-29.2222
17.8333
25.8889
31.8889
32.2222
25.5556
17.1667
15.0556
20.1111
30.3889
38.7778
43.9444
42.7222
37.5556
28.8333
20.0556
12.1667
5.72222
-0.611111
-7.16667
-14.1667
-20.4444
-27.4444
-34.0556
-39.0556
-38.5556
-33.8333
-28.7222
-28.3333
-33.8889
-42.1667
-45.4444
-40.2778
24.0556
32.7778
34.7222
31.2778
22.3333
18.2778
23.1667
35.5
47.6111
52.4444
51
45
37.1667
27.9444
18.5
10.3333
2.33333
-7.88889
-19.8333
-30.1667
-32.4444
-29.6111
-27.6111
-32.1667
-39.5
-41.1111
-35.7778
-27.9444
-27.6111
-36.1111
-46.5
-48.7778
31.1667
38.3889
35
26
17.8333
20.7778
33.8889
46.4444
49.9444
44.1667
37.7778
33.2778
29.7222
26.7778
25.2222
22.5556
10.3333
-12.6111
-37.1111
-49.3889
-43.8333
-27.6667
-13.3333
-11.1111
-22.6667
-37.5
-43.0556
-35.1667
-25.4444
-27.5556
-40.3889
-51.5
36.7778
40.2778
32
19.6111
16.8889
29.1667
45.8333
48.3333
36.0556
21.5556
16.9444
17.7222
18.6111
20.8333
27.7778
30.3889
15.7222
-13.1667
-36.6667
-39.1667
-27.2222
-14.1667
-6.66667
-3.66667
-11.2222
-29.0556
-46.4444
-45.8889
-31.6111
-22.5556
-31.3333
-48.1111
42.3333
40
26.6667
15.6667
22.8333
43.9444
58.2778
46.5
19.1667
0.611111
2.5
12.7778
18.8889
22.4444
27.6111
24.5556
3.66667
-25.3889
-37.5
-25.6667
-8.5
-2.27778
-2.72222
1.44444
1.11111
-15.7778
-44.2222
-56.5
-44.4444
-24.7778
-24.2778
-41.2778
46.5556
37.0556
20.2222
15.7222
35.0556
62.0556
67.5556
36.7778
-4.77778
-22.9444
-6.72222
16.2222
27.1667
26.8333
25.8333
14.5
-12.7222
-39.1111
-38.3333
-13.1111
5.22222
2.11111
-5.22222
5.44444
18.5
7.16667
-32.6111
-62.8889
-60.3889
-34.1667
-21.6111
-33.3333
47.8889
33.1667
16.1111
20.6667
50.0556
78.2778
69.8889
18.5
-35.9444
-50.9444
-19.8889
14.7778
31.7222
32.7222
32.8333
16.2778
-18.8333
-48.1111
-38.1667
-1.05556
18.5556
4.27778
-13.5556
2.5
33.1667
34.6111
-12
-62.2222
-74.4444
-46.9444
-23.2222
-27.1111
46.5556
28.0556
13.6667
28.0556
64.5556
89.0556
64.2778
-6.94444
-72.8333
-85.6667
-42.8889
4
30.9444
40.8333
48.1667
32.2222
-9.05556
-40.3333
-21.8889
27.3333
43.1667
7.11111
-34.2778
-20.5556
30.1667
53.7778
10.8889
-54.8889
-83.6667
-59.7778
-27.5
-22.8333
45.5556
24.6667
13.2778
35.7222
76.1111
96.2778
59.2778
-22.3333
-91.0556
-96.7778
-42.0556
13.1667
39.2222
40.3889
39.0556
20.7222
-13.9444
-30.5
5.44444
63.5
70.6111
9
-58.8889
-55.6111
8.77778
56.0556
26.3333
-45.5556
-88
-70.1667
-33.4444
-21
44.7778
22.8889
14.3889
42.2778
84.8333
101.556
60.3889
-20.2778
-82.9444
-81.5556
-25.3333
25.2222
36.4444
20.3889
6.72222
-8
-26.6667
-24.3889
22.1667
80.5556
82.1667
11.6111
-66.5
-71.4444
-5.05556
53.5
33.7778
-38.7778
-89.0556
-76.2222
-37.5556
-20.3889
44.6111
22.2222
15.2778
46.1667
89.6111
105.389
65.2778
-9.61111
-67.2778
-69.6667
-26.5
10.8889
13.8333
-4.77778
-15.5556
-18.2222
-22.1667
-11.4444
32
85.3889
86.3889
17.6111
-63.4444
-75.0556
-11.5556
51.1111
37
-34.7222
-88.3333
-78
-38.9444
-20.2222
45.0556
22.4444
15.3889
46.2222
89.8333
107.278
71.8889
4
-51.9444
-61.6111
-33.2222
-5.72222
-7.72222
-26.2778
-33.3889
-24.1111
-14
1.61111
39.2778
86.4444
88.2222
23.1111
-59.1111
-75.8333
-15.9444
47.9444
37.0556
-32.5
-85.2222
-75.0556
-37.3889
-20.8889
46.7778
23.9444
14.7222
42.7778
86.4444
107.111
78.5
17.0556
-38.5
-53.0556
-32.1667
-7.22222
-15.6667
-43.1667
-56.9444
-38.4444
-12.8333
9.44444
38.4444
76.7778
79.2222
23
-51.6667
-65.5
-8.38889
49.5556
34.4444
-33.7778
-81.4444
-68.8889
-33.6111
-22
50.2222
27.4444
14.2778
36.3333
78.2778
104
83.6111
28.2222
-26.8333
-42.6667
-21.9444
2.05556
-14.2778
-54.2222
-74.8333
-48.4444
-11.6667
9.77778
21.5556
44.9444
51
17.7222
-31.3333
-34.1667
12.9444
50.7778
23.5
-40.6667
-77
-59.5
-28.9444
-24.3333
53.8889
33.3889
15.7778
28.6667
66.1667
97.3333
90.2778
45.2222
-10.1667
-38.3889
-33.1111
-16
-25.1111
-49
-55.8333
-25.2222
5.94444
13
5.05556
13.4444
22.1667
12
-10.5
-6.72222
22.3889
34.7222
0.444444
-50.7778
-69.5556
-47.1667
-24.2222
-28.1667
56.1667
39.7778
18.6111
21.2222
51.3889
86.1111
92.5556
61.1667
8.83333
-31.9444
-43.5556
-33.9444
-29.1111
-31.7778
-24.7778
1.33333
19.7778
13.7222
-4.44444
-3.83333
5.44444
6.44444
-3.11111
0.0555556
13.0556
9.61111
-22.3333
-55.3889
-58.0556
-35.1111
-22.8333
-34.8889
56
46.2222
24.5556
17.1111
35.7222
68.6111
84.7778
67.6111
23.1667
-18.0556
-35.1667
-28.3333
-20.4444
-16.2778
-5.77778
16.6111
27.2222
13
-13
-19.7222
-11.1667
-1.38889
-1.11111
0.444444
0.0555556
-12.9444
-38.0556
-53.3889
-45.0556
-26.6667
-25.7778
-42.7222
53.5556
51.5
32.7778
17.6667
23.1111
48.2222
69.1111
64.8889
33.5
-2
-20.0556
-17.1111
-8.77778
-0.388889
13.1667
31.8889
34.9444
13.1667
-19.7778
-34
-28.6111
-14.9444
-7.27778
-5
-11.2222
-28.0556
-45.0556
-47.5556
-34.2778
-24.0556
-32.3333
-49.2778
48.5556
53.7778
41.5
23.5556
17.1667
30.7222
50.4444
56.5556
40.0556
14.2778
-2.5
-3.66667
4.11111
16.1111
31.3333
44.1111
39.0556
13.4444
-21.0556
-41.5556
-44
-31.8333
-19.1667
-14.7222
-24
-40
-46.9444
-39.7778
-28.0556
-27.4444
-40.1111
-51.5
39.8889
51.5556
48.1111
33.1667
20.0556
21.0556
35.8889
49.0556
47.4444
29.8333
10.8333
4.33333
13.2778
29.3889
42.2778
43
29.5556
5.94444
-18.3333
-34.0556
-39
-35.2778
-31.6111
-35.1111
-43.6111
-48.8333
-42.2222
-32.1667
-28.1111
-34.9444
-45.2222
-48.5556
29.2778
43.7222
48.2778
40.6111
28
21.2222
26.6667
38.8333
47.5
44.7222
33.5556
23.8333
21.7222
23.7222
23.3333
16.6667
6.77778
-3.5
-11.7778
-18.7778
-25.6667
-33.5
-42.0556
-48.3333
-48
-40.3889
-30.8333
-27.8889
-32.9444
-41.2222
-45.5556
-42.0556
19.2778
33.8333
43.6667
43.1667
34.8889
26.6111
25.5
30.2222
37.6667
41.5
40.4444
34.1111
25.7222
17
9.11111
2.33333
-2.94444
-7.61111
-12.1667
-17.8333
-24.3333
-31.2222
-36.6667
-38.1667
-35
-29.6111
-26.9444
-31.0556
-38.6111
-43.5556
-40.4444
-31.2222
10.9444
23.1667
35.1111
40.1111
37.5
31.2778
28.6111
29.1667
32.2222
33
31.3889
26.3333
19.9444
13.1111
6.66667
0.777778
-4.22222
-8.61111
-12.4444
-16
-19.2222
-22.6111
-26.1111
-28.7222
-28.3333
-26.7222
-26.5
-33.3333
-40.0556
-40.5556
-30.5556
-18.8333
6
14.4444
25.2778
33.5
36.1667
33.2222
29.8889
28.1111
29
29.9444
29.2778
24.8889
17.3889
8.94444
1.94444
-2.44444
-4.83333
-6.33333
-8.16667
-11.7778
-17.2778
-22.9444
-26
-25.3889
-23.0556
-22.1111
-25.3333
-34.3889
-39.5
-34.4444
-19.0556
-7.33333
2.83333
8.22222
16.1111
24.6111
31.2778
33.2778
32.2778
28.5
24.9444
21.4444
19.6667
17.4444
14.5
9.83333
4.44444
-0.944444
-5.83333
-9.55556
-11.3889
-11.6111
-10.8333
-12.0556
-14.7778
-18.7222
-20.4444
-22.6111
-26.7778
-34.9444
-35.4444
-25.3333
-8.11111
0.333333
1.88889
4.16667
7.83333
13.6667
21.4444
28.5556
32.6667
31.7778
27.2778
21.3889
16.1667
10.3333
4.55556
-0.722222
-3.72222
-4.66667
-4.16667
-2
0.888889
2.61111
0.388889
-6.61111
-15.0556
-21.3889
-23.8889
-26
-28.6667
-31.6111
-26.1667
-13.8889
0.277778
4.11111
-124.344
-118.75
-112.656
-105.5
-98.8125
-92.5938
-84.4688
-75.9688
-69.4375
-64.1875
-57.8125
-52.8125
-47.9688
-42.125
-39.5313
-36.5625
-32.8125
-26.7188
-20.6563
-14.0938
-4.875
4.53125
12.5
17.8125
19.7813
17.9375
14.1563
9.5625
3.90625
-1.78125
-83.2813
-74.1563
-65.75
-57.3438
-50.1875
-45.3438
-39
-32.625
-27.9375
-23.2188
-14.875
-6.21875
3.28125
14.4063
21.9688
27.3125
29.375
30.0625
28.1875
27.6563
30.9688
36.2188
41.875
46.4375
48.9688
47.5625
43.1563
34.7813
24.875
14.5938
-35.75
-24.1875
-13.9063
-4.0625
2.59375
4.96875
11.2813
17.3125
21.3125
24.7813
31.1875
38.9375
49.5313
62.25
69.2813
72.6563
71.6875
68.3438
60.8125
51.8438
46.1875
44.5313
45.9688
48
49.4063
48.6875
46.4375
41.5938
35.4688
27.125
6.90625
14.3438
20.0313
24.1563
26.9688
29.625
35.2813
39.5
44.1563
51.125
60.1875
71.2188
83.5313
93.875
100.219
102.969
101.281
95.625
86.5938
75.5938
64.4063
55.6563
50.6563
48.625
48.4375
47.4688
44.9375
40.1875
36.3438
31.75
16.4375
20.25
22.75
25.5938
29.9688
34.7188
42
49.0938
58.9375
72.5
88.0625
103.594
117.5
128.281
134.969
137.563
135.781
129.5
119.938
107.594
92.9063
77.5938
63.9688
54.0313
48.875
46.4688
43.0625
37.5938
33.3125
31.2188
17
17.1875
18.5
22.8125
30.25
39.0313
49.375
60.7188
75.0938
90.625
103.969
113.719
119.563
121.813
120.344
116.188
111.313
106.781
102.781
97.5938
89.7188
78.8125
65.9375
54.9063
48.0313
45.125
41.625
36
30.5313
28.0313
14.5938
13.8438
16.2813
22.5313
31.625
40.7813
46.9688
53.5313
61.4688
68.2188
70.9688
70.3438
67.0625
61.4688
54.25
46
39.4688
36.3438
37.3125
40.2813
42.0938
40.8125
37.3438
34.6563
34.7813
37.75
39.2188
35.5625
27.875
22.125
11.9375
12.5938
17.875
26.7813
33.8125
35.75
32.7188
30.625
28.5
23.1563
13.2813
1.46875
-8.125
-15.4375
-22.375
-28.5313
-31.7188
-31.0938
-27.875
-22
-13.4688
-3.25
6.0625
12.9375
18.3438
25.0938
32.6875
35.3438
29.3125
20.2813
7.75
11.3438
20.375
30.4375
32.7188
26.5
17.2813
10.25
1.5
-12.1875
-30.75
-49
-60.3125
-67.0938
-73.875
-79.375
-81
-79.6563
-78.0938
-74.375
-65
-46.25
-24.4375
-8.34375
1.1875
9.96875
21.8125
31.7188
32
22.6875
7.6875
14.4688
25.25
32.6875
27.7813
13.3438
-0.65625
-12.1563
-26
-45.0313
-66.7813
-83.9375
-90.7813
-92.5625
-95.5
-94.6875
-88.8438
-81.875
-80.0938
-81.4063
-76.25
-56.0625
-28.5313
-10.2188
-3.53125
0.3125
10.5938
25.3438
32.75
26.6563
9.46875
18.0938
28.5625
32.9063
24.2813
8.53125
-2.125
-9.78125
-18.75
-32.5938
-46.8125
-56.375
-58.0313
-57.25
-57.5938
-51.5625
-39.5313
-28.125
-26.625
-32.7813
-33.7813
-17.4375
5.6875
16.375
12.0938
4.5625
5.71875
18.4688
30.1563
28.7188
10.7188
19.6875
28.6875
30.625
23.5
13.0938
8.90625
6.71875
2.40625
-6.1875
-13.875
-17.5938
-17.9375
-18.1875
-18.8438
-12.5313
-0.40625
10.5
12.7813
6.84375
2.96875
12.9688
28.625
32.8438
23.8125
11.75
6.09375
13.25
25.1875
27.5
11.625
19.8438
26.3125
26.375
21.5625
16.0938
13.9063
10.6563
4.90625
-5.28125
-14.2813
-18.7813
-20.9375
-21.7188
-20.5
-12.125
1.3125
15.5313
24.9063
25.6563
23.8125
28.375
37
38.0938
29.5
17.0625
8.03125
9.9375
19
23.1563
10.75
17.2188
21.3125
21.375
21
22
22.25
20.1875
14.6875
5.1875
-4.78125
-13
-19.4688
-23.3125
-22.375
-16.8438
-6.96875
5.21875
18.0938
25.875
26.9688
27.5938
30.5625
30.5625
25.1875
16.3438
7.71875
5.9375
11.4063
15.7188
7.75
12.0625
14.75
15.625
19.7188
26.5313
29.5938
29.7188
25.75
18.125
5.875
-7.875
-20.6563
-29.0938
-32.0313
-32.75
-30.2813
-23.875
-10.25
3.03125
8.28125
7.40625
8.5625
10.5625
10.6875
7.8125
3.03125
0.96875
4.125
7.65625
3.96875
5.90625
7.46875
9.46875
16.0938
27.4375
35.9688
43.1563
47.7813
48.2188
39.4375
23.9688
7.84375
-5.40625
-15.3125
-25.6563
-33.75
-35.8125
-26.2188
-12.3438
-5.40625
-6.21875
-5.875
-3.34375
-1.34375
-1.625
-3.84375
-4.8125
-3.0625
-0.625
-0.40625
-0.9375
-0.34375
2.53125
11.1875
25.9375
39.6875
54.2188
67.25
77.0313
76.125
64.4688
48.7188
32.625
17.0625
-1.71875
-18.9375
-30.6563
-31.0313
-22.8438
-17.4063
-18.4375
-19.5313
-17.75
-15.0313
-12.6563
-11.0625
-10.0625
-9.65625
-9.21875
-5.40625
-8.125
-8.75
-5.59375
1.9375
12.9688
24.0625
35.7188
48.75
60.5313
63.625
57.7188
48.125
38.3438
26.1875
8.96875
-11.5938
-29.375
-37.3438
-35.625
-32.4375
-34.4688
-38.0313
-36.625
-29.6875
-21
-13.7188
-11.3438
-14.0938
-16.375
-8.875
-14
-16.6875
-14.125
-9.40625
-5.625
-3.90625
-1.75
3.71875
10.8438
15.4688
16.5625
17.0313
19
19.3125
12.6875
-1.625
-16.3438
-25.875
-27.8125
-26.4688
-31.4063
-40.4375
-42.2188
-32.7813
-19.75
-9.65625
-9.375
-17.9063
-22.3125
-10.6563
-17.75
-23.0625
-22.4688
-20.1563
-21.8438
-28.6875
-36.9063
-40.7188
-38.9688
-32.25
-23.1563
-13.4688
-1.15625
12.0625
19.375
17.0625
10.625
2.90625
-1.25
-1.90625
-11.2188
-27.25
-34.0938
-26.375
-13.5938
-4.65625
-8.9375
-22.375
-27.125
-11.5938
-19.8125
-27.8438
-29.9063
-29.0625
-32.3125
-41.5
-53.8125
-61.3125
-60.5313
-49.875
-33.2813
-16.8125
0.90625
21
38.0313
45.2188
46.25
43.5938
40.3125
37.0938
22.7188
0.125
-12.9688
-10.375
-2.25
-0.375
-11.8438
-27.4375
-29.375
-11.125
-19.5
-29.5
-34.7813
-33.375
-31.1875
-33.875
-40.3438
-43.8125
-37.8125
-19.125
4.40625
22.2188
35.5625
52.5625
70.8125
84.6875
92.875
93.4688
89.5
82.4688
64.1875
37.875
18.2188
9.90625
5.59375
-4.09375
-20.375
-32.875
-29.9375
-11.2188
-17.8125
-28.5625
-37.1875
-37.7188
-31.4688
-24.5938
-19.875
-12.5938
3.28125
29.5625
56.625
73.6563
81
87.9063
96.375
103.906
106.344
100.781
91.4688
79.4063
61.2188
38.25
19.5625
5.90625
-5.71875
-19.375
-32.5938
-36.125
-28.875
-14.375
-17.9063
-26.7813
-37.0625
-40.6875
-35.8438
-26.9688
-18.5625
-9.21875
6.5625
29.5625
52.7813
67.5938
72.5938
73.25
72.625
71.3438
66.0625
56.1875
44.4063
30.9688
17.3438
4.40625
-5.375
-14.1563
-24
-34.625
-40.375
-35.7813
-26.7813
-19.8125
-20.375
-25.4688
-34.5625
-40.875
-40.1563
-34.625
-28.75
-24.0313
-16.5938
-4.84375
7.96875
16.6875
19.0625
16.8438
12.5313
8.09375
0.90625
-9.5625
-20.1563
-28.5625
-32.2188
-32.5938
-32.6563
-35.5
-41.1563
-44.7813
-41.5938
-32.625
-25.5625
-26.125
-25.5938
-27.1875
-32.5313
-39.4063
-43.6563
-43.7813
-42.5
-42.9688
-44.3438
-45.5313
-45.5625
-44.5313
-43.8125
-46.4375
-52.5625
-60.4063
-70.0625
-79.0313
-83.8125
-83.0625
-76.4063
-67.1563
-58.6563
-53.5938
-51.1875
-46.2813
-38.3125
-30.25
-26.5625
-30.7813
-32.3125
-32.7188
-34.5938
-38.2188
-42.625
-46.1875
-50.0313
-57.1563
-67.4688
-79.6875
-90.75
-99.0313
-104.094
-108.406
-113.031
-117.281
-119.719
-117.625
-111.531
-101.563
-88.6563
-74.4375
-62.1563
-53.2813
-47.4063
-41.3438
-34.5938
-29.8438
-27.25
-30.5
-35.5625
-37.875
-38.875
-40.7813
-43.2188
-44.875
-46.2813
-50.2813
-59.1563
-71.8125
-85.8438
-98.375
-107.906
-114.219
-116.875
-115.813
-110.938
-102.563
-91.7188
-78.7813
-65.9375
-55.7813
-50.0313
-47.1563
-44.3438
-39.8125
-34.5938
-30.9688
-27.5
-25.0625
-33.3125
-39.2188
-42.2188
-44.1563
-46.2188
-47.3438
-47.0938
-46.4688
-47.9063
-52.4063
-60.125
-68.8125
-76.0313
-80.9375
-83.0938
-82.1875
-78.1563
-71.4063
-63.25
-55.375
-49.6563
-46.9688
-45.9375
-44.9688
-43.25
-40.3125
-36.4688
-32.1563
-25.875
-16.9375
-25.7188
-34.625
-41.7813
-46.6875
-49.8125
-51.5313
-51.7813
-50.7188
-49.0938
-48
-49.25
-52.6563
-57
-60.5
-61.5938
-59.5313
-54.8125
-49.1875
-45
-43.4063
-43.7813
-44.5313
-45.1875
-45.25
-44.4688
-41.9375
-36.7813
-29
-19.9688
3.84375
1.8125
0.46875
1.5
5.75
11.6563
12.7813
11.7813
5.625
-5.25
-11.1875
-15
-14.1563
-8.625
-1.15625
5.4375
9.375
9.28125
4.53125
-2.78125
-13.75
-23.8438
-33.5
-41.3125
-42.9688
-42.375
-37.5313
-27.125
-17.4688
-9.71875
7.59375
6.78125
6.5625
6.90625
8.5
11.6563
10.6875
9.375
5.125
-2.03125
-4
-4.65625
-2.53125
0.78125
4.34375
6.375
5.5625
2.4375
-3.5
-9.84375
-17.2188
-22.3438
-27.3125
-31.6875
-32.2813
-33.375
-32.4688
-27.0313
-21.3125
-14.7188
9.8125
10.3125
10.5938
9.375
8.71875
11.4688
13.0938
17
19.625
19.3438
20.9375
19.875
18.0938
14.75
11.5313
9.28125
6.3125
2.09375
-4.9375
-13.3438
-23.1875
-29.7188
-34.2813
-36.6875
-34.3438
-33.875
-33.6875
-31.4063
-29.4063
-24.5
19.9688
22.0938
22.0938
20.4063
18.3438
19.4375
24.3438
31.125
36.5938
39.125
36.8125
31.7188
26.2813
20.5625
15.9688
11.2813
5.84375
-0.8125
-8.15625
-16.9063
-27.5313
-36.5313
-44.0313
-46.6875
-43.3125
-39.7813
-36.8125
-34.5
-33.7188
-31.1875
25.5625
27.8125
26.875
24.6563
23.0938
26.2813
33.8125
41.6563
46.625
46.3125
40.5
32.7813
24.875
17.6563
12.3438
7.875
3.78125
-0.375
-5.125
-12.7188
-23.0938
-34.8438
-46.6563
-53.0313
-53
-49.0938
-43.625
-40.0938
-38.875
-37.9688
32
33.125
31
29.625
30.4375
35.9688
43.875
49.2813
50.2813
47.375
41.5313
34.8438
28
20.1875
12.0313
2.875
-7.125
-16.3438
-22.5313
-24.5938
-24.5313
-25.375
-31.4375
-40.8438
-48.6563
-52.6875
-51.375
-48.4375
-46.5313
-45.4688
37.2813
36.9688
35.1563
35.4063
36.625
40.9063
44.4063
43.3438
40.2813
37.1563
33.5313
31.9688
31.25
27.6563
20.3125
6.5625
-12.2813
-29.8438
-39.125
-37.1563
-27.4688
-17.125
-14.9063
-22.3438
-34.1563
-45.375
-50.7188
-51.25
-50.4375
-50.1875
40.625
38.3438
37.375
38.1563
39.625
41.625
39.1563
32.5625
27.1875
25.8438
27.4688
32.8438
38.4375
38
29.6875
11.9063
-12.1563
-32.1563
-41
-38.375
-28.1563
-17.3125
-13.1875
-17.25
-26.8438
-38.8438
-46.75
-49.9688
-51.3125
-52.6563
43.25
38.9063
38
40.9375
43.9063
44.8125
38.8438
28.6875
23.5625
26.875
33.5
41
44.6875
37.9688
23.125
3.25
-18.4375
-32.0313
-35.1563
-33.0625
-27.75
-21.6875
-18.9375
-20.2188
-26.1875
-37.1563
-46
-49.2813
-50.4375
-52.4375
43.875
38.9688
39.75
46.375
51.9063
50.8438
40.0938
25.5938
19.875
25.7188
33.7813
39.75
38.0938
25.5
7.4375
-10.3125
-23.5313
-26
-20.0938
-16.7188
-17.125
-17.875
-19.1563
-20.2188
-25.0313
-37.5
-48.8438
-52.4063
-51.375
-51.4063
43.9688
39.2813
43.0625
54.1563
61.7813
55.9688
36.5
12.9063
1.9375
8.40625
20.75
32.625
35.9063
25
5.59375
-13.625
-26.0313
-23.1875
-10.375
-3.90625
-5.34375
-8.625
-11.3125
-12.0625
-17.7188
-34.9375
-52.4063
-58.5313
-55.7188
-52.0938
43.2188
39.1875
47.6875
64
71.6875
57.3438
23.9063
-13.3438
-31.2813
-21.75
0.5
25.2813
39.9375
35
16.0313
-5.46875
-19.7188
-16.125
-1.21875
4.90625
1.03125
-3.03125
-3.1875
0.40625
-3.375
-26
-52.6563
-64.8125
-62.4375
-54.5625
42.6875
40.4688
54.125
74.3125
79.375
54.6563
7.21875
-40.5938
-59.7813
-43.0313
-11.0938
21.5938
40.375
36.5313
18.375
-1.0625
-12.5625
-5.90625
10.7813
14.0313
4.875
-1.5625
0.875
11.1563
13.0625
-12.375
-48.5313
-68.75
-69.375
-58.4063
41.875
42.0938
60.375
82.5
84.25
51.375
-5.5
-56.5625
-72.5625
-50
-13.7813
16.9375
31.5938
25.1875
8.6875
-2.09375
-2.59375
13.5313
34.5313
31.0625
8.46875
-9.21875
-9.75
7.875
20.3125
-1.03125
-41.9688
-69.5625
-74.2188
-62.1563
41.625
44.125
65.625
89.3125
90.9063
56.0313
-1.90625
-50.8438
-64.1875
-41.1875
-9.25
12.1875
16.3438
2.71875
-13.0938
-13.25
2.40625
33.4375
61.0625
50.2813
10.5313
-23.2813
-31.625
-9.5625
14.6875
2.125
-37.5938
-68.5313
-76.625
-65.1563
41.8438
45.9063
69.1563
94.3438
97.9688
65.5625
11.1563
-33.9063
-46.9688
-28.4688
-6.0625
2.34375
-4.65625
-23.9063
-37.125
-27.0938
0.8125
41.0625
72.6563
59.2188
12.2188
-28.1563
-40.875
-18.9063
10.3438
2.5
-35.4688
-66.5625
-76.5
-66.3125
42.4063
46.5
69.7813
95.4688
101.188
71.75
19.1875
-25.7813
-42.1875
-30.4063
-14.8125
-12.4063
-21.5938
-36.9375
-43.1875
-26.5938
4
41.5313
69.6563
56.2188
12.3438
-23.9375
-34.4063
-13.5
13.6563
4.46875
-33.75
-64.5625
-75.0938
-65.7188
43.4063
45.8125
66.9375
92.4688
100.313
73.5313
21.6875
-26.4063
-48.125
-41.4063
-28.4375
-24.4063
-27.625
-34.0938
-31.6875
-13.3438
9.40625
33.625
51.8438
40.4375
9.5625
-12.0313
-15.2813
2.1875
20.1875
4
-34.9688
-63.2188
-72.2813
-63.1875
45.75
45.25
62.3125
86.875
98.2188
77.75
29.0313
-21.9375
-52.3438
-54.8438
-44.5313
-36
-28.5938
-22.6875
-11.875
6.1875
19.0625
28.7188
36.4375
26.125
7.59375
-2.34375
-2.75
7.71875
13.7188
-6.75
-41.2188
-62.5625
-67.3438
-59
48.2813
44.5
56.5
78.7188
94.1563
84.4063
46.6875
0.96875
-32.0313
-43.6563
-41.6875
-37.9688
-32.2813
-24.5313
-11.9375
6.125
17.375
23.0625
27.4063
18.6875
5.03125
-2.40625
-5.4375
-2.21875
-2.875
-21.0313
-46.2813
-59.5625
-61
-55.3125
50.7813
44.5625
51.1563
69.1563
86.9375
88.0625
64.1875
28.3125
-4.125
-23.8438
-31.75
-35.7188
-33.6875
-26.4688
-14.4375
1.84375
10.4688
13.125
15.4063
8.9375
-0.71875
-6.84375
-12.125
-14.4063
-18.375
-31.8125
-48.0625
-54.8438
-54.75
-53.125
53
46
47.3125
59.2813
75.8125
82.75
69.75
42.5313
12.75
-9.6875
-22.1875
-26.5938
-23.0938
-14.625
-3.6875
6.5
7.625
3.75
1.21875
-5.3125
-11.7188
-15.9375
-20.9375
-24.3438
-28.3438
-37.2188
-46.9688
-50
-50.9375
-52.875
54.5938
48.4375
45.8125
51.0625
62.3438
69.2813
62.2813
43.5625
21.7813
4.84375
-4.25
-6.6875
-3.15625
3.5
10.0313
12.75
5.21875
-7.46875
-17.7813
-25.8438
-27.9063
-26.3438
-25.625
-26.625
-30.5938
-38.0313
-45.1875
-47.5313
-50.1875
-53.4375
54.5625
50.7813
46.6563
46.8125
52.0625
56.0938
50.7188
36.9375
20.9688
9.9375
7.25
11.1563
18.7813
25.7188
27.125
19.375
0.59375
-21.9375
-37.875
-43.4063
-37.5313
-27.9688
-22.0938
-22.75
-29.9063
-39.1875
-46.0625
-48.875
-51.5938
-53.4688
51.6875
51
47.4063
45.75
47.5
49.3438
45.125
33.625
19.9063
10.2188
8.71875
16.2188
27.5
36.5625
37.6563
25.7813
2.71875
-22.7188
-40.5
-45.4063
-37.75
-27.6563
-22.7188
-25.8438
-35.75
-44.9063
-50.1563
-51.2188
-51.5625
-51.5625
46.1875
48.2813
46.625
45.2188
47.0938
50.7188
49.4688
41.0625
27.4688
15.0313
11.0938
16.5625
26.6563
34.5625
33.8125
22.75
4.46875
-14.375
-27.9688
-34.125
-33.4375
-32.8438
-35.4688
-41.6563
-49.7188
-53.6875
-53.5313
-50.9375
-49
-47.3125
38.4063
42.9375
43.3438
42.5313
44.5938
50.8125
55.25
53.9688
45.7188
33.2188
23.4375
18.6875
17.2813
16.2188
11.9688
4.84375
-3.21875
-10.4688
-16.0625
-21.3438
-28.25
-37.4063
-46.6875
-53.6563
-55.4688
-52.6563
-48.6563
-45.0938
-43.9063
-41.8125
31.375
38.0625
39.875
38.625
38.6563
43.2188
50.3125
56.2188
56.3438
49.2813
37.25
23.6563
12.125
3.65625
-1.59375
-4.3125
-6.4375
-9.4375
-14.5625
-22.7813
-33.8438
-44.1875
-50.4063
-51.4688
-47.0938
-42.7188
-40.8125
-39.7188
-39.8438
-35.875
24.5625
32.75
36.5313
36.2188
34.4688
34.9063
38.7188
44.0938
47.4688
46.5313
39.8438
29.4375
18.3125
7.78125
-0.3125
-5.84375
-10.0625
-14.2188
-19.4063
-26.625
-34.8125
-40.7813
-42.4063
-39.8125
-35.2188
-34.3125
-36
-36.7188
-36.4063
-29.1875
17.375
25.5313
31.3125
33.8438
32.875
31.3125
31.2813
32.4688
34.0938
34.4688
31.0625
24.625
16.5313
7.75
0.4375
-4.65625
-8.15625
-11.625
-15.875
-21.375
-27.3438
-30.9063
-31.0313
-29.4375
-28.1875
-31.0938
-34.5
-34.4063
-30.9375
-20.7813
10.0417
3.5
-4.29167
-12.875
-20.9583
-32.625
-42.7083
-47.75
-55.75
-61.6667
-65.4583
-59.6667
-55.9583
-58.9167
-54.6667
-49
-43.5
-45.7083
-48.0833
-50.3333
-52.0833
-52.4583
-56.1667
-55.8333
-51.25
-42.625
-33.9583
-27.625
-20.0417
-14.5417
-12.2917
-9.95833
-75.4167
-75.4167
-76.4583
-77.25
-78.6667
-79.1667
-77.9167
-77
-66.9167
-53.875
-41.1667
-30.5833
-18.5417
-4.16667
2.75
6.95833
12.625
19.0417
23.5
24.7917
25.2083
20.8333
11.125
0.25
-10.0833
-16.7917
-21.1667
-20.1667
-13.4167
-3.58333
3.08333
5.91667
-43.0833
-41.4167
-41.2083
-42.25
-44.0417
-41.8333
-36.6667
-30.125
-19.5417
-8.625
1
4.20833
4.625
4.5
0.0416667
-4.16667
-6.83333
-4
1.04167
8.41667
17.25
23.4167
27.3333
23.875
14.1667
2.04167
-8.25
-13.9167
-15.4167
-10.7083
-3.66667
1.54167
-2
-3.08333
-4.58333
-7.375
-7.75
-3.79167
-1.16667
2.875
3.625
2.91667
-0.375
-8.04167
-17.2083
-26.4583
-33.0417
-37.375
-40.875
-41.5417
-40.5417
-35.2083
-26.3333
-13.625
2.33333
14.875
20.75
18.9583
13.25
5.125
-5.04167
-13.2917
-15.0417
-11.5
-4.125
-5.875
-6
-3.16667
2.95833
9.16667
10.0833
9.45833
5.04167
-4.58333
-18.5833
-32.6667
-42.8333
-49.4583
-53.7083
-56
-56.7083
-56.7917
-56.7083
-54.8333
-50.5833
-42.5
-29.7917
-12.9583
3.75
14.5417
16.875
14.0417
7.75
-1.54167
-9.125
-12.4583
-7.08333
-7.58333
-4.75
2.25
6.70833
6.83333
7.08333
3.45833
-5.625
-19.2917
-30.2083
-33.5417
-31.7083
-26.125
-17.7917
-9.79167
-4.375
-5.04167
-10.3333
-18.75
-28.0833
-34.75
-37.1667
-32.625
-20.75
-5.70833
5.33333
9.58333
10.1667
7.70833
2.04167
-5.5
-3.41667
-2.29167
2.41667
6.41667
5.375
1.375
-0.166667
-7.5
-16.6667
-20.7917
-15.9167
-5.125
8.95833
25.75
41.0417
51.7917
56.7083
56.0833
50.6667
39.6667
23.625
6.625
-8.79167
-19.875
-23.75
-19.125
-7.66667
1.54167
6.41667
8.25
7.75
4.04167
-0.125
2.04167
4.16667
2.375
0.0833333
-3.08333
-8.33333
-14.4167
-14
-5.04167
7.58333
20.1667
32.375
41.375
44.0417
43.375
42.4167
45.9583
53
59.5417
60.7083
53.7083
40.5
23.5417
6.54167
-6.70833
-10
-5
1.08333
4.91667
7.58333
9
2.70833
5.375
3.95833
-0.0416667
-2.41667
-4.25
-6.70833
-2.125
10.9583
26.625
41.2083
54.1667
61.2083
58.0417
48.5417
39.75
36.9583
41.4583
51.7917
66.625
82.5417
90
84.4167
67
44.5
22.1667
3.5
-4.125
-4
-0.541667
2.41667
4.95833
2.41667
3.75
1.83333
-0.5
-2.25
-0.666667
7.29167
23.8333
44.1667
63.625
81.75
94.9583
97.25
88.6667
75.4583
64.375
58.25
50.375
40.8333
35.5833
40.9167
49.0833
49.2083
43.3333
35.5
28.5
16.5417
3.58333
-3.75
-4.33333
-2.375
-0.333333
-0.75
-1.5
-2.625
-3.125
-2.75
0.541667
9.04167
20
26.4583
28.875
26.625
17.75
3.5
-8.33333
-12.4167
-9.33333
-8.04167
-17.7083
-36.125
-56.4167
-69.7917
-71.6667
-62.375
-43.25
-20.9167
-1.25
9.70833
7.375
0.916667
-3.16667
-2.79167
-1.16667
0
-1
-2.375
-3.20833
-2.70833
-2.33333
-5.41667
-13.7083
-30.7917
-54.125
-83.125
-113.125
-135.292
-141.458
-128.417
-106.792
-90.5417
-81.3333
-77.2917
-79.9167
-91.5417
-98.25
-86.1667
-62.6667
-39.2083
-21.75
-6.16667
2.45833
3.16667
0.291667
-0.791667
-0.166667
2
1.125
0.416667
-0.166667
-0.166667
-1.25
-7.58333
-18.8333
-32.5
-45.1667
-57.4167
-65.625
-66.125
-59.9167
-48.8333
-41.875
-38.2083
-31.125
-19.2083
-8.29167
-6.45833
-7.54167
-4.70833
-2.625
-4.875
-9
-8.5
-2.45833
1.75
2.08333
0.75
0.166667
1.08333
0
0.791667
2.375
3.54167
3.75
3.375
4.08333
12.2083
28.1667
49.0833
72.2083
92.9583
103.875
96.8333
75.7083
53.2917
38.0833
30.9583
30.4583
35.0833
38.5417
35.1667
26
15.0833
6.54167
0.375
0.125
1.95833
3.04167
2.29167
0.958333
-0.333333
-0.208333
0.416667
2.58333
4.45833
5.375
6.95833
10.875
22.9583
37.0833
52.2917
67.5
83.125
91.5417
82.8333
66.1667
50.9583
39.4167
27.5417
18.9167
17.8333
19.5833
17.2083
13.0833
9.875
7.95833
5.79167
4.70833
4.41667
4.29167
3.33333
1.79167
0
0.791667
0.958333
1.83333
3
3.375
2.08333
-2.41667
-9.20833
-23.6667
-41.0833
-55.4167
-58.7083
-52
-42
-27.7917
-10.5417
4.625
10.2083
8.04167
4.16667
3.25
2.375
2.25
3.20833
4.125
5.5
5.58333
5.54167
4.95833
3.70833
2.5
1.79167
1.875
2.70833
3.45833
3.375
2.45833
-2.5
-15.125
-36.375
-62.2083
-86.4167
-106.458
-117.333
-111.833
-92.4583
-67.4167
-43.5
-22.2083
-6.125
0.458333
0.833333
0.0416667
0
-0.0416667
1.125
2.75
4.875
5.20833
5.41667
5
4.20833
3.70833
2.625
3.08333
4.70833
5.66667
5.25
4.20833
0.583333
-6.625
-17.4167
-21.875
-22.0833
-22.9167
-26.25
-27.2083
-22.8333
-20.75
-21.125
-19.25
-11.875
-4.08333
1.375
2.45833
2.66667
2.20833
2.45833
3.79167
4.41667
4.16667
4
3.79167
3.58333
3.33333
0.708333
1.875
3.625
4.16667
5.08333
6.375
10.7083
19.2083
29.4167
42.75
54.5417
63.0833
62.7917
51.5417
35.7083
18.875
5.54167
-2.41667
-2.75
3.33333
11.9583
16.5417
16.125
13.0417
9.95833
7.83333
3.58333
0.833333
0.75
2.16667
2.5
1.58333
-0.291667
-0.208333
0.583333
1.54167
3.75
7
16.5833
33.5
52.375
65.375
73.2917
79.4583
77.3333
60.9167
37.9167
18.875
7.08333
2.08333
4.29167
14.75
27.75
35.7083
33.9167
26.75
18.5833
9.45833
-0.625
-4.5
-1.75
2.375
2.58333
0.875
2.125
0.541667
0.0416667
1.33333
2.875
4.95833
9.875
18.9583
29.7083
40.0833
50.25
59.4583
61.5833
50.7083
33.9583
15.4583
-3.125
-17.0417
-19.4167
-10.9167
-4.04167
-2.70833
-4.25
-3.75
-5.625
-10.7917
-12.5417
-7.83333
-0.166667
2.875
1.91667
0.25
2.58333
1.20833
0.375
1.04167
1.08333
1.33333
-2.91667
-11.8333
-19.375
-21
-18.0417
-16.0417
-16.2083
-13.6667
-10.375
-12.625
-25.5417
-43.5833
-56.2917
-66.625
-80.4583
-91.4167
-87.4167
-68.4583
-48.2917
-31.4167
-13.5
-0.416667
4.54167
1.70833
-0.25
-0.125
0.25
0.125
-0.541667
-0.583333
-0.333333
0.208333
-4.625
-18.5833
-37.125
-58.1667
-80.0417
-101.625
-114.542
-105.583
-82.7917
-56.5417
-36.5417
-27.7083
-33
-51.0417
-70.2083
-78.7083
-69.2917
-50.6667
-27.5833
-6
9.66667
12.7917
5.625
-0.0416667
-1.20833
1.20833
1.375
1.45833
0.0833333
-1.16667
-0.875
0.333333
3.375
5.25
-1.08333
-17.4583
-40.25
-62.875
-75
-72.7917
-57.5417
-32.0833
-1.58333
23.9583
32.5833
30.0833
29.9167
35.875
42.0417
39.75
35.75
32.1667
24.2917
12.3333
1.16667
-1.25
-0.125
2.45833
4.20833
4.625
2.45833
-0.5
-2.20833
-2.45833
3.125
16.125
29.3333
39.0833
45.3333
48.6667
50.0417
44.625
37.2917
34
36.75
42.5833
48.5833
57.625
71.375
82.875
81.2917
67.9167
48.75
29.6667
10.9167
-0.291667
-2.41667
-1.04167
1.375
2.875
3.75
6
5.08333
1.83333
-1.70833
-5.04167
-5.70833
0.833333
17.0833
39.125
61.6667
80.125
89.1667
85.5
72.2917
55.9583
42.7917
35.625
36.9583
45.0417
53.7917
55.4167
46.4167
33
17.7083
2.75
-6.875
-6.33333
-1.66667
0.75
2.83333
3.58333
0.166667
4.45833
7.375
6.625
2.91667
-2.125
-8.83333
-14.2083
-10.7917
2.25
20.5
39.3333
54.2917
62.7917
63.5833
58.75
53.2917
50.0833
48.8333
46.5417
38.4583
25.6667
11.2917
-2.16667
-12.9583
-16.75
-10.4167
-3.04167
0.125
2.25
3.91667
2
-4.83333
-1.375
5
8.95833
8.58333
5.16667
-1.04167
-11.25
-22.2917
-27.0417
-23.375
-12
2.79167
17.9167
30.9583
39.125
41.375
37.5833
28.75
15.5833
-0.583333
-14.8333
-24.4167
-28.7083
-26.0417
-15.3333
-3
1.375
2.58333
3.875
2.125
-3.91667
-6.66667
-7.375
-3.04167
4.04167
9.875
11.6667
9.75
3.625
-9.08333
-24.9583
-37.6667
-42.75
-41.7917
-36.9167
-30.375
-24.3333
-21.8333
-24.5417
-30.2083
-36.9167
-41.6667
-43.2917
-39.4583
-28.5833
-12.7083
0.541667
5.58333
6.66667
6.875
2.875
-4.29167
-8.95833
-3.16667
-7.04167
-9.29167
-5.79167
2.125
10.3333
15.4167
17.0417
14.0417
2.91667
-13.625
-30.875
-43.9583
-51.4167
-56.25
-58.4167
-58.375
-56.8333
-54.3333
-50.1667
-42.25
-30.75
-15.7083
0.5
12.5
15.875
13.0417
9.95833
3.95833
-4.5
-9.08333
-6.91667
0.75
-3.04167
-8.95833
-12.8333
-11.1667
-3.75
6.875
17.25
25.7083
29.0833
24.25
11.7917
-3.5
-17.125
-27.125
-33.2917
-35.25
-33.4167
-29.4167
-21.6667
-9.25
5.79167
18.375
24.0417
22.9167
17.0417
8.79167
-0.416667
-7.79167
-8.625
-4.875
0.416667
0.208333
-1.33333
-4.75
-10.2083
-15.2917
-16.7917
-12.5833
-2.70833
10.2083
24.875
37.2083
43.625
43.0417
36.375
28.9167
22.625
19.1667
19.4583
23.2083
28.5833
32.7917
33.375
27.6667
16.7917
4.875
-4.66667
-11.1667
-15
-12.7917
-5.375
0.25
3.25
-0.708333
3
6.45833
5
-1.95833
-6.375
-6.70833
-10.625
-3.875
16.0833
15.9167
0.0833333
-1.70833
2.20833
-3.91667
-10.875
-8
-0.833333
3.29167
4.66667
6.16667
7.54167
10.8333
12.2917
1.875
-9.75
-10.5833
-7.875
-6.66667
-7.41667
-2.91667
10.6667
-0.666667
2.58333
6.41667
4.5
-3.54167
-7.66667
-6.41667
-7
0.708333
17.375
13.9583
-2.95833
-3.66667
2.83333
-2
-10.2917
-8.875
-1.70833
2.875
4.04167
3.95833
3.58333
7.125
11.125
5.04167
-2.91667
-4.29167
-6.16667
-9.54167
-10.9583
-4.54167
10.1667
-0.333333
1.20833
3.66667
1.875
-4.54167
-5.33333
-2.04167
-5.125
-1.91667
12.875
11.125
-4.79167
-6.75
2.5
3.66667
-4.66667
-7.70833
-2
3.16667
3.54167
1.875
1.41667
6.45833
11.25
5.04167
-1.20833
0.875
0.458333
-6.16667
-12.9583
-9.66667
4.91667
0.25
1.66667
-0.208333
-4.375
-3.25
2.33333
1.70833
-2.125
0.125
3.29167
1.625
-1.29167
-2.70833
-1.58333
0.583333
1.5
2.625
4.45833
4.95833
3.29167
0.291667
-1
3.45833
7
2.375
-0.916667
2.625
5
-0.166667
-10.7917
-13.1667
-0.625
0.125
-0.125
-4.625
-6.16667
2.08333
7.66667
2.20833
-2.79167
-2.45833
-2.45833
-2.58333
-1.16667
1.29167
3.91667
4.04167
2.375
2.16667
2.83333
2.66667
2.66667
3.41667
4.5
5.08333
2.16667
-2.125
-1.58333
2.375
5.41667
4.25
-4.04167
-11.375
-6.70833
-2.20833
-3.83333
-5.5
-2.25
6.45833
8.45833
0.708333
-5.16667
-5.375
-4.04167
-2.58333
-0.791667
2.16667
5.75
6.20833
3.83333
3.25
4.45833
4.66667
3.875
2.79167
2.5
3.33333
1.875
-1.875
-2.08333
1.45833
4.45833
5.66667
2.45833
-6.08333
-11
-5.04167
-6.16667
-3.58333
2.29167
8.25
6
-2.54167
-6.875
-6.91667
-5.66667
-1.29167
3
4.83333
6.625
6.29167
4.04167
3.83333
4.58333
4.54167
4.54167
4.25
4.25
5.20833
2.875
-3.125
-5.5
-2.41667
1.91667
5.79167
7
0.5
-9.20833
-7.375
-4.70833
0.541667
5.5
7.70833
1.16667
-8.83333
-11.1667
-6
-0.291667
3.45833
4.91667
5.375
7
6.54167
4.25
5.04167
8.20833
9.5
5.66667
-1.79167
-5.41667
0.375
7.66667
5.29167
-2.45833
-7.125
-5.375
3.08333
10.6667
7.58333
-4
-9.16667
-1.625
6.58333
8.33333
4.58333
-6.75
-14.8333
-7
4.83333
6.125
2.58333
1.91667
2.83333
2.41667
-0.583333
1.125
12.7083
21.8333
16.0417
1
-10.7083
-14.125
-8.08333
4.5
13.5
11.1667
-1.875
-12.625
-6.375
9.33333
14.1667
3.70833
-8.20833
1.75
11.3333
9.75
-2.875
-16.9167
-13.0833
7.95833
16.9167
5.75
-3.25
-0.916667
2
-2.45833
-8.79167
-1.375
19.875
28
9.58333
-10.7917
-11.8333
-4.54167
-3.41667
-2.54167
8.5
20
10.9167
-11.7917
-17.125
0.666667
16.375
12.5417
-5.375
7.75
14.875
5.125
-13.875
-22.3333
-4.95833
23.25
25.8333
2
-12.375
-5.875
1
-2.58333
-7.04167
3.79167
25.9583
25.1667
-5
-21.7917
-8.16667
5.70833
0.5
-9
0.458333
23.75
25.5833
-2.875
-23.7083
-11.7917
12.3333
19.3333
-0.875
15.75
15.125
-5.45833
-24.4583
-21.7083
7.58333
39.7917
33.3333
-7.25
-27.375
-11.625
3.83333
1.04167
-3.29167
10.7083
30.9583
18.7917
-20.0417
-29.7917
-1.29167
17
1.83333
-20.5417
-12.0833
25.75
41.9583
11.4583
-23.9583
-23.4583
2.58333
21.3333
4
21.5
11.5417
-16.6667
-31.1667
-17
22.5417
56.7917
38.125
-19.0417
-40.9167
-15.375
4.125
-1.41667
-4.33333
17.25
39.7917
16.875
-33.4583
-38.5417
5.29167
30.7083
6.79167
-32.25
-30.875
21.375
58.25
29.6667
-20
-32.0417
-8
19.2917
9.95833
24.125
5.04167
-26.375
-34.0833
-9
38.5
71.2083
41.2083
-27.3333
-51.4167
-21.9167
-0.791667
-8.125
-9.66667
20.2083
48.5417
16.4583
-47.9167
-47.9167
17.4583
55.0417
20.9167
-41.875
-55.2917
7.66667
68
48.125
-11.9167
-37.2083
-17.9583
14.9583
15.0417
25.2917
-1.20833
-33.4167
-34.6667
-1.25
49.2083
76.875
39.0833
-35.6667
-61.2083
-25.75
4.75
1.04167
-5.29167
18.2917
41.8333
3.66667
-62.0833
-49.9583
32.5833
77.8333
38.5833
-42.2917
-76.125
-12.6667
68.2917
62.0833
-2.58333
-38.8333
-25.2917
9.91667
18.125
25.2917
-5.79167
-38.1667
-34.125
4.375
52.3333
72.2083
32.5417
-38.4167
-61.3333
-19.9167
18.4167
14.875
-0.625
9.20833
25.2083
-8
-64.4167
-46.4583
37.9167
83.375
46.75
-36
-82.9167
-26.625
64.625
69.7083
4.29167
-38.7917
-29.6667
6.375
20.1667
24.875
-8.41667
-40.2917
-33.75
6.45833
51
64.75
28.5
-29.5833
-47.9167
-13.7083
20.1667
17.0417
-3.95833
-3.91667
12.625
-7.70833
-56.5
-44.1667
33.9583
81.9167
52.375
-29.1667
-84.125
-33.875
61.5
72.9583
7.79167
-38.75
-31.4167
5.58333
20.5
24.8333
-8.41667
-40.0833
-34
4.95833
46.7083
58.375
28.4583
-18
-35.5833
-10.9167
19.125
18.9167
-6.83333
-18.125
1.25
-3.375
-47
-43.0833
28.75
79.5833
56.5417
-23.5417
-83.9167
-37.5833
59.6667
72.7917
7.125
-38.7083
-29.5417
7.70833
19.2083
26
-5.625
-38.5833
-35.1667
1.375
41.2083
53.5833
30.4167
-9.75
-31.9583
-12.5417
24.1667
30.7917
-4.54167
-33.75
-13.8333
1.58333
-33
-40.6667
20.9583
73.1667
53.375
-24.4583
-80.0417
-31.2917
61.0833
68.2083
2.75
-38.3333
-25.375
11.4583
16.4583
27.2917
-0.291667
-34.0833
-36.375
-5.125
34.3333
51.625
32.875
-8.5
-33.7083
-12.1667
33.0833
43.4167
-3.95833
-47.625
-23.4167
11.4583
-13.0833
-33.625
7.25
50.9583
37.1667
-25.25
-63.7917
-13.1667
62.5
56.375
-5.5
-36.5
-18.1667
16.125
11.25
26.7917
7.04167
-25.9167
-36.25
-14.1667
23
46.3333
38.3333
4.95833
-22.625
-12.2917
21.8333
29.4583
-10.6667
-45.4167
-16.875
22.7083
3.70833
-24.0417
-4.41667
25.9167
19.625
-20
-38.375
5.20833
54.7083
37.6667
-14.2917
-32.625
-8.83333
21.5
4.45833
24.5833
14.5
-15.9583
-33.7917
-22.0417
10.0833
37.7917
41.375
19.875
-7.79167
-14.6667
3.04167
11.8333
-13
-33.875
-6.29167
27.4167
10.9583
-17.5
-9.33333
12.4583
10.7083
-12.7083
-18.4167
14.4583
41.125
18.5833
-20.2083
-24.9167
2.125
24.125
-2.875
19.25
19.3333
-4.20833
-26.3333
-26.1667
-2
27.9167
39.75
24.3333
-3.29167
-14.375
-1.66667
5.29167
-13.6667
-26.5417
0.0833333
30.0417
17.25
-10.6667
-12.7083
0.916667
3.95833
-4.79167
-2.58333
17.625
25.9167
2.79167
-21.5
-14.0417
11.7917
21.8333
-8.875
11.5833
20.3333
6.83333
-15.375
-25.0417
-10.875
16.375
32.5417
23.6667
0.375
-11.375
-3.875
-0.666667
-14.6667
-19.2083
6.41667
31.9583
22.7083
-3.41667
-13.2083
-6.375
-1.45833
-1.875
6.125
18.4167
12.9167
-8.79167
-17.5833
-1.875
16.375
15.2083
-12.4167
3.25
16.5833
14
-2.95833
-18.7083
-15.75
4.875
21.9583
19.5833
4.08333
-6.70833
-6.08333
-6.75
-13.9583
-9.625
12.5
28.9583
23.0833
6
-6.875
-11
-8.45833
0.291667
13
14.4167
-1.20833
-13.9167
-7.66667
7.33333
13.75
6.625
-14.25
-4.375
9.45833
15.0833
6.91667
-8.66667
-15.7083
-7.16667
9.33333
19
11.6667
-3.375
-11.7083
-12.125
-6.70833
4.08333
15.2917
19.375
14.9583
6.91667
-1.33333
-5.45833
-2.08333
6
9.70833
0.375
-11.25
-8.33333
3.33333
8.875
6.58333
-0.166667
-13.2083
-9.16667
1.875
10.75
10.0417
0.375
-8.95833
-10.7083
-3.54167
7.875
11.25
3.83333
-2.95833
-2.45833
2.70833
7
7.54167
6.20833
4.83333
4.04167
4.70833
5.91667
5.91667
3.70833
-2.70833
-9.375
-6.79167
2.33333
7.125
5.5
0.791667
-5.125
-10.4583
-11.375
-4.25
5.70833
8.83333
3.66667
-2.54167
-5.5
-5.04167
-1.41667
3.375
6
5.79167
5.54167
5.33333
3.875
2.875
2.95833
3.25
3.95833
4.91667
4.79167
2.95833
-0.333333
-4.29167
-4.83333
0.125
5.75
6.95833
1.375
-6.375
-8.16667
-7.04167
-10.5
-7.91667
0.291667
5.875
4.04167
-0.25
-2.125
-1.83333
-0.208333
2.58333
4.625
4.45833
4.33333
4.5
3.54167
2.91667
2.83333
2.41667
2.20833
2.08333
2.20833
2.66667
1.54167
-1.58333
-2.58333
1.45833
7.16667
6.75
-4.625
-12.9167
-6.08333
-3.91667
-7.29167
-8.54167
-4.41667
1.75
3.70833
1.66667
-0.0833333
-0.958333
-1.08333
1.25
4.75
6.16667
5.58333
4
1.83333
0.75
1.04167
1.41667
2.70833
5
4.125
0.0416667
-1.875
-1.625
-0.375
3.91667
8.58333
4.20833
-11.125
-16.0833
-2.41667
-2.375
-4.29167
-6.45833
-6.33333
-2.91667
0.5
1.75
2.75
3.08333
1.45833
0.625
1.66667
2.625
3.5
4
3.45833
2.875
2.33333
0.583333
-1.04167
-0.375
1.41667
3
2.79167
0.166667
0.291667
5.16667
7.33333
-1.16667
-15.25
-14.25
1.79167
-1.16667
-1.45833
-2.875
-5.20833
-5.79167
-4.29167
-1.70833
2.66667
4.95833
3.25
2.95833
4.5
4.29167
2.75
1.16667
0
-0.833333
-1.79167
-2.54167
-0.916667
3.54167
6.75
6.04167
2.66667
-0.125
1.20833
3.70833
1.375
-6.04167
-13.5
-9.625
4
-61.6296
-59.1667
-56.1481
-53.7037
-49.2407
-46.9444
-43.9815
-42.3333
-40.1667
-39.4074
-41.6296
-44.6296
-46.4074
-47.537
-45.7778
-40.0556
-30.7037
-21.7593
-12.0185
-4.01852
0.722222
2.66667
2.46296
1.5
-0.0555556
-2.5
-5.27778
-9.37037
-27.463
-22.6111
-19.3889
-19.0741
-18.963
-21.0185
-22.5556
-26.8519
-32.5556
-39.463
-47.1481
-53.963
-58.4074
-61.3519
-62.3333
-60.3519
-54.8889
-47.037
-35.9815
-23.963
-13.7593
-6.09259
-1.98148
0.759259
2.72222
3.48148
2.35185
-2.38889
0.444444
3.11111
2.33333
-1.72222
-7.2963
-12.2407
-16.6667
-22.5185
-29.537
-35.6481
-39.8889
-41.3889
-40.6296
-39.0741
-38.3333
-38.6296
-40.4074
-40.963
-37.9815
-31.7778
-23.1111
-14.8704
-9.35185
-5.68519
-2.42593
1.25926
4.74074
4.33333
3.85185
2.53704
-1.5
-7.22222
-12.0185
-12.6667
-13.7593
-15.6481
-17.2407
-15.7407
-10.5
-2.53704
6.46296
14.037
18.2778
17.8148
11.9259
3.94444
-3.83333
-8.2037
-8.16667
-5.48148
-3.57407
-4.16667
-5.38889
-3.74074
1.11111
5.72222
2.75926
-1.11111
-5.14815
-6.57407
-4.18519
2
7.18519
13
21.1481
32.1111
44.6296
57.5926
69.8333
79.2222
85.1111
85.9074
80.5926
69.5185
55.4259
42.0926
32.6481
25.537
19.4259
11.9074
3.2037
-3.07407
-2.74074
2.35185
-0.518519
-4.92593
-5.22222
1.27778
12.7037
24.3519
34.9074
46.5926
60.1852
73.463
85.0926
93.9815
100.426
104.111
106.13
105.981
104.352
98.8704
89.2963
77.1481
64.1667
51.3889
40.3333
29.8889
18.0556
5.35185
-2.51852
-2.5
-3.77778
-4.48148
1.83333
15.6481
30.6481
41.5
51.4259
63.3519
76.2778
87.2407
93.6481
95.0926
92.537
86.2593
78.7778
73.0926
72.3704
73.5556
72.3333
65.5741
53.4259
40.0185
31.7593
28.5556
24.8148
14.6667
2.2037
-4.55556
-5.16667
-2.81481
5.68519
16.9815
23.8889
25.037
25.5556
27.3148
29.4815
31.0741
30.4444
26.6481
18.537
7.05556
-5.22222
-13.4074
-13.5556
-5.53704
3
4.51852
-2.25926
-8.46296
-6.46296
2.85185
12.8889
14.9259
7.14815
-2.18519
-4.53704
-0.666667
4.35185
6.24074
0.555556
-9.11111
-18.7037
-27.1667
-34.963
-41.2593
-46.2407
-50.2407
-56.7222
-64.2593
-71.6296
-75.0926
-73.6667
-64.6481
-53.1667
-46.7778
-46.6852
-44.5
-35.1296
-20.2222
-4.33333
6.87037
8.09259
2.01852
-0.907407
1.62963
0.703704
-6.2037
-17.1481
-27.1111
-35.2778
-42.963
-50.8148
-58.6111
-63.7037
-66.0741
-68.2222
-68.7963
-68.7778
-68.2222
-68.8148
-66.4815
-60.1296
-53.5741
-47.6111
-39.9074
-31.6481
-22.963
-13.1667
-1.75926
5.66667
5.27778
2.75926
4.11111
0.555556
-7.16667
-12.3333
-12.6667
-10.2593
-7.55556
-5.75926
-6.85185
-9.03704
-10.3148
-9.14815
-6.22222
-3.07407
-2.42593
-6.96296
-14.8889
-18.963
-16.3148
-8.57407
-1.75926
-1.07407
-4.11111
-6.37037
-2.96296
3.74074
6.7963
5.72222
6.05556
3.01852
-1.55556
0.388889
6.85185
15.3704
23.9259
32.7222
38.5185
40.5926
40.2222
42.6852
44.9815
47.1852
45.7222
39.2778
26.6852
15.7407
13.5926
19.3519
22.8519
18.9259
10.8704
3.55556
1.48148
4.31481
7.48148
6.77778
6.44444
3.31481
-1.33333
-2.57407
-3.2037
-4.22222
-4.90741
-2.2037
2.92593
6.18519
8.05556
13.4074
19.537
27.0926
33.1852
35.8519
31.037
22.7407
19.6481
22.6296
24.1111
21.037
15.0185
9.12963
6.05556
6.53704
8.51852
7.74074
6.7037
2.42593
-5.09259
-13.9259
-24.4815
-36.0926
-47.4815
-55.0185
-55.963
-53.963
-50.1111
-42.037
-30.7778
-17.3519
-4.51852
6.61111
12.3889
11.7037
10.4444
11.9815
13.5741
13.5926
11.537
9.24074
7.57407
7.48148
9.01852
8.38889
7.59259
3.85185
-2.42593
-12
-21.8519
-33.2037
-45.8148
-57.6852
-64.1852
-66.1481
-63.8889
-58.037
-47.0926
-35.1667
-22.7593
-10.0556
0.722222
5.87037
7.81481
9.75926
12.2407
13.0741
11.4074
9.14815
6.72222
6.38889
8.2037
9.03704
9.53704
9.98148
12.0926
13.7037
16.3704
17.5556
15.5556
9.59259
2.12963
-3.40741
-7.40741
-11
-10.4444
-8.07407
-4.53704
0.518519
6.14815
10.4444
13.6852
17.3889
20.7037
19.9074
15.0926
9.14815
4.05556
3.05556
5.88889
8.38889
10.2593
14.463
24.3333
37.5556
52.7778
65.7407
74.3333
75.5185
68.9074
60.3889
50.1667
36.5741
24.5741
15.6667
9.72222
5.31481
2.44444
2.53704
6.5
12.9259
18.0741
17.2407
11.2037
3.53704
-1.66667
-1.01852
3.62963
7.2037
9.72222
14.2037
23.0556
36.0185
51.0741
65.3148
75.8148
77.8333
70.5741
61.3333
50.2037
34.7037
18.2778
4.90741
-6.2037
-17.2407
-25.3519
-26.7222
-21.5185
-13.6111
-6.72222
-3.88889
-5.33333
-8.12963
-7.07407
-1.98148
3.31481
4.55556
7.33333
8.16667
6.87037
7.55556
11.4259
17.2222
21.037
17.4074
8.92593
1.22222
-3.87037
-10.6111
-21.3333
-34.2407
-47.5926
-60.1481
-65.7778
-63.3333
-56.2963
-50.1111
-43.7593
-35.4815
-26.6852
-17.3148
-6.2963
2.35185
4.96296
1.51852
5
4.85185
-3.16667
-15.4074
-26.8519
-35.2407
-42.8148
-52.037
-59.3148
-63.037
-61.7222
-58.0926
-57.0185
-61
-66.5556
-69.5926
-65.037
-55.7778
-49.6667
-49.3889
-48.1852
-40.0741
-25.5741
-8.53704
5.85185
10.5556
5.96296
-1.7037
1.96296
4.09259
-0.981481
-13.8333
-30.3889
-44.7593
-55.7963
-62.3519
-63.4259
-62.9259
-59.6481
-52.7593
-45.3333
-39.6667
-33.8704
-24.3889
-11.9259
-1.66667
0.0740741
-5.68519
-11.2037
-9.61111
0.37037
12.7593
18.3333
13.463
3.57407
-3
-0.907407
4.66667
9.51852
7.07407
-1.42593
-10.2222
-14.7963
-11.7778
-4.92593
-0.425926
1.33333
4.48148
11.537
21.5556
34.2963
49.3333
61.1667
65.6852
60.8519
50.9444
40.2963
32.8519
31.3889
29.8148
21.6296
8.83333
-0.925926
-1.96296
-3.7037
0.611111
10.6111
19.7222
24.6481
28.4259
35.6296
48.7593
62.3889
71.3333
74.3889
74.8704
76.5185
82.1111
89.6667
96.4074
96.5185
89.7222
79.2037
68.1852
57.0926
46.8148
37.1481
24.6111
9.42593
-1.7037
-4.83333
1.68519
-3.46296
-4.27778
2.2037
13.3519
25.0556
35.2778
46.9259
61.5
76.2222
88.8704
97.1852
101.019
101.815
100.759
97.7407
90.8704
79.7407
65.963
53.1852
43.3519
35.5
27.8519
17.9444
5.53704
-4.14815
-7.18519
-4.05556
5.83333
0.407407
-4.74074
-6.03704
-1.48148
5.42593
11.5926
17.8519
25.8333
35.8704
48.0926
59.5185
67.6296
70.0741
67.4444
59.7037
46.7963
31.4444
17.5556
7.92593
2.75926
0.814815
-0.555556
-5.38889
-10.4074
-10.8333
-6.38889
-1.22222
7.2037
5.64815
0.87037
-4.40741
-7.11111
-7.87037
-9.12963
-11.8889
-15.0926
-15.9444
-12.9444
-7.31481
-1.68519
1.07407
-0.666667
-6.2963
-14.7222
-22.0185
-26.0741
-26.037
-22.5
-17.8519
-14.6481
-13.0185
-9.88889
-4.42593
0.740741
2.81481
3.09259
6.40741
6.48148
3.37037
-0.648148
-4.94444
-9.55556
-16.2222
-25.2593
-34.7778
-42.4259
-47.0741
-48.6852
-49.4444
-49.8333
-49.9259
-48.6667
-45.1296
-38.4815
-29.5926
-20.7407
-14.1852
-9.88889
-5.83333
-0.796296
2.98148
4.09259
1.59259
-5.37037
-0.185185
4.38889
7.03704
7.35185
6.5
5
1.57407
-5.40741
-15.6667
-27.8333
-39.0741
-47.5926
-52.6111
-54.3889
-51.9444
-44.7407
-34.2407
-23.1111
-13.1852
-5.53704
-1.27778
1
4.14815
6.61111
6.16667
2.40741
-1.7963
0.259259
1.11111
1.40741
-0.425926
-3.18519
-2.94444
1.46296
3.11111
2.94444
0.259259
2.25926
1.42593
-0.0740741
-2.64815
0
5.27778
9.40741
10.8519
10.0926
8.7037
5.44444
0
-4.09259
-4.44444
-1.05556
-0.444444
-3.44444
-6.81481
1.7037
4.38889
2.88889
-2.7963
-9.18519
-10.0185
-4.11111
0.814815
3.61111
2.75926
5.90741
6.42593
5.09259
1.03704
0.944444
4.7037
8.44444
10.9074
11.7407
12.537
9.90741
2.85185
-4.87037
-7.90741
-4.55556
-0.740741
-0.37037
-3.11111
2.38889
4.77778
1.61111
-5.11111
-11.3519
-10.963
-5.55556
2.25926
7.07407
8.85185
7.88889
6.11111
4.64815
4.37037
5.38889
6.98148
7.64815
8.81481
10.6296
13.8333
13.3333
7.40741
-2.12963
-8.68519
-8.59259
-4.68519
-1.03704
-0.611111
3.24074
3.87037
-1.72222
-8.88889
-12.6296
-8.5
-0.592593
6.68519
9.53704
9.75926
8.66667
7.46296
6.2963
6.25926
7.44444
8.37037
6.31481
3.05556
1.72222
6.18519
12.0556
13.963
8.2037
-1.22222
-7.72222
-7.96296
-3.5
0.388889
3.7037
1.72222
-4.75926
-8.35185
-6.35185
1.44444
7.07407
7.72222
4.2037
1.38889
0.462963
1.42593
5.5
13.2222
20.7778
20.6852
10.2593
-4.87037
-14.4074
-12.1852
0.425926
14.2593
20.4259
14.3519
2.53704
-5.85185
-5.68519
-1.03704
3.14815
-1.42593
-6
-3.33333
5.03704
11.9074
9.46296
1.31481
-5.42593
-6.7037
-5.57407
-2.40741
6.09259
19.4444
28.463
23.8148
8.46296
-6.46296
-12.8704
-12.1296
-5.77778
4.83333
16.6111
19.9444
12.2222
0.240741
-4.90741
-1.94444
2.05556
-4.92593
-7
0.481481
12.1481
16
6.37037
-6.92593
-12.5
-8.14815
-1.7963
4.14815
13.1481
24.3148
27.1667
16.1481
0.537037
-6.55556
-4.44444
-3.87037
-6.01852
-3.87037
8.25926
18.1667
16.6481
4.77778
-2.7963
-1.38889
1.38889
-8.31481
-9.59259
2.42593
17.7778
20.2037
3.88889
-13.8519
-18.1296
-7.25926
3.94444
12.2037
20.2593
27.5
22.8333
5.53704
-8.72222
-6.53704
4.33333
5.07407
-5.09259
-9.85185
2.37037
17.7407
19.5556
6.42593
-3.74074
-2.24074
-0.87037
-13.4444
-13.4259
5.18519
26.3333
28.5556
5.85185
-16.2222
-20.7407
-7.09259
3.75926
12.0926
20.5
28.0741
18.4815
-4.81481
-19.3889
-8.42593
12.8333
15.8333
-1.12963
-13.5
-0.962963
20
25
7.92593
-7.24074
-6.2037
-5.01852
-20.4815
-16.5741
11.0741
40.2963
43.4444
15.1111
-15.6852
-27.3704
-18.7222
-9.03704
2.48148
18.2778
31.6481
21.6111
-7.66667
-25.8148
-11.5926
16.4815
21.7037
0.5
-16.6296
-2.31481
25.537
34.2222
12.4074
-10.8889
-12.8889
-11.0185
-28.5556
-18.1667
20.2778
57.2222
58.5556
20.0741
-22.3333
-39.0926
-27.7407
-13.0926
0.574074
16.5185
29.9444
19.7593
-11.3148
-29.3519
-11.2778
21.8148
26.0185
-1.96296
-24.537
-6.35185
31.6667
46.963
21.0926
-12.3148
-20.4259
-17.6111
-35.3889
-17.7593
29.8889
70.9444
67.1296
19.0926
-30.6296
-45.1667
-26.9815
-6.96296
3.94444
14.0741
22.9259
11.963
-18.5556
-33.6667
-9.7037
29.5185
32.8704
-3.92593
-35.0926
-15.0185
34.5926
59.7222
32.4259
-11.0185
-26.963
-23.8889
-40.4444
-16.0741
37.9444
79.4815
70.7407
17.1667
-33.8519
-45.4259
-23.0741
-1.81481
5.88889
10.4074
14.1481
0.37037
-30.537
-40.2593
-5.01852
46.0185
50.037
0.407407
-46.5556
-30.2963
29.7407
67.6296
43
-7.57407
-31.1481
-27.9259
-43.6852
-15.5185
40.5741
80.5741
68.1296
13.4074
-34.8148
-40.9074
-13.2407
10.4815
15.2778
10.6852
3.22222
-18.1852
-47.8519
-48
2
64.8704
70.6667
9.59259
-53.5926
-45.9074
19.0926
67.963
48.963
-3.85185
-32.3704
-29.5
-45.1852
-16.5926
38.7963
77.1667
64.3148
11.7963
-32.7593
-34.1852
-2.12963
23.6852
23.6111
8.68519
-7.7037
-29.5
-52.9815
-47.3333
4.22222
66.4815
71.9259
10.3148
-54.7037
-48.537
16.9074
67.8148
50.3333
-2.44444
-31.5185
-27.6852
-44.6296
-18.1296
35.6481
75.6481
66.3148
17.1667
-27.4444
-30.7407
-1.31481
21.537
15.7593
-2.16667
-14.2222
-22.4074
-36.3148
-33.9259
1.42593
49.5556
53.4074
3.22222
-48.3519
-36.7593
24.2037
67.2593
46.5556
-4.05556
-29.3889
-22.6111
-41.7963
-21.4259
27.8333
70.7778
71.2778
31.6852
-13.3889
-26.8148
-11.2593
3.38889
-3.61111
-14.9815
-14.6481
-7.94444
-13.9444
-17.6296
-0.111111
32.4259
35.7222
0.037037
-35.4815
-21.4259
28.9259
59.2037
36.4444
-7.40741
-25.2037
-15.8519
-37.1667
-25.1296
16.1111
58.6296
68.3519
41.2037
0.537037
-18.5556
-13.3704
-4
-11.3519
-20.2963
-16.8889
-4.25926
-4.75926
-8.68519
0.814815
25.1111
29.3148
3.5
-23.2778
-12.3889
25.6111
45.9259
25.037
-8.87037
-18.9074
-8.22222
-30
-26.5556
3.48148
40.6667
55.037
39.4444
8.92593
-5.75926
-1.46296
5.38889
-6.03704
-20.7222
-21.6111
-7.7963
-2.75926
-4.37037
0.777778
19.2778
24.9259
7.61111
-13.2593
-6.98148
19.2037
32.5185
15.6481
-7.64815
-11.6481
-1.31481
-21.1667
-24.8148
-6.16667
23.037
39.8148
35.1481
16.7963
6.68519
7.68519
9.01852
-4.44444
-19.2037
-19.963
-6.05556
0.944444
-0.37037
1.57407
15.1667
20.7222
8.27778
-8.35185
-5.24074
13.0926
22.0185
9.7963
-4.88889
-5.03704
3.35185
-12.537
-19.5185
-9.37037
12.5556
29.0556
29.7963
17.8704
8.53704
6.90741
5.85185
-4.53704
-14.6481
-12.1111
2.27778
9.62963
7.33333
4.2963
10
10.963
2.14815
-7.75926
-2.72222
10.9259
16.3148
7.16667
-1.92593
-0.814815
5.27778
-5.57407
-12.6667
-7.09259
9.2963
23.3519
24.2778
12.9815
2.61111
-0.259259
0.0740741
-4.83333
-8.01852
-0.740741
14.7778
20.7407
13.6667
2.27778
-0.87037
-1.7037
-3.72222
-4.42593
2.96296
12.6667
13.8704
5.7963
-1.11111
0.12963
5.09259
-2.14815
-8.22222
-4.38889
8.94444
20.7593
21.037
9.90741
-1.18519
-5.66667
-5.66667
-7.38889
-5.24074
5.96296
22.6667
28.0556
18.6296
1.74074
-8.33333
-11.4074
-8.14815
-0.351852
10.3704
16.7037
12.3333
2.53704
-3.14815
-0.722222
4.62963
-0.685185
-7.33333
-5.46296
6.40741
19.1667
21.3889
12.1481
-0.833333
-9.22222
-12.2407
-11.1481
-3.53704
10.8148
26.2037
30.0741
20.1481
2.01852
-11.4259
-14.3148
-5.7037
8.11111
17.1852
15.8333
5.25926
-3.87037
-5.68519
-1.55556
3.94444
1.18519
-6.96296
-10.4259
-3.25926
11.4815
21.9815
20.5185
8.05556
-6.12963
-13.6852
-11.037
-0.759259
11.6852
19.9444
20.037
12.9074
2.88889
-2.77778
-0.296296
7.92593
14.3148
11.5
3
-5.62963
-7.33333
-4.66667
-1.16667
2.37037
3.37037
-3.07407
-10.463
-11.3889
-3.09259
8.64815
16.2222
15.2963
9.16667
3.38889
2.12963
3.7037
5.74074
5.94444
5.75926
6.33333
8.81481
11.9259
13.7963
11.7778
5.42593
-2.87037
-7.51852
-6.94444
-3.03704
-1.14815
-1.96296
-0.462963
4.24074
1.7037
-5.18519
-10.4259
-8.83333
-2.16667
6.11111
11.7963
14.1111
13.2407
10.7593
7.75926
5.38889
3.83333
3.68519
5
8.14815
11.2963
11.7963
7.14815
-0.907407
-7.5
-7.05556
-1.96296
2.42593
-0.0185185
-5.01852
-3.98148
2.2037
3.55556
0.0925926
-5.42593
-7.16667
-4.77778
1.46296
7.42593
11.6667
12.2778
10.5926
7.62963
4.94444
3.05556
2.83333
4.81481
8.64815
11.2222
9.42593
2.51852
-4.72222
-7.44444
-2.57407
3.22222
4.66667
-2.53704
-9.18519
-2.38889
-1.5
-1.72222
-1.33333
-2.77778
-6.55556
-12.7778
-16.4444
-19.6111
-20
-22.7778
-17.2778
-14.5
-12.3889
-15.6111
-12.9444
-7.22222
-2.16667
-1.88889
-4.77778
-10.3889
-14.2222
-13.6111
-4.66667
5.77778
12.4444
11.4444
5.33333
-1.27778
-6.83333
-8.77778
-7.5
-2.61111
-0.666667
-5.5
-8.61111
-13.8889
-16
-17.7778
-14.5
-11.8889
-11.0556
-16.3333
-13.5
-12.4444
-9.16667
-11.8333
-7.5
-1.72222
0.833333
-3.72222
-13.2222
-20.1111
-21.9444
-18.4444
-10.2222
-0.388889
13.6667
23.1667
25.6111
18.7778
9.83333
1.66667
-1.77778
-6.11111
-4.77778
-11.0556
-18.7778
-26.6111
-25.4444
-17.1667
-2.11111
8.83333
12.2222
3.5
-1.16667
-6.55556
-6.66667
-10.7778
-7.66667
-0.611111
7.33333
10.5
6.16667
-0.722222
-11.7222
-22.5
-30.5556
-27.7778
-11
11.7778
28.8889
33.1111
27.6111
15.5
4.44444
-2.44444
-4.61111
-11.1667
-20.9444
-25.3889
-17.8889
-0.388889
16.8333
24.9444
20.2222
6.66667
-8.55556
-19
-21
-16.2222
-7.38889
1.33333
8.72222
14.1111
16.8333
16.9444
11.0556
-1.27778
-18.7778
-32.2222
-31.6111
-15.6667
8.77778
28.3333
36.4444
28.8333
14.2222
-2.5
-7.77778
-12.8333
-22.0556
-18.0556
-5.5
12.8333
20.5556
14.7222
-0.611111
-18.0556
-29.8889
-33.1667
-28.7778
-19.9444
-10.6111
-1.38889
7.61111
16.6667
25.1111
31.7222
32.8333
27
11.2222
-8.11111
-26.0556
-30.6667
-19.1111
4.88889
27.3333
33.7778
23.8889
-4.27778
-12.3333
-15
-14.3333
-0.722222
10.9444
15.1111
4.72222
-12.6667
-29.3889
-39.6667
-39.7222
-31.8333
-21.0556
-11.6111
-5
0.111111
4.11111
8
14
22.7222
34
42.0556
42
28.8333
6.27778
-18.2778
-29.8889
-22.2778
1.5
22.4444
27.2222
-5.94444
-12.8889
-12
0.111111
15.3333
16.9444
0.833333
-22.1111
-40.2778
-45.7778
-39.9444
-23.8333
-6.11111
7.61111
12.1667
10.1667
4.38889
-1.94444
-7.16667
-8.83333
-4.77778
6.88889
23.2778
39.5
46.7778
38.8333
15.0556
-13.7778
-29.3333
-20.7222
3.66667
21.7222
-10.8333
-13.3333
-5.83333
12.2778
19.1111
5.61111
-22.8333
-44.2778
-47.0556
-32.7778
-10
9.88889
20.9444
22.0556
17.5
11.5556
6.33333
4
2.83333
0.611111
-8.44444
-18.5
-21.1667
-5.38889
20.7222
41.6667
40
15.3889
-14.3889
-27.2222
-13.7222
8.77778
-13.2778
-7.38889
5.11111
17.1111
8.83333
-14.4444
-36.8889
-37.7778
-16.6111
12.6111
34.5556
41.1667
35.6111
22
6.33333
-5.11111
-4
9.05556
23.2222
23.2778
3.94444
-27.8889
-54.5556
-59.6667
-35.1111
3.94444
34.1667
33.7222
9.66667
-16.7778
-21.1667
-4.94444
-13
-1.5
11.8889
12.5
-6.66667
-28.9444
-31.6111
-6.11111
34.6111
63
66.9444
48.8333
25.0556
0.388889
-19.8889
-28.3889
-14.3889
14.5
36.6667
33.8333
11.5556
-20.1667
-50.6667
-74.8889
-74.1111
-43.6111
2.66667
31.3333
27.0556
1.11111
-17.7778
-13.8889
-7.44444
6.11111
13.8889
3.33333
-19.6111
-31.2778
-12.2778
33.2778
75.5
84.6111
58.5
22.3333
-2.66667
-16.5556
-26.6111
-25.7778
-7.66667
13.5
14.8333
-5.11111
-15.5
-8.83333
-3.72222
-28.2222
-61.3333
-67
-31.5556
13.1667
31.2222
15.8889
-8.5
-16.2778
-2.11111
8.72222
9.66667
-6.83333
-26.0556
-26.8333
3.22222
47.4444
71.3333
54.5
9.94444
-24.1111
-33.0556
-22.0556
-6.94444
13.1667
27.0556
17.4444
-22
-59.5556
-53
-1.88889
46.4444
43.1111
-6.05556
-48.6111
-44.6111
-6
25.2778
23.3889
2.38889
-13.2222
1.88889
8.61111
4
-13.5556
-26.5
-20.1667
7.55556
35.9444
37.3889
9.5
-30.1111
-45.8889
-38.1667
-12.2778
14.8333
42.5
48.9444
20.4444
-35.1667
-71.9444
-57.3333
1.72222
57.5556
68.7222
29.7222
-20.0556
-37.1111
-15
15.7778
23.2778
9.66667
-7.11111
3.22222
5.83333
-0.888889
-15.7222
-22.1111
-13.8333
6.27778
20.1667
16.5
1.66667
-13.1111
-13.5556
-9.38889
-1.83333
6.05556
18.1111
20.3889
1.44444
-30.4444
-47.8889
-36.1667
-0.555556
35.2778
50.2222
32.2778
-2.55556
-23.5556
-14.7778
8
19.1111
11.7222
-2.16667
3.11111
3.66667
-2.72222
-13.1667
-15
-7.38889
5.05556
11.6667
14.9444
19.3333
25.3889
27.1667
21
8.5
-6.27778
-19.3889
-25.8333
-26.0556
-21.7778
-17.0556
-12.3889
-5
7.22222
17.9444
15.7778
-0.277778
-14.3333
-11.3333
2.33333
12.6111
9.44444
0.888889
1.22222
1.66667
-2.27778
-8.05556
-8.27778
-3.11111
1.94444
2.83333
9.61111
21.1111
35.5556
35.4444
33.4444
24.6111
11.2778
-18.2222
-41.1111
-44.1667
-25.1667
-9.66667
-6.27778
-9.05556
-4.61111
5.22222
8.5
1.16667
-8.66667
-8.44444
-1.16667
6
4.66667
0.388889
-1.27778
0
-0.722222
-2.38889
-2.94444
-2.5
-7.27778
-17.5
-22.0556
-17.6667
-3.27778
6.66667
26.5
47.4444
57.6667
32.3333
-7.27778
-30.3333
-23.4444
-10.1667
-7.05556
-9.94444
-6.11111
4.27778
9.44444
5.22222
-2.55556
-5.38889
-3.33333
-0.888889
-0.277778
-0.444444
-2.61111
-1.44444
0.611111
2.66667
1.27778
-3.61111
-17.6667
-38
-54.0556
-54.5
-34.2222
-8.27778
25.9444
58.1667
78.7222
64.2222
25.8889
-6.05556
-12.0556
-5.88889
-5.22222
-9.11111
-7
2.27778
8.94444
8.38889
3.61111
-1.72222
-5.11111
-7.72222
-5.5
-1
-3.22222
-2.72222
1.94444
7.55556
6.66667
-2.44444
-20.0556
-40.1667
-54.0556
-49.6111
-28.7222
-3
18.6667
38.9444
52.3889
48.6667
27.2778
10.3333
8.88889
13.4444
9.22222
-2.33333
-10.2222
-11.1667
-5.16667
2.77778
8
3.44444
-6.44444
-13.3333
-8.61111
1.22222
-4.33333
-5.22222
1.72222
12.2222
14.2778
3.88889
-11.0556
-20.3333
-18.3889
-9.33333
-1.27778
2.16667
1.61111
2
1.61111
-2.11111
-3.22222
9.11111
33.8889
50.6111
42.4444
9.83333
-26
-45.1667
-33.9444
-4.88889
16.0556
11.3333
-8
-17.6111
-9.72222
4.55556
-6.22222
-9.5
-1
14.8889
22.3889
13.5556
-0.722222
-3.22222
12.2778
31.2778
34.1111
18.5556
-8.55556
-35.4444
-56.2778
-63.1111
-45.8333
-5.33333
46.2778
78.8889
71.2778
20.2222
-41.6111
-71.3889
-47.2778
4.83333
33
20
-10.5556
-20.1667
-7.66667
8.27778
-6.16667
-13.1111
-5.83333
14
28.3889
23.4444
6
-3.94444
6.72222
28.5
40.1111
29.7222
-5.22222
-50.3333
-84.5556
-88.4444
-59.8889
-14.6111
34
67.1667
64.5556
18.8889
-38.3333
-54.3889
-16.2778
37.1667
48.7778
18.1667
-16.9444
-20.4444
-2.16667
11.6667
-1.44444
-13.5556
-12
7
28.2778
31.5
9.88889
-19.0556
-31.6111
-15.2778
14.5
28.2222
4.55556
-39.9444
-70.6667
-62.9444
-35.6667
-12.3333
0.666667
14.0556
19.7222
9.27778
-4.22222
10.5556
46.8333
68.6111
45.5
1.38889
-23.9444
-15.2222
6.55556
13.8333
6.55556
-8.61111
-16
-3.88889
20.6667
35.5556
21.8889
-16.4444
-55.9444
-67.6667
-47.1667
-17.4444
-7.77778
-13.1667
-12.7222
6
16.8333
5.16667
-21.4444
-31.4444
-20.5
6.72222
38.3889
69.6667
80.8889
57.9444
12.5
-23.2222
-24.7222
-2.94444
15.7778
12.8333
13.7778
-0.888889
-17.0556
-16.3333
5.83333
31.9444
36.1111
8.55556
-37.9444
-74.7222
-81.1667
-60
-28
2.44444
28.4444
45.6667
40.6111
14.8889
-17.3889
-29.4444
-15.1111
19.3889
54.3889
69.1667
53.3333
12.4444
-24.1667
-33.7778
-13.0556
12.7778
19.4444
4.94444
17.5556
8.22222
-11.5556
-23.0556
-12.6111
16.0556
39
37.6111
7.33333
-32.6111
-60.5
-60.8889
-38.2778
-5.72222
22.6111
36.5556
33.3333
19.3889
4.66667
0.277778
8.11111
24.6111
34.7222
25
-3.16667
-32.7222
-41.3333
-22.6111
7
23.5
12.8889
-8
17.7222
16.3889
0.5
-19.0556
-25.5556
-8.55556
20.5556
42.5
41.9444
20.9444
-6.44444
-23.5
-22.7222
-10.9444
2.55556
9.22222
11.3333
11.5
13.4444
16.2222
17.5556
11.8333
-3.61111
-26.3333
-44.1111
-45.6111
-26.7222
3.55556
23.3889
20.1111
-2.55556
-20.0556
15.5
20.8333
14.8889
-3.27778
-23.5556
-27.8333
-11.1667
17.7778
40.3333
47.5
38.2222
22.2222
6.38889
-3.33333
-6.22222
-3.88889
1.38889
6.16667
8.5
5.72222
-4.55556
-20
-36.8889
-45.7222
-42.3333
-22.8333
4.16667
25.0556
23.6111
3.33333
-19.1111
-25.2222
11.3889
20.1667
24.5556
16.1111
-4.83333
-26.2778
-31.7222
-17.7222
7.88889
29.4444
39.9444
38.8889
31.6111
22
13
5.66667
0.444444
-4.83333
-10.5556
-18.3333
-27.8889
-37.2778
-40.2222
-31.3889
-12.1111
10.6111
25.6111
23.7778
4.94444
-17.8889
-27.5556
-21.7222
5.55556
12.8889
22.5
26.1667
17.3889
-3.44444
-23.7778
-31.7778
-23.4444
-6.16667
10.7222
22.4444
27.0556
25.7222
18.8333
9.88889
0.277778
-8.66667
-17.0556
-23.2222
-25.9444
-22.3889
-12.4444
3.38889
19.1667
27.3333
21.2222
2.94444
-16.8333
-26.8889
-23.9444
-14.6667
0.944444
4.77778
12.6667
21.8333
27.1667
21.1667
4.38889
-16.0556
-27.6111
-27.4444
-17.4444
-5.55556
4.83333
10.5
10.8889
7.16667
1.5
-4.22222
-9.27778
-11.9444
-8.94444
0.833333
15
26.2778
27.7778
15.8333
-4.33333
-21.1667
-26.7778
-21.5556
-13.2222
-6.33333
-2.33333
-1.16667
2.72222
10.3333
20.8889
29
27.6667
15.1111
-2.94444
-17.8333
-24.7222
-22.8889
-16.2222
-8.16667
-2.61111
-0.222222
-0.5
-1.77778
-2.77778
-0.277778
8.27778
21.2778
29.1667
24.0556
7.66667
-11.3333
-23.4444
-25.5
-18.8333
-8.77778
-3.27778
-1.22222
-20.4
-24.36
-25.06
-19.3
-13.96
-10.42
-8.48
-10.92
-21.28
-28.9
-33.16
-33.16
-28.28
-16.86
-5.72
3.4
8.86
9.5
4.26
-4.18
-11.86
-17.36
-17.66
-10.3
1.76
14.66
24.02
28.2
-25.02
-28.34
-26.4
-18.22
-12.8
-11.04
-11.68
-18.62
-32.76
-40.38
-42.78
-40.38
-32.7
-18.72
-6.16
4.46
12.4
17.62
17.78
13.92
8.06
1.26
-4.44
-4.36
1.98
13.22
23.5
31.08
-26.44
-27.74
-23.84
-17.24
-14.18
-15.78
-19.36
-26.68
-36.3
-39.22
-37.22
-31.3
-22.74
-11.2
-0.6
8.76
16.44
22.62
26.18
26.24
23.62
17.54
9.64
3.46
1.76
5.9
13.74
22.7
-17.64
-16.22
-12.8
-11.24
-14.2
-21.12
-27.94
-34.72
-38.22
-36.5
-31
-22.76
-12.8
-2.6
7.14
16.14
22.9
27.16
28.8
28.34
25.88
21.52
15.34
9.1
4.42
3.86
7.1
14
-12.56
-10.16
-8.96
-11.86
-18.76
-25.24
-28.58
-28.18
-24.12
-17.06
-10.56
-5.6
-1.76
2.76
8.36
15
20.42
21.9
19.38
15.02
10.74
7.78
6.68
5.72
4.48
3.2
2.94
5.96
-8.42
-6.56
-7.76
-13.34
-18.84
-19.3
-13.94
-5.36
4.58
11.16
11.56
7.4
3.44
1.4
3.12
7.66
10.7
8.14
1.44
-5.88
-10.24
-9.84
-4.98
0.92
4.48
3.8
1.58
1.02
-5.02
-5.58
-10
-14.96
-15.88
-9.54
3.14
16.86
25.46
26.06
20.14
11.92
6.28
4.54
6.6
10.38
10.14
2.26
-9.28
-20.76
-28.42
-29.48
-22.06
-10.68
-0.18
3.94
4.12
2.38
-5.62
-9.8
-15.12
-14.84
-8.42
6.14
25.64
40.16
41.88
34.68
23.02
12.5
7.78
8.78
11.9
14.12
10.3
-0.94
-15.08
-29.82
-41.68
-46.46
-41.46
-28.96
-12.4
-0.36
4.98
5.38
-7.36
-13.76
-16.34
-9.2
6.36
30.04
53.74
65.02
58.2
41.6
21.74
7.24
1.42
1.28
1.38
-0.32
-7.52
-18.42
-26.42
-33.48
-39.92
-43.9
-42.6
-35.86
-21.24
-6.58
3.24
7.42
-9.8
-17.24
-17.16
-5.38
15.52
41.26
62.9
67.7
52.62
29.34
7.44
-4.74
-7.3
-5.88
-7.7
-14.12
-25.94
-33.96
-30.8
-23.52
-18.64
-16.7
-19.2
-23.32
-18.82
-8.26
1.7
8.1
-11.56
-19.16
-18.26
-5.38
14.54
35.18
49.24
48.52
31.6
11.96
-0.96
-2.66
1.06
3.42
-2.12
-14.66
-31.22
-38.36
-28.54
-12.76
-1.78
3.48
-1.04
-12.62
-15.88
-8.82
-0.1
7.12
-12.32
-18.52
-16.72
-6.14
10.3
25.84
35.26
34.62
25.3
14.46
9.34
10.32
11.38
6.4
-6.08
-23.5
-39.6
-43.46
-29.72
-9.8
5.32
13.32
9.3
-4.06
-11.38
-7.9
-1.74
4.66
-10.62
-14.88
-14.36
-9.54
1
11.46
18.38
22.22
25.06
25.2
25.54
25.54
21.04
6.74
-13.78
-33.68
-47.2
-48.2
-32.12
-8.9
9.54
20.42
19.18
6.62
-3.56
-4.58
-2.28
1.48
-7.9
-11.06
-13.86
-16.1
-13.56
-10.88
-8.04
-0.56
14.18
27.16
38.14
43.4
40.16
21.98
-3.32
-26
-39.22
-41.64
-29.24
-9.46
7.02
17.92
19.48
10.8
1.7
-1.32
-2.36
-1.62
-4.12
-6.16
-11.48
-19.56
-25.18
-30.9
-33.82
-26.04
-3.66
20.7
43.16
57.26
60.38
44.98
19.88
-2.36
-13.94
-19.9
-17.72
-9.46
-2.02
2.16
3.58
1.38
-1.38
-2.54
-3.76
-3.98
0.14
-0.38
-6.2
-17.24
-27.74
-36.88
-40.52
-32.1
-7.76
18.8
40.86
52.4
54.9
43.02
25.24
12.26
9.4
5.34
-0.8
-5.78
-9.5
-13.68
-13.74
-9.28
-4.84
-3.82
-4.54
-5.24
3.84
5.26
-0.28
-11.86
-23.76
-31.94
-33.26
-23.12
-1.82
18.08
28.34
28.8
24.5
15.98
10.42
13.38
22.66
24.76
15.66
1.86
-9.98
-18.46
-17.98
-8.3
-0.32
0.3
-2
-4.8
6.98
10.9
7.58
-2.36
-14.68
-24.36
-27.4
-20.92
-7.36
3.44
5.86
0.88
-5.58
-7.62
-0.44
13.94
30.86
38.08
28.3
10.58
-3.66
-12.86
-11.68
0.28
7.76
5.48
0.72
-4.12
8.6
15.56
16.04
8.9
-3.3
-15.16
-21.74
-20.64
-15.52
-13.04
-16.82
-25.64
-33.86
-30.2
-11.98
12.52
36.44
49.14
40.68
21.42
5.76
-4.38
-3.42
8.3
13.72
8.96
3
-2.86
8.04
17.64
22.26
18.74
7.88
-4.12
-12.56
-15.26
-16.64
-20.9
-31.82
-47.06
-60.54
-56.72
-33.02
-2.14
26.16
45.44
44.52
31.04
19.58
13.64
14.88
22.46
21.8
12.96
4.7
-1.84
5.8
16.18
23.74
23.04
13.32
-0.6
-14.34
-23.2
-29.6
-35.58
-44.06
-54.46
-64.52
-59.36
-38.68
-14
8.42
28.62
37.2
38.66
40.24
41.92
42.4
40.92
29.26
14.14
4.28
-1.58
3.44
12.08
21.42
24.08
15.88
-1.3
-23.36
-42.92
-55.74
-58.84
-54.32
-46.72
-39.64
-26.36
-10.9
0.42
9.14
20.7
29.84
38.88
47.28
51.16
48.12
38.38
21.52
6.96
0.14
-2.38
1.44
6.24
15.02
20.68
17.18
3.44
-18.68
-41.34
-56.64
-57.92
-46.98
-30.48
-14.88
-0.14
9.08
11.14
10.86
15.22
22.02
30.1
35.96
36.96
31.06
19.56
6.62
-0.64
-2.3
-2.08
2.46
1.8
6.72
12.96
14.38
8.82
-5.4
-23.26
-37.64
-39.76
-30.96
-16.02
-1.06
11.36
15.5
12.36
7.08
6.76
10.06
15.26
18.52
18.2
12.28
4.56
-1.58
-3.44
-2.64
-1.86
7.68
1.68
0.62
4.04
7.72
8.34
3.28
-6.2
-15.46
-17.48
-10.92
0.72
13.14
22.14
22.38
15.22
5.82
-1.2
-4.38
-4.1
-3.84
-4.7
-6.04
-6.98
-7.04
-5.32
-3.5
-5.14
14.6
6.42
0.74
0.32
3.36
7.2
8.88
7.3
4.12
4
8.06
14.82
22.02
25.68
22.26
13.48
2.66
-7.38
-15
-19.66
-22.46
-22.42
-20.02
-15.66
-10.72
-6.66
-6.68
-11.26
21.1
13.8
5.9
1.34
1.48
5.42
11.62
16.8
19.26
20.32
20.92
20.48
19.08
15.66
9.74
1.82
-6.8
-14.74
-21.12
-25.82
-27.7
-25.36
-20.26
-13.54
-8.1
-6.74
-10.74
-17.5
25.58
21.62
14.28
7.06
2.32
1.94
6.66
13.5
18.6
21.28
21.08
17.88
12.64
6.82
0.4
-6.34
-12.86
-18.22
-21.74
-22.24
-19.3
-14.06
-8.58
-3.88
-3.7
-9.12
-16.7
-23.18