-0.875
-8.375
-29.75
-55.5
-82.5
-109.75
-125.25
-124.75
-90.5
-38.125
11.625
58.25
48.75
34.5
30.625
28.25
42.625
49.625
58.625
39.875
26
28.875
25.25
39.125
44.5
32.875
19.875
7
5.375
5
4.25
4
3.125
1.375
-16.25
-45.25
-83.25
-119.875
-140.875
-138.875
-106.75
-56.5
-3.5
50.125
66.625
64.75
42.75
23
18.5
7.5
11.75
6.5
12.125
23.125
21.875
31.75
44.875
56
61.875
51.25
27.125
5.625
1.75
1.75
2.25
3.875
3.875
3.375
-47.125
-77.25
-95.125
-94.375
-56.25
-9.75
41.375
87.625
110.5
111.75
85.25
34.125
8.125
15.5
21.5
25.5
25.75
0.75
-8.75
16.375
-1.75
-3.875
10.75
14.625
38.875
41.5
23.875
5.25
1.875
2.5
3.375
4.5
3.75
3.875
-59.375
-50.375
-21
34.625
91.75
123.875
133.875
131.125
111.25
77.75
48.625
3.375
-3
26.125
19.375
16.5
2.25
-31.75
-26.25
2.75
-13.625
-19.875
-15.625
-7.875
20.875
28.75
23.75
10.25
4.25
3.875
4.125
3.625
3.125
3
-41.5
9.25
79
129.625
130.625
118.375
88.625
59.25
34.875
16.5
7.5
2
25.875
38.75
20.375
-1.625
-42.875
-58.125
-40
-21.5
-14.875
-19.5
-19
-3.875
14.25
23.5
23.125
12
4.75
4.375
4.875
4.625
4.125
2.5
2.25
59.5
99
90.5
61
39.875
21.375
7
1.125
0
-0.125
17.875
44.125
31.75
15.25
-13.375
-63
-60.625
-45.375
-41
-15.125
-2.625
-0.875
11.625
9.375
6.125
4.875
-1.125
-1.25
0.5
2.125
2.125
2.75
2
55.625
69.625
44.75
19.125
7
0.125
0.5
0.125
0
0
-0.125
17.375
25.5
5.25
-4.25
-25
-47.25
-44.75
-40.25
-37.125
-14.375
12.125
17.125
4.375
-16.75
-30.5
-32.125
-20.875
-11.375
-8.125
-6.625
-5.375
-1.25
2
66.375
36
7
1
0.75
0.25
0
0
0
0
0.25
11
-0.625
-16.375
-15.875
-17
-3.625
-5.5
-21.125
-25.25
-24.375
-5.5
-1.75
-42.375
-56.75
-58.375
-46
-13.25
-4.5
-6.375
-8.75
-6.875
-3.25
0.875
33.5
6.375
0.875
1.125
1.125
1
0
0
0
0
0.25
4.75
-14.25
-21.75
-8.25
14.25
47.125
46.5
11.125
-14
-20.75
-25.5
-35.75
-67.375
-64.375
-37.125
0.125
29.25
19
4.125
-2.375
-2.25
-2.125
-0.5
3.75
-3
-1.25
0.375
0.375
0.375
0
0
0
0
-0.875
-11
-26.5
-25.125
-1
33.375
67.625
70.5
32.75
1.25
-3
-27.375
-43.625
-44.625
-30.5
12.25
47.5
56.625
29.375
7.5
2.75
2.25
2.125
2.625
-3.75
-3
-1.25
0
0
0
0
0
0
0
-5
-29.875
-38.5
-26.5
-0.25
33.375
57.375
59
35.5
12.5
3.875
-14.875
-19.25
8
24.125
49.375
67
57.375
35.25
16
6.375
4.625
6.25
7
-1.125
-0.125
-2.375
-4
-3.875
-1.375
-0.125
0
0
-0.125
-11.5
-33.375
-33.125
-12
10
33.125
40.5
37
34.75
21.625
6.625
0.25
5.75
46.5
69.625
78.75
85.75
62.125
46.875
27.125
8.375
5
6.125
5.75
0
-4
-8.875
-10.625
-10
-3.25
-0.25
0
0
-3.125
-21.25
-30.75
-17.875
6.375
27.375
37
25.875
17.625
31
29.875
12
5.375
14.5
43.25
71.75
81.375
72
49
37.25
21.625
7.125
3.875
3
2.75
2.375
-3.25
-4.25
-4.375
-3.375
-0.5
0
0
-0.375
-11.5
-32
-32.375
-10.5
12.5
33.625
34
12.625
6.375
23.875
34
22.875
10.875
17
24.25
39.25
50.375
36.125
24.5
22.25
17.875
8.375
3
0.375
1.625
-0.875
4.125
7.25
7.5
8
3.25
0.25
0
-3.5
-24
-37
-26.75
-4.25
19.125
32.125
21.875
2.875
1.75
14.5
30.875
32.5
18.125
12.5
2.5
0.875
13.5
17.625
27.875
32.875
33
20.625
2.75
-3.5
-4.875
-15.625
2.375
6
6.875
6.375
1.875
0.125
0
-11.5
-33.75
-35.5
-13.875
8.875
31.125
32.875
11.25
0
0.25
4.5
20.75
31
21.625
3.875
-12.625
-22.875
-13.75
10.125
40
47.625
47.25
34.5
2.375
-8.375
-12.5
-47.375
-19.625
-5.25
2.875
2
0
-0.125
-0.25
-18.75
-32.25
-23.625
-0.375
22.375
35.875
27.375
4.25
0
0
0.375
11.125
27
28
7
-10.875
-26.75
-27.75
-1.25
29.625
37
36.375
28.125
1.375
-9.5
-11.625
-70.5
-47.5
-15.125
1.375
0.875
0
-0.375
-7.125
-26.25
-29.625
-10.75
8.875
28.5
31.875
13.375
0.5
0
0
0.125
4.75
22.375
33.25
21.25
-0.25
-18.5
-29.375
-16
9
15.625
15.125
11
0.75
-6.875
-6.375
-48.625
-42.75
-13.625
-0.375
-0.125
0
-1.125
-21.5
-35.625
-28.625
-5.625
18.125
32.25
25.25
3.375
0
0
0
0
1.125
12.375
28.5
29.75
10.75
-6
-22.125
-23.375
-4.625
5.875
5.75
3.875
2.5
-2.375
-1
-23.625
-33.5
-27.125
-13.75
-2.375
-0.125
-5.375
-30.625
-34.875
-15.375
4.625
30.25
34.5
15.125
0.375
0
0
0
0
0.125
4
19.625
31.5
21.5
-0.25
-18.5
-30.375
-20.625
1.25
5.25
5.125
5.5
2.25
1.25
-28.125
-55.375
-59
-38
-10
-2.5
-17.625
-34
-26.125
0.375
21.875
38.625
30.75
5.875
0
0
0
0
0
0
0.75
10.75
27.875
28.875
5.125
-15.375
-32.5
-33.375
-4.375
8.75
8.875
9.125
3.875
-0.125
-22.125
-57
-73.875
-64.625
-37
-19.625
-31.625
-34.25
-16.5
7
31.875
36.5
18.875
1.375
0
0
0
0
0
0
0
3.25
18
28.75
18.5
-3.5
-19.375
-30.25
-15.625
4
5.625
6.5
2.75
-0.125
21.625
-6.375
-55.25
-71.75
-58.75
-42.5
-37.5
-27
-5.125
14.25
32.625
25.75
5.125
-0.5
-0.875
-1
-0.875
-0.5
-0.125
-0.375
-0.75
-0.75
7.375
23.75
27.75
8.875
-11.5
-29.625
-35.5
-15.125
-0.875
2.625
5.25
2.125
52.5
31.25
-19.625
-40.625
-45.875
-48.625
-36.875
-15.625
6.75
27.25
33.75
13.5
-14.5
-26
-29.75
-28
-16
-5.375
-9.25
-22.5
-28.625
-29.625
-19.5
8.375
26.125
19.625
-8.125
-31.375
-39
-23.375
5.75
15.75
11.125
3.375
48.625
31
8.25
-5.5
-31.375
-43.875
-30.375
-5.75
15.875
33.5
26.625
-16.75
-58.125
-88.375
-98.375
-81.5
-50
-31.375
-46.5
-77.25
-96.625
-92.625
-66.125
-24.75
14.125
27.125
10.375
-15.375
-19.125
-11
14.125
32.125
17.625
5.25
53.875
45.75
51.25
31
-11.25
-25.5
-17.125
1.75
23.125
32.125
-2.75
-58.125
-93.125
-123.375
-130.5
-109.875
-98.5
-100.25
-108.625
-120.875
-130.75
-120
-94.25
-62.25
-14.875
21.5
28.375
5.625
-4.75
-1
11.75
34.375
30.5
13.875
50.875
71
95.375
69.25
25.75
-1.625
-5.375
11
30.125
25.125
-27.875
-58.125
-68.75
-77.25
-74.75
-83.875
-111.25
-129.125
-114.875
-90.25
-71.75
-66.75
-64.75
-56.875
-30
13.25
33.125
20.625
2.125
2.25
9.375
29.25
43.625
27.125
25.75
63.75
82.25
58.25
30.5
4.125
2
22
32.25
16.375
0
14.25
34.125
54.5
59
39.375
19.125
13.5
28.875
56
74.5
70.5
52.5
29.375
12.875
19.25
30.5
31.375
12.375
4.75
9.125
20.625
42.5
37.5
2
22
23.75
5.375
-1.125
-0.75
6.625
21.5
18.375
2
24.375
62.625
101.5
135.375
140.25
134.875
132.75
133.625
135.625
142
144.75
137.875
111.5
70.375
28.875
0.875
-0.125
8.5
0.875
-11.375
-4.75
8.25
28.5
42
-8.75
-4
-14.25
-24.625
-23.125
-23.875
-28.125
-40.125
-64.625
-82
-67.5
-43.75
-19
1.625
7
3.375
-0.75
-4.75
-8.375
-10.125
-12.25
-17.625
-31.875
-51.875
-72.25
-88.625
-85.625
-67.875
-49.625
-46
-31
-5
12.625
36.375
0
-5.625
-26.875
-32.125
-35.5
-51.25
-66.75
-96.875
-128.75
-140.75
-138.5
-133.625
-128
-122.75
-120.375
-123.375
-126.5
-129
-130.625
-129.875
-130.125
-130.75
-130.625
-130.25
-129.75
-129.625
-121.25
-98.25
-67.75
-49
-38.375
-13.5
0.75
18.125
8.75
-6.125
-22.75
-20.25
-18
-15.875
-16
-28.75
-41.125
-44.375
-41.625
-40
-39
-38.125
-37.5
-36.25
-34.25
-31.625
-29.125
-27
-25.75
-24.5
-23.25
-21.375
-18.75
-16.25
-11.125
-0.125
13.375
22.125
21.125
22.125
23
16.875
-1.75
-1.375
16.5
41.375
65.875
87.875
95
95.375
95
93.75
95.875
97.375
94.625
91.125
88.75
87.875
90.75
92.125
93.375
92.625
94.5
98.75
102.125
107
109.375
111.625
111.25
106.75
103.875
103.5
94
63.75
33.75
0.875
-5
5.875
40
74.75
103.5
107.25
88.75
68.125
61.5
80.375
95.125
101.375
90.75
65.125
48.25
37.5
34.5
35.75
33.75
32.875
42.75
58.875
77.75
97.625
107
111.25
101.625
76.75
62.75
54.25
30.75
-4.625
-43.375
-67
-0.875
-8.375
-28
-38.75
-24.75
-15.5
-28.5
-44
-36
-5.125
38.625
43.75
-40.25
-106
-29.875
100.5
118.875
51.875
-4.125
-55.125
-29.75
45.875
-4.5
-103.375
-111
-60.125
-14.625
0.25
-1.875
-5.75
-4.25
-2.75
-6.375
-7.625
-16
-41.75
-55.25
-46.125
-24.125
-10.625
-12.75
-19.25
-4.75
33.375
61.625
37.75
-62.25
-119
-7.25
130.5
117.25
34.75
-11.375
-56.875
-53.375
19.25
15.625
-64.75
-109.875
-86.5
-30.375
-1.625
-1.5
-4.25
-4.25
-3.875
-6.875
-8.875
-48.375
-72.5
-57.375
-38.875
-9.25
15
10.875
7.875
28.5
53.75
51
3.625
-92.625
-108.25
17.75
106.5
87.5
42.5
8.75
-39.875
-68.25
-0.625
45.75
-28.125
-113.875
-114.75
-51.375
-7.25
-1.625
-3
-4.125
-4.5
-7.25
-9.125
-69.375
-62.875
-30.5
-14.625
6.25
28.125
33.125
31.625
30
35.75
34.375
-24.375
-110.5
-75.875
39.125
62.25
47
53.75
30.75
-24.75
-73.125
-26.875
56.375
17.625
-97.125
-137
-75
-15.25
-1.75
-0.875
-3.625
-5.375
-6.875
-8.5
-34.5
-26.25
1.25
18.125
22.625
31.375
34.625
29.75
20.125
13.25
6.75
-48
-107.125
-38.5
40.125
6.375
6.125
61.375
58.5
-6.5
-85.875
-52.25
71.75
57.625
-78.5
-146.25
-92.875
-23.5
-0.5
2.875
-3.625
-8.125
-8.125
-8.25
7.5
13.5
27.75
25
22.75
27.125
19.125
7
1.125
0
-0.625
-45.125
-82.875
-18.5
5
-49.875
-14.25
70.375
81.125
12.75
-80.625
-48.625
76.125
65.625
-70.125
-153.875
-103.625
-24.125
1.25
3.25
-3.375
-8.125
-7.5
-6.5
46.875
44.375
29.5
17.375
8.25
1.875
0.5
0.125
0
0
-0.625
-31.875
-55.75
-30
-46.5
-72.75
-13.5
64.25
88
34.875
-64.375
-42.375
77.625
55.625
-85
-151.75
-92.875
-19.875
1.875
4.375
-1.125
-6.625
-6
-4.5
67.875
34.75
4.75
-0.25
1.5
1
0
0
0
0
-0.5
-16.25
-39.625
-60.875
-82.375
-53.25
7.125
38
59.875
45
-32.375
-22.75
64.75
17.125
-103.5
-126.875
-64
-13.25
-3
0.875
0
-4.625
-4.75
-2.375
33.75
6.875
-0.875
-0.875
1.125
1
0
0
0
0
-0.5
-9.75
-44.75
-90.75
-81.25
-6.25
33.625
10.25
11.875
36
5.75
-5.75
24
-30.625
-93.875
-70.125
-34.875
-25.5
-16.5
-2.375
0.625
-3.5
-2.125
1.5
7
3.25
1.25
-0.375
0.375
0.375
0
0
0
0
-1.125
-16.25
-65.5
-102.375
-46.25
46.125
51.875
-12.75
-37.25
6.75
25.75
6.625
-11.375
-66.375
-69.25
-2.5
-9.5
-48.125
-34.125
-6.5
0.25
-3
-0.125
4.125
1
3.75
1.75
0
0
0
0
0
0
0
-5.25
-34.875
-88
-88.75
6.25
87.625
59.125
-25.75
-71.5
-35
25.625
26.375
-34
-81.75
-21.125
52.625
-0.25
-73.875
-64
-20.5
-2.125
-3.125
0.75
5.25
3.875
1.125
-1.875
1.25
3.625
1.375
0.125
0
0
-0.125
-13.5
-60.375
-100.375
-51
57.25
98.375
47.5
-24
-73.5
-66.625
-1.875
30
-25.25
-60.75
21.625
81
-6.25
-103.875
-94.375
-34.875
-4.625
-2
1.875
4.25
4
-4
-7.625
4.125
9.5
3.25
0.25
0
0
-3.125
-31.5
-89.25
-91.875
6.125
93.625
83.25
27.875
-15.125
-57
-79.875
-39.5
19.375
10.5
-14
35
64.375
-13.25
-110
-117.5
-53.125
-7.625
0.375
2
3
3.625
-8.5
-9.5
5.875
10.625
3.25
0.25
0
-0.375
-11.75
-56.25
-102.875
-57.75
57.75
101.875
56.25
12.375
-5.625
-32.875
-72.75
-71.625
-8.375
37.75
37.25
44.75
41.375
-16.375
-106.75
-137
-73.625
-14.375
-0.25
1.375
1.875
5.625
-10.375
-10
7.25
11.5
3.25
0.25
0
-3.5
-30.25
-82.75
-92.5
-4.5
92.375
87.875
30.375
2.875
-1.75
-15.25
-51.875
-82.25
-45.875
35.75
73.5
55.375
26
-16.625
-89.625
-133.625
-95.75
-33.875
-5
0
-0.375
14.625
-5.375
-5.5
6.125
7.875
1.875
0.125
0
-12.25
-57
-100
-58.625
51.875
103.375
60.375
12.25
0
-0.25
-4.75
-30
-74.25
-73.375
7.375
81.375
70.625
22.25
-12.375
-59.75
-117.375
-120
-61
-13.625
-2.875
-1
38.375
19.375
7.5
3.375
2
0
-0.125
-0.25
-25.5
-86
-99.125
-7.625
90.625
89.625
34.125
4.25
0
0
-0.375
-13.375
-52.5
-80.25
-34
53.375
79.75
40.25
1.25
-32.125
-98
-141.375
-90.625
-24.625
-5
-1.375
68.25
52.5
17.875
1.625
0.875
0
-0.375
-7.125
-49.25
-106.125
-71.5
48.875
107
63.875
14.125
0.5
0
0
-0.125
-5
-30.125
-69
-65
9.25
76.5
64.125
17.25
-9.5
-77.875
-156.875
-118.25
-36
-6.375
-0.625
92.875
86.75
30.125
0.875
0.125
0
-1.375
-22
-77.375
-103.375
-22.125
88.375
97.5
37
3.375
0
0
0
0
-1.125
-13.875
-48.25
-75.25
-35.25
51.5
79.125
37.625
3.875
-66.875
-160.25
-132.625
-44
-6.875
1.5
80.875
108.75
57.125
14
2.375
-0.125
-6.125
-44.625
-98.875
-75.875
33.125
102.75
71.5
17.875
0.375
0
0
0
0
-0.125
-4
-25.875
-64.75
-65.5
4.75
69.75
61.375
21.125
-58.75
-155.5
-138.125
-51.5
-7.25
3.5
43.875
109.875
83.25
37.5
9.5
-0.75
-19.375
-74.25
-102.375
-23.875
80.875
93.875
41.25
5.875
0
0
0
0
0
0
-0.75
-11.25
-43.875
-71.875
-38.375
38.625
72.5
43.875
-44.375
-147.75
-143.875
-59.375
-6.875
4.125
-0.875
69.5
83.625
65.375
37.5
7.125
-38.875
-97
-80.5
33
102.625
69
18.875
1.375
0
0
0
0
0
0
0
-3.25
-23.25
-60.75
-68
-7.25
66.125
69.25
-28.125
-143.5
-143.625
-60.75
-7.5
1.875
-51.375
7.875
70.75
91.5
67.5
10
-63.75
-101
-34.125
78.5
98.375
41.25
5.125
-0.5
-0.625
0
0.625
0.5
0.125
-0.375
-0.75
-0.5
-8.625
-40
-76
-52.375
33.25
78.375
-1
-125.625
-139.375
-63.375
-10.25
-1.625
-76.25
-44.75
35.125
100.125
96.625
9.375
-83.625
-80.875
23
101
74.5
16.75
-14.25
-21
-1
19
14.75
3.625
-8
-20.75
-11.375
13.625
15.25
-14.125
-60.375
-74.875
-13.625
59.125
24.5
-91.125
-130.25
-71.5
-18.375
-6.375
-76.625
-93.25
-21.25
90.75
116.375
1.625
-90.375
-39
71.125
97
41.625
-16
-50.375
-41.125
8.625
47
39.75
4.125
-34.75
-49.75
-16.625
33.125
45.875
18.75
-29.875
-74.125
-55.875
19.125
34.625
-47.5
-107.125
-80.625
-32.875
-11.75
-67.625
-106
-48.25
74.75
91.25
-29.75
-75.125
18.5
98.375
74.875
0.25
-61.125
-78.625
-47.875
10.75
57.375
48.75
-2.5
-45.375
-52.375
-15.5
39
65
56.25
14.875
-50.25
-79.875
-32.375
26.75
1.75
-71.25
-89.875
-53.25
-20.875
-45.125
-78.25
-48.625
37.5
34.5
-54.375
-38.625
67.75
101.125
43.625
-35.625
-96.125
-98.75
-51.75
10.75
57.875
49.5
-1.875
-44.625
-50.75
-13.75
42.25
80.5
87.375
50.5
-20.75
-76.875
-69.375
-4.875
27
-27.125
-85
-75.125
-36.375
-19
-49.75
-43
-1.75
-28.25
-63.875
10
97.75
83.75
20.375
-43.25
-99
-91.375
-35
11
42.875
40.625
-4.25
-37.625
-28.75
0.25
30.75
63.75
81.125
55.875
-1.5
-60
-84.875
-44.375
21
13.125
-57.875
-85.5
-56.5
-0.5
-19.5
-27
-39.625
-81.625
-54.25
54.125
102.5
55.625
3.5
-42.125
-78.625
-56
-15.625
0.75
14.625
15.5
-5.125
-11.375
-0.25
5.25
11.125
35.25
60.875
47.875
6.375
-40.125
-81.5
-71.625
0.875
41.25
-12.25
-76
-77.5
11.25
3.5
-22.25
-81.125
-109.625
-37.875
57.875
73.375
29.625
-2.75
-24.25
-39.75
-27.75
-8.625
-1.75
3.125
5.75
1.5
-0.625
2.625
5
6.375
17.375
30.125
22.25
2.625
-22.125
-56.125
-64.375
-12.5
48.5
32.5
-43.875
-88.625
11.5
-2.125
-44.125
-100.125
-98
-19
47
43.875
12.5
-1.25
-2.75
-6.125
-7.75
-4.5
-1.125
2.375
3.75
0.25
-0.875
1.875
4.375
4
2.375
1
-1
-2.625
-11.75
-33.5
-45.5
-17.75
38.875
61.5
-1.25
-85.875
9.5
-4.875
-57.5
-107.5
-78.5
-6.375
23.75
12.75
2.125
0.375
-0.125
-0.25
-0.75
-0.875
-1.25
-1
0.75
2.125
1.875
1.25
2
2.75
3.25
2.625
0.5
-1.5
-6.125
-15.125
-19.875
-9.375
30.375
70.375
19.75
-90.375
8
-2.125
-49.25
-83.875
-52.125
-7.875
-1
-5.375
-1.5
2.5
2.375
0.875
-3.625
-6.875
-3.5
0.875
2
0.375
-0.625
1.375
5.75
9.75
8.125
4
1.375
-0.375
-3.75
-9.25
-7.375
4
20.25
35.5
-3.75
-91.125
2.75
-3.375
-37.25
-54.25
-30.5
-22.75
-37
-22.875
10.5
32.625
24.625
-7.125
-27.25
-28.375
-15.75
0.75
4.75
3.25
2.25
1.875
14
30.625
28.75
16.625
8.75
3.25
-12.125
-38.25
-28.25
13.5
14.5
-11.375
-36.625
-76.25
-66.9444
-90.1667
-108.389
-116.222
-101.833
-75.6667
-37.9444
4.44444
32.6667
50.7222
51.6111
58.1667
55.3889
40.0556
34.6667
33.7222
45.6111
40.2778
23
25.0556
38.0556
51.1111
45.0556
38.7222
46.9444
41.5
24.9444
8.27778
4.94444
4.94444
4.77778
4.72222
-64.7222
-68
-63.5
-42.6667
-4.27778
35.0556
64.0556
84.7222
90.3333
75.5556
59.9444
57.7222
41.2222
13.7778
5.16667
13.3889
17.7778
7.27778
-11.1111
1.5
19.3333
36.0556
36.0556
26.8333
41.2778
39.9444
25.9444
9.72222
4.77778
4.61111
5.33333
6.16667
-34.1111
-10.5556
22.1111
59.5
91.7778
110.5
112.556
105.778
89.9444
58.4444
47.5556
48.8889
32.0556
6.77778
-3.88889
3.94444
-6.55556
-24.3333
-34.7222
-21.2222
-5.66667
10.4444
16.3333
12.9444
27.7778
32.2778
25.8889
12.1667
5.5
4.5
5.55556
5.83333
12.4444
55.5
93.2222
118.167
120.5
115
96.6111
73.7222
53.4444
34.2222
39.4444
38.5
19.8889
0
-14.7222
-18
-37.3889
-47.5
-44.7778
-30.7222
-14.3333
0.666667
5.77778
6.05556
14.4444
18.4444
17.1667
7.88889
3.55556
3.33333
4.88889
5.16667
41.5556
76.1111
97.1111
94.3889
76.6667
59.7778
43.1111
27.1667
15.5
18.7222
33.6667
26.0556
10.6111
-1.11111
-18.2222
-39.6111
-61
-59.2222
-45.4444
-32.1667
-14.8889
-4.55556
-3.11111
-0.777778
-0.722222
-2.44444
-3.05556
-3.05556
-1.77778
-0.777778
1.05556
1.94444
57.5
67.0556
58.7222
43.7222
27.7778
17.5556
9.5
3.11111
0.5
14.2222
21.2222
5.94444
-1.88889
-2.83333
-13.6667
-42.5
-57.1667
-41.6667
-28.4444
-24.2778
-18.2778
-16.7222
-16.4444
-18.2778
-23.7222
-28.1111
-25.0556
-12.9444
-5.83333
-4.38889
-3.44444
-1.11111
52
37.2222
20.6667
9.22222
3.77778
0.611111
0.222222
0.0555556
0.111111
11.2778
5
-9
-7.55556
3.16667
2.94444
-21.8889
-28.8333
-13.4444
-9.55556
-22.1111
-36.2222
-47.5556
-37
-34.5
-38.4444
-38.1111
-25.7222
-2
-0.0555556
-4.38889
-5.22222
-2.27778
34.9444
15.1667
2.72222
0.777778
0.666667
0.444444
0
0
-0.222222
0.611111
-14.2222
-21.5
-8.94444
10.5556
21.8889
13.9444
12.2222
19.3889
15.8333
-13.0556
-47.6667
-63.1111
-38.7778
-27.2778
-32.5
-23.6111
-0.777778
21.0556
12.5
1
-2.05556
-0.111111
13.5556
1.77778
-0.277778
0.5
0.5
0.444444
0
0
-2.16667
-11.7222
-25.4444
-23.3333
-5.05556
13.7778
31.1111
44
45.8333
37.1111
27.0556
-3.5
-40.1667
-51.5556
-19.4444
6.16667
5.38889
18.2222
40.2778
48.6667
28.5
9.94444
3.72222
3.94444
-1.44444
-2.88889
-2.16667
-1.61111
-1.55556
-0.444444
-0.0555556
-0.0555556
-5.83333
-24.1111
-32.1111
-20.8889
-2.83333
9
28.5
57.7222
62.6111
41.2222
27.2778
11
-10.2222
-11.1667
13
43.4444
51.0556
58.7222
67.0556
57.6667
37.6111
18.6667
8.55556
6.27778
-5.27778
-3.61111
-4.05556
-4.72222
-4.44444
-1.44444
-0.111111
-1.38889
-13.1667
-30.8889
-28.9444
-11.5556
-0.111111
5.27778
25.3333
57.4444
62.7778
36.7222
20.1667
19.1111
20.6111
29.0556
39.3889
66.8889
87.8333
89.2222
80.1111
57.8889
41.8889
24.5556
9.88889
6.33333
-5.11111
-3.83333
-4.72222
-5.5
-4.94444
-1.44444
-0.277778
-5.22222
-21.1111
-31.7778
-20.8889
-3.55556
1.88889
7.5
26.8889
49.1111
52
34.0556
18.2778
20.3889
37.1111
48.6667
45.4444
59.2778
84.6667
87.3333
68.2222
45.4444
36.1667
24.2222
9.61111
4.72222
-1.33333
-1.11111
-1.88889
-2.55556
-1.88889
-0.222222
-1.55556
-13.3333
-30.2778
-30.1667
-12.7778
-0.833333
2
13.8333
31.5556
38.5
36.1667
32.1667
22.8889
19.2222
36.1667
46.7778
37.2222
36.3333
57.3889
71
55.7778
38.3889
33.1667
26.2222
12.2778
2.33333
-2.44444
2.38889
3
3.27778
3.55556
1.44444
-5.33333
-22.6111
-33.6667
-23.1667
-6.72222
-1.44444
4.27778
21.4444
32.5556
24.7778
20
28.5556
28.5
19.7778
25.4444
30.5
20.6111
8.88889
19.1111
44.6667
43.7778
36
33.2778
30.1111
18
-0.277778
-18.3333
-5.33333
1.16667
4.77778
4.5
1.33333
-11
-29.3889
-31.7222
-14.2222
-2.38889
-1.05556
9.94444
28.2222
30.5556
13.8333
7.94444
20.6667
29.6111
23.2778
15.2778
14.1667
8.27778
-5.72222
-5.77778
23.1667
37.5556
37.6111
35.6667
33.4444
21.8889
-3.33333
-39
-19.7222
-3.77778
4.22222
3.44444
-2.33333
-19.2222
-31.8889
-23.3889
-4.83333
0.777778
3.77778
19.8889
32.5
24
5.55556
2.11111
12.6111
26.6667
27.5556
13.3333
5.33333
3.05556
-7.44444
-15.5556
3.05556
24.2778
31.7222
29.6111
27.2222
18.7778
-2.88889
-53
-35.5556
-11.3333
1.11111
0.222222
-9.77778
-26.2778
-29.5556
-14.0556
-1.11111
1.38889
10.5556
27.0556
30.3333
14.8333
1.88889
0.166667
5.83333
20.4444
29.4444
19.5556
5.83333
3.22222
-2.44444
-14.4444
-12.0556
3.83333
17.1111
17.3333
15.4444
11.1111
-1
-47.2222
-40.9444
-19.8333
-5.5
-3.27778
-19.7222
-32.1111
-24.5
-6.55556
-0.444444
2.33333
19.4444
31.8333
24.2222
6.27778
0.222222
0.0555556
2.22222
12.8333
26.5556
26.7778
12.8889
4.33333
1
-8.94444
-19.1111
-14.1667
0.166667
7.11111
7.5
6.55556
3.44444
-39.5
-45.2778
-33.4444
-18.0556
-13.0556
-28.6111
-31.4444
-14.6111
-0.888889
1.33333
9.11111
28.8333
31.8889
15.2222
1.5
0
0
0.5
6.16667
19.6667
29.2222
20.3889
5.83333
0.666667
-5
-18.1111
-22.5
-12.6111
1.33333
5.94444
6.38889
6
-41.6111
-53.6111
-54.8333
-43.2778
-35.6111
-38.3889
-26.6667
-6.27778
1.55556
4.5
18.8889
34.0556
27.4444
7.94444
0.166667
0
0
0.0555556
1.77778
11.3889
25.5
26.1667
9.77778
-0.944444
-3.16667
-12.8333
-22.7222
-21.7222
-5.22222
5.94444
7.16667
6.27778
-37.3333
-48.7778
-60.5556
-62.3889
-59.1667
-44.3333
-18.4444
-0.777778
2.44444
10.0556
28.5
33.1667
17.9444
2.16667
-0.444444
-0.444444
-0.388889
-0.388889
-0.0555556
4.55556
17.4444
26.2222
17.0556
1.83333
-3.77778
-9.22222
-19.0556
-26.1111
-16
0.222222
6.22222
5.55556
-26.1111
-33.1667
-56.8333
-75.2222
-75.9444
-45.8333
-10.6667
0.0555556
3.55556
15.6667
25.7778
14.0556
-4.88889
-12.9444
-13.5
-12.8333
-10.9444
-12
-13
-12.1111
-3.55556
9.88889
14.3889
6
-3.55556
-8.44444
-14.6111
-24.1111
-23
-7.61111
4.72222
7.66667
8.44444
-0.166667
-29.4444
-60.6111
-67.2222
-35.0556
-4.61111
0.277778
5.94444
14
6.33333
-22.8889
-43.9444
-47.8333
-47.1667
-43.3889
-41.1111
-42.7778
-46.2778
-48.2222
-44.6111
-27.2778
-3.88889
4.5
-3.94444
-10.2778
-7.61111
-12.2222
-18.8889
-11.1667
6.94444
16.5
34.8889
24.2778
-4.11111
-35.2222
-41.6667
-16.2222
-0.444444
1.66667
5.83333
2.22222
-27.0556
-69.5
-93.3333
-101.167
-101.722
-98.0556
-95.5556
-97.0556
-100.944
-104
-97.7222
-74.5
-37.3889
-8.66667
-4.05556
-8.55556
1.55556
6.44444
-1.22222
-3.72222
10.8889
27.1667
69.4444
54.2222
31.2778
5.94444
-0.944444
4.5
1
3.22222
3.33333
-13.8333
-50.6111
-89.3333
-114.5
-129.111
-131.222
-128.667
-129.333
-127.944
-129.167
-129.5
-118
-90.8333
-52.9444
-19.6111
-1.83333
-0.611111
8.44444
20.4444
17.7778
9.61111
16
33
79.0556
62.7778
45.2222
33.3333
31.2222
18.6667
2.88889
10.3889
12.2222
-0.611111
-25.3889
-42.2222
-56.8889
-69.4444
-73
-76
-76.3333
-72
-66.6111
-63.4444
-50.8889
-34.8333
-19.6667
-1.55556
13.1667
14.4444
12.6667
24.6111
30.8889
23.8889
20.7222
32.0556
67.3889
50.8889
41.5
42.8889
41.1667
16.0556
1
12.2778
20.9444
17.8333
15.5
23.9444
27.7778
27.6111
26.1667
23.1111
21.8889
25.6667
31.6667
36.7222
38.5
33.2778
23.3333
18.6111
19.5556
14.7222
2.05556
7.38889
22.3889
25.1111
20.8889
25.4444
26.9444
14.1667
11.6667
16.6667
9.5
-17.1111
-29.3333
-22.2222
-12.6667
-5.11111
11.0556
36.1111
57.1111
70.8889
72.1667
69.1667
68.5
69.5556
73.4444
74.9444
64.8333
42.2778
15.6667
-4.77778
-17.4444
-25.8889
-34.6111
-31.6111
-10.5556
9.38889
15.0556
18.5556
-7.33333
-16.2222
-15.1111
-16.2222
-33.0556
-55.9444
-63.2778
-68.4444
-70.6667
-67.6111
-50.7778
-29.6667
-10
3.38889
5.44444
4.22222
1.72222
-1.22222
-2.94444
-3.61111
-15.0556
-34.8333
-54.2778
-70.5556
-78.5
-78.6111
-73.7222
-68.9444
-48.5
-15.4444
3.16667
10.0556
-18.7222
-22.7778
-22.7222
-31.3333
-52.4444
-70.3889
-78.2778
-93.3889
-107.167
-108.667
-97.5556
-85.1111
-73.5
-65.4444
-63.3333
-63.3333
-64.1111
-65.3889
-66.0556
-66.2778
-71.2222
-79.4444
-87.3889
-94.1111
-93.8333
-83.3889
-65.8889
-54.7222
-38.3333
-6.05556
16.0556
19.6111
-7
-2.11111
6.5
8.55556
3
1.72222
1.33333
-10.6111
-23.0556
-26.6111
-24.6111
-22.9444
-21.6111
-21.3333
-21.5
-22.8889
-22.7778
-23.2778
-22.7778
-21.0556
-19.5556
-17.5
-15.5
-12.6111
-8.22222
0.555556
13.1667
21.3333
22.9444
28
31
24.4444
12.6111
28.1667
44.4444
51.4444
53.0556
54.4444
52.2222
46.6667
40.0556
41
42.8889
41
36.1667
27.1667
21.1111
17.8889
18.2222
21.2778
27.5
36.1111
45.3889
56.1111
67.2778
78.4444
81.1667
78.0556
80.1667
81.6111
68.5
43.3333
26.8333
15.5
-59.2778
-52.6111
-36.6111
-10.7778
1.61111
0.666667
-6.05556
-6.55556
15.2222
16.0556
-15.6111
-72.3889
-69.0556
1.05556
87.3333
110.278
72.7222
3.5
-33.1111
-34.9444
-6.5
-20.7778
-72.6111
-120.167
-112.944
-64.9444
-23.6111
-5.72222
-4.27778
-5.94444
-7.33333
-8.94444
-54.0556
-38.1111
-19.9444
-2.44444
5.05556
2.05556
-0.166667
6.27778
31.6667
23.5556
-19.2778
-75.2778
-63.2222
8.66667
82.3889
99.5
67.8889
5.94444
-40.6667
-52.5
-20.4444
-6.38889
-47.3889
-104.278
-123.278
-82.8333
-35.5
-8.05556
-3.77778
-6.16667
-8.22222
-9.83333
-33.7778
-25.3333
-17
-2.16667
7.44444
11.0556
18.5556
28.8889
44.1667
19.1111
-32.2222
-80.4444
-67.3889
-6.22222
49.5556
76.2778
69.2222
28.4444
-27.6111
-52.1111
-22
14.5556
-24.2222
-93.5
-138.889
-103.167
-49.3333
-11.0556
-2.83333
-5.5
-9
-11.1667
-21.2222
-19.8333
-11.4444
7.61111
22.1667
30
32.2778
32.3889
32.6667
4
-41.6667
-79.2778
-66.6667
-23.8889
17.5
48.3333
65.8333
46.1667
-8.66667
-41.9444
-18.2222
28.3333
-9.11111
-87.3889
-152.444
-119.333
-59.0556
-11.4444
-1.33333
-4.33333
-8.11111
-10.5
-6
1
12.2222
24.3889
30.2222
31.1111
28.4444
20.6111
13.6111
-17.9444
-51.8889
-79.2778
-64.1667
-39.6667
-10.4444
22.3889
60.3333
59.8889
6.11111
-32.3889
-18
34.8889
-3.88889
-85.1111
-155.5
-121.778
-57.8333
-9.72222
0.666667
-2.88889
-6.83333
-9.16667
18.1667
22.6111
23.8333
25.7222
22.5556
17.4444
9.5
3.11111
0.166667
-21.2222
-46.5556
-72.0556
-69.5556
-56.7222
-31.2222
9.72222
52.0556
60.7778
14.3333
-16.7222
-12.2778
29.5
-14.2222
-84.6111
-143.5
-108.889
-52.0556
-11.2778
-1.61111
-3.5
-5.88889
-7.33333
40.2222
29.8889
19.3333
9.11111
4
0.944444
0.222222
0.0555556
-0.333333
-15.2778
-38.6667
-70.3333
-80.5556
-68.1667
-32.7222
10
40.7222
47.2222
15.2222
-3.44444
-8.88889
11.8889
-26
-74.6111
-113.111
-90.8889
-51.9444
-20.8889
-6.61111
-3.94444
-4.88889
-5.83333
36.2778
16.6111
3.27778
0.777778
0.666667
0.444444
0
0
-0.666667
-13.2778
-39
-75.7222
-86.5
-62.5556
-14.8889
17.3889
25
20.8333
7.16667
6.5
-1.66667
-4.22222
-39.4444
-66.9444
-81.9444
-70.3889
-51.7778
-32.0556
-13.9444
-4.88889
-3.5
-3.44444
16.5556
4.11111
0.388889
0.5
0.5
0.444444
0
0
-2.5
-18.7222
-50.7778
-85.1111
-81.5
-37.3333
16.6667
30.1111
10.3889
-9.11111
-8.94444
8.5
3.72222
-14.1111
-47.5556
-54.2778
-49.9444
-49.5556
-55.0556
-50.7778
-28.3889
-10.1667
-1.83333
-0.388889
4.55556
-0.111111
1.16667
1.83333
1.88889
0.777778
0.0555556
-0.0555556
-6.05556
-28.1111
-65.6667
-88.7778
-65.2778
-1.88889
47.0556
40.9444
-3.94444
-36.2222
-33.8333
-3.66667
0.333333
-15.5
-38.6667
-28.4444
-14.3889
-33.6111
-65.7222
-76.5556
-46.9444
-17.2222
-1.55556
0.944444
-1.05556
-2.5
2.61111
4.5
4.44444
1.44444
0.111111
-1.38889
-14.0556
-43.5556
-79.3889
-82
-35
36.8333
71.6667
46.3333
-15.2222
-56.8333
-57.1667
-22.2222
-7.16667
-9.94444
-16.1667
5.22222
13.1667
-28.6667
-84.2222
-103.556
-66.8889
-26.2222
-3.11111
1.33333
-1.66667
-2.72222
3.38889
5.27778
4.94444
1.44444
-0.0555556
-5.22222
-25.7778
-61.8889
-86.6667
-65.4444
2
66.1667
81.8889
42.8889
-16.5556
-61.1667
-69.5
-45.5
-18.4444
-1.77778
15.5556
36.3889
30.6667
-33.1111
-102.667
-127.333
-85.7222
-36.8889
-6.05556
0.944444
-0.888889
-3
3.88889
5.88889
5.33333
1.44444
-1.44444
-13.4444
-42.1667
-79.2778
-83.7778
-38.2778
39.3333
83.9444
78.3333
33.3889
-13.8333
-54.1667
-72.3333
-62.3333
-29.1667
8.44444
40
54.8889
34.5
-32.7778
-106
-137.833
-106.722
-54.8889
-15.5
-1.44444
3.77778
-3.05556
3.66667
5.94444
5.33333
1.44444
-5.33333
-25.3889
-60.8889
-86.7222
-67.0556
-1.33333
66.3889
86.8889
61.8889
23
-9.22222
-39.6667
-67.3889
-72.1111
-43.5556
11.1667
54.8333
71.3333
39.4444
-25.7778
-102.222
-142.889
-128.5
-77.4444
-29.7778
-6.16667
20.3333
5.66667
6.94444
6
5.27778
1.33333
-11.3333
-39.7222
-78.3889
-85.3333
-40.8333
35.3889
83.2778
79.3333
43.1111
12.7222
-5.5
-25.1111
-54.3889
-72.8333
-56.8333
-1.94444
52.9444
75.9444
46.8889
-13.7222
-90
-139.389
-143.778
-97.6667
-45.5556
-11.4444
42.6667
21.2778
10.7778
4.33333
3.44444
-2.33333
-22.3333
-58.3333
-89.5
-72.6111
-5.66667
65.6667
89.5556
64.1667
27
5.33333
-2.11111
-13.6111
-38.7778
-65.5556
-65
-22.5556
36.7222
70.1111
55.2222
4.27778
-70.0556
-130.278
-155.056
-117.444
-62.1111
-16.4444
67.7778
38.8889
14.8889
1.77778
0.333333
-9.77778
-37.1667
-76.3333
-89.0556
-47.5556
30.7222
83.6667
82.8333
46.2222
15.1667
1.88889
-0.166667
-5.94444
-24
-52.1111
-66.6667
-44.8333
9.44444
55.8889
63.7778
28.3889
-45.6111
-118.778
-164.667
-136.111
-77.8889
-21.8889
84.3333
59.7222
28.5
6.83333
-1.27778
-19.9444
-54.5556
-88.2778
-77
-13.6667
61.5556
90.6667
68.0556
29.4444
6.27778
0.222222
-0.0555556
-2.22222
-13.5
-36.4444
-60.5556
-58.2222
-20.6667
32.8889
61.3889
51.3333
-18.8333
-101.389
-170.111
-151.278
-92.8889
-27.7778
95.1667
84.3889
48.8889
16.5
-4.27778
-34.1667
-71.3333
-87.5
-51
23.5556
79.8889
84.0556
48.6667
16.4444
1.5
0
0
-0.5
-6.16667
-22.5556
-48.6667
-62.2778
-44.6111
4.44444
48.6667
61.6667
4.16667
-84.0556
-166.444
-160.278
-102.278
-32.8889
85.5
92.9444
68.9444
36.5
0.0555556
-45.8333
-82.6667
-76.5
-17.3333
54.2778
87
69.0556
32.1111
7.94444
0.166667
0
0
-0.0555556
-1.77778
-11.6111
-33.3889
-57.2778
-58.8889
-25.8333
26.6111
58.8333
20.6111
-68.6111
-158.111
-162.056
-105.167
-35.2778
53.5556
83.2222
82.1111
54.2778
2.5
-57.2222
-84.6667
-54.8889
20.2222
76.6111
84.2778
50.1667
17.9444
2.27778
0
0.333333
0.388889
0.0555556
-0.611111
-5.44444
-20.4444
-44.7778
-61.3889
-48.6111
-3.88889
42.3333
26.6111
-49.3333
-141.667
-155.778
-106.222
-38.3333
14.1111
64.9444
90.7222
69.8889
4.61111
-60.1667
-73.5556
-21.9444
52.1111
84.8889
63.7778
21.1667
-2.66667
-0.0555556
9.5
11.5
3.27778
-8
-11.6667
-7.33333
-4
-19.6667
-47.1667
-59.2222
-32.7778
17.4444
24.0556
-30.7778
-117.333
-144.722
-107.722
-46.6667
-27.4444
39.2778
89.4444
78.7222
4.66667
-55.5
-52.2778
15.7222
73.2778
73.6667
26
-17.8889
-22.2778
3.83333
28.9444
27.5
2.88889
-24.5556
-30.3889
-10.2222
14.7222
14.7222
-17.5556
-51.2778
-51.3889
-11.5
12.1667
-17.4444
-88.7778
-128.5
-108.278
-57.7222
-56
9.5
73.4444
68.6667
-0.111111
-44.4444
-20.3333
49.4444
76.2778
43.4444
-19.5
-50.5
-36.5556
5.61111
34.8333
31.7222
0.111111
-30.0556
-34.5
-8.66667
26.8333
41.8333
20.9444
-22.4444
-50.0556
-37.4444
-10.2222
-15
-61.3333
-104.944
-103.778
-68.7222
-68.6667
-20.2222
39.7222
40.0556
-8.16667
-24.9444
15.8889
71
65.1111
6.94444
-57.2778
-74
-45.9444
3.77778
35.2222
32.6667
1.22222
-28.9444
-33.5
-6.61111
35.3333
63.3889
55.1667
9.38889
-40.2778
-55.3889
-37.1111
-21.5556
-40.6667
-75.3889
-92.5556
-77.4444
-65.3889
-37.5556
3.44444
1.88889
-17.1111
-1.66667
50.1111
84.1667
54
-13.6111
-72.1667
-81.8889
-49.2222
3.77778
37.8889
35.8889
2.77778
-28.1111
-32.2778
-4.33333
37.5556
67.3889
64.6667
24.3333
-32.7222
-66
-61.3333
-32.9444
-26.4444
-47.3333
-77.5
-83.5
-51.3889
-46.1111
-30.7222
-30.5556
-20.1667
22.1667
71.7778
83.9444
36.6111
-29.1667
-79.5
-83.1667
-49.5556
3.61111
37.5
35.3333
2
-28.5556
-32.4444
-4.16667
37.5
67.8333
69.6667
36.0556
-19.3333
-65.9444
-75.0556
-47.3889
-17.8333
-22.3333
-53.4444
-80.7778
-36.7222
-54.6111
-65.1111
-65.6667
-33.6111
24.3333
70.6667
68.8889
19.1111
-38.4444
-75.7222
-71.8889
-39
3.55556
27.2778
23.6111
-1.16667
-20.3333
-20.6667
2.05556
31.9444
57.7222
63.7778
41.5556
-5.33333
-53.2222
-71.0556
-48.3889
-9.11111
3.72222
-23.5
-64.6667
-28
-62.8889
-90.8889
-90.1111
-40.1667
25.2778
64.6111
51
5.88889
-35.9444
-57.1111
-47.2222
-25.5556
-1.16667
7.55556
7.33333
-0.833333
-3.44444
-1.5
6.83333
20.1667
36.5
46.6111
35.5556
2.5
-38.1667
-61.5
-47.1667
-7.72222
22.3333
4.94444
-42.5
-22.3889
-67.2222
-105.833
-96.6667
-38.4444
24.1667
49.0556
32.3889
2.72222
-20
-28.8889
-24.2222
-13.6111
-2.77778
2.55556
4.88889
4
3.83333
3.83333
6.5
12.1111
19.7778
24.5
18.6667
0.611111
-25.3889
-46
-40.3889
-5.66667
31.5
23.8333
-31.9444
-18.6667
-59.5556
-92.5
-78.4444
-28.2222
18.1667
30.2222
18.1667
4.94444
-1.72222
-5.72222
-8.83333
-8.5
-3.33333
1.72222
3.88889
1.88889
0.833333
3.44444
7.16667
9.77778
7.72222
4.94444
1.05556
-5.77778
-19.8889
-34.6111
-32.5556
-4.72222
26.1111
17
-38.4444
-18.0556
-51.9444
-78.2222
-70.1111
-43.0556
-18.2222
-1.66667
12.1111
20.2778
14.7778
-4.33333
-19.6667
-23.5
-15.5
-4.77778
1.22222
2.88889
2.38889
7.05556
15.6667
24.6111
24.6667
18.2778
8.66667
-4.27778
-23.3889
-36.0556
-30.3889
-1.94444
18.3333
5.5
-42.7222
-50.25
-41.125
-23.7188
-1.21875
25.25
47.75
58.9375
59.5625
64.0625
76.5313
70.9063
51.5313
35.5313
24.3125
23.7813
32.1875
14.7188
-1.34375
7.21875
28.9063
36.0313
35.25
29.625
23.5
37.5938
38.4375
26.6563
11.7813
7.15625
6.5
-7.28125
15.5625
39.0313
63.1563
80.9375
88.5938
86.5313
75.5313
75.25
78.1563
59.0625
29.125
8.53125
-2.65625
-3.3125
3.6875
-16.8125
-32.0625
-18.25
9.875
23.125
26.0625
23.0625
19.2188
30.5
31.2188
23.0313
9.5625
5.46875
5.34375
34.375
59.5
81.6875
97.5625
98.0625
92.9688
79.8125
65.4375
66.4063
60.75
39.5313
13.1875
-5.46875
-15.5
-17.75
-16.625
-38.2813
-47.75
-34.7813
-13.125
1.1875
6.8125
6.96875
4.90625
12.6563
15.2813
11.125
4.1875
2.6875
3.5
56.5
77.125
90.1563
90.4375
82
70.4063
56.3125
48.8125
49.5313
37.75
20.6563
5.71875
-10.6875
-21.3125
-26.0313
-32.9375
-48.9063
-47.2813
-39.3125
-32.875
-21.3438
-12
-7.90625
-8.0625
-4.96875
-4.71875
-3.21875
-1.0625
0.65625
1.59375
62.25
68.625
64.75
57.125
45.1563
34.0313
24.2813
25.25
24.375
11
2.78125
1.03125
-6.90625
-18.4063
-26.4375
-36.7813
-38.6563
-30.4688
-32.4688
-43.0625
-37
-23.8438
-15.375
-15.75
-20.6563
-20.5938
-12.9375
-2.21875
0.125
-0.4375
50.4063
42.3125
33.2813
24.9688
16
10.1875
5.21875
8.96875
4.375
-6.53125
-4.5
3.71875
3.4375
-6.8125
-18.0938
-26.0625
-17.375
-10.5313
-25.7188
-52
-50.375
-34.8438
-21.9063
-22.1875
-28.875
-25.7813
-13.0625
4.90625
4.375
0.40625
32.0313
20.375
11.4375
5.375
2.3125
0.53125
-1.03125
-0.71875
-10.375
-16.1875
-6.40625
8.46875
15.7188
10.625
-0.875
-3.9375
13.0938
13.375
-14.0313
-43.75
-43.3438
-27.2813
-9.625
-6.84375
-14.875
-9.8125
7.53125
22.4375
15.6563
6.03125
17.5938
7.375
0.5
-0.5625
-0.59375
-0.125
-3.28125
-11.0938
-21.6875
-19.6875
-5.21875
9.625
21.3438
23.4688
17.8125
20.4375
37.0938
28.125
-1.03125
-21.5625
-17.9688
-3.78125
12.875
19.25
13.25
20.1563
34.9688
41.1875
27.0625
11.9063
4.28125
-1.46875
-2.6875
-2.375
-2.21875
-1.34375
-7.8125
-21.4375
-27.2813
-17.875
-3.09375
8.0625
19.6563
28.4375
32.9375
39.7188
46.6875
33.0625
13.3438
8.1875
13.6563
23.2813
36.5938
46.2188
45.5938
50.1875
55.9063
50.9688
35.0313
18.5
-1.71875
-2.34375
-2.625
-3
-2.78125
-3.65625
-14.0313
-27.5313
-25.9063
-12.0938
-0.8125
5.875
14.5
28.5625
44.6875
53.0313
48.5938
33.7188
27.75
37.7813
45.2813
51.0313
60
69.5
73.3438
74.9375
70.75
55.1563
40.0313
23.8438
-4.15625
-2.53125
-3
-3.4375
-3.875
-8.375
-21.1875
-29.5313
-20.5
-6.21875
0.53125
2.78125
8.375
25.3438
49.6563
58.0938
43.0938
27.5
33.5625
50.0313
57.2188
59.9063
62.7188
70.0625
77.7813
79.4688
67.4688
49.5938
37.8438
24.9688
-4.0625
-1.1875
-1.21875
-1.46875
-4.125
-14.3438
-27.75
-28
-14.375
-3.1875
-0.21875
0.09375
5.125
23.5313
49.2813
55.6875
37.2813
23.4063
32.6563
48.1875
52.1563
52.3438
52.9375
58.375
66.0625
68.9688
56.9375
41.125
34.375
26.6563
-10.2813
-3.03125
0.125
1.75
-4.4375
-20.0313
-29.6875
-21.2188
-7.4375
-0.71875
0.03125
0.09375
6.90625
25.4063
44.8438
46.9375
33.9063
22.6875
26.7188
35.0313
37.6875
37.5625
38.125
42.9375
46.6875
51.1563
45.625
36.2813
31.625
26.3438
-22.2813
-10.6875
-1.875
0.90625
-9.84375
-26.3438
-28.4688
-14.5938
-3.46875
-0.5
-0.25
1.4375
12.0938
28.375
36.4375
34.3125
29.9688
23.5625
19.75
19.75
20.5625
20.2188
21.5938
28.0625
27.0313
30.25
32.1875
30.5
27.4688
24.4375
-33.0938
-18.6563
-4.5
-2.28125
-16.1875
-28.4688
-22.75
-7.84375
-0.96875
-0.25
0.09375
5.25
18.9063
29.4688
26.375
21.1563
25.4375
26.0938
17.875
11.4375
10.0625
9.625
12
18.5
13.5313
11.8438
18.125
22.625
21.9688
20.5938
-43.625
-31.0938
-14.3438
-12.25
-23.2813
-26.6563
-14.5938
-2.6875
0.375
0.40625
1.90625
11.5938
25.0938
27.5625
16.1875
10.6563
19.9375
27
20.6563
9.6875
4.90625
4.1875
6.40625
11.4375
5
-2.0625
2.34375
11.6875
15.0625
14.6875
-45.25
-40.75
-27.875
-28.2813
-31.0938
-22.9063
-8.25
-0.6875
0.375
0.78125
5.28125
19.6875
29.4063
23.0625
8.625
4.40625
13.125
23.9375
23.6875
13.2188
4.71875
2.09375
3.46875
6.625
2.6875
-7.6875
-8.9375
0.625
8.5
10.7188
-45.1875
-47.8438
-46.5
-48.3438
-38.3438
-18.3125
-3.09375
0.8125
0.96875
2.53125
11.125
26.5938
29.0938
15.875
3.5625
1.375
7.59375
18.9375
25.5938
19.125
7.46875
1.46875
1.53125
2.25
0.5
-10.0625
-17.3125
-11.0625
0.71875
6.40625
-40.5313
-51.8438
-65.1875
-66.1563
-42.9688
-15.2813
-0.78125
1.15625
1.46875
5.71875
18.3125
30.0313
24.5
9
0.59375
-0.0625
3.0625
12.1875
23.1875
23.25
11.2813
1.3125
-1.75
-2.1875
-1.59375
-8.96875
-19.7813
-19.4063
-6.9375
2.25
-34.4063
-51.0625
-75
-74.5938
-45.8438
-15.5313
-0.84375
0.5
-0.84375
4.4375
18.1875
22.1875
10.4375
-3.375
-9.65625
-12.5938
-10.1563
-2.21875
9.6875
16.25
9.5625
-2.34375
-7.3125
-6.28125
-1.53125
-4
-13.7813
-19.5625
-12.5313
-1.4375
-23.7813
-42.125
-71.0625
-70.1875
-44.8438
-17.25
-2.3125
-5.09375
-9.40625
-5.28125
3.40625
-2.53125
-17.2188
-28.9688
-36.7188
-40.375
-37.2813
-28.9375
-17.5625
-6.59375
-5.65625
-13.4688
-17.1563
-14.0938
-4.9375
-0.75
-5.96875
-15.375
-15.625
-5.78125
-0.8125
-22.7813
-46.0938
-44.6563
-29.9688
-12.1875
-6.46875
-14.5938
-20.7813
-20.0938
-23.3438
-40.125
-58.4375
-71.25
-79.2813
-82.9375
-79.625
-71.75
-60.5938
-45.6563
-33.0313
-29.6875
-30.625
-26.0313
-10.625
3.375
5.40625
-3.75
-10.7188
-5.8125
18.5
-1.3125
-11.75
-10.25
-9.75
-6.375
-11.4063
-23.3438
-30.7813
-37.0313
-53.5938
-78.4375
-98
-111.719
-120.094
-123.25
-119.469
-111.281
-99.4063
-81.9375
-59.9375
-44.0938
-36.8125
-30.5938
-11.4063
10.375
19.7813
14.0938
3.125
1.21875
37.0313
22.75
24
22.375
11.8438
3.09375
-10.2188
-19.6563
-20.3438
-27.5938
-50.875
-74.2188
-90.125
-102.656
-107.344
-104.156
-102.375
-97.875
-88.2813
-73.75
-51.5938
-29.3125
-19.0938
-18.875
-6.71875
15.3125
29.375
29.0938
19.625
12
42.8438
36.7813
47.0625
44.0313
28.375
9.46875
-9.8125
-8.15625
0.09375
-5.4375
-28.0938
-46.1875
-58.4688
-65.875
-62.0625
-57.5313
-58.7813
-61.0625
-56.1875
-45.9688
-28.0938
-8.4375
-1.90625
-8.4375
-7.75
9.15625
26.1563
33.3125
29.8438
20.9063
30.8125
32.0313
40.0625
32.125
12.4063
-14.5625
-27.875
-16.9375
-5.21875
-7.46875
-18.9375
-25.2813
-26.2188
-22.6875
-16.1875
-11.6875
-13.75
-18.6563
-20.0938
-18.5938
-13.8438
-6.3125
-4.34375
-13.7188
-22.75
-16.5313
0.6875
17.7813
24.625
21.9375
10.7188
13.75
14.2813
1.25
-18.4688
-41.5
-44.125
-27.3438
-13.9063
-10.2188
-8.0625
-1
8.5
19.9688
27.7813
31.5938
28.8438
21.8438
13.3438
4.375
-3.59375
-9.09375
-15.1875
-26.75
-41.4688
-46.0313
-31.7188
-7.09375
9.375
14.9375
-4.1875
-2.46875
-9.8125
-24.5625
-42.9688
-62.875
-61.7188
-50.0625
-45.25
-43.0938
-35.2813
-25.8438
-14.875
-2
4.625
4.65625
1.90625
-4.21875
-12.875
-21.75
-31.5313
-40.875
-46.5938
-50.0625
-55.9688
-59.8438
-45.9063
-17.9375
4.3125
15.5
-1.5
-1.5
-11.3438
-23.5938
-37.5938
-50.2813
-47.1563
-46.0313
-51
-51.1875
-42.125
-32.8125
-22.3438
-12.8125
-11
-12.2813
-12.625
-14.2813
-19.9688
-27.0625
-35.5625
-42.9063
-44.75
-41.0938
-38
-38.1563
-29.7188
-9.0625
8.25
18.3125
12.0313
10.3125
2.21875
-4.96875
-10.25
-9.6875
-6.75
-12.9688
-22.9063
-24.9688
-18.8438
-13.5
-10.25
-10.4375
-13.1563
-15.7188
-13.9375
-10
-8.375
-7.0625
-5.9375
-4.40625
-1.71875
2.90625
9.28125
10.6563
8.9375
10.8125
13.7813
13.9063
-22.75
-15
-6.21875
-0.78125
-1.4375
-1.125
4.9375
-0.5625
-18.125
-36.2188
-59.7813
-46.5938
-0.46875
45.625
78.6563
67.9375
29.5313
-4.09375
-27.4063
-30.0313
-42.6563
-76.0625
-104.813
-120.438
-101.719
-63.9375
-30.0313
-9.96875
-8.15625
-10.125
-16.2188
-13.5
-5.96875
-0.09375
1.9375
6.34375
15.0313
11.7813
-6.6875
-29.7188
-57.875
-50.4375
-11.6563
32.2188
68.375
61.6875
27.125
-3.125
-26.625
-25.5
-32.625
-67
-100.563
-126.406
-112.063
-73.2188
-35.5313
-9.9375
-7.46875
-10.0938
-14.5625
-13.5625
-4.625
5.0625
12.5625
21.6563
29.6875
21.8125
-4.78125
-35.25
-68.7813
-67.75
-32.9688
9
54
60.5625
33.7188
13.4375
-11.2813
-15.875
-21.1875
-63.625
-104.656
-133.156
-121.781
-79.8438
-37.25
-8.875
-5.875
-8.625
-11.3125
-7.1875
5.71875
18.75
26
32.0313
31.75
15.625
-13.0938
-45.5625
-77.4063
-76.2813
-45.625
-6.75
38.9063
53.1875
32.4688
20.6563
0.1875
-11.0625
-15.9688
-61
-104.781
-130.375
-120.844
-80.2188
-38.0313
-9.625
-5.90625
-7.71875
5.9375
11.875
20.625
27.9375
28.2813
26.2813
20.2813
-0.375
-29.8125
-57.875
-84.6563
-79.0313
-48.5938
-14.3438
27.1875
43.2188
25.0938
18.1563
1.46875
-14.875
-15.25
-55.0938
-94.1875
-113.688
-111.219
-78.4688
-41.1875
-14.9063
-8.3125
-7.375
23.9063
23.375
23.5938
21.6563
15.625
10.375
4.90625
-13.5938
-37.6875
-60.9063
-84.9375
-76.7188
-48.3125
-17.6875
19.4688
32.75
17.625
13.6563
-0.28125
-16.3125
-16.1875
-49.9688
-81.7813
-96.4375
-99.625
-76.0313
-45.5
-22.4688
-11.6875
-6.96875
29.6563
21.1875
12.0625
5.3125
2.3125
0.53125
-1.34375
-16.6563
-38.875
-63.0625
-83.4063
-72.3438
-44.6563
-12.625
16.875
22.9375
9.96875
5.5625
-4.34375
-14.5625
-14.4063
-41.8438
-65.4375
-79.5313
-88.625
-75.6875
-55.1563
-33.9375
-18.4688
-8.71875
20.6563
10.0625
3.3125
1.4375
1.34375
0.5625
-3.46875
-19.2188
-42
-66.3125
-79.7813
-63.8125
-33.9063
-1.90625
17.625
12.875
-1.71875
-5.5
-10.6563
-12.6875
-9.28125
-31.4688
-48.625
-63.125
-79.9375
-78.5313
-67.4063
-47.9375
-27.375
-11.3438
7.84375
3.40625
3.25
2.9375
2.78125
0.28125
-7.9375
-26.3125
-50.1563
-71.4375
-73.2188
-47.8125
-12.5938
16.125
22.5625
5.84375
-15.625
-19.75
-19.5313
-15.3125
-5.90625
-20.3438
-32.8438
-47.9063
-72.2813
-83.0625
-80.7813
-62.4063
-37.0313
-14.3125
1.28125
2.34375
3.5
3.1875
2.78125
-2.03125
-14.4688
-35.6563
-59.5938
-73.6563
-62.0625
-26.5
13.0625
35.4375
28.5
-0.09375
-30.4688
-38.0313
-33.875
-24.6563
-4.40625
-5.28125
-12.125
-26.5625
-61.8438
-87.75
-95.5625
-79.5938
-49.5313
-20.1563
0.40625
2.78125
3.75
3.4375
2.125
-6.75
-23.6875
-46.9688
-68
-70.3438
-44.7188
-0.53125
39.4375
53.0313
32.8438
-5.96875
-42.0313
-55.1875
-49.5625
-33.5313
-4.71875
10.6563
13.3438
-3.625
-49.2813
-91.1563
-112.031
-101.031
-67.2188
-31.9063
3.8125
3.4375
3.96875
3.46875
-0.0625
-13.4688
-34.4375
-58.3125
-71.9375
-60.6875
-23.2188
24.0938
58.5625
62.3438
33.5938
-8.625
-46.2813
-65.2188
-62.0938
-40.6875
-4.90625
25.2813
37
15.875
-39.1875
-94.7188
-126.938
-122.25
-86
-45.7188
13.4063
8.40625
5.75
3.4375
-3.4375
-21.5938
-45.375
-68.8438
-72
-46.7813
-1.34375
45.5313
70.5313
63.9063
31.5313
-9
-44.7188
-65.625
-66.2188
-43.9063
-6.0625
30.625
48.5
26.625
-31.1875
-93.5313
-135.313
-138.844
-103.75
-60.3438
25.0313
15.5625
7.8125
1.71875
-9.59375
-32.2188
-56.7813
-74.2188
-63.9688
-26.0625
21.6875
61.5
73.4063
57.375
26.9375
-8.0625
-38.8438
-59.625
-65.9375
-46.5
-8.75
30.2813
54.0313
35.3125
-22.9688
-89.375
-140.375
-153.375
-121.281
-75.4375
37.5938
23.9688
10.5625
-1.84375
-17.875
-43.5938
-66.9375
-73.3438
-49.4063
-3.125
43.0938
71.25
69.5938
47.0938
20.4375
-6.53125
-30.9375
-50.4688
-61.75
-50.75
-17.0625
21.875
48.8125
40.6875
-12.9063
-80.5938
-136.625
-161.688
-135.094
-88.2188
52.25
36.3438
16.5313
-5.25
-28.2188
-55.0938
-73.7813
-66.5625
-30.375
19.1563
60.1563
74.7188
61.2188
36.375
14
-4.59375
-21.9375
-39.9375
-54.6563
-53.1875
-29.4063
6.125
35.5938
40.3125
-0.6875
-65.1875
-125.594
-163.688
-146.125
-100.813
68.8125
52.5625
23.5625
-8.78125
-38.8438
-64.9063
-73.375
-52
-8.125
39.5313
69.9063
70.375
50.0313
26
8.4375
-2.28125
-13.5
-29.5625
-46.1875
-53.7188
-41.9063
-12.4063
19.6563
37.75
11.625
-46.6875
-111.375
-162.625
-155.813
-113.594
77.1875
65.7813
34.75
-5.71875
-42.4688
-68.5625
-66.9063
-33.125
14.5938
56.9688
74.25
62.2188
38.5313
16.5625
3.5
-1.125
-7.59375
-20.5625
-37.1563
-50.25
-49.5313
-29.5938
3.03125
30.5
17.3125
-31
-97.625
-159.438
-160.906
-123.156
77.7188
72.3438
42.75
-2.65625
-43.5313
-65.2188
-52.9688
-10.7813
35.9063
67.7188
71.0625
50.6563
27.1875
9.25
1.03125
-0.125
-3.4375
-12.8125
-28.25
-43.5625
-51.7188
-43.125
-15.5
15.125
12.3438
-23.6563
-84.2188
-149.219
-157.25
-125.188
72.0313
75.375
50.125
1.78125
-39.0938
-54.1563
-33.4688
11.0625
49.1563
65.25
55.375
33.0625
17.6875
9.625
5.21875
1.34375
-4.15625
-12.5938
-22.0625
-31.25
-42.5
-44.1563
-28.25
-2.40625
1.40625
-22.8125
-72.2813
-134
-149.156
-123.875
54.2813
68.5
51
4.1875
-31.2188
-38.125
-12.4375
27.7188
51.1563
48.4063
28.2188
13.5938
11.9688
15.7188
13.3438
1.375
-11.7813
-18.375
-16.875
-14.7813
-20.4063
-29.9688
-29.4688
-15.2813
-11.1875
-26.1875
-63.4688
-116.875
-137.875
-120.719
32.75
55.2813
44.7188
4.09375
-20.3438
-17.9375
6.15625
36.2813
40.9688
19.2813
-1.46875
-6.9375
2.625
16.4375
15.7188
0
-14.375
-17.875
-8.65625
3.65625
3.71875
-7.6875
-19.5625
-20.6563
-20.5
-31.375
-57.8438
-99.3125
-122.969
-115.5
12.4375
35.8125
30.9375
1.75
-8.9375
2.8125
23.5938
39.0313
24.7188
-9.96875
-28.5938
-25.375
-5.8125
15.5313
16.4688
1
-13.3438
-15.4688
-0.40625
19.9375
25.9375
15.8438
-5.6875
-22.4688
-29.6563
-38.4375
-55.4688
-84.1563
-106.063
-108.344
-10.6563
11.9375
13.8125
1.5625
6.96875
25.1563
42.7813
44.3438
15.9063
-24.7813
-42.5
-33.0938
-7.5625
16.7813
18.7813
2.78125
-11.75
-13.8125
2.78125
26.5625
35.5938
25.5
-0.90625
-27.875
-42.9063
-49.5
-57.625
-73.8438
-89.5
-97.9375
-34.7188
-15.7813
-3.75
2.34375
22.25
43.7188
54.1875
42.4688
4.84375
-36.375
-50.9688
-36.625
-8.09375
16.375
18.4375
2.40625
-12.0938
-14.1875
3.0625
29.5313
42.2188
33.9375
5.28125
-29.5625
-52.75
-59.7813
-58.9688
-62.125
-69.4063
-80.4063
-53.9375
-45.7188
-31.125
-12.4375
18.7813
47.0625
53.6875
33.8125
-6.59375
-46.5313
-56.9375
-38.3438
-8.46875
15.875
18
2.1875
-12
-13.7813
3.84375
31.8438
47.8438
42.625
13.6563
-24.3438
-51.125
-58.8438
-50
-41.8438
-45.0625
-58.75
-70.6563
-69.75
-52.8438
-24.4375
16.7188
48.0625
49.3125
23.5313
-17.4063
-54.5938
-60.4375
-38.625
-8.5
15.6563
17.6563
2.03125
-11.7813
-13.2813
4.65625
33
51.4688
49.9063
23.3125
-15.3125
-44.5313
-54.9688
-44.4063
-26.9688
-25.8125
-40
-79.3125
-85.8438
-70.0625
-34.8125
11.6563
42.875
40.5313
13.1875
-23.25
-53.4063
-54.4688
-32.2813
-7.8125
11.4375
14.1875
2.53125
-6.96875
-5.90625
8.9375
30.8125
48.1563
49.5
28.4063
-5.5625
-35.0313
-47.8438
-37.7813
-16.0625
-10.75
-27.5625
-69.6875
-82.6875
-72.6563
-37.6563
6.65625
34.5313
30.4063
7.84375
-21.25
-43
-40.4375
-26.8125
-11.9063
0.9375
5.0625
1.78125
1.125
4.59375
13.3438
26.9375
36.75
39.1563
24.5
-3.46875
-29.375
-42.6563
-35.0938
-14.4375
-8.9375
-29.3125
-61.2813
-82.8125
-79.7188
-51.5313
-14.5625
17.5625
25.375
15.8438
-3.53125
-25.2188
-31.7813
-29.25
-19.875
-6.125
1.28125
4.46875
8.1875
12.6875
21.4375
31.3125
35.5625
34.0938
18.4688
-8.96875
-32.5313
-45.4688
-39.125
-17.8125
-11.7813
-30.4063
21.875
16.5417
6.58333
-13.9583
-49.0833
-77.2083
-82.2083
-76.875
-64.875
-35.8333
-13.125
0.25
5.16667
15.0417
17.0417
8.5
14.0833
16.5417
23.25
18.5
13.2917
8.41667
2.66667
7.79167
2.70833
-1.91667
-1
0.458333
1.125
0.791667
0.125
-0.958333
-17.125
-40.25
-66.7917
-97.125
-111.708
-104.5
-84.2917
-54.8333
-28.1667
3.54167
11.1667
6.66667
9.79167
9.75
8.33333
-1.04167
7.33333
17.5833
20.4583
19.1667
24.3333
26.125
21.3333
19.875
13.625
7.375
0.333333
-2.125
-0.666667
-0.0416667
-0.541667
-0.458333
-41.125
-62.7917
-81.0833
-83.4167
-55
-24.5
2.16667
23
33.2083
28.9167
12
5.79167
8.375
6.20833
8.95833
14.7083
24.7083
26.5833
12.9583
10.875
11.75
13.125
10.75
4.25
7.625
5.66667
-0.125
-2.54167
-1.08333
-0.375
-0.5
0.166667
-25
-31.0833
-25.2917
3.83333
33.0417
46.9167
51.4167
48.375
39.0417
14.0833
-1.79167
5.125
3.70833
-1.875
3.70833
19.5833
25.7917
14.5833
2.83333
3.875
-0.875
-1.54167
0.291667
-3.16667
4.91667
8
7.04167
4.45833
1.75
0.958333
0.875
1
-11.375
4.54167
31.625
51.5833
50.375
44.375
31.8333
20.25
11.7083
-0.166667
2.58333
11.7083
8.29167
2.125
1.5
12.375
8.25
-3.83333
-6.875
-5.95833
-5.25
-2.125
3.375
6.83333
13.3333
19.375
20.7917
13.75
6.83333
4.70833
4.16667
2.95833
-8.04167
18.7083
37.4167
32.1667
20.4583
13.2083
7.125
2.33333
0.25
2.29167
14.9167
16.0417
10.25
3.5
-4.75
-4.625
-12.75
-17.7917
-12.0417
-4.875
7.33333
18.5833
18.0833
21.875
21.2083
21.6667
18.875
6.16667
2.79167
3.16667
3.91667
2.5
9.16667
20.75
14.7917
6.04167
1.95833
-0.291667
0.166667
0.0416667
-0.125
4.20833
13.25
9
1.20833
-8.875
-18.0833
-25.625
-29.1667
-25.5833
-17.2917
0
19.9167
28.75
15.7083
9.91667
7.04167
-0.5
-12.0417
-18.0833
-10.25
-3.75
-1
-0.541667
21
12.9583
2.75
0.208333
0.125
-0.0416667
0
0
0.375
7.33333
8.625
2.91667
-4.58333
-9.45833
-15.5
-29.75
-31.1667
-21.2083
-17.6667
-5.66667
6.54167
4.875
-8.45833
-20.375
-17.5
-25.7083
-33.7083
-25.75
-12.5833
-5.20833
-4.33333
-3.04167
12.7917
3.45833
0.708333
0.375
0.375
0.333333
0
0
1.75
11.5417
8.08333
1.58333
-0.916667
5.16667
2.91667
-14.125
-17.125
-5.25
-2.625
-11.2917
-19.2083
-26.2083
-24
-31.2917
-33.2917
-32.0417
-23.9167
-10.125
-6.70833
-5.5
-4.41667
-3.25
3
-0.375
0.416667
1.45833
1.41667
0.583333
0.0416667
0.0416667
3.54167
7.45833
2.20833
-4.33333
-0.125
7.5
7.70833
-0.625
-3
5.08333
8.16667
-9.91667
-28.5
-36.4583
-24.5417
-25.2917
-38.0417
-29.0833
-13.9167
-1.45833
-6.54167
-7.83333
-2.5
-0.666667
2
1.41667
2.625
3.54167
3.33333
1.08333
0.0833333
1.04167
5.41667
0.291667
-6.875
-9.91667
-3.79167
-1.95833
-1.79167
3.58333
4.58333
3.20833
4.70833
-1.95833
-17.1667
-22.3333
-12.6667
-6.83333
-16.125
-12.7917
-2.08333
3.04167
-0.5
-1.875
0.666667
1.66667
-1.29167
0.75
0.583333
0.125
-0.166667
-0.291667
0.0833333
3.79167
6.83333
-0.333333
-7.41667
-4.375
-1.16667
-4.41667
-4.95833
6.16667
10
-0.375
-2.5
2.91667
-3.04167
-3.16667
4
16.5
18.9167
12.9167
15.9583
12.1667
8.79167
4.125
1.33333
1
-5.54167
-4.875
-5.54167
-6.04167
-6
-2.16667
1
6.95833
5.25
-1.33333
-3.375
2.70833
2.5
-3.25
-0.958333
9.33333
12.5417
0.666667
-6.20833
0.0416667
5.54167
8.95833
11.9167
23
30.5
20.25
12.7083
5.625
2.375
-2
-3.25
1.125
2.79167
-2.66667
-3.45833
-3.75
-3.25
-0.791667
3.66667
7.41667
1.16667
-6.16667
-2.75
1.20833
-2.29167
-6
0.291667
9.41667
10.625
4.625
-2.66667
-1.75
10.7917
14.875
11.5833
15.2083
22.1667
13.2917
-1.25
-6.875
-7.25
-7.875
-7
3
17.4167
9
4.25
1.54167
2.04167
1.16667
5.16667
2.75
-4.41667
-8.70833
-3.83333
-2.91667
-7.91667
-5.58333
1.58333
6.45833
5.66667
6.58333
1.83333
-2.70833
6.54167
10.4583
6.33333
4.45833
11
13.1667
3.125
-1.125
-0.708333
-0.125
-1.16667
1.70833
20.0833
17.25
7.08333
1.83333
1.95833
3
4.95833
-1.375
-8.125
-5.20833
-1.75
-4
-6.54167
-0.25
6.5
3.66667
1.45833
5.33333
2.875
-3.79167
-4.33333
1.125
-0.0416667
-3.91667
1.5
15.3333
16.4167
10.9167
10.7917
10.6667
7.20833
-1.45833
1.125
7.70833
2.79167
1.08333
1.04167
7.08333
5.625
-1.20833
-5.66667
0.916667
2
-4.75
-3.29167
3.54167
8
1.41667
0.125
3.33333
4.875
-0.166667
-7.45833
-3.875
-2.16667
-5.375
-4.95833
7.70833
15.7917
12.0417
10.0417
9.20833
6.04167
-2.91667
-14.5417
-4.66667
4
5.08333
2.75
7.83333
2.875
-4.70833
-3.45833
0.666667
-0.791667
-6.95833
-2
5.58333
4.33333
0.166667
0.0416667
1.54167
6.125
4.54167
-3.375
-5.70833
0
-0.625
-4.70833
-0.375
8.20833
9.91667
3.33333
1.66667
0.375
-2.5
-3.66667
4.5
15.25
13.0833
8.66667
4.45833
-3.04167
-9.125
-3.79167
-3.20833
-8.04167
-6.83333
0.5
6.45833
1.125
0
0
0.375
3.875
5.91667
0.625
-5.66667
0.166667
3.29167
-0.208333
-2
2.95833
8.33333
1.83333
-1.95833
-2.16667
-1.54167
10.3333
12.3333
16.2917
18.9583
19.5833
5.70833
-5.41667
-5.45833
-1.04167
-2.875
-8.95833
-2.08333
5.20833
4.58333
0.125
0
0
0.0416667
1.33333
5.45833
4.5
-2.375
-4.91667
0.416667
-0.5
-4.625
-3.79167
3.25
5.58333
0.0416667
-0.291667
0.5
-1.875
-7.625
0.291667
15.875
21.3333
6.375
-5.45833
0
1.5
-2.66667
-3.54167
4.45833
8.79167
2.29167
0.333333
0.333333
0.291667
0.291667
0.541667
3.83333
6.83333
1.83333
-7.04167
-4.375
-0.666667
-3.25
-3.5
1.875
10.125
7
3.04167
2.375
-24.4583
-26.6667
-15.5417
-1.08333
2.16667
-3.45833
-5.20833
0.166667
-1.41667
-5.45833
4.16667
15.5
16.25
10.625
10.125
9.625
8.20833
9
9.75
11.25
15.375
14
4.125
-3.95833
2.08333
3.41667
-0.583333
-1.625
4.58333
8.04167
0.375
-3.16667
-21.6667
-17.4583
-17.625
-16.625
-15.0417
-12.0833
-3.45833
-0.958333
-3.91667
1.625
20
35.4167
35.5833
34.875
34.375
31.5417
29.9583
31.2083
33.8333
35.3333
38.0833
37.0833
22.9167
3.625
-1.16667
1.70833
-7.04167
-13.9167
-10.7083
-2.04167
-3.875
-10.2083
-15.9167
-13.5
-19.7083
-22.9167
-22.0417
-14.4583
-1.54167
-0.666667
1.66667
17.125
31.25
37.5833
40.7083
46.0417
46.5833
45.3333
47.625
46.375
47.0417
48.1667
45.0417
38.2917
27.5833
14.75
-1.16667
-4.16667
-8.75
-16.25
-16.8333
-9.75
-3.04167
-7.41667
-23.9583
-23.0833
-24.875
-29.25
-31.5417
-15.3333
-0.583333
-1.54167
5.66667
12.5417
11.2917
0.333333
2.54167
10.5417
13.5417
19.125
21.7917
18.5833
13.125
9.70833
0.916667
-3.29167
5.04167
10
1.625
-6.66667
-1.58333
-5.125
-11.5
-10.3333
-2.66667
-0.416667
-6.91667
-5.29167
-7.95833
-19.6667
-22.6667
-6.04167
-0.666667
-5.33333
-9.66667
-20.2917
-36.7083
-57.875
-69.7917
-75.2917
-75
-71.6667
-73.2083
-74.9583
-80.25
-85.4167
-82.9167
-67.5833
-43.6667
-25.7083
-15.2083
-12.6667
-0.458333
2.91667
-5.08333
-8.83333
-3.75
3.625
28.75
28.25
20.375
9.08333
8.45833
8.41667
0.416667
-4.5
-17.9167
-31.5417
-52.3333
-71.875
-93.5
-112.167
-116.25
-119.208
-120.25
-118.708
-116.75
-114.5
-97.6667
-73.5417
-52.875
-32.9583
-14.4167
-1.29167
6.29167
14
9.91667
1.58333
0.25
5
36.125
31.625
25.4167
27.9167
34.6667
29.75
25.5417
33.0833
39.2917
39.75
33.2083
30
24.3333
18.9583
17.3333
16.75
19.0417
23.375
28.9167
34.125
40.5417
44.375
44.875
48.0417
50.3333
48.0833
37.4167
37.875
35.3333
20.6667
8.66667
5.16667
15.0417
11.4167
13.9583
27.125
38.8333
41.6667
46.125
62.2083
81.6667
90.25
98.1667
108.792
119.5
128.75
130.292
130.917
131.75
133.333
135.042
134.375
126.042
112.667
99.1667
87.25
74.7917
58.7083
41.3333
32.9167
33.125
22.4583
10.2083
5.29167
-3.625
-4.08333
-1.08333
0.666667
-1.83333
-8.58333
-11.75
-10.4167
-8.75
-7.16667
-1.04167
6.625
13.9167
18.5833
18.75
16.8333
14.1667
10.9583
8.41667
5.91667
0.125
-8.16667
-16.3333
-23.8333
-29.2083
-33.0417
-34.4583
-36.375
-28.75
-17.9583
-13.0833
-7.29167
-14.5833
-22.4167
-33.0833
-49.875
-69.0833
-85.0833
-93.2083
-103.542
-113.417
-115.708
-113.5
-110.75
-108.542
-107.958
-107.792
-107.458
-109
-110.833
-112.958
-113.542
-114.167
-116.208
-118
-119.792
-116.792
-108.042
-97.625
-91.5417
-81.2083
-53.375
-31.125
-17.4583
-15.9167
-29.0417
-40.9167
-47.6667
-55.4167
-57.3333
-54.2083
-57.5833
-60.5
-63.4167
-62.5417
-59.7083
-54.875
-46.4167
-39.875
-35.0417
-32.5833
-31.9583
-34.125
-38.25
-43.3333
-49.1667
-55.0833
-60.7917
-58.0833
-47
-37.875
-31.8333
-19.375
4.41667
21.8333
21.75
3
-11.2083
-16.0417
-17.9583
-4.95833
9.79167
7.16667
-7.5
-20.5
-4.08333
50.75
54.875
-37.4583
-95.7083
-44.0833
23.75
43.4583
45.7917
25.125
-30.625
-32.0833
38.2917
64.1667
14.6667
-37.4167
-42.1667
-16.5
-0.166667
1.25
-0.0833333
1.375
2.16667
-12.25
-13.875
-10.0417
-12.375
-2.95833
9.375
3.33333
-15.2083
-21.6667
9.04167
62.4167
44.1667
-52.5833
-84.125
-26.9167
17.7083
31.5833
45.4583
38.4583
-17.3333
-49.2917
7.125
65.7083
42.375
-22.875
-48.75
-25.4167
-3.375
1.58333
1.45833
1.20833
1.41667
-2.875
-4.66667
-8.20833
-12.1667
-4.5
2.625
-5.70833
-15.25
-7.41667
24.9167
61.375
29.1667
-51.875
-59.6667
-17.4167
-4.54167
6.33333
39.9583
57.2083
-0.875
-66.875
-16
74.625
67.75
-10.75
-54.7083
-35.125
-8.04167
1.41667
3.25
1.875
1.04167
5.625
-4.58333
-10.9167
-14.4167
-8.58333
-0.958333
1.04167
-1.375
-1.33333
24.5833
54.5833
16.375
-44.9167
-34.625
-10.7917
-23.0417
-15.0833
30.4583
64.0833
13.125
-69.125
-32.0417
76.0417
89.5833
0.166667
-63.375
-43.5833
-9.66667
1.5
3.70833
2.125
0.75
-0.25
-12.3333
-7.875
-5.04167
-3.625
0.875
4.83333
5.5
4.58333
22.8333
42.8333
4.33333
-37.0833
-12.625
-5.5
-38.125
-31.375
19.9167
67.375
28.7917
-71
-44.125
82.875
98.2083
-2.66667
-66
-43.8333
-10.25
1.45833
4.58333
2.29167
-0.166667
-4.29167
-3.66667
1.41667
-0.958333
1.33333
6.83333
6
2.33333
0.625
15.9167
34.1667
6.79167
-20
-3.5
-15.25
-44.625
-28.875
12.5833
55.2083
30.625
-58.6667
-34.1667
79.9583
83.125
-9.54167
-58.3333
-36.125
-8.95833
-0.333333
3.41667
1.91667
-1
5.66667
9.125
7.16667
5.16667
2.58333
0.583333
0.166667
0.0416667
0.25
11.4583
28.25
18.875
-2.91667
-16.25
-32.4583
-31.375
-12.6667
3.91667
33.5833
26.125
-34.9583
-16.875
60.7083
52.0417
-9.58333
-33.75
-24.6667
-14.3333
-5.125
3.125
1.75
-2.16667
20.5
12.7083
1.625
-0.416667
0.5
0.333333
0
0
0.5
9.95833
27.75
27.9167
-1.45833
-38.0833
-40.875
-6.25
9.20833
-2.20833
8.45833
12.4583
-13.5833
7.125
44.1667
16.75
-12.375
-7.58333
-10.9583
-18.75
-10.5833
1.04167
1.16667
-2.66667
11.4167
3.70833
-0.166667
-0.625
0.375
0.333333
0
0
1.875
14.0417
32.4583
25.4583
-19.4167
-56.4583
-34.4583
18
29.625
0.375
-13.125
-6.91667
1.41667
28.5417
28.5
-14.5417
-14.4167
17.0833
8.20833
-19.25
-20.2083
-4.875
-0.166667
-3
4.375
0.125
-2.08333
-0.291667
1.29167
0.583333
0.0416667
0.0416667
4.54167
20.9583
35.7083
12.5417
-43.25
-63.75
-18.4167
36.25
43.25
7.58333
-22.5833
-22.0417
1.375
34.1667
15.5833
-37.2917
-11.4167
46.5417
28.2083
-22.8333
-31.7917
-11.3333
-1.625
-2.54167
3.75
-2.58333
-5.625
0.291667
3.08333
1.08333
0.0833333
1.04167
10.5417
29.5417
30
-12.2917
-61.6667
-56.2083
0.458333
47.0833
49.4583
15.7083
-23.0417
-32.7083
-4.29167
26.9167
-1.66667
-43.2083
3.875
68.3333
41.6667
-25.2083
-42.75
-18.375
-3.08333
-2.33333
3.83333
-3.75
-6.16667
0.875
3.45833
1.08333
0.208333
3.91667
18.9583
34.9167
15.2083
-40.5
-68.9167
-35.0417
18.7917
44.7917
41.875
22.5
-9.375
-31.5833
-17.6667
5.20833
-14.25
-32.625
21.1667
79.6667
49.5833
-25.0833
-50.4583
-25.25
-5.66667
-2.625
5.08333
-4.75
-6.66667
1.33333
3.75
1.08333
1.25
10.0833
28.125
31.5417
-8.375
-63.1667
-62.375
-7.625
32.1667
34.2083
28.4167
25.6667
7.16667
-22.8333
-31.8333
-19.5417
-17.3333
-11.875
29.25
70.5
53.3333
-9.5
-47.75
-35.5
-12.375
-2.875
9.16667
-4.91667
-6.83333
1.375
3.75
1.08333
4.16667
19.0417
33.4167
16.0833
-36.375
-70.1667
-39.6667
16.125
34.4167
20.7917
15.125
24
21.5833
-7.625
-38.2083
-41.75
-24.7917
3.70833
36.1667
58.6667
55
11.125
-39.125
-45.625
-21.125
-4.375
14.2917
1.5
-4.375
1.41667
3.79167
1.16667
8.54167
29.625
33.3333
-8.20833
-60.8333
-62.6667
-11.4167
31.0417
29.4583
10.7083
6.04167
17.0833
26.7083
10.0417
-30.3333
-53.6667
-35.2917
5.95833
37
50.2917
53.5
29
-24.5833
-51.5
-30.6667
-7.29167
18.7083
13.25
1.33333
1.45833
2.70833
3
16.4583
36.875
21.875
-36.8333
-73.25
-42.375
14.5833
35.875
20.25
4.16667
1.58333
9.95833
24.5
21.9583
-13.8333
-51.125
-45.7917
-3.66667
31.625
42.5833
51.9167
47.0417
-7.08333
-54.5833
-40.7917
-12.3333
22.125
26.5833
9.04167
1.33333
1.16667
7.33333
26.5
36.1667
-0.791667
-61.0833
-68.375
-14.25
30.8333
30.4167
11.375
1.41667
0.125
4.45833
17.625
25.9583
5.29167
-35
-51.4167
-23.875
17.7917
37.4583
53.4167
64.1667
10.7917
-56.4167
-51.0833
-17.1667
12.7083
31.4583
18.125
5.20833
3.125
14.8333
34.875
25.5417
-29.2083
-73.8333
-49.6667
11.6667
37.25
21.5833
4.70833
0.166667
0.0416667
1.66667
10
22.4167
18.5
-13.3333
-45.625
-40
-3.08333
25.5
54.8333
81.0417
28.2083
-55.8333
-59.5
-22
-4.04167
31.5
27.375
12.8333
9.66667
24.5833
34.9583
2.75
-54.1667
-68.2083
-21.5417
28.2917
33.125
12.3333
1.125
0
0
0.375
4.625
15.7917
23.375
6.33333
-30.5833
-46.7083
-23.9583
10
53.4583
90.8333
41.8333
-50.7083
-65.0417
-26.9167
-16.1667
18.4583
21.1667
19.4583
25.5833
37.0833
26.2083
-25.4583
-68.4167
-49.375
5.29167
34.1667
23.7083
5.95833
0.125
0
0
0.0416667
1.33333
8.58333
21.125
19.625
-9.79167
-41.2083
-40.75
-10.25
48.3333
97.875
50.2083
-46.7083
-66.7917
-29
-28.875
-6.625
8.29167
27.375
44.2083
44.25
8.16667
-52.25
-69.5
-22.5417
25.9583
32.0833
13.9167
1.79167
-0.416667
-0.166667
0.166667
0.291667
0.541667
3.70833
14.0833
22.7083
8.95833
-24.125
-44.7917
-30.25
31.75
95.75
59.375
-38.25
-65.5833
-30
-41.2083
-33.7917
-8.04167
34.9167
62.7917
42.5417
-16.9583
-68.0833
-53.7917
5.91667
39.4167
29.25
1.875
-12.875
-5.25
5.125
7.58333
8.125
1.125
-10.375
-2
22
26.75
-1.45833
-38.4167
-43.7083
10.4167
82
66.3333
-22.0833
-59.5
-31.9167
-43.4167
-58.4583
-28.5
42.25
78.0833
30.7917
-44.2083
-69.7083
-25.9167
33.375
49
19.5417
-17.9167
-29.375
-10.375
14.2917
24.8333
17.9583
-6.04167
-27.5417
-17.9167
15.4583
36.9167
22.375
-19.9167
-46.1667
-11.5417
58.3333
67.1667
-0.916667
-47.875
-34.7083
-30.5417
-73.375
-43.5833
49.5833
78.2083
6.16667
-62.5417
-54.6667
8.29167
55.5
44.375
1.45833
-29.7917
-35.0833
-12.6667
19.9583
31.375
16.625
-9.95833
-30.4583
-25.9583
0.666667
30.0833
39.375
9.70833
-32.4167
-27.25
27.625
56.4167
18.5
-29.1667
-33.6667
-14.5833
-69.3333
-44
45.25
58.9583
-20.9583
-66.0833
-27.4167
37.1667
63.2917
33.7917
-12.0417
-36.3333
-36.7083
-13.3333
19.75
31.5417
16.5833
-10
-31.0417
-31.7083
-12.5417
20.7917
48.75
34.625
-12.2917
-31.2083
-0.25
33.625
28.5417
-3.91667
-25.0417
-5.04167
-51.1667
-28.3333
36.2083
24.5833
-46.0417
-55.4167
1.04167
49.5833
57.7083
27.5417
-14.625
-38.5417
-39.2917
-15.125
20.8333
33.6667
16.2917
-11.5
-31.2917
-30.9167
-13.9583
14.4583
43.9167
44.9167
9.58333
-26.2083
-24.2083
8.66667
31.7917
18.75
-11.5
6.125
-23.875
-11.375
19.9583
-10.9167
-58.4583
-34.8333
23.125
50.8333
48.3333
22.5417
-15.375
-38.75
-39.2917
-14.875
21.0417
33.625
16.0417
-11.875
-31.375
-30.5417
-14.2917
10.25
36.4167
45.8333
26.7083
-12.4583
-37.125
-16.5833
24.2083
34.25
7.625
17.75
3.125
6.04167
4.91667
-37.7083
-61
-17.5833
31.3333
43.4167
39.75
15.9583
-21.5
-34.0417
-25.6667
-9.91667
15.375
25.9167
8.125
-12.9583
-20.25
-21.2083
-16.5
3.25
28.2917
40.0833
31.8333
-0.458333
-37
-32.7917
10.0417
38.9167
28.4167
22.4167
24.6667
19.8333
-11.5
-58.2917
-55.4583
-0.75
32.9583
32.4167
27.25
4.79167
-20.9583
-18.875
-9.625
-4.58333
6.16667
8.25
-1.91667
-5.70833
-4.125
-10.2083
-16.3333
-3.33333
19
29.5417
29.0833
10.2083
-27.7083
-41.75
-8.91667
34.2083
47.0417
23.75
43.2917
25.1667
-32.3333
-64.9583
-36.3333
9.625
23.9583
17.625
12.5833
1.45833
-10
-8.58333
-4.16667
-3.125
-0.166667
1.91667
-0.0416667
-1.58333
-1.33333
-4.5
-8.16667
-1.33333
9.79167
15.5417
20.0833
13.9167
-14.75
-40.75
-25.3333
28.2917
65.0833
24.0417
41.9583
17.2917
-36
-52.3333
-18.5833
11.9167
12.4583
3.95833
2.29167
3.5
2
-2.29167
-5.33333
-3.79167
1.29167
3.125
-0.583333
-3.70833
-3.16667
0.0833333
2.66667
2.5
1.83333
5.08333
13.4583
12.75
-9.41667
-33.2083
-23.625
26.25
66.0417
23.0833
36.0833
8.70833
-26.2917
-22.7917
-7.08333
-8.83333
-12.9583
-3.625
13.2083
17.2083
6.91667
-3.75
-9.41667
-6.875
-1.16667
0.666667
0.416667
-4.25
-10
-4.95833
4.95833
7.29167
5.20833
8.41667
17.875
10.125
-18.9583
-27.875
-7.95833
23.0833
50.5
-47.7037
-42.7407
-27.9444
-8.12963
5.90741
8.18519
9.09259
21.3519
27.9444
23.8148
21.9444
18.8704
16.1667
18.5741
20.4444
26.2778
22.7963
22.2037
24.2593
19.9815
16.7778
14.1481
10.2963
15.0185
15.2222
10.3704
4.66667
2.5
-5.5
9.87037
24.0926
35.1852
38.7222
30.2593
29.1481
36.3889
30.1481
17.0556
11
11.3889
11.7963
12.3519
13.3148
9.2963
0.888889
9.12963
19.5185
19.5
15
12.5556
12.0926
19.5926
22.2778
18.2593
8.94444
3.94444
23.7407
38.6111
47.1111
45.8148
41.4815
28.9815
29.1296
30.2593
19.9444
5.85185
-2.53704
-1.85185
1.72222
1.12963
0.555556
-8.5
-11.0741
5.07407
17.037
20.537
16.8889
13.2037
14.5741
20.1111
21.1111
15.8148
4.18519
1.42593
28.2778
36.3889
33.6481
26.4259
20.0926
17.963
23.9259
20.7778
8.96296
-2.7963
-13.0556
-14.2593
-9.53704
-10.6667
-17.5
-25.1296
-17.9815
-1.25926
6.24074
11.537
10.9444
6.33333
7.46296
11.1296
7.85185
0.0185185
-7.53704
-4.87037
22.7963
19.8333
14.4074
9.09259
6.42593
11.8148
16.5926
9.92593
1.05556
-5.53704
-14.2037
-20.1852
-18.7778
-17.2222
-26.0926
-28.0185
-16.6667
-9.62963
-12.2407
-10.4444
-6.96296
-9.12963
-12.1852
-11.6667
-16.7593
-22.5185
-20.963
-11.8148
13.3889
7.61111
3.61111
1.7963
2.33333
11.8889
12.3889
3.96296
-1.57407
-1.92593
-6.53704
-14.7407
-18.1296
-16.2407
-25.6481
-25.3333
-19.1667
-25.2963
-32.8519
-33.7037
-28.9444
-27.1296
-31.8704
-32.9074
-34.3704
-32.7222
-21.4074
-13.3148
6.25926
2.25926
1.83333
2.16667
4.94444
10.537
4.90741
-3.31481
-2.94444
2.22222
3.16667
-4
-12.4074
-13.4074
-14.8889
-13.4074
-16.2778
-31.7778
-40.2222
-43.6481
-40.5
-34.1667
-37.463
-42.6111
-39.2963
-28.7407
-13.7593
-10.2593
1.87037
1.48148
2.05556
3.55556
6.94444
6.72222
-1.51852
-6.59259
-2.25926
3.83333
7.72222
4.92593
-5.31481
-11.8889
-6.01852
-2.61111
-11.4444
-26.1667
-29.037
-31
-30.7407
-23.5926
-21.7778
-28.0185
-23.6296
-10
0.703704
-2.22222
-0.592593
-0.0925926
0.833333
4.53704
8.07407
2
-6.44444
-6.68519
-1.09259
2.81481
7.12963
7.90741
-2.05556
-11.8148
-1.64815
6.51852
-1.64815
-9.7963
-8.51852
-8.42593
-10.1667
-6.38889
-0.907407
-4.83333
-4.2963
4.51852
7.90741
3
-2
-2.35185
-0.851852
4.40741
5.87037
-2.64815
-7.40741
-3.37037
0.351852
1.68519
4.42593
6.5
-0.222222
-7.48148
0.148148
8.87037
6.18519
7.48148
11.4259
14.2593
12.1667
9.46296
15.5741
17.5556
14.5185
14.0185
9.94444
5.40741
0.518519
-1.92593
0.222222
4.88889
2.57407
-5.92593
-6.14815
-0.796296
0.962963
1.12963
2.27778
2.25926
0.481481
0.12963
3.03704
6.33333
10.3889
16.4444
19.7778
23.0185
21.4259
13.037
16.1481
22.8333
20.9074
12.6667
5.83333
3.33333
6.25926
1.68519
3.64815
4.35185
-2.64815
-8.46296
-4.46296
-0.481481
-0.0555556
-0.0925926
-0.833333
-3.37037
0.703704
8.33333
7.12963
1.64815
8.31481
16.4074
18.3148
20.4074
20.463
12.9444
12.2963
19.8889
22.2778
12.463
4.48148
3.2963
12.8519
8.03704
7.66667
3.22222
-6.05556
-7.31481
-2.5
-0.740741
-0.648148
-0.851852
-3.88889
-6.66667
1.7963
13.3704
9.38889
-1.37037
2.07407
9.14815
10.5556
11.2407
12.9444
10.9259
7.81481
12.7593
19.0926
14.1667
7.01852
5.37037
12.7222
13.537
10.4074
0.111111
-7.90741
-4.53704
-0.722222
-0.296296
-0.314815
-1.14815
-6.83333
-7.03704
3.53704
14.2407
9.87037
-0.666667
-3.83333
0.685185
3.51852
3.90741
6.38889
10.7963
7.25926
7.57407
14.1296
16.3889
11.0741
7.22222
11.2963
18.2407
11.1852
-3.03704
-7.09259
-1.74074
0
0
-0.240741
-2.77778
-8.35185
-3.96296
6.46296
11.537
8.64815
2.62963
-5.2963
-4.98148
-0.222222
1.33333
3.27778
8.98148
6.25926
2.96296
6.57407
13.7222
12.4259
6.94444
11.5556
22.0185
13.6852
-1.35185
-3.18519
-0.62963
-0.296296
-0.314815
-1.24074
-5.83333
-7.83333
-0.12963
7.51852
6.81481
6.85185
6.01852
-1.98148
-6.77778
-2.12963
1.42593
2.46296
6.22222
4.94444
-0.0555556
-0.62963
6.57407
10.5556
5.98148
10.6481
17.3148
11.037
2.68519
1.46296
-0.12963
-0.685185
-0.833333
-3.2963
-8.59259
-4.5
4.64815
7.37037
3.03704
4.5
7.46296
3.18519
-4.42593
-4.22222
0.518519
2.55556
4.01852
3.94444
0.037037
-3.85185
-0.166667
7.11111
7.55556
3.64815
5.72222
6.07407
8.38889
6.33333
1.27778
2.12963
2.85185
-0.722222
-3.18519
5.59259
12.4815
10.6667
8.5
10.4444
12.963
11.5926
3.72222
-1.57407
1.72222
5.68519
6.09259
4.7963
1.16667
-4.05556
-4.68519
2.74074
8.38889
-12.9259
-16.1667
-9.37037
3.46296
5.12963
4.62963
9.07407
11.2778
8.64815
11.5185
22.0185
26.4444
24.963
27.0185
27.8333
27.2037
26.4074
20.463
10.9259
9.42593
13.6296
12.6481
7.09259
1.27778
-4.38889
-8.24074
-4.11111
4.68519
-24.9259
-31.4815
-22.1481
-6.07407
2.16667
9.7037
17.9444
21.5556
24
34.2037
45.2963
48.2407
50.4815
54.9074
55.0185
51.8704
49.463
44.7222
34.1852
24.6481
22.5741
19.9259
10.3704
0.240741
-6.92593
-12.4259
-12.5556
-5.42593
-35.2222
-43.0185
-34.7593
-19.963
-3.05556
13.6481
19.3704
20.8148
28.8333
43.7593
52.963
56.1481
59.8889
59.3889
57.7222
57.4259
56.6481
53.1852
43.6111
28.6852
18.537
15.3519
10.3148
-0.388889
-9.11111
-15.2037
-18.7963
-15.537
-32.6111
-37.2778
-33.0926
-24.5556
-7.61111
4.14815
-1.05556
-5.94444
2.53704
15.463
18.9074
17.5185
14.0556
5.88889
4.44444
9.96296
14.5556
15.7222
12.1111
-0.703704
-12.1296
-10.0185
-1.94444
-3.33333
-9.55556
-14.4815
-19.2407
-20.463
-22.1111
-21.5741
-20.8148
-17.9074
-9.42593
-10.9074
-27.4259
-37.5185
-35.1481
-33.2222
-41.2963
-50.8148
-63.037
-73.3889
-74.1481
-65.9444
-55.5556
-46.3704
-40.3519
-39.8519
-41.6296
-34.5556
-14.8148
-2.48148
-1.31481
-4.05556
-9.03704
-13.7407
7.31481
13.0556
13.0185
11.037
6.01852
-9.38889
-26.5926
-35.2963
-40.6111
-52.1481
-68.9815
-85.4444
-101.019
-106.463
-105.241
-99.7407
-88.1111
-72.6111
-57.2222
-43.6111
-34.0926
-25.3704
-7.92593
12.2778
20.3704
17.4074
10.5926
2.31481
32.4815
40.463
42.7222
41.5556
32.1481
18.1852
14.6111
16.1667
10.5741
-4.14815
-18.8704
-30.6111
-37.6852
-35.0556
-32.9815
-32.5556
-26.6296
-14.9815
-1.87037
14.0926
24.3148
24.4815
25.7593
37.4259
44.537
39.1481
30.1667
20.2778
39.2963
47.5741
51.6296
51.6852
45.3519
41.7037
52.4259
62.5185
60.6481
51.5
46.3704
44.0926
45.8704
50.1667
51.0556
48.1481
46.5926
47.9074
51.7593
57.9074
60.037
52.1852
38.8889
36.037
37.6667
31.7222
24.0741
17.2222
5.66667
4.90741
1.92593
-1.94444
-6
-2.27778
12.1296
22.8704
25.463
26.6296
31.5
38.6296
46.4259
50.3519
50.3704
46.7407
39.9444
32.3148
26.0741
21.7407
16.6111
7.5
-6.92593
-17.4074
-17.0926
-12.5926
-8.62963
-4.85185
-27.9444
-34.4259
-43.5185
-53.9259
-59.1296
-53.7407
-44.3704
-38.1296
-36.3519
-33.1481
-27.5556
-19.7963
-11.5
-8.72222
-10.2963
-15.1667
-24.1481
-34.7222
-44.0926
-53.1667
-58.963
-61.8889
-67.9444
-74.7593
-69.8519
-52.6111
-36.537
-23.1852
-9.53704
-6.62963
-0.5
-0.185185
-9.64815
-5.59259
12.6481
44.6852
39.3333
3.48148
-48.4444
-64.3519
-47.0556
-2.37037
37.7222
51.4444
23.6852
-12.2963
-2.35185
42.2593
72.9444
32.0926
-27.8704
-63.9259
-47.3889
-19.2963
-0.277778
3.77778
-10.2778
-9.62963
-6.74074
-6.98148
-10.8333
0.981481
24.5926
52.5
44.3148
4.11111
-44.8889
-64.4444
-49.3148
-12.1481
28.0926
43.4074
24.2778
-10.4259
2.96296
44.5
76.9444
32.6667
-27.6296
-64.5741
-47.5556
-19.7963
-1.44444
2.88889
-14.037
-13.8889
-8.16667
-3.35185
-0.796296
10.0926
30.2963
50.537
41.3333
0.962963
-43.5926
-61.0741
-45
-13.0926
21.3333
33.7778
22.0926
-6.59259
5.92593
38.6481
68.0556
32.1481
-19.037
-53.8889
-44.5
-22.5185
-5.64815
0.759259
-9.27778
-6.05556
-1.35185
3.2037
5.98148
17.5741
33.037
46.9444
29.4074
-9.01852
-47.3333
-53.3704
-35.2037
-7.5
17.8333
25.7593
18.5741
-4.92593
6.46296
29.8148
55.3889
29.3333
-9.2037
-39.7037
-38.5926
-24.4259
-10.1481
-1.98148
0.574074
2.38889
5.40741
6.48148
6.53704
15.3148
29.2593
40.6481
21.5556
-13.8704
-45.9815
-47.0741
-28
-2.88889
18.0185
20.5926
12.6111
-6.96296
5.59259
22.7778
43.8148
25.8704
2.31481
-21.8333
-28.7037
-25.963
-17.3519
-7.53704
8
6.33333
3.5
1.90741
2.61111
13.8889
29.1667
37.6852
16.3704
-18.3148
-46.4815
-42.8519
-20.5185
4.64815
20.8519
16.7778
5.88889
-10.7407
2.31481
15.9074
33.5
24.537
14.463
-3.12963
-18.4815
-27.8889
-25.7963
-13.9259
2.53704
1.09259
1.72222
2.16667
5.38889
16.8704
30.1296
31.6852
7.55556
-25.9444
-47.1111
-37.2222
-9.96296
14.9815
25.5
13.6481
-1.66667
-16.6111
-2.66667
10.1852
26.2778
24.4444
24.8704
13.3889
-8.2963
-28.8519
-33.8148
-20.9815
-1.90741
0.37037
1.94444
3.55556
9.27778
21.7778
31.3704
24.1852
-5.81481
-38.1667
-50.6667
-30.1852
3.40741
28.5
30.9259
12.6111
-6.77778
-18.9444
-8.09259
2.38889
14.9815
22.5741
33.4444
30.7037
3.42593
-27.1111
-41.1852
-28.7778
-2.81481
0.740741
2.5
6.31481
14.6296
26.6111
29.0556
11.9259
-21.7593
-49.0185
-50.2037
-20.7593
17.5
40.6296
37.5741
14.0185
-7.7037
-21.1852
-17.2407
-12.4259
-0.888889
19.6667
44.037
50.5556
19.4815
-21.3148
-45.3148
-37.3889
-2.33333
0.981481
3.75926
10.2407
20.9259
29.2407
22.7593
-3.87037
-37.037
-56.2593
-45.463
-10.0556
30.1667
49.7963
42.537
15.8148
-6.09259
-21.5185
-26.3519
-30.8519
-17.5
16.9074
57.7407
69.6667
36.463
-14.3704
-46.8889
-46.037
0.685185
2.12963
5.77778
15
27.3519
29.7407
13.0741
-21.3519
-50.7593
-57.3148
-34.9444
2.87037
36.537
50.5185
41.9259
20.1111
-1.16667
-19.3889
-35.5
-45.5926
-30.1296
16.537
68.4815
84.3333
50.4074
-7.22222
-46.8333
-53.5556
5.31481
4.57407
9.42593
21.1852
31.2407
25.4815
-1.2963
-37.3704
-59.4444
-51.4259
-21.0556
15.4074
37.8704
44.8333
37.2963
23.2037
4.31481
-17.2593
-39.2963
-51.037
-34.0926
13.7222
68.7407
89.4444
62.7222
3.90741
-43.1852
-59.8704
10.0741
8.37037
14.4444
27.5
31.4444
15.9074
-18.5556
-50.9074
-60.3148
-38.963
-4
24.3889
34.6852
33.9259
30.7222
24.7963
11.0741
-13.463
-38.5
-52.4259
-35.8333
7.81481
63.7593
90.8704
74.8704
16.9444
-37.9259
-65.0741
17.2222
16.537
22.2407
32.3889
27.3148
1.90741
-35.5
-59.2407
-53.9815
-22.9815
11.3889
29.6296
29.1481
22.7407
22.4815
24.1111
16.9444
-5.75926
-32.037
-48.0926
-36.8333
-2.09259
50.4259
84.6852
84.2963
32
-27.7037
-66.8889
27.4074
28.2963
31.1852
33.4074
17.963
-14.4074
-48.6111
-60.6667
-42.5185
-6.61111
22.5926
30.8704
22.2963
13.537
14.7037
21.6296
20.537
3.62963
-21.5556
-39.7222
-37.5
-14.0741
31.7037
74.0741
91.0741
49.6667
-14.2407
-65.9444
30.9444
38.8519
42.0185
33.8148
6.25926
-30.963
-57.7407
-55.3148
-26.7963
8.83333
28.7222
27.7593
15.463
7.03704
8.62963
17.3519
21.5741
12.7222
-8.57407
-29.2407
-37.7593
-26.5
12.4444
62.5
96.037
65.8519
-1.22222
-64.2407
30.1481
47.9259
50.3148
30.7407
-7.53704
-44.6296
-60.463
-44.5556
-9.90741
20.963
30.8889
22.3704
9.59259
2.81481
4.77778
12.4074
19.9074
17.9074
3.5
-17.9259
-32.9444
-34.2593
-2.94444
46.8148
94.2037
75.5
12.5556
-59.1111
28.2037
54.0556
54.7963
23.7778
-20.7222
-53.2778
-53.3148
-25.7593
9.27778
25.7593
21.7037
8.7037
4.16667
6.5
9.77778
10.5741
11.3148
12.3333
8.09259
-4.61111
-21.037
-32.0741
-12.6481
31.3333
83
77.2037
23.2407
-48.3333
24.4074
55.9444
54.3519
13.5741
-32.2593
-53.2037
-35.8704
-0.666667
22.7037
19.7407
1.46296
-6.66667
2.96296
17.9074
19.8889
8.2037
-3.31481
-2.31481
6.25926
7.87037
-4.37037
-21.0741
-15.2407
18.7778
66.3889
72.0926
30.0556
-34.6481
20.2963
53.963
46.1296
0.87037
-39.5
-44.0185
-12.8889
20.9444
28.8889
8.7037
-14.4815
-16.6481
2.7037
21.6296
22.1852
4.59259
-12.5926
-13.7222
0.0185185
12.5926
10.0741
-4.85185
-8.96296
10.9074
48.9074
61.0185
33.1667
-20.3148
17.4444
45.4815
30.3519
-13.5741
-41.1111
-28.1852
11.7037
37.4259
29.1667
-3.68519
-26.7037
-23.4074
1.05556
21.3889
22.0556
3.09259
-18.0185
-23.2593
-8.05556
13.963
22.9815
11.963
0.481481
6
33.0556
46.6296
32.1481
-7.48148
11.2778
32.3333
12.963
-25.5
-38.7222
-13.1852
30.0556
47.5556
28.537
-11.3148
-34.037
-27.5926
0.333333
22
22.7222
2.40741
-20.5556
-27.4444
-11.0556
16.0185
31.8148
23.3704
7.16667
1.72222
18.5
31.0185
27.2593
2.37037
1.16667
14.1481
-4.25926
-32.963
-31.3704
2.64815
43.963
51.2593
24.1296
-17.4444
-37.463
-28.537
0.296296
22
22.7963
2.33333
-21.5556
-30.4259
-15.8519
13.7037
35.9815
34.9444
16.8519
1.90741
4.35185
13.7778
17.4074
9.31481
-8.35185
-3.44444
-19.9259
-38.1296
-24.5926
14.7222
50.6852
49.5926
17.8333
-21.8148
-38.8704
-28.3889
0.259259
21.7037
22.4815
1.98148
-22.1667
-32.5
-19.8333
9.88889
36.963
42.3519
24.7963
1.44444
-7.74074
-2.53704
8.87037
14.7037
-14.1296
-21.037
-36.9444
-42.3333
-16.2963
25.963
54.6667
45.8333
11.8519
-25.2593
-39.7593
-28.3333
0.203704
21.5
22.2407
1.77778
-22.2963
-33.4815
-22.7593
5.25926
34.9259
46.4259
32.5926
3.59259
-16.0741
-16.7407
0.5
17.8889
-16.2037
-35.8148
-48.7593
-41.8704
-6.53704
32.7593
53.9259
39.9074
7.2037
-27.3333
-40.1296
-28.6852
-0.185185
21.2222
22.2222
1.81481
-22.1852
-33.7593
-24.6296
1.01852
30.0926
46.3519
37.6667
9.42593
-19
-25.6111
-7.2037
22.8889
-13.1111
-41.7037
-53.6852
-37.8889
0.722222
35.2778
48.2407
31.7037
2.24074
-25.7593
-34.1111
-22.8148
0.425926
15.8519
14.4815
-2.2037
-19.6667
-27.3519
-20.5926
-1.53704
23.1111
41.7778
40.1296
15.5926
-16.9259
-29.8704
-10.0185
27.3148
-3.22222
-35.9815
-53.5185
-40.2037
-8.62963
23.3148
38.963
30.4815
9.31481
-14.9815
-23.3889
-19.2407
-6.11111
1.77778
1.48148
-6.22222
-14.8704
-18.2778
-14.3704
-0.666667
19.4259
39.2778
43.2222
21.7407
-14.4074
-34
-14.9815
26.3148
57.3889
46.7222
25.0556
-8.11111
-35.0556
-57.7778
-70.1667
-71.2222
-50.5556
-18.5
24.0556
25.0556
13.8333
-12.5
-1.55556
7.83333
6.94444
-4.05556
2.88889
13.6111
6.27778
-31
-33.6111
-6.94444
35.1667
37.1667
20.7222
3.5
-0.611111
-0.722222
0
0.833333
27.6111
-9.66667
-39.2778
-49.6667
-54.0556
-59.2778
-57.0556
-34.9444
4
45.5556
59.7222
28.6111
-11.2222
-13.5556
23.9444
39.0556
9.55556
-26.0556
-14.5556
6.72222
14
-32.6111
-41.2778
-21.5
27.3889
37.3889
22.3889
4.16667
-2.22222
-1.05556
0.222222
0.833333
-41
-65.6667
-65.4444
-52.6111
-36.6667
-22.9444
-0.444444
22.6667
43.5
54.5556
35.5556
-2.44444
-28.1667
5.22222
55.2222
56.2778
8.11111
-34.7778
-17.6111
6.55556
16.1111
-27.5556
-44.1111
-34.7222
10.2222
28.1667
21.7778
5.38889
-1.38889
-0.388889
1.22222
1.05556
-95.4444
-79.5
-50.2222
-10.2778
14.5
28.4444
31.8333
32.2778
33.1111
30.5556
2
-18.1667
-16.2222
37.4444
71.3889
54.1111
-0.0555556
-38.6111
-27.3333
-6.61111
5.44444
-18.1111
-29.8889
-25.8333
4.33333
17.2222
14.7222
2.22222
-2.33333
-0.888889
0.777778
0.722222
-75.6667
-29.4444
7.11111
22.8333
28.8889
30.2222
28.4444
20.6111
14.0556
-4.05556
-27.1111
-24.6111
12.1667
61.8889
68.8889
38.0556
-2
-27.8889
-32.2222
-26.8333
-16.4444
-8.66667
-2.22222
2.33333
4.83333
1.55556
-0.0555556
-2.5
-2.22222
-2.22222
-1.61111
-1.5
-10.9444
17.7222
24.6111
24.7222
21.5556
16.5556
9.5
3.11111
0.5
-14.2222
-21.2222
-5.94444
30.3333
45.2778
25.5556
10.2778
9.05556
2.44444
-24.3333
-41.9444
-25.8333
12.6111
34.1111
25.8333
-5.61111
-22.4444
-19.0556
-5.16667
0.166667
-1.61111
-4.33333
-4.88889
34
29.7778
19.4444
8.77778
3.66667
0.611111
0.222222
0.0555556
-0.111111
-11.2778
-5
9.22222
30.1111
6.83333
-21.1667
-15.7778
25.1667
37.5556
3.44444
-31.8889
-14.7778
34.5556
46.7778
13.0556
-43.6667
-45.6667
-21.8333
7.22222
7.61111
0.5
-4
-5.38889
33.3889
13.8333
1.83333
0.777778
0.666667
0.444444
0
0
0.222222
-0.611111
14.2222
21.0556
10.1667
-39
-64.4444
-33.0556
37.3333
66.9444
31.1667
-12.0556
0.111111
47.7778
37.7778
-20.5
-78.3889
-52.9444
-6
24.8333
16.8333
4.22222
-1.72222
-4.22222
12.5556
0.777778
-1.16667
0.5
0.5
0.444444
0
0
2.16667
11.7222
25.4444
19
-18.3889
-64.6667
-73.4444
-30.6667
32.6111
67.4444
47.6111
16.7222
9.83333
31
-0.777778
-56.1667
-87.9444
-36.8889
22.0556
44.6667
26.6111
8.27778
0.277778
-2.05556
1.66667
0.222222
-1.27778
-1.5
-1.55556
-0.444444
-0.0555556
0.0555556
5.83333
24.1111
32
9.22222
-45.3889
-73.1111
-58.6111
-15.1667
19.5
45.8889
45.6111
32.1111
5.55556
-7.16667
-34.1111
-59.2222
-55.0556
-11.6111
35.6111
48.4444
32.7222
12.7778
0.666667
-1.38889
3.94444
5.27778
-1.16667
-4.5
-4.44444
-1.44444
-0.111111
1.38889
13.1667
30.8889
26.1667
-14.7778
-61.6667
-60.3889
-22.1111
4.11111
2.88889
10.7222
33.1667
40.7778
5.38889
-42.0556
-61.0556
-51.6667
-16.7222
11.2222
38.4444
46.6667
36.1111
17.1111
1.33333
-0.555556
5.66667
6.05556
-1.83333
-5.27778
-4.94444
-1.44444
0.0555556
5.22222
21.1111
31.4444
10.4444
-38.6667
-65.1111
-38.8333
8.22222
17.8889
-5.66667
-15.3889
12.9444
37.2778
12.3333
-43.3333
-62.3333
-34.5
7.33333
20.4444
25.5556
31.8889
30.7222
18.4444
3.94444
0.722222
3.77778
2.66667
-1.44444
-2.55556
-1.88889
-0.222222
1.55556
13.3333
30.2778
27.0556
-13.8889
-59.7222
-59.2222
-12.7222
27.3333
22.7222
-9.61111
-27.9444
-7.11111
26.5556
23.9444
-16.7778
-44.5556
-24.1111
6.16667
10.7778
4.66667
12.8333
27.0556
24.8889
13.2778
3.77778
-8.77778
-4.72222
0.111111
3.05556
3.55556
1.44444
5.55556
22.6111
33.6667
12.2778
-38.5
-65.8889
-39.7222
10.3333
31.8889
19.2222
-8.88889
-27.8889
-22.9444
9.11111
31
20.9444
-9.94444
-14.4444
-9.55556
-14.1111
-20.4444
-7.33333
25.5
34.1111
25.3333
8.05556
-27.6667
-14.4444
-1.72222
4.55556
4.61111
1.55556
11.2222
29.2778
31.5
-8
-56.2778
-62.1667
-16.1667
25.6667
30.5556
12.2778
-5.38889
-20.6667
-28.0556
-9.94444
26.0556
43.5
24.9444
-5.05556
-23.5556
-39.8333
-38.2222
-19.8333
27.3333
42.3333
35.5556
11.6667
-47.3333
-26.9444
-5.44444
4.11111
3.77778
4
19.3333
31.5556
17.0556
-33.7222
-64.2222
-44.2222
9
32.5
24
5.33333
-2.11111
-12.6111
-26.4444
-23.3333
11.8889
47.7778
47.8333
8.88889
-26.8889
-47.8333
-40.6111
-20.3889
21.2778
37.6667
33.3333
11.2222
-55.2222
-37.2222
-11.3333
1.11111
1.44444
9.77778
26.2778
28.3333
-5.5
-51.4444
-59.2778
-19.1111
23.2778
30.3333
14.8333
1.88889
-0.166667
-5.83333
-20.4444
-29.1111
-7.88889
35.0556
55.3333
29.8889
-14.7778
-40.0556
-36.1667
-16.7778
10.6667
24.5556
22.7778
7.66667
-36.3333
-39.6111
-19.8333
-5.38889
1.94444
19.7222
32
19.2778
-32.8889
-63.6667
-46.1111
6.88889
31.3889
24.2222
6.27778
0.222222
-0.0555556
-2.22222
-12.8333
-26.4444
-22.3333
12.7778
48.6667
48.1111
9.05556
-25.2222
-32.9444
-18.1667
-1
11.2778
11.7778
4.66667
-5.16667
-36.1667
-32.6667
-16.2778
3.94444
27.8333
29.6667
-2.38889
-55.5556
-62.4444
-21.3333
25.8333
31.8889
15.2222
1.5
0
0
-0.5
-6.16667
-19.6667
-28.2222
-8.05556
33.5
56.7778
33.4444
-9.55556
-33.6111
-25.8333
-9.88889
5.16667
6.83333
5.22222
37.5
-16.8333
-42.7222
-35.8333
-1.16667
26.2778
19.2222
-28.1667
-66.2222
-50.3889
3
33.7222
27.4444
7.94444
0.166667
0
0
-0.0555556
-1.77778
-11.3889
-25.3889
-22.6111
13
51.8333
51.9444
9.61111
-30.0556
-33.3889
-17.2222
1.38889
4.5
5.72222
67.1111
16.1111
-33.7778
-42.0556
-5.72222
17.5556
-1.88889
-52.6667
-64.3333
-26.6111
23.3889
33.6111
18.7222
2.94444
0
-0.333333
-0.388889
-0.0555556
-0.0555556
-4.55556
-17.7778
-26.2222
-7.94444
33.3889
56.2222
34.2222
-12.5
-33.8889
-27.4444
-6.77778
1.55556
5.88889
86.2222
55.6111
-9.16667
-37.1111
-12.8333
-1.83333
-27.4444
-63.1667
-47.5556
1.11111
37.4444
37.0556
19.4444
1.27778
-9.5
-11.5
-3.27778
8
11.6667
4.44444
-16.4444
-34.5556
-30.9444
6.88889
48
53.7778
13.7222
-27.4444
-39.2222
-20.7222
-1.38889
8.55556
75.4444
70.5
22.2222
-6.38889
-3.44444
-16.6111
-49.6111
-64.0556
-24.3889
31
58
53.2222
26.9444
-3.83333
-28.9444
-27.5
-2.88889
24.5556
30.3889
10
-22.7222
-49.3889
-54.3333
-26.3889
26.0556
60.7222
38.5
-17.7778
-52.1111
-34.9444
-1.38889
16.7222
42.4444
57.6111
42.4444
27.6667
8.33333
-30.3333
-62.4444
-51.6667
8.27778
59.7778
80.3889
67.0556
35.7778
-6.27778
-34.8333
-31.0556
0.666667
30.1667
33.9444
7.77778
-29.5
-60.3889
-74.3889
-59.5556
-10.0556
45.5556
49.3333
-0.444444
-52.8889
-44.0556
-4
24.5
-3.44444
29.5556
60.1667
66.9444
25.6111
-33.3889
-62
-29.7778
34.5556
76.8333
83.6111
58.1111
23.8333
-5.11111
-16.2222
-9.66667
5.33333
12.9444
10.1667
-5.16667
-22.8889
-48.5
-71.3889
-75.5
-40.5
19.0556
47.4444
18.2222
-37.4444
-48.6111
-13.7778
22.2222
-37.5
6.33333
63.7778
83.2222
25.2222
-37.2222
-52.7778
-4.38889
43.6667
56.2778
40.1667
10.7778
0
3.88889
20
19.1111
3
-21
-28.5
-15.8889
-0.111111
-3.27778
-27.8889
-49.2222
-44.7222
-6.22222
35
33.2778
-10.2222
-46.2222
-29.3889
9.05556
-47.0556
-2
61.7222
71.5556
11.7222
-36.2778
-29.6667
17.1667
31.3889
12.8333
-20.3889
-34.3889
-22.7778
8.27778
32.1667
27.4444
-2.55556
-31.6667
-36
-12.2778
18.8333
34.3889
25.6667
1.05556
-20.6667
-17.0556
15.5
32.8333
9.38889
-38.5556
-46.3333
-12.4444
-28.5
4.83333
44.6667
38.7778
-0.166667
-15.8889
7.22222
31.8889
11.4444
-31.4444
-65.1667
-60.2222
-30.7778
5.33333
24.1667
18.7222
-2.94444
-21.5556
-23
-3.5
26.2778
54.1667
62.7778
43.3333
5.55556
-21.2222
-13.5
8.61111
5.88889
-30.5
-55.2778
-35
0.111111
19
30.5556
8.77778
-2.16667
10.2778
38.2778
37.5556
4.44444
-33.9444
-55.2222
-45.4444
-23.6667
1.05556
10.3333
9.44444
0.611111
-3.66667
-2.27778
4.72222
17.5
34.1667
45.9444
38
9.5
-21.6111
-34.8333
-19.0556
-8.5
-23.4444
-53.0556
-50.0556
18.0556
23.1111
13.3889
-5.44444
6.55556
34.2778
52.3889
34.3889
2.5
-22
-30.2222
-24.5556
-13.1667
-1.88889
2.77778
3
0.555556
-0.722222
-0.277778
1.61111
6.55556
13.6667
19.5
16.3333
0.722222
-23.5
-44.5556
-39.8333
-21.5556
-15.2778
-30.9444
-36.3889
10.4444
0.111111
-17.2778
-26
-5.22222
22.0556
33.2222
18.8333
2.72222
-5.27778
-4.83333
-2.83333
0.277778
1.55556
1.38889
1
-0.111111
0.388889
-1.11111
-1.61111
-4.11111
-4.16667
-3.94444
-2.83333
-5.11111
-12.1111
-22.9444
-24.4444
-10.2778
8.11111
14.7778
8.77778
-10.0556
-29.9444
-43.2222
-28.7778
5.05556
33.2222
28
1.33333
-18.8333
-16.7778
2.44444
17.8889
21.6111
13.2778
2
-3.33333
-4.33333
-2.16667
-6.27778
-13.5556
-21.9444
-22.3333
-17.6111
-11.1111
-2.72222
6.83333
9.38889
2.27778
2.72222
27.4444
52.5
50.2778
-54.22
-49.92
-43.04
-32.62
-17.1
-0.66
7.64
10.22
22.98
32.14
30.46
39.88
50.22
32.94
19.8
6.6
-14.22
-30.16
-23.68
-33.02
-25.76
-8.04
9.08
11.22
20.52
19.26
10.76
1.16
-51.18
-34.76
-17.24
-3.34
7.2
16.46
17.18
17.56
27.04
33.46
39
54.72
59.1
37.7
20.72
-0.5
-26
-38.14
-28.2
-30.16
-20.74
-6.96
3.14
3.56
10.02
9.62
4.44
-0.5
-34.92
-16.54
2.1
12.72
20.66
23.54
20.26
19.52
22.06
21.32
32.66
51.02
50.84
36
26.08
4.52
-18.5
-25.8
-19.96
-20.68
-15.16
-11.06
-9.98
-8.08
-2.64
-0.66
-0.02
0.68
-13.08
2.66
14.64
23.56
28.3
24.98
19.9
20.26
16.58
10.7
20.72
33.5
29.8
24.38
22
9.34
-5.02
-7.44
-6.7
-6.12
-6.72
-12.38
-20.96
-17.9
-13.24
-9.26
-3.64
2.42
10.82
17.56
23.06
25.9
24.58
16.74
13.42
13.7
7.84
-2.12
3.76
7.5
5.66
11
18.82
18.2
16.22
14.72
5.26
1.32
-7.9
-22.88
-36.38
-26.46
-17.38
-8.48
1.32
10.4
20.64
19.7
18.52
15.12
11.78
8.68
11.1
12.36
3.98
-11.18
-16.38
-23.76
-21.3
-3.26
15.44
29.4
40.72
34.62
12.72
1.4
-17.28
-40
-48.94
-29.34
-12.94
1.96
14.82
22.38
18.6
11.26
5.58
2.24
4.84
10.2
16.42
14.78
2.66
-18.26
-37.26
-50.56
-41
-13.76
10.72
37.16
55.62
44.56
11.84
-6.3
-31.44
-53.8
-53.8
-24.12
-0.16
19.18
30.76
32.64
10.62
3.58
-0.88
0.18
7.62
18.84
22.9
15.82
0.04
-24.38
-53.92
-66.9
-51.26
-20.94
4.78
37.62
55.66
41.44
7.42
-14.74
-42.04
-56.8
-47.5
-16.52
11.36
34.58
42.2
37.84
3.26
-0.5
-1.22
2.82
13.08
23.98
22.92
11.02
-7.72
-34.86
-61.84
-67.48
-48.72
-21.44
4.84
33.08
45.94
31
1.94
-23.96
-50.26
-58.96
-41.64
-12.14
18.8
46.24
53.96
44.92
-2.74
-1.88
-0.04
6.98
18.52
25.48
19.18
3.58
-18.2
-44.96
-61.58
-56.72
-38.88
-17.8
4.76
24.28
28.42
17.46
0.38
-21.8
-45.9
-50.44
-31.48
-9.66
17.4
45.24
56.14
46.26
-8.62
-3.96
2.14
13.34
24.14
24.82
14.2
-4.02
-28.7
-51.18
-54.42
-40.14
-25.7
-11.64
3.34
12.48
8.72
5.42
3
-9.9
-30.64
-34.62
-21.96
-11.68
6.5
33.14
49.38
43.18
-15.4
-5.84
6.62
21.3
27.82
21.2
7.28
-13.76
-39.82
-52.82
-42.54
-23.62
-11.52
-3.68
1.52
0.4
-5.54
-1.88
8.6
6.84
-9.22
-19.6
-18.1
-18.74
-10.1
13.96
38.82
40.88
-22.9
-8.44
10.4
26.28
27.24
15.04
-2.06
-25.88
-49.14
-51.08
-29.82
-9.1
2.42
5.34
1.1
-8.44
-12.44
-4.44
12.8
20.72
10.82
-8.86
-18.18
-25.22
-24.06
-5.18
28.34
38.74
-31.02
-12.88
10.8
25.88
22.62
7.48
-12.68
-37.5
-52.24
-42.58
-17.24
2.54
13.46
12.22
-0.98
-15.22
-17.14
-6.02
13.82
30.24
28.74
7
-11.7
-25.28
-31.38
-20.68
12.32
29.12
-36.68
-18.12
7.5
20.34
14.88
-1.4
-24.72
-46.08
-49.12
-30.26
-6.26
11.52
20.74
15.7
-3.58
-19.68
-20.74
-9.12
9.44
31.08
38.52
21.96
-1.62
-19.22
-30.92
-27.74
-2.28
18.2
-32.9
-19.08
0.78
8.08
2.18
-13.24
-37.68
-51.82
-42.72
-18.28
2.82
18.72
25.22
16.54
-4.08
-20.08
-22.24
-13.2
2.74
24.38
38.9
32.14
10.84
-9
-24.28
-27.74
-12.82
6.36
-20.52
-15.82
-8.8
-8.44
-13.46
-27.6
-48.28
-51.08
-31.24
-6.96
11.04
24.32
25.92
14
-3.22
-17.2
-22.24
-17.6
-4.28
15
34.42
39.42
26
4.62
-14.02
-24.96
-21.62
-7.56
-5.14
-13.98
-20.64
-26.22
-30.76
-43.08
-51.54
-40.48
-14.04
7.96
22.46
27.38
20.9
8.72
-2.88
-12.6
-18.86
-19.38
-13
1.86
21.88
37.9
34.5
16.62
-3.94
-20.34
-28.76
-19.08
15.78
-7.02
-25.06
-38.36
-46.64
-53.2
-44.18
-19.74
8.38
26.66
33.36
27.28
12.98
2.2
-2.24
-4.8
-11.66
-20.06
-24.06
-17.12
-0.66
21.72
30
23
4.36
-14.56
-30.26
-24.4
37.74
6.92
-21.22
-44
-56.54
-52.82
-26.96
6.24
34.24
46.82
45.62
29.62
9.34
-1.32
-0.4
0
-8.02
-23.24
-36.2
-38.32
-26.84
-2.76
16.66
20.64
8.66
-10.02
-29.16
-28.64
54.78
24.28
-8.18
-37.62
-54.28
-43.24
-6.18
31.3
58.08
65.68
56.06
31
7.22
-3.32
-0.76
1.04
-6.76
-25.78
-46.08
-56.18
-49.4
-26.3
-1.26
12.2
9.64
-7.46
-28.3
-30.38
59.56
33.98
3.44
-30.28
-48.62
-31.98
8.1
43.18
67.18
70.98
54.58
25.5
3.12
-5.5
-2.3
0.62
-5.02
-22.92
-46.18
-61.24
-59.06
-38.62
-14.36
4.5
9.6
-2.32
-24.32
-28.04
59.54
44.74
17.74
-17.46
-33.22
-14.04
16.92
44.1
63.54
62.36
42.02
20.46
5.52
-3.3
-1.44
0.64
-6.48
-20.96
-37.86
-53.74
-55.76
-39.86
-19.9
-3.18
5.62
-1
-21.86
-29.6
56.66
56.68
33.94
4.56
-5.7
5.94
18.22
32.66
43.9
38.24
24.76
16.28
10.06
1.92
-0.76
-5.26
-12.48
-17.94
-23.02
-32.26
-35.82
-27.66
-18.04
-12.1
-6.58
-11.32
-28.46
-38.54
51.82
57.5
39.58
20.74
14
12.42
8.84
10.94
10.86
5.76
0.34
2.5
5.56
3.28
-2.28
-7.22
-9.54
-6.34
-1.32
-1.82
-4.66
-4.76
-6.66
-11.22
-13.76
-20.74
-33.96
-43.66
39.44
45.1
33.8
26.18
23.64
12.56
-2.3
-11.9
-21.88
-26.96
-23.84
-12.08
-1.06
2.18
-2.12
-6.04
-4.14
5.86
18.88
25.86
24.5
17.08
4.72
-8.46
-20.6
-30.68
-39.12
-44.26
21.7
27.94
26.8
32.44
35.2
20.18
1.42
-14.16
-30.32
-35.66
-27.22
-11.56
1.48
6.52
1.88
-2.92
-1.8
7.72
20.9
30.16
29.02
18.58
2.64
-13.02
-27.46
-36.98
-38.76
-37.52
14
22.5
31.22
45.38
44.22
23.28
2.4
-15.48
-30.92
-30.4
-17.2
-3.64
4.88
7.56
-0.28
-7.96
-7.9
-1.56
6.28
15.7
18.36
11.24
-2.18
-13.78
-23.06
-30.32
-29.72
-22.72