13.875
30.125
48.75
66.875
70.875
66.375
61.5
40.75
26.875
22
35.25
71.375
98.125
110.5
75.25
37.875
5.5
-20.375
-36.5
-39.875
-23
-7.125
45.625
90.75
78.75
66.125
32
-10.625
-16.625
-16.25
-19.125
-28.125
-27.25
-36.875
46.625
80.875
113.25
140.75
135.125
132.125
129.875
112.5
80.375
36.875
10.875
5.75
13.875
33.5
15.125
-9.25
-27
-21.5
6.375
41.875
64
39.875
21.5
5.25
-20.625
-26
-41.875
-65.25
-67.875
-66.625
-58.625
-46.625
-30.375
-17.875
62
73.625
78.375
70
42
39.875
44.5
43.5
24.125
-11.125
-46.875
-69
-70.875
-54.25
-50.375
-60
-66.75
-57.25
-26.75
7.75
20.875
-7.75
-45.375
-83.5
-107.375
-109.625
-110.75
-112.125
-111.5
-111.25
-104.75
-84.75
-57.625
-18.5
21
13.25
-5.375
-28.375
-49.125
-55.25
-49.875
-48.625
-54.125
-63.375
-72.875
-77.625
-75.25
-66.875
-63.375
-66.75
-69
-69.625
-63.5
-53.625
-51.25
-59.875
-72.125
-84.25
-91.5
-91.75
-87.5
-85.875
-86.5
-88.625
-90
-83.5
-60.375
-27.375
-38.625
-30
-31.75
-25.125
-12.625
-24.375
-19
-10.625
-1.75
2.125
1.625
2.5
2.25
3.625
4.5
3.25
4
4.5
4.25
5.875
5.75
5.625
5.25
4.875
5.375
5.875
8.625
7.875
0.625
-10.5
-21.125
-19.375
-14.375
-5.125
-54.375
-42.125
-27.75
-14.375
18.5
15
26
53.25
80.5
98.375
99.5
99.125
98.875
98.75
98
97.75
98.625
101.375
106
109.375
111
112
112.125
111.625
111.375
111
111.375
104.875
79.125
50.25
25.875
27.125
26.25
25.125
-34.75
-47.25
-33
-27.5
0
16.875
24
49.875
77.875
101.125
106.125
105.625
105.75
106
106.75
107.125
107.625
109.25
111.625
113.875
115.875
116.875
117.125
117.125
117
117
117
100.25
67.875
39.25
22.875
24.375
28.5
23.875
-15.75
-48.375
-45.125
-32.75
-19.375
10
4.875
3.625
12.75
26.375
38.125
38.125
38.125
38.625
39.875
39.875
40.125
40.25
39.625
40.25
40.875
41.125
41.125
41.25
41.375
41.375
38.875
15.125
2.25
-2.875
11.75
18.125
11
-7.5
-1.125
-26.875
-43.875
-26.125
-20.875
-1.5
-7.375
-31.375
-35.25
-28.125
-5.375
0.375
0.5
0.5
0.75
0.75
0.75
0.75
0.5
0.5
0.5
0.5
0.5
0.5
0.5
-0.375
-14.125
-31.5
-31.375
-15
17.625
21
3.75
-31.375
11.25
1
-25.375
-20.5
-15.125
-9
-5.5
-31.625
-43.375
-40.25
-18.5
-1
0
0
0
0
0
0
0
0
0
0
0
0
0
-5.75
-34.25
-43.5
-42.125
-16.5
13.5
23.375
21.625
-6.375
4.625
2
-16.5
-35
-20.375
-14
-3.375
-10
-30.125
-34.625
-27
-3.75
0
0
0
0
0
0
0
0
0
0
0
0
-0.25
-12.875
-38.25
-40.875
-29.75
-5
13
30.75
36.25
36.375
-9.75
-8.75
-16.375
-45.5
-34.5
-20.875
-11.75
2.125
-19.5
-34.875
-35.5
-17.625
-1.75
0
0
0
0
0
0
0
0
0
0
0
-3.5
-23
-31.875
-27.25
-2.875
19.5
24.25
26.75
15.625
25.625
-7
-3.625
-4.5
-23.75
-37.75
-23.875
-18.75
-4.375
-14.875
-40.5
-44.5
-37.125
-9.125
-0.125
0
0
0
0
0
0
0
0
0
-0.5
-16.75
-40.125
-40.75
-30
2.25
22.375
22.625
7.25
-8.25
-10.875
-0.75
1.125
2.25
-3.75
-31.625
-32
-20.25
-13.375
-4.5
-23.125
-36.5
-37.125
-17.625
-1
0
0
0
0
0
0
0
0
0
-2.5
-26.5
-41.25
-38.5
-20.75
3.375
14.75
9.875
-8.875
-11.875
-23.5
-2
-4.875
-6
-7
-26.125
-45.75
-27.25
-19
-2.875
0
-24.5
-31.75
-27.75
-8.125
0
0
0
0
0
0
0
0
0
-10.875
-28.25
-31.125
-20.75
2.25
4.5
0.875
-12.875
-31.625
-24.125
-26.5
-2.375
-4.125
-6.125
-7.125
-14.75
-42.25
-37.875
-23.125
-13.625
-0.625
-24.5
-40.25
-41.375
-24.375
-2.5
0
0
0
0
0
0
0
-2.5
-26.25
-38
-36.125
-15
5.5
0.875
-14.875
-37.5
-50.375
-45.5
-24.625
-0.625
0.5
-0.25
-1.5
-3.5
-22.375
-34.75
-20
-11.25
-0.5
-12.25
-34.625
-41.125
-33.625
-9.125
0
0
0
0
0
0
-0.125
-9
-33.375
-39.125
-28.875
-3.125
6.75
0.625
-26.25
-57.875
-57.625
-57
-30
-2
-1.125
-1.125
-0.5
-0.375
-5.25
-21.875
-18.125
-1.125
4.625
9.375
-12.625
-30.375
-31.5
-19.375
-0.875
0
0
0
0
0
-1.5
-21.875
-34
-33.25
-13
6
2.125
-8.125
-32.75
-44.75
-27.875
-26.5
-23.875
-2.75
-2.5
-0.875
3.625
11.75
23
12.875
-1.375
6
1.75
8.75
-2.5
-29.25
-37
-34.625
-11.875
-0.625
0
0
0
-0.125
-8
-34.5
-37.875
-30.75
-9
6.625
-1.375
-8.375
-14.875
-6.375
7.875
0
-11.125
0.125
-0.625
8.375
19.375
37.25
57.25
53.875
28.5
7.25
1.375
-3.375
-2.875
-23.25
-40.25
-40.875
-26.25
-2.625
0
0
0
-0.625
-17.125
-33.25
-32.875
-12.375
3
9.5
7.125
-6.75
-7.75
-6.75
-16.375
-20
-9.625
2.5
1.5
14.625
30.875
46.625
52.875
45.375
13.625
-25.125
-19.5
-18.25
-7.75
-5.75
-26.75
-34.625
-30.375
-9.125
0
0
0
-7.625
-31.25
-36.25
-30.125
-2.125
4
-8.625
-12.5
-31
-25.75
-18.625
-27.125
-13
7.125
3.125
2
1.75
11.875
18.875
9.75
-1
-32
-68
-66.375
-41
-19.375
-1.875
-15.875
-35.75
-37.25
-25.625
-4.125
0
-0.25
-18.125
-40.375
-41.875
-27
-8.75
-6.375
-18.25
-35.5
-42.375
-29.625
-18.375
-13.625
0
-0.125
0.875
0
-11.875
-21.75
-29.5
-38.375
-49.375
-53.375
-64.25
-78.875
-47.25
-24.625
-9.625
-10.375
-33.25
-42.5
-39.125
-14.625
-0.5
-3.25
-23.25
-31.125
-24.25
-2.875
-1.75
-3
-13.5
-39
-30.375
-23.625
-18.125
-11.875
-12.625
-24.625
-0.125
0
-7.875
-29.25
-47.375
-54.125
-58.125
-39
-24.375
-37
-30
-13.125
-5.625
2.5
-13.125
-31.5
-36
-24
-4
-17.75
-34.375
-32.75
-14.125
7.75
4.875
0.25
-21
-29.125
-14.125
-10.25
-3
-1.5
-10.75
-17.625
6.25
5.375
1.25
-11.5
-25.625
-31.875
-29.75
-12.875
2.75
0.5
-16.625
-15.25
-6.5
2
1.125
-21
-33.375
-32.625
-19.25
-32.625
-41
-37.5
-14.625
3
12.25
10.75
-1.25
13.25
15.625
16.625
13.875
7.25
3.875
1.25
15.625
13.75
5.75
0.625
-7.375
-9
-8.375
-1.125
7.875
4
-20.875
-40.25
-29.875
-20.75
-5.125
-16.5
-36.125
-40
-43.25
-36
-30
-16.375
1.75
11.875
22.875
19
24.375
37.125
31.875
24.125
12.375
9
5.125
-5.5
8.625
8
2.375
0
-2.75
-3.125
-3
-5.25
1.625
1.625
-16.75
-40.375
-40.75
-30.125
-14.75
-8
-24.5
-40.125
-59.25
-43.875
-27
-1.25
9
10.5
8.5
-4.125
9.125
21.125
25
17.5
9.75
3.5
-9.75
-23.5
-12.75
-11.75
-5.875
-2.625
-2.5
-5.75
-6.375
-11.375
-8.125
-0.125
-5.125
-20.875
-36.75
-26.125
-18.625
-6.5
-10.75
-44.875
-67.125
-58.5
-32
-4.875
-0.5
-8.75
-22
-28.75
-9.875
12.375
28
28.75
21.375
-0.375
-17.625
-21.875
-13.125
-9.75
-3.75
1.375
0.5
-4.25
-6.375
-11.875
-15.25
-14.875
-13.5
-18.625
-36.125
-32.375
-22.5
-14.5
-12.75
-40.625
-56.875
-53.25
-21.875
-7.125
-8.75
-22.125
-39.25
-21.625
-11.125
-3
11.875
10
10.5
1.375
-13.75
-19.875
3.5
10.25
9.25
10.875
10.125
2.625
0
-5
-12
-20.375
-18.75
-18.125
-28
-39.625
-28.75
-21.375
-14.125
-10
-21.5
-18.625
-2.625
-2.75
-3.625
-14.75
-28.5
-10.625
-16.875
-30.75
-30
-33.125
-22.875
-10.5
-12.625
-19.875
4.75
10.375
11.5
11.875
14.75
11.25
11.25
10.875
4.125
-3.25
-2.75
-4.625
-13.125
-34.125
-35.125
-22
-9.375
12.625
12.75
15.125
12.875
14
14.625
2.5
-2.5
-14.375
-24.125
-37.25
-43.625
-33.75
-26.625
-16.5
-10.125
-10.625
-1
-2.25
3
8.375
17.5
28.375
33
34
25
17.625
11.875
4.625
-3.875
-21.25
-32.375
-17.25
-5.625
11
29.875
22
11.75
18.125
6.75
-1.625
2.25
-18.25
-23.875
-27.75
-32.75
-18.125
-7.25
-1.75
1.875
-3.125
1
-5
-0.875
5
13
25.375
28.5
29.875
23.875
19
10.25
2
-3.75
-9.875
-13.625
-1.625
11.625
20.875
38.125
10.75
-4.625
-12.125
-31.375
-22
-18.25
-23.5
-23.125
-21
-25.625
-19.75
-12.25
-7.875
-3.75
-7.25
1.5
-2.5
-2.25
-4.125
-10.625
-14.125
-17.75
-14.75
-9.25
-3.625
-1.375
-1.5
-0.25
3.25
10.75
22.875
33
38.25
28.875
-5.125
-24.375
-48.125
-54.5
-37.25
-32.25
-21
-10.625
-4.25
-6.5
-10.375
-21.5
-25
-20.5
-13.25
17.625
37.125
29.75
4.625
-6.625
-0.875
2.5
21
72.875
109
65
-41.625
-80.375
-30
55.25
112.125
46.5
-66.125
-92.5
-55.875
-27.75
48.625
90.125
6
0.75
69.125
45.5
2.625
1.375
3
-8.125
-27.625
-19.75
6.625
48.625
75.125
32.75
-5.5
-7.625
-5.375
-2.625
16
59.375
89.875
51.125
-27.75
-48.125
-21.75
21.375
63.75
30.25
-53.75
-88.375
-57.625
-6.25
65.125
87.75
18.75
-5.875
28.25
18.375
-3.25
3.125
7.125
-7.375
-26.125
-8.625
22.875
82.5
97.625
16.125
-22.75
-7.25
-4.125
-3.75
2.25
24.125
54.375
51.125
4.5
-27.625
-22.25
0.125
26
15.5
-35.5
-63.5
-41
4.375
51
60.375
25.75
1.625
-1.375
-5.5
-6.125
3
7
-5.5
-17
16.625
53.5
104.5
132.25
17.125
-44.375
-13.875
-2
-2.375
-0.375
5.375
15.875
16.875
0.875
-13.25
-11.875
-0.375
11.25
4.25
-16.375
-23.5
-15.625
-1.25
14.875
19.375
10
1
-1.75
-5.75
-6.625
2.25
6.375
-0.75
-0.25
42.625
81.875
101.625
134
20.25
-57.875
-28.625
1.625
13.75
13.875
3.5
0.875
4.125
0.5
-4
-2.375
-0.75
0
-0.5
-5.5
-7.25
-4.625
-2.75
-1.125
0.75
1.375
-0.625
-2.125
-3.375
-5.875
-7.875
-10.75
-9.625
18.375
74.625
98.625
72.625
116.875
49.25
-42.875
-43.5
-1
34
43.5
19.25
2.375
3.25
0.875
-2.625
-1.5
0
0
-1.125
-4.375
-5.25
-3.625
-2.25
-0.75
0.625
0.875
-0.375
-0.75
-0.375
-7.875
-34.375
-49.75
-20.875
37.875
92.75
97.875
38.5
100.75
92
0
-48.25
-11.125
51
73.375
37.375
5.375
1.875
0.875
-1.5
-1.25
0
-0.375
-0.875
-1.75
-2.625
-2.375
-1.625
-0.625
0.375
0.375
-0.25
-0.25
-0.5
-22.5
-67.875
-73.5
-16.375
57.375
93.75
73.375
14.75
65.875
104.375
51.5
-26.625
-23.25
48.875
97.625
66.75
16.125
0.125
-0.375
-0.125
-0.125
-1.625
-1.125
1.375
0.75
-0.875
-0.75
-0.375
-0.125
0.125
0
-0.375
-0.375
-2.875
-40.625
-100.75
-89.625
1.75
75.625
69.75
32.5
7.125
34.625
82.375
86.625
17.375
-28.75
22.875
94.125
91.5
39.125
5.875
0.125
0
0
-0.25
-0.25
0.25
0.25
0
0
0
0
0
0
0
-0.875
-15.375
-69.75
-119.375
-70.75
39.125
75.75
30
2.125
8.5
12.25
44.625
99.25
69.125
-16.75
-13
62.125
98.625
65.75
18.5
1
0
0
0
0
0
0
0
0
0
0
0
0
0
-6
-40
-99
-108.125
-22.25
74.25
69.125
4.625
-16.375
9.375
3.75
16.25
81.25
102.625
22.25
-31.875
17.25
91.625
94.625
38.75
4
0
0
0
0
0
0
0
0
0
0
0
0
-0.25
-14.625
-67.75
-115.125
-75.75
27
87.25
49.75
-8.75
-18.625
9.5
1.75
0.375
51.5
105.5
67.125
-17
-21.375
57
103.625
69
19.625
1.75
0
0
0
0
0
0
0
0
0
0
0
-3.5
-34.75
-99.125
-112.25
-27.875
64.75
76.75
29.25
1.625
-7.375
7
3.625
0
24.25
81.75
100.125
25
-37.125
11.875
88.25
92
44.625
9.125
0.125
0
0
0
0
0
0
0
0
0
-0.5
-17.25
-66.625
-112.75
-81
20.75
81.125
53.875
16.25
17
2.375
2.75
2.625
3.5
9
50.375
106
72.25
-18.625
-24.25
54.125
102.25
72.375
21.125
1
0
0
0
0
0
0
0
0
0
-2.5
-33.5
-94
-109.5
-36.75
53.375
71.5
29.125
6.125
18.875
0
2
2.875
3.5
2.75
24.875
82.75
99.75
26.5
-34.625
7.5
87.25
97
46
8.375
0
0
0
0
0
0
0
0
0
-11.875
-62.25
-115.125
-84.25
11
60.5
40.125
17.125
9.625
11.625
-4
1.875
2.875
3.625
0.875
7.75
50.75
103.125
74.375
-15.125
-26.125
50.25
99
75.125
26.375
2.5
0
0
0
0
0
0
0
-2.5
-31.25
-93
-113.875
-39
45.25
40.625
4.625
10
13.875
8.25
3.375
1.625
0.25
0.25
1.25
4.75
24.625
87.5
113.75
25.5
-41.25
4.5
79.875
96.625
50.125
9.125
0
0
0
0
0
0
-0.125
-9
-55.875
-111.625
-86.875
8.625
51.75
-3.375
-35
5.125
20.875
13.25
17.5
1.5
1.625
1.125
-0.25
2.375
12
63.875
119.375
69.125
-25.875
-34.375
41.875
103.125
80.5
24.375
0.875
0
0
0
0
0
-1.5
-26.875
-88.5
-115.5
-45.5
45.75
33.625
-42.375
-39
18
26.875
10.5
20.125
0.5
3.25
3.625
2.375
10.75
22
51.375
94.375
78.25
0.75
-46.5
-0.5
80.75
97
51.625
11.875
0.625
0
0
0
-0.125
-8.25
-52.25
-110.875
-94.75
1.5
65.125
6.625
-71.125
-36.375
16.375
13.625
9.25
33.375
-0.125
4.125
11.875
17.875
21.25
27
40.125
62.75
67
26.375
-32.375
-31.875
41.5
98
79.375
28
2.625
0
0
0
-0.625
-20.125
-80.75
-118.125
-52.125
41
43.5
-33.625
-70.5
-21.5
9.5
5.625
24
52.125
-1.75
4
19.875
37.125
39.125
28.625
22.875
24.125
29.375
41
12
-33.25
-3.25
76.25
101.375
54.125
10.375
0
0
0
-7.875
-47.5
-107.5
-100.375
-1.625
54
2.875
-54.75
-46.25
-1.75
5.875
0.375
31.75
61.875
-3.375
3.25
22
48.625
57.125
32
1
-12.75
-7.5
40.375
58.5
-3.125
-30.125
35.375
99.5
83.25
30.875
4.125
0
-0.25
-19.375
-77.125
-118.375
-63.5
39.5
42.875
-35.75
-60.5
-31.625
-3.625
-5.375
-4.875
44
82.875
-3.625
2
21.125
46.75
52.25
24.375
-11.375
-25.875
-21.75
32.375
87
41.375
-28.125
-3.125
73.75
97.75
57.625
14.625
0.5
-3.25
-38.75
-103.375
-106.25
-15.125
53.75
2.75
-70.75
-56
-11.875
1.625
-3.875
7.375
52.625
76.375
-2.375
0.5
11.875
32
44.875
21.625
-17.375
-29
-22.375
24.25
94.75
83.875
-2.875
-32.5
30.875
95.75
86.75
32.25
1.75
-18.25
-69.625
-114.25
-71.625
27.5
44.875
-35
-76.5
-41.125
-8.125
1.75
6.25
14.5
43
60.875
-1.25
-1.875
1
12
27.875
22.125
-11
-19.625
-4.5
14
67.375
98.25
39.25
-28.5
-9.625
68
100.625
60.625
10.25
-37.875
-93
-101.5
-26.625
51.75
23.5
-56.5
-65.75
-30.25
-16.875
-5.375
11.625
16.75
32.625
48.25
-2.375
-10
-5.75
0.125
9.875
19
5.875
-3.375
4.375
5.75
33.625
82
73.625
4.5
-28.375
29
92.125
83
21.25
-58.75
-106.25
-69.125
17
51.125
-3.625
-59
-52.375
-28.375
-17.875
-5.125
7.625
15
26.625
29.75
-3.875
-14
-7.625
-0.75
4.5
11.375
8
8
13.625
6.625
11.5
47.875
81.25
49.375
-18
-10.75
64.75
95.625
25.5
-76.625
-97.75
-25
40.5
27.5
-17.25
-39.125
-37.875
-19.875
-12
-16
-10.25
4
25
28
-4.5
-13.5
-6.625
-0.375
1
6.75
9.875
11.125
14.875
7.625
-2.625
15.125
69.25
85.625
18.875
-28.25
21.75
78.375
28.125
-63.75
-64.75
9.125
38.75
-2.75
-25.75
-18
-16.625
-10.125
-8.25
-20
-28.125
-14.375
16.125
23.125
-6.625
-11
-1.75
-0.625
-2.25
2.5
7.625
7.125
9.75
11.375
-1.25
-2.625
47.375
96.375
55.5
-17.75
-8.75
44.375
20.125
-41.75
-25.125
28.875
17
-29.625
-24.75
3.875
-1.625
-19
-9.375
-7.5
-29.5
-27.125
0.5
10.875
-6.25
0.25
7.75
-4.375
-9.125
-0.625
6
5.25
5
9.375
3.5
-5.125
22.25
79.125
83.25
16.125
-20.125
7
6.25
-14.625
11.125
29.5
-6.625
-39
-26.75
2.375
8.125
-9.5
-8.25
-6.625
-27.625
-34.25
-13.125
12.125
-3.25
6.625
11
-5.625
-7.5
1.25
2.5
0.375
-1.125
1
4.5
2.625
8.625
47.875
85.875
60.75
-3.625
-25.625
-7
18.125
37.125
14
-30.375
-41.25
-25
-0.875
5.125
-18.5
-12.625
8.5
-10.625
-34.5
-26.125
2.875
-1
8.75
12.25
-1.625
1.75
8.375
0.5
-5.75
-9.5
-11.375
-1.875
4.875
2.625
21.75
73.625
95.75
30.875
-33
-16.625
27.75
34.75
-0.875
-36.25
-40.375
-26.5
-8.75
-6.625
-28
-15.5
19.125
12.25
-21
-33.625
-11.875
-0.75
9.25
13.375
3.25
7.25
12.125
-0.25
-6.375
-10.125
-17.25
-7
2.5
-4.25
6.625
66.875
122.375
66.375
-30.125
-28.375
15
15.875
-6.875
-34.125
-41.75
-25.25
-18.75
-21.125
-21
-8.375
15.75
15.5
-12.625
-27.25
-12.5
3.75
10.25
7.75
5.875
12.375
10.875
-1.75
-3.25
-6.75
-19.125
-9.875
1.75
-4
3.75
62.75
137.375
90.75
-31
-45.125
-6.625
-8.125
-13.375
-28.5
-36.75
-16.5
-12.75
-21.125
-16.75
-5.75
11.375
13
-11.5
-24.25
-11
79.0556
97.6667
115.222
123.889
113.222
100.611
81.7222
53.3333
34.5556
27
17.7222
15.1111
1.66667
-2.83333
-13.1111
-20.5
-30.3333
-29.0556
-8.83333
-4.77778
4.61111
6.33333
-5.16667
-27.3889
-51.5556
-58.6111
-73.3889
-92.1667
-93.1111
-87
-71.2222
-55.9444
60.5
67.8333
75.7778
76.3333
59.7778
48.2778
31.6667
5.33333
-13.9444
-28.2222
-42.2222
-46.7778
-53.3889
-54
-57.7778
-52.9444
-45.6667
-36.7222
-22.3889
-22
-24
-35.6111
-58.7778
-86.6667
-106.056
-109.611
-114.889
-124.889
-122.333
-110.722
-89.3333
-62.9444
18.8889
15.3333
12.3333
8.61111
3.72222
-2.22222
-7.22222
-18.2778
-29.7222
-38.8333
-49.2222
-55.2778
-59.2222
-59.0556
-56.1667
-48.6667
-39
-31.3333
-25.1111
-25.7778
-30.0556
-43.6111
-60.6667
-77.4444
-85.8889
-86.9444
-90.3333
-95.3889
-96
-87.2778
-75
-54
-20
-26.8333
-32.2222
-27.8333
-8.83333
-7.77778
-2.05556
6.33333
14.5556
20.4444
19.1667
19
18.7778
18.9444
21
23.7222
27.1111
29.4444
31.6111
32.8889
31.0556
26.8333
21.5
16.2778
15.1111
12.1667
0.5
-13
-22.5
-21.8333
-25.5
-22.4444
-33.9444
-36.0556
-38.8889
-28.1667
11.8333
28.7778
38.3889
56.9444
76.0556
90.7222
93.5556
93.3333
92.5
92.8333
94.5
95.8889
97.2778
99.3889
101.944
104.167
105.056
105.333
105.667
105.833
106.722
97.7778
77.7778
56.4444
41.3889
35.1111
16.5
5.38889
-38.8889
-33.5
-32.6111
-23.7222
12.8889
44.1111
56.2778
71.5
91.0556
109.5
116.944
116.722
116.444
116.778
118.111
119.389
120.944
122.944
125
127.056
128.056
128.611
128.944
128.833
127.722
113
90.1667
70.6111
62.2778
49.0556
25.7778
12.3333
-40.2222
-29.5556
-28.3333
-28.6111
-15.5
17.5
29.2778
31.3333
41.7778
55.6667
69.0556
71.3889
71.5
71.7778
72.5556
73.2778
74.1111
75.2778
76.3889
77.3889
78.1111
78.5556
78.7778
78.3889
71.9444
52.5
38.4444
32.8889
36.1667
22.6111
7.77778
1.94444
-37.6667
-25.9444
-20.7778
-26.3333
-36.4444
-18.1111
-1.38889
-8.72222
-9.88889
-0.833333
17.2222
25.1111
26.1667
26.2778
26.3333
26.5
26.8333
27
26.7778
27.0556
27.2778
27.4444
27.5556
24.9444
10.2222
-5.22222
-10.3333
-2.27778
7.27778
-0.166667
2.44444
1
-27.7222
-25.7778
-16.4444
-19.3333
-37.2222
-39.4444
-22.6667
-24.8333
-34.6111
-33.5556
-16.8889
-1.44444
0.444444
0.444444
0.444444
0.444444
0.444444
0.444444
0.333333
0.333333
0.333333
0.333333
0.222222
-6.05556
-27.6111
-38.2778
-33.2778
-17.5
-13.3889
-6.55556
14.3333
20.3333
-19.7222
-32.1111
-22.3333
-18.6111
-28.6667
-42.8333
-33.3889
-22
-31.9444
-36.5
-27
-8.61111
-0.777778
0
0
0
0
0
0
0
0
0
-1.55556
-14.7222
-34.7778
-36.5556
-26.1667
-15.7778
-16.1111
3.33333
31.1667
37
-12.5
-34.3333
-33.2778
-20.8889
-20.4444
-36.8889
-42.6667
-24.5556
-25.3333
-36.8333
-35.1667
-19.1111
-4.05556
-0.0555556
0
0
0
0
0
0
0
-0.222222
-7.66667
-25.1111
-36.8889
-33.4444
-17.7778
-12.2778
-9
13.8889
33.5556
35.8889
-7.61111
-26.3889
-38.4444
-28
-19.1111
-28.3333
-45.1111
-35.0556
-22.9444
-31.8333
-38
-29.9444
-9.38889
-0.444444
0
0
0
0
0
0
0
-1.11111
-14.6667
-33.7222
-36.5
-26
-15.3333
-16.1111
-5
14
19.7778
6.22222
-3.83333
-14.1111
-34.1111
-34.2778
-22.4444
-23.5
-38.6667
-43.3333
-26.3333
-25.1111
-35.0556
-34.9444
-18.8889
-3.72222
0
0
0
0
0
0
0
-5.27778
-24.6667
-37.6111
-33.2222
-22.1111
-21
-19.5
-1.88889
5.88889
-1.72222
-20.7222
-4.16667
-7.5
-25.4444
-41.4444
-31
-22.9444
-29.8333
-43.1667
-35.2222
-20.0556
-29.6667
-36.6111
-28.2778
-11.6111
-1.11111
0
0
0
0
0
-1.11111
-13.4444
-29.7778
-35.6667
-25
-16.8889
-25.7222
-22
-9.44444
-12.2778
-30.4444
-44
-4.22222
-5.11111
-15.3889
-36.9444
-34.8889
-22.8889
-20.0556
-33.5556
-40.2778
-22.5
-24
-34.8333
-36.3333
-21.4444
-4.05556
0
0
0
0
-0.0555556
-4
-22.9444
-35.6111
-32.0556
-17.7222
-20.0556
-30.1111
-23.0556
-17.7222
-33.5556
-57.3889
-53.2222
-3.5
-4
-7.83333
-24.7222
-32.9444
-23.1111
-14.1111
-20.3333
-35.1111
-28.1111
-19.7778
-28.8889
-36.7778
-29.5556
-10.8333
-0.388889
0
0
0
-0.666667
-11.9444
-31.2222
-36.1111
-26.6111
-16.2778
-25.7222
-26.5
-18.1111
-23.1111
-40.5556
-61.3889
-46.9444
-1.44444
-0.388889
2.55556
0.166667
-10.8889
-9.5
2.88889
1.94444
-13.4444
-26.1111
-19.9444
-21.8333
-34.3333
-34
-21.2778
-5.27778
-0.277778
0
-0.0555556
-3.66667
-21.1111
-34.3333
-33.9444
-19.7778
-17.1111
-27
-17
-9.61111
-20.5556
-40.7778
-52.2222
-37.7778
2.55556
6.88889
15.2222
23.7778
16.0556
8.83333
13.3333
16.7778
3.5
-22.1667
-25.6111
-19.8333
-28.0556
-35.9444
-30.6111
-12.4444
-1.16667
0
-0.277778
-8.83333
-29.5556
-35.0556
-25.2222
-16.3889
-24.1667
-25.1667
-5.33333
-0.555556
-18.0556
-28.1111
-23.7778
-12.2222
7.38889
16.7222
30.7222
43.2778
44.6667
30.5
19.7778
19.6111
8.16667
-17.2778
-37.3333
-27.8889
-24.2778
-34.0556
-36.6667
-23.2778
-4.61111
0
-3.5
-19.8333
-34.8889
-33.7222
-19.6111
-20.5556
-28.1667
-15.8333
0.888889
-3.16667
-25.3333
-30.7222
-16.8333
-10.2778
8.94444
19.5556
30.9444
35.7778
33.8889
18
-7
-12.8333
-17.3333
-28.3889
-43.7222
-39.2222
-23.3889
-29.1667
-36.6111
-30.5
-13.1667
-1.94444
-8.5
-27.8333
-36.2222
-29
-15.7222
-27.7778
-33.8333
-16
-7.5
-21.1667
-40.5
-31.6111
-9.05556
-4.66667
2.94444
7.22222
11.5556
8.33333
1.66667
-14.8333
-37.8333
-49.7222
-44.4444
-39.6667
-45.8333
-46.7778
-30.9444
-24.3889
-34.7778
-36.8333
-24
-7.94444
-16.9444
-34.6667
-33.8889
-21.4444
-22.2222
-35.3889
-30.5
-15
-20.1667
-39.1667
-42
-30.5
-17.7222
-20.2778
-4.5
-10.3889
-16.3333
-25.5
-40.8333
-51.1111
-62.3333
-72.1111
-61
-44.0556
-31.8333
-39.8889
-36.2222
-22.1667
-27.5556
-35.9444
-33.5556
-22.4444
-26.5
-34.2778
-27.1667
-15.7222
-24.9444
-27.9444
-18.2778
-13.0556
-26.9444
-41.8889
-31.6667
-21.0556
-17.6111
-21.1111
-4.77778
-17.3333
-29.8889
-38.7222
-50
-52.6111
-52
-57.1111
-49.8333
-32.5556
-18.5
-27.2778
-37.8333
-26.7222
-22.3333
-32.1667
-37.9444
-40.7222
-38.8889
-34.1111
-19.7222
-14.6667
-25.2222
-14.1111
1.11111
1.5
-16.1111
-20.4444
-4.61111
-2.22222
-10.3889
-16.6667
2.77778
-7.27778
-21.7778
-30.2222
-36.9444
-33.3889
-28.8333
-30.5556
-34.3333
-25.7222
-10.2778
-17.2222
-33.4444
-34.8889
-22.5
-25.5556
-42.0556
-57.8889
-50.5556
-30.8889
-16.2222
-19.3889
-15.2222
7.27778
19.1667
14.5
3.16667
7.83333
11.4444
8.94444
0.944444
-6.27778
7.38889
2
-10
-15.5
-16.3333
-12.3333
-8.16667
-9
-20.3889
-27.3333
-19.3333
-18.1667
-31.3889
-44.9444
-32.1111
-24.6667
-45.6667
-65.6111
-57.6111
-27
-15.9444
-19.1111
-3.72222
17.1667
26.0556
21.8333
21.8889
29.3333
26.3333
21
11.4444
-3.33333
3.66667
2.94444
-3.55556
-6.72222
-6.44444
-7.27778
-5
-5.11111
-16.8333
-33.4444
-32.9444
-23.2778
-28.7222
-44.4444
-42.4444
-32.3333
-49.9444
-66.8333
-60.2778
-30.6667
-24
-22.3333
-3
11.2778
12.3333
7.5
21.3333
29.7222
23.8333
16.8889
7.66667
-8.11111
-3.94444
-3.5
-4.33333
-4.55556
-4.16667
-8.33333
-8.83333
-8.77778
-14.5556
-30.8889
-41.1111
-29.5
-26.4444
-37.3889
-45.3333
-43.1667
-48.1667
-57.2778
-52.9444
-37.6667
-32.2222
-23
-10.3333
-4.05556
-8.27778
-6.5
11.4444
20.7778
22.1667
10.7222
1.16667
-11.5556
-2.5
-1.44444
-0.0555556
0.555556
0
-8.11111
-12
-14.6667
-16.0556
-26
-42
-39.1667
-28.6111
-28.2778
-42.5
-50.3889
-42.3889
-37.5
-37.0556
-40
-31.7222
-20
-17.2222
-18.0556
-26.9444
-24.9444
-12.8889
-4.11111
1.66667
-8.11111
-14.7778
-16.0556
3.27778
4.55556
7.27778
8.72222
7.77778
1
-4.16667
-9.83333
-10.3889
-15.3333
-31.0556
-42.3889
-32
-22.9444
-32.1111
-41.9444
-28.3333
-6.77778
-7.33333
-21.3889
-16.2778
-5.5
-8.88889
-18.6111
-28.8333
-29
-28.7222
-24.5
-16.7778
-21.4444
-23.4444
-19.5556
7.72222
10.7778
16.5
20.1667
21.2778
19.0556
15
8.16667
3.5
-2.22222
-16.5556
-37.7222
-34.5556
-20.7222
-23.2778
-28.6111
-13.3889
14.2222
13.4444
-0.277778
0.777778
5.72222
-2.72222
-19.8889
-27.2222
-34.2778
-40.8889
-40.8889
-34.6111
-27.5556
-25.7778
-19.9444
3.22222
7.16667
15.3333
19.7778
22.6111
28.0556
26.5
21.6111
14.8889
9.44444
-1.22222
-20.7222
-25.5
-11.8333
-6.05556
-4.88889
8.16667
24.7778
26.4444
12.5
2.77778
0.722222
-8
-20.2222
-25.7778
-31.8889
-36.3333
-36.3889
-33.8889
-23.7778
-19.0556
-17.5556
0.333333
3
8.66667
11.8333
13.4444
20.5
20.0556
17.8333
12.4444
8.83333
2.88889
-8
-12
-0.277778
8.61111
13.1111
20.5556
16.9444
12.3889
-3.44444
-17.4444
-26.0556
-33.3333
-32.2222
-29.3889
-28.3889
-28.2222
-27.3333
-27.2778
-19.0556
-16.3889
-16.3889
67.3889
29.8889
1.44444
-12
-3.88889
10.6111
32.2778
68.7778
74.6667
43.5556
-16.2778
-45.8889
-13.4444
37.0556
67.8889
22.1667
-30.5556
-74.2778
-55.8333
-13.1111
31.7222
45.8889
33.5
28.5
35
31.9444
18.2778
4.05556
-1.22222
-7
-4.22222
12.3889
86.1667
34.8333
-4.22222
-21.4444
-8.77778
5.27778
25.3333
54.1111
61.5
38
-5.55556
-29.3333
-13.0556
17.1111
36.4444
5.16667
-35.4444
-68.6111
-48.3889
-2.44444
44
53.5
35.2222
16.4444
13.3889
11.5
7.11111
2.11111
-1.55556
-5.72222
4.22222
29.2778
105.444
49.7778
-3.33333
-26.2778
-9.94444
6.88889
19
32.6111
43.2778
34.6111
10.6667
-13.8333
-14.2222
-0.722222
11.7222
-2.22222
-27.6667
-46.2222
-32.3333
2.44444
34.9444
43.6111
28.6667
10.7778
-2.11111
-4.83333
-7.33333
-7.27778
-11
-5.94444
17.5556
52
121.222
67.3889
1.77778
-28.8333
-7.83333
20.1111
32.7222
28
21.4444
10.8889
1.72222
-7.66667
-7.77778
-1.72222
3.44444
-0.722222
-11.1111
-17.3333
-13.3889
-1.22222
10.0556
13.8333
9.83333
3.38889
-2.55556
-7.16667
-18.3889
-27.1111
-31.2778
-6.27778
35.3889
79.6667
112.5
67.2778
7.77778
-26.1667
-1.38889
33.4444
51.9444
37.3889
18.3889
3.83333
0.222222
-1.77778
-2.27778
-1.16667
-0.944444
-1.77778
-4.38889
-5.27778
-4.83333
-2.94444
-0.944444
0.111111
0.444444
-0.5
-2.27778
-12.4444
-32.2222
-51.3333
-46.7222
-4.88889
53.2778
97.8333
94.2222
72.6111
26.6111
-10.1667
2
39.1111
67.0556
57.2778
30.5
8.16667
0.5
-0.944444
-1.22222
-0.555556
-0.666667
-1.72222
-3.61111
-4.16667
-3.66667
-2.27778
-0.722222
0.0555556
0.388889
-0.166667
-1.72222
-18.7778
-47.9444
-74.2778
-56.8333
-3.38889
60.1111
89.8889
83
86.6667
52.3333
13.1667
4.94444
39.8333
74.3889
77.2222
48.3333
18.1111
3.05556
-0.5
-0.833333
-0.555556
-0.555556
-0.944444
-1.77778
-2.16667
-2.16667
-1.5
-0.666667
0
0.111111
-0.388889
-7.05556
-33.0556
-70.3333
-89.7778
-56.3889
7.5
60.4444
70.6111
63.7778
86.5
72.8889
39.6667
16.7778
38.6667
77.6111
92.0556
68.6667
31.0556
8.11111
0.222222
-0.722222
-0.722222
-0.555556
0.388889
0.166667
-0.111111
-0.666667
-0.388889
-0.166667
0
-0.111111
-2.83333
-18
-52.5556
-93.2222
-98.3889
-50.5
23.6111
65.1111
59.3333
43.6111
73.2222
84.6667
64
36.3333
34.7778
69.5556
93.9444
86.6111
48
17.2222
1.77778
-0.111111
-0.111111
-0.111111
0.111111
0.111111
0.111111
0
0
0
0
-0.111111
-6.5
-30.5
-72.7222
-107.5
-92.5
-28.7222
41.7778
65.3333
45.5556
25.9444
54.2222
86.2222
82.9444
54.8889
31.2778
47.7222
80.7778
92.0556
68.0556
32.2222
8.72222
0.777778
0
0
0
0
0
0
0
0
0
-1.55556
-15.5
-48.4444
-92.6667
-106.611
-68.4444
7.33333
57.4444
60.9444
25.7778
14.9444
38.2222
73.6111
91.4444
68.4444
37
29
64
90.1111
86.0556
51.5
20
4.05556
0.0555556
0
0
0
0
0
0
0
-0.222222
-7.66667
-30.4444
-71.6667
-103.556
-93.5556
-32.6111
37.4444
65.7778
49.8889
10
7.5
23.2778
56
88.1111
82.1111
50.5556
25
44.6111
81.0556
94.9444
71.5556
33.5
9.38889
0.444444
0
0
0
0
0
0
0
-1.11111
-14.8889
-46.6111
-92.7222
-107.778
-76.2222
0.222222
52.2222
66.5556
40.3333
9.55556
3.94444
12.2222
39.4444
75.6111
92
68.1667
35.8889
29.4444
63.2222
90.3333
86.8333
52.2778
20.4444
3.72222
0
0
0
0
0
0
0
-5.27778
-27.7778
-67.8333
-105.889
-98.8889
-49.1111
21.7222
54.2222
56.3333
35.5
13.1667
2.83333
6.27778
24.5556
57.8889
90.7778
84.9444
52.3889
25.3889
41.4444
78.2778
93
73.5
36.3889
11.7222
1.11111
0
0
0
0
0
-1.11111
-13.8889
-45.1111
-89
-106.222
-79
-17.7222
29.5556
44.7778
35.0556
25.1111
13
2.55556
3.77778
12.3889
39.9444
79.1111
96.7778
72.9444
33
22.8333
57.8333
89.7778
90.1667
55.1111
22.3333
4.05556
0
0
0
0
-0.0555556
-4
-25.1667
-65.0556
-104.389
-98.8333
-53.3889
1.88889
21.3889
21.1667
14.3333
20.7222
16.3333
2.94444
3.77778
5.05556
24.9444
63.1667
97.8889
92.7778
50
18.6667
33
75.1111
94.4444
75.3333
37
10.8333
0.388889
0
0
0
-0.666667
-11.9444
-41.7778
-87.2222
-108.167
-82.3889
-26.5
7.94444
10.1111
4.66667
12.1111
21.6111
20.0556
2.11111
4.27778
7.77778
22.9444
58.7778
92.1667
101.667
58.0556
18
9.77778
51.9444
87.1667
88.4444
56.7778
23.5
5.27778
0.277778
0
-0.0555556
-3.66667
-23.3333
-61.5556
-101.5
-100
-52.8889
-2.77778
6
-13.2778
-17.5556
1
16.8889
23.5556
5.88889
11.1111
18
25.1111
51.1667
77.2778
94.2222
63
19.6111
-1.38889
26.9444
75.5
94.6111
77.3889
38.7222
12.4444
1.16667
0
-0.277778
-8.94444
-37.5556
-82.6111
-108.111
-85.7222
-25.2778
5.27778
-3.77778
-33.8889
-28.0556
-6.22222
18.4444
35.8889
8.83333
19.7222
32.2778
33.7222
46.2222
55.1667
71.1111
54.5
27.0556
3.61111
14.2222
56.2222
89.0556
91.3889
58.3333
24.0556
4.61111
0
-3.5
-21.1667
-58.7778
-99.7222
-101.944
-61.6667
-3.94444
2.38889
-17
-45.1667
-31.1111
-8.61111
19.9444
47.0556
9.61111
25
42.8333
43.8889
41.8889
32.1111
40.6667
41.0556
38.7778
20.3889
16.1667
36.1111
74.6111
93.0556
77.7222
41.0556
13.7222
1.72222
-8.61111
-35.1667
-80.4444
-107.778
-88.1667
-33.1111
5.72222
-9.44444
-37.8333
-51.7222
-28.9444
-3.05556
24.8333
53.5556
9.83333
25.7778
45.6667
47.7778
40.1111
16.8333
14.9444
23.3889
45.1111
40.5556
28.0556
24.3333
55.5
87.3889
91.1111
61.2778
26.3333
5.05556
-17.0556
-52.4444
-98.1111
-105.111
-68.5556
-13.5
-0.944444
-27
-49.7222
-43.2778
-15.6667
6.61111
26.0556
51.0556
9.05556
24.8333
46.5556
48.3889
38.6111
5.88889
-3.88889
5.77778
44.1111
59.8333
46.2778
24.2222
33.6667
72.2778
93.8889
80.7222
41.7778
6.22222
-30.9444
-74.2778
-104.611
-91.7222
-39.2778
-2.27778
-8.94444
-44.6111
-53.9444
-38.7778
-12.2222
2.61111
24.1667
53.7778
6.33333
20.5556
40.4444
40.0556
28
-1.16667
-11.5556
1.11111
39.5
70.6667
63.8333
36.0556
24.0556
51.7222
85.3333
90.1667
59.8333
10.3889
-42.4444
-92.1111
-102.389
-70.2222
-10.2222
2.88889
-20.8889
-60.9444
-55.5556
-34
-8.05556
4.44444
29.2778
56.4444
-1.11111
9.05556
27.5556
31.1111
21.6111
-3.05556
-13.1667
-3.11111
34.4444
69.9444
78.7222
49.7778
27.1111
33.5556
72.3889
91.6667
73.3889
15.2222
-52.5556
-99
-92.5556
-42.9444
6.11111
2.94444
-33.6111
-64.7222
-55.0556
-30.6111
-8
7.38889
27.9444
47.3889
-6.05556
-1
12.4444
19.6111
15.6667
2.88889
-4.61111
4.77778
29.1667
59.6667
77.2222
62.5
37.6111
25.3889
54
83.7778
76.5556
17.7222
-57.5
-91.1111
-71.1667
-15.8889
10.1667
-3.38889
-42.1667
-56.6111
-47.1111
-25.8889
-14.3333
0.777778
17.6667
36.7778
-6.66667
-6.16667
2.22222
8.72222
12.6667
10.6111
8.22222
10.6667
20.9444
41.8889
65.0556
70.7222
52.2778
30.7778
36.4444
64
64.0556
16.5
-50.9444
-73.2222
-44.6667
0.444444
7.44444
-13.9444
-41.1111
-41.3889
-30.6667
-17.9444
-17.3889
-11
1.22222
21.7778
-7.27778
-6.5
-1.55556
3.66667
6.83333
10.4444
11.3889
13.4444
13.7778
26.4444
50.1111
72.6111
67.3333
41.2778
28.4444
42.6111
47.7222
11.8333
-38.2778
-51.6667
-22.4444
3.88889
1.77778
-15.5
-27.1667
-26.8333
-25.2222
-19.3333
-20.2778
-17.3889
-9.83333
8.22222
-5.72222
-4.22222
-5.05556
-0.555556
2
10
10.3333
11.1111
6.05556
11.5556
33.2222
64.7222
79.0556
57.5
34.5
27.2778
29.6111
8.72222
-20.6111
-23.1111
-6.72222
2.77778
-11.7778
-21.0556
-22.6111
-16.8333
-19.5556
-19.3333
-23
-22.8889
-17.4444
-1.94444
-2.5
-0.444444
-3.61111
-0.388889
0.777778
6.44444
6.16667
6.27778
4.16667
4.33333
20.3889
49.0556
77.8889
72.0556
49.2222
24.8333
11.8889
4.66667
-5.11111
5.16667
0.5
-5.61111
-30.7778
-26.1667
-23.7222
-12.7778
-18.5
-13.6111
-17.4444
-20.3333
-24.1111
-12.8889
3.27778
6.66667
2.72222
4.94444
3.5
4.72222
0.666667
-0.944444
-2.27778
-2.11111
7.44444
32.5
68
83.5
67.1667
31.1667
2.05556
-1.33333
5.44444
17.6111
2.33333
-17.6111
-42.6111
-32.7778
-23.8889
-10.1667
-13.4444
-7.22222
-8.61111
-16.5556
-26.4444
-22.5
5.88889
10.1667
6.77778
7.44444
4.5
2.83333
-3.5
-7.05556
-7.88889
-5.66667
1.22222
19.9444
58.7222
92.6111
90.6111
46.4444
0.388889
-11.5556
4.88889
12.8333
-2.66667
-31.3889
-45.4444
-34.4444
-21.8889
-14.7778
-17.1111
-7.83333
-0.444444
-8
-22.2778
-25.8889
8.11111
10.5556
6.11111
5.94444
3.44444
2.27778
-4.83333
-9.61111
-11.1111
-7.05556
0.111111
11.8889
51.7778
97.2778
113.278
66.1111
2.11111
-25.7222
-12.5
-2.11111
-13
-34.8333
-40.8889
-29.7778
-21.1667
-17.8333
-21
-9.77778
0.944444
-1.38889
-15.9444
-23.1667
60.375
67.2813
76.3125
74.7188
53.9063
30.9063
18.6563
13.25
8
1.875
-19.4688
-35.75
-41.3438
-31.1875
-26.6875
-24.3438
-24.875
-36.8438
-31.4063
-22.4688
-26.5313
-41.0625
-55.1875
-74.5938
-92.4063
-99.125
-107.656
-111
-98.9688
-82.0625
22.4063
25.4688
32.7188
34.5313
27
11.2813
5.1875
4.53125
3.71875
1.75
-12.25
-23.8438
-26.0313
-15.2188
-7.0625
-0.25
1.53125
-6.8125
-6.3125
-1.90625
-4.9375
-16.5938
-29.0313
-45.9375
-63.5
-73.0313
-79.5625
-79.6563
-71.6563
-60.2813
-8.3125
-6.40625
3.09375
16.0938
28.8125
25.5625
23.25
28.4375
34.4688
38.3125
31.9688
23.8125
22.0625
30
39.6875
46.75
49.2813
45.3438
43.9063
44.1875
42.1563
34.875
26.4375
11.8125
-5.5
-18.4688
-25.1563
-23.8125
-25.0625
-24.4688
-33.75
-33.6563
-24.75
-7.09375
22.0313
36.125
42.8125
55.0625
70.0625
82.25
84.1875
81.8438
82.25
85.6563
90.1563
93.5
95
94.6563
95.3438
96.4063
96.0625
94.2188
91.8438
79.8125
61.6563
45.1563
36.9063
31.9688
19.2813
6.09375
-35.6875
-35.875
-30
-12.125
21.3125
46.0313
57.5313
67.9688
83.25
98.0938
106.813
108.094
108.563
109.969
111.688
113.094
114.5
115.906
117
118.438
119.469
119.844
117.125
104.125
86.2188
73.125
67.6875
56.8125
37.8438
16.0625
-27.5
-27.9688
-28.2813
-17.875
6.8125
34.2188
46.875
50.8125
59.4375
71.7188
83.75
87.9688
88.5
89.4688
90.75
91.8438
92.9063
94.0313
94.9063
96
96.7188
95.5625
87.3125
71.4375
58.9063
54
54.4375
44.5938
27.8438
7.9375
-23.625
-24.7813
-32.8438
-34.4063
-21.2188
2.53125
18.5625
19.9375
21
29.3125
44.1563
52.8125
53.9688
54.4375
55.2188
55.875
56.5
57.1563
57.6875
58.25
58.6563
55.3125
42.1563
28.625
23.2813
26.9063
30.4063
23.375
11.9063
0.4375
-21.7813
-21
-32.5313
-44.1875
-44.4063
-29.4688
-13.0625
-9.75
-14.2813
-12.5938
1.375
14.5938
19.125
19.7188
19.875
20.0313
20.25
20.3438
20.1875
20.375
19.6875
12
-5.09375
-14.4688
-11.75
-2.375
0.375
-1.875
-3.75
-2.75
-24.5625
-19.9688
-28.5625
-43.9063
-52.4375
-47.8125
-34.1875
-25
-29.75
-34.375
-25.7813
-10.875
-1.96875
0.28125
0.3125
0.3125
0.3125
0.3125
0.25
0.125
-4.0625
-16.4375
-32.7188
-35.8125
-26.3438
-17.2188
-16.2813
-13.375
-5.15625
6.96875
-31.1875
-24.5313
-26.2813
-39
-50.6563
-53.9688
-43.8125
-28.5313
-27
-33.5313
-31.5
-18.3438
-5.28125
-0.25
0
0
0
0
0
-0.625
-8.375
-23.25
-34.125
-30.3125
-19.5
-13.9375
-16.1563
-12.6875
-0.875
14.6563
-33.3438
-29.4063
-24.9063
-31.8125
-46.1875
-55.7813
-52.1563
-36.875
-27.1875
-31
-35.125
-27.4375
-11.5
-2.09375
0
0
0
0
0
-2.96875
-15.5
-31.0625
-35.125
-27.625
-20.6875
-20.9063
-23.7813
-21.25
-6.28125
7.1875
-31.5313
-34.4375
-27.0313
-26.9688
-38.6563
-52.2188
-55.7813
-44.9688
-30.125
-27.0313
-33.875
-33.0313
-19.5938
-6.59375
-0.625
0
0
0
-0.625
-7.8125
-23.625
-35.4063
-31.5938
-23.625
-22.4375
-26.875
-29.3438
-26.1563
-12.2188
-2.96875
-26.2813
-37.6563
-31.1875
-25.4063
-31.3438
-44.6875
-53.4375
-49.4063
-34.4063
-22.75
-28.7188
-33.8125
-26.4375
-12.5
-2.28125
0
0
-0.03125
-2.25
-13.9063
-28.0938
-32.8438
-23.5938
-18.5938
-25.125
-33.3438
-36.5938
-33.0938
-25.4063
-24
-17.25
-32.5
-32.25
-24.0625
-23.5938
-35.375
-48.5
-52
-40.9063
-25.25
-25.125
-32.7813
-32.6875
-20.3125
-6.09375
-0.21875
0
-0.375
-6.71875
-22.25
-33.9375
-32
-22.3438
-24.1563
-34.6875
-43.5625
-43.0938
-36.2813
-33.0938
-36.0938
-6.84375
-18.4688
-22.8125
-16.6875
-10.1875
-16.6875
-31.0313
-40.9688
-39.6563
-27.9063
-23.2813
-28.8438
-34.9688
-28.0938
-13.2188
-2.96875
-0.1875
-2.0625
-13.125
-28.875
-34.3438
-26.5313
-18.2188
-25.2813
-34.9688
-41.0938
-38.8438
-31.1563
-35.1875
-41.0313
3.875
-0.625
-6.9375
-4.90625
3.28125
3.625
-9.21875
-24.8125
-33.5
-29.4063
-22.8125
-24.0938
-32
-31.9063
-20.5313
-7
-0.8125
-5.03125
-19.875
-31.7813
-29.375
-19.8125
-18.25
-27.5625
-34.75
-36.8125
-31.8125
-26.4063
-35.1563
-42.5313
15.75
18.375
12.25
6.875
10.5625
15
5.84375
-14.125
-32.4375
-37.7188
-31.5
-25.375
-28.9375
-33.5938
-28.25
-13.5313
-4.5625
-11.8438
-28.5625
-34.8125
-27.6563
-22.5625
-28.1875
-36.9375
-37.4688
-31.1563
-21.9375
-19.375
-29.2813
-31.7188
23.5938
29.6563
25.5625
14.25
9.59375
15
11.625
-7.71875
-33.3438
-46.7188
-43.8125
-32.0938
-27.4063
-33
-34.2188
-22.7188
-12.5625
-20.0625
-32.5625
-31.75
-21.5313
-22.375
-30.875
-36.4688
-32.6875
-22.8125
-17.4688
-23.3438
-32.625
-30.2813
19.6563
22.7188
17.6875
4.03125
-8.25
-6.4375
-5.1875
-17.5313
-39.7188
-54.25
-53.0313
-39.4375
-27.0938
-28.875
-34.4063
-29.5938
-24.1563
-29.0625
-32.9375
-26.0625
-18.8438
-26.4063
-38.8438
-41.5938
-34.375
-23.5
-21.4688
-30.9063
-34.8438
-27.875
8.46875
6.5
-0.5625
-15.1563
-31.375
-36.4375
-30.4063
-32.3125
-46.4375
-59.4688
-60.2188
-46.75
-30.625
-25.4375
-32.375
-37.625
-40.2813
-40.7188
-33.7813
-24.3438
-24.0625
-35.0313
-44.7813
-43.0313
-32.6563
-21.6875
-23.625
-34.5313
-34.0938
-26.1875
-6.875
-12.2188
-22.75
-32.5313
-47.2188
-58.125
-53.125
-44.5625
-45.5938
-55.5625
-57.3438
-52.1563
-38.0625
-26.8438
-30.0625
-43.875
-53.9688
-48.2188
-29.9063
-18
-22.125
-30.5625
-34.0625
-27.5313
-17.375
-11.9063
-19.4688
-30.2188
-27.625
-24.3125
-16.1875
-22.9375
-33.4688
-39.2813
-48.0313
-60.9688
-61.875
-49.25
-37.9688
-42
-47.25
-50.6563
-44.1875
-30.9375
-29.5938
-47.125
-62.6563
-53.5938
-29.9063
-17.8438
-23.25
-27.2813
-26.0625
-14.0625
-3.71875
-3.21875
-11.9688
-16.0625
-13.7813
-16.7188
-15.375
-21.625
-29.7188
-32.2813
-35.1563
-45.375
-52.2813
-44.9688
-30.125
-28.1875
-35.75
-47
-48.4375
-39.125
-36
-51.2188
-65.6563
-56.8438
-35.6875
-24.6875
-25.25
-23.25
-12.8438
5.5625
14.2813
10.375
3.125
3.6875
2.8125
-4.625
-11.5625
-15.5313
-20.875
-20.8125
-20.3438
-26.75
-39.5313
-41.7813
-29.7188
-23.5625
-29.7188
-46.375
-55.2813
-53.5
-49.9063
-54.8125
-61.3438
-54.8125
-42.1875
-31.375
-24.4375
-15.2188
1.6875
20.0625
26.5625
19.0625
15.25
18.4063
14.875
4.0625
-5.0625
-7.6875
-9.96875
-11.3438
-9.96875
-13.375
-26.4375
-37.4688
-33.3438
-25.4375
-28.625
-41.5313
-54.8125
-61.0313
-61.375
-56.2813
-53
-50.1563
-50
-42.9375
-31.7188
-16.5625
0.125
13.5938
16.875
10.625
12.4375
17.0313
12.0313
-1
-2.15625
-4.34375
-4.46875
-5.65625
-5.65625
-8.625
-17.75
-32.25
-37.9375
-32.3125
-30.25
-37.75
-50.7813
-63.0938
-67.5313
-55.625
-42.0938
-42.1563
-50.4688
-48
-36.5625
-19.5
-3.78125
2.6875
2.0625
-0.15625
5
7.21875
3.78125
-5.15625
0.03125
-0.375
0.46875
-0.875
-2.9375
-7.9375
-12.75
-25.0938
-37.7188
-40.0938
-35.3438
-35.3125
-46.375
-59.4375
-63.7813
-48.5625
-29.3125
-27.5625
-38.5313
-41.625
-32.5938
-15.8125
-7.78125
-13.3438
-16.8438
-14.5
-8.28125
-8.09375
-10.5625
-17.5313
7.125
8.59375
10.5625
10.0313
7.03125
1.15625
-1.03125
-9.96875
-25.9375
-37.4688
-34.8125
-29.75
-35.3125
-45.125
-47.1875
-35.0625
-17.5313
-11.5313
-20.3125
-28.4063
-25.5625
-15.125
-17.125
-29.1875
-35.375
-30.9688
-24.7813
-25
-26.4375
-30.0938
10.0938
12.4063
15.75
17.4688
14.9688
10.3125
8.96875
3.46875
-12.3125
-28.2188
-28.7813
-21.5
-21.5
-26.25
-24.9063
-18.0938
-5.15625
3.5625
-1.03125
-12.8438
-15.8125
-16.2813
-23.3438
-34.4063
-40.875
-37.7813
-34.375
-34.5
-34.6875
-31.4063
9.375
12.125
15.3125
17.9375
15.8125
14.125
12.9688
9.46875
-1.8125
-16.9063
-19.7813
-10.8438
-7.09375
-7.15625
-3.90625
-3.1875
1.03125
8.90625
5.625
-8.75
-14.9375
-20.6875
-29.9688
-36.4375
-39.5625
-36.9688
-33.5313
-32.375
-32.8438
-29.7813
46
16.3438
-1.0625
-4.21875
18.4063
45.0938
59.5313
53.375
32.5625
-1.1875
-11.2813
1.5625
17.6563
30.0625
11.6875
-22.9063
-46
-36.2813
-17.4688
10.4688
37.8438
32.3125
33.3125
34.5313
19.4688
13.1875
2.84375
-7
3.21875
19.75
58.5313
22.2188
2.78125
-0.40625
22.5625
51.2188
60.75
54.2813
34.1563
3.8125
-6.4375
-2.40625
5.28125
11.5313
-3.5
-28.4375
-41.6563
-29.0625
-5.5625
21.7813
40.5
32.7813
23.4688
15.875
-0.375
-9.34375
-18.1875
-21.1563
-0.90625
25.4063
70.4375
34.4063
11.0938
5.59375
25.125
48.9375
55.8125
50.125
34.5938
11.75
-1.28125
-4
-3.5625
-2.375
-9.1875
-23.0625
-28.7188
-18.4063
0.03125
20.875
31.4063
25.25
14.375
-1.4375
-18.875
-31.3438
-39.4063
-30.3125
0.4375
35.2813
80.4375
46.7813
21.75
13.4688
31.1563
50.3125
51.9375
40.4375
23.1875
5.25
-2.9375
-3.34375
-2.9375
-1.84375
-3.78125
-9.375
-11.1875
-8.40625
-2.03125
5.78125
9.5
8.15625
3.03125
-10.375
-28.7813
-44.9688
-51.1563
-34.5938
3.96875
45.4688
75.6875
49.75
29.1875
20.625
39.25
57.2188
59.1563
47.1563
27.75
9.71875
0.25
-1.09375
-1.5625
-2.03125
-2.1875
-3.84375
-4.375
-3.90625
-3
-1.375
-0.46875
-0.34375
-4.8125
-20.0625
-41.3438
-58.9375
-60.9375
-36.125
9.09375
51.875
73.625
56.0313
41.5313
31.625
46.375
65.4063
69.625
60.9375
39.6875
17.5938
4.125
-0.28125
-0.9375
-1.46875
-1.875
-3.09375
-3.46875
-3.09375
-2.28125
-1.0625
-0.34375
-1.4375
-10.125
-29.875
-55.9063
-73.125
-68
-35.9688
15.4063
55.875
79.6875
69.5313
59.0313
48.5313
55.4063
73.0938
79.4375
73.875
52.1875
27.125
9.40625
0.5
-0.59375
-0.9375
-1.09375
-1.5625
-1.9375
-1.78125
-1.375
-0.8125
-0.34375
-3.6875
-17.2188
-41.75
-70.1563
-84.1563
-71.1563
-30.875
20.7813
55.625
78.1563
79.375
73.5938
66.75
66.5938
79.0313
87.125
83.75
65.9063
39.5313
17.6875
4.46875
-0.0625
-0.40625
0.0625
-0.09375
-0.1875
-0.21875
-0.375
-0.25
-1
-8.8125
-27.4063
-55.7813
-84.125
-91.4375
-70.1875
-24.4375
24.9375
52.5
69.5
82.8438
82.125
77.6563
74.5625
78.1875
88.125
89.125
77.0625
54.25
28.9688
11.1875
2.21875
-0.03125
0.0625
0.0625
0.0625
0.0625
0
-0.125
-4.3125
-17.125
-40.6563
-71.5625
-93.0313
-89.6563
-58.0938
-9.5
33.5938
49.7188
56.75
80.1563
86.5938
82.5625
78.0938
74.0313
82.1875
89.1563
84.25
66.9063
40.75
18.8438
5.28125
0.25
0
0
0
0
0
-0.625
-8.375
-26.25
-54.125
-84.5625
-96.8125
-80.5625
-38.9063
9.5
43.875
45.8438
44.5938
69.9063
85.6563
84.4375
80.0625
73.6563
76.9688
87.25
88.75
78.125
54.5
29.4375
11.5
2.09375
0
0
0
0
0
-2.96875
-15.625
-38.375
-69.25
-93.875
-95.4375
-67.7188
-19.5313
22.375
49.0938
40.8125
33.1563
56.8125
79.1563
85.2813
81.8438
75.3438
72.2813
81.6563
89.3125
85.2813
68.875
42.8438
20.4688
6.59375
0.625
0
0
0
-0.625
-7.8125
-25.375
-52.7813
-83.4063
-98.875
-90
-53.3125
-6.46875
28.7188
49.0313
37.9063
23.9063
44.9063
71.4375
87.9063
87.2188
81.25
70.9375
73.7813
84.0313
86.5625
79.2813
56.25
31
12.5625
2.28125
0
0
-0.03125
-2.25
-14.1563
-36.7188
-66.5938
-92.7188
-98.1563
-79.9375
-41.4688
-2.59375
25.0313
41.4063
35.0625
16.5625
34.9375
61.5625
86.375
92.4688
86.9375
73.4375
67.875
76.2188
84.5625
85.1875
69.5313
43.25
20.8125
6.09375
0.21875
0
-0.375
-6.71875
-23.5
-50.6875
-80.75
-97.1563
-93.2813
-66.375
-28.3125
1.34375
23.7188
33.6563
29.6563
13.0938
30.2813
57.375
83.875
95.375
88.6875
69.7813
58.4688
62.9688
76.6563
86.4688
79.7813
57.6563
32.2813
13.2188
2.96875
0.125
-2.0625
-13.125
-34.8125
-65.4063
-91.8438
-96.3438
-83.0938
-51.4688
-18.6563
-1.71875
12.0938
19.3125
19.9063
15.4375
30.5625
54.1875
77.8438
91.8438
88.0625
66.2188
51.1875
51.0625
64.7188
83.25
85.9688
70.75
45.0938
21.7813
7
0.5
-5.03125
-21.125
-47.4063
-78.0625
-97.9375
-92.25
-70.875
-41.5
-16.625
-8.9375
-0.65625
10.3438
19.4063
21
33.5625
54.5625
70.6875
79.875
82.1875
59.1563
46
45.3125
54.8438
78.4375
88.375
81.1875
58.6563
32.8125
13.5313
0.625
-11.9063
-33.0625
-62.875
-88.5313
-98.25
-82.875
-56.25
-34.9688
-18.9063
-19.1875
-13.8125
4.34375
21.2813
25.9688
36.4063
51.75
60.75
62.7188
67.9375
53.0625
43.5938
45.7188
51.9688
73.5
88.6563
87.9063
72.0625
46.4063
23.0313
2.875
-18.75
-46
-77.375
-96.4688
-96.3125
-71.8125
-46.0313
-32.5
-24.75
-31.3438
-22.5313
1.4375
26.0938
27.3438
37.4688
47.6875
52.5938
49.875
54.125
48.375
43.9063
47.5313
52.1875
67.7813
84.5625
90.4063
81.9375
60.5938
33.9063
5.09375
-25.875
-58.9375
-88.125
-99.2188
-89.8438
-61.5313
-41.7188
-33.8125
-32.3125
-39.7813
-24.4688
0.96875
29.25
27.7813
38.25
44.6875
45.2188
39.0625
41.6875
43.5938
46.75
52
55.0313
62.4688
76.6875
87.125
86.3125
72.6875
42.5
5.65625
-34.6563
-72.7813
-94.4063
-95.5625
-77.4063
-49.9688
-38.3438
-37.9688
-40.8125
-43.625
-23.5313
4.96875
33.375
26.4375
37.7813
41.6875
38.7813
28.9063
28.6875
35.25
44.875
54.9063
58.1875
60.7813
70.6563
82.625
88.1563
81
51.375
7.65625
-41.0313
-81.4063
-96.125
-86.8125
-62.1875
-38.3125
-34.6563
-41.75
-44.9063
-42.9063
-20.5313
9.0625
34.3125
23.4375
35.4375
39.2813
33.6563
19.4063
16.2188
23.1875
38.75
56.1563
60.9375
62.5625
67.7188
77.1875
87.875
84.5938
56.875
9.96875
-44.2813
-82.8438
-90.9688
-73.125
-46.7813
-29.4375
-33.375
-47.4688
-50.6563
-46.2188
-24.0625
6.40625
31.0313
19.0625
28.9375
30.9063
24.9063
10.4688
9.75
19.7188
37.3438
60.5
65.9375
65.125
67.1875
71.75
82.625
81.625
56.9063
9.46875
-44.4688
-78.1875
-81.0625
-57.875
-35
-25.3438
-34.0625
-51.1563
-50.625
-42.625
-23.3125
6.375
28.1875
12.375
19.6563
22.375
17.625
5.84375
6.125
17.4063
36.2188
60.7813
70.75
68.6563
68.1875
68.5938
74.6875
74.1563
51.6875
8.46875
-39.625
-67.9375
-66.875
-45.25
-27.1563
-21.9375
-33.125
-45.875
-43.4375
-36.9375
-21.9063
-0.25
16.5
4.0625
8.625
11.7813
12.0313
6.03125
6.25
18.3125
33.4688
56.0313
71.125
71.3125
70.4063
67.5625
68.3438
65
45.1563
8.625
-31.7188
-53.875
-50.6875
-34.6563
-20.25
-19.875
-33.0938
-40.5625
-41
-34.4375
-21.3438
-7.21875
6.375
-0.96875
0.03125
3.84375
8.59375
8.46875
9.3125
16.9375
27.25
44.875
63.125
70.9375
72.3125
69.4063
65.9688
56.5938
37.9375
7.96875
-24.0938
-38.0938
-35.125
-26.1875
-18
-23.6563
-34.75
-36.25
-36.0313
-29.125
-20.1563
-13.1563
-2.09375
-0.84375
-1.875
1.96875
6.8125
7.625
9.25
12.875
18.5313
33.5938
51.4688
65.9063
73.75
71.6875
66.8125
52.1563
32.875
9.375
-14.5
-23.1563
-23.5625
-20.6563
-19.625
-26.7813
-33.0313
-33.0938
-31.0625
-25.7188
-20.9688
-16.875
-9.40625
2.125
1.59375
5.375
8.40625
7.21875
5.53125
4.15625
4.46875
17.0625
35.9063
57.9375
75.5625
77.375
71.9375
52.3125
30.5625
11.4063
-4.59375
-11.5
-15.6563
-19.3125
-26.1875
-31.3125
-33.6875
-30.625
-25.9688
-21.6563
-18.8125
-18.25
-15.0938
5.21875
4.53125
7.25
8.15625
4.84375
2.5625
-0.40625
-2.78125
6.5625
24.2188
50.0938
77.625
86.375
81.625
57.3438
26.5938
7.96875
-4.3125
-10.9688
-13.5313
-23.375
-33.9063
-34.9688
-35.2813
-28.3125
-21.6563
-18.0625
-15.8125
-18.125
-18.2188
7.9375
5.9375
6.5625
6
2.5
1.125
-1.40625
-5.21875
0.9375
16.5938
44.0313
78.9688
95.2188
91.4688
62.0938
21.0625
-1.03125
-12.5938
-17
-16.1875
-27.625
-36.4375
-33.6563
-30.6875
-20.8125
-14.5313
-13.9063
-15.625
-20.1563
-21.4063
-11.625
-7.66667
-4.66667
0.958333
10.0833
5.91667
6.125
13.0417
27.8333
43.875
56.7917
68.875
68.7917
65.4583
53.5
34.375
9.20833
-5.33333
-3
1.95833
15.4583
40.4583
62.2917
76.4167
77.6667
74.0833
63.5833
50
44.1667
34.375
26.125
10.0417
38.75
55.0417
70.75
86.3333
90.125
86.2083
76.0417
63.375
56.625
51.5417
45.8333
43.125
37.9583
37.2917
31.9167
31.375
31.5417
35.6667
44.1667
45.4583
48.75
49.4583
44.5
35.5417
25.5417
23.0833
19.5
13.0417
12.375
13.4583
14.2917
9.33333
39.5833
44.3333
48.875
43.3333
27.2083
27.8333
20.7917
7.20833
-7.16667
-17.4167
-24.75
-30.125
-34.0833
-34.0833
-32.1667
-26.875
-20.0417
-14.1667
-8.83333
-10.25
-13.3333
-23.0417
-36.0833
-49.375
-58.1667
-58.5833
-56.5833
-53.5
-48.4583
-41.875
-31.2083
-17.9583
10.4583
5.08333
-0.416667
-14.7083
-39.9583
-47.3333
-52.75
-63.9583
-74.875
-82.8333
-85.5
-85.2083
-83.7917
-83.75
-83.9167
-83.2917
-82.25
-82.875
-84.2083
-85.75
-87.7917
-91.1667
-95.3333
-99
-100
-97.4583
-89.125
-80
-71
-66.75
-51.7083
-33.9167
-0.0416667
-3.29167
-5.04167
-3.91667
-13.0833
-29.2083
-32
-37.7083
-43.7083
-49.8333
-52.1667
-51.6667
-51.25
-51.4583
-51.875
-52.2083
-52.5417
-53.3333
-54.5
-54.6667
-55.2917
-55.8333
-55.9167
-55.7083
-54.7083
-49.5417
-41.0417
-34.875
-32.1667
-27.0833
-19.2083
-13.75
4.58333
0.708333
0.958333
9.16667
24.5
15.1667
17.75
27.0417
32.3333
33.8333
30.9583
30.5417
29.125
29.125
30
30.5833
31
32.125
34
34.9167
35.1667
35.2083
35.2083
35.0833
35.9583
41.5
37.1667
29.3333
17.3333
21.2917
18.0833
10.2917
3.125
-2.375
-3.75
1.25
24.7917
31.5
30.3333
44.7917
55
60.4583
54.9583
52.875
52.625
52.8333
53.4167
53.9583
54.5833
55.4583
56.5417
57.2917
57.8333
58.1667
58.3333
58.625
63.0833
63.2917
52.5417
37.8333
26
25.2917
17.0833
12.3333
-7.70833
-6.29167
-9.29167
-7.91667
4.75
21.9167
16
18.375
25.0417
28.625
25.25
19.5
19.625
19.7083
19.75
19.875
20.125
20.25
20.0833
20.2917
20.4583
20.5833
20.6667
22.5833
31.2083
26.4167
21.75
13.375
16.8333
8.95833
-6.16667
-6.54167
-9.58333
2.54167
-1.625
-5.04167
-9
5.04167
5.79167
-5.83333
-1.625
2.25
7.29167
1.45833
0.333333
0.333333
0.333333
0.333333
0.333333
0.333333
0.25
0.25
0.25
0.25
0.333333
4.25
8.125
3.20833
-0.375
0.75
9.41667
-4.20833
-19.25
-24.9583
-1.66667
11.125
12.125
4.41667
-6.58333
-3.375
7.16667
-5.70833
-7.375
-1.79167
5.66667
5.54167
0.583333
0
0
0
0
0
0
0
0
0
1.16667
5.75
-0.791667
-5.41667
-11.9167
-6.25
-5.54167
-12.2917
-9.125
-11.5
-3.33333
-2.08333
9
3.5
-2.08333
-5.83333
7.91667
9.20833
-2.04167
2
5.83333
11.125
3.04167
0.0416667
0
0
0
0
0
0
0
0.166667
5.5
9.08333
0.833333
-3.45833
-5.16667
-0.208333
-7.875
-4.70833
8.83333
19.1667
-6.83333
-14.8333
-3.33333
1.33333
-1
-6.375
-2.125
11.3333
0.291667
-3.58333
0.333333
6.5
5.29167
0.333333
0
0
0
0
0
0
0
0.833333
7.66667
6.08333
2.20833
-1.33333
5.58333
6.83333
-0.666667
4.45833
12.5417
25.375
0.5
-6.20833
-5.54167
8.33333
5
-1.75
-10.0417
0.416667
2.20833
-10.8333
-6.66667
-1.79167
6.20833
2.66667
0
0
0
0
0
0
0
3.45833
3.83333
-3
-6.66667
-7.29167
3.08333
0.708333
1.33333
8.66667
15.0417
16.6667
3.16667
1.16667
-5.45833
5.125
8.5
2.66667
-5.20833
-3.5
10.125
0.291667
-3.16667
1.04167
7.91667
7.79167
0.833333
0
0
0
0
0
0.833333
7.91667
3.83333
-1.70833
-7
-0.833333
3.83333
0.25
4.95833
14.7083
22.875
9.375
-2.20833
-2.20833
-7.70833
-9.20833
0.75
-0.0833333
-3
-7.20833
4.20833
8.66667
-1.04167
0.958333
4.45833
8.5
3.04167
0
0
0
0
0.0416667
3
7.5
3.625
-0.708333
-2.875
5.95833
1.91667
0.833333
8.5
15.375
18.75
3.5
-1.75
-2.125
-4.83333
-13.4167
-6.95833
-2.79167
-7.33333
-12.9583
-13.4583
0.333333
-5.66667
-8.91667
-3.66667
2.375
5.625
0.291667
0
0
0
0.5
6.45833
2.58333
-1.58333
-7.20833
-0.541667
3.20833
-5.04167
-3.83333
3.45833
3.41667
-4.375
-5.20833
0.5
-0.791667
-4.66667
-15.0417
-16.0833
-8
-10.625
-14.0833
-18
-3.58333
1.29167
-6.75
-3.75
1.125
8.5
3.95833
0.208333
0
0.0416667
2.625
8.5
1.5
-2.75
-4
5.20833
1.58333
-8.25
-9.29167
-9.16667
-13.625
-24
-18.2917
-3.70833
-6.66667
-12.7083
-20.9583
-28.25
-22.0417
-12.3333
-13.25
-11.4583
-4.45833
10.5417
5.20833
-1.5
2.91667
7.16667
8.45833
0.875
0
0.208333
5.20833
3.79167
-0.375
-6.75
-0.125
2.41667
-7.25
-11
-8.08333
-3.29167
-5.75
-12
-11.1667
-6.16667
-10.5417
-12.375
-9.83333
-15.25
-14.2083
3.16667
6.33333
5.375
-2.5
6.16667
7.91667
-5
-3.41667
0
6.16667
2.83333
0
2.5
7.75
0.583333
-2.58333
-7.04167
3.41667
3.16667
-6.625
-0.0833333
9.625
16.7917
9.375
-0.833333
-0.166667
1.625
1.45833
5.70833
16
20.9167
22.5
28.5833
36.0833
27.3333
12.1667
3.16667
7.79167
0.541667
-6.75
-1.70833
3.66667
7.66667
1.45833
5.83333
7.75
2.875
-1.875
4.625
10.7917
6.29167
4.58333
13.625
20.0417
11.375
0.541667
-2.29167
2.66667
9.29167
18.125
25.4583
30.3333
40.3333
39.9583
29.6667
32.5833
24.625
15.1667
-0.625
4.79167
11.125
-0.583333
-0.291667
4.04167
10
5.95833
5.375
-0.0416667
-4
-8
5.08333
1.20833
-7.58333
0.875
8.875
9.58333
-7.625
-6.54167
7.125
11.3333
4.54167
14.3333
21.8333
21.3333
22.5
16
4.08333
-2.16667
-3.25
-7.375
-13.7083
-10.625
3.75
0.5
-6.58333
-1.91667
3.83333
12.4583
6.375
-2.54167
-8.875
-5.75
0.5
-10.5833
-13.375
-5.33333
0.333333
-5.45833
-13.9583
-7.16667
3
2.5
-4.75
-4.95833
-2.70833
-2.41667
-9.5
-16.6667
-20.6667
-25.4583
-18.4167
-17.625
-15.1667
-16.0833
-7.54167
1.66667
-6.875
-6.95833
-0.25
15.5833
10.5
2.33333
-1.54167
7.625
-0.416667
-12.0417
-11.5417
-11.9167
-12.5417
-23.5
-17.5417
-13.7083
-13.9583
-14.7083
-8.125
-13.8333
-15
-15.75
-19.4583
-21.875
-21.2083
-19.4583
-9.16667
2.20833
3.45833
0.916667
-1.08333
10.875
6.54167
-2.79167
3.91667
9.20833
7.75
-3.25
-1.41667
2.5
-11.3333
-15.5833
-15.0833
-14.125
-21.375
-25.6667
-14.2083
-11.375
-11.5417
-7.625
-2.125
-5
-6.66667
-9.29167
-10.25
-6.66667
-5.91667
-5.83333
-2.58333
11.2917
14.4167
7.41667
2.33333
7.33333
11.4167
1.54167
4.25
0.375
1.45833
-6.20833
-0.666667
-4.625
-10.625
-5
0.541667
4.83333
-5.875
-2.79167
0.666667
1.125
2.125
8.08333
9.20833
8.08333
2.5
0.416667
-0.916667
3
3.95833
0.708333
-4.54167
-2.375
6.91667
-0.916667
-5.375
-7.08333
3.70833
7.16667
0.291667
-1.375
-0.125
6.66667
9.5
3.875
6.875
15.0833
20.25
15.9583
7.41667
6.66667
2.29167
3.16667
3.58333
3.875
7
5.75
1.20833
0.0833333
0.875
2.04167
4.79167
6.04167
0.875
-5.58333
2.125
4.58333
-2.16667
-8.91667
-0.708333
12
-1.41667
-6.54167
-5
11.7917
8.41667
4.16667
11.7083
14.5
16.875
10.25
10.1667
6.125
0.708333
5.125
4.75
-3.125
-8.29167
-8.04167
-6.375
-6.58333
-5
-2.83333
-0.0416667
4.66667
3.75
-0.958333
-0.833333
11.2917
5.83333
-2.75
-4.25
0.583333
-6.45833
-20.5417
-17.4167
-5.08333
-6.54167
-6.91667
-0.0416667
2.16667
5.58333
8.16667
18.25
20.7917
18.1667
17.5833
14.25
5.75
-8.375
-7.66667
-7.41667
-7.70833
-8.29167
-8.54167
-8.79167
-8.08333
-7.125
-8.04167
-10.5833
0.0833333
3.54167
-1.66667
-8.125
-13
-12
-25.0417
-23.9167
-22.5417
-18.6667
-15.5
-12.9583
-2.16667
-2.75
2.95833
13.3333
20.625
21.875
11.3333
7.79167
6.125
4.54167
1.91667
-3.41667
-5.5
-7.95833
-15.25
-17.8333
-19
-15.7083
-14.25
-14.875
-12.125
-2.16667
-2.95833
-7.5
-11.5417
-11.25
-10.375
-13.5
-17.125
-11.875
-7.75
-6.625
-1.04167
-4.75
-1.79167
-2.25
-1.66667
0.291667
-7.25
-9.41667
-6.25
4.91667
3.16667
1.04167
-0.458333
-2.08333
-8.29167
-9.66667
-10.1667
-7
-5.79167
-7.04167
-11.9167
-7.58333
-5.16667
-9.70833
-12.4583
-12.9167
4.375
3.29167
3.04167
9.41667
15.2917
17
4.625
3.25
1.16667
-4.33333
-8.20833
-6.79167
-4.75
-6.125
-3.91667
-0.458333
4.04167
10.75
14.375
17.2917
20.2083
20.4167
17.2917
12.3333
8.08333
2.29167
-7.125
-13.4583
-12.375
-15
-18.25
-11.9167
4.83333
11.4167
17.2083
21.375
25.7917
22.5833
9.08333
4.91667
-4.125
-6.58333
-5.375
-1.83333
2.70833
5.29167
5.83333
21.375
42.2083
10.4583
-8.16667
-4.54167
-7.08333
-23.375
-29.5833
1.83333
50.625
50.0417
-3.625
-45.7083
-47.7917
2.375
60.625
48.0833
-3.83333
-22.75
-35.4167
-39.7917
13.7083
30.0417
-20.0833
-13.9583
22.5833
13.0833
-2.5
3.54167
10.125
-5.5
-25.7083
28.5
60.1667
12.875
-13.4167
-5
-6.66667
-19.9583
-24.5
1.25
38.7917
34.9583
-1.125
-24.5417
-29.3333
-1.58333
41.25
40.1667
0.541667
-28.2083
-41.6667
-32.125
14.9583
31.375
-2.70833
-7.95833
10.5833
5.25
-3.45833
3.25
8.70833
-11.5833
-35.0417
23.8333
72.7083
25.75
-16.0417
-13.7917
-6.41667
-5.95833
-12.7917
-8.41667
16.3333
27.375
9.625
-9.83333
-16.4583
-4.66667
21.125
26.8333
1.95833
-22.9583
-31.25
-19.3333
8.08333
19.7917
9.25
2.33333
2.41667
0.291667
-0.375
3.04167
-1.625
-26.0833
-35.9583
13.7083
78.8333
41.8333
-14.7083
-26.3333
-15.8333
1.625
8.16667
3
5.91667
10.125
4.16667
-3.79167
-7.375
-2.54167
8.58333
10
0.25
-7.58333
-10.375
-7.04167
1.58333
6.29167
4
2.125
3.91667
8.5
9.625
-3.25
-24.625
-40.3333
-28.6667
7.58333
64.9583
45.0833
-6.29167
-34.5833
-27.9583
4.625
22.4167
11.0417
1.91667
2.70833
0.958333
-1
-0.708333
-0.25
1.66667
2.33333
-0.208333
-1.5
-1.16667
-1.16667
-0.833333
0.458333
1.16667
1.04167
7.83333
20.8333
14.625
-16.7917
-43.7083
-46.0833
-19.625
-6.66667
38.0833
43.0833
11.5417
-28.5
-39.8333
-5.25
27.2917
20.7083
5.08333
1.95833
0.791667
-0.875
-0.5
0.375
1.45833
1.375
-0.25
-1
-0.958333
-0.958333
-0.541667
0.333333
0.583333
0.958333
13.5
32.7917
16.3333
-34.4167
-57.4583
-34.6667
-4.33333
-23.375
15.25
39.625
28.625
-14.4583
-45.25
-19.5417
22.9167
29.125
12.7083
3.08333
0.75
-0.5
-0.291667
0.291667
0.458333
0.583333
0.208333
-0.333333
-0.583333
-0.666667
-0.333333
0.208333
0.5
5.08333
23.7917
37.7917
4.33333
-52.625
-58.4583
-15.6667
12.0833
-27.4583
-9.04167
23.3333
38.0833
4.875
-41.5833
-33
12.375
33.5417
22.5
6.25
0.25
0.5
0.333333
-1
-0.625
0.75
0.5
-0.166667
-0.208333
-0.166667
-0.0416667
0.166667
2.08333
13.2083
33.2917
33.875
-11.625
-65.0417
-57.2917
-2.66667
27.2083
-21.8333
-24.8333
0
33.2083
24.375
-22.2083
-39.9583
-7.70833
28.875
32
12.9167
1.33333
0.0833333
0.0833333
-0.166667
-0.166667
0.0833333
0.0833333
0
0
0
0
0.0833333
4.875
22.625
40.0833
22
-34.375
-71.7083
-41.5833
14
29.9167
-11.4167
-31.75
-22.875
20.2917
38.1667
4.5
-34.8333
-28.0833
11.375
32.5833
22.4167
6.54167
0.583333
0
0
0
0
0
0
0
0
0
1.16667
11.625
32.8333
36.9583
-2.29167
-56.625
-64.7917
-16.4167
28.25
27.875
-3.20833
-25.2083
-34.375
-0.375
37.5417
28.6667
-19.7083
-41.5417
-9.41667
25.75
29.5833
14.875
3.04167
0.0416667
0
0
0
0
0
0
0
0.166667
5.75
22.3333
36.8333
21.1667
-29.1667
-66.7083
-46.5
6.79167
33.3333
22.0417
2.16667
-15.9583
-35.9583
-19.1667
22.75
40.25
5.125
-39.0417
-30.8333
10.9167
33.2083
24.125
7.04167
0.333333
0
0
0
0
0
0
0
0.833333
11.1667
32.4583
37.7083
0.791667
-53.0417
-64.0417
-22.7917
19.5833
23.4167
14.875
2.75
-7.45833
-28.7917
-31.9167
1.25
37.5
27.7083
-19.7083
-40.2917
-10.8333
24.7083
30.8333
15.3333
2.79167
0
0
0
0
0
0
0
3.95833
20.8333
39
24.8333
-24.9167
-60.9167
-44.4167
-4.41667
17.4167
12.7917
9.91667
0.0416667
-2.08333
-16.0833
-35
-21
22.9167
41.7917
6.625
-37.125
-30.7083
7.95833
30.4167
24.7917
8.79167
0.833333
0
0
0
0
0
0.833333
10.4167
31.3333
37.1667
1.5
-47.0833
-51.5417
-17.5
6.20833
10.9583
5.625
2.875
-0.458333
0.291667
-7.08333
-27.8333
-34.875
-2.70833
42.125
35.9167
-20.0417
-44.8333
-14.0417
23.4583
32.2083
16.75
3.04167
0
0
0
0
0.0416667
3
18.75
39.875
27.7917
-25.75
-58.5417
-27.8333
9.58333
5
-4.25
-1.375
0.375
-0.75
1.25
-1.33333
-18.0417
-38.5833
-25.0417
28.0417
51.0417
7.66667
-39.6667
-35.0417
4.70833
32.7083
26.875
8.125
0.291667
0
0
0
0.5
8.95833
29.8333
39.5417
6.54167
-47.9167
-51.4167
0.0833333
19.1667
-8.04167
-14.2083
0.875
4.91667
-0.625
-0.291667
-3.91667
-13.1667
-31.2083
-32.375
14.375
53.2917
28
-24.9583
-45.3333
-16.5
22
31.125
17
3.95833
0.208333
0
0.0416667
2.75
17.375
38
29.25
-20.5
-60.2917
-31.4167
29
23.9583
-22.5417
-20.875
2.875
-1.29167
-3.70833
-4.54167
-3.58333
-5.70833
-20
-30.5417
0.666667
43
38.1667
-5.20833
-43.7083
-36.6667
5.125
31.7917
26.4167
9.33333
0.875
0
0.208333
6.70833
27.5417
42.25
10.625
-46.375
-55.7083
-3.125
40.75
14.5417
-28.5417
-19.875
-2.625
-14.6667
-7.16667
-10.7917
-6.375
1.66667
-4.5
-19.9583
-4.83333
23.9583
26.375
9.75
-22.7083
-42.5833
-18
21.3333
33.375
18.0417
3.45833
0
2.625
15.875
36.2083
32.4167
-16.1667
-58.0833
-34.5833
19.75
36.7917
1.625
-26.8333
-15.125
-11.8333
-24.6667
-8.625
-14.5417
-11.6667
4.125
11.9167
-2.25
-8.54167
-0.166667
7.45833
16.5417
2.79167
-32.3333
-34.7083
2.125
30.1667
26.6667
10.2917
1.45833
6.45833
26.125
41.125
14.875
-43.25
-56.4583
-4.83333
36.0833
25.25
-13.3333
-27
-10.7083
-16.1667
-27.8333
-9.33333
-14.875
-12.7917
2.08333
17.5833
14.0833
-2.83333
-17.7917
-15.25
12.4167
23.75
-11.5833
-41.125
-19.2083
19.3333
31.6667
19.25
5.95833
13.125
36.0833
36.875
-10
-58.2917
-36.7917
21.2917
34.375
5.375
-24.1667
-22.375
-4.16667
-13.25
-25.4167
-8.58333
-15.6667
-14.1667
1.83333
21.25
22.125
4.08333
-23.1667
-35.375
-2.5
34.6667
15
-32.375
-37.5
-0.333333
30.2083
29.2083
16.8333
24
38.2083
19.25
-34
-57.75
-11.2083
38.5
25.2917
-11.4167
-23.9583
-13.2083
-2.16667
-17.375
-32.375
-6.875
-15.7083
-12.9583
4.83333
22
18.0833
1.95833
-18.4583
-39.1667
-18.75
29.0833
32.1667
-11.4167
-39.2083
-20.375
16.5417
33.375
32.8333
37
34.3333
-3.29167
-52.875
-47.0417
15.4583
48.4583
12.7083
-24.9167
-21
-7.16667
-5.83333
-21.2083
-28.5833
-3.5
-13.3333
-13.75
0.875
19.5417
17.125
0.916667
-15.3333
-35.4167
-28.2917
14.0833
36.7917
11.9167
-29.375
-35.5833
-0.666667
33.0417
48.7083
48.75
22.875
-26.6667
-57.875
-26.8333
33.2917
43.2917
1
-24.25
-17.0417
-8.83333
-8.375
-17.6667
-17.25
-0.875
-8.25
-10.4167
-4.79167
11
13.7083
-2.54167
-11.7083
-20.3333
-26.0833
-4.58333
24.4167
26.8333
-6.54167
-38.5833
-21.8333
28.875
63.375
51.5833
3.04167
-42.4167
-45.125
-3.75
36.875
29.6667
-8.29167
-19.625
-7.79167
-5.58333
-10.125
-16.375
-12.9167
0.583333
-4.91667
-5
-6.08333
-0.416667
5.75
-0.416667
-4.29167
-7.54167
-19.5
-18.8333
4.33333
27.625
16.4167
-24.1667
-31.7083
16.7917
62.75
48.5
-11.7083
-48.25
-25.5
16.375
29.3333
10.375
-11.7917
-12.8333
-1.70833
2.16667
-4.45833
-15.6667
-15.625
-0.25
-4.25
-2.41667
-3.66667
-2.5
-0.208333
-2.20833
-0.458333
0.75
-11.0833
-25.5
-15.6667
19.8333
32.4583
-4.33333
-31.875
4.70833
55.5833
39
-22.5833
-39.8333
-3.95833
20.2083
10.25
-0.75
0.75
-2.70833
-5.625
2.20833
2.625
-12.375
-18.25
-3.41667
-1.29167
2.875
-3.83333
-6.25
-1.70833
-0.416667
1.04167
4.125
-3.58333
-24.7083
-30.0833
2.83333
34.375
17.5
-18.7917
-4.08333
39.0833
23.3333
-23.8333
-21.4167
12.2083
18.7083
-1.33333
-8.79167
2.91667
4
-3.70833
2.41667
5.08333
-10.25
-17.25
-4.875
0.458333
4.70833
-3.70833
-5.29167
0.0833333
0.833333
-0.708333
1.75
1.45833
-15.3333
-32.9167
-15.2083
21.3333
28
4.5
-0.125
15.9583
2.45833
-16.7917
2.20833
24.375
11.1667
-12.6667
-10.125
6.33333
2.58333
-8.5
3.25
11.5833
-4.20833
-14.875
-4.95833
1.91667
3.70833
-3.125
-1.33333
3
2.41667
0.625
-0.333333
0.5
-7
-27.125
-30.0417
-0.0833333
30.25
29.2083
9
-4.75
-11.125
-5.625
16.5
27.75
6.25
-17.9167
-12.5
4.83333
1.625
-9.66667
1.41667
15.625
5.95833
-13.75
-6.20833
2.16667
3.66667
-2.58333
1.16667
4.83333
2.95833
2.70833
-1
-3.91667
-3.16667
-16.5417
-36.9583
-26.1667
23.4167
54.4167
23.2083
-16.875
-16.8333
1.91667
22.9167
25.1667
-2
-19.625
-9
7.91667
1.66667
-16.5833
-5.16667
18.75
13.625
-10.2917
-5.45833
4.54167
3.875
-3.125
1.41667
4.45833
2.91667
5.16667
-0.666667
-8.04167
-2.70833
-7.25
-36.2083
-48.125
9.125
72.875
43.3333
-16.4167
-19.9583
2.70833
19.875
16.0417
-6.79167
-14.4167
-4.20833
6.875
1.66667
-16.375
-10.4583
14.5833
16.9167
-4.91667
41.1667
35.7222
21.0185
-7.75926
-21
-28.0741
-38.7222
-49.2037
-62.4444
-72.6852
-78.2593
-75.4444
-69.1667
-64.5741
-64.2407
-69.4815
-74.5741
-73.7963
-75.037
-77.9815
-85.5556
-90.963
-93.4259
-92.7963
-87.5556
-83.5741
-73.8519
-58.9259
12.5185
5.22222
-7.55556
-29.2222
-45.9444
-52.2778
-59.1481
-67.0926
-76.8889
-84.7778
-88.5926
-87.1296
-82.537
-78.2593
-77.4815
-80.3333
-83.963
-85.9815
-87.1296
-88.9259
-92.6667
-93.6667
-92.7037
-91.2778
-88.9444
-81.6667
-68.8519
-52.5741
0.388889
-0.648148
-1.81481
-5.59259
-18.1481
-20.1111
-17.1481
-16.8148
-19.6481
-25.4259
-26.9074
-26.1852
-24.4815
-23.0185
-22.8333
-23.6296
-25.1296
-25.8519
-25.963
-26.537
-25.2593
-21.4074
-22.5
-26.2222
-30.6852
-25.6667
-19.1111
-10.4444
4.33333
11.3519
18.8704
30.2778
26.8889
24.2963
33.1481
40.1296
41.5926
36.3704
33.9815
34.1667
34.7407
35.6111
36.1296
36.6296
37.1667
38.0185
38.5926
39.8519
45.1667
47.4815
42.4074
32.537
24.2593
25.6852
23.8889
22.9074
4.27778
16.6667
27.037
41.963
47.6852
45.5
51.463
61.4444
67.1667
64.037
59.0556
58.8333
59.5185
60.3889
61.037
61.6667
62.2407
62.9259
63.6481
66.1296
73.1667
71.9259
62.5556
50.7407
46.6296
42.0926
34.2222
26.3519
-1.51852
7.90741
15.3519
24.537
34.7778
32.9259
29.6481
36.5741
42.7778
44.0741
38.8519
36.463
36.5741
37.0926
37.5185
37.8519
38.2222
38.5556
39.4259
43.9444
48.6667
42.8333
34.6667
29.3148
31.0556
24.3333
14.6852
4.37037
-5.11111
-1.12963
4.59259
7.85185
16.7037
19.3519
9.55556
9.44444
16.4815
21.963
19.2222
14.4259
13.2222
13.2963
13.4074
13.5185
13.5741
13.5741
16.1852
21.2037
20.2778
13.9815
7.05556
7.98148
12.5926
7.42593
0.685185
-9.38889
-3.22222
-6
-0.87037
0.796296
5.74074
10.6667
3.61111
-3.83333
-0.481481
7.12963
9.59259
3.33333
0.351852
0.203704
0.203704
0.203704
0.203704
0.537037
5.01852
9.27778
3.01852
-4.03704
-5.92593
-0.037037
2.11111
2.31481
0.722222
-4.2963
-0.333333
-6.72222
-4.61111
-0.62963
2.33333
7.7963
8.35185
-1.87037
-3.7963
2.68519
8.77778
6.03704
1.24074
0
0
0
0
1.75926
7.7037
7.62963
-0.518519
-4.81481
-1.72222
3
2.96296
6.77778
8.68519
6.72222
2.94444
-4.77778
-6.81481
-2.16667
0.814815
3.7963
10.0556
3.66667
-5.59259
-1.83333
5.83333
8.07407
3.85185
0.37037
0
0
0.37037
4.40741
7.37037
3.51852
-3.96296
-5.51852
3.01852
7.64815
7.51852
11.8704
12.963
13.7407
4.07407
-2.18519
-9.11111
-6.40741
-1.53704
0.62963
6.5
7.12963
-3.11111
-4.66667
1.62963
8.98148
7
1.35185
0
0.0185185
1.33333
7.27778
6.98148
-0.555556
-6.25926
-1.96296
6.25926
9.59259
11.2037
13.963
12.1852
10.8704
2.66667
-0.203704
-8.01852
-10.2037
-5.75926
-2.35185
0.944444
6.53704
1.12963
-5.09259
-2.01852
5.96296
8.61111
3.61111
0.12963
0.222222
3.98148
8.64815
3.81481
-3.66667
-5.64815
1.42593
5.81481
8.18519
10.6667
7.83333
5.59259
6.35185
-6.7963
-4.94444
-12.1111
-17.3148
-16.1296
-10.6481
-7.66667
-0.537037
3.77778
-3.14815
-4.92593
2.01852
7.46296
6.72222
1.77778
1.31481
6.66667
6.96296
1.38889
-5.2963
-2.61111
4.59259
3.75926
2.81481
3.87037
-2.46296
-2.31481
1.12963
-16.8704
-10.9444
-13.4444
-20.8889
-24.4259
-18.037
-12.3333
-5.74074
4.03704
0.925926
-5
-2.75926
4.83333
8.85185
4.24074
3.31481
8.51852
4.03704
-3.46296
-5.22222
2.24074
4.62963
0.259259
-3.55556
-6.27778
-15.5556
-13
-5.57407
-26.1111
-18.3333
-14.4815
-19.9815
-26.8148
-23.0926
-13.3519
-5.81481
4.01852
7.38889
-0.333333
-4.16667
1.5
8.61111
8.7963
7.92593
7.64815
0.833333
-5.5
-2.01852
5.12963
3.09259
-1.48148
-5.31481
-11.1481
-12.9444
-10.5556
-3.62963
-15.5556
-9.46296
0.944444
-1.09259
-7.87037
-8.75926
-0.981481
5.7963
9.16667
12.2222
6.40741
-3.64815
-1.61111
5.14815
11.2222
12.3519
5.64815
-1.77778
-6.07407
2.7037
8.38889
4.38889
1.83333
-0.740741
-7.48148
-5.38889
-4.22222
-0.574074
3.85185
7.44444
18.0741
23
17.6481
9.96296
10.7037
15.2037
13.8889
14.3519
11.1481
1.03704
-3.85185
1.87037
13.6111
16.2222
3.61111
-4.46296
-1
6.81481
7.59259
5.22222
5.90741
2.85185
-1.62963
6.16667
10.1111
8.90741
28
26.9259
31.6667
40.1111
39.0185
27.5556
17.1296
15.2407
12.7222
7.64815
8.77778
4.40741
-3.7963
-0.333333
11.463
14.2963
2.2037
-5.57407
1.94444
5.16667
3.94444
3.72222
4
-0.333333
-0.759259
4.51852
10.2037
5.55556
27.2222
23
19.7037
27.7963
31.6481
21.5185
6.51852
-1.25926
-0.314815
-0.981481
3.35185
7.07407
0.0185185
0.833333
8.42593
9.51852
1.83333
-2.51852
4
1.03704
-3.77778
-4.57407
-8.22222
-12.8889
-10.0556
-3.25926
1.44444
-3.74074
10.9444
5.16667
-1.57407
0.37037
8.75926
6.77778
-5.74074
-15.7963
-13.5926
-9
-1.51852
6.01852
6.66667
4.22222
2.25926
1.59259
2.44444
4.5
0.833333
-5.90741
-10.537
-14.2593
-21.9815
-22.3704
-15.7222
-13.1667
-16.0741
-16.5926
-10.3704
-13.9259
-19.7963
-22.963
-14.6481
-7.16667
-10.4074
-19.0556
-18.0741
-7.2037
-0.203704
7.12963
14.6667
8.87037
-2.12963
-5.46296
3.2963
9.87037
0
-7.68519
-13.1481
-21.1296
-27.3704
-24.2407
-16.9074
-17.963
-23.963
-19.9815
-14.7222
-14.7963
-17.8704
-23.8889
-20.0926
-8.16667
-3.14815
-7.35185
-10.2407
-3.46296
1.72222
7.55556
18.1852
12.3519
-3.40741
-9.42593
4.48148
13.1481
4.87037
-2.81481
-7.2037
-15.4259
-16.7037
-10.7037
-3.46296
-10.6111
-15.7778
-10.8704
-7.01852
-6.51852
-7.74074
-12.4259
-14.2407
-5.75926
4.51852
3.38889
-1.51852
-0.666667
1.72222
6.77778
13.8148
9.77778
-2.44444
-8.68519
2.96296
10.3148
11.3519
5.94444
0.833333
-3.72222
0.407407
5.2037
5.51852
0.0185185
-0.444444
-0.333333
-0.962963
-0.351852
0.111111
-1.44444
-5.81481
-4.62963
5.44444
9.96296
4.53704
-1.55556
-0.944444
2.66667
2.46296
2.03704
-1.87037
-4.77778
-2.68519
3.88889
12.5185
10.3148
7.22222
11.9074
18.2778
21.8889
16.4074
14.7593
15.6667
11.6481
-2.77778
-3.87037
-2.27778
-0.925926
-4.64815
-9.18519
-2.87037
6.11111
3.96296
-3.35185
-5.33333
-5.7037
-11.6481
-11.7593
-7.64815
-5.81481
-14.2778
-12.4074
-2.51852
1.64815
2.87037
13.5556
22.4259
23.3148
14.1111
17
18.8519
15.4074
-10.6111
-11.7778
-10.4815
-8.27778
-10.3148
-15.2593
-14.037
-2.09259
0.462963
-5.35185
-8.53704
-12.1667
-19.9815
-19.9074
-12.1111
-9.62963
-22.2778
-24.4444
-16.963
-7.27778
-0.944444
11.2222
19
18.2407
14.4259
16.4815
17.6111
16.5556
-9.94444
-12.4444
-12.8519
-12.5556
-15.0556
-18.2037
-20.6667
-13.463
-7.48148
-10.5
-15.1481
-20.537
-25.4259
-23.9074
-16.8333
-14.4074
-20.5
-26.4074
-23.0185
-11.037
-2.05556
4.75926
8.07407
5.51852
6.33333
5.68519
6.27778
8.33333
-2.98148
-4.83333
-6.59259
-7.61111
-9.74074
-10.5741
-14.8148
-15.8333
-12.2222
-13.2778
-16.8148
-20.8519
-21.8889
-16.1296
-10.7407
-7.94444
-4.96296
-7.33333
-6.18519
1.98148
7.7963
8.14815
2.77778
0.185185
3.2963
0.796296
-1.40741
-1.05556
31.2778
-6.61111
-34.6481
-32.2593
-13.6667
12.2037
32.3333
36.0741
18.0556
-7.35185
-21.8148
-6.44444
17.2222
34.8704
18.2037
-10.8148
-37.5185
-34.1852
-12.6481
9.18519
13.5
11.1481
13.1296
20.8148
17.0556
-2.57407
-28.7407
-44.7593
35.1852
-0.111111
-30.3889
-28.9444
-11.1111
11.5
24.5185
28.2407
18.6667
3.83333
-8.48148
-4.07407
8.90741
19.2407
10.0741
-10
-27.0185
-25.3148
-8.74074
8.07407
15.6667
16.8889
20.463
23.0556
11.6667
-13.9444
-41.963
-48.8519
37.2778
5.18519
-24.8704
-28.037
-7.48148
16.0556
26.6852
22.5741
11.7407
2.01852
-3.68519
-2.35185
3.12963
6.92593
4.22222
-3.2963
-9.12963
-9.07407
-3.68519
2.35185
7.74074
15.537
25.4444
26.2778
5.92593
-27.5556
-52.5
-49.1667
29.3889
6.2963
-19.6296
-26.7222
-10.0556
15.1296
27.9259
23.7407
11.5926
3.2037
-0.12963
-0.166667
1.07407
1.44444
1.01852
-0.481481
-1.44444
-1.64815
-1.12963
0.740741
6.66667
18.537
30.6852
26.0926
-1.96296
-41.2037
-61.3333
-50.3148
20.5556
9.16667
-12.2963
-22.8704
-15.4259
10.1111
27.2963
29.5556
16.7778
6.09259
0.5
0.166667
1.01852
1.16667
0.648148
-0.444444
-1.14815
-1.24074
-0.851852
1.96296
10.3333
24.8704
35.1667
23.5185
-11.5926
-51.1296
-63.7222
-45.8148
14.8148
11.1852
-4.31481
-16.6296
-16.0556
3.2037
22.9815
31.1852
23.2222
11.0741
2.90741
0.296296
0.407407
0.537037
0.407407
-0.0925926
-0.5
-0.722222
-0.0185185
4.94444
16.2222
31.5556
35.5
16.1481
-23.4444
-57.1111
-61.537
-36.2963
6.66667
8.75926
1.75926
-9.81481
-12.6296
-2.59259
16.6111
29.1667
28.3704
17.3519
6.77778
0.981481
-0.277778
-0.148148
0.351852
0.185185
0.0185185
-0.148148
2.46296
10.1481
23.9444
35.2037
31.0556
4.03704
-34.2963
-59.963
-55.537
-25.3333
-4.33333
5.11111
5.74074
-2.25926
-9.14815
-6.61111
8.22222
25.0556
30.9074
23.7407
11.2037
3.05556
0.0740741
-0.0740741
0.037037
0.037037
0.037037
0.37037
4.96296
15.5556
30.963
36.6852
24.2963
-9.64815
-43.7222
-61.0741
-47.0556
-13.6296
-14.3889
1.72222
8.88889
4.75926
-5.38889
-9.37037
-1.2037
16.5185
28.8148
28.5741
17.4444
6.81481
1.24074
0
0
0
0
1.75926
9.25926
22.7407
35.8148
33.5741
11.9444
-24.4444
-53.1481
-58.6667
-36.2593
1.5
-21.6667
-5.27778
8.24074
8
-0.574074
-9.53704
-7
6.33333
23.5185
29.8333
24.2778
12.1296
3.90741
0.37037
0
0
0.37037
4.62963
15.037
30.1852
36.6481
25.537
-3.64815
-35.5185
-54.6481
-49.6852
-24.9815
8.46296
-28.0926
-14.7963
2.44444
10.9259
6.35185
-4.48148
-10.5556
-3.37037
14.5556
28.2222
29.2963
18.3704
7.44444
1.35185
0
0.0185185
1.33333
8.38889
21.7037
35.6111
34.2963
14.5926
-16.1852
-40.7407
-49.1296
-40.4259
-18.7037
4.7037
-32.2222
-23.9259
-6.51852
11.8519
13.1852
4.37037
-10.1111
-10.3519
2.7963
22.5741
30.7593
25.2407
12.3333
3.61111
0.12963
0.222222
3.98148
13.9259
29.3704
37.1111
27.4074
0.259259
-26.5185
-42.2593
-41.6111
-32.5556
-15.2963
0.907407
-34.7407
-30.7778
-11.8333
15.5185
22.0926
12.5185
-9.33333
-16.7037
-8.44444
12.7963
27.7407
29.0741
18.8519
7.83333
1.77778
1.31481
7.77778
20.5741
35.1667
34.8148
15.0556
-15.1852
-34.4074
-35.963
-28.6852
-19.3519
-11.0926
-2.42593
-29.9815
-31.2778
-15.4444
13
27.3519
18.0741
-5.33333
-21.8519
-17.1296
1.14815
22.8333
30.5185
25.5556
12.9074
4.24074
3.37037
12.5185
27.8148
37.9815
29.4444
1.68519
-25.3148
-36.6852
-27.4444
-17.9444
-10.5
-11.8889
-10.1852
-23
-24.2222
-15.3148
10.6296
24.2407
19.9074
-3.96296
-20.9815
-22.0926
-7.88889
13.8333
28.2222
30.1667
19.4444
9.18519
8.59259
19.5926
33.8333
35.6667
18.537
-12.2593
-31.5741
-33.3148
-17.3704
-8.64815
-6.77778
-14.8333
-18.4074
-17.2222
-13.9074
-11.5
6.7963
14.9074
16.2407
-2.87037
-16.1481
-21.8889
-12.9444
3.74074
21.963
30.3333
25.7037
16.5556
16.2963
27.7593
37.6111
30.1481
4.25926
-25
-32.6667
-23.1111
-3.35185
-1.14815
-8.16667
-23
-28.1852
-13.2593
-7
-7.64815
4
7.09259
10.2963
-3.12963
-12.2963
-18.9444
-15.2593
-4.12963
13.3148
27.6481
30.037
26.1111
26.2778
35.7222
37.3704
22.1111
-8.12963
-30.963
-30.2222
-13.9815
4.35185
0.425926
-11.6111
-28.4444
-31.7593
-10.2222
-0.796296
-2.33333
1.94444
-1.2037
1.27778
-4.48148
-7.37037
-11.7778
-13.7963
-9.88889
2.74074
21.2593
32.8333
37.3519
38.9074
40.9259
32.4259
8.44444
-19.6111
-33.7222
-21.6667
-3.05556
10.2222
-1.37037
-16.2593
-31.6852
-34.7778
-9.05556
3.22222
3.53704
2.68519
-5.96296
-6.25926
-7.7037
-4.87037
-6.87037
-10.2593
-12.8148
-5.09259
12.2407
32.4444
45.9815
51.963
45
25.2037
-7.16667
-29.5741
-32.1667
-9.57407
8.83333
13.6667
-5.05556
-21.7593
-33.6667
-34.5185
-9.05556
7.05556
10.3148
5.87037
-9.7963
-14.6667
-13.6852
-4.51852
-3.75926
-6.27778
-13.4074
-9.37037
4.83333
30.6111
52.3148
60.8148
47.1111
16.2222
-18.7222
-35.8519
-25.9815
2.18519
18.0741
11.6296
-12
-27.1667
-31.6296
-30.2593
-8.75926
9.90741
15.3704
9.87037
-10.9259
-21.4444
-19.7407
-6.83333
-0.62963
-3.31481
-11.2037
-12.1481
0.777778
27.9259
56.1481
64.2593
45.2407
6.03704
-26.9444
-36.1296
-17.037
10.9259
19.963
8.03704
-12.3519
-21.3519
-25.5185
-30.3148
-5.33333
11.4259
14.9074
7.22222
-13.2593
-25.6111
-23.037
-9.68519
0.87037
0.0925926
-6.05556
-9.66667
0.407407
24.5185
53.0926
60.7407
40.3704
-0.0185185
-29.3519
-31.537
-8.25926
16.5185
17.7963
2.12963
-14.0741
-16.3889
-19.3333
-27.537
-4.35185
8.75926
12.8148
5.74074
-13.2407
-26.5926
-27.3704
-13.2778
-0.574074
4.5
-1.66667
-5.83333
0.0925926
22.6667
48.8333
56.037
34.6296
-4.12963
-28.7593
-26.5
-1.5
17.1111
16.5741
-1.12963
-12.8704
-15.037
-14.1667
-19.9444
-3.46296
1.81481
6.5
1.66667
-9.25926
-21.6296
-25.2778
-17.2037
-5.7963
3.83333
0.888889
-1.66667
1.62963
21.9815
44.1296
47.8889
26.4815
-7.44444
-22.2593
-15.7963
6.66667
14.7963
11.3333
-4.61111
-10.4815
-12.3519
-10.6111
-15.7407
-3.83333
-3.7037
0.277778
0.574074
-2.98148
-12.4074
-20.7037
-20.7222
-13.3148
-1.85185
1
1.40741
5.85185
21.963
39.4074
37.9074
19
-7.68519
-12.8519
-4.90741
11.7037
10.6667
4.7037
-8.85185
-10
-9.55556
-4.64815
-8.53704
-3.22222
-3.22222
0.796296
1.77778
1.96296
-5.2037
-14.9259
-23.037
-22.1481
-11.8519
-2.7037
4.83333
11.6296
24.7593
34.7778
29.3704
11.5
-5.44444
-4.01852
4.05556
10.8333
5.22222
-0.444444
-8.03704
-8.74074
-7.35185
-2.11111
-3.38889
-2.27778
-2.33333
1.59259
2.77778
5.38889
0.518519
-9
-22.7407
-30.8148
-25.1111
-11.537
7.62963
21.3519
32.7593
32.7778
21.4259
5.33333
-2.12963
4.14815
8.57407
7.38889
-1.07407
-3.03704
-6.59259
-6.33333
-5.53704
0.277778
0.166667
-0.481481
-1.16667
1.2963
2.61111
4.75926
2.53704
-5.37037
-18.5
-34.2778
-36.3333
-23.4259
7.59259
34.8333
45.8704
35.0926
11.5
-1.46296
-1.83333
10.8704
9.14815
3.62963
-8.07407
-4.61111
-6.03704
-2.7037
-2.92593
3.81481
2
-57.1667
-21
-0.333333
12.3333
5.44444
14.9444
29.8333
54.4444
51.1111
24.8889
-18.8333
-31.6667
0.444444
39.3889
59.8889
21.7222
-11.8889
-43.9444
-33.3889
-13.6667
10.2778
18.2222
14.0556
21.7222
39.6667
39.3889
24.2778
0.944444
-4.88889
-10.6667
-21.8889
-32.2778
-35.7222
7.38889
24.3333
19.8889
0.666667
3.16667
24.7778
53.7778
59.0556
35.1111
-6.22222
-26.2222
-9.94444
18
37.2222
9.5
-26.3333
-58.2778
-40.0556
2.66667
45.5556
53.2778
34.1111
17.1111
17.1667
16.7222
11.1111
1.66667
-4
-15.2778
-37.2222
-55.3889
-6.33333
10.8889
24.5556
16.6111
0.722222
-10
-0.777778
21.2778
37.5
32.3889
9.66667
-11.9444
-12
0.166667
12.8333
1.44444
-20.2222
-37.6667
-25
7
36.3889
43.5
27.8889
11
-1.22222
-1.61111
1.88889
10.7222
10.6667
-4.94444
-31.1111
-52.6667
3.33333
-16.5
0
4.5
-1.5
-24.4444
-30.2778
-13.6667
2.11111
7.77778
0.833333
-6.55556
-6.11111
-0.611111
4.55556
1.16667
-7.55556
-13
-9.05556
1.77778
11.3889
13.8333
9.61111
3.38889
-2.11111
-0.277778
12.3889
30.2222
34.9444
9.94444
-17.7222
-35
9.38889
-39.8333
-36.3333
-15.1667
-8.05556
-31.3333
-51.3889
-37.0556
-15.9444
-0.944444
0.444444
-1.33333
-0.833333
0.277778
0.166667
-2.55556
-4.72222
-5.05556
-3.5
-2.16667
-0.611111
0.111111
0.666667
-0.166667
-1.5
7.22222
28.2222
51.7778
49.1667
14.4444
-11.8333
-13.1667
17.5556
-33.7222
-54.5
-32.7222
-12.6667
-22.2222
-47.2778
-45.9444
-24.7222
-5.94444
0.5
-0.944444
-1
-0.333333
-0.444444
-1.94444
-3.83333
-4.38889
-3.66667
-2.27778
-0.722222
0.0555556
0.388889
-0.0555556
0.833333
15.5556
38.7222
56.2778
35.1667
2.38889
-11.4444
14.7778
34.8889
-2.77778
-50.5556
-46.5
-11.2778
4.72222
-11.3889
-35.5556
-29
-15
-2.16667
-0.611111
-0.833333
-0.555556
-0.555556
-0.944444
-1.77778
-2.16667
-2.16667
-1.5
-0.666667
0
0.111111
0.388889
6.61111
26.1667
39.5556
32.4444
-9.83333
-23.7222
-7.33333
44.0556
39.3333
20.6111
-28.7778
-50.6667
-10.1111
26.1111
25.7222
-17.6111
-34.3333
-26.2778
-8.33333
-0.666667
-0.722222
-0.722222
-0.555556
0.388889
0.166667
-0.111111
-0.666667
-0.388889
-0.166667
0
-0.111111
2.5
17.2222
32.8889
32.7778
-4.72222
-45.3889
-42.9444
0
51.6667
33.0556
33.1111
-3.55556
-41.4444
-21.6667
26.5556
44.7778
9.27778
-31.3889
-33.8889
-17.2222
-1.77778
-0.111111
-0.111111
-0.111111
0.111111
0.111111
0.111111
0
0
0
0
0.111111
6.38889
27.9444
38.3889
20.8333
-38.0556
-63.2778
-47.5556
6.22222
29.5556
22.1667
35.2222
16.6667
-23.2778
-38.6667
3.83333
38.0556
32
-14.7222
-34.9444
-27
-8.61111
-0.777778
0
0
0
0
0
0
0
0
0
1.55556
14.7222
34.7778
33.4444
-3.27778
-53.7778
-53.8889
-26.2222
6.83333
0.777778
9.5
27.6667
28.0556
-1.11111
-41.5556
-24.4444
22.8889
45.6667
12.8889
-28.7222
-35.0556
-19.1111
-4.05556
-0.0555556
0
0
0
0
0
0
0
0.222222
7.66667
25.1111
36.4444
18.1111
-32.4444
-61.0556
-42.5556
0.777778
15.2222
-2.33333
3.05556
16.8333
32.2222
17.3333
-24.1111
-42.3333
-0.222222
40.0556
36.9444
-13.0556
-37.1111
-29.9444
-9.38889
-0.444444
0
0
0
0
0
0
0
1.11111
14.6667
33.7222
34.2778
-3.33333
-52.1111
-54.6667
-17.6667
22.7778
18.7778
6.44444
-0.166667
6.77778
30.1111
30.6111
1.55556
-40.7222
-26.2222
19.3333
43.5556
12.6667
-27.6111
-34.9444
-18.8889
-3.72222
0
0
0
0
0
0
0
5.27778
24.6667
37.6111
22.6667
-27.2222
-54.2222
-36.3889
7
27.3333
18.6111
11.8333
2.61111
4.27778
21
34.6667
19.2222
-23.5
-46.2778
-7.05556
35.7778
36.5
-6.44444
-34.3889
-28.2778
-11.6111
-1.11111
0
0
0
0
0
1.11111
13.4444
29.7778
33.4444
-1.88889
-42.6667
-43.3889
-1.11111
35.2222
29.9444
9.55556
-0.666667
1.88889
2.66667
11.3889
30.8333
27.1111
-3.88889
-47.7222
-28.4444
21.2778
50.1667
18.8889
-26.7222
-36.3333
-21.4444
-4.05556
0
0
0
0
0.0555556
4
22.9444
35.5
24.0556
-28.1667
-51.0556
-26
33.5
48.7222
29.4444
0.833333
-13.2222
1.16667
1.66667
4.27778
20.0556
27.2778
11
-30.6667
-39.8889
1
44.6667
39.3333
-7.22222
-36
-29.5556
-10.8333
-0.388889
0
0
0
0.666667
11.9444
31.2222
34.7778
2.72222
-46.1667
-45.1667
-2.83333
48
42.5556
16.8889
-4.72222
-18.7222
-1.88889
-2.27778
-4.22222
0.277778
12.7778
16.2778
-3
-25.6111
-12.3333
32
47.5
20.7222
-23.7778
-33.4444
-21.2778
-5.27778
-0.277778
0
0.0555556
3.66667
21.1111
34.2222
26.6111
-22.4444
-51.4444
-33.5556
19.6667
43.9444
27.1111
4.11111
-1.33333
-9.88889
-5.22222
-10
-17
-16
0.833333
23.3889
26.4444
-1.55556
-18.0556
9.05556
43.9444
41.3889
-3.16667
-33.6111
-30.6111
-12.4444
-1.16667
0
0.277778
8.83333
29.5556
34.5
7.55556
-42.7222
-45.3889
-7.61111
31.6667
21.7778
0.5
-8.88889
1.44444
-6.33333
-7.05556
-17.6111
-31.5
-28.8333
-10.3333
31.7222
52.3333
35.3889
-9.38889
-15.2778
21.5556
45.4444
22.2778
-24.8333
-36.6667
-23.2778
-4.61111
0
3.5
19.8333
34.8889
26.7222
-20.0556
-49.2222
-32.2778
16.2778
27.7778
7.27778
-6.77778
3.83333
6.38889
-8.27778
-5.61111
-18.4444
-30.8333
-21.2222
4.11111
43.7778
64
42.6111
-8.44444
-42.6111
-11.7222
30.3333
37.6111
-2.83333
-32.9444
-30.5
-13.1667
-1.72222
8.5
27.8333
36
12
-39.9444
-44.4444
-7.16667
40.2222
24.1667
-5.5
-15.7222
-0.0555556
-6.61111
-20.1111
1.27778
-4.66667
-10.6667
-6.66667
10.2222
37.0556
52.8333
41.1667
-7.44444
-51
-45.0556
9.77778
42.2778
23.6111
-21.7778
-36.3889
-24
-5.05556
16.5
34.6667
31
-12
-47.1111
-29.5
21.0556
39.8889
14.2778
-12.3889
-12.8889
-3.94444
-9.05556
-8.83333
6.83333
12.5
17.2222
14.1667
17.9444
17.5556
22.6667
13.3333
-7.66667
-40.9444
-53.6111
-13.4444
33.1111
43.9444
1.11111
-33.3889
-32.5556
-6.22222
23.9444
33.2778
10.9444
-34.7222
-42.6111
-10.1667
37.2778
30.7222
9.16667
-13.6667
-12.1111
-15.0556
-10.6111
1.55556
8.88889
22.8889
33.2222
25.0556
9.77778
-10.5
-11.7778
-2.66667
7.72222
-7.66667
-35.9444
-30.2778
12.9444
44.1667
25.3333
-18.6111
-32.9444
-6.94444
25.3333
29.1111
-14.0556
-49.5556
-38
8.44444
33.7778
11.2778
-6.44444
-12.2222
-5.16667
-7.44444
2.16667
17.2222
9.66667
21.3889
28.7778
23.3333
8.27778
-17.1667
-24.7222
-14.6667
18.1111
21.6111
-5.61111
-35.2222
-13.8889
30.2222
40.5
6
-23.0556
-5.11111
19
11.8889
-36.5556
-50.1667
-27.5556
13.0556
11.6111
-2.16667
-8.94444
-0.277778
5.22222
3.16667
7.16667
12.5
8.27778
13.3333
16.8889
14.6111
5
-14.5556
-21.9444
-12.3333
22.6111
41.1111
22.6667
-24.8333
-37.0556
2.94444
38.7778
30.3333
-2.22222
-5.27778
2.61111
-16.4444
-44.3889
-41.1111
-6.83333
11.2778
-4.05556
-18.7222
-16
0.777778
14.2222
16.8889
17.1111
15.4444
4.11111
3.83333
5
6.27778
5.55556
-1.27778
-8
-6.88889
10.8333
36.4444
34.7222
-4.38889
-41.1667
-23.2222
23.5556
44.7778
28.7222
0.833333
-16.8333
-48
-43.6667
-21.1111
20.3333
8.38889
-13.5556
-30.8333
-18.4444
-3.83333
14.5
22.8889
25.8889
17.4444
-3.5
-5.83333
0.333333
4.11111
6.5
3.66667
0.166667
-1.88889
2.55556
21.8889
34.2222
12.3889
-26.3333
-37.9444
3.44444
43.0556
48.7222
8.5
-33.2778
-59.2222
-33.5556
3.33333
31.8889
5.38889
-18.0556
-35.7222
-20.8889
-11
7.05556
21.6111
30.6111
26.6667
-8.61111
-10.1111
0.611111
5.55556
8.66667
7.44444
7
6
0.5
7
21.3333
22.6111
-4.38889
-35.0556
-19.2778
26.1667
49.1667
14.2778
-39.5
-51.5556
-20.0556
22.4444
28.7778
6.38889
-15.5
-21.0556
-11.5556
-7.33333
-5.55556
6.77778
18
23.2778
-8.27778
-9.55556
0.833333
2.83333
6.33333
5.44444
10.0556
11.2778
5.94444
1.11111
9.94444
26.0556
15.5556
-18.0556
-36.3333
-5.61111
23.4444
11
-29
-30.3889
-1.5
27.1667
17.8889
3.83333
-3.83333
2.22222
6.27778
-0.5
-14.4444
-13.5556
-0.555556
17.2222
-7.05556
-7.33333
-4.61111
-5.38889
-3.16667
2.05556
10.5556
16.2778
13.5
6.66667
8.44444
27.7222
25.6667
-4.27778
-42.1667
-31.6111
-3.05556
4.66667
-10.4444
-10.0556
8.77778
18.1667
12.5
11.8889
14.7778
19.0556
9.11111
-1.11111
-18.7222
-22.4444
-14
4.05556
-3
-4.27778
-12.4444
-13.5556
-11.1667
-0.277778
6.83333
12.1667
13.4444
10.2222
10.6667
22.1667
24.7222
-0.0555556
-36.8333
-45.3333
-19.9444
6
14
15.6111
16
11.7222
4.88889
7
14.7778
19
9.11111
-4.16667
-17
-21.6667
-13.1667
0.666667
-2.33333
-1.44444
-10.5556
-9.16667
-9
-1.27778
0.944444
4.61111
9.33333
10.2778
10.3333
11.1111
10.5556
-7.16667
-27.7222
-35.6667
-13.6667
19.3889
36.3889
37.6667
15
2.05556
-7.77778
-0.222222
1.27778
2.83333
-3.77778
-3.33333
-3.94444
-5.38889
-7.61111
-6.94444
-10.78
-6.58
-3.16
3.48
7.68
14.44
15.76
11
5.76
6.94
9.54
9.86
14.22
3.54
-11.04
-17.32
-14.58
-13.42
7.74
27.66
29.06
33.64
45.68
43.74
37.66
33.92
17.52
-10.74
-23.84
-23.46
-23.02
-19.62
-12.58
-4.08
2.12
1.52
0.44
4.06
4.46
-0.02
-0.1
-8.1
-18.04
-20.14
-12.12
-4.2
14.38
28.24
28.2
29.92
38.56
39.96
37.6
37.44
26.02
2.8
-30.92
-36.22
-40.26
-43.98
-36.2
-27.6
-17.42
-10.98
-5.28
-0.78
0.68
-4.28
-7.9
-13.2
-17.34
-16.86
-9.32
0.54
12.98
21.24
22.54
26.84
34.3
39.66
41.18
41.4
33.12
15.74
-29.5
-39.98
-45.18
-52.12
-50.02
-44.64
-37.44
-30.54
-21.7
-11.5
-4.52
-3.42
-4.14
-5.76
-7.66
-7.46
-5.04
-1.68
2.68
6.96
11.98
21.98
34.4
42.08
43.36
40.92
30.94
17.3
-29.06
-39.64
-41.94
-42.86
-40.76
-39.18
-37.52
-32.72
-26.84
-17.44
-7.2
-2.24
-2.34
-2.64
-3.38
-3.7
-3.26
-2.6
-1.88
1.34
10.18
23.28
32.92
36.8
33.32
24.08
10.66
7.28
-18.94
-32.56
-32.7
-28.32
-25.56
-29.78
-31.76
-32.14
-30.38
-24.08
-12.12
-4.14
-1.96
-2.14
-2.68
-2.9
-2.6
-2.08
-0.86
4.92
17.08
28.32
32.86
30.68
19.54
2.2
-9.76
-4.76
-2.56
-15.94
-19.04
-14.26
-8.98
-16.02
-24.1
-29
-31.52
-30
-18.96
-7.8
-2.46
-1.28
-1.46
-1.6
-1.54
-1.16
1.86
10.46
24.88
33.08
32.02
21.7
4.76
-20.64
-32
-20.88
9.08
-2.36
-9.9
-4.9
1.58
-2.28
-14.04
-22.52
-29.44
-31.18
-24.5
-12.42
-3.78
-0.22
-0.18
-0.24
-0.2
0.24
5.06
16.34
29.58
32.34
26.28
10.42
-12.38
-38.88
-45
-30.06
16.14
7.78
-3.46
-2.18
6.16
6.14
-5.24
-16.22
-25.76
-31.22
-29
-18.56
-7.4
-1.3
0.04
0.04
0.04
1.94
10
22.64
31.58
29.96
18.62
-2.34
-27.36
-45.5
-43.84
-25.4
21.9
14.28
4.04
-2.1
3.68
7.44
1.8
-12.5
-22.5
-30.54
-32.48
-26.14
-13.1
-4.22
-0.4
0
0.4
5
16.16
29.12
32.68
26.92
12.92
-9.6
-33.24
-38.44
-28.4
-12.58
23.32
17.44
7.64
-3.04
-2.46
6
6.52
-4.08
-15.34
-24.92
-31.4
-29.74
-19.28
-8.04
-1.46
0.02
1.44
9.06
22.38
31.64
29.82
22.14
6.52
-16.46
-30.2
-23.02
-10.44
-0.46
23.78
17.26
8.42
-2.56
-9.6
0.86
8.04
4.04
-7.3
-17.16
-27.84
-30.54
-24.76
-13.28
-3.9
0.1
4.3
14.88
26.92
31.22
25.12
13.98
-2.82
-20.56
-24.02
-7.54
7.3
10.86
20.56
14.86
8.48
1.46
-5.5
1.86
12.94
14.86
3.78
-10.08
-23.44
-31.2
-30.34
-20.34
-8.44
-0.58
8.3
21.48
31.22
30.26
19.98
7.24
-12.12
-24.26
-16.42
8.36
20.22
20.38
13.1
10.98
9.16
6.36
2.48
6.78
17.44
22.02
15.46
-0.76
-17
-28.76
-31.68
-26.18
-13.84
-1.26
13.1
26.54
30.72
26.34
14.72
-1.28
-19.82
-20.22
-3.7
17.9
26
22.94
1.26
5.74
8.22
12.5
11.9
15.94
20.24
26.24
22.24
9.3
-9.9
-23.56
-30.54
-29.12
-18.94
-1.04
18.7
30.32
29.5
21.3
7.84
-10.94
-24.16
-15.92
5.46
19.36
23.6
18.94
-6.66
3.64
12.44
22.6
25.42
25.88
22.3
23.2
21.18
12.76
-5.36
-19.58
-28.8
-31.48
-23.68
-2.16
21.62
31.22
26.78
17.54
2.32
-18.3
-24.4
-9.42
7.14
13.42
15.8
10.56
-12.14
2.8
16.98
30.36
36.66
34.46
25.22
18.56
16.66
12.56
-0.2
-15.76
-25.6
-31.16
-24.92
-3.52
19.72
27
22.7
12.14
-5.82
-20.98
-18.62
-2.18
9.02
13.62
12.86
6.8
-7.3
8.88
26.44
37.14
37.9
30.5
16.98
3.96
3.5
7.3
3.84
-7.76
-17.98
-24.78
-19.54
-1.62
15.98
21.58
15.78
4.18
-12.4
-20.7
-10.44
6.94
10.62
7.14
3.9
-4.28
4.34
15.82
30.64
39.62
34.68
22.54
8.14
-5.14
-9.44
0.08
5.1
-0.62
-11.96
-16.84
-13.36
-0.54
8.74
12.72
8.34
-5.1
-21.46
-20.36
-4.42
6.22
6.2
4.6
-0.28
-8.22
19.9
24.2
30.08
33.76
28.08
10.7
-0.88
-9.38
-14.32
-7.38
4.48
5.48
-4.82
-8.6
-6.02
-2.36
-2.04
-1.1
-5.48
-18.24
-26.14
-17.6
-0.3
6.8
7.46
5.44
0.64
-5.54
27.34
26.76
23.18
20.34
16.06
2.18
-4.94
-7.78
-9.92
-7.32
4.24
9.48
6.32
3.32
3.36
-0.94
-8.7
-14.54
-20.26
-30.16
-29.24
-16.64
-2.68
1.46
5.1
3.88
3.04
2.46
29.44
25.86
18.36
11.28
8.48
-0.66
-4.4
-4.22
-3.54
-4.96
2.42
12.04
16.64
16.16
11.52
0.36
-13.28
-24.54
-35.64
-39.26
-29.72
-19.2
-13.22
-7.1
-1.36
-1.78
2.76
10.6
25.94
21.04
11.68
4.38
7.34
5.58
5.54
7.28
6.8
0.54
-0.44
8.42
19.5
21.96
11.66
-2.62
-17.82
-34.98
-45.26
-42.42
-27.96
-20.7
-18.76
-15.68
-6
-2.64
6.94
22.32
18.7
16.76
8.8
1.84
7.8
12.16
13.7
15.6
15.48
6.32
-1.12
4.3
18.42
22.52
11.4
-5.56
-19.18
-38.94
-46.58
-38.16
-17.54
-15.02
-15.92
-15.4
-7.16
-6.98
6.74
24.28
7.3
8.12
6.44
3.06
8.18
16.86
21.96
21.68
20.58
12.88
2.28
0.68
13.54
17.02
7.4
-7.16
-18.96
-35.92
-37.36
-25.82
-9.3
-8.28
-12.12
-16.78
-14.44
-11.38
3.24
20.96
-1.62
0.72
5.46
8.16
13.46
22.24
29.9
29.44
23.68
15.32
5.64
-1.12
0.44
5.04
0.94
-10.88
-20.58
-25.46
-22.88
-12.44
-0.36
2.98
-3.58
-10.88
-13.6
-10.94
-2.92
11.68
-5.04
-2.7
3.4
9.7
14.74
21.62
30.88
33.04
24.38
15.36
5.88
-6.1
-15.8
-11.24
-7.44
-10.36
-13.64
-9.12
-2.5
3.7
8.76
12.6
9.54
-1.06
-7.64
-8.66
-6.84
-0.14
-7.22
-4.88
1.2
8.44
11
16.22
25.38
30.74
22.9
13.12
5.42
-8.32
-25.64
-21.64
-6.88
-3.74
-1.96
9.54
15.22
14.08
13.42
15.24
12.8
3.92
-6.56
-8.3
-8.52
-8.62