-150.75
-129.75
-102.375
-71.5
-37.875
-7.625
20.25
39.875
51.125
57.375
64.625
70.25
74.125
71.75
54.5
32.375
16.5
27.375
60.375
98.625
131.25
139.875
134.5
120.125
103.75
89.125
75.5
63.875
42
12.375
-21.25
-52.75
-74.375
-75.625
-49.25
-25.5
-6.75
3.5
18.625
36.75
53.875
69.875
72.75
63.625
49.125
27.375
13.5
9.5
8.5
12.25
12.625
16.125
18.375
15.5
13.875
5.25
1.375
-1
-19.375
-40.5
-68.75
-97.625
-121.25
-138.375
-140.875
-123
-80.125
-21.5
15.875
31.75
48.125
57.125
58
57
49.375
42.75
30.25
8.125
-19.375
-50.625
-72.5
-77.25
-63.125
-39.875
-24.25
-35.25
-72.375
-116.875
-152
-162.25
-150.5
-134
-138
-146.5
-154.375
-148.875
-110.5
-56.5
3.25
62
112.75
140.625
50
57.5
72
84.5
79.5
64.75
38.875
4.375
-27.875
-56.75
-80.25
-92.625
-92.875
-81.5
-62.125
-41.875
-27.625
-33.625
-57.375
-89.875
-125.125
-150.625
-167.375
-177.375
-172.5
-139.5
-82.5
-10.25
64.875
118.625
149
154.125
138.375
109
77.875
62.5
53.375
49.5
45.25
33.875
8.625
-30.75
-64.625
-81
-82
-67.75
-48.5
-31.625
-18.125
-10.125
-5.375
-4.75
-7.25
-14.125
-27.375
-46.875
-70.375
-89.5
-84.875
-53
1
56
92.875
101.25
88.5
66.25
39.375
15.625
64.5
45.75
25.625
12.75
4.625
-10.875
-34.5
-58.875
-69.875
-61.5
-42.5
-23.625
-10.125
-1.125
5.25
7.875
8
5.125
1.375
-0.625
-2.375
-5
-9.75
-15.25
-16.5
-33.75
-49.375
-55.75
-54.875
-36.375
-18.125
-14.625
-26.25
-48
27.25
22.25
13.375
4.75
-14.125
-36.75
-54.125
-60.875
-48.375
-29
-12.875
-3.75
2.25
8.5
13
15.75
14.75
10.25
5.875
2.75
0.625
-0.375
-1.125
-2.25
-4.75
-27.75
-67.625
-103.875
-126.125
-123.375
-105.875
-100.125
-113.375
-132.625
5.625
7.875
9.875
-0.125
-22.375
-40.25
-49.5
-42.875
-23.75
-9.375
-2.625
2.875
8
11.625
13.25
14.125
13.5
11.875
9.75
5.75
2
0.25
-0.125
-0.125
-1
-5.25
-23.5
-58.5
-98.625
-137.5
-164.375
-170
-167.625
-154.625
-4.875
0.25
1.625
-15.75
-28.75
-38.5
-40.5
-22.5
-8.25
-1.5
3.25
8.25
11.375
11.25
8.5
6.75
7.25
10.125
11.125
8.5
4.875
1.625
0.125
-0.25
-0.5
-0.75
-3.5
-18.75
-48.625
-81.75
-109.5
-117
-103.25
-80.25
-11.375
-1
-7.625
-26.5
-27.25
-37.25
-30
-9.125
-1.875
1.625
6.75
8.75
8.375
6
1.125
-0.75
0.25
4.25
7.25
7.625
6.75
3.25
0.375
-0.25
-0.625
-1
-1.5
-4.375
-14.5
-23.875
-28.5
-29
-19.25
-8.75
-8.5
1.25
-10.875
-19.375
-19.875
-28.5
-14.5
-2.5
-0.125
1.875
3.875
2.125
-0.875
-2.875
-5.25
-6.125
-5.875
-4.375
-2
1.125
3.75
2.5
0.375
-0.25
-0.5
-0.875
-1.25
-1.75
-3.875
-5.875
-5.25
-2.75
2
7.125
2.375
-10.875
-27.25
-26.875
-36.25
-22.5
-3.875
-0.375
-0.125
-0.125
-2.625
-6.375
-9.375
-9.5
-7.375
-6.75
-8
-10.75
-10.75
-7.375
-3.125
-0.375
-0.5
-1.25
-1.25
-1.25
-1.375
-0.875
-1.5
-3.5
-5.125
-6.375
-9
-11.25
12.75
-19.125
-36.5
-38.875
-48.625
-18
-1.25
-0.125
-0.125
-1.625
-6.25
-9.75
-11
-9.875
-5.375
-3.125
-4.875
-9.375
-12
-11.375
-8.5
-3.875
-1.625
-1.375
-1.5
-1.125
-0.75
-0.5
-0.625
-2.125
-5.25
-7
-11.25
-15.25
10.75
-9.875
-20.625
-25.625
-27.625
-8.75
-0.375
-0.25
0
-1.75
-4.875
-6.5
-6.75
-5.25
-2.125
-0.375
-1
-3.5
-6.875
-8
-7.5
-4.875
-1.125
0.25
0.375
0.5
0.5
0.125
0.125
-0.5
-3.125
-3.125
-4
-4
-3.75
-8.75
-11
-13
-7.125
-2.125
0.25
0
-0.125
-1
-1.625
-1.75
-2
-1.25
-0.625
-0.375
0
-0.625
-1.875
-2.5
-2.75
-0.5
3.375
6.5
8
6.625
4.375
2
0.75
0.375
-0.625
-0.875
-0.625
-0.5
-11
-11.625
-10.25
-10.5
-2.375
-0.75
0
0.125
-0.25
-0.375
-0.375
-0.25
-0.25
-0.5
-0.375
-0.5
-0.5
-0.375
-0.25
-0.375
0
2.25
5.875
10.875
14.5
14.125
10.625
5.75
2
0.375
0
-0.375
0.25
-0.125
-6.125
-7.5
-7.875
-8
-2
-0.875
-0.25
0
0.125
0.25
0
-0.25
0
-0.5
-0.125
-0.125
-0.5
0
-0.125
0.125
0.625
-0.375
0
2.5
6.5
10.75
11.75
9.25
5
2
0.5
0
1
1.5
1.375
-0.75
-3.25
-4
-1.125
-0.5
-0.25
0.125
0.5
0.5
0.25
0
0.125
0.25
0.375
0.375
0.875
2.25
3.875
6
7.5
6
2.625
-0.25
-0.25
3.5
8.75
10.875
9.125
5.75
2.25
1.125
5.625
15.375
6.25
6
4.5
2.375
1
0
-0.5
-0.25
-0.125
-0.25
-0.25
0.125
0.125
0.875
0.75
1.625
4.375
8.25
13.125
17
19.375
19.5
16.75
11.875
7.375
5.5
7.75
10.75
11.25
8.75
4.625
2.625
14.5
38.625
4.375
6.25
7.375
6.25
2.75
0.5
-0.625
-0.625
-0.375
0
0.375
0.75
0.5
0.625
0.25
2.375
6.875
11.25
15.375
16.75
16.125
15.375
14.75
12.75
9.5
6.625
5.5
7.25
7.5
6.5
4.25
2.625
16.75
39
1.875
4.875
6.625
7.75
4.625
1.25
-0.25
-0.25
0.375
0.625
0.625
0.5
0.125
0.125
-0.125
1.625
4.375
4.25
3.125
-0.5
-5.375
-7.625
-7.875
-6.625
-4.25
-2.25
-1.25
-0.875
-1.625
-1.5
-0.875
2.875
11.375
18.75
-1.125
4.125
7
9.625
9.25
3.375
0.25
-0.125
0.125
0
-0.25
-0.125
0
0.125
0.5
0.875
-0.625
-4.875
-9.75
-15.25
-19.375
-20.25
-19.125
-15.625
-10.625
-6.875
-6.375
-8.75
-9.375
-8.125
-3.625
7.625
13.625
13.75
-10.75
0.25
8.125
13.25
17.5
7.75
1.125
0
-0.125
-0.125
0.125
0.25
0.625
0.375
0.875
-0.25
-4.625
-8.375
-12
-13.875
-12.625
-9.75
-5.625
-1.75
-0.125
-2.75
-8.375
-12.25
-11.5
-7.625
0.625
15.25
21.875
21.125
-14.125
-1.625
10.375
17.375
23.125
13.25
3.25
0.625
0.25
0
0.25
0
0.125
0.25
0.125
-2.25
-5.75
-7.5
-8.375
-6.5
-3.125
-0.25
2.125
2
-1.25
-7.125
-11.75
-11.875
-8.5
-2.75
5
14
13.75
6.25
-5.375
-0.125
12.25
20.625
25
20.75
9
2.625
0.25
-0.125
-0.125
-0.125
-0.125
0
-0.375
-2.25
-3.25
-4
-4
-2.375
-1.125
-1.75
-4.875
-9.375
-14.125
-15.25
-12.5
-7.875
-2.625
1.875
3.375
-5
-22.5
-44.875
3.25
4.125
13.25
24.875
29.625
29.5
19.25
6.875
1.5
0.375
0.125
0.125
0.25
0.375
0.375
-0.125
-0.25
-0.75
-0.75
-0.25
-0.5
-2.25
-6
-10.125
-12.375
-10.875
-7.125
-2.625
1.875
3.75
-1.5
-21.125
-47.5
-73.25
-0.125
-3.375
-3.125
6.125
14.75
21.625
21.625
12.25
5.25
1.5
0.125
-0.25
0.125
0.875
1.25
1.25
0.875
0.5
0.5
0.625
0.375
-0.5
-1.625
-2.875
-2.875
-2.25
-0.875
1.875
4.875
4.375
-1
-13.875
-29.25
-40.375
-32.375
-42.625
-48.5
-46
-31.5
-11.5
6.75
15
12.25
6.625
1.875
0.375
-0.25
-0.75
-1.75
-2.25
-2.125
-1.25
0.125
0.625
0.625
0.25
0.125
0.25
0.5
1.25
4.25
12.25
17.125
16.375
12.25
2.625
-3.625
-4.75
-74.5
-77
-70.125
-54.75
-28
1.5
28.75
40.375
35.125
23
9.5
3.625
-0.125
-4.375
-8.5
-10.25
-9
-5.125
-1.25
0.375
0.375
0.375
0.75
1.25
2.375
6.875
16.875
35.875
45.875
43.5
33.75
14.875
4.25
2.125
-49
-20
12.375
42.5
66.125
81.625
92.125
90.125
74.875
53.5
31.875
14.75
5.25
-2.875
-8.75
-11.25
-10.125
-5
-1
1
1.375
1.625
2.875
5.5
9.625
21.25
38.125
54
62.625
54.25
36.625
17.75
3.625
-1.125
23
66.75
99.5
111.5
105.125
93.375
85.625
89
91.125
84.5
70.875
45.75
25.625
11.75
4.5
1.375
0.125
1.5
2.875
4.625
7.125
10.875
22.875
41.375
57.875
64.75
60.125
37.75
19.875
9.75
0.875
4.375
3.375
2.125
34
51.25
59.625
53.125
36.5
24.375
20.5
34
60.375
81.5
86
74.125
53.75
37.125
33.75
30.625
26.375
22.625
21.375
27.25
42.5
66.625
98.75
130.25
142
116
67.125
7.5
-34.625
-39.75
-29.625
-2.5
21.875
36.5
1.75
-1.625
-3.25
-5.125
-8.5
-8.25
-6.5
-1
14.75
36.875
47.75
57.25
61.375
70
93.25
106.375
114.625
110.5
108.875
118.5
135.625
159.375
171.5
169.875
145.25
96.875
44.5
0.125
-26.5
-28.875
-19.125
2.75
34.125
62.375
-9
-11.875
-12.375
-11.25
-9.75
-9
-7.875
-8.875
-10.25
-3.75
5.75
18.125
39.375
72.5
111.5
148.5
177
184.75
185.5
185
175.875
158.875
128.25
93
59.75
32.875
14.625
3.25
-3.25
-5.875
-5.5
-7.625
3.125
24.125
-12
-8.25
-18.375
-38.75
-32.125
1.625
25
25.625
16.875
13.125
14.875
11.5
-9.125
-39.25
-49.75
-37.125
-15.25
21.125
68.125
87.125
60
28.375
21.5
24.125
21.75
11.375
-0.5
-10.875
-25.25
-36.375
-34.75
-28.75
-24.625
-15.375
-4.25
10.25
2
-18.25
-6.375
31.5
45.375
31.875
18.75
12.625
8.125
1.625
-16.5
-45
-57.75
-45
-18.625
23.875
72.875
91
70.625
47.75
40.625
33
6.625
-21
-25.25
-24.375
-29.25
-27.875
-19.125
-8.25
1.375
5
25.625
44.5
24.625
-7.875
-0.75
34.5
43.125
26
10.5
-4.375
-14.875
-16.875
-23
-36
-46.125
-42.375
-18
26
66.625
71.875
52.75
39.5
33.5
21.5
-8.5
-29.5
-14.875
2.375
-0.5
-8.75
-9
-3
6
14.625
35.75
51.5
26.5
-3.5
2
30.25
31.625
5.875
-15.375
-28.75
-33.75
-29.125
-22.875
-21
-25.625
-26.625
-12.125
17.625
42.375
40.375
28.875
27.375
27.625
20.375
-6.25
-10
28.25
36.75
12.125
-0.875
4
15.625
28.375
37.5
33.375
45.75
24.625
3.25
1
7.625
-3.875
-26
-34.875
-37.25
-36.5
-29.5
-21
-13.875
-8.375
-5.625
-4.125
-0.75
2.75
7.625
16.875
25.625
27.875
21
-4.875
-5
51
84.5
69.375
46.75
30.5
25
26.875
14.625
26
34.25
19.375
7.75
-4.375
-24.375
-41.75
-47.875
-44.125
-38.75
-30
-17.125
-6.875
0.625
4.5
0.375
-5
-3.875
-1.125
-0.125
0.875
2.75
6
8
3.5
21.75
75.625
112.25
106.625
71.875
30.375
0.125
-16.75
-25.5
14.5
14.25
5.125
4.25
-15.125
-50.5
-64.375
-56.625
-41.875
-25
-11.375
-3.25
2.5
8.25
9.25
1
-7.25
-7.5
-4.875
-2.5
-0.875
-0.125
0.875
2.25
4
24.75
65.125
87.625
88.625
69.375
27.125
-9.375
-26.375
-34.125
8.625
5.375
2.125
-4.375
-40.375
-76
-72
-46.875
-23.5
-8.875
-2.125
3.125
8.25
11.625
10
0.875
-7.5
-9.375
-9
-6.5
-2.75
-0.75
0.125
0.875
1.75
5.25
22
53.5
79.625
71
28.375
-9.75
-26.125
-33.625
7.625
7.25
4.625
-22.25
-72.5
-88.25
-58.75
-27
-9.5
-1.75
3.25
8.5
11.125
11.75
8.5
0.25
-6
-8.875
-11.125
-10.25
-6.125
-2.375
-0.375
0.75
1
0.25
2.25
18
47.875
56.5
27.25
-8.5
-27.75
-30.75
4.625
13.75
14.125
-46.25
-104.25
-85
-38
-12.375
-3.625
0.875
7.75
12.75
10.625
8
5.625
0.25
-3.75
-6
-9.5
-12.625
-10.5
-4.5
-0.625
0.75
0.625
-0.5
-0.25
2.625
13.75
23.375
14.5
0.25
-6.25
-8
5.5
23.25
10.875
-74.875
-118.125
-67.5
-19.5
-5.75
-2.125
2.375
11.375
14.375
6.375
3.875
6
0.375
-5.375
-3.875
-4
-11.375
-13.75
-6.75
-0.875
0.5
0
-0.625
-0.5
0
2.875
7.375
10
8.5
3
-1.125
6.875
20.125
-14
-94.125
-104.75
-43.5
-7.875
-3.625
-1.875
3.125
12.125
11.375
1.125
3.5
9.875
0.75
-9.5
-5.5
0.5
-6.375
-13.375
-8.125
-1.5
0
-0.25
-0.5
-0.375
-0.375
0.75
4.25
9.875
11.375
3.75
-3.75
12.5
12.125
-47.75
-104.125
-80.625
-26.5
-4.25
-2.875
-1.875
2.375
9
6.5
-0.75
6.625
14.375
1.125
-13.875
-9.125
1.25
-2.625
-9.75
-6.625
-1.375
0.125
-0.25
-0.625
-0.25
-0.25
0.125
1.875
6.75
12.25
7.5
-3.25
17.25
-2.875
-85.375
-102.875
-49.375
-13.5
-3.625
-3
-2
1.25
4.875
2.25
-0.25
10.75
17.875
1.125
-17
-13
-0.625
0
-5.25
-4.375
-0.625
0.5
-0.375
-0.75
-0.25
-0.125
0.125
0.75
3.625
9.375
5.25
-7.5
18.25
-23.25
-110
-92.75
-26.625
-6.125
-3.5
-3.25
-1.875
0.25
1.375
-0.25
1.75
13.75
18.875
1.625
-17.25
-16.125
-4.375
0.5
-1.5
-0.25
3.375
3.25
-0.25
-3.375
-3.125
-1.5
-0.5
-0.125
1.375
8.125
6.875
-7
15.5
-34.375
-114.25
-86
-19.625
-3.75
-3.75
-3.375
-1.75
-0.375
-0.375
-0.75
3.25
14.75
18.875
2
-17
-16.875
-6.25
-0.625
0
2
6.375
7.875
2.75
-4.625
-7.125
-5
-2
-0.375
0.5
7.125
7.75
-5.875
8.625
-43
-109.375
-77.75
-17.5
-3.125
-3.5
-3.25
-1.875
-0.5
-0.25
-0.75
3
14.5
18.875
2.125
-17
-16.75
-6.125
-0.625
0.125
2.375
7.25
10.5
7
-2.25
-8.75
-8.75
-5.25
-1.75
0.25
6.5
8.5
-3.5
4.125
-48.75
-106.75
-73.75
-17.125
-2.75
-3
-2.875
-2
-1
-0.5
-0.5
3.375
14.5
18.875
2.375
-16.625
-15.25
-3.375
1.5
1
2.5
6.375
9.75
8.5
0.5
-7.75
-11.125
-9.625
-4.75
-0.75
6.125
12.625
9.625
2.25
-52
-106.5
-72.875
-18
-3.25
-2.75
-2.5
-1.875
-1
-0.5
-0.375
3.625
14.625
18.75
3.125
-13.625
-11
-0.375
2.5
1.375
1.25
2.75
6.875
8.625
3.25
-4.75
-10.5
-12.5
-9.25
-3.625
5.875
22.75
34.625
1.875
-51.25
-106.125
-74.5
-20.25
-4.25
-2.375
-1.875
-1.625
-1
-0.375
-0.25
3.25
14.375
19
4.375
-9.625
-6.5
1.125
2
0.875
0.625
0.25
2.75
6.5
5.125
-0.75
-7.75
-14.25
-14
-6.25
6.875
34
59.5
3.625
-46.625
-104.875
-79
-25.125
-6
-2
-1.5
-1.625
-1.125
-0.625
0
3.625
14.625
19.125
5.375
-5.875
-4
-0.625
-0.5
-0.625
-0.375
-0.375
1.875
6
6.25
1.25
-6.875
-15.375
-15.5
-6.625
10.375
47.875
82
3.125
-38.625
-96.25
-81.625
-32.5
-9.125
-2.5
-1.625
-1.375
-0.5
-0.25
-0.125
3.5
14.375
19
6.875
-4.125
-5.875
-5
-3.5
-1.875
-0.25
1.875
5.625
8.125
4.875
-2.125
-8.75
-13.875
-13.125
-4.125
17.875
61.625
91
-0.25
-28
-77.375
-81.75
-45.25
-15.25
-3.125
-1.5
-1.125
-0.375
-0.625
-0.5
3.625
14.875
19.125
6
-6.875
-10.125
-8.25
-4.625
-2.125
0.75
5.625
9.75
9.125
1.75
-7.125
-10.5
-10.5
-7.875
1.375
30
73.375
84.125
-4.875
-19.375
-55.625
-76.375
-58.125
-24.75
-5.75
-2.125
-1.25
-0.5
-0.75
-0.25
4.125
15
18.875
4.5
-11
-14.5
-9.875
-4.25
-1.375
1.75
6.875
10.5
8.25
-0.375
-8.5
-10.125
-7.25
-2
8.5
39.25
75
68
-8.625
-11.875
-32.5
-64.125
-68
-38.25
-12.75
-4.375
-1.5
-0.375
-0.375
-0.125
3.875
14.75
18.875
3.25
-15
-17.25
-8.25
-1.375
0.125
2.25
6.625
8.625
4.375
-4
-9
-6.875
-1.875
2.875
10.875
35.25
59.25
44.875
-10.5
-8.875
-15.5
-47.125
-69.125
-53.5
-25
-8.625
-2.75
-1.125
-0.625
0.125
4
15.125
19.125
1.375
-17.75
-17.25
-6.25
0
0.5
1.75
4.75
4.875
0.625
-4.625
-6.125
-2.375
2.625
5.75
8.75
23.375
37.5
24
-13.875
-13.625
-12.625
-32.125
-57.25
-54.625
-32.625
-15.5
-6.75
-2.75
-0.625
0.5
4.125
15.375
19.5
0.75
-18.875
-17.25
-5.5
0.375
0.125
0
0.875
0.875
-0.375
-1.5
-0.625
2.125
5.375
6.125
3.75
6.875
12.25
6.875
-19.875
-18.125
-12.25
-20.5
-39
-41
-27.25
-17.25
-12.75
-7.375
-2.375
-0.125
3.75
14.5
18
0
-17.625
-15.5
-4.625
0.625
-0.375
-1.25
-0.375
0
-0.25
0.5
3.75
11.75
14.625
2.125
-11.5
-11.625
-4.125
-0.5
-21.25
-14.25
-3.875
0.25
-6
-15.25
-20.25
-25.375
-29.125
-21
-9
-2.375
2.875
11.375
13.5
-0.75
-13.75
-11.375
-3.25
0.125
-0.625
-0.875
0
0.25
0.875
5.375
14.625
28.375
24.875
-10
-33.75
-23.875
-8
-1.625
0.5
12.5
12.625
8
6.875
4.125
-8.875
-27.375
-42.875
-42.25
-25.625
-10.25
-1.75
5.875
8
-1.25
-9.375
-7
-1.5
0
-0.625
-0.375
0.875
3
5.625
14.25
30.125
41.75
25.625
-23.5
-53.375
-36.25
-11.125
-2.125
29
41
26.75
12
11.125
11.125
-0.125
-17.25
-37.375
-51
-46.625
-30.5
-14.375
-2.5
1.25
-3.125
-6.375
-3.75
-0.125
1.125
2.125
4.375
13.375
26.375
24.125
8.25
8.125
27.5
20.125
-29.5
-60.125
-38.375
-8.625
-2.125
61
69.5
39.125
15.375
11
7.125
-3
-12.25
-26.125
-46.5
-59.75
-52.125
-26.5
-6.875
-1.25
-3.375
-8.875
-6.625
2.125
10.25
19.25
29.375
38.75
40.75
17.75
-22
-28.375
2.25
6.875
-31
-55.625
-28
9.625
9.75
85.75
89.375
41.5
4.875
-3.25
-3
-3.25
-0.25
-7.5
-34.625
-63.75
-65.25
-28.875
11
26.5
9.375
-14.625
-12
5.125
20.5
27.875
32.125
39.25
39.625
7
-54.625
-73.25
-33.375
-9.75
-25.625
-41.875
-16
28.875
32.875
87.25
88.125
35.125
-0.75
-5.5
-3.25
-0.625
7.875
9
-14
-53.25
-70.125
-31.625
28.5
56
30.75
-8
-12.5
4.75
21
28.125
31.875
38.5
36
-7.25
-91.625
-123.375
-66.25
-17.75
-18.875
-28.25
-4.625
42.375
57.125
-64.6667
-40.9444
-11.0556
16.6667
36.4444
51.5
61.9444
63.3333
53.6111
37.6111
25.8889
15.6111
5.38889
-0.277778
-0.0555556
6.83333
7.05556
2.33333
1.83333
2.38889
1.61111
-6.33333
-18.4444
-26.8889
-37.6111
-47.2778
-58.5
-63.6667
-58.1667
-46.3889
-26.0556
1.88889
25.6667
43.6667
60.5
69.6111
68
61.6667
47.7222
27.6111
2.66667
-24.1667
-43.1667
-53.8333
-55.5556
-49.6111
-40.1111
-36.6667
-46.8333
-66.2778
-87.6667
-110.222
-130.556
-143.278
-152.333
-149.389
-142.278
-128.611
-107.944
-78.6667
-37.5
2.27778
41.0556
71.6111
76.1667
83.5556
84.8889
77.5556
62.0556
41.2778
11.2778
-23.2778
-53.5
-75.4444
-87.8333
-88.8889
-78.7222
-62.7222
-47.5
-42.5556
-49.5556
-67.2222
-94
-125.611
-155.667
-175.667
-183
-172.889
-143.889
-100.944
-49.5
3.66667
54.7222
92
112.889
117.278
82.8889
79.4444
68.3333
47.7778
24
-2.05556
-32.7222
-62.7222
-81.8333
-88.4444
-85.5
-73.1667
-55.6667
-40.2778
-29.0556
-26.8889
-31.3333
-42.5556
-60.7222
-82.5
-104.611
-120.111
-123.611
-115.444
-94.1111
-62
-19.2222
23.3889
57.5
75.8889
78.2778
63.6111
65.2222
55.9444
35.9444
9.61111
-14.3889
-35.3889
-54.7222
-70.8889
-74.5556
-65.7778
-50.7778
-33.0556
-17.5556
-6.88889
-0.0555556
3.11111
3.05556
-1.66667
-10.3333
-21.2778
-34.1111
-46.4444
-51.1667
-60.2222
-64.3333
-60.6111
-47.2222
-35.1667
-32.8333
-31.8333
-38.1667
-54.2778
37.1667
25.4444
2.55556
-21.8333
-40.0556
-52.8333
-61.5
-62.2222
-50.9444
-34.4444
-17.7778
-3.5
6.16667
11.9444
14.8889
14.8889
12.3889
8.55556
4.72222
0.611111
-3.72222
-7.16667
-8.94444
-21.3333
-44.2778
-68.8889
-87.9444
-106.056
-126.556
-139.889
-145.167
-148.889
14.7778
2.22222
-17.7222
-33.7222
-43.2778
-50.3889
-52.8889
-43.3333
-26.3333
-10.1667
1.33333
8.27778
12.0556
15.5556
17.1667
16.3889
13.8333
11.2222
8.77778
5.44444
2.11111
-0.277778
-2.33333
-13
-33.1111
-61.3333
-91.7222
-122.444
-152.944
-172.722
-182.167
-179.833
0.833333
-13.7778
-27.1667
-34.4444
-35.6111
-42.1667
-41.1667
-25
-8.55556
2.16667
7.44444
9.77778
11.0556
12.5556
12.2778
12.0556
11.2222
10.1667
9.11111
6.88889
4.33333
1.5
-0.555556
-2.83333
-11.3333
-29.0556
-55.2222
-82.3889
-107.111
-126.556
-136.222
-131.667
-9
-24.0556
-30.9444
-31.5
-29.9444
-35.9444
-28.3889
-10.5556
0.555556
5
5.66667
5.83333
5.83333
4.61111
2
3
5.05556
5.5
5.38889
5.33333
4.77778
2.11111
-0.277778
-1
-2.38889
-9.77778
-24.7778
-40.5556
-53.3889
-62.7222
-68.1111
-64.7778
-18.2222
-28.8889
-30.7778
-28.7778
-29
-29
-16.3333
-3.27778
1.55556
1.22222
-0.555556
-0.833333
-1.05556
-3.83333
-7.05556
-5.5
-2.22222
-1.61111
-1.5
0.111111
1.88889
1.16667
-0.555556
-1.16667
-1.55556
-2.88889
-8.05556
-13.5
-16.3889
-17.3333
-17.2778
-15.7222
-25.1111
-30.8889
-31.1111
-29.2778
-34.7778
-23.3333
-7.22222
-1.22222
-1.55556
-4.22222
-6.72222
-7
-7.11111
-9.38889
-11.2222
-10.3889
-8.27778
-7.94444
-7.94444
-5.83333
-2.83333
-1.22222
-1.22222
-1.38889
-1.5
-1.66667
-2.72222
-4.22222
-5.5
-6.05556
-8.16667
-10.7222
-26.7778
-29.3333
-29.7222
-30.4444
-36
-16.1111
-2.16667
-1.27778
-4.16667
-7.05556
-8.61111
-8.83333
-8.94444
-9.38889
-8.88889
-9.33333
-9.72222
-9.94444
-10
-8.77778
-6.27778
-3.05556
-1.33333
-0.944444
-0.833333
-0.722222
-1.11111
-2.44444
-4.66667
-5.27778
-7.5
-10.0556
-20.1111
-21.3333
-22
-24.5
-27
-9.88889
-0.444444
-1.44444
-4.27778
-6
-6.55556
-6.83333
-7
-6.11111
-4.61111
-5.55556
-7.38889
-7.77778
-7.77778
-6.77778
-4.55556
-0.833333
2.11111
2.94444
3.16667
2.66667
1.66667
-0.111111
-2.66667
-3.61111
-5.66667
-8.11111
-15.2778
-15.6667
-15.4444
-17.6111
-13.8889
-4.38889
-0.111111
-0.888889
-2.44444
-3.16667
-3.16667
-3.33333
-3.44444
-2.55556
-1.38889
-2.05556
-3.44444
-3.77778
-3.72222
-2.88889
-0.666667
3.11111
6.38889
7.55556
7.83333
7
5.11111
2.38889
-0.5
-1.33333
-1.61111
-2.05556
-9.94444
-9.88889
-9.27778
-10.2778
-4.22222
-1.44444
-0.0555556
-0.333333
-0.777778
-0.888889
-0.944444
-1.27778
-1.16667
-0.888889
-0.555556
-0.777778
-1.22222
-1.16667
-1.05556
-0.0555556
2.11111
5.61111
9.16667
11.2222
11.8333
11
9
5.88889
2.5
0.444444
0.444444
0.555556
-6.66667
-7.11111
-7.33333
-7.55556
-1.72222
-0.5
-0.166667
-0.0555556
0
-0.0555556
-0.111111
-0.277778
-0.0555556
-0.0555556
0.166667
0.833333
1.66667
2.66667
3.55556
4.05556
4.88889
6.33333
8.72222
10.6111
11.4444
11.5
10.7222
8.88889
5.66667
2.72222
3.33333
7.22222
0.111111
-0.888889
-2.38889
-3.33333
-0.555556
-0.222222
-0.277778
-0.111111
0.111111
0.277778
0.222222
0.111111
0.222222
0.666667
1.83333
3.72222
5.83333
8.16667
10.5556
11.5556
10.9444
9.94444
10.1111
10.9444
11.5
11.7222
11.6667
10.9444
8.66667
5.88889
9.44444
19.3333
4.66667
3.61111
2.05556
1
0.777778
0.111111
-0.333333
-0.222222
0.0555556
0.333333
0.277778
0.555556
0.5
1.72222
4.11111
7.27778
10.6111
13.7778
17.2222
18.5556
17.2778
14.3333
12.1667
11.0556
10.8333
10.8333
10.3333
10.1111
9.05556
7.77778
14.8333
30.3889
7.55556
6.88889
5.88889
5.05556
2.77778
0.611111
-0.388889
-0.277778
0.111111
0.444444
0.333333
0.611111
0.388889
2.05556
5
7.5
9.72222
11.3889
13.3333
13.2778
11.1111
8.72222
7
6.27778
6.38889
6.66667
6.11111
5.83333
5.5
6.61111
16.3889
31.5556
6.83333
6.55556
6.38889
7.33333
5.61111
1.83333
-0.0555556
-0.0555556
0.222222
0.388889
0.333333
0.555556
0.5
1.83333
3.38889
3.5
3.11111
2.11111
1
-1.22222
-3.16667
-3.44444
-3
-2.38889
-1.77778
-1.16667
-1.16667
-1.11111
-0.444444
4.05556
13.5
23.7222
7.38889
8.11111
8.38889
10.6111
10.8333
4.22222
0.5
0
0.111111
0.111111
0.333333
0.388889
0.333333
0.611111
-0.0555556
-2.5
-5.5
-8.61111
-11.8889
-14.6667
-15.0556
-13
-10.6667
-9.38889
-8.77778
-8.5
-7.94444
-7.55556
-5.38889
4
13.5
18.6667
5.77778
8.11111
9.55556
13.2778
16.1111
8.11111
1.77778
0.333333
0.0555556
0
0.388889
0.333333
0.5
-0.444444
-3.05556
-6.16667
-9.16667
-11.8333
-14.5556
-15.2778
-13.2222
-10.7222
-9.61111
-9.94444
-10.9444
-11.6667
-11.5
-10.4444
-5.61111
5.61111
12.0556
11.5556
8.44444
13.4444
15.6111
18.8889
22.2778
14.1667
4.83333
1.16667
0.222222
0
0.222222
0.166667
0.166667
-1.5
-4.22222
-6.38889
-8.11111
-9.5
-10.6111
-9.55556
-7.38889
-6.83333
-8.11111
-10.2778
-11.8889
-12.6111
-11.8889
-9.22222
-3.88889
2.83333
1.5
-6.55556
10
18.1667
21.1667
23.6111
26.2222
21.2778
10.7222
3.33333
0.777778
0.222222
0.0555556
0.0555556
0.277778
-1.16667
-2.94444
-3.94444
-4.27778
-4.66667
-4.88889
-4.16667
-4.27778
-6.27778
-9.33333
-11.4444
-12.5556
-12
-9.44444
-5.11111
-1.38889
-5
-16.8333
-32.8889
6.5
15.3333
19.5556
21.8333
24
23.3333
15.8333
7.22222
2.66667
0.833333
0.166667
0.277778
0.444444
-0.333333
-1
-1.27778
-1.22222
-1.5
-1.77778
-2.11111
-3.77778
-6.55556
-9.11111
-10.3333
-10.1111
-8.22222
-4.27778
-0.333333
-0.722222
-11.5
-28.6111
-47.3889
-18.9444
-12.6111
-5.61111
1.22222
8.38889
14.8889
15.8889
11.1667
6.5
3.16667
0.833333
0.0555556
-0.444444
-0.833333
-0.888889
-0.833333
-0.611111
-0.555556
-0.388889
-0.888889
-2.33333
-4.22222
-5.44444
-5.33333
-3.66667
1.16667
6.11111
8.33333
6.11111
-4.16667
-17.9444
-33.8889
-53.1667
-46.3333
-29.8889
-12.1111
4.94444
18.5556
27
26.7778
19.5
11.4444
4.11111
-0.0555556
-2.83333
-3.77778
-3.77778
-3.55556
-3.11111
-1.77778
-0.222222
0.333333
0.0555556
-0.444444
-0.166667
1.88889
7
17
23.7222
24.6667
22.3889
15.6667
5.38889
-9.5
-55.2778
-39.5556
-13.5
12.5
34.2778
48.3889
55.7778
53.9444
43.5556
29.8333
15.4444
3.61111
-3.5
-6.33333
-7
-6.94444
-6.16667
-3.33333
-0.222222
1.33333
1.88889
2.83333
5
11
21.1111
35.3333
44.2778
45.1111
42.6111
35.8333
24.7778
9.55556
-17.2222
9.5
40.2778
64.5
80.9444
91.1667
94.7222
88.8889
75.3333
58.4444
40.1111
20.6667
6.55556
-0.833333
-3.77778
-4.72222
-4.5
-1.11111
2.83333
6.11111
11.7778
20.6111
29.8889
37.8889
47.2778
55.7222
57.3889
50.0556
40.6667
32.8333
22.3889
11.6111
35.3333
62.1111
83.4444
94.1667
96.4444
99.7222
102.056
99.7222
92.4444
81.5
68.4444
48.4444
31.7222
19.8889
15.0556
12.7222
12.7222
16.7222
23.7222
34.9444
51.5
70.7222
84.4444
87.6667
84.6111
72.3333
55.5556
35.2778
18.5
14.3333
13.7778
17.8889
40.1111
54.8889
63.5
63.1667
58.8889
62.6667
71.6667
79.8889
82.0556
83.1667
83.1667
79.4444
74.2778
68.1667
70.6667
73.7222
79.2778
83.6111
89.7778
102.833
121.278
141.278
149.056
135.944
111.611
77.7778
41.9444
9.05556
-13.2222
-10.5556
3.72222
24.2222
18.7778
21.1667
21.4444
18.2222
13.6667
15.6111
24.7778
38.6111
48.5556
57.3889
69.1111
84.2222
99.0556
107.944
122
136
149.056
155.556
159.889
169.444
177.667
181.833
171.5
144.444
107.5
64.8333
26.2222
-3.11111
-19.3333
-15.3889
4
31.0556
9.66667
-6.38889
-21.1667
-17
8.33333
28.2778
29.8333
16.2222
1.72222
-8.5
-18.7778
-32.3889
-46.3889
-50.5
-39.2778
-12.0556
25.1667
60.5556
78.0556
74.7222
60.2778
49.2222
32.3333
14.8889
-5.38889
-6.05556
-5.16667
-0.333333
-6.16667
-5.05556
-4.27778
1.77778
24.7778
16
2.94444
4.61111
20.8889
29
19.1667
0.277778
-13
-16.9444
-20.2778
-29.6111
-43.1111
-49.2778
-39.7778
-12.1111
26.0556
61.0556
76.1111
71.2222
57
46.2778
29.4444
18.7222
10.3889
22.2778
20.8333
15.4444
-1.83333
-4.83333
-4.61111
1.61111
38.1667
27.7778
12.7778
9.55556
15.0556
11.6111
-3.16667
-18.0556
-24.9444
-24.4444
-24.0556
-27.4444
-34.7222
-39.5
-33.7222
-10.3333
23.1111
52.3333
61.5556
54.9444
42.7778
32.2222
15.8889
8.44444
13
39.1667
48.9444
41.8889
16.3889
3
-1
4.27778
36.7778
25.6667
10.5556
2.11111
-1.77778
-11.2778
-24.5
-33.5
-36.3889
-34.2222
-29.2778
-23.6111
-20.1111
-20.9444
-19.6111
-8.11111
11.8889
29.7778
35.2778
32.1667
28.2778
24.4444
12.9444
7.55556
14.1111
46.1111
66.7778
71.6111
50.2778
30.2222
16.2778
11.5
34.2222
23.2778
3.83333
-16.5
-32.3889
-42.0556
-45.9444
-43.3333
-40.1111
-34.7778
-27.3333
-17.5
-8.44444
-4.77778
-5.16667
-7.22222
-5.72222
-1.33333
6.77778
15.2778
22.6667
23.8889
13.3889
8.11111
15.8889
52.6111
85.8889
102.722
86.7222
55.7222
24.8333
0.722222
29.2778
18.1111
-7
-39.1667
-62.2778
-67.6111
-60.3889
-48.2222
-38.6111
-26.8889
-14
-1.72222
5.05556
5.27778
0.333333
-5.22222
-8.05556
-7.77778
-5.16667
-1.72222
2.16667
5.38889
5.61111
14.2222
34.5
71.5556
99.9444
106.167
82
41.5556
4.83333
-21.1111
15.1111
2.33333
-25.7222
-59.8333
-79.3889
-78.0556
-62.2222
-42.6667
-25.3333
-9.5
1.77778
8.61111
10.1667
7.44444
1.16667
-5.27778
-9.27778
-10.4444
-9
-6.22222
-2.66667
0.277778
2.44444
12.5556
31.4444
59.2222
79.2778
82.4444
65.0556
31.8333
0.611111
-24.0556
9.27778
-6.77778
-46.1667
-82.4444
-94.5
-78.3889
-51.0556
-27.1111
-9.33333
2.61111
9
11.5556
11.2778
7.88889
1.27778
-5.27778
-9.77778
-11.5
-11.5556
-9.33333
-5.44444
-1.5
0.666667
2.94444
10.5556
27.3889
51.6667
66.1667
61.6667
34
4.55556
-20.2222
9.88889
-15.6111
-67.1667
-101.278
-99.9444
-67.8333
-34.8333
-13.3333
0
8
11.7778
12.3889
11.6111
8.16667
0.777778
-5.88889
-10.0556
-11.0556
-12.2778
-11.2222
-7.55556
-2.66667
-0.0555556
0.555556
0.944444
7.77778
23.2222
39.7778
44.5
28.3889
4.55556
-17.3333
4.11111
-32
-82.3333
-107.889
-90.6667
-52.3333
-20.8889
-5.72222
3.55556
9.44444
12.2222
11.9444
11.1667
7.94444
0.5
-6.38889
-9.88889
-10.2778
-11.5
-11.6667
-8.44444
-3.61111
-0.555556
0.166667
-0.222222
0.888889
6.05556
12.8333
18.2778
14.7778
6.72222
-3.5
-5.66667
-52
-95
-106.944
-75
-36.7778
-11.2222
-2.44444
4.44444
9.11111
11.2778
10.6667
10.7778
8.05556
0.444444
-7.05556
-10.1667
-9.5
-10.2778
-10.8333
-8.16667
-3.66667
-0.666667
-0.0555556
-0.388889
-0.222222
0.944444
3.33333
7.38889
10.0556
9.61111
4.27778
-18.7778
-70.3333
-102.722
-98.7778
-57.7778
-23.6667
-5.94444
-1.38889
4.27778
7.61111
8.72222
8.72222
10.9444
9.38889
0.555556
-8.44444
-11.1667
-8.38889
-8
-8.88889
-7.27778
-3.27778
-0.555556
-0.166667
-0.722222
-0.611111
0
1.66667
5.33333
9.5
10.0556
5.05556
-30.8889
-84.8889
-105.333
-87.8333
-43.5556
-15.4444
-4.44444
-1.55556
2.83333
5
5.66667
7.72222
12.3333
11.6667
0.722222
-10.5556
-13.2778
-8.22222
-5.55556
-5.33333
-3.77778
0.0555556
1.33333
-0.0555556
-2.61111
-2.77778
-1.88889
0
3.11111
8.16667
10.2222
6.88889
-44.7222
-100.444
-103.444
-74.3889
-28.6667
-9.5
-4.22222
-2.22222
0.888889
2.05556
3.27778
7.88889
14.6667
14
0.944444
-12.8333
-15.8889
-9.11111
-3.72222
-2.11111
-0.333333
3.33333
4.5
1.77778
-2.94444
-5.22222
-4.66667
-2.27778
1.05556
5.88889
7.27778
3.83333
-59.2778
-111.111
-98.8333
-62.2778
-18
-6.11111
-3.94444
-2.55556
-0.666667
-0.111111
1.94444
8.5
16.5
15.4444
1.44444
-14
-17.8889
-10.9444
-3.38889
-0.0555556
2.22222
5.72222
7.27778
4.77778
-1.27778
-6
-7.33333
-5.33333
-1.72222
4.11111
6.55556
4.77778
-67
-113.667
-96.8889
-57
-15.0556
-4.94444
-3.83333
-2.83333
-1.55556
-1.05556
1.77778
9.27778
17.3889
16.0556
1.83333
-13.2778
-17.2222
-10
-2.33333
1.61111
3.44444
6.55556
7.94444
5.94444
0
-6.05556
-9.05556
-8.44444
-4.77778
2.05556
7.55556
10.8889
-70.6667
-112.333
-94.9444
-54.2222
-14.6667
-4.77778
-3.83333
-2.77778
-1.55556
-0.833333
1.88889
9.44444
17.2222
16.4444
3.05556
-10.5
-14.0556
-7.27778
-0.888889
2.33333
3.72222
6.72222
7.88889
5.94444
-0.0555556
-6.38889
-10.5556
-11.1667
-8.33333
-0.444444
10.6667
22.3333
-71.6667
-111.167
-94.3889
-53.8889
-15.1111
-4.66667
-3.44444
-2.55556
-1.5
-0.777778
1.83333
9.33333
17.0556
17.0556
4.88889
-7.38889
-10.9444
-5.33333
-0.333333
2.11111
3.38889
6.44444
7.94444
6.5
0.722222
-6.16667
-12
-14
-11.8333
-2.33333
14.5
34.2778
-71.4444
-110.556
-95.3333
-55.9444
-16.8889
-4.94444
-2.94444
-2.38889
-1.55556
-1
1.88889
9.5
17.2778
17.7222
6.44444
-5.16667
-9.5
-5.72222
-1.88889
-0.166667
1.11111
4.27778
8.11111
9.16667
5.05556
-3.77778
-12.3333
-16.6111
-14.0556
-2.16667
20.7222
47.7778
-68.2778
-107.111
-95.8333
-59.5556
-20.5
-6.27778
-2.83333
-2.16667
-1.33333
-0.833333
2
9.55556
17.2778
18.2778
7.5
-4.05556
-9.44444
-6.66667
-3
-0.888889
0.611111
3.77778
7.88889
9.83333
6.11111
-2.94444
-12.5
-17.2222
-14.1111
0.944444
29.8333
62.9444
-60.2778
-98.8889
-96.0556
-65.7222
-27.5
-9.11111
-3.05556
-2
-1.22222
-0.888889
2.11111
9.83333
17.5556
18.5
7.5
-3.94444
-9.61111
-6.83333
-3.22222
-0.444444
1.94444
5.33333
8.11111
7.38889
2.55556
-5.5
-12.1667
-15.3333
-11.1667
7.22222
41.6111
79
-50.7778
-87.4444
-93
-71.6111
-36.1111
-14
-4.22222
-2
-1.05556
-0.666667
2.16667
9.77778
17.3889
18.3333
7.16667
-4.83333
-11.1667
-8.83333
-4.77778
-1.05556
2.55556
6.38889
8.38889
6.16667
0.388889
-6.44444
-11.0556
-12
-6.5
14.1667
49.1667
83.4444
-40.4444
-73.1111
-86.1667
-76.4444
-46.6111
-21.9444
-7.38889
-2.83333
-1.22222
-0.666667
2.11111
9.72222
17.3889
17.9444
5.77778
-7.72222
-14.4444
-11.5
-6.05556
-1.66667
2.27778
6.16667
8.33333
6.05556
0.333333
-6.05556
-9.11111
-8.11111
-1.55556
17.5
46.0556
71.8889
-31.4444
-57.5
-76.2778
-77.7222
-58.1111
-32.9444
-14.0556
-5.11111
-2
-0.777778
2.27778
10.1667
17.7222
17.3889
3.72222
-11.1667
-17.7222
-13.3333
-6.33333
-1.38889
2.38889
5.94444
7.88889
5.44444
-0.111111
-5.77778
-6.77778
-4
2.83333
18.2222
39.6111
57.5556
-26.7222
-45.3333
-64.7778
-72.8333
-61.5556
-39.8889
-20.5
-9.11111
-3.88889
-1.16667
2.27778
10.5
18
16.8889
1.77778
-13.8333
-19.3333
-12.7222
-4.66667
0.111111
2.77778
5.33333
5.88889
2.66667
-2.33333
-5.11111
-3.05556
1
5.72222
16.0556
30.3889
41.7222
-24.9444
-35.3889
-51.5
-61.3333
-54.5
-37.5556
-21.8889
-13.2778
-7.94444
-3.72222
1.27778
9.94444
17
15.3889
0.222222
-14.2778
-18.2778
-10.8889
-3.27778
0.444444
2
3.33333
3.11111
0.444444
-1.33333
1.27778
6.33333
8.22222
4.77778
6.5
14.1667
22.8889
-18.5
-18.6667
-25.7778
-36
-37.6111
-34.8889
-29.5556
-26.6667
-19.6111
-11.3333
-2.11111
7.5
14.0556
12.6667
-0.333333
-12.4444
-15.4444
-9
-2.66667
-0.111111
0.277778
0.666667
0.944444
2.22222
6.33333
15.6667
20.2778
14.6667
-2.61111
-12.4444
-10.0556
-0.388889
3.16667
3.22222
-6.72222
-19.6111
-27.6111
-32.2778
-36.4444
-40.1667
-37
-26.1667
-12.2222
1.27778
9.27778
9.11111
-0.888889
-10.2778
-12.2778
-6.88889
-2
-0.333333
-0.111111
0.944444
3
8.11111
16.7778
29
30.8333
15.6667
-13.6111
-33.5
-32.8889
-18.6667
22
18.0556
5.27778
-6.38889
-15.5
-22.9444
-31.9444
-41.5556
-46.7778
-42.6667
-29.5556
-12.3333
0.444444
3.61111
-2.88889
-9.38889
-9.94444
-4.77778
-0.166667
2.44444
7
14.1667
20.3333
18.5556
15.0556
16.5
19.1667
6.61111
-20.5556
-41.1667
-38.1667
-20.8333
40.7778
31.4444
14.5556
4.61111
-2.11111
-10.5
-23.1667
-37.0556
-50.3333
-53.8333
-45.6667
-25.3333
-7.5
-0.222222
-4.61111
-10.6111
-9.05556
-1.05556
9.83333
19.1667
28.9444
34.9444
30.6667
11.5556
-6.61111
-9
0.666667
-4.05556
-26.3889
-42.1111
-32.1111
-9.11111
62.6667
48.3333
23.9444
11.7222
5.11111
-1.88889
-16
-32.2222
-52.8333
-61.0556
-55.3889
-25.4444
1.94444
15.5
6.44444
-6.94444
-7.38889
2.38889
17.4444
25.8333
33.5
36.0556
26.7222
-1.72222
-29.7222
-35.6667
-20.0556
-16.3889
-32.6667
-43.5556
-26.5
4.77778
85.3333
63.1667
28.8889
11.4444
3.33333
-1.5
-13
-27.5
-51.1111
-65.2778
-61.8889
-27
12.8333
33.8333
25.1111
3.88889
-2.72222
3.44444
18
26.2222
33.7778
35.7222
22.3889
-15.3333
-54.1667
-66.3889
-45.6667
-32
-36.8889
-42.5
-20.1111
16.8333
20.5625
34.125
43.7188
46.7188
42.5938
33.2188
17.875
-1.03125
-18.0938
-30.4375
-36.5
-39.0625
-39.1875
-40.5625
-45.375
-51.6875
-59.375
-69.8438
-82.125
-96.6563
-114.313
-122.094
-117.281
-103.813
-85.8125
-64.0625
-39.625
-10.0938
26.0938
55.4688
74.375
72.6563
65
51.25
32.3438
11
-14.1875
-40.4375
-58.8125
-66.5
-66.0938
-61.2813
-54.25
-50.1563
-51.375
-57.125
-68.3438
-86.75
-109.531
-133.969
-154.906
-163.563
-156.563
-136.219
-106.813
-72.6875
-36.0313
-0.8125
31
52.75
83.3125
66.75
45.1875
20.3125
-3.25
-23.7188
-45.9375
-67.375
-78.6563
-78.7188
-70.6563
-58.5625
-46.875
-41.625
-41.8438
-46.6875
-56.5938
-72.7188
-93.3438
-114.406
-129.656
-134.156
-128.094
-114
-90.8438
-64.4063
-36.4063
-11.5938
6.8125
15.4688
62.75
39.9063
13.375
-11.5938
-31.25
-46.5938
-61.875
-73.3125
-74.125
-65.3125
-51.5625
-37.25
-25.8125
-20.9063
-20.8125
-24.3438
-31.5
-42.9688
-57.9688
-73.3438
-83.5938
-93.1563
-97.9375
-97.0625
-87.5
-75.9688
-64.0938
-56.3438
-56.3125
-58.3125
28.9375
7.28125
-14.5938
-32.9375
-45.3438
-54.6563
-61.1563
-60.5
-50.5625
-35.9688
-22.0313
-9.71875
-0.3125
5.625
8
7
2.53125
-5.03125
-14.2188
-23.5938
-29.0313
-38.8125
-52.5625
-66.1875
-75.7188
-84.125
-92.625
-105.375
-124.656
-139.281
-0.75
-17.0313
-31.4375
-41.9375
-46.6563
-51.8125
-51.125
-40.7188
-26.25
-12.625
-2.03125
6.5625
12.375
15.3125
15.25
13.4688
10.9063
7.96875
4.625
0.6875
-2.6875
-11.625
-26.875
-48.2188
-71.4375
-95.125
-118.313
-140.188
-161.844
-175.313
-20.625
-29.5625
-35.9688
-38.625
-39.125
-43.0938
-38.0313
-23.375
-10.2188
-0.5
5.5625
9.5
11.875
13.5625
12.7188
11
9.375
7.875
6.40625
4.46875
1.96875
-6.1875
-19.0938
-36.5313
-58.375
-80.7188
-101.5
-120
-136.281
-144.688
-31.9688
-35.5625
-36.5
-35.375
-35.1875
-35.875
-26.2813
-11.875
-3.0625
1.96875
4.09375
4.96875
5.34375
5.9375
5.40625
4.875
4.59375
4
3.40625
2.9375
2.21875
-0.53125
-6.9375
-17.5
-33.1563
-49.3125
-63.5938
-75.625
-86.0625
-93.0313
-31.5625
-32.4688
-31.8438
-30.25
-31.4375
-28.2188
-16.5
-6.21875
-2.5
-0.9375
-0.65625
-1.46875
-2.6875
-3.09375
-3.0625
-2.3125
-1.375
-1.3125
-1.40625
-0.6875
0.21875
-0.21875
-1.875
-6.21875
-15
-24.8125
-33
-38.0625
-41.875
-44.2188
-30.8125
-30.9063
-30.2188
-29
-32.375
-22.8438
-10.375
-5.15625
-4.8125
-4.65625
-4.78125
-6.28125
-8.46875
-9.75
-9.21875
-7.4375
-5.9375
-5.78125
-5.71875
-4.40625
-2.4375
-1.34375
-1.375
-2.125
-5.03125
-8.59375
-11.4063
-12.7188
-14.6563
-16.6563
-27.75
-28.0938
-27.9063
-28.2188
-31.1875
-17.25
-6.75
-5.46875
-6.34375
-6.5625
-6.71875
-7.96875
-10.125
-11.9063
-11.125
-9.21875
-7.90625
-7.375
-6.84375
-5.15625
-2.875
-0.5625
0.53125
0.6875
0.03125
-1.5625
-3.6875
-4.59375
-6.375
-8.40625
-20.25
-20.75
-20.8438
-22.3438
-23.5625
-11.1875
-4.34375
-5.09375
-5.875
-6.125
-6.1875
-6.90625
-8.40625
-9.65625
-9.1875
-7.9375
-7.15625
-6.5
-5.40625
-3.40625
-1.03125
1.5
3.34375
3.8125
3.6875
2.4375
-0.28125
-1.96875
-4
-5.875
-16.4375
-16.8125
-16.8438
-18.25
-16.2813
-6.625
-2.625
-3.40625
-3.8125
-4.0625
-4.0625
-4.375
-5.09375
-5.875
-5.65625
-5.0625
-4.6875
-3.96875
-2.6875
-0.53125
1.90625
4.40625
6.21875
6.71875
6.71875
5.875
3.4375
1
-1.40625
-3.53125
-10.8438
-11.1563
-11.25
-12.625
-8.375
-3.1875
-1.5
-1.71875
-1.78125
-2
-1.96875
-2
-2.0625
-2
-1.5
-0.9375
-0.28125
0.90625
2.4375
4.75
7.28125
9.46875
10.9375
11.0625
10.5938
9.5625
7.40625
4.9375
3.84375
4.28125
-4.96875
-5.40625
-5.75
-6.71875
-2.53125
-1.15625
-0.65625
-0.59375
-0.46875
-0.53125
-0.5
-0.28125
0.375
1.5625
2.71875
3.9375
5.3125
6.46875
7.78125
9.53125
11.5625
12.9688
13.9375
13.6563
12.5938
11.6875
10.1563
8.25
9.46875
13.5625
-1.4375
-2.03125
-2.625
-3.125
-0.375
-0.15625
-0.15625
0.0625
0.21875
0.3125
0.28125
0.78125
2.15625
4
5.875
7.75
9.8125
11.25
12.1875
12.875
13.6563
14.3438
14.875
14.4688
12.8125
11.5313
10.5938
9.8125
14
22
3.21875
2.4375
1.5625
0.9375
1.21875
0.1875
-0.34375
-0.0625
0.15625
0.4375
0.34375
1.3125
3.25
5.53125
7.625
9.59375
11.6563
12.9375
13.7188
13.3125
12.75
12.625
12.9063
12.375
10.7188
9.375
8.71875
9.5
16.8125
28.875
5.65625
4.9375
4.3125
4.21875
3.375
1.09375
-0.125
0.03125
0.25
0.53125
0.53125
1.84375
3.78125
5.375
6.5625
7.5625
8.59375
9.09375
9.46875
8.46875
7.125
6.59375
6.59375
6.5625
5.71875
5.125
5.125
7.65625
16.875
29.4375
6.75
6.5625
6.5
7.59375
7.0625
2.78125
0.3125
0.15625
0.375
0.59375
0.625
1.5
2.375
2.46875
2.1875
1.6875
1.125
0.71875
0.6875
-0.25
-1.3125
-1.8125
-1.9375
-1.59375
-1.1875
-0.90625
0.09375
5.09375
13.9063
23.8438
8.09375
8.34375
8.71875
10.6563
11.125
5.125
0.8125
0.0625
0.1875
0.28125
0.375
0.59375
0.125
-1.21875
-2.78125
-4.59375
-6.46875
-7.84375
-8.46875
-9.1875
-9.6875
-9.90625
-10.0938
-9.65625
-8.1875
-6.6875
-4.25
2.4375
9.5
15.0625
9.90625
10.6875
11.5313
14.3125
16.25
9.4375
2.9375
0.8125
0.40625
0.28125
0.5
-0.0625
-1.71875
-3.90625
-5.90625
-7.9375
-9.96875
-11.3438
-12.2188
-12.5313
-12.5938
-12.9688
-13.625
-13.1875
-11.4688
-9.46875
-6.6875
-1.21875
1.34375
0.3125
14.75
16.0938
16.75
19.3125
21.8125
14.9375
6.59375
2
0.65625
0.34375
0.375
-0.9375
-2.96875
-4.90625
-6.53125
-8.0625
-9.625
-10.9063
-12.0313
-12.5625
-12.9063
-13.75
-14.4688
-14.2188
-12.5
-10.4688
-8.03125
-5.15625
-7.71875
-14.2188
15.1563
16.875
17.5625
19.5313
21.9688
18
10.1875
4.3125
1.53125
0.59375
0.34375
-0.9375
-2.4375
-3.65625
-4.53125
-5.375
-6.1875
-7.40625
-9.125
-10.3438
-11.4375
-12.3125
-12.8125
-12.375
-10.7813
-8.75
-6.96875
-8.6875
-16.0625
-27.125
2.71875
6.1875
9.21875
12.625
16.5938
17.0313
12.7188
7.5
3.96875
1.90625
0.375
-1.03125
-2
-2.5
-2.65625
-2.78125
-2.96875
-3.6875
-4.875
-6.09375
-7.25
-8.03125
-7.875
-5.71875
-3.28125
-1.625
-1.875
-7.625
-18.125
-30.9688
-13.4063
-4.59375
4.21875
11.4063
18.0938
22.8438
22.6563
17.625
11.4688
5.8125
0.8125
-1.75
-2.625
-2.6875
-2.65625
-2.6875
-2.625
-2.625
-2.90625
-3.65625
-4.375
-3.8125
-1.1875
4.46875
8.875
10.3125
9.4375
3.46875
-5.9375
-17.3438
-19.4375
-3.25
13.375
25.5938
33.4063
38.8125
40.1563
35.6563
26.4688
15.7813
5.96875
-0.0625
-2.40625
-3.0625
-3.34375
-3.46875
-3.125
-2.09375
-1.09375
-0.53125
0.09375
3.1875
9.15625
17.9375
24.25
25.9063
24.7813
19.4375
11.9063
1.71875
-15.5625
6.84375
30.2188
47.5313
57.625
62.5
63.6875
58.6875
48.0313
33.9688
19.6875
8.71875
2.125
-1.09375
-2.59375
-2.96875
-2.1875
0.71875
5.90625
11.75
17
21.8438
28.9375
38.0938
44.0625
44.3438
40.0938
32.9063
24.7813
16.7813
10.2188
36.1875
61.8438
80.3438
89.9063
92.8125
90.7813
83.3125
71.5938
56.4375
41.5313
27.4688
17
10.5
8.5
8.9375
12.4688
20.375
31.0313
42.8438
51.9063
57.4688
63.0625
67.3125
67.375
61.2188
50.875
40.8438
33.3125
28.6563
36.75
58.7188
79.7813
95.125
101.469
102.219
98.125
92.4375
86.1563
79.5
73.1875
62.8125
54.5938
49.375
51.7813
56.75
64.0313
72.4688
82.8438
95.5
103.406
103.688
99.9063
91.3438
80.625
66.8438
49.5
34.4688
26.0625
25.7188
34.8438
48
61.125
71.6875
78.6875
83.5313
83.7188
82.5938
84.375
89.1563
94.9688
94.9063
92.9375
92.2188
99.375
109.75
120.469
129.688
138.969
149.875
153.906
144.969
128.906
107.813
85.875
63.75
39.7188
19.3438
10.1563
16.2188
0.6875
-6.0625
-8.71875
-4.34375
-1.71875
-3.90625
-9.125
-16.6563
-22.8438
-28.3125
-35
-41.75
-41.4375
-29.5625
-6.5
23.1875
49.8125
65.9688
68.5
61.9688
48.125
37.6563
33.4063
32.875
40.5
41
33.625
22.6563
9.46875
0.53125
13.4375
7.65625
0.875
-3.0625
-7.21875
-12.75
-17.25
-20.9375
-23.125
-25.375
-30.4688
-37.2188
-38.375
-28.4063
-7.1875
21.5625
47.8438
63.0625
65.3438
58.2188
43.7188
33.3125
29.3125
32.5938
47.0625
55.125
54.0938
41.9375
21.125
1.8125
20.9375
8.875
-5.8125
-16.5625
-22.4375
-26.6563
-27.5625
-27.375
-26.0938
-24.3438
-26.0313
-29.25
-29.875
-23
-6.40625
16.25
37.5313
49.1563
49.9688
42.9688
29.0313
20.5313
18.9063
26.0625
46.0313
58.9688
61.1563
49.7188
26
4.09375
15.8125
-1.15625
-22.125
-35.0938
-39.5
-41.3438
-38.5
-35.5625
-31.3125
-24.75
-20.1875
-17.625
-16.375
-13.1563
-5.375
6.15625
18.3125
25.6563
28.3438
27.0938
19.2813
16.0938
17.25
25.5
46.9375
61.4688
66.5313
59.0938
39.6875
21.4375
7
-16.4063
-44.0938
-58.3125
-60.2813
-56.4063
-46.1563
-38
-30.1875
-20.7813
-13.2188
-7.65625
-4.9375
-5.625
-7.125
-6.8125
-4.03125
2.09375
10.1563
16.4063
15.4688
15.5
18.25
28.6875
54.9688
75.875
86.375
81.375
57.9688
30.0313
-2.75
-34.5938
-65.875
-79.375
-78.9688
-66.9375
-49.375
-35.0938
-22.125
-9.5
-1.15625
3.375
3.8125
0
-4.5
-7.96875
-9.90625
-9.28125
-6.125
-1.875
1.3125
9.25
22.25
41.5313
68.8125
86.5625
90.25
76.4375
46.7813
15.625
-20.3125
-55.4375
-83.5938
-92.25
-86.25
-66.3438
-42.9688
-24.125
-8.78125
2.9375
8.25
9.1875
6.6875
0.875
-4.71875
-8.8125
-11.25
-11.5
-9.53125
-6.21875
-2.65625
5.6875
18.1563
34.6563
56.1875
69.0313
71.1875
60.0625
35.5938
9.9375
-38.3438
-72.75
-95.5
-97
-82.5625
-56.5625
-30.1563
-11.875
1
9.59375
12.1563
11.5938
8.03125
0.875
-5.65625
-10.25
-12.5313
-12.375
-10.5313
-7.4375
-4.34375
-0.59375
5.8125
15.875
31.2813
46.5625
55.1563
51.3125
33.625
10.2813
-54.8125
-87.0313
-103.094
-96.4375
-72.625
-43.4688
-18.375
-3.40625
5.875
12.25
13.9688
13.2813
9.0625
0.78125
-6.6875
-11.875
-13.875
-13.1875
-10.8438
-7.5
-4.65625
-1.90625
0.4375
4.46875
13.1875
23.375
33
34.5625
23.9375
7.96875
-68.5625
-96.4688
-105.031
-90.375
-60.625
-31.7813
-10.0625
0.96875
7.5
12.7188
14.2188
13.4688
9.15625
0.625
-7.03125
-12.3125
-14.1875
-13.2813
-10.7188
-7.28125
-4.5
-1.90625
-0.3125
0.3125
3.28125
6.96875
11.3438
15.0938
12.2813
6.96875
-79.8125
-102.219
-102.906
-80.9688
-48.6875
-22.25
-4.5625
2.59375
7.40625
12.125
13.4688
12.8438
8.8125
0.40625
-7.1875
-12.2188
-13.6563
-12.1875
-9.09375
-5.28125
-2.625
-0.875
-0.40625
-1.4375
-1.28125
0.0625
3.125
7.40625
8.75
8.09375
-89.625
-105.438
-97.1563
-70.4063
-37.8125
-14.625
-1.78125
2.28125
6.0625
10.5625
12.3125
12.4688
8.84375
0.34375
-7.5
-12.25
-12.8438
-10.625
-6.90625
-2.84375
-0.28125
1.125
0.59375
-1.9375
-3.4375
-3
0.09375
5.21875
7.75
7.8125
-97.8125
-106.063
-90.2813
-61.8125
-29.3438
-10
-1.625
0.84375
4
8.625
11.625
12.8125
9.46875
0.4375
-8.34375
-12.9375
-12.5625
-9.15625
-4.5625
-0.28125
2.21875
3.53125
2.59375
-1.03125
-4.09375
-5.1875
-3.0625
2.5
6.21875
7.71875
-107.344
-105.281
-82.9375
-53.75
-20.9375
-6.9375
-2.5625
-0.90625
1.96875
7.25
11.8438
13.9375
10.75
1
-8.625
-12.875
-11.4688
-6.78125
-1.6875
2
3.84375
4.59375
3.5
-0.375
-4.34375
-6.6875
-6.03125
-0.9375
3.53125
7.28125
-114.281
-103.969
-78
-47.5313
-15.2188
-5.40625
-3.21875
-1.96875
0.84375
6.59375
12.3125
15.2188
12.4375
2.6875
-7.21875
-11.625
-10.125
-5.03125
0.28125
3.78125
5.125
5.28125
3.75
-0.53125
-5.09375
-8.375
-9.03125
-4.1875
3.03125
11.5625
-115.813
-103.656
-76.5625
-45.4375
-13.875
-4.96875
-3.40625
-2.25
0.40625
6.4375
12.5313
15.9063
13.9063
4.625
-5.125
-9.75
-9
-4.5
0.8125
4.3125
5.84375
6.09375
4.3125
-0.28125
-5.6875
-9.84375
-11.5313
-6.875
3.5
16.8125
-114.719
-103.063
-76.25
-44.9375
-14.2813
-5.0625
-3.34375
-2.1875
0.34375
6.5
12.5938
16.25
14.9375
5.84375
-3.625
-8.78125
-9.21875
-5.25
-0.21875
3.8125
6.5625
7.6875
6.34375
1.1875
-5.65625
-11.125
-13.7813
-8.3125
5.75
23.75
-112.094
-102.5
-76.9375
-45.9063
-16
-5.59375
-3.25
-2.03125
0.5
6.53125
12.7188
16.5938
15.4688
6.5625
-3
-8.75
-9.59375
-5.71875
-0.46875
4.46875
8.0625
9.59375
7.90625
1.5625
-6.65625
-13.0625
-15.4375
-7.90625
10.25
32.6875
-107.25
-101.938
-79.0625
-48.9063
-19.5
-6.96875
-3.25
-1.90625
0.5
6.59375
12.8125
16.8125
15.625
6.65625
-2.9375
-8.8125
-9.625
-5.84375
-0.4375
4.625
8.4375
10.0625
8
1.40625
-7.25
-13.5313
-15.0313
-4.84375
17.1563
43.3438
-101.219
-100.344
-81.6563
-53.2188
-24.375
-9.625
-3.75
-1.875
0.5625
6.71875
12.875
16.7813
15.625
6.53125
-3.03125
-8.84375
-9.65625
-5.78125
-0.65625
3.9375
7.125
8.40625
6.84375
1.21875
-6.3125
-11.75
-12.5
-0.9375
23
50.9375
-93.2188
-97.25
-84.5938
-59.375
-31.4375
-14.375
-5.5
-2.25
0.59375
6.90625
13
16.8125
15.6563
6.34375
-3.15625
-8.9375
-9.78125
-5.78125
-0.90625
3.09375
5.59375
6.28125
4.8125
0.3125
-5.59375
-9.46875
-9.5
1.65625
24.5938
51.375
-83.125
-91.9063
-85.625
-66.0625
-40.1875
-21.1875
-9.15625
-3.375
0.40625
6.96875
13.0625
16.8125
15.4688
5.71875
-4.21875
-10.375
-11.4375
-7.15625
-1.84375
2.5
5.15625
5.6875
3.96875
-0.03125
-4.75
-7.34375
-6.53125
3.84375
24.2813
47.5313
-74.1563
-84.8125
-82.6875
-67.6563
-45.4688
-26.75
-13.1875
-5.8125
-0.65625
6.78125
13.2188
16.8125
14.8125
4.09375
-6.65625
-13.0625
-13.8125
-8.78125
-2.8125
1.96875
4.9375
5.5625
4.0625
0.6875
-2.96875
-4.5625
-3.21875
6.25
22.6875
40.75
-64.4063
-74.25
-73.7813
-61.9375
-44.2813
-28.0938
-16.0313
-8.875
-3.09375
5.21875
12.375
15.7813
13.25
2.125
-8.71875
-14.7813
-14.8438
-9.1875
-2.875
1.96875
4.8125
5.40625
4.4375
3.09375
1.46875
0.875
1.75
7.375
18.0625
30.7188
-44.1563
-51.8438
-54.3438
-50.1563
-42.6563
-33.5938
-25.9063
-18.75
-10.6563
-0.0625
9.125
13.0625
10.6875
0.625
-9.15625
-14
-13.0625
-7.4375
-1.46875
2.59375
4.5
5.125
5.6875
8.28125
9.875
9.3125
7.1875
4.65625
7.125
14.7188
-19.5
-31
-40.3125
-43.4688
-43.9063
-41.1875
-37.8438
-33.2188
-23.9688
-10.6563
1.34375
8
7.34375
-0.75
-8.71875
-12.0938
-10.6875
-5.71875
-0.59375
2.65625
4.34375
6.6875
10.5313
16.625
20.625
17.6563
8.96875
-2.25
-8.65625
-5.40625
-0.6875
-14.0938
-27.7188
-34.9688
-38.9375
-40.6875
-42.0625
-42.5625
-37.2188
-25.2188
-11.75
-1.65625
1.5
-3.21875
-8.84375
-10.7188
-8.5625
-3.40625
3.28125
9.375
13.625
16.4063
17.3125
17.5938
16.0625
10.6563
0.53125
-12.1563
-20.9063
-20.4063
16.7188
1.8125
-14.8438
-25.5938
-31.8438
-36.6875
-42.5313
-47.375
-46.4688
-37.6875
-22.7188
-10.0938
-3.9375
-5.3125
-9.6875
-9.1875
-3.15625
6.9375
18.4063
26.9688
28.2813
22.0313
12.1875
2.9375
-2.5625
-5.59375
-12.1875
-20.8438
-26.8125
-24.7188
32.625
16.7813
-1.09375
-14.25
-23.2188
-31.2813
-42.375
-51.125
-52.0313
-42.125
-21.1875
-3.5625
6.40625
4.0625
-3.71875
-4.375
0.65625
12.2813
23.9063
30.75
28.4063
15.4375
-0.90625
-15.9063
-23.5625
-23.7188
-26
-29.0313
-28.8125
-21.0313
46.1563
29
10.25
-2.625
-12.875
-23.5938
-39.0313
-53.0938
-56.25
-45.6563
-20.4063
4.46875
19.3125
18.4688
8.125
2.875
4.15625
13.5
24.4063
30.75
26.1563
8.03125
-14.2813
-35.0625
-45.0625
-42.1875
-39.7813
-37.5313
-31.0313
-17.2813
-77.5833
-71.4167
-60.0833
-46.8333
-31.75
-18.5417
-2.95833
12.4583
28.2083
43.2917
55.625
63.0833
60.4583
50.9583
41.2083
43.6667
55.8333
73.125
96.4167
120.292
137.25
136.958
132.75
127
119.458
107.167
88.5833
65.25
30.7083
-9.625
-50.4167
-77.75
-46.5417
-42.7917
-33.0833
-21.2083
-8.45833
6.70833
26.7083
45.9167
54.9583
56.0417
57.1667
54.4167
44.9583
33.9583
27.4583
31
34.75
38.75
50.25
64.9167
77.5833
80.9583
76.0417
62.7917
35.8333
-0.125
-42.25
-81.6667
-111.833
-125.5
-119.667
-96.0417
-17.4167
-9.54167
-0.75
9.54167
16.8333
25.2083
32.625
36.7083
33.4583
23.2083
11.0417
-3
-13.1667
-16.4167
-16.125
-18.875
-26.875
-35.4583
-42.6667
-47.4167
-47.2917
-40.125
-38.6667
-44.3333
-57.5417
-69.9583
-79.75
-82.0833
-68.25
-40.2083
-3.5
27.875
8.5
18.0833
27.0833
34.9583
37.7917
35.25
25.625
12.625
0.25
-12.9583
-26.4167
-35.25
-36.2083
-31.125
-25.7083
-25.1667
-28.2083
-34.0833
-44.1667
-57.125
-68.875
-75.2083
-76.5833
-62.625
-39
-11.5
15.875
43.0833
68.7083
80
81.7917
80.25
22.6667
23.125
27.3333
28.75
26.7083
19.75
8.58333
-3.5
-16.125
-25.125
-29.25
-26.9167
-21.0833
-16.4167
-12.9167
-10.5833
-8.54167
-8.66667
-11.875
-17.4583
-24.9167
-32.75
-34.2083
-20.25
7.29167
36.0417
61.875
83.7083
98.7917
99.9167
89.9167
79.8333
18.3333
16.4583
15.5417
10.25
3.70833
-1.5
-5.08333
-11.4167
-18.5833
-20.125
-16.125
-10.3333
-5.875
-4.83333
-4.66667
-3.75
-2.625
-2.70833
-3.45833
-3.41667
-4
-5.5
-5.83333
-10.7917
-11.1667
-2.83333
11.9583
27.9583
42.75
58.4583
67.7083
62.5833
10.375
13.0833
9.125
1.66667
-4.875
-7.04167
-8.16667
-14.3333
-15.125
-11.625
-6.66667
-2.45833
-0.25
0.541667
1.20833
1.58333
1.04167
-0.458333
-1.70833
-2.08333
-1.875
-1.16667
-1.375
-9.16667
-21.8333
-28.875
-26.7917
-22.375
-19.2083
-14.25
-8.79167
-11.4583
7.625
10.625
5.5
0.125
-4.54167
-3.58333
-7.625
-12.3333
-9.29167
-4.54167
-1.25
0.791667
2.04167
4.08333
6.29167
5.29167
3
1.58333
0.666667
-0.666667
-1.58333
-0.916667
-0.291667
-1.45833
-7.33333
-17.9583
-28.1667
-39.375
-52.5
-63.5417
-70.2917
-69.9583
4.45833
2.29167
-2.04167
-4.75
-5.41667
-4.04167
-8.91667
-7.08333
-2.66667
1.33333
3.83333
4.29167
4.625
6.75
8.41667
7.08333
4.91667
4.5
4.20833
2.5
0.458333
-0.333333
-0.166667
0.0833333
-0.666667
-5.70833
-15
-25.2083
-35.4167
-43.8333
-49.3333
-48.6667
6.33333
1.08333
-1.375
-2.58333
2.20833
-5.125
-8.5
-2.125
2.33333
4.83333
6.125
5.95833
5.75
6.25
5.75
5.91667
5.83333
6.08333
6.20833
5.125
3.375
1.41667
0.416667
0.208333
0.0416667
-0.958333
-4.20833
-6.91667
-7.95833
-8.58333
-7.58333
-4.91667
6.83333
4.125
4.20833
5.66667
9.5
-3.45833
-4.33333
0.333333
3.29167
4
3.45833
3.45833
3.33333
1.83333
-0.25
1.16667
3.29167
3.66667
3.79167
4.29167
4.29167
2.375
0.791667
0.208333
0.0416667
-0.166667
-0.958333
-1.41667
-0.291667
1.16667
3.625
6.45833
-4.33333
-4.79167
-3.54167
-0.541667
-2.70833
-4.5
-1.375
0.416667
0.916667
0.125
-1.08333
-0.958333
-0.791667
-2.54167
-4.16667
-3.41667
-1.20833
-0.916667
-0.958333
0.208333
1.33333
1
-0.208333
-0.583333
-0.75
-0.833333
-0.958333
-1.08333
-0.875
-1.33333
-2
-3.16667
-7.79167
-8.625
-9.04167
-8.75
-13.7917
-5.20833
-0.541667
-0.333333
-1.5
-2.58333
-3.04167
-3.16667
-3.08333
-3.29167
-3.125
-3.41667
-3.45833
-3.375
-3.45833
-3.625
-3.5
-3.08333
-3.25
-3.25
-3.29167
-2.79167
-2.04167
-1.45833
-1.66667
-2.25
-3.875
-5.54167
-1.125
-1.95833
-3.5
-5.16667
-8.5
-2.66667
0.0416667
-0.583333
-1.58333
-2.08333
-2
-2.04167
-2.25
-1.58333
-0.666667
-1
-2.29167
-2.54167
-2.58333
-3.41667
-4.45833
-5.04167
-5.08333
-5.41667
-5.33333
-4.54167
-3.375
-2.16667
-1.66667
-0.916667
-1.41667
-1.58333
-1.16667
-1
-0.791667
-1.5
-1.79167
-0.583333
0.166667
-0.25
-0.625
-0.666667
-0.666667
-0.5
-0.708333
-0.333333
0.0416667
-0.208333
-0.625
-0.958333
-0.916667
-0.166667
0.333333
0.583333
0.166667
-0.666667
-1
-1.79167
-2.375
-2.54167
-1.875
-0.708333
-0.458333
-0.791667
-4.70833
-3.91667
-2.16667
-1.95833
-0.5
-0.291667
-0.0833333
-0.0833333
-0.291667
-0.291667
-0.291667
-0.333333
-0.291667
-0.291667
-0.541667
-1.125
-1.54167
-2.16667
-2.79167
-2.08333
0
2.41667
3.5
3.58333
3.125
1.95833
0.0416667
-1.91667
-2.54167
-2.08333
-2.375
-5.375
-5.125
-4.79167
-4.125
-3.45833
-0.916667
-0.208333
0.0833333
0.166667
0.166667
-0.0416667
-0.0416667
-0.375
-0.208333
-0.791667
-1.75
-3
-4.58333
-5.95833
-7.70833
-9.04167
-8.54167
-6.33333
-3.58333
-1.66667
-0.958333
-0.208333
-0.0833333
-0.791667
-2.04167
-2.83333
-5.91667
-12.6667
-2.20833
-2.66667
-3.625
-3.41667
-1.08333
-0.0833333
0.208333
0.166667
0.166667
0
-0.0416667
-0.208333
-0.0833333
-0.833333
-2
-2.95833
-3.79167
-4.29167
-4.91667
-5.41667
-5.83333
-5.625
-4.33333
-2.875
-1.875
-1.29167
0.25
1.20833
0.708333
-0.75
-4.54167
-7.875
0.25
-0.125
-0.708333
-1.70833
-1.29167
-0.5
-0.166667
-0.208333
-0.375
-0.208333
-0.0833333
0.0416667
0.0833333
0.0833333
0.208333
1.5
3.41667
5.66667
8.16667
10.5417
11.625
10.5
8.70833
7.29167
6.375
5.33333
4.79167
4.54167
4.33333
2.66667
2.83333
7.29167
-0.208333
-0.166667
0
-1.20833
-2.33333
-1.04167
-0.291667
-0.0833333
0.0416667
0.208333
0.166667
0.25
0.125
0.708333
2.45833
5.33333
8.33333
11.2083
14.375
16.7083
17.125
15.2917
12.7083
10.5417
9.25
8.75
7.04167
5.95833
5.16667
2.58333
4.125
9.04167
0.5
-0.333333
-1.08333
-2.125
-4.16667
-1.95833
-0.416667
-0.0416667
0.291667
0.291667
-0.125
-0.0416667
-0.208333
0.666667
2.70833
4.08333
5
5.20833
5.45833
4.16667
1.25
-0.625
-0.958333
-0.125
1.20833
2.45833
3.08333
3.54167
2.08333
-1.83333
-2.79167
-1.04167
0.75
-1.125
-2.16667
-2.83333
-4.58333
-3.29167
-1.08333
-0.25
-0.125
-0.0416667
-0.125
-0.0416667
0.0416667
1
1.75
0.875
-0.375
-1.875
-3.79167
-6.83333
-9.16667
-8.625
-6.45833
-3.83333
-1.95833
-0.916667
0.333333
0.25
-1.70833
-3.125
-1.5
1.70833
-1.91667
-3.54167
-3.75
-3.125
-2.75
-4.54167
-2.5
-0.666667
-0.166667
-0.0833333
0.375
0.333333
0.375
0.583333
-0.166667
-1.25
-2.54167
-3.375
-4.41667
-4.58333
-2.33333
0.625
2.91667
3.41667
2.875
1.83333
0.208333
-2.29167
-2.70833
4.41667
13.625
21.1667
-3.16667
-5.41667
-5.75
-4.41667
-2.70833
-5.58333
-5.20833
-2.04167
-0.5
-0.208333
0.0833333
0
-0.166667
-0.791667
-1.79167
-2.20833
-2.66667
-2.83333
-2.58333
-0.833333
1.875
3.45833
3.66667
2.5
1.20833
-0.291667
-2.5
-3.70833
-0.333333
10.1667
19.4583
25.875
4.41667
3.54167
2.375
2.08333
1.95833
-0.75
-4.41667
-3.29167
-1.54167
-0.416667
-0.291667
-0.375
-0.416667
-1.04167
-1.58333
-1.91667
-1.83333
-1.75
-1.54167
-1.16667
-1.54167
-2.41667
-3.79167
-4.5
-4.91667
-5.25
-5.20833
-3.16667
0.291667
2.04167
0.916667
-1.41667
25.2083
30.0833
27.625
22.7917
17.5
11.7917
3.45833
-2.91667
-3.45833
-1.95833
-0.541667
0.166667
0.833333
0.833333
0.666667
0.416667
0.375
0.166667
-0.416667
-1.125
-2.29167
-3.45833
-4.41667
-4.875
-5.70833
-7.58333
-7.45833
-5.625
-6
-11.4583
-18.2917
-23.5
34.2083
34.5833
27.1667
16.9583
7.04167
0.666667
-5.125
-10.5
-10.3333
-7.33333
-2.66667
0.625
2.875
3.66667
3.75
3.79167
3.375
2
0.5
-0.333333
-0.708333
-1.25
-1.83333
-3.45833
-6.625
-12.2917
-14.7083
-15.125
-16.4583
-18.8333
-19.9583
-17.9583
-11.25
-25.2917
-36.0417
-42.7917
-45.25
-42.7917
-36.625
-28.9167
-22.7083
-16.5417
-10
-3.16667
0.5
2.08333
2.66667
2.875
2.70833
1.25
0.0833333
-0.583333
-0.875
-1.75
-3.33333
-7.125
-11.9167
-15.2083
-17.5833
-18
-17
-13.5833
-8.70833
-5.29167
-62.6667
-72.0833
-70.75
-61.875
-49.125
-40.375
-32.875
-26.9583
-25.2083
-23.7917
-22.5
-16.125
-10.875
-7.16667
-5.08333
-4.29167
-3.66667
-3.20833
-3
-3.91667
-8
-14.375
-20.125
-21.7917
-20.1667
-11.5
-4.08333
2.83333
9.29167
11.2917
10.625
3.45833
-29.1667
-19
-4.375
10.7917
22.375
23.4583
16.2083
5
-5.54167
-15.4167
-23.8333
-27.0417
-24.5417
-20.0417
-17.9583
-16.4583
-15.8333
-15.4583
-17.5
-24.1667
-35.625
-47.8333
-54.1667
-47
-31.5833
-10.6667
10.2083
25.9167
34.625
27.6667
13.7917
-2.125
28.75
41.8333
50.4583
53.7083
52.375
49.0417
41.6667
30.7083
22.2083
11.3333
-0.958333
-18.7083
-32.8333
-39.5417
-46.8333
-51.2083
-56.25
-58.0833
-60.0833
-65.7083
-67.625
-64.5833
-53.875
-38.4583
-19.5833
-2.54167
11.125
17.25
16.2083
8.70833
-4.33333
-15.375
25.0417
29.1667
28.7083
24.4583
20.1667
22.4167
28.25
31.4167
31.5
29.9583
23.5833
5.33333
-17.9583
-37.75
-53.375
-67.375
-77.4583
-78.5417
-71.9167
-58.8333
-37.0833
-12.0833
10.2083
21.4583
24.875
20.0833
9.58333
-2.25
-10.5833
-5.91667
-1.66667
0.458333
3.54167
21.8333
11.2917
-19.2083
-25.75
-5.54167
9.29167
11.5833
8.83333
4.29167
6
13.0833
10.3333
-3.29167
-14.0417
-21.7083
-29.5417
-24.375
-2.08333
13.6667
9.625
3.45833
11.5
20.5
8.70833
-7.33333
-4.41667
4
3.20833
-1.5
-3.79167
-2.75
-1.29167
19.0833
10.0417
-14.8333
-17.3333
3.33333
16.2083
12.9167
4.70833
-1.20833
1.66667
11.2917
11.7083
-0.916667
-13.4167
-23.25
-30.75
-22.5
0.5
13.6667
8.45833
3.33333
12.5417
15.0417
-6.54167
-13.875
5.875
14.7083
6.66667
-1
-3.79167
-2.91667
1.83333
19.9583
9.625
-9.83333
-6.29167
11.5833
14.625
6.45833
0.833333
-2.16667
-0.458333
5
6.70833
1.95833
-8.25
-22.125
-28.75
-15.7083
4.70833
10.7083
5.95833
5.5
13.3333
9.41667
-17.7917
-25.7083
1.75
20.7917
15.75
4.29167
-3.375
-4.125
4.5
17.5833
8.83333
-2.29167
2.66667
12.5
9.125
2
0.25
-2.20833
-4.79167
-4.375
-0.833333
2.875
-0.958333
-13.0417
-19.2083
-8.70833
4.08333
4.125
0.25
2.16667
10.9167
8.5
-18.375
-30.75
-9.5
12.4583
18.0833
12.875
4.54167
-0.25
4.54167
15
13.4583
12.5
9.70833
4.5
-0.916667
-3.125
-2
-3.5
-6.625
-7.66667
-5.45833
-0.166667
2.95833
0.541667
-2.54167
-4.04167
-6.125
-6.70833
-3.79167
1.25
10.5417
8.75
-19.0833
-35.7083
-20.5
1.58333
20.5417
27.2917
17.4167
9.95833
2.95833
12.8333
21.4167
25.625
10.4583
-6.25
-8.83333
-6.16667
-5.95833
-8.875
-10
-7.08333
-2.625
2.66667
5.45833
3.125
0.25
-1.08333
-2.33333
-2.66667
-2.5
-2.125
0.666667
-4.41667
-23.9167
-31.0833
-14.6667
7.70833
27.125
32.4583
21.2083
9.45833
2.5
12.3333
26.875
26.2917
3.75
-11.6667
-12.6667
-12.0833
-11.875
-9.75
-5.79167
-2.45833
-0.125
3.66667
5.95833
3.70833
1.16667
0.0416667
-1.58333
-2.70833
-2.375
-1.54167
-1.125
-7.41667
-20.3333
-21
-8.66667
4.25
19.7917
27.875
19.9583
9.16667
-1.75
19.25
40.125
21.875
-9.54167
-19.8333
-18
-13.9583
-9.66667
-6.29167
-2.125
-0.0833333
-0.0833333
3.58333
6.66667
3.79167
0.875
1.08333
-0.0833333
-2.91667
-3.45833
-1.91667
-0.791667
-1.20833
-6.58333
-16.2083
-19.5417
-7
15.125
26.0833
19.5833
9.79167
-0.166667
33.5417
48.5833
11.5
-24.7917
-27.2917
-17.0417
-9.58333
-7.04167
-4.91667
0.208333
1.04167
-1.125
3.75
8.16667
3.58333
-0.708333
1.25
1.83333
-2.25
-4.41667
-2.70833
-0.666667
0.458333
-0.291667
-6.08333
-15.5
-13.4583
5.20833
19.6667
18.5417
9.70833
7.70833
42.0833
43.75
-1.95833
-34.2917
-27.375
-11.625
-5.375
-5.91667
-4.41667
1.375
1.45833
-1.75
3.5
8.75
3.79167
-1.79167
0.458333
2.95833
-1.125
-4.75
-3.08333
-0.583333
0.333333
0.166667
-0.958333
-4.70833
-7.29167
-1.33333
6.16667
7.54167
5.95833
19.4583
47.75
31.0833
-17.8333
-38.125
-21.5833
-5.95833
-3.29167
-5.33333
-3.875
2.08333
1.33333
-2.91667
3.08333
9.875
4.29167
-3.08333
-0.458333
3.41667
-0.583333
-4.58333
-3
-0.458333
0.333333
0.0416667
-0.166667
-0.958333
-2.54167
-2.91667
-1.83333
1.875
6.08333
30.2917
49.3333
13.9583
-31.7917
-35.3333
-13.625
-2.375
-2.70833
-4.83333
-2.625
3.04167
-0.0833333
-5.54167
3.20833
12.4583
5.08333
-5.08333
-2.29167
3.54167
0.458333
-4.04167
-3
-0.333333
0.666667
0.125
-0.333333
-0.458333
-1.45833
-3.125
-3.70833
0.875
7.45833
41.5833
46.875
-4.91667
-39.375
-27.9167
-7.83333
-1.16667
-2.33333
-3.875
-1.33333
2.70833
-2.54167
-7.70833
3.95833
15.375
6.45833
-6.70833
-4.75
2.54167
0.625
-4.125
-2.83333
1
2.5
1.08333
-0.791667
-1.16667
-1.08333
-2.29167
-4.75
-1.625
7.33333
54.125
39.2917
-27.25
-42.2917
-17.5
-3.29167
-0.833333
-1.95833
-2.58333
-0.333333
1.125
-5.29167
-8.625
5.16667
17.5833
8
-7.29167
-7.16667
0.541667
0.708333
-3.58333
-3.29167
1.04167
4.08333
3.16667
0.208333
-1.75
-1.91667
-1.91667
-4.04167
-1.79167
7.54167
60.5833
26.625
-42.5417
-40.25
-9.91667
-0.958333
-0.708333
-1.5
-1.375
0.208333
-0.666667
-7.25
-8.33333
6.04167
18.0417
9.16667
-6.25
-8.33333
-1.91667
-0.0416667
-2.66667
-3.29167
-0.0833333
4.20833
5.125
2.20833
-1
-2.41667
-2.375
-4.20833
-3.20833
6.20833
60.2917
19.5833
-46.1667
-38.5833
-7.75
-0.291667
-0.708333
-1.08333
-0.666667
-0.0416667
-1.91667
-7.70833
-7.79167
6.33333
17.8333
8.875
-6.16667
-8.16667
-2.54167
-0.458333
-1.875
-2.70833
-0.625
3.58333
5.5
3.58333
0.541667
-2.04167
-3.04167
-4.95833
-5.625
1.25
57.75
15.0833
-45.375
-36.7083
-7.54167
-0.208333
-0.666667
-1.08333
-0.708333
-0.166667
-1.91667
-7.5
-7.70833
5.95833
16.75
7.75
-6.08333
-7.08333
-1.70833
-0.291667
-1.79167
-2.45833
-0.583333
3.45833
5.54167
3.91667
1.54167
-0.791667
-3.04167
-6.33333
-10.1667
-7.41667
55.9167
13.7083
-43.875
-35.9167
-8.20833
-0.583333
-0.541667
-0.833333
-0.708333
-0.25
-1.79167
-7.33333
-7.83333
5.29167
15.5
6.91667
-5.41667
-5.66667
-0.916667
-0.291667
-1.83333
-2.375
-0.958333
2.875
5.625
4.70833
2.875
0.458333
-3.41667
-8.125
-14.6667
-15.625
54
14.25
-41.3333
-35.7083
-9.91667
-1.5
-0.291667
-0.458333
-0.625
-0.333333
-1.95833
-7.45833
-7.79167
5.08333
14.3333
6.375
-3.70833
-3.95833
-0.958333
-0.333333
-1.125
-2.875
-3.41667
0.541667
5.75
7.20833
5.41667
0.916667
-4.66667
-10.0833
-19.5417
-22.7083
50.1667
16.7083
-35.875
-35.3333
-12.4583
-2.66667
-0.416667
-0.458333
-0.583333
-0.291667
-1.95833
-7.375
-7.75
4.58333
13.5833
6.83333
-2.29167
-3.54167
-1.5
-0.666667
-1
-2.70833
-3.91667
-0.333333
5.625
8
6.16667
0.958333
-5.45833
-12.7917
-25.125
-27.4583
44.125
21.4167
-25.4583
-34
-16.9167
-4.83333
-0.791667
-0.541667
-0.333333
-0.208333
-2.25
-7.54167
-7.58333
4.79167
13.4583
6.83333
-2
-3.54167
-1.66667
-1.08333
-2
-2.75
-1.83333
1.875
5.70833
5.83333
3.83333
0.666667
-5.16667
-16.2083
-31.4167
-28.7917
35.875
24.375
-13.1667
-29.4583
-20.9583
-8.16667
-1.70833
-0.75
-0.375
-0.166667
-2.125
-7.41667
-7.58333
4.75
13.625
7.375
-1.375
-3.5
-2.29167
-1.95833
-2.79167
-2.875
-0.708333
3.41667
5.79167
4.08333
1.83333
-0.125
-5.70833
-18.25
-32.375
-24.0417
25.7083
24.7083
0
-21.125
-23.25
-12.5417
-3.75
-1.29167
-0.541667
-0.208333
-2
-7.41667
-7.75
5.08333
14.8333
8.5
-1.54167
-4.75
-3.16667
-1.95833
-2.83333
-3.125
-0.708333
3.54167
5.75
3.58333
0.458333
-1.91667
-5.95833
-15.8333
-26.875
-16.3333
15.8333
21.7083
10.625
-9.79167
-21.2083
-16.8333
-7.58333
-2.66667
-0.875
-0.458333
-2.29167
-7.5
-7.54167
5.83333
16.3333
9.41667
-2.54167
-6.45833
-3.83333
-1.70833
-2.625
-3.04167
-0.458333
3.625
5.45833
2.95833
-1.25
-3.83333
-4.83333
-11.7083
-21.2917
-10.125
7.54167
16.7917
16
-2.16667
-17.4167
-16.375
-9.29167
-4.66667
-2.04167
-0.916667
-2.41667
-7.625
-7.54167
6.58333
17.9167
9.70833
-4.70833
-8.25
-3.54167
-0.916667
-2.16667
-2.29167
0.708333
4.125
4.20833
0.25
-3.70833
-3.54167
-1.70833
-7.83333
-16.0833
-4.91667
0.208333
10.8333
17
1.54167
-14.875
-13.5833
-6.16667
-3.66667
-3.45833
-2.45833
-2.91667
-7.45833
-7.16667
7.08333
17.7917
8.29167
-6
-8.08333
-2.66667
-0.25
-1.54167
-1.33333
1.33333
3
1.04167
-4.20833
-5.70833
1.625
6.25
-3.33333
-12.9167
-3.375
-5.79167
1.95833
11.4167
6.20833
-4.45833
-4.58333
-0.125
-2.375
-7.08333
-6.45833
-4.54167
-6.875
-6.125
6.16667
15.25
6.66667
-5.5
-6.75
-2
0.166667
-0.458333
-0.5
0.166667
-0.833333
-4.25
-8.16667
-4.08333
11.75
17.5417
1.41667
-11.4583
-5.70833
-5.125
4.20833
11.7083
8.70833
1.5
1.20833
5.25
2.83333
-6.45833
-11.0417
-8.625
-7.79167
-5.875
4.70833
12.1667
5
-4.79167
-5.375
-1.29167
0.416667
-0.375
-1.25
-1.58333
-3.75
-8.29167
-9.45833
0.666667
20.625
26.75
6.29167
-13.2083
-11.9167
0.333333
9.04167
9.375
6.75
4.75
4.375
6.875
7.91667
1.41667
-7.66667
-11.75
-12
-7.75
2.95833
9.16667
3.08333
-4.54167
-4.58333
-1.5
-0.791667
-3.75
-7.5
-3.625
5.95833
5.08333
-7.125
-5.33333
18.7083
29.2917
5.91667
-17.125
-13.7917
5.83333
16.125
8.5
2.16667
4.5
7.83333
8.95833
10.25
8.45833
-0.166667
-12.4583
-17.5417
-10.5417
1.33333
8.04167
3.16667
-5.83333
-7.95833
-6.125
-6.04167
-6.625
-4.08333
6.95833
20.75
14.1667
-11.5417
-14.5417
15.4167
29.125
1.54167
-25.0833
-15.75
9.375
23.9583
11.4583
1.33333
3.75
7.54167
9.91667
13.3333
13.7083
4.83333
-14.5833
-27.3333
-19.4583
1.83333
16.1667
7.79167
-7.625
-11.7083
-7.70833
-3.83333
-4
-2.70833
10.5
29.7917
22.4167
-14.0417
-23.25
10.5
27.7083
-1.54167
-32.2083
-22
14.7917
33.0417
16.3333
2.70833
3.79167
5.41667
6.875
13.4167
17.75
10.0833
-13.7917
-35.7917
-30.3333
-0.875
21.625
14.25
-4.70833
-11.1667
-7.66667
-3.83333
-3.83333
-2.20833
13.7083
38.9583
31.75
-14.1667
-30.9167
1.625
21.5417
-3.04167
-34.2917
-28.7917
17.1111
30.7963
38.7963
39.0926
35.4815
29.2222
23.7407
15.6852
6.12963
-2.61111
-10.2222
-18.1852
-25.7222
-31.5926
-33.5185
-34.7963
-35.4444
-37.7963
-45.2037
-47.963
-46.2407
-40.8333
-34.1481
-26.5185
-17.1111
-4.44444
12.4444
34.8519
38.2593
39.3889
36.1111
28.1296
18.5741
7.61111
-4.46296
-16.5185
-25.3148
-30.7963
-33.5926
-35.7963
-38.0926
-40.9259
-44.5556
-49.5185
-55.7778
-63.6667
-71.2222
-70.6481
-58.6111
-39.5556
-17.7037
5.81481
31.2778
57.2963
83.5741
107.185
34.5185
26.1481
15.8333
7.18519
0.148148
-8.03704
-20.1667
-29.6852
-33.9074
-33.8519
-31.3704
-29.1852
-28.7593
-29.1111
-30.9815
-34.2222
-39.7963
-46.5556
-50.5741
-47.8519
-36.8889
-19.3889
2.2963
25.2222
48.8889
70.5926
89.8704
102.185
20.7778
9.94444
0.703704
-5.75926
-8.64815
-13.1852
-21.8704
-25.3704
-23.5185
-19.3148
-15.0185
-11.6481
-9.2963
-7.31481
-7.35185
-9.2963
-13.5556
-18.0926
-19.6852
-22.3333
-22.037
-17.0926
-6.94444
4.12963
14.463
22.0556
26.6296
25.5741
6.33333
-1.07407
-6.94444
-10.4259
-10.5556
-14.0185
-17.9815
-15.3519
-10.0556
-4.61111
-0.62963
0.981481
1.68519
2.83333
2.87037
1.62963
-0.351852
-2.22222
-3.64815
-8.24074
-15.0556
-20.5185
-22.4259
-23.8333
-26.463
-31.1296
-37.6481
-45.6667
-0.62963
-4.03704
-6.22222
-7.11111
-8.03704
-11.4074
-10.3704
-5.35185
-0.203704
4.11111
7.16667
8.07407
8.33333
8.22222
7.01852
5.25926
4.2037
3.22222
1.27778
-3.7963
-10.7963
-19.5741
-27.963
-36.5185
-46.0185
-55.6667
-65.2778
-73.6852
-2.03704
-2.59259
-3.14815
-0.462963
-4.7037
-7.75926
-3.01852
1.68519
4.62963
7.12963
9.40741
11.037
11.4074
10.0556
8.18519
6.64815
6.2037
5.88889
4.31481
1.74074
-2.57407
-8.98148
-17.3333
-25.8519
-33.7963
-40.8148
-46.1667
-49.5185
-2.05556
-1.68519
-0.62963
2.74074
-3.75926
-4.44444
0.944444
3.61111
4.64815
5.38889
6.48148
8.40741
8.96296
7.18519
5.75926
5.33333
5.27778
5.2037
4.64815
3.53704
1.12963
-2.61111
-7.75926
-12.6296
-16.2963
-19.2963
-20.7963
-21.2037
-3.96296
-3.14815
-1.44444
0.166667
-4.2037
-2.87037
0.555556
1.77778
1.96296
1.59259
1.35185
2.44444
2.88889
1.88889
1.64815
1.88889
1.5
1.12963
1.24074
1.33333
0.0555556
-1.68519
-3.7963
-5.42593
-5.62963
-5.38889
-4.48148
-3.33333
-5.42593
-5.22222
-3.83333
-6.72222
-6.01852
-2.77778
-1.53704
-1.22222
-1.16667
-2.03704
-2.98148
-3.18519
-3.03704
-2.90741
-2.22222
-1.83333
-2.48148
-3.40741
-3.2963
-2.61111
-2.55556
-3.11111
-3.7037
-4.2037
-3.98148
-3.46296
-3.2963
-3.46296
-6.55556
-6.85185
-6.68519
-10.8333
-5.98148
-2.7963
-2.62963
-2.55556
-2.55556
-3.07407
-3.87037
-4.94444
-5.14815
-4.35185
-3.48148
-3.42593
-4.14815
-5.24074
-5.81481
-5.62963
-4.85185
-4.5
-4.59259
-5.03704
-5.2963
-4.74074
-4.61111
-4.53704
-4.74074
-5.01852
-5.68519
-8.88889
-4.42593
-2.03704
-2.14815
-2.31481
-2.35185
-2.48148
-2.88889
-4.07407
-4.7037
-4.37037
-4.14815
-3.94444
-3.85185
-4.14815
-4.88889
-5.33333
-4.77778
-3.87037
-3.38889
-3.37037
-4.05556
-4.2963
-5.38889
-6.77778
-4.88889
-4.44444
-4.87037
-4.74074
-2.14815
-0.981481
-1.09259
-1.24074
-1.33333
-1.37037
-1.83333
-2.96296
-3.92593
-4.37037
-4.94444
-5.05556
-4.55556
-4.01852
-4.09259
-4.42593
-4.24074
-3.53704
-2.75926
-2.11111
-2.33333
-2.96296
-5.64815
-9.42593
-4.40741
-3.75926
-3.85185
-1.7963
-0.814815
-0.222222
-0.314815
-0.592593
-0.648148
-1
-1.85185
-3
-4.22222
-5.2963
-6.33333
-6.7963
-6.2963
-5.35185
-4.35185
-3.68519
-3.31481
-2.7963
-1.75926
-0.666667
-0.333333
-1.07407
-5.2037
-11.7407
-4.57407
-4.27778
-4.22222
-1.51852
-0.537037
-0.0740741
-0.0555556
-0.166667
-0.166667
-0.722222
-1.77778
-2.37037
-2.81481
-3.03704
-3.25926
-3.64815
-3.55556
-3.01852
-1.53704
0.0185185
0.648148
0.648148
0.888889
1.25926
1.59259
0.796296
-2.90741
-8.03704
-2.46296
-2.83333
-3.55556
-2.09259
-0.814815
-0.111111
-0.0185185
-0.0555556
-0.0925926
-0.425926
-0.648148
0.037037
0.907407
2
3.12963
3.87037
4.2037
4.59259
5.66667
6.96296
7.48148
7.25926
6.46296
5.42593
4.44444
2.87037
1.66667
1.42593
-1.55556
-2.09259
-3.18519
-3.37037
-1.40741
-0.222222
-0.0740741
0.0740741
0.0740741
0.351852
1.35185
3.31481
5.37037
7.55556
9.7037
11.4444
12.0741
12.3704
12.6111
12.9815
12.9815
12.5185
10.7037
8.55556
6.35185
3.46296
4.31481
8.81481
-0.574074
-1.27778
-2.68519
-4.48148
-2.42593
-0.62963
-0.185185
0.037037
0.0185185
0.796296
2.75926
4.64815
6.31481
7.75926
9.16667
10.3333
10.7778
11.1667
11.0185
10.4815
10.3889
10.1481
8.90741
7.2963
5.2037
2.7037
5.35185
11.2778
-2.74074
-3.2037
-3.77778
-5.51852
-3.98148
-1.57407
-0.407407
0
0.185185
1.14815
2.66667
3.35185
3.74074
3.87037
3.92593
3.88889
3.94444
4.37037
4.33333
3.96296
4
3.96296
3.64815
3.2037
2.7037
2.96296
6.87037
12.3519
-4.5
-4.57407
-4.2963
-5.09259
-5.59259
-3.48148
-1.05556
-0.203704
0.0555556
0.62963
1.05556
0.407407
-0.351852
-1.2963
-2.24074
-2.96296
-2.64815
-1.85185
-1.38889
-1.57407
-1.46296
-1.38889
-0.833333
-0.333333
0.777778
5.01852
10.8889
16.2407
-4.74074
-4.25926
-3.11111
-2.59259
-5.01852
-4.7037
-2.25926
-0.907407
-0.240741
0
-0.62963
-1.64815
-2.61111
-3.48148
-4.22222
-4.46296
-3.7963
-3.05556
-2.74074
-2.66667
-2.87037
-2.96296
-2.75926
-2.16667
0.0185185
6.18519
12.0741
16.8519
5.62963
5.01852
4.81481
4.35185
-0.277778
-3.66667
-3.25926
-2.01852
-0.87037
-0.5
-1.14815
-1.83333
-2.42593
-2.90741
-3.22222
-3.18519
-2.87037
-2.90741
-3.09259
-3.44444
-4.11111
-5.27778
-5.88889
-5.35185
-3.53704
0.574074
3.24074
4.72222
15.1111
11.2963
8.2037
5.66667
0.388889
-5.46296
-7.74074
-5.68519
-2.66667
-0.555556
-0.240741
-0.166667
-0.314815
-0.407407
-0.481481
-0.703704
-1.72222
-3.14815
-4.24074
-5.12963
-6.87037
-9.98148
-11.8148
-11.5185
-10.6667
-10.5741
-12.3333
-14.7222
7.7037
-0.351852
-5.68519
-8.40741
-10.6111
-14.1852
-15.6852
-12.4815
-7.48148
-2.98148
-0.259259
1.01852
1.53704
1.75926
1.66667
0.962963
-1.03704
-3.42593
-5.16667
-7.35185
-10.6296
-15.2037
-17.8333
-18.0556
-18.463
-21.2407
-25.2963
-29.4815
-21.9074
-31.1111
-35.7407
-35.5556
-32.5556
-30.0556
-27.6296
-22.6852
-16.9815
-11.3704
-6.16667
-2.48148
-0.425926
0.444444
0.37037
-0.611111
-4
-8.42593
-12.2037
-14.9259
-17.9074
-20.0926
-21.2778
-21.2593
-21.3889
-22.5556
-23.0741
-23.4815
-43.963
-49.5185
-50.5926
-47
-39.6296
-33.2037
-29.2593
-27.9074
-26.6852
-24.3889
-18.8519
-13.6111
-10.2222
-9.75926
-11.3148
-14.4815
-19.8333
-25.8148
-30.537
-32.0741
-31.7593
-27.6481
-24.2778
-21.3704
-17.7037
-14.4815
-10.8333
-8.57407
-26.5
-24.6481
-23.463
-21.8333
-18.6111
-16.5
-17.5926
-24.2593
-32.5
-38.463
-39.7407
-38.0926
-37.4259
-40.4074
-44.7222
-49.7222
-54.2593
-58.3148
-60.6111
-56.1667
-48
-35.3889
-24.5
-16.2963
-8.16667
-0.907407
5.16667
7.74074
13.1296
20.8333
23.7593
22.1667
19.5556
15.3333
7.35185
-6.62963
-22.5
-36.5185
-47.5556
-54.8889
-60.5926
-67.7778
-75.2037
-81.2963
-81.6667
-77.7963
-71.537
-61.3704
-48.3704
-33.1481
-19.0556
-7.72222
2.90741
10
11.5
7.57407
12.2778
5.35185
1.90741
1.75926
1.92593
-0.555556
-1.64815
0.0740741
5.18519
7.77778
4.44444
-6.7963
-21.1667
-31.5926
-29.7963
-16.6296
-0.166667
8.92593
13.2407
11.6481
8.42593
-6.55556
-16.6481
-19.1296
-1.44444
16.1667
28
25.1852
21.4815
10.7222
1.55556
-2.37037
-2.42593
-3.38889
-3.74074
-3.12963
0.740741
4.42593
4.40741
-3.74074
-16.2593
-25.8704
-23.5
-12.0185
1.05556
7.83333
11.7778
10.7963
5.94444
-10.3333
-20.9815
-21.8519
-2.94444
15.7963
27.6852
24.1296
25.6852
11.0926
-2.33333
-6.03704
-4.96296
-4.25926
-5.77778
-7.12963
-5.85185
-1.68519
1.40741
-0.574074
-7.53704
-13.5556
-12.7037
-6.77778
-1.24074
1.16667
4.37037
5.81481
3.11111
-11.3889
-21.7037
-23.1111
-6.05556
11.3148
22.5926
20.6852
33.8889
12
-7.40741
-13.7037
-11.5926
-9.01852
-8.87037
-9.03704
-8.12963
-5.25926
-1.74074
1.57407
2.25926
0.962963
-2.18519
-5.57407
-8.5
-8.03704
-2.01852
3.16667
2.18519
-13.037
-26.2222
-30.037
-13.3148
8.33333
25.1852
29.6296
37.6667
10.0926
-12.3889
-20.1481
-17.6667
-14.963
-14.037
-12.463
-9.16667
-4.5
0.87037
4.87037
5.90741
3.83333
1.64815
-0.314815
-2.35185
-4.77778
-4.92593
-6.07407
-10.4444
-22.0185
-28.6481
-24.6111
-5.18519
17.2593
32.1296
34.8889
30.2593
3.62963
-17
-23.9444
-22.8704
-20.1852
-16.4259
-11.2407
-5.98148
-1.55556
3.55556
7.57407
8.11111
4.55556
1.18519
-0.407407
-1.46296
-3.27778
-4.55556
-6.85185
-11.1852
-19.0741
-22.2407
-17.4074
-3.07407
13.7778
25.1667
29.2037
21.5741
-5.37037
-25.1481
-29.2963
-25.8148
-19.3704
-13.0741
-7.53704
-4.09259
-0.814815
4.46296
9.48148
10.0185
5.33333
0.685185
-1.35185
-1.96296
-3.22222
-4.07407
-3.81481
-4.62963
-9.09259
-16.2778
-18.6852
-12.0185
4.57407
19.2222
27.3704
13.0556
-16.0185
-33.6296
-32.2037
-23.9259
-15
-9.11111
-5.44444
-3.7963
-0.944444
5.03704
10.8519
11.463
5.7963
0.314815
-2.16667
-2.5
-3.51852
-4.01852
-3.01852
-1.31481
-2.55556
-7.53704
-13.0185
-12.5185
-2.68519
10.5926
20.1852
2.75926
-26.1481
-39
-30.6111
-19.4259
-10.6481
-6.77778
-4.5
-3.59259
-0.907407
5.07407
11.0556
11.7222
5.88889
0.0925926
-2.66667
-3.22222
-4.31481
-4.25926
-2.33333
0.555556
1.03704
-1.35185
-4.81481
-6.62963
-4.22222
0.740741
6.5
-8.59259
-34.6111
-40.6111
-26.1667
-14.4074
-7.38889
-5.37037
-3.83333
-3.55556
-1.31481
4.68519
11.1481
11.9074
5.59259
-0.555556
-3.16667
-3.42593
-4.68519
-4.85185
-2.38889
1.61111
3.27778
1.85185
-1.31481
-4.03704
-5.24074
-3.96296
0.037037
-20.1667
-41.0185
-38.9074
-20.6111
-9.81481
-5.07407
-4.12963
-3.22222
-4.05556
-2.57407
3.90741
11.6111
12.5741
5.25926
-1.87037
-4.14815
-3.42593
-4.2963
-4.92593
-2.90741
1.59259
4.38889
3.96296
0.62963
-3.12963
-6.01852
-5.61111
-1.64815
-29.8519
-44.463
-35.5185
-15.7778
-6.42593
-3.53704
-3.14815
-3.53704
-5.57407
-4.42593
3.55556
12.6481
13.6296
4.62963
-3.7037
-5.66667
-3.35185
-3.14815
-3.77778
-2.61111
1.38889
4.51852
5
2.40741
-1.55556
-5.74074
-7.44444
-5.72222
-40.2222
-46.1667
-31.4815
-10.7963
-3.87037
-2.48148
-2.59259
-4.24074
-7.22222
-6.03704
3.16667
13.2037
14.2963
4.51852
-4.61111
-6.66667
-3.61111
-2.40741
-2.59259
-1.75926
1.64815
4.57407
5.46296
3.55556
0.0555556
-4.68519
-8.59259
-10.1481
-47.0741
-46.1481
-28.2963
-7.51852
-2.37037
-1.61111
-2.2037
-4.92593
-8.53704
-7.22222
2.64815
13.1667
14.7222
5.25926
-4.16667
-6.90741
-4.24074
-2.57407
-2.24074
-1.35185
1.7963
4.75926
6.18519
4.83333
1.61111
-4.18519
-10.6481
-15.7963
-48.0185
-46.2778
-27.6667
-7.12963
-1.92593
-1.18519
-2.22222
-5.38889
-9.11111
-7.61111
2.27778
12.6852
14.8519
6.35185
-2.7037
-6.37037
-4.88889
-3.74074
-3.31481
-2.14815
1.42593
5.48148
7.77778
6.75926
2.59259
-4.7037
-13.7407
-21.3704
-45.1296
-45.0556
-27.6111
-8.09259
-2.31481
-1.27778
-2.18519
-5.38889
-9.03704
-7.81481
1.96296
12.3148
15.0741
7
-1.98148
-6.24074
-5.40741
-4.74074
-4.38889
-2.75926
1.92593
7.03704
9.62963
7.7037
2.22222
-6.68519
-17.5556
-26.6852
-39.7778
-43.6481
-28.8519
-10.3148
-3.12963
-1.27778
-2.12963
-5.42593
-9.09259
-7.81481
1.96296
12.3148
15.0926
7.05556
-1.96296
-6.44444
-5.98148
-5.57407
-5
-2.35185
3.37037
8.90741
10.537
7.38889
0.740741
-9.31481
-21.7963
-31.7963
-33.1852
-40.8333
-30.1852
-13.1481
-4.64815
-1.57407
-2.12963
-5.51852
-9.14815
-7.81481
2.09259
12.4259
15.1481
6.98148
-2.05556
-6.38889
-5.66667
-5
-4.7037
-2.57407
2.5
8.09259
10.1296
7.40741
0.425926
-10.7963
-24.4259
-34.4444
-25.1296
-36.2593
-31.1111
-16.5741
-7.31481
-2.62963
-2.40741
-5.55556
-9.03704
-7.74074
2.16667
12.4074
15.1296
6.92593
-2.12963
-6.33333
-5.27778
-4.12963
-3.72222
-2.31481
1.5
6.12963
8.37037
6.59259
0.648148
-10.037
-23.463
-33.7037
-15.8333
-29.6852
-30.0741
-20.037
-10.8704
-4.75926
-3.16667
-5.92593
-9.16667
-7.75926
2.44444
12.6296
15.3148
6.81481
-2.24074
-6.40741
-5.09259
-3.62963
-2.88889
-1.51852
1.48148
4.88889
6.22222
4.77778
0.166667
-8.7037
-21.2222
-31.8704
-9.74074
-23.9259
-27.3889
-20.537
-12.7963
-6.7037
-4.48148
-6.57407
-9.35185
-7.72222
2.7037
13.0741
15.8333
7.24074
-2.11111
-6.57407
-5.57407
-4.11111
-3.12963
-1.27778
1.7963
4.48148
4.68519
2.83333
-0.592593
-7.37037
-18.2037
-28.1481
-6.2037
-19.6481
-23.963
-17.8704
-11.1111
-6.33333
-5.48148
-7.68519
-9.92593
-7.66667
3.07407
13.5
16.1296
7.25926
-2.44444
-7.01852
-6.03704
-4.40741
-3.42593
-1.5
1.22222
2.88889
2.16667
0.814815
0.407407
-3.37037
-12.2593
-22.5
-1.44444
-10.7037
-14.1852
-9.77778
-7.16667
-6.46296
-8.85185
-10.8519
-11.6111
-7.66667
3.09259
13
15.1296
6.53704
-2.87037
-7.2037
-6.16667
-4.42593
-3.40741
-1.96296
-0.425926
-0.703704
-1.64815
-0.296296
4.94444
4.81481
-4.05556
-17.1667
8.31481
-2.18519
-6.90741
-4.12963
-1.94444
-4.35185
-10.0185
-14.5926
-14.8704
-9.64815
1.7963
11.463
13.2037
4.92593
-3.72222
-7.25926
-5.64815
-3.92593
-3.05556
-2.62963
-2.51852
-4.53704
-4.61111
0.555556
11.2037
14.037
4.2037
-12.1481
14.9259
3
-3.68519
-1.77778
2.27778
1.61111
-5.01852
-13.4074
-17.3704
-13.3704
-1.66667
8.57407
10.4074
2.83333
-4.85185
-7.61111
-6.77778
-6.64815
-6.75926
-3.09259
1.98148
3.7963
0.722222
1.62963
9.27778
14.5556
7.14815
-7.92593
19.1481
7.64815
0.0740741
0.111111
5.03704
6.18519
1.07407
-10.5741
-18.463
-17.4444
-5.24074
6.5
8.88889
0.851852
-8.81481
-12.7593
-12.1667
-9.14815
-3.87037
6.09259
14.4074
13.5741
3.33333
-2.03704
4.07407
12.0185
7.11111
-7.57407
21.7778
11.0185
4.31481
3.27778
8.5
9.5
4.62963
-12.0926
-24.3333
-25.963
-8.7963
8.62963
13.6296
3.25926
-10.2222
-14.2778
-12.1481
-6.59259
-0.277778
11.6667
21.7222
20.3333
5.05556
-5.74074
-1.61111
8.87037
5.55556
-10.6481
22.5741
11.8889
7.2037
7
12.3333
13.3333
7.62963
-12.0741
-29.9444
-34.2963
-15.6111
8.11111
17.5185
8.72222
-6.59259
-12.4074
-11.5556
-6.24074
1.18519
16.1296
29.2407
27.6852
7.22222
-9.38889
-7.92593
4.44444
1.83333
-15.9259
-44.6667
-41.3889
-36.9444
-36.6667
-36
-25.6111
-8.61111
9.11111
23.5
32.9444
28.3333
14.5
-0.722222
-2.16667
1.16667
-0.722222
-5.16667
-3.55556
5.72222
9.83333
4.27778
2.44444
11
24.2222
28.8333
17.8333
7.38889
-2.77778
-6.94444
-19.5
-34.8333
-53.1111
-38.4444
-28.5556
-17.3889
-5.5
4.22222
16.2222
27.3889
36.1667
42.7778
44.5
34.6111
13.7222
-13.1111
-28.1667
-27.4444
-5.77778
25.3889
53.6111
56.7778
38
10.6667
-1.16667
4.11111
8.16667
0.166667
-27.8333
-49.6111
-63.7778
-63.2778
-60.6111
-55.9444
-45.8333
-11.6111
-11.5556
-7.22222
10.2222
33.0556
50.8333
56.0556
52.2778
43.9444
30.6667
12.2778
-8.55556
-27.3889
-37.3889
-32.8333
-8.77778
24.2222
52.5556
60.2222
51.8333
35.8889
21.4444
5.55556
-18.6667
-53.2222
-87.6111
-104.722
-94.3333
-68.0556
-36.7778
-14.8889
5.5
17.5556
9.33333
5.22222
17.5556
46.1111
65.1667
62.9444
40.6111
14.6111
-7.22222
-17.8333
-23.2778
-25.5556
-27.3889
-20.8333
-3.22222
18.4444
34.3333
37.0556
32.7222
27.7222
22.3333
8.38889
-16.8889
-48.3333
-70
-79.3333
-69.1667
-49.5
-15.7778
14.2778
43.3889
29
21.2778
16.5
26.6111
49.0556
54.8333
37.7222
7.44444
-15.6667
-26.6667
-27.5556
-25.8333
-21.5556
-16.3333
-7.16667
0.888889
6.38889
8.77778
12.5556
17.9444
23.6667
23.5556
11.9444
2.44444
-5.66667
-2.5
-15.4444
-23.5
-25.2778
0.0555556
26.5
46.7222
20.5
21.2222
27
38.5
44.2778
28.3889
1.16667
-22.1111
-30.2778
-28.2222
-22.3333
-17.1667
-12.3889
-7.38889
-1.22222
3.66667
6.94444
7.55556
6.5
4.83333
4.72222
5.38889
4.72222
12.8889
31.7222
55.2222
53.7222
30.0556
2.44444
-1.77778
9.05556
19.8889
4.11111
14
31.0556
44.3889
31.5
1.61111
-25.2222
-31.4444
-25.6667
-17.5
-13.2222
-8.94444
-4.72222
-1
0.0555556
0.388889
2.72222
5.88889
7.22222
5.66667
3.22222
1.83333
2.11111
11.8889
31
56.8889
66.8333
58.3333
34.7222
14.1667
1.38889
-7.83333
-4.05556
8.77778
33.5
39.3333
13.0556
-18.5
-32.6111
-23.6667
-15.1111
-10.7222
-8.77778
-3.22222
1.83333
3.66667
0.722222
-2.83333
-2.33333
1.38889
5.77778
6.66667
4.44444
1.83333
0.777778
2.72222
11
27.7222
49.6667
60.0556
50.3333
21.6667
-6.22222
-25.7778
-1.11111
12.5
33.1667
23.6111
-6.61111
-28.1667
-26.7222
-12.7778
-8.33333
-6.66667
-3.44444
3.05556
5.83333
4.5
0.777778
-3
-4.94444
-4.27778
0.611111
4.66667
5
2.66667
0.944444
0.777778
1.83333
8.55556
23
36.3333
35.0556
14.9444
-8.77778
-23.6667
6.88889
20.3333
25.5556
3.66667
-20.2222
-27.3333
-16.1111
-5.5
-3.22222
-1.44444
2.77778
5.61111
3.72222
0.5
0.611111
0.722222
-2.11111
-6.05556
-4.72222
-0.222222
2.55556
2.05556
0.888889
0.5
0.666667
1.44444
6.38889
11.2778
12.0556
2.88889
-7.5
-12.7222
19
36.4444
15.3333
-14.8333
-32.5556
-23.1111
-7.22222
-1
1.33333
4.22222
6.5
4.11111
-1.33333
-3.83333
0.111111
4.61111
2.72222
-3.38889
-7.05556
-5.16667
-1.72222
0.333333
0.555556
0.277778
-0.0555556
-0.111111
1.05556
2.77778
3.94444
2.27778
1.16667
1.27778
29.7778
42.2222
2.38889
-26.1111
-35.5556
-16
-2.16667
0.833333
4.05556
7.05556
6.5
0.611111
-5.16667
-5.72222
-0.555556
5.55556
6.05556
1.61111
-4.88889
-7
-5.27778
-2.05556
-0.444444
-0.0555556
-0.166667
-0.166667
0.222222
1.77778
4.11111
3.94444
3.27778
1.27778
28.1111
32.5556
-2.55556
-23.7222
-26.8889
-9.55556
-0.333333
1.33333
3.94444
5.88889
3.77778
-1.38889
-4.88889
-4.22222
-0.833333
3.44444
5.5
4
-1.22222
-6.11111
-7.22222
-5.72222
-2.77778
-0.277778
1.72222
2.22222
1.55556
1.55556
3.11111
3.72222
4
2.33333
20.0556
12
-6.88889
-17.7222
-13.7778
-4.16667
0.222222
0.777778
2.22222
2.83333
1.5
-1.33333
-2.55556
-2.11111
-0.611111
1.16667
3
3
0.5
-3.55556
-6.11111
-7.33333
-5.72222
-2.11111
2.61111
5.11111
4.55556
2.83333
2.38889
1.88889
1.16667
-0.833333
10.7222
-1.44444
-6.27778
-10.3889
-4.22222
-1.55556
0.166667
0.333333
0.888889
0.666667
0.277778
-0.388889
-0.388889
-0.333333
-0.333333
0
0.666667
0.944444
0.277778
-1.83333
-4.22222
-6.94444
-7.38889
-4.88889
0.722222
5.55556
7.11111
5.22222
2.94444
1.44444
0.222222
-1
8
-3.77778
-5.88889
-7.11111
-1.61111
-0.944444
-0.277778
-0.0555556
0.444444
0.166667
0.111111
-0.166667
-0.166667
-0.166667
-0.277778
-0.722222
-1.55556
-2.22222
-2
-0.833333
0
-0.777778
-3.83333
-5.72222
-4.33333
1.05556
5.61111
6.88889
4.77778
2.38889
-1.33333
-6.33333
5.88889
-0.111111
-1.61111
-2.44444
-0.222222
-0.555556
-0.611111
-0.222222
0.222222
0.0555556
-0.111111
-0.222222
0
-0.333333
-1.5
-3.5
-4.83333
-4.83333
-3.33333
-0.888889
2.05556
3.94444
2.33333
-2.05556
-5.5
-3.94444
1.33333
6.05556
7
4.44444
-4.55556
-17.6667
1.66667
1.5
1.83333
2
1.33333
0.111111
-0.666667
-0.333333
-0.0555556
0
-0.166667
-0.444444
-0.166667
-1.27778
-3.11111
-6.61111
-7.61111
-6.55556
-3.33333
-0.333333
3.05556
6.22222
6.72222
3.16667
-2.72222
-5.38889
-2.44444
3.44444
7.16667
5
-8.16667
-28.5
-3.55556
0.666667
4.33333
6.05556
3.44444
0.944444
-0.611111
-0.388889
-0.444444
-0.222222
-0.222222
-0.0555556
0.277778
-1.5
-4.33333
-7.38889
-6.16667
-2.05556
1.55556
2.61111
2.33333
3.05556
3.66667
2.5
-0.722222
-3.33333
-2.33333
1.27778
4.5
1.83333
-11.8333
-30.5556
-8.27778
-5.11111
2.5
7.77778
6.05556
2.05556
-0.388889
-0.388889
-0.444444
-0.0555556
0
0.111111
-0.0555556
-1.5
-2.94444
-2.94444
0.222222
4.22222
5.44444
4.11111
1.05556
-1
-2.33333
-1.83333
-0.666667
0.5
0.611111
0
-1.22222
-5.83333
-14.6111
-22.9444
-13.0556
-13.7778
-0.166667
9.83333
11.0556
4.33333
0.277778
-0.222222
-0.222222
0.111111
-0.111111
-0.0555556
-0.333333
-0.166667
0.5
3.16667
6.27778
8.05556
6.22222
2.88889
-1.61111
-5.11111
-6.88889
-4.05556
0.888889
4.72222
2.61111
-2.11111
-7.83333
-14.5556
-18.9444
-16.2222
-17.1111
-23.7778
-6.66667
9.61111
15.7778
8.11111
1.88889
0
-0.0555556
-0.111111
-0.0555556
-0.222222
-0.388889
0.888889
3.61111
7.05556
7.83333
5.16667
1.33333
-1.72222
-3.77778
-5.16667
-3.94444
0.5
5.38889
6
1.05556
-5.88889
-12.0556
-18.1667
-16.6111
-5.11111
-19.5556
-28.8889
-12.1667
9.11111
20.0556
13.6111
4.94444
1.05556
0.333333
-0.111111
-0.111111
-0.277778
-0.0555556
1.83333
4.66667
6.61111
4.77778
0.611111
-2.38889
-3.33333
-2.72222
-1.38889
1.88889
5.61111
6.44444
2.61111
-4
-9.11111
-11.3333
-10.7222
-1.61111
14
-15.7778
-27.6111
-19.6111
2.16667
19.5556
19.5
10.7222
3.33333
1
-0.222222
-0.0555556
-0.277778
0.166667
1.27778
3.27778
4.05556
1.83333
-1.55556
-3.11111
-1.94444
1.16667
4.5
7.11111
6
1.77778
-4.44444
-8
-9.22222
-6.16667
3.55556
20.9444
37.6667
-6.94444
-18.3333
-21.5556
-8.38889
9.66667
17.7778
14.3889
7.11111
2.88889
0.611111
-0.0555556
-0.5
-0.222222
0.555556
1.77778
1.94444
0.333333
-1.27778
-1.44444
0.555556
3.55556
6.22222
6.44444
3
-2.66667
-7.33333
-9.05556
-7.11111
-0.166667
16.2778
35.3889
46.8333
4.05556
-8.83333
-22.5
-24.2222
-12.1667
2
9.55556
9.38889
6.38889
3.16667
0.944444
0.0555556
0.444444
0.722222
0.888889
-0.0555556
-0.944444
-1.22222
-0.388889
1.22222
3
4.22222
3.33333
0
-4.77778
-9.94444
-11.4444
-7.22222
5
21.7222
33.5
35
2.83333
-11.2222
-30.8889
-43.8889
-40.0556
-17.5556
4.77778
18.2222
16.6111
10.7778
4.44444
2.94444
3.5
3.44444
0.777778
-2.77778
-4.11111
-2.77778
-0.555556
0.666667
0.944444
0.777778
-0.166667
-2.77778
-8.22222
-17
-19.0556
-9.44444
11.6111
27.1111
28.7222
20.2778
-22.9444
-30.2222
-36.5
-44.8333
-43.6111
-25.3889
1.55556
23.9444
30.2222
24.3889
14.5556
9.72222
8.94444
7.22222
0.888889
-5.5
-7.38889
-4.55556
-1.22222
-0.111111
-0.666667
-1.83333
-3.55556
-8.44444
-16.4444
-26.7778
-24.8333
-7.55556
19.5
33.2778
27.8889
13.5556
-51
-44.6111
-34.2778
-30.7222
-26.8333
-16.6111
0.5
18.8889
32.4444
35.7778
29.8889
22.2222
16.1111
11.0556
2.22222
-4.83333
-7.38889
-4.88889
-2.72222
-3.22222
-8
-15.0556
-20.5556
-18.1111
-11.6111
-5.27778
-1.38889
8.83333
20.3333
25.9444
18.8333
8.72222
-62.1111
-38.8889
-9.44444
3.27778
4.55556
-6.83333
-11.1667
-7.83333
14.1111
31.7222
39.1111
29.8889
18.0556
9.44444
3.5
0.944444
-2.27778
-5.16667
-11.9444
-19.9444
-29.6111
-35.0556
-29.5556
-6.55556
21.1667
41.6667
38.6667
28.1667
12.1667
2.55556
-6.66667
-11.5556
-36.5556
-14.8889
5.83333
13.5
10.8889
-5
-22
-31.8889
-14.3889
10.5
28.6111
17
-1.61111
-13.6111
-8.22222
2.16667
2.5
-4.72222
-18.2222
-26.0556
-32.9444
-33.2778
-20.1667
18.2778
62.9444
91.4444
75.7222
39.6111
-0.444444
-23.2222
-34.2778
-37
-12.3333
-0.5
10.6667
12.8889
8
-4.83333
-19.4444
-32.9444
-28.1111
-13.1667
2.44444
-7.55556
-28.5
-41.2778
-30.2222
-8.44444
0.166667
-3.33333
-15.4444
-20.5556
-18.7778
-6.5
18.5
52
80.8333
88.1667
66.2222
29.7778
-4
-24.6111
-36.8889
-46.3889
-6.28
12.88
37.48
54.2
61.32
60.18
48.86
28.38
6.88
-11.92
-25.32
-27.74
-17.2
1.4
22.92
44.1
56.96
58.6
51.22
36.12
12.44
-15.86
-47.02
-74.2
-91.54
-93.6
-81.56
-55.38
29.14
47.92
66.24
71.3
66.86
55.18
34.36
8.86
-11.86
-27.32
-36.18
-33.66
-19.18
1.62
24.62
46.7
59.96
61.82
53.26
37.82
15.78
-8.68
-34.76
-53.28
-63.76
-63.3
-53.84
-32.26
52.26
65.94
72.06
65.8
51.3
32.1
9.22
-11.86
-26.54
-34.66
-36.76
-30.62
-16.56
2.56
23.12
41.52
51.22
51.32
42.72
32.82
20
6.36
-8.5
-17.28
-29.18
-35.28
-33.56
-19.36
58.76
68.04
64.84
48.92
28.4
5.44
-15.28
-29.66
-35.3
-34.86
-30.9
-23
-10.94
2.72
16.8
28.82
35.46
35.88
30.52
25.4
21.7
18.5
14.58
15.64
11.76
6.22
4.44
10.72
55.96
57.84
44.6
24.3
3.4
-17.16
-31.46
-36.92
-35
-28.84
-22.06
-15.26
-7.62
-0.64
5.9
11.94
18.2
22.04
21.12
20.64
22.22
26.16
32.48
45.52
53.76
55.8
50.94
41.4
47.34
41.14
19.82
-0.72
-18.36
-32.3
-37.56
-33.26
-25.88
-17.16
-10.48
-5.72
-1.72
1.24
2.72
4.14
6.66
8.4
8.12
11.18
18.68
30.08
44.92
62
70.7
68.74
56.16
35.02
36.2
22.76
-0.3
-16.38
-29.24
-35.24
-31.28
-21.62
-13.58
-6.08
-2.22
-0.98
0.08
1.02
0.6
0.56
2.28
3.66
3.92
7.36
14.5
24.38
37.46
50.96
56.92
54.16
43.5
24.44
24.62
6.36
-12.4
-23.06
-30.48
-28.72
-19.44
-10.18
-4.08
0.18
1.12
0.4
0.58
0.66
-0.58
-1.6
-0.84
-0.12
0.12
1.26
5.06
11.42
21.02
31.22
39.44
40.82
34.86
19.88
14.84
-6.76
-20.48
-25.58
-29.44
-20.72
-8.84
-1.5
1.54
2.64
1.96
0.82
0.66
0.66
-0.72
-2.64
-3.6
-3.92
-4.04
-3.16
-0.82
3.26
9.44
16.16
22.08
24.74
22.9
14.46
6.7
-14.62
-23.46
-25.7
-26.46
-13.66
-1.92
3.02
3.68
2.4
0.92
0.32
0.52
0.9
0.28
-1.64
-4.26
-6.22
-7.06
-6.4
-4.24
-1.02
3.1
6.78
9.58
10.28
10.2
7.24
2.16
-15.72
-20.16
-21.22
-20
-7.8
1.9
4.42
3.74
1.48
-0.14
-0.32
0.28
1
1.02
-0.5
-3.62
-6.84
-8.4
-8.28
-6.62
-3.46
0.44
3.6
6.14
6.7
6.72
5.86
-2.24
-14.62
-15.92
-16.58
-13.64
-3.58
3.04
3.78
2.74
0.32
-0.98
-1.02
-0.46
0.02
0.22
-1.04
-3.82
-6.84
-8.3
-8.34
-6.94
-3.94
-0.02
3.5
6.5
7.56
6.82
4.54
-3.42
-11.08
-11.6
-12.4
-9
-1.74
2.18
2.44
1.5
-0.56
-1.6
-1.86
-2.04
-2.14
-2
-2.76
-4.52
-6.48
-7.38
-7.3
-6.12
-3.52
0.32
3.98
7.2
8.72
6.64
1.76
-2.66
-6.22
-6.84
-7.96
-4.44
-0.78
0.88
1.02
0.56
-0.9
-2
-2.88
-3.66
-4.44
-4.4
-3.9
-3.64
-3.98
-3.98
-3.82
-4
-3.2
-0.6
2.6
5.76
7.78
4.48
-3.42
-0.16
-1.08
-1.94
-2.98
-0.7
-0.24
0.04
0.08
0.02
-0.8
-2.04
-3.48
-4.54
-5.7
-5.7
-4.22
-2.28
-1.16
-0.46
-0.46
-1.68
-2.62
-1.8
0.5
3.4
5.5
1.06
-8.84
0.94
1.82
1.08
0.54
1.52
0.3
-0.38
-0.4
-0.32
-1.08
-2.32
-3.82
-4.96
-6.22
-5.86
-4.14
-1.92
-0.08
1.22
1.36
0.34
-0.7
-0.72
0.56
2.3
2.74
-3.68
-15.62
1.44
4.52
4.28
4.22
4.16
1.28
-0.46
-0.48
-0.32
-1
-2.14
-3.08
-3.82
-4.5
-3.54
-1.64
-0.24
0.78
1.42
1.26
0.42
-0.02
0.14
0.9
1.02
-1.4
-9.4
-20.88
-0.36
5.48
6.26
7.2
7.22
3.08
0.08
-0.34
-0.26
-0.66
-1.22
-1.22
-0.92
-0.56
0.78
2.34
2.64
2.5
2.06
1.22
0.16
-0.2
-0.5
-0.72
-2.24
-6.7
-13.86
-21.5
-3.34
6.12
8.94
11.04
11.54
6.12
1.38
0.04
-0.24
-0.32
0.06
1.12
2.24
3.42
4.74
5.12
3.92
2.66
1.4
0.28
-0.14
0.2
-0.34
-1.58
-4.32
-9.74
-14.78
-16.92
-8.72
4.2
10.74
14.58
16.34
10.18
3.92
0.84
-0.1
0.02
1.26
2.76
4.18
5.58
6.16
4.9
2.72
1.06
0.02
-0.18
0.94
2.04
1.34
-1.06
-5.02
-10.56
-12.16
-8.66
-13.76
0.28
9.12
14.74
18.3
13.3
6.72
2.44
0.68
0.76
2.08
3.6
5.18
6.5
6.18
4.38
2.36
1.1
0.54
1.06
2.22
2.48
0.46
-2.96
-7.06
-10.14
-6.7
2.98
-20.66
-9.24
0.42
8.06
14.3
13.52
8.9
4.72
2.58
2.16
2.88
3.74
4.84
5.5
4.6
2.92
2.02
2
2.46
3.14
3.14
0.68
-3.58
-8
-10.56
-8.34
2.46
17.84
-34.64
-25.96
-13.02
0.04
11.6
17.28
16.04
12.06
8.42
6.1
4.7
4.1
3.56
2.78
1.34
0
-0.04
1.08
2.44
2.92
1.46
-3.62
-9.5
-13.44
-13.1
-5.1
12.42
31.52
-47.88
-40.96
-24.58
-6.52
10.2
21.74
25.96
23.38
18.62
13.78
9.34
5.66
2.72
0.22
-1.88
-2.88
-2.24
-0.66
0.84
0.32
-3.16
-10.12
-16.36
-18.64
-14.54
-1.74
19.02
38.42
-56.32
-52.64
-38.06
-18.36
1.16
18.32
29.68
33.4
30.76
25.08
18.06
11.24
4.74
-0.38
-3.56
-4.74
-5.68
-6.56
-7.36
-8.7
-12.56
-16.6
-17.08
-13.18
-6.36
7.3
25.52
39.86
-63.68
-60.38
-45.96
-26.84
-6.42
13.2
29.42
38.54
39.58
33.84
25.8
17.02
7.18
-0.74
-6.34
-11.06
-16.38
-20.54
-22.34
-20.54
-18.02
-13.5
-5.28
3.9
10.7
19.44
29.54
34.76
-65.2
-58.12
-41.68
-23.8
-5.26
12.02
28.52
37.02
37.5
29.54
19.52
8.88
-0.56
-7.12
-11.5
-15.36
-20.82
-25.18
-25.8
-19.6
-11.06
1.56
16.44
28.46
32.62
33.78
31.38
24.76
-48.22
-39.46
-27.86
-19.12
-9.44
0.9
15.4
24.52
26.54
19.1
7.92
-3.84
-12.18
-15.82
-17.22
-17.9
-21.32
-24.9
-24.24
-13.62
1.5
22.74
44.5
58.28
57.52
48.84
31.08
10.84