14.875
13.25
9.5
6
1.875
0
0
0
0
0
0
0
-0.125
-0.375
-3.125
-4.375
-4.25
-4
-1.25
0
0
0
0
0
0
0
0
0
0.25
0.875
6.25
7.75
4.125
-0.375
5.125
3.5
2
1.125
0.125
0
0
0
0
0
0
0
-0.25
-6.5
-22.125
-26.625
-26.375
-20.125
-4.5
0
0
0
0
0
0
0
0
0
0.125
0.25
1.25
1.5
0
0.75
0.375
0.125
0
0
0
0
0
0
0
0
0
-0.375
-4.375
-20.5
-45.875
-55.75
-51.875
-35.75
-10.375
-0.125
0
0
0
0
0
0
0
0
-0.125
-0.375
-1
0.125
1.375
4
0
0
0
0
0
0
-0.625
-2.75
-8.25
-17.625
-34.875
-54.375
-71.125
-70.25
-67.875
-61.75
-52.25
-66.75
-76
-85.25
-97.25
-99.375
-100
-100.75
-101.375
-101.75
-102.125
-102.5
-103
-100.25
-88.25
-61.875
-34.375
-9.375
0
0
0
0
-0.875
-5.625
-19.75
-39.75
-65.5
-94.25
-124.125
-148.25
-145.75
-106.25
-67.875
-41
-34.875
-78.75
-124.75
-159.625
-193.875
-209
-210.875
-212.375
-213.625
-214.125
-214.375
-214.75
-214.875
-208.75
-175.125
-122.125
-67.5
-19.5
0
0
-1.75
-8.625
-31.25
-55.375
-92.25
-127
-146.125
-163.125
-159.125
-142.5
-95.75
-62.375
-32.5
-22.25
-35.25
-31.875
-52.5
-68.875
-92
-119
-125
-125.125
-125.375
-125.125
-124.625
-124.25
-123.25
-118.125
-93
-64
-34.5
-9
-10.5
-24.625
-49.625
-75.25
-114.75
-142.125
-155.125
-158.75
-138.5
-116.875
-88.125
-50
-9.25
-14.375
-7.75
-21
-50.125
-8
6.25
10.375
20.375
-1
-16.375
-16.75
-15.75
-15.25
-14.875
-14.125
-12.875
-5.125
2.625
4.875
5.75
0.75
-79.625
-109.375
-141.375
-161
-159.5
-149
-115.75
-84.375
-61.625
-36.25
-16.875
17.625
23
11.125
7.75
-17.25
-31.5
-8.5
19.125
28.25
42.5
34.875
4.875
-4.375
-3.125
-3
-2.625
-1.75
-0.375
12
15.625
15.5
13.875
1
-162.625
-165
-151.875
-135
-98.125
-67.875
-42.875
-21.125
-17.25
-11.125
3.875
30
16.625
15.375
18.875
8.125
19
11.5
21.875
40.625
49.25
59.875
33.625
2.75
-0.625
-0.25
0.375
0.875
4.125
16.375
17.875
16.375
13.125
-0.25
-131.125
-102.875
-71.625
-47.375
-28.375
-17
-14.75
-11
-10.5
-6.125
17.5
22.5
9
11.375
18.625
44.5
69.875
48.25
12.75
18.375
26.75
44.375
52
18.75
1.125
1.125
1.25
1.5
8.125
17.75
17.375
15.125
8.375
-3
-33.125
-18.5
-10.875
-7
-8.25
-10.125
-9.875
-9.125
-6
13.625
46
34.75
27.375
25.75
14.5
51.25
86.75
72.5
31
6.875
6.5
10.625
35.125
36.75
9
4.5
3
3
12.375
18.875
18.125
15.625
5
-3.375
88.75
79.125
53.25
26.5
4
-4.25
-4.5
-4
2
32.125
38.625
23.625
24
21.125
20.875
43.75
64.5
55.5
44.25
17.125
15.625
21.5
32.625
56.5
34.625
12.5
7.875
5.375
14.125
18.25
18.375
16.5
4.375
-0.875
171.5
154
109.5
61.5
17.875
2.5
1.375
0.5
11.875
34.125
9.875
2.75
9.5
10.625
36.375
43.875
34.625
31.375
37.25
24
19.125
37.75
47.25
64.375
65
27.375
11
8.875
15.5
17.375
17.75
16
4.25
1.125
103.375
94.625
73.5
47.625
16.875
3.75
2.625
3.625
29.25
34.5
16
16.875
10.75
13.375
32
29.25
11
21.625
39
38.125
16.5
12.5
25.75
31.375
53.875
41.125
10.875
9.875
17.875
17.75
17.625
14.25
3.75
1.75
24.75
19.875
16.5
15
8.75
2.25
2.125
10.25
37.75
25.125
19.625
25.875
13.125
25.625
30.375
12.125
-18.625
-11.5
14.25
37.375
37.875
12.125
5.25
-1.25
13
34.5
16.875
10.875
20.875
19.625
18.75
11.75
2
0.75
-0.125
-2.5
-4.375
-3
2
1.625
4.625
29.75
39
23.625
22.25
20.25
19.625
31.25
25.75
-4.25
-37.75
-41.25
-21.75
13.875
44.25
35.375
14.5
10.125
9.25
28.375
35.75
23.5
25.75
24
21.75
9
0.75
0
-44.375
-30.75
-20.5
-11.625
-3.125
1.75
14.75
50.5
39.25
31
30
9
15.375
7.75
-26.125
-51.875
-41
-29
-3.625
22.875
32.875
32.125
16
21.875
31.375
48.375
73.125
69.25
47.25
35.125
23.625
5.625
1
-0.5
-72.625
-50.375
-22.25
-5.25
-0.375
3.5
26
35.125
14.5
12.125
16.125
3.625
10.625
-9.25
-77.125
-94
-58.25
-30.125
11.625
36.25
36.125
36.5
23
11.75
19.125
43.875
91.5
120.5
92.875
60.25
26.375
4.25
1.5
-0.625
-46.75
-25.25
0.25
11.5
9.75
11.125
32.875
14.375
2.25
4.625
9.5
17.75
25.5
-2
-57.375
-63.125
-50.625
-28
-0.125
17.625
27.875
48
49.125
24.5
3.625
4.625
41
81
85
58.125
21
3.875
1.875
1.125
2.5
22.5
25.375
22.5
18.5
27
36.375
20.25
18.125
14
13.125
32.125
33.125
-0.875
-5.625
-9.625
-10
7.25
1.5
2.125
7.5
31.875
53.625
46.75
21.875
-5.75
-14.125
-3.75
16.625
19.25
6.5
2.375
0.625
0.5
21.625
37.625
34.125
20.875
23.125
37.25
27.375
16.125
21.75
14.875
23.625
46.75
24.375
8
30.125
20.5
29.75
26.375
3.75
0
0
9
32.375
41
33.375
8.375
-13.875
-21.125
-12.125
4.375
4.125
2.375
1
-0.75
-6.25
-5.875
-5.5
-11
20.25
38.875
26.125
21.375
23
23.125
37.5
42.375
7
19.5
42.625
42.5
54
25.625
2.25
-1.75
-8.75
-11
4.125
24.875
34.25
21.5
-4.5
-18.25
-17.375
-0.875
10.25
5
1.75
-0.5
-77
-100.875
-93.75
-61.25
8.5
35.125
32.5
34.875
20.125
29.125
32.25
6.75
-9.25
4.375
21.875
47.875
45.125
26.125
11.5
-15.625
-47.125
-69.625
-65.75
-23.875
24
39.75
9
-23.125
-32.875
-24.125
2.75
7.75
0
-2
-119
-140
-115.75
-49.375
6
20.875
19.625
25
22.375
38.375
32.375
-3.25
5.125
11
14.5
40.5
21.625
14.875
2.625
-52.75
-97
-137.875
-145.25
-91.875
-19.875
33.125
34.125
0.75
-24
-32.875
-13.25
5
0
-3
-62.75
-60.375
-26.875
27.5
31
24
15.25
16.375
35
44.625
23.375
1.375
12.875
22
28
28.125
10.25
-10.375
-45.375
-89.75
-110.375
-126.75
-125.75
-101.375
-61.875
-11.875
22.5
19.375
-4.875
-19.75
-15
2.125
6.25
-1
19.875
25.875
52.125
68.125
47.125
31.75
15.25
11
29
28.625
-6.375
-9
-5.25
1.625
22.375
16
6.875
-29
-66.375
-72.75
-62.125
-29.125
-10.125
-28.5
-30.125
-15.5
8.625
20
-2.75
-15.25
-16.875
-4
13.375
8.625
63.5
56.75
62.125
41.5
18.125
14
7.75
18
30.25
19.125
2.375
10.5
10.875
11.625
20.5
16.875
13.875
6.125
12.625
42.25
79.125
121.125
131.5
104.5
67.75
43.25
38.875
29.625
9.75
-16.625
-32.5
-26
-1.625
14.875
67.625
64.75
48.75
16.5
-1
-0.75
7.125
22.125
23.125
1.5
7
12.25
11.5
8.625
0.5
-1.125
0.25
28.75
57.875
89.375
124.625
129.25
114.375
90.5
37.25
-3.75
-20
-25
-14.375
-28.75
-42.625
-39.125
-26.5
1.625
45
57.25
28.5
11.5
-0.75
-24.625
-23.875
-33.875
-54.75
-74.5
-72.375
-72.625
-74.125
-78.75
-84.5
-84.375
-85
-67.75
-55.75
-48.125
-37.75
-46.25
-59.125
-72.25
-92.375
-110.625
-118.5
-98.125
-68
-43
-33.625
-22.25
-20
-10.375
25.75
27
-2.25
-4.5
-19
-43.625
-52.375
-78.875
-109.875
-119.75
-120.625
-118.125
-115.875
-117.5
-115.25
-115.375
-116.375
-112.25
-104.875
-98
-88.25
-76.5
-69.25
-56.25
-41.25
-29.25
-16.375
2.125
22.5
46.625
49.5
44.125
26.75
5.75
14.375
3.125
-6.75
0.25
-4.25
-2.875
-6.5
-19.25
-32.5
-29.25
-20.25
-10.75
-0.5
9.375
18.125
15.875
4.125
1.5
7.25
23.5
45.25
58.75
63.75
76.375
91.625
107.375
125.125
131.125
135
128.375
109.25
71
37.375
10.5
3.75
4.25
19.5
38.25
61.5
74.875
76.75
77.125
74.75
76.625
83.5
81.25
82.75
98.875
107.75
102.5
82.625
64
55.625
72.875
87.25
82.625
69
60.25
68.875
79.125
88.375
88.625
73.5
52.875
32.75
-0.875
-10.625
-13.375
-10.125
-5.625
14.875
32.75
69.125
89.25
88.875
85.25
74.875
65.625
50.75
28.125
9.375
14.375
29.375
40.375
43.625
30
17.875
20.875
11
-8.75
-25.625
-33
-19.375
-0.75
8.75
9.625
-2.875
-12.5
-15.75
-24.25
-17.875
-12.125
-20
-24.125
-20.125
-20.5
0.375
17.875
20.75
17.375
8
1.25
-19.125
-33.625
-49.375
-48.25
-26.125
5.125
35.5
40.125
35.375
16.875
-11.25
-31.375
-37.5
-36
-26.125
-12
-8.5
-6.625
-6.625
-6.25
0
0.5
0.875
1.75
0.375
1.5
5.75
6
1.875
0
0
0
0
0
0
0
-0.125
-0.375
-2.875
-3.625
1.75
4
1.25
0
0
0
0
0
0
0
0
0
-0.25
-0.875
-15.25
-42.25
-34.875
0.125
1.375
1.25
1.75
1.125
0.125
0
0
0
0
0
0
0
-0.25
-6.5
-21.625
-13.625
17.375
20.125
4.5
0
0
0
0
0
0
0
0
0
-0.125
-0.25
-8
-33.5
-41
-13.5
0.375
0.125
0
0
0
0
0
0
0
0
0
-0.375
-4.625
-20.5
-42.875
-22.75
34.625
43.5
12.875
0.125
0
0
0
0
0
0
0
0
-0.125
-0.375
-10.25
-35.375
-39.625
-11
0
0
0
0
0
0
-0.625
-2.75
-7
-12.125
-19.625
-24.625
-17.125
-4.25
-23.375
-27.5
30.5
35.5
-10.5
-13.75
-1.75
-0.375
-1
-1
-0.375
0
-0.375
-0.75
-0.5
3
8.25
2.875
-4.625
1.875
0
0
0
0
-0.875
-5.625
-18
-28.5
-27.75
-26
-30.875
-28.75
0.25
29.75
-11.375
-43
30.125
46
-31
-47.625
-14.875
-1.5
-2.125
-1.875
-0.625
0.125
-0.125
-0.75
-0.625
6
29.125
45.375
31
14.75
0
0
-1.75
-8.625
-27.75
-38.125
-34.5
-39
-34.625
-26.875
-31.625
-26
22
61.375
4
-44.5
16
37.875
-37
-71.625
-36
-6.75
-2.5
-2.125
-0.625
0.125
-0.125
-0.75
-0.25
11.375
53
87
63
25.25
-10.25
-17.875
-28.875
-32.75
-38
-45.375
-40.125
-39.5
-34.75
-27.625
-32.125
-14.25
58.75
92.875
9.5
-47.5
-0.125
25.75
-34.25
-89.875
-66.625
-20
-4.125
-2.5
-0.75
0.5
0.125
-0.625
0.625
20.875
83.125
127.125
87.75
31.5
-27.375
-33.625
-37.875
-35.25
-39.25
-46.25
-40.25
-37.875
-28.625
-16
-5.875
37.625
99.5
71.375
-25.5
-42.75
3.5
35.25
8.875
-69.25
-98
-52.625
-11.125
-1.625
-0.375
1
0.875
0.5
2.375
30
96.625
126
76.125
26.75
-28.625
-34.75
-38.875
-36.5
-39.375
-41.375
-23.875
-13.375
-8.75
-1.875
13.375
68
104.875
31.625
-32.875
-0.125
0
-5.25
24.875
-11.375
-84.25
-90.625
-38.875
-4.75
0.375
1.25
0.875
0.875
5.625
43.875
107.375
114.125
61.875
23.75
-29.125
-35.875
-38.375
-29.125
-13.625
-10
-8.5
-3.5
-2
2.625
40.25
101.5
84.75
-10.125
-16.375
43.5
6.375
-38.5
-0.5
11.375
-51.25
-100.625
-70.25
-18.5
-0.125
1.625
1.25
1.5
11.125
59
113.125
97.875
48.875
22.25
-18.875
-19.75
-15.625
-10
-6.25
-3.875
-3.375
-3.125
0.25
20.625
77.5
107.75
34.875
-31.75
26.5
81.5
13
-62.25
-41
9.125
-15.5
-88.125
-94.625
-38.25
-4.25
-0.5
0.5
2.25
19.125
73.875
113.375
80.875
38
21.375
1
-27.875
-44.5
-34.25
-13.5
-5.25
-3.5
-2
3.75
42.125
99.125
82.125
2.75
-4.375
72.125
93.5
12.75
-73
-84.25
-22.375
17.875
-36.5
-97.125
-73.25
-22.125
-5.25
-3.375
1.625
28.875
88
108.875
64.5
30.125
20.125
12.25
-41.75
-86.5
-69
-24.375
-7
-3.375
-1
14.625
74.875
113.125
43.25
-19.75
31.625
95.125
76.875
14.875
-48.875
-96
-77.25
-3.125
15.75
-50.25
-89.375
-57
-18.625
-6.75
0.375
40.25
100.125
100.25
50
24.5
18.375
18.625
-56.125
-127.5
-105.625
-36.375
-8.5
-3.375
1.375
36.75
105.75
89.5
-7.625
-7.5
79.375
100.5
48.25
7
-23.625
-70.75
-93.625
-46.75
13.5
-6.25
-69.375
-82.875
-43.375
-12.375
1.375
51.125
109
90.625
38.25
20.5
16.5
18.75
-70.625
-163.25
-137.5
-47
-10.25
-3.875
8.25
61.25
114.125
46.375
-26.625
40.125
109.125
79.375
19.125
-20.125
-27.25
-25.5
-57.375
-68.125
-15.625
10.25
-44.75
-92
-64.5
-21.875
4.125
63.875
113.625
76.75
27.25
17.75
15.25
22.125
-66.25
-165.125
-143
-49
-10.375
-2.375
31.25
96.75
100.625
-0.5
-23.5
74.625
102.75
45.75
5.25
-22.75
-25.25
3
-20.375
-77
-63.875
3.5
1.625
-69.75
-86.375
-42
8.25
77.75
110.5
59.75
18.25
16.5
15
24.625
-56
-153.5
-137.875
-47.125
-9.25
7.5
64
110
53.75
-29.75
12.5
95.125
68.5
0.125
-13.375
-4.75
4.5
29.375
11.625
-62.875
-100.625
-44.5
16.625
-14.125
-63.625
-54.125
0.5
74.25
91.875
40.625
11.625
14.5
13.75
43.375
-31.375
-140.25
-133.25
-45.625
-6.75
23.25
87.375
94
15.375
-12.875
49.875
78.875
27.5
-40.125
-39.75
18.5
46.625
47.625
29.25
-31.125
-91.75
-85.25
-20.5
9.875
-13.875
-22.75
7.5
49.875
51.5
17.125
6.25
13.25
13.125
67.5
-2.75
-125.5
-135.25
-48.25
1.125
49.625
105.625
61.75
-17.125
16.5
74.5
50.25
-14.5
-79.375
-51.125
66.625
100.25
45.875
13.375
-14.875
-62.75
-88.125
-55
-0.625
14.625
11.5
19.5
26.75
15.875
0.5
3.875
12.875
12.625
92.5
25.25
-116.125
-144.75
-54.75
18
76.625
87.5
10.875
-14
66.875
88.875
13.625
-57.375
-101.375
-48.375
94.25
136
53.25
1.125
-6.25
-33.625
-77.125
-88.5
-33.875
33.75
57.375
38.5
1.875
-16.75
-11.5
1.625
11.125
11
116.125
40.875
-114.625
-158.875
-60.625
40.75
89.375
48.125
-14.25
29.375
101.625
73
-18.125
-71.5
-88.125
-42.75
81.75
132.875
55.25
0
0
-10
-49.375
-99.25
-83.875
6.375
84.875
74.625
-0.875
-36.625
-19.625
0.125
10.75
10.5
114.75
23.875
-114.75
-148.5
-37.25
76.125
82.875
5.125
-16.75
63.875
104
48.375
-34
-72.75
-56.875
-18.75
56.75
106.375
50.5
-1.75
-8.5
-10.25
-15.875
-61.125
-96.75
-49.5
45.5
84
31.625
-21.875
-23.75
-4.25
9
9.5
92.75
6.375
-95.5
-101.5
11.5
96.125
45.5
-28.625
11.625
99.125
89.75
12.75
-47
-52.375
-22.375
-5.875
38.875
80.125
38.5
-15.375
-45.625
-39.625
10
8.125
-52.5
-70
-8.75
58.625
52.625
3.875
-21.25
-10.5
6.5
8.25
62.25
-0.25
-58.25
-38.875
53.75
86.625
11.375
-18.75
54.375
102.875
57.375
-13
-45.125
-20
-0.75
-19
19.125
64.125
17.375
-54.5
-86
-51.875
26.25
62.375
16.625
-51.375
-52.625
13.75
58.75
32.125
-12.5
-14.5
2.5
6.25
24.75
-5.875
-8.375
38.25
84.5
49.25
-19.25
10.375
83.75
82.625
18.125
-36.375
-27.375
15
4.25
-23.625
17.75
37.625
-29.625
-94
-101.125
-52
31.5
91.625
79.625
-0.375
-71.5
-42.625
46.125
65
10.75
-17.875
-7
2.75
-6.875
4.625
46.375
89.125
65.875
-7.5
-19
58.75
101.25
56.375
-14.875
-45.75
1
37.625
-9.875
-32.75
19.875
7.25
-75.625
-109
-88.375
-38.875
32.375
96
115.875
53
-59.125
-87.5
-4.25
64.5
47.125
2.25
-13.625
-5.875
-20.5
10
71.375
95
18.625
-38.5
20.5
94.5
86.25
27.875
-23.875
-33.5
12.625
33.875
-11
-31.125
8.625
-4.125
-77.375
-95.5
-51.875
-8.625
19.25
57
92
62.5
-28.375
-87.875
-53.5
24.875
58
34.75
-2.125
-12.125
-33.625
14
86.5
73.75
-29
-45.75
52.125
99.125
59.875
13
-25
-29.25
16.75
28.125
-9
-18.625
3.25
-22
-74.625
-62.875
-18.375
-1.5
4.125
20.5
47
47.25
-8.75
-67.5
-60.375
5.5
60.875
62.125
19
-12.375
-44.75
21.75
77.75
22.25
-61
-29.375
66.625
80.125
31.75
2.75
-14.875
-15.125
10.375
10.5
-9.5
-8.125
0
-21.25
-40.75
-22.625
-4
-0.75
2.375
6.5
11.875
13.375
-3.25
-39.875
-57.25
-14.25
53.875
85.25
46.5
-9.875
-46.5
27.5
52.5
-19.5
-61.5
-8.875
59.375
49.875
11.125
0.75
-3.125
-4.625
4.125
0.5
-6.75
1.375
-0.375
-9
-1.875
-1
-7.75
-2
2.25
2.5
-0.25
-2
6.125
-8.125
-30.75
-13.125
30
67.875
43.25
-15.75
-47.875
41.125
43.25
-45.75
-53.25
-0.625
33.5
25.75
8
6.5
3.5
1.5
10
7.875
-0.875
-4.625
-23.125
-22.5
14.75
20.25
-3.5
-6.5
-1
3.875
9.875
8.625
6.125
1.125
-6.25
-2.875
11.5
37.25
30.625
-10.5
-47.5
46
41.25
-35.5
-25
4.625
4.75
3.375
6.25
5.875
-0.25
-3.5
5.25
17.625
17.75
-10
-51.125
-33
33.375
46.125
5.25
-17.875
-10
16.25
39.875
30.125
10.375
0.625
-11
-13.125
-3.5
11.625
10.625
-10.375
-43.125
39.375
42.375
-8.5
4.375
15.5
-6.625
-10.75
8.125
13.375
-8.5
-24.375
0.375
40.125
47.375
-4.375
-71.125
-47.5
40.125
58.125
2.25
-38.75
-24.875
29.5
67.875
46.25
9.75
-2.375
-11.625
-24.25
-21.75
-10.5
-10.125
-11.125
-41.5
35.375
50.875
12.75
27.875
31.375
-12.5
-21.625
8.75
14.25
-21.125
-42.125
-4.875
59.25
76.125
5.375
-73
-51.875
28.125
50.625
-4.5
-60.875
-44.75
32.25
85.875
57
1.5
-11.375
-15.125
-36.5
-33.5
-12
-1.875
2
7.77778
6
4.22222
2.66667
0.833333
0
0
0
0
-0.166667
-2.05556
-9.44444
-23.1667
-28.8333
-28.8889
-28.7222
-26.8333
-19.4444
-5.72222
-0.0555556
0
0
0
0
0
0
0.0555556
0.222222
2.77778
4.11111
3.11111
2.38889
2.33333
1.55556
0.888889
0.5
-0.222222
-1.22222
-3.66667
-7.83333
-15.7778
-25.3889
-35.1111
-43.2778
-59.1667
-64.7778
-62.5
-63.1111
-64.1111
-66
-58.6667
-60.0556
-65.6667
-66.7778
-67.0556
-67.3889
-67.8333
-68.1667
-68.3333
-67.0556
-61.3333
-49.5556
-37.8333
-24.5
0.166667
0.0555556
-0.388889
-2.5
-8.77778
-17.6667
-29.5
-44.3889
-63.5556
-81.3889
-89.3333
-86.8889
-89.8889
-89.4444
-78
-74.8889
-83.6111
-100.333
-108.722
-117.833
-133.5
-140.5
-141.333
-141.944
-142.611
-143.056
-143.222
-140.667
-127.056
-103.111
-78.1111
-52.5556
-0.777778
-3.83333
-13.8889
-24.6111
-42.3333
-62.7222
-85.3889
-108.944
-130.167
-149.444
-145.833
-130
-115.833
-104.222
-87.7222
-80.1111
-99.2778
-130.556
-157.111
-178.389
-200.111
-214.278
-217.5
-218.167
-218.944
-219.389
-219.278
-214.278
-190.778
-155
-117.833
-80.2222
-22.1111
-34.9444
-56.3889
-77.6111
-103.389
-127.444
-146.778
-164.222
-170.111
-165.444
-136.944
-115.778
-89.8889
-73
-57
-44.6111
-62.9444
-79.6667
-101.611
-114.889
-130.222
-151.333
-159.222
-159.889
-159.778
-159.5
-158.722
-152.444
-132.167
-106.778
-80.7778
-54.7222
-76
-96.0556
-121.667
-142.222
-157.333
-166.167
-167.333
-163.833
-144.556
-114.611
-83.2222
-71.8333
-49.3889
-35.5
-37.1667
-34.5556
-33.6111
-29
-42.5
-49.8333
-49.3889
-66.1111
-83.7778
-87.5
-86.7222
-86.1111
-84.7778
-75.8889
-62.2222
-48.8333
-35.6111
-22.3333
-144.5
-159.111
-166.167
-170.111
-163.056
-149.611
-129.667
-109.056
-82.7222
-41.1111
-22.5556
-20
-1.27778
10.3889
-0.444444
-11.9444
7.55556
34
27.8333
24.2222
32.2222
25.7222
4.61111
-9.77778
-10.5
-9.61111
-7.22222
3.5
8.16667
9
9.72222
9.66667
-173.667
-169.278
-154.278
-138.056
-114.778
-91.7778
-71.6111
-49.4444
-20.1667
9.55556
6.61111
7.22222
26.0556
40.2222
22.3889
0.5
26.7778
54
46.6667
33.6667
36.8889
43.0556
27.6111
5.88889
-1.11111
-0.611111
3.44444
14.6667
16.4444
15.6111
15.2778
13.8889
-134.167
-116.833
-94.0556
-74.6111
-56.3333
-41.0556
-28.5
-9.5
13.6111
22.3889
13.1111
21.2222
42.6667
56.4444
48.1667
37.0556
47.7778
63
58.8889
40.6111
30.8889
39.1667
40.5556
20.1111
4.44444
3.27778
9.16667
18.3333
18.6667
17.1667
16.6111
14.4444
-26.0556
-18
-15.1667
-14.7778
-15.8333
-14.1667
-10.7778
7.77778
28.5
23.6111
19.7778
36.5556
52.5556
56.5
58.3889
65.6111
61.7778
50.4444
56.5
48.3333
30.7222
32.4444
43
39.7222
17.5556
8.05556
14.4444
19.6667
18.8889
17.3889
16.1111
14
71.2222
61.8333
43.5556
22.5
2.11111
-5.61111
0.944444
24.3333
29.1667
18.7222
24.3889
45.5
48.9444
37.2778
53.7222
77.6111
66.2222
37.5
44.5
54.8333
44.2778
35.1111
43.9444
53.2778
37.5
18.1111
19.4444
21.6111
20
18.7222
17.2222
14.8333
132.167
108.833
76.7778
43.1111
12.2222
1.33333
14.3333
30.8889
21.0556
15.5556
29.3889
47.5556
36.7778
23.3333
45.8889
69.3333
62.1111
32.8333
33.5
53.4444
58.5
45.7222
41.8333
53.5556
50.7222
29.9444
23.2778
21.7778
19.9444
18.7778
17.1667
14.5
104.333
84
62.5
39
14.3333
6.88889
26.5556
32.1111
17.8889
21.3333
37.8333
44.4444
24.3889
16.8333
28.1667
39.6667
38.6667
30.7222
20.5
33.3333
57.1111
49.5556
35.7222
35.3889
45.8333
39
28.3889
23.1667
21.8333
20.0556
18.6667
14.0556
56.2222
44.9444
33.3889
21.8889
11.1667
17.7222
37.3333
29.3889
21
34
46.8889
35.5556
13.6667
18.1111
15.8889
8.72222
13.7222
26.6667
20.1667
17.2222
41.6111
50.8333
34.2778
21.8333
31.3333
45
39.4444
25.8333
23.2222
21.0556
19.1667
11.3889
-5.94444
-4.38889
-0.833333
2.38889
9.33333
30
37.9444
26.5556
29
46.0556
46.6667
17.8889
-0.166667
3.05556
-11
-28.1111
-20.8333
6.94444
19.3333
16.1667
27.2778
45.0556
42.8889
29.4444
32.8333
56.3889
63.5
46.7222
35.1667
27.7222
21.4444
8.66667
-38.8889
-25.8333
-12.7222
-3.55556
13.4444
36.8333
32.2778
24.8889
37.3333
46.6111
32.3889
-1.66667
-18.8333
-23.3889
-33.6667
-44.7222
-35.6111
-7.77778
28.6111
36.2778
24.5
37.6111
48.6667
49.2778
51.5556
73
86.5
75.0556
57
40.6667
23.7222
5.83333
-49.7222
-32.4444
-11.9444
4.61111
26.3889
34.1667
20.5
20.9444
40.5
38.3333
13.6667
-12.8333
-28.1667
-44.1667
-54.3889
-53
-46.0556
-20.1667
27.7222
53.3333
35.2222
29.5556
46.0556
60.6667
67.3889
75.1667
86.4444
89.1667
71.6667
48.6111
22.7778
4.11111
-29.9444
-14.6667
4.27778
22.0556
37.5
24.2222
14.3333
23.9444
43.2222
29.1667
6.61111
-2.38889
-13
-34.1111
-43.8889
-36.8333
-31.2222
-12.5556
22.8889
53
45.2778
30.7222
33.4444
49.5556
61.7778
57.3333
56.2222
67.0556
64.7222
46.2778
18.4444
3.33333
2.5
12
22.8889
39.7222
44.2778
21
20.2778
34.6111
43.2222
27.8889
15.1111
18.3889
16.9444
-3.05556
-11.5
-11.6111
-7.72222
2.27778
11.6667
35.6667
46.2778
37.4444
30.7222
32.7222
40.3333
28.7222
15.9444
22.3333
29.6667
26.7222
10.6667
2.5
8.44444
14.8889
27.1667
39.6667
36.7222
21.2222
32.4444
48.1111
41.1667
25.2778
21.6111
36.3889
40.7222
25.1667
20.7778
16.4444
23.3333
18.0556
1.66667
10.1667
28.6111
35.0556
27.3889
18.6111
21
15.0556
-1.33333
-7.33333
0.888889
10
7.88889
2.88889
-32.1111
-22.3333
1
15.1111
20.1667
27.5
46.9444
55.2222
34
23.1667
28.0556
42.7778
42.9444
36.2778
37.6111
36.7778
40.3889
18.1111
-14.2778
-26.7778
-13.3889
4
8.5
2.94444
4.61111
9.77778
-0.0555556
-16.1111
-20.2222
-8.11111
3.88889
3.88889
-83.1667
-65.8889
-34.0556
-15.5556
6.27778
38.3333
55.1667
51.5
28.0556
22.3889
30.6111
35.6667
31.7222
34.2222
36.1667
41.3889
32.8333
-2.55556
-41.2778
-72.0556
-73.5
-53.6667
-33.3889
-17.6111
-10
5.44444
10.8889
-6.66667
-21
-18.3889
-1.27778
3.88889
-94.3333
-68.5556
-43.2222
-22.2778
9.72222
49.6111
54.3333
37.2778
19.6111
23.8333
34.3889
25.5
16.7222
26.3333
32.8889
32.8333
3.22222
-37.3889
-72
-113.444
-130.111
-117.222
-79.6111
-42.8889
-27.0556
-10.8889
6.83333
3.5
-16.1667
-24.1111
-10.1667
3
-37.6111
-16.8889
-14.6667
0.222222
28.6667
56.9444
43.7778
24.2222
20.5
30.3889
32.0556
17.8333
13.2222
21.3889
28.1667
12.0556
-26.8333
-59
-78
-105.722
-125.5
-116
-73.8889
-32.5556
-18.9444
-13.1111
1
9.16667
-2.88889
-18.5556
-15.8889
-1.88889
35.9444
38.6667
22.3333
29.1111
46.3333
51.7222
29.0556
17.5
22.0556
28.6111
21
12.3889
13.7222
20.1111
25.8333
5.94444
-16.8889
-22.4444
-20.2778
-23.2778
-28
-22.8889
-0.611111
15.9444
19.5
6.72222
-0.833333
5.22222
2.66667
-10.2778
-19.8333
-9.94444
83.1667
63.3333
36.6667
38.2222
44.4444
31.7222
10.6111
12.4444
24.3333
22
7.27778
3.66667
11
14.2778
9.94444
-3.27778
0.0555556
16.0556
30.3889
46.4444
58.5
61.1667
50.4444
38.0556
27.6111
6.16667
-18.2778
-26.4444
-17.1111
-16.3889
-25.5556
-21.2778
79.7778
50.6111
28.6667
27.1667
18.6667
-8.38889
-21.2778
-18.5556
-13.5
-26.5556
-40.1111
-42.1667
-33.8333
-30.8889
-40.6111
-33.8333
-9.83333
18.5556
37.2778
58.8333
78.6111
72.8333
41.2778
12.6667
-3.27778
-20.3333
-41.5
-54.0556
-42.9444
-26.2778
-26.9444
-25.3889
51.1667
28.5
13.3333
7.22222
-16.1111
-47.8333
-55.3333
-60.6667
-67.6111
-81.4444
-87.7222
-89.5556
-84.2222
-83
-91.6111
-83.1111
-63.8333
-45.9444
-34.2222
-20.5556
-6.05556
-8.72222
-28.9444
-42.6667
-48.3889
-43.7222
-38.3889
-33.7778
-21.5
-1.72222
3.94444
0.666667
23.6111
12.7222
7.88889
-0.222222
-29.8333
-56.2778
-59.8889
-72.2222
-87.5
-94.6111
-91.7778
-87.1111
-80.3333
-79.7222
-86.6111
-78.4444
-65.3889
-53.4444
-44.5
-29.5556
-12.7778
-6.5
-7.66667
-6.44444
-0.944444
11.7778
26.8333
36.2222
36.2222
38.3889
34.5
22.3889
11.8889
15.8889
23.2222
22.8333
7.66667
1.61111
0.222222
-11.2222
-25.5556
-28.5
-23
-14.8333
-7.27778
-9.22222
-16.7222
-15.8889
-11.1111
-8.72222
-10.6111
-3.27778
9.38889
23.1667
34.4444
44.6667
59.3333
78.7778
97.4444
103.556
95.4444
76.3333
59.9444
38.8889
8.27778
20.0556
39
47.5556
51.1667
58.3333
61.5556
56.3889
43.1667
37.3333
39.1111
50.2222
58.0556
55.3333
48.1111
52.8889
58.7222
57.6111
48.3333
47.9444
55.1111
63.1667
69.3889
70.0556
77.8889
90.5
95.6111
85.9444
68.2778
43.2222
28.2222
10.1667
-2.22222
13.8889
38.5556
51.2778
66.3889
81.0556
85.2222
80.2778
60.5556
44.3333
36.6111
41.3333
43.5
44.8889
52.6667
62
66.8333
61.1111
45.1667
28.2778
15.3333
14.7222
18.5
17.5
23.5
39.0556
47.1111
40.3889
29.2778
14.3333
9.05556
-0.611111
2.44444
4.33333
4.22222
2.66667
0.833333
0
0
0
0
-0.166667
-2.05556
-9.44444
-22.8333
-24.7222
-10
17.2778
26.7222
19.4444
5.72222
0.0555556
0
0
0
0
0
0
-0.166667
-0.555556
-9.55556
-27.2222
-41.4444
-37.1667
1.33333
1.44444
0.888889
0.5
-0.222222
-1.22222
-3.66667
-7.27778
-13.3333
-18.0556
-20.1111
-14.5
-18.5
-13.3333
-8.27778
13.4444
14.1111
5.11111
-6.22222
-6.27778
-1.22222
-0.777778
-0.722222
-0.5
-0.277778
-0.388889
-0.555556
0.833333
1.33333
-3.77778
-10.0556
-13.8333
0.166667
0.0555556
-0.388889
-2.5
-8.77778
-16.8889
-24.5
-26.8333
-29
-27.3889
-18.3333
-0.111111
-0.777778
-5.22222
-8.88889
11.7778
11.2778
-7.66667
-25.9444
-22.0556
-7.61111
-1.83333
-1.44444
-0.833333
-0.277778
-0.277778
-0.444444
2.22222
10.6111
17.4444
20.5556
14.1111
-0.777778
-3.83333
-13.8889
-23.0556
-34.6667
-34.9444
-37.7222
-31.9444
-32.5
-26.6667
-9.05556
13.7778
14.2778
-2.88889
-10.3889
10.3333
11.8333
-13.5556
-41.3333
-37.3889
-17.1111
-4.38889
-1.61111
-0.944444
-0.277778
-0.277778
-0.277778
4.61111
22.1111
41.2222
52.7222
41.3333
-19.1111
-25.6111
-34.6111
-36.3889
-43.3889
-38.8889
-40.1111
-32.5556
-32.8889
-22
5.16667
31.8889
27.2222
-4.33333
-15.1111
9.05556
15.8333
-14.2222
-54.3889
-55.8889
-32.1111
-10.4444
-2.44444
-1
-0.111111
-0.0555556
0.166667
8.77778
35.1667
66.2222
82.8889
66.6111
-33.1111
-34.5
-39.2222
-38.1111
-44.3333
-39.8333
-41
-33.3889
-30.3333
-10.0556
23.8889
50.6111
38.6111
0.166667
-16.0556
2.22222
13.6111
-14.6667
-58.1667
-74.8333
-54.1667
-25
-6.11111
-0.833333
0.166667
0.333333
1
14.5556
49.8889
92.0556
111.056
89.2222
-34.1667
-35.6667
-40.2778
-39.1111
-45.2778
-40.8333
-42
-33.9444
-27.1667
2.11111
42.5556
71.3333
58.9444
20.0556
-6.11111
-9.27778
-9
-26.2222
-58.9444
-79
-75.7778
-46.0556
-18.7222
-2.33333
0.5
0.722222
2.55556
22.5
67.5
118.889
137.5
108
-35.1111
-36.8333
-41.5
-40.2778
-46.1111
-40.5556
-38.9444
-25.3333
-2.27778
39.3333
81.2778
83
57.9444
17.1111
7.72222
-1.94444
-9
-28.1111
-54.2222
-76.1111
-85.8889
-63.9444
-32.6111
-7.88889
0.777778
1.61111
5.77778
31
77.8889
124.722
132.944
98.7778
-37.1667
-40.3889
-45.0556
-40.7222
-39.2222
-25.5
-17.3889
1.83333
31.6111
69.9444
91.8889
69
44.1111
23.2222
27.1667
5.94444
-16.2222
-34.8889
-48
-68.3889
-86.4444
-78.5
-46.5556
-17.4444
-1.66667
1.16667
9.38889
41.1111
88.3333
127.611
123.056
86.4444
-54.2778
-64.8889
-55.0556
-33.3333
-17.8333
-8.5
-3.33333
16.2222
50.0556
86.3889
90.8889
64.8889
43.4444
41.3889
41.7222
8.61111
-27.8889
-47.5556
-46.1667
-56.8889
-75.9444
-85
-65.7778
-35.1667
-11.6667
-1.38889
12.6667
50.7778
98.2222
127.944
111.889
73.8889
-51
-73.0556
-62.8889
-37.5
-15.1111
-5.83333
3.16667
31.2222
69.3889
96.1667
80.8333
55.0556
47.8333
64.0556
59.0556
11.2778
-40.4444
-64.0556
-54.3889
-49.1667
-60.2778
-76.7778
-76.5
-55.5
-28.1667
-8.55556
17.1111
59.8333
107
124.833
100.333
61.9444
-53.1667
-94.9444
-87.5556
-54.2222
-20.7778
-5.44444
13.4444
48.8889
85.9444
91.2222
65.9444
48.7778
64.3333
86.4444
72.6667
12.6667
-49.3333
-78.6111
-68.7222
-51.1111
-49.1667
-65.2778
-75.5
-70.4444
-44.6111
-19.0556
21.1667
69
113.944
119.333
88.8333
51.1667
-70.4444
-123.556
-115.278
-71.2222
-26.6667
-2.88889
26.1111
66.4444
98.1111
86.1111
58.3889
51.4444
75.7222
89.6111
60.7222
4.66667
-49
-71.9444
-70.5
-54.5556
-44.8889
-55.6667
-71.0556
-78.9444
-59.6111
-27.7778
24.1667
78.1667
118.278
111.056
76.4444
41.1667
-85.8889
-151.5
-140.389
-85.6667
-30.1667
6.83333
45.2222
86.7222
94.7778
68.5556
42.8889
60.5556
85.3333
86.1111
42.1111
-2.5
-37.9444
-52.5556
-62.2778
-59.5556
-50.0556
-47.6111
-59.9444
-76.5
-74.4444
-40.2222
21.8889
84.7222
118.778
100.944
64.3889
33.1667
-90.8333
-169.5
-158.722
-97.2778
-29.1111
21.1111
63.2778
93.1111
78.1111
50.7222
40.3333
72
79.8333
62.3889
18.8889
1.77778
-10.3889
-19.9444
-46.2222
-61.7222
-61.8333
-49.8333
-49.7778
-60.5556
-67.2778
-43.1667
15.0556
76.6111
106.833
85.1667
51.3333
26.3333
-72.4444
-157.278
-157.833
-99.2222
-23.3333
33.6111
77.5
92.3333
73.1111
43.8333
45.7222
64
55.6111
25.5
-0.111111
14.1667
24.7222
17.3333
-25.8333
-61.7222
-75.5
-62.2778
-49.1111
-45.2778
-42.7778
-22.1111
20.7222
62.1667
79.4444
60.3333
36.6111
21.0556
-54.3889
-143.333
-154.056
-97.1667
-13.2778
50.9444
88.0556
82.6111
60.2778
40.2222
57.2222
56.2778
26.8333
-14.8333
-14.8333
26.2222
56.7222
49.3889
1.16667
-51.3333
-81.6667
-78.5556
-58.3889
-39.2222
-25.1667
-1.94444
28
51.7222
55.2222
38.6111
24.3333
17.3333
-36.3889
-131.333
-152.833
-91.3889
-1.38889
66
85.2222
69.0556
51.2222
51.7222
67.1667
42.1667
-9.55556
-48.7778
-21.6667
39.3889
79.7778
69.8889
23.3333
-30.6667
-73.5
-85.8333
-73.6667
-42.4444
-12.4444
18.1111
37.6667
40.9444
31.7222
16.8333
13.1111
13.5556
-15.0556
-119.111
-153.111
-84.0556
10.0556
76.5556
78.7222
60.7222
52.8889
64.5556
65.3333
20.3889
-41.5
-68.0556
-18.3889
56.8333
101.389
75.2778
28.1111
-23.1111
-57.1667
-81.4444
-80.2778
-52.3889
-6.77778
31.3889
48.2778
31.6667
10.8889
-2.27778
4.11111
11.2778
-4
-106.778
-138.5
-62
30.8333
75.5556
61.5556
44.4444
61.9444
77.3889
61.6111
-3.5
-61.3889
-73.5
-12.2222
65.3333
111.667
78.2778
28
-20.0556
-44.6111
-70.1667
-79.7222
-60.8333
-9.77778
36.1667
55.4444
29.7778
-0.555556
-15.3333
-4.88889
7.55556
-0.111111
-84.5556
-104.444
-28.4444
46.5
64.0556
46.3889
42.6667
78.6667
81.6111
49.0556
-22.1111
-61.8333
-63.1667
-4.05556
61.6667
101.167
64.1111
9.72222
-35
-41.3889
-46.1111
-53.6111
-53.9444
-20.5
23.2222
52.8333
33.5556
4
-16.3333
-8.11111
4
2.94444
-58
-65.3889
2.77778
53.3889
59.3333
43.1667
52.9444
82.0556
74.9444
32.7222
-26
-53.5
-50
-1.38889
49.9444
77.2778
33.3333
-24.3889
-60.5
-42.1667
-15.5556
-9.16667
-25.0556
-26.1111
-2.88889
32.6667
36.3333
19.6667
-5.16667
-6.83333
0.222222
8.77778
-23.5556
-20.4444
28.5
47.7222
44.3889
40.4444
66.5
83.0556
60.8333
10.1667
-23.5
-36.5
-26.5556
-0.444444
32.2778
39.7778
-6.5
-58.5556
-78
-42
4.55556
29.2778
13.7778
-8.38889
-16.4444
10.6111
30.6111
32.6111
9.88889
-4.16667
-4.44444
15.0556
11.1111
22.3333
41.4444
38.8889
35.3889
51.8889
80.8889
77.3889
38.9444
-8.5
-14.7222
-16.5556
-8.05556
-6.27778
9.05556
1.94444
-40.3333
-78.7778
-81.8333
-34.9444
22.6667
60.3333
48.8889
8.38889
-28.6667
-19.4444
12.0556
36.1111
28.3333
8.33333
-3
15.7222
36.6667
58
50.7778
38.5556
37.7222
65.8333
84.1667
63.7222
19.0556
-15.8889
-9.72222
-3.16667
1.33333
-3.72222
1.5
-12.4444
-51.3333
-84.8333
-82.0556
-34
29.8889
73.7222
66.6111
14.5
-39.6111
-47.2778
-15.2222
25.8889
36.0556
25.0556
6.27778
25.3889
61
69
39
22.5556
42.8333
78.9444
87.2222
47.2222
3.22222
-18.6111
-2.44444
3
1.16667
-7.83333
-5.38889
-25.2778
-63.2778
-92.0556
-83.2222
-35.5
23.6111
72.3333
74.0556
29.1667
-35.0556
-56.2778
-30.4444
22.6667
47.7222
44.1111
20.5
31.2222
61.1667
49
10.5
2.44444
43.2778
77.9444
75.6667
27.9444
-5.77778
-17
3.38889
3.72222
-1
-12.5
-12.3889
-32.2778
-62.1111
-76.2778
-57.8333
-19.6111
17.7222
50.6111
60.5556
34.2778
-19.7778
-51.7222
-36.5
14.8333
56.2778
58.9444
36.8333
28.5
46.8333
27.4444
-12.7778
-8.55556
36.5
66.7778
57.8889
15.5
-8.44444
-13.1667
6.88889
6.66667
2.44444
-8.94444
-15
-31.3889
-48.7222
-45.6667
-26.2222
-2.27778
13.6111
32.1667
42.2222
33.5
-5.5
-35.3889
-33.8889
9.94444
51.3889
56.3889
31.7778
23.0556
30.6111
5.22222
-27.4444
-8.5
37.5
58.1111
43.8889
13.9444
0.722222
0
10.5556
8.77778
1.61111
-14.0556
-23.5556
-25.6111
-17.7778
-6.27778
-0.666667
2.11111
6.61111
15.6667
22.3333
18.1667
-3.22222
-27.6111
-36.3333
-8
32.5
49.1667
33.1667
21.3333
26.6667
2.44444
-21.2778
-3.22222
31.1667
38.6667
25.2222
7.77778
-0.5
0.111111
5.61111
12.3889
4.88889
-15.0556
-29.6667
-19
7.61111
17.3889
5.38889
-11.1667
-6.61111
7.55556
21.4444
18.6667
6
-14
-27.4444
-16.8889
12.6667
33.3889
29.5556
21.5
26.5
7.11111
-10.4444
-1.72222
15
15.8889
11.7222
2.05556
-7.88889
-11.3333
5.44444
24.0556
21.5556
-11.6667
-36.4444
-27.9444
9.16667
20.1111
2.83333
-22.7778
-11.8333
16.1667
41.0556
34
16.8333
-4.38889
-11.7222
-12.3889
4.66667
14.2222
18.1667
18.6667
25.4444
19.1111
6.61111
6.61111
1.94444
-1.66667
0.277778
-2.22222
-15.1111
-19.6111
7.88889
38.0556
41.5556
0.444444
-32.4444
-29.2778
9.33333
19.7222
0.277778
-30.1111
-11.8333
26.8333
63.0556
50.9444
25.6111
-5.44444
-15.0556
-22.1667
-10.8889
-5.16667
3.61111
4.15625
1.96875
-2.5625
-8.4375
-16.125
-24.9688
-35.9688
-47.1875
-55.0313
-60.4688
-71.7188
-76.4688
-74.375
-75.4688
-77.375
-79.1875
-84.1875
-90.8125
-89.4063
-93.0625
-101.875
-105.781
-106.313
-106.781
-107.125
-105.688
-96.3125
-82.2188
-68.875
-55.125
-6.5
-12.9688
-23.3125
-35
-48.4375
-63.4375
-80.5938
-95.9375
-100.219
-101.938
-104.813
-105.906
-101.094
-98.7188
-99.8438
-102.938
-113.156
-125.813
-133.5
-141.5
-153.656
-161.594
-163.469
-163.969
-164.313
-161.75
-149.281
-128.875
-108.094
-86.3438
-31.6563
-44.4688
-61.0625
-78.375
-96.5
-114.688
-132.75
-146.281
-143.656
-138.188
-131.438
-126.406
-119.219
-112.156
-110.75
-116.938
-134.781
-155.063
-172.938
-187.625
-202.594
-215.625
-220.438
-221.281
-221.438
-216.625
-198.063
-170.719
-142.656
-114.313
-75.4063
-92.2813
-111.438
-129.844
-146.031
-159.969
-167.719
-165.719
-150.438
-141
-123.781
-111.313
-98.4688
-80.7188
-71.75
-79.5625
-98.25
-110.375
-126.75
-137.531
-148.5
-164.375
-174.781
-177.031
-176.281
-169.875
-153.156
-131.781
-109.844
-87.7188
-128.031
-143
-156
-165.969
-172.063
-174.219
-167.344
-149.156
-126.844
-114.688
-90.25
-73.2813
-65.9375
-50.7188
-38.7188
-43.2813
-55
-58.5938
-75.0938
-85.3438
-87.4063
-99
-113.438
-121.313
-120.563
-111.875
-98.9375
-84.5313
-69.8438
-55.2188
-167.25
-173
-173.656
-171.188
-164.625
-153.031
-128.469
-97.875
-80.1563
-67.625
-43.4375
-24.25
-17.2813
-7.34375
0.03125
-1.5625
-2.15625
-1.375
-16.1875
-27.2813
-27.6875
-33.7188
-47.9688
-60.3438
-61.5938
-51.5938
-43.25
-36.0313
-28.5625
-21.5938
-172.031
-165.281
-153.75
-140.594
-124.563
-103.375
-71.2813
-41.3438
-31.9063
-20.8438
2.53125
22.8125
31.5
32.4063
31.375
36.25
50
54.2188
41.75
31
29.3438
29.5313
18.7188
4.03125
-0.0625
8.8125
11.3438
10.9688
11.1875
10.8438
-116.344
-105.813
-95.2813
-84.9063
-73.2188
-50.9063
-23.25
-6.03125
-3.90625
9.65625
30.6563
50.4375
59.4375
49.625
38.6875
49.4063
71.0938
72.1563
57.5938
42.9375
36.3438
39.2188
37.3125
24.0625
15.9375
19.375
19.125
17.2188
16.25
14.9688
-38.5313
-33.4063
-31.3438
-31.5938
-28.5313
-8.84375
11.125
15.8438
15.875
31.9375
47.5
64.1875
77
66.3438
51.3438
58.2188
77.125
76.6875
68.0625
54.75
40.9375
38.75
42.125
39.0938
31.6875
26.9063
22.3125
19.8438
17.9375
16.4063
36.5625
32.0625
21.8125
9.46875
4.8125
17.7188
22.4063
17.8125
22.625
39.9063
50.7813
61.9688
69.4063
61.9688
58.1563
63
71.0938
70.1875
70.8125
63.4688
49.6875
41.7813
42.7188
46.3125
44.625
34.8125
24.9063
21.125
18.7813
17.25
92.7188
76.625
54.9063
33.2813
22.9375
26.0313
20.0938
17.0625
28.75
44.9063
50.75
54.3125
49.2188
49.0938
59.3438
60.8438
55
55.5
63.6563
64.125
58.6563
48
44.1875
48.9688
54.0625
41.75
28.5625
22.75
19.9375
18.2188
83.7813
67.6875
50.3125
37.9375
34.8125
32.4063
24.5625
27.6563
41.1563
50.9688
50.875
43.9063
28.4688
34.1563
52.7813
51.3125
35.4063
34.8438
49.7813
59.1563
61.125
51.25
41
44.5
56.8125
50.2188
35.1875
25.6563
22.0625
20.0938
52.2188
42.9375
35.5938
37.8438
39.7188
31.0313
24.875
33.75
44.4375
46.25
37.5313
19.9375
1.875
12.25
33.2813
34.4688
21.0313
18.375
33.9688
51.3438
62.5313
59.7188
47.9063
45.9063
56.7188
59.125
49.1875
36.25
28.4375
23.4688
12.75
12.4375
20.0938
33.6563
35.5625
26.0938
28.625
39.8125
45.5938
40.125
20.75
-3.0625
-15.5313
-6.09375
3.375
7.21875
4.59375
7.1875
21.2188
41.375
58.1563
65.375
62.9063
60.1875
63.4375
66.9375
65.3438
53.4688
42.25
31.7813
-24.625
-12.5
10.0625
32.2188
32.6875
27.1563
38.4063
46.8125
46.9688
32.7188
2.46875
-23.2813
-20.4688
-14.5938
-18.0938
-13.5
-4.9375
6.71875
23.3125
41.9375
52.7188
65.0625
72.625
74.3438
69.9375
70.9688
72.7813
64.3125
51.5625
37.2188
-30.7813
-11.2813
17.375
32.3125
26.4688
24.375
40.1563
44.9688
40.0313
18.4375
-16.625
-35.5625
-22.5625
-20.5938
-32.7813
-28.3438
-10.0625
11.5
29.2813
42.2188
48.3438
62.6563
79.6875
85.2813
74.375
68.5313
71.4063
70.1563
58.125
40.75
-19.1875
4.40625
30.5
31.9063
26.25
29.0938
45.125
46.6563
39.0625
16.7188
-9.53125
-16.5938
-5.4375
-11.7188
-27.7188
-24.875
-5.96875
19.625
36.625
42.5
40.1563
50.7813
71.9688
80.5
69.2813
55.4375
52.75
56.4688
52.7188
39.1875
-4.25
21.2813
36.9688
31.4375
32.6563
39.9063
51.1875
51.8125
39.4063
17.9375
8.53125
9.875
14.9063
4.625
-7.21875
-8
4.53125
24.8125
37.8125
42.2188
34.875
35.7813
48.2813
56.2188
51.4688
37.9375
27.0938
27.1875
28.3125
24.4375
-4
17.4688
23.7188
18.375
32.5938
46.0625
52.2813
49.875
32.7188
20.4688
28.4375
35.9375
29.75
17.3125
10.9063
6.9375
8.6875
11.8125
16.75
21.1563
18.7813
14.375
17.5938
24.5625
30.5625
25.9688
13.5625
8
7.9375
10.0938
-16
-0.90625
1.71875
9.78125
37.875
56.0625
57.1875
50.4063
34.6875
36.9375
53.6563
57.375
42.9688
30.625
25.6875
15.4375
3.15625
-13.6563
-18.6875
-12.375
-9.125
-14.4063
-18.0938
-8.71875
7.09375
13.75
6.1875
-5.53125
-9.5
-4.71875
-31
-23.25
-18.1563
7.03125
42.0313
62.3125
54.7813
40.9688
28.9375
39.125
53.3438
51.5
37.25
26.75
20.8125
5.84375
-18.5938
-47.1875
-60.875
-57.2813
-46.2813
-45.25
-49.5625
-39.0313
-15.8125
3.09375
5.3125
-7
-18.875
-17.3438
-36.25
-36.9063
-26.0625
10.1875
44.0313
60.2188
44.125
27.3125
27.1875
42.9063
47.4688
41.5938
29.0313
17.375
8.78125
-10.125
-40.1875
-72.375
-88.8438
-91.8438
-75.125
-60.9063
-56.0313
-46.0313
-25.9375
-2.40625
9.8125
3.5625
-13.25
-19.9375
-12.5938
-16.9375
-3.65625
30.2188
52.25
58.6563
38.0313
26.4063
36.9375
49.375
44.9375
35.25
26.7188
17.875
7.9375
-7.96875
-27.3125
-47.625
-63.0938
-68.75
-55.1875
-35.6875
-23.2188
-19.2188
-16.2188
-5.25
8.28125
7.8125
-5.5
-17.3438
21.9063
15.0313
23.625
43.125
50.6875
45.1875
20.9688
15.0313
27.4063
30
21.5938
15.5938
10.4375
2.125
-3.125
-9.375
-15.25
-20.3125
-30.8438
-41.8125
-34.875
-17.125
-4.9375
-10.6563
-21.6875
-23.4375
-14.5625
-6.59375
-10.9063
-19.0625
43.9375
34.4375
33.1875
35.125
26.8125
8.9375
-9.34375
-7.9375
0.3125
-6.28125
-14.9375
-18.1875
-21.625
-24.8438
-22.8438
-18.9688
-9.21875
0.84375
0.5625
-4.5
-2.15625
8.3125
14.9688
3.96875
-18.0313
-33
-32.9688
-22.9063
-17.5938
-19.4063
51.75
42.25
31.125
18.25
-2.125
-25.375
-33.9688
-31.5625
-33.1875
-46.6875
-51.2188
-51.0625
-51.7813
-45.5938
-36.8438
-23.4063
-2.53125
17.2813
23.4688
26.0625
25.5
25.1563
25.4063
17.0938
-1.46875
-19.5938
-25.0938
-16.5
-5.46875
-2.125
45.0625
34.0625
16.4688
-1.0625
-24.8438
-49.3125
-52.2813
-53.625
-62.4063
-73.9063
-73.25
-70.375
-72.4688
-66.0938
-55.5
-41.625
-25.7813
-10.125
-3.65625
1.46875
5.875
4.1875
1
0.21875
-4.15625
-11.2188
-15.875
-8.75
1.125
7.59375
36.3438
27.4688
10.7188
-3.1875
-24.8438
-43.625
-42.9063
-50.3125
-64.8438
-72.2188
-68.25
-68.0313
-71.8438
-64.8125
-54.625
-40.7813
-28.625
-18.2188
-12.8438
1.125
14.75
18.9375
20.125
26.5313
31.9375
33.5625
31.1875
29.0313
30.125
29.2813
30.875
29.1875
20.4688
14.4063
3.75
-2.125
-2.53125
-13.2813
-27.6563
-28.25
-20.25
-19.5625
-24.7188
-20.0938
-10.5625
1.875
7.65625
6.9375
4.84375
16.8125
33.8125
41.4688
45.8125
55.3125
67.6563
76.1563
77.4063
67.3125
59
49.9375
29.4063
33.8438
34.625
36.0625
38
39.6875
37.2813
25.875
11.9688
16.6875
25.3438
26.375
21.1563
21.9688
28.9688
39.8438
39.8438
28.3125
18.25
23.2188
36.3438
43.5938
45.7813
50.25
58.3125
65.7813
66.7188
53.9063
42.3125
31.7188
3.21875
1.96875
-2.5625
-8.4375
-15.6875
-22.1563
-26.0938
-27.3125
-22.3438
-13.5313
-11.2188
-4.15625
0.875
-3.46875
4.9375
1.4375
-10.625
-11.6875
-15.4063
-13.125
-4.9375
-1.28125
-0.875
-0.59375
-0.4375
0.9375
3
3.15625
5.75
6.5625
-6.5625
-12.9688
-22.4375
-30.6875
-32.8125
-35.75
-33.8438
-29.6875
-19.0313
-6
-1.4375
6.40625
4.96875
-0.84375
4.15625
-3.4375
-16.9063
-23
-26.75
-21.8125
-10.4063
-2.71875
-0.96875
-0.65625
-0.3125
2.4375
11.0313
18.75
27.9063
32.4688
-26.4063
-32.1563
-36.25
-40.75
-38.25
-38
-35.4375
-27.3438
-11.2188
3.875
10.6875
14.9688
5.46875
0.28125
3.5625
-5.375
-18.7188
-32.5625
-39.6875
-33.0625
-18.9063
-6.125
-1.375
-0.53125
0
4.9375
18.5
33.0313
48.5938
56.125
-35.5938
-37.5938
-39.3125
-42.0938
-39.1563
-38.9063
-34.4063
-20.9688
-1.0625
16.25
22.5938
19.25
4.65625
-0.65625
4.375
-2.9375
-17.25
-37.0625
-53.3125
-47.9063
-31.1875
-14.3125
-3.28125
-0.21875
0.53125
8.375
27.2813
48.6563
70.7813
79.8438
-36.6563
-38.6875
-40.3125
-43.0938
-40.125
-39.6563
-33.0938
-14.5938
8.40625
28
37.125
29.7188
11.6875
3.96875
2.46875
-5.15625
-20.3125
-42.3438
-61.3438
-62.4688
-45.3438
-26
-10.1875
-0.9375
1.5625
12.875
36.8125
64.8438
92.7188
101.844
-37.6875
-39.875
-41.4688
-44.125
-41
-39.3438
-26.9063
-3.875
21.8438
44.5
52.4375
44.25
26.0938
12.1563
-1.28125
-15.625
-34.9688
-57.125
-71.1875
-73.9063
-58.375
-36.7188
-18.2813
-4.09375
3.09375
18.4063
47.25
81.5938
113.75
121.906
-40.5938
-43.0938
-44.125
-45.9688
-41.4375
-35.375
-16.7813
9.21875
37.4688
60.2813
67.1563
62.4375
44.625
23.1563
-3.375
-29.9375
-54.9375
-76.5313
-84.5625
-84.4375
-71.1563
-47.4063
-27.0313
-9.78125
4
24.5
59.1563
99.7813
134.625
140.906
-60.9688
-63
-57.9063
-53.0938
-41.2813
-26.2813
-0.0625
33.0313
65.9688
83.1563
86.0938
76.125
52.9375
32.6875
0.9375
-29.0938
-53.6563
-77.5313
-85.9688
-86.1875
-79.7813
-60.7813
-38.9375
-20.3125
0.9375
29.5
66.375
107.156
137.125
136.469
-82.7188
-83.9688
-70.0313
-54.1563
-28.0938
-1.03125
27.75
60.7188
86
89.6875
89.75
78.625
56.125
40.6563
5.21875
-30.0313
-53.6875
-76.5625
-83.75
-83.125
-80.5625
-70.125
-52.0625
-31.9063
-5.625
32.2813
73.375
113.344
136.875
128.594
-98.0625
-95
-69.4375
-43.4688
-9.75
21.4063
46.8438
77.125
92.875
91.3438
92.0938
81.0313
64.7188
47.6563
9.90625
-28.6875
-56.7813
-78.4375
-85.9375
-86.0938
-83.5
-76.1563
-63.4063
-42.125
-10.75
33
79.2813
118.75
134.781
119.75
-102.781
-99.875
-73.1563
-42.6563
-1.5625
32.7188
59.9063
88.9375
96.0625
93.5938
94.9375
84.125
69.9063
47.2813
6.28125
-31.6563
-55.9375
-72.4375
-79.5313
-84.6875
-87.1563
-83.6875
-74.5625
-51.6563
-14
33.8125
83.6875
122.375
129.75
110.094
-114.656
-116.063
-85.125
-44.8125
6.5625
46.4063
73.4375
93.3438
93.7813
89.5938
92.8125
88.5313
75.7813
49.4063
4.15625
-35.125
-57.9063
-71.0313
-73.2813
-78.7813
-84.5625
-83.8125
-80.6875
-61.25
-19
31.6563
84.125
122.406
122.625
99.7813
-128.656
-131.938
-94.7188
-44.0938
15.3438
59.5938
84.1875
94
91.6875
85.0625
82.3438
79.875
69
45.6875
12.2188
-22.7188
-47.2813
-65.125
-73.3438
-77.0313
-81.6563
-78.1563
-74.4688
-59.0938
-19.5938
27.875
77.25
111.625
108.813
86.8438
-138.875
-145.125
-102.969
-45.1563
22.125
70.8438
89.5
93.3125
88.8438
78.125
69.9375
66.125
54.4063
36.7188
22.0625
-2.46875
-24.6563
-46
-67.5938
-77.6875
-83.4688
-78.8125
-68.1563
-48.875
-10.5625
30.25
68.6563
93.5938
87.5625
69.7813
-146.625
-157
-108.375
-44.2813
29.8125
78.9063
88.6563
88.9375
84.7813
71.8438
60.9063
51.2813
34.2188
25.9063
28.3438
17.5
1.0625
-23.3438
-55.875
-75.125
-82.8438
-81.9375
-68.375
-43.9688
-5.6875
31.7188
62.0313
78.4375
68.9375
54.9063
-137.906
-152.219
-103.625
-38.4375
38.0938
82.9375
88.9688
89.3438
82.1563
65.6875
46.8125
28.25
12.125
17.4688
35.9063
39.7813
25.1875
-6.3125
-45.9688
-75.2813
-83.5313
-80.9688
-66.375
-36.3438
1.6875
33.6563
55.7188
63.5313
50.9375
39.875
-125.813
-144.281
-96.6875
-30.4063
45.4375
84.7188
90.0625
90.9688
79.125
62.7813
34.4688
5.84375
-5.5
5.53125
37.6563
57.5625
45.8438
12.5
-33.75
-73.0625
-87.1563
-83.2813
-64.7813
-30.5
9.21875
37.0625
49.625
49.3438
35.1563
25.75
-108.688
-125.406
-78.6563
-12.625
51.6563
83.4063
87.9375
87.3125
76.0938
57.625
20.9688
-12.6875
-18.4688
-2.3125
37.9063
68.75
57.9688
26.5
-20.5625
-64.5313
-82.1875
-82.1563
-63.0313
-29.2188
10.0313
37.3125
44.7813
38.1875
22.625
14.0625
-79.625
-93.1563
-49.8438
8.6875
56.7188
83.3125
87.0313
82.0625
72.2813
47.4063
2.75
-25.875
-23.6875
-0.125
48.4063
75.4375
53.4375
18.5
-28.6875
-63.4063
-67.4688
-62.875
-45.4063
-19.875
7.9375
30.1563
35.1875
27.75
14.3125
6.84375
-48.75
-59.4063
-22.0938
23.5938
60.0625
82.75
85.6875
80.5938
70.5625
40.8125
-10.2188
-36.5625
-30.5938
-3
48.8125
69.875
40.5938
1.96875
-41.1875
-62.625
-52.8125
-38.8438
-20.1563
-2.28125
13.2188
25.5625
25.5
17.5313
6.5625
1.71875
-20.3125
-29.0625
-1.28125
29.4688
58.4063
79.75
82.2188
79.7813
65.875
32.1875
-13.7813
-35.6875
-28.4375
-4.6875
35.1875
45.1563
12.4063
-19.875
-48.625
-56.4063
-35.2813
-17.8125
-3.25
9.09375
16.9375
24.5938
23.75
17.75
7.8125
1.53125
-0.0625
-5.40625
13.1875
35.4375
60.2188
79.1563
80.5
76.75
57.4375
22.5938
-10.9063
-29.7813
-22.4688
-6.125
15.3438
16.25
-17.625
-39.25
-50.5938
-43.5313
-11.1875
6.03125
10.2813
9.59375
4.8125
9.78125
16.125
19.9375
17.375
10.5625
13.5313
15.25
25.5313
43.6563
65
79.0938
81.9063
74.7813
48.8125
16.75
-9.0625
-23.6875
-13.4063
-4.125
5.6875
1.03125
-31.9375
-48.5
-51.1563
-35.5625
0.125
18.625
17.7813
5.21875
-8.90625
-9.3125
-0.53125
13.125
19.25
18.3438
27.4688
31.0938
35.3125
49.25
66.5
79.375
81.0938
67.4688
37.6563
9.875
-8.53125
-15.9063
-6.375
-6.25
-5.5625
-17.6875
-49.125
-61.5
-58.9063
-35.3125
5
27.0625
24.0625
5.21875
-15.1875
-18.5
-4.0625
17.2813
29.1563
31.6875
35.5625
39.1875
40.9375
47.6875
58.4375
71.5625
70.4063
52.4375
26.25
1.96875
-9
-8.0625
-2.4375
-5.40625
-10.0313
-28.9063
-57.0313
-67.4063
-61.6875
-31
13.5313
39.125
35.5313
10.4063
-17.2813
-25.3125
-8.09375
21.5938
39.4063
44.5938
37.1875
38.75
37
36.375
49.375
64.5
61.7813
43.125
20.375
-1.375
-6.09375
-1.375
-2.15625
-6.59375
-13.7813
-36.2188
-57.9063
-65.6563
-58.7813
-23.3125
22.1875
51.7813
53.2188
26.2188
-6.34375
-22.2188
-11.4688
19.3125
37.2188
42.5
31.5625
27.625
24.8438
22.8125
41.9063
58.9375
55.5313
39.25
19.0313
3.03125
3.25
3.9375
-3.90625
-14.0938
-25.875
-41.0625
-48.7813
-48.0625
-38.7813
-11.1563
20.75
44.4375
49.9375
29.0938
-0.59375
-20.0938
-18.0625
7.3125
26.9375
35.8438
30.0938
23.8438
19.1563
14.625
31.4688
45.6875
40.9688
26.875
9.40625
-0.21875
6.875
7.53125
-2.09375
-16.625
-32.0625
-38.8438
-35.875
-26.9688
-18.3438
-4.6875
15.5
32.875
42.375
31.1563
4.6875
-16
-20.9375
-2.09375
18.25
29.2813
23.9375
18.6875
16.7188
13.8438
25.8125
35.25
29.0938
15.5313
0.96875
-3.0625
9
12.3125
3.84375
-10.7813
-26.25
-28.625
-18.5313
-9.3125
-6.65625
-1.875
8.25
23.0313
35.875
28.25
5.96875
-15.8438
-24.7813
-11.125
7.9375
22.5
21.2813
17.9688
20.75
16.625
20
23.5
15.5938
2.875
-7.34375
-4.6875
10.9063
19.875
16.1563
3.09375
-12.7813
-16.3438
-8.28125
-6.125
-10.1875
-10.3438
-2.90625
15.4063
34.0938
31.3125
13.75
-8.40625
-21.9063
-15.7188
-2.875
12.0938
5.45833
4.375
3.16667
2
0.625
0
0
0
0
0.125
1.41667
6.70833
14.25
17.25
17.2917
17.1667
15.875
10.5833
3.04167
0.0416667
0
0
0
0
0
0
0.125
0.416667
2.41667
2.54167
1.04167
-1.04167
1.75
1.16667
0.666667
0.375
0.25
0.916667
2.75
5.875
11.8333
19.0417
26.1667
26.2083
24.3333
24.875
23.1667
23.625
24.5417
32.0417
40.3333
45.0417
49.25
50.0833
50.2917
50.5417
50.875
51.125
51.3333
50.4583
46.9167
38.3333
28.75
19.6667
0.125
0.0416667
0.291667
1.875
6.58333
13.25
22.125
33.2917
47.6667
60.6667
62.6667
48.625
33.1667
24.3333
15.625
13.6667
24.1667
48.9167
72.9167
88.25
100.125
105.375
106
106.458
106.958
107.292
107.292
105.125
93.7917
76.6667
58.7917
41.375
0.583333
2.875
10.4167
18.4583
31.125
44.2917
55.7917
64.0833
62.125
55.2083
33.4583
20.0417
4.375
-6.45833
-13.625
-20.9583
-11.6667
-9.29167
-3.58333
-1.25
2.33333
10.4583
12.25
12
11.5833
11.1667
10.6667
9.83333
5.16667
4.08333
3.20833
2.45833
16.5833
26.2083
41.4167
52.5833
58.2083
57.6667
49.2083
35.0417
8.25
-20.5833
-41.4167
-35.25
-36.125
-34.7917
-24.3333
-26.0833
-34.2917
-60.8333
-75.7083
-88.75
-104.208
-102.458
-98
-98.375
-99.2917
-100
-100.5
-101.042
-92.5833
-76.0417
-58.4167
-40.9167
55.25
63.4167
60.5833
55.0417
36.5417
12.75
-14.125
-38.0417
-53.625
-71.8333
-61.5417
-48.3333
-38.875
-31.2083
-15.375
-2.75
-23.1667
-39.0833
-46.7917
-52.375
-65.2083
-71.5417
-63.6667
-60.7083
-61.0417
-61.0833
-61.3333
-63.8333
-56.5
-46.875
-36.7917
-26.3333
59.7917
46.4583
19.4583
-4.5
-28.3333
-46.2083
-55.0417
-59.6667
-53.4583
-48.125
-26.25
-23.7083
-21.9167
-22.5833
-18.625
-3.54167
-18.5
-22.75
-19.375
-14.125
-12.125
-22.75
-19.2083
-9.04167
-7.58333
-7.45833
-8.20833
-9.70833
-7.625
-6.29167
-5.58333
-4.375
-5.83333
-28.125
-43.9583
-55.9167
-56.6667
-50.4167
-37.75
-28.0833
-24.4167
-8.04167
0.583333
-3.70833
-11
-18.5833
-21.75
-21
-13.5417
-15.2083
-12.875
-3.58333
4.54167
-4
-16.4167
-8.25
-2
-1.91667
-3.54167
-2.45833
-1.16667
-0.416667
-0.416667
-0.0416667
-64.25
-64.9167
-55.875
-45.8333
-32.0833
-20.0833
-12.625
-11.4167
-16.1667
-2.41667
-5.20833
-10.875
-10.9583
-8.54167
-13.75
-29.625
-10.4167
6.16667
-0.958333
1.16667
11.6667
15.1667
-1.125
-11.6667
-3.45833
-1.95833
-3.375
-1.16667
-0.333333
-0.125
0.208333
0.583333
-81.7917
-64.0833
-43.9167
-25.4583
-11.9167
-5.75
-6.45833
-13.5833
-8.16667
-1.875
-8.04167
-14.5
-4.75
11.125
0.791667
-16.5417
-10.25
14.7917
5.25
-9.16667
-5.58333
4.625
4.58333
-13.375
-11.5
-4.29167
-3.875
-0.958333
-0.666667
-0.958333
-0.333333
-0.375
-75
-59.9167
-42.0417
-24.625
-10.5417
-5.625
-7.875
-8.625
10.2083
9.25
1.83333
-0.375
8.875
18.5417
7.16667
2.66667
0.833333
7.79167
10.25
-8.83333
-20.5833
-15.125
-6.33333
-10.75
-19.0417
-8.04167
-3.33333
-1.04167
-0.25
-0.541667
-0.416667
-0.583333
-7.75
-6.54167
-8.16667
-8.33333
-5.25
-3.91667
-10.5
-2.08333
6.58333
1
-3.70833
3.04167
11.9583
6.625
6.58333
12.0833
9.29167
-2.95833
10
10.25
-6.25
-5.875
1.83333
7.70833
-6.95833
-10.375
-1.70833
-0.5
-0.291667
-0.0833333
-0.5
0.125
52.125
45.0417
30.8333
15.25
2.95833
-2.91667
-8.79167
2.75
-3.33333
-10.7083
-9.75
1
7.29167
-3.125
11.25
23
16.1667
-2.58333
3
20.9583
12.4167
5
12.6667
23.0417
16.7083
-4.20833
-3.125
0.416667
-0.958333
-0.416667
-0.416667
1.20833
39.4167
33
26
16.9583
4.25
-8.08333
-3.20833
3.70833
-2.79167
-9.91667
-5.5
6.45833
2.54167
-2.375
12.8333
28.5417
25.75
11.6667
1.5
9.75
13.25
-2.20833
-3.875
5.91667
14.2083
0.875
-10.25
-3.25
-2.04167
-1.625
-0.958333
1.875
27.0833
17.375
12.25
8.54167
-0.166667
-12.9167
-0.583333
-2.29167
-7.58333
-7.45833
2.875
17.0833
11.75
15.8333
13.7917
17.2917
18.4583
14.7083
-3.375
-10.7083
7.41667
1.16667
-15.4583
-20.1667
-13
-11.625
-20.6667
-17.625
-8.5
-4.95833
-1.58333
2.25
24.7917
16.2917
6.125
-0.208333
-6.5
-1.45833
8.33333
2.875
-5.25
4.70833
18.4583
18.1667
20.875
30.7917
23.25
8.91667
6.75
9.83333
-8.33333
-21.375
-2.91667
13
-0.5
-19.0833
-24.2083
-18.9583
-20.0417
-30.625
-22.4583
-12.2083
-1.70833
1.91667
-3.58333
-2.25
-6.83333
-10.4167
-10.4167
11.625
12.4167
6.08333
0.708333
11.8333
15.0833
-2.70833
-1.20833
6.79167
11.4583
-0.125
1
5.29167
2.70833
-9.16667
-13.25
4.75
13.125
3.66667
-4.20833
6.125
11.5833
-3.125
-12.5833
-7.875
0.583333
0.25
-30.5
-25.3333
-16.7083
-16.0417
-8.91667
3.91667
-2.04167
-7.41667
-1.625
2.25
-6.08333
-15.1667
-24.25
-25.25
-23.1667
-18.125
-13.375
-11.0833
10.2083
11.5417
-7.5
-10.2917
5.91667
16.7083
18.1667
29.5833
41.5417
42.0417
25.7083
13.6667
6.625
0.25
-24.6667
-21.5833
-13.875
-11.2083
-0.0416667
-1.20833
-9.08333
-11.5
-0.291667
-2.16667
-10.5417
-14.25
-22.9583
-26.625
-32.625
-22.7083
-24.625
-17.4167
5.83333
18.1667
7.75
-4.79167
-2.79167
11.0417
16.75
16.25
24
34.4583
32.2917
18
6
1.04167
9.375
10.1667
3.25
6.5
9.875
0.333333
-8.66667
-7.70833
2.33333
0.875
-3.375
-14.125
-12.125
-13.4583
-16.5833
-16.8333
-21.0833
-5.375
4.91667
14.8333
16.75
8.04167
1.04167
4.45833
8.125
-1.41667
-4.125
3.875
11
6.79167
-1.29167
-0.625
49.0417
45.4167
31.3333
28.8333
14.4583
-7
-10.75
-3.29167
6.70833
5.625
2.16667
4.16667
8.91667
1.25
-0.0833333
-9.08333
-4.875
5.25
12.875
26.25
32.9583
26.7917
18.5833
10.5833
9.625
1.25
-7.20833
-1.54167
6.95833
9.91667
0.75
-1.79167
45.4583
37.0833
33.625
26.4167
10.0417
-8.83333
-2.91667
8.54167
7
0.375
-4.45833
12.5833
16.1667
6.125
4.625
0.958333
15.4167
20.2917
24.6667
42.5833
54.4167
55.625
42.8333
21.7083
12.125
7
-4.75
-6.54167
1.91667
10.875
8.70833
0.625
-22.0833
-27.5833
-12.4583
-11.7917
-11.5833
-7.91667
4.875
12.625
-1.125
-9.83333
-8.25
0.583333
1.79167
1.91667
0.416667
10.9583
28.125
32.5
23.5417
23.4167
36.5
46.1667
33.2083
15.9167
10.9167
12.9583
3.875
-11.375
-11.7917
-2.375
6.29167
2.45833
-71.7917
-63.9167
-44.1667
-34.1667
-24.0417
-3.95833
9.58333
8.25
2.58333
1.58333
11.5833
6.70833
2.16667
6.5
3.58333
19.4167
21.7083
10.0417
-5.41667
-25
-28.25
-25.7083
-25
-15.4583
-8.125
4.125
12.9583
-0.208333
-10.3333
-9.08333
0
2.33333
-49.5
-28.25
-17.9583
-12.125
-4.91667
10.25
13.2917
1.04167
-2.20833
3.875
11.4583
5.04167
-1.29167
-0.875
3.25
2.58333
-21.2917
-48.3333
-62.4167
-83.7917
-105.833
-111.458
-86.2917
-58.1667
-48.125
-32.25
-5.41667
9.41667
0.916667
-4.5
2.66667
7.54167
-7.08333
8.58333
8.33333
6.5
11.5417
17.8333
9.16667
-1.66667
-8.95833
-0.0833333
0.875
-0.291667
-3.625
-3.41667
7.54167
-12.4583
-39.4583
-55.125
-62
-70.9583
-83.1667
-75.5417
-43.0417
-20.8333
-11.375
-7.75
2.33333
23.3333
19.6667
7.875
6.08333
10.6667
16.5833
13.2917
7.08333
9.41667
20.9583
30.75
24.2083
30.625
39.5833
45.5833
42
43.4583
46.25
48.125
50.0417
40.375
40.7083
48.125
54
62.4167
71.2917
82.4167
84.5833
83.5833
84.7917
69.2083
46.9583
33.4583
31.7917
16.6667
0.625
-0.708333
26.5417
16.125
10.4167
17.75
32.4167
37.2083
37.75
51.1667
68.9583
66.375
60.375
59.5417
63.2083
64.0417
56.7083
63.0833
75
84.4583
89.0833
93.5833
97.3333
86.375
61
39.625
25.1667
8.75
-12.5
-34.4167
-31.7083
-27.5
-29.0417
-26.75
18.0833
10.6667
5.04167
3.875
2.08333
-12.25
-14.125
-14.9583
-16.4583
-25.625
-32.875
-39.4583
-43.25
-43.9583
-45.2083
-41.9167
-39.7083
-38.4583
-38.6667
-43.5
-50.9583
-64.9167
-79
-92.2917
-104.5
-106.333
-105.708
-99.875
-90.7917
-64.75
-43.625
-30.4167
-4.16667
-12.4583
-22.5833
-33.7083
-54.5417
-72.0417
-76.875
-84.9167
-95.75
-99
-100.042
-105.042
-108.542
-106.167
-98.3333
-97.3333
-95.8333
-91
-82.5
-77.75
-75.5833
-71.0833
-65.7083
-56.9167
-52
-46.875
-36.625
-20.1667
-9.70833
4.25
10.75
15.0417
-3.04167
-10.7917
-20.4583
-27.8333
-43
-48.5417
-49.0417
-48.625
-42.2083
-30.7917
-20.5417
-15.4583
-10.1667
-7.33333
-10.0417
-12
-10.4167
-4.79167
5.125
18.6667
32.5417
41.1667
45.6667
53.8333
59.9167
59.1667
61.8333
64.3333
64.5833
54.875
41.4583
31.375
18.9167
21.4583
22.5833
26.5833
29.6667
31.9167
31.625
32.125
43.5
51.2083
57
61.25
65.875
58.5417
38.5
30.9167
28.5833
28.1667
26.7083
36.4583
48.375
52.2917
51.625
48.1667
47.8333
46.0417
42.8333
35.7917
27.0833
15.2083
6.70833
-1
-1.79167
-1.5
1.29167
2
0.625
0
0
0
0
0.125
1.54167
6.70833
12.75
0.75
-25.8333
-22.0833
7.25
14.4583
4.29167
0.0416667
0
0
0
0
0
0
0.125
0.416667
6.79167
19.4167
10.7917
-18.5417
-0.125
0.0416667
0.541667
0.375
0.25
0.916667
2.125
3.125
4.20833
4.16667
-0.833333
-6.79167
2.08333
7.75
-17.9583
-21
13.6667
16.4167
-2.91667
-4.45833
-0.25
0.208333
-0.208333
-0.333333
0
0.25
0.0833333
-1.16667
-1.45833
5.70833
9.25
-3.45833
0.125
0.0416667
0.291667
1.875
5.70833
7.625
3.25
-0.833333
1.04167
0.916667
-10.3333
-19.375
4.79167
25.3333
-15.375
-32.2083
20.5417
32.5417
-4.95833
-15.375
-4.25
0.125
-0.5
-0.666667
-0.166667
0.291667
0.166667
-2.25
-8.33333
-7.08333
4.91667
6.5
0.583333
2.875
8.66667
9.83333
2.25
0.291667
0.0416667
-4.04167
-1
-0.291667
-17.7917
-26.9583
13.125
37.6667
-17
-38.7083
21.9583
43.2083
1.16667
-21.625
-11.1667
-1.54167
-0.625
-0.75
-0.166667
0.291667
0.0416667
-4.04167
-16.5833
-19.7917
2.70833
17.7083
6.20833
4.95833
3.04167
4.20833
0.708333
-1.95833
-1.79167
-3.95833
-0.875
-4.33333
-28.7917
-29.125
28.25
46.4583
-21.0833
-43.9583
18.4583
51.6667
14.6667
-23.25
-20.8333
-5.83333
-1.125
-1
-0.291667
0.375
-0.125
-7.04167
-25.7083
-29.7917
2.70833
27.4583
3.5
0.541667
0.458333
3.66667
0.541667
-1.875
-1.75
-4.16667
-3.375
-13.7083
-36.0417
-20.2083
36.625
43.4167
-14.625
-35.75
7.58333
44.5417
31.2083
-10
-29.2083
-16.7917
-3.79167
-1.20833
-0.416667
0.416667
-0.458333
-11.0833
-35.5
-37.375
5.08333
36.2917
3.41667
0.583333
0.458333
3.5
0.541667
-1.70833
-1.79167
-4.66667
-6.33333
-22.5
-42.375
-13.9583
37.9583
35.1667
-0.5
-8.41667
5
20.125
27.125
11
-19.375
-28.5
-13.5833
-2.66667
-0.333333
0.416667
-1.45833
-16.7083
-45.625
-42.1667
10.2917
44.75
3.66667
0.625
0.416667
3.45833
0.333333
-2.79167
-4.25
-9.20833
-19.2917
-37.4167
-31.7917
17.0417
44.75
12.0417
-6.625
9.625
10.5833
10.1667
21
20.1667
-4.58333
-29.125
-23.7917
-7.125
-0.625
0.0833333
-3.29167
-21.9583
-47.6667
-32.7917
19.8333
42.5833
5.125
1.70833
-0.375
0.291667
-5.95833
-9.83333
-6.25
-11.0417
-27.6667
-34.2917
-4.20833
36.875
27.1667
-15.5417
-2.75
33.625
16.0833
-3.33333
11.5417
24.5417
9.79167
-22.5833
-30.75
-12.9167
-1.70833
-0.833333
-6.5
-28.6667
-47.2083
-19
28.4583
37.0833
18.0833
-0.208333
-18.5417
-15.8333
-5.04167
-3.25
-4.20833
-14.8333
-34.1667
-26.75
13.9583
37.75
7.5
-24.5
9.16667
47.2083
22.25
-8.83333
-2.5
16.3333
20.2917
-3
-28.1667
-23.125
-6.5
-2.16667
-11.25
-35.8333
-44.4167
-4.33333
34.6667
30.5
30.125
4.70833
-23.2917
-21.375
-7.16667
-1.75
-6
-26
-38.2917
-7.5
32.2083
25.625
-16.75
-26.7083
23.0417
57.9167
30.5833
-8.95833
-14.625
3.29167
17.1667
12.375
-10.2083
-25.25
-16.7917
-6.29167
-16.9583
-42.7917
-38.125
9.95833
37.0833
23.4167
48.875
16.5833
-30.4167
-32.5833
-11
-3.29167
-13.75
-36.7083
-29.2917
18.25
35.6667
-0.708333
-32.9167
-15.625
34.2083
59.5833
38.2917
-1.33333
-22.625
-10
10.875
15.5
5.33333
-14.9167
-23.7083
-15
-23.9583
-48
-29.4167
22.7917
36.375
16.75
62.375
23.4167
-39.2917
-43.75
-15.1667
-6.66667
-22.9167
-42.5
-15.3333
35.9167
28.375
-20.5
-31.8333
3.875
41.375
47.375
26.1667
4.66667
-10.625
-15.7917
-1.20833
15.75
16.4167
-4.33333
-24.9167
-23.8333
-33.5
-50.8333
-17.5833
33.2083
32.9583
10.9583
77.4167
27.625
-49
-53.6667
-18.875
-14.9583
-35.0833
-35.9167
12.3333
47.5833
3.75
-41.5417
-16.5833
25.875
39.5833
30.0417
11.375
6.16667
7.25
-6.5
-12.875
2.54167
19.625
12.9167
-15.2917
-33.75
-47.875
-50.75
-4.41667
39.375
27.6667
6.375
90.5833
35.25
-55.625
-62.2083
-24.4167
-25.9167
-38.9583
-14.6667
34.0417
35.2917
-23.625
-39.5417
12.125
38.3333
20.1667
4.04167
1.20833
12.4583
24.625
8.29167
-15.3333
-10.0833
9.79167
14.0833
-1.875
-26.75
-53.5417
-49.375
4.5
39.0417
20.6667
2.875
94.9167
48.4167
-51.625
-65.0833
-30.625
-33.5833
-34.9167
2
38.125
20.0833
-27.0417
-22.0833
29.875
39.4167
-5.125
-24.7083
-3.75
21.3333
37.6667
25.625
-9.41667
-20.5
-1.375
5.54167
-6.58333
-19.8333
-37.4167
-33.875
8.16667
30.0417
11.4167
-0.333333
93.7917
58.5
-44.3333
-68.5417
-40.7917
-39.5
-20.9583
23.7083
32.5833
-5.16667
-27.1667
5.29167
49.6667
31.1667
-34.0417
-45
-3.875
24.1667
40.5833
40.5833
7.5
-21.875
-15
-3.95833
-12.2083
-19.125
-22.9167
-16.375
11.1667
20.5
3.58333
-2.5
98.25
67.7917
-39.0833
-75.5417
-51.6667
-34.8333
0.208333
32.7083
11.25
-24.5
-10.8333
36.2083
57.75
12.5
-56.7917
-55.375
-0.875
27.7917
35.0833
40.7917
24.25
-6.79167
-20.3333
-19.1667
-22.2083
-20.4167
-8.20833
3.54167
13.2083
9.66667
-3.25
-4
106.833
79.5417
-34.875
-86.3333
-60.0417
-22.2083
17.2917
26.875
-9.54167
-26.1667
14.2083
53.875
48.5417
-1.25
-69.625
-69.9583
8.25
46.7083
28.8333
25.5417
27.25
9.95833
-12.7917
-27.7083
-34.75
-26.625
3.625
24.2083
15.0417
-2
-9.125
-4.58333
109
80.2917
-38.75
-95.75
-55.125
3.95833
31.3333
5.54167
-34.5417
-16.125
44
60.375
27.875
-11.0833
-65.8333
-76.5833
6.91667
59
30.6667
13.9583
19.875
18.2917
1.16667
-27.6667
-44.75
-32.7917
7.125
35.5
20.625
-6.58333
-13.9167
-6
97.1667
67.1667
-44.5417
-91.5417
-33.9167
26.5
24.5
-22.2917
-40.0417
9.875
60.0417
45.6667
9.79167
-11.625
-56.0833
-67.7083
7.625
58.375
37.875
11.25
-4.91667
1.29167
15.9583
-4.66667
-40.125
-40.625
-0.583333
32.3333
24.5833
-1.45833
-14.375
-8.04167
77.2083
46.7083
-44.875
-75.2083
-14.5833
31.6667
9.45833
-31.8333
-25.375
25.625
53.9167
31.0833
3.29167
-10.25
-43.875
-54.2917
9.41667
61.5417
43.2917
-0.416667
-31.2083
-21.125
14.5833
20.9583
-10
-35
-21.125
12.0833
26.0417
10.125
-9.54167
-8.625
53.5417
20.6667
-40.0833
-44.5417
7.16667
25.5833
-13
-38.125
-2.75
44.0417
40.625
7.08333
-5.20833
-0.583333
-25.4583
-39.9167
17.125
61.625
32.4167
-13.8333
-41.375
-35.3333
0.333333
26.1667
19.6667
-10.9167
-30.5
-12.875
18.0833
21.625
0.916667
-8.54167
21.7083
-4.54167
-24.7917
-9.29167
16.9583
5.04167
-30.6667
-27.5
22.8333
52.2083
20.9583
-16.1667
-6.83333
15.375
-10.5417
-28.4583
25.0833
52.7917
15.0833
-21
-44
-44.9583
-12.25
27.4167
44
15.625
-29.6667
-33.5833
-0.958333
20.2917
13.875
-0.166667
-10.375
-27.75
-8.95833
19.5
15.4583
-15.375
-31.9583
-6.33333
35.2917
44.875
7.95833
-24.9583
-5.66667
19.625
-6
-18.1667
27.4583
44.5417
10.9583
-21.0417
-45.0833
-50.3333
-19.7917
28.7083
56.25
32.25
-20.7917
-42.3333
-18.8333
7.5
15.7917
11.0417
-39.3333
-30.6667
19.4583
39.5
-1.58333
-40.2917
-26.3333
16.4583
43.1667
34.5417
-6
-28.4167
4.25
23.3333
-10.0833
-11.4583
33.2917
39.125
4.875
-23.7083
-41.1667
-45.4167
-26.6667
15.9167
56
47.75
-8.54167
-47.5417
-32.8333
-2.875
15.3333
20.7917
-50.0417
-15.4583
41.8333
38.5417
-24.0417
-52.5
-12.6667
30.25
38.8333
21.2083
-13.375
-23.1667
9.625
21.125
-8.20833
-6.875
30.5833
30.25
-7.875
-29.2083
-24.9583
-21.8333
-23.6667
-2.16667
39.2917
49.7083
7.95833
-39.6667
-43.5833
-16.3333
12.625
29.4167
-51.4583
-1.75
50.5417
29
-37.4583
-49.6667
-0.25
29.4167
28.5833
15.375
-15.625
-20.2083
11.5833
15.4167
-6.04167
2.70833
25
10.5833
-17.4167
-19.7917
-9.91667
-8.375
-14.625
-9
18.7917
39.375
19.75
-25.7917
-44.9583
-22.25
14.4583
34.625
-51.7917
15.9167
54.1667
8.125
-48.0417
-37.125
10.875
24.1667
14.9167
6.875
-9.375
-9.95833
8.5
10.9167
5.91667
8.20833
-0.958333
-13.5833
-6.79167
1.875
-1.70833
-5.91667
-7.375
-3.54167
7.125
20.6667
22.5417
-5.125
-36.5417
-33.5
3.5
33.8333
-51.1667
24.6667
48.0417
-6.08333
-39.7917
-17.7917
13.25
14.8333
6.625
3.625
-2.54167
-7.66667
-3.54167
9.08333
22.7917
9.54167
-26.7083
-26
10
21
4.16667
-11.8333
-15.4583
-3.04167
7.5
10.75
16.875
7.70833
-18.2083
-31.875
-9.625
25.4167
-47.9167
28.8333
36.9167
-13.9583
-19.75
0.583333
4.33333
0
7.66667
13.3333
-4.16667
-22.2083
-13.9167
14.2917
37.8333
16.5
-35.1667
-35.4167
13.25
32.0417
7.79167
-22.7083
-30.3333
-5.91667
18.5417
15.7917
6.70833
5.20833
-3.04167
-17.625
-11.2917
14
-42.2083
25.7083
19.7083
-17.0417
3.04167
16.2917
-4.75
-11.25
10.25
20.0833
-7.125
-34.875
-24
17.7917
47.75
20.6667
-34.6667
-37.2083
12.2083
37.8333
11
-32.0833
-43.875
-8.33333
28.3333
23.9167
8.08333
6.91667
1.58333
-11.5417
-10.0417
5.125
36.4444
46
54.7407
62.2407
66.6111
65.6852
58.2222
51.0741
38.9444
30.5926
22.7037
11.8148
5.7037
4.18519
6.57407
14.9259
20.0556
29.7593
33.6852
36.8519
43.3889
45.7593
45.6296
43.9074
39.0185
34.4074
29.5185
25.1111
59.7963
63.3704
64.1296
61.5741
53.5556
39.463
25.7222
17.9259
4.05556
-5.92593
-9.55556
-19.9259
-30.7593
-32.8519
-29.0926
-26.5556
-32.5741
-31.2222
-31.963
-37.3889
-34.2778
-28.8704
-28.2778
-30.7407
-30.9074
-27.4444
-23.6481
-19.7593
62.0926
54.5741
44.0185
29.9444
9.33333
-16.8704
-30.7593
-32.8519
-42.6667
-48.5
-48.7222
-54.3519
-66.4074
-71.8889
-68.2037
-74.9444
-89.5
-96.1667
-102.241
-112.259
-114.963
-109.259
-105.333
-107.111
-101.019
-89.4815
-77.4815
-65.1852
32.8519
14.8148
-3.5
-22.537
-44.0556
-59.7407
-59.7778
-58.8148
-62.2963
-64.0741
-58.6296
-49.7222
-51.4259
-53.3889
-53.3889
-65.7407
-73.3333
-75.8704
-75.963
-82.1852
-91.2407
-88.7963
-82.8333
-82.1481
-75.9815
-67.2778
-58.463
-49.3889
-19.6852
-34.463
-46.9444
-58.5
-69.1667
-67.537
-58.7222
-56.2778
-55.0926
-55.4815
-55.9074
-45.1296
-34.4074
-34.2222
-43.2222
-53.5185
-51.6481
-49.537
-45.2037
-41.6481
-49.7407
-56.1852
-52.2963
-47.1481
-42.0185
-36.8889
-32.0556
-27
-68.1296
-68.6111
-66.8889
-66.9259
-63.9444
-46.0926
-35.2037
-37.1296
-33.0556
-33.2222
-38.4074
-32.3148
-14.3333
-5.53704
-21.037
-27.1481
-19.0556
-16.6111
-11.7593
-2.42593
-4.53704
-14.963
-20.7963
-12.4444
-7.2963
-5.72222
-4.42593
-3.61111
-88.3148
-74.5
-61.3148
-52.2778
-36.6111
-19.4444
-17.2037
-21.3148
-15.4259
-12.3333
-18.3333
-20.963
-5.75926
0.62963
-11.6481
-13.463
-8.03704
-10.6852
-12.1852
-4.72222
1.18519
-6.55556
-18.8704
-13.7222
-6.31481
-3.2963
-2.11111
-1.42593
-79.0926
-60.5556
-46.3148
-32.4444
-13
-4.92593
-9.2963
-12.3889
-5.11111
1.44444
1.88889
-1.40741
-0.611111
0.148148
1.07407
2.59259
1.46296
-5.55556
-12.0741
-11.7593
-3.59259
-1.51852
-13.2963
-15.1667
-8.22222
-3.09259
-1.59259
-1.11111
-36.4259
-29.2407
-27.3148
-15.7407
-0.12963
-2.2963
-8.44444
-5.98148
0
7.53704
16.963
18.7963
7.37037
-2.94444
11.2407
18.5556
10.7963
3.7037
-3.42593
-11.5741
-6.83333
0.537037
-0.425926
-9.46296
-9.40741
-3.66667
-1.98148
-1.90741
3.59259
-2.62963
-10.1481
-2.66667
0.962963
-6.87037
-9.53704
-2.7037
1.40741
6.74074
21.3519
28.2222
9.64815
-1.81481
14.6111
26.7778
18.9259
11.2222
6.48148
-3.94444
-6.2963
0.314815
8.64815
1.7037
-7.12963
-5.61111
-1.7037
-1.75926
35.1296
16.5556
6.40741
5.01852
-2.88889
-10.8704
-8.37037
0.574074
5.14815
10.8148
25.6296
29.4815
17.8333
11.8519
20.037
29
26.1481
17.3889
10.7222
0.925926
-6.48148
-7.46296
4.11111
4.35185
-6.77778
-12.463
-8.12963
-5.16667
32.1296
14.7778
12.7407
7.18519
-6.16667
-8.88889
-2.66667
5.07407
12.963
20.2963
24.4259
21.1481
19.6852
24.3889
18.6852
17.5
19.9259
10.7222
1.96296
-0.851852
-11.3519
-18.5926
-12.2778
-3.87037
-8.77778
-18.5926
-17.0185
-11.537
18.463
9.25926
12.7222
5.07407
-6.12963
-2.7963
3.74074
10.2778
20.9074
30.9074
22.7778
12.1667
20.8519
32.3889
19.8333
7.7963
8.77778
5.31481
-3.83333
-3.98148
-12.7593
-22.1852
-22.5
-13.2778
-7.94444
-15.2963
-21.0556
-15.8333
-4.18519
0.740741
5.25926
-0.907407
-5.25926
1.68519
5.74074
9.2037
16.0926
20.8704
3.77778
-3.27778
8.33333
20.4444
9.27778
-4.75926
-8.98148
-2.77778
-0.907407
2.77778
-3.27778
-8.53704
-13.0556
-8.37037
1.51852
2.59259
-7.05556
-9.90741
-18.1296
-5
-3.57407
-8
-3.55556
-0.611111
0.240741
0.185185
-1.07407
-4.5
-16.2222
-15.6481
-5.81481
-1.2037
-1.66667
-10.0556
-16.7963
-3.66667
6.94444
11.7037
13.1111
14
10.0741
8.25926
15.8519
23.6111
17.4074
9.12963
-17.2407
-4.51852
-6.27778
-11.037
-4.42593
-5.03704
-4.11111
-7.88889
-17.5556
-30.7037
-33.7963
-24.2037
-18.1852
-20.4074
-13.2222
-13.6667
-15.1852
-3.07407
11.1481
18.6667
25.3889
29.5
26.8148
20.4074
20.3519
29.3333
32.1852
23.6852
5
6.87037
-0.87037
-7.09259
-3.7963
-5.68519
-4.7037
-9.27778
-21.8333
-36.3333
-29.8704
-19.3519
-18.1481
-22.5741
-11.4444
-2.59259
4.74074
8.2037
13.6296
20.1296
32.1481
37.1296
33.7222
23.537
15.3519
18.7037
28.0926
28.6296
31.0185
21.8889
9.88889
1.98148
-3.62963
-1.25926
-0.111111
-2.85185
-13.463
-23.1111
-13.7407
-7.2963
-8
-6.2963
2.35185
17.963
31.9444
28
25.7963
26.3704
36.7963
39.2407
32.0185
20.0185
6.77778
1.48148
10.4074
17.4074
36.5926
21.6667
8.7037
3.83333
-0.481481
5.12963
4.51852
1.83333
-3.94444
-5.55556
4.94444
6.96296
7.61111
13.1296
20.1296
39.9074
54.2222
49.7222
43.6667
37.6667
41.6111
41.8519
33.0185
21.5556
8.14815
-3.87037
-3.12963
6.14815
6.46296
-1.55556
-4.14815
-0.777778
1.46296
7.75926
6.94444
1.53704
0.796296
7.01852
14.4259
14.9444
19.0185
22.7407
24.4444
34.6667
43.4815
45.037
41.5185
31.4259
24.0556
19.8889
17.4259
15.3704
9.42593
-2.46296
-9.35185
-5.64815
-30.5556
-26.0926
-17.5185
-6.31481
4.83333
9.25926
7.5
0.462963
3.37037
11.7407
12.7407
12.3704
12.7407
5.09259
-1.55556
-7.72222
-10.1852
-3.88889
-2.88889
-9.53704
-23.2037
-24.7222
-12.9074
-0.851852
5.48148
2.92593
-6.75926
-9.18519
-47.0185
-31.5185
-14.5185
-0.240741
9.27778
9.53704
5.98148
2.38889
7.55556
15.3519
10.963
7
-1.24074
-13.8519
-27.1852
-46.9815
-59.1852
-54.3704
-48.6111
-48.4815
-57.4444
-53.7222
-33
-10.2593
5
11.8148
7.14815
-2.27778
-25.7222
-7.77778
8.07407
20.8148
26.4444
23.6111
20.8333
26.6667
32.7407
34.9074
27.5926
17.2222
0.907407
-10.5185
-24.6667
-44
-60.4444
-61.4074
-54.9074
-48.5185
-45.1852
-35.9259
-20.4259
-1.90741
13.2963
22.0926
21.4444
10.2963
8.2037
21.2593
31.963
42.0556
44.8148
40.1481
41.0556
52.2407
57.3148
55.6111
50.7778
41.7037
30.6481
30.1852
25.2778
18.463
9.48148
4.33333
5.72222
10.5741
18.2222
19.6296
14.1667
12.6852
14.6852
15.037
15.0185
6.64815
27.5
32.7593
36.0926
42.3519
43.4444
39.0926
43.6481
53.4259
53.7222
48.9259
46.2963
40.6481
37.2407
39.3148
39.8148
41.2407
39.7963
32.7593
25.2778
21.963
24.2778
17.5556
1.59259
-13.0926
-17.8333
-20.0556
-18.2963
-16.3704
13.1667
7.7037
2.53704
-0.37037
-5.2037
-7.61111
-4.11111
-3.22222
-7.75926
-11.2593
-9.83333
-6.42593
-1.24074
1.85185
7.55556
15.1481
22.3519
18.9815
8.25926
-0.851852
-7.33333
-18.3148
-33.0556
-49.5185
-58.5741
-58.1296
-52.8519
-42.0185
-11.7963
-24.537
-34.8889
-46.8333
-56.3333
-57.1111
-56.8889
-62.5741
-68.8704
-70.5185
-67.5185
-63.4815
-58.7222
-60.1667
-56.7963
-51.0741
-41.3148
-40.0185
-45.3889
-51.1667
-53.5556
-54.963
-51.463
-52.4074
-52.4815
-45.7593
-37.6852
-25.3519
-22.3704
-36.5741
-46.3889
-60.9259
-68.7778
-65.463
-64.7778
-69.1667
-70.5
-70.3889
-69.4259
-63.9074
-58.0185
-58
-54.0741
-46.8704
-35.9815
-29.7037
-25.2037
-19.5556
-15.4074
-11.8889
-4.55556
-1.2037
-3.61111
-2.16667
0.148148
4.5
6.38889
1.72222
1.40741
-3.59259
-2
-6.03704
-12.5556
-21.537
-15.9444
3.75926
16.1481
5.31481
-7.96296
-1.42593
21.2407
24.537
6.55556
-14.463
-17.8148
-10.3704
-3.44444
-0.796296
-0.37037
-2.92593
-10.7593
-18.2037
-18.3704
-4.22222
3.2963
0.203704
0.962963
-3.64815
-3.16667
-10.3148
-19.0556
-26.0185
-12.9444
11.7407
23.2778
6.24074
-12.2593
-5.46296
22.0741
33.3889
16.1481
-10.3889
-22.9074
-17.7778
-8.38889
-2.14815
-0.611111
-4.7963
-15.5741
-26.5
-25.537
-6.7037
3.2037
0.185185
0.962963
-3.77778
-4.55556
-14.6481
-24.8148
-29.6852
-11.3889
15.0556
26
9.37037
-7.46296
-3.11111
20.4074
32.2222
23
-2.38889
-20.0741
-24.4815
-15.5185
-6.48148
-1.61111
-7.27778
-21.1296
-34.9259
-31.9259
-7.90741
3.18519
0.0925926
0.777778
-4.59259
-8.72222
-21.2963
-31.2778
-28.0926
-6.51852
18.537
22.537
10.0556
0.796296
8.61111
23.8889
28.537
20.7778
1.24074
-16.3519
-26.2407
-21.7407
-11.5185
-4.55556
-10.4815
-26.9815
-42.3889
-36.6852
-8.16667
2.53704
-1.01852
-0.444444
-7.66667
-15
-28.1481
-32.8889
-23.0556
-3.53704
14.6852
15.8148
14.4259
15.4259
25.2778
28.6111
24.5926
14.1852
1.46296
-14.1481
-25.2593
-26.1296
-16.2963
-9.07407
-15.0926
-33.6296
-49.2222
-40.0556
-6.94444
-5.40741
-8.5
-5.11111
-12.2593
-20.3333
-33.6481
-33.2037
-23.5185
-6.88889
6.88889
15.5926
26.2963
35.3333
40.6296
31.6296
17.1852
4.16667
-1.27778
-8.98148
-18.9815
-25.8148
-21.9074
-16.1852
-22.5
-41.7963
-56.1111
-42.8148
-3.88889
-13.4815
-18
-13.537
-21.3889
-31.1111
-41.8333
-33.3704
-17.1481
0.0185185
11.6111
16.8889
28.1481
36.0185
44.0741
36.5741
20.6481
3.18519
-5.18519
-6.85185
-11.7222
-19.4815
-23.3333
-24.5926
-31.8889
-48.7037
-55.1852
-35.5
5.74074
-24.3704
-32.6667
-28.9259
-32.8889
-37.6667
-37.2037
-21.9074
-4
4.88889
9.27778
12.3889
27.6481
38.5
45.3704
36.6296
22.8704
6.35185
-3.5
-7.90741
-8.42593
-14.7593
-20.5741
-31.0185
-41.8333
-56.2778
-53.2593
-26.037
15.3889
-39.3704
-44.2963
-36.3704
-33.9074
-37.4074
-30.963
-14.5
1.2963
5.72222
6.7037
14.8519
31.7407
43.6481
40.0556
28.2407
17.6667
12.7963
4.98148
-2.64815
-7.74074
-12.8333
-20.463
-35.7593
-51.5741
-62.3519
-50.0556
-15.3148
24.2037
-43.1852
-50.4074
-44.0926
-39.9444
-36.037
-23.037
-4.09259
4.90741
4.2963
0.962963
13.0185
33.2778
48.8704
40.463
22.6667
11.8333
13.9815
11
1.59259
-7.05556
-9.35185
-17.2963
-36.963
-60.5741
-68.2407
-46.7222
-5.2037
30.8519
-47.537
-61.1667
-54.9259
-44.7593
-30.8333
-13.6481
3.7963
5.96296
2.98148
-0.574074
11.2963
28.3148
44.1667
38.6852
24.4815
12.2222
14.9815
13.7222
4.77778
-7.90741
-11.9259
-16.3519
-33.6667
-58.2593
-67.1111
-42.2407
0.537037
33
-53.2593
-72.5
-64.9815
-47.037
-28.9444
-7.72222
7.83333
12.3519
8.12963
6.12963
11.1481
17.3704
25.9074
28.1111
28.4074
22.6667
18.5926
15.1667
6.90741
-4.57407
-16.7963
-24.4259
-36.5556
-50.1481
-53.3889
-30.537
4.03704
29.0741
-59.9259
-86.0185
-74.8333
-46.4259
-21.463
0.203704
10.6296
12.6111
10.6852
14.2407
15.5
8.38889
3.46296
10.7222
27.5
34.2963
27.6111
18.1481
10
0.12963
-15.7037
-30.7407
-42.4444
-47.4444
-42.3333
-19.0741
7.61111
25.3333
-67.2963
-99.0926
-80.0185
-42.6852
-13.7037
3.07407
8.74074
11.4815
16.7037
25.037
19.7222
-1.38889
-17.5
-5.83333
24
42.2963
36.963
22.7222
13.7037
4.22222
-13.6111
-35.2593
-48.7778
-45.3704
-31.7593
-6.90741
10.5556
20.8148
-66.7407
-105.333
-80.6296
-39.4444
-10
3.66667
8.85185
17.0741
26.7593
34.6667
20.0556
-12.6481
-35.9259
-20.9259
19.5556
49.5
47.4815
28.5556
13.4444
4.25926
-13.2778
-36.2222
-53.3704
-43.5741
-22.3148
5.22222
14.2407
15.963
-69.7407
-102.741
-71.7222
-29.037
-6.42593
2.68519
6.72222
21.9444
34.4444
40.4074
17.2593
-21.1481
-47.6852
-30.7407
13.2222
52.8333
56.2037
36.2593
12.3704
-0.0555556
-13.2778
-33.2778
-51.5185
-44.4259
-17.4815
12.7778
19.8519
13.1296
-66.5
-89.963
-57.3148
-20.2593
-5.24074
0.537037
7.35185
27.1667
41.8333
43.6667
13.2407
-30.0741
-55.8704
-34.463
14.6667
57.0185
59.963
33.4815
2.85185
-10.8148
-13.5741
-23.1481
-38.7222
-38.4074
-16.3704
13.537
21.037
12.0741
-58.0926
-76.6111
-46
-15.8519
-2.85185
1.68519
11.8889
32.8148
47.4815
44.1111
6.03704
-40.7963
-62.7222
-27.6852
28.1296
66.7407
52.7778
17.1667
-15.7037
-21.6296
-14.5926
-12.0926
-21.4259
-25.037
-12.2222
11.037
17.8519
9.85185
-43.2407
-58.5556
-35.1852
-13.7222
-5.03704
1.18519
14.7963
36.7222
48.7222
40.8889
1.66667
-43.8148
-60
-18.8148
37.8519
66.3519
40.2778
2
-25.8889
-27.2778
-20.3333
-8.92593
-8.59259
-7.38889
-5.68519
7.51852
12.4259
9.14815
-29.7593
-43.5
-29.9815
-15.9444
-8.7037
3.2037
20.9444
40.1481
44.9074
32.2407
-0.796296
-35.9444
-45.0926
-7.42593
37.2778
53.1111
21.2037
-12.2963
-29.7037
-23.2963
-14.6667
-3.38889
-0.796296
1.37037
-3.35185
0.537037
3.37037
7.01852
-22.7222
-34.7593
-26.7407
-16.0926
-5.5
8.03704
26.6667
38.5185
38.0926
22.1852
-3.31481
-28.0185
-31.5926
0.759259
35
43.8889
10.7593
-21.8333
-34.2778
-19.2037
-1.64815
10.5556
6.59259
1.31481
-10.2963
-9.35185
-7.7037
3.03704
-13.5741
-25.6852
-23.2963
-18.6296
-4.77778
11.9815
33.537
37.1667
30.0556
9.7963
-4.64815
-18.5556
-15.0185
9.14815
33.7593
36.1296
3.25926
-28.8704
-41.8333
-22.4259
2.66667
21.3333
14.3333
1.07407
-17.6667
-18.3519
-14.1296
1.22222
-3.61111
-15.1111
-20.9259
-21.1852
-5.05556
17.2778
37.6111
32.3333
18.2407
-0.314815
-2.74074
-8.38889
-2.59259
12.5926
30.6111
28.7222
-2
-34.2407
-47.6296
-27.1852
5.37037
30.9074
25.4074
2.98148
-23.3704
-29.4074
-20.0556
-1.31481
3.42593
-3.07407
-18.2593
-21.1111
-3.74074
22.037
37.1111
24.8519
7.09259
-5.55556
-1.61111
-0.796296
5.03704
16.7963
28.7778
23.5185
-6.85185
-39.1111
-54.2222
-34.8704
3.66667
37.6852
38
10.2407
-24.2037
-34.7407
-21.4259
2.7037
15.6667
2.03704
-22.5185
-26.6481
-1.72222
25.5926
35.1481
16.037
-0.222222
-4.68519
6.96296
9.2037
10.7963
12.5926
19.6481
14.1296
-7.31481
-35.0185
-51.2222
-39.4259
-4.05556
36
46.8148
23.963
-16.3333
-36.1111
-27.6296
-1.87037
23.8889
3.09259
-25.0185
-26.7037
3.96296
28
31.4444
7.27778
-7.2037
-6.75926
12.1111
19.2407
17.6481
7.74074
4.27778
-0.407407
-7.7037
-22.9074
-36.6296
-38.3519
-14.5556
22.7407
46.6111
34.7593
-2.12963
-31.4074
-30.7963
-8.46296
23.8148
4.18519
-22.0556
-20.7222
6.38889
26.5556
27.6111
1.37037
-15.3704
-16.3519
10.5926
26.6296
27.3333
5.38889
-8.62963
-12.2963
-3.75926
-8.24074
-21.6111
-34.7778
-20.4444
12.4259
40.9815
37.3704
6.96296
-24.9815
-30.7407
-13.6296
16.463
1.64815
-16.5556
-10.2593
9.5
23.2593
21.3889
-1.72222
-20.1111
-22.8333
5.51852
27.8704
30.7037
4.16667
-13.9074
-12.9815
4.57407
2.68519
-14.9259
-34.8889
-22.5741
6.5
36.1111
36.0741
14.6111
-16.7778
-29.0185
-19.7222
2.44444
4.33333
4.22222
2.66667
0.833333
0
0
0
0
0.166667
2.05556
9.44444
22.8333
24.7222
10
-17.2778
-26.7222
-19.4444
-5.72222
-0.0555556
0
0
0
0
0
0
-0.0555556
-0.222222
-2.77778
-4
-2.66667
3.16667
1.33333
1.44444
0.888889
0.5
0.333333
1.22222
3.66667
7.27778
13.3333
18.0556
20
14.1667
15.7222
9.66667
5.05556
-11.7778
-10.3333
-1.55556
7.33333
6.27778
1.22222
0.777778
0.722222
0.5
0.277778
0.388889
0.444444
-1.05556
-7.22222
-19.2222
-28.1667
-29.6111
0.166667
0.0555556
0.388889
2.5
8.77778
16.8889
24.5
26.8333
29
27.3889
18.1111
-5.66667
-18.8889
-18
-3.22222
3.88889
12.1667
25.5556
29.9444
22.0556
7.61111
1.83333
1.44444
0.833333
0.277778
0.277778
0.444444
-2.22222
-16.2778
-40.5556
-60.3333
-58.2222
0.777778
3.83333
13.8889
23.0556
34.6667
34.9444
37.7222
31.9444
32.5
26.3333
4.94444
-32.6667
-59.9444
-46.5556
-9.61111
24.2222
41.6111
52.4444
52.7778
37.5
17.1111
4.38889
1.61111
0.944444
0.277778
0.277778
0.166667
-4.94444
-28.8889
-64.4444
-91.5
-81.6667
19.1111
25.6111
34.6111
36.3889
42.8333
36.4444
32.7778
18
6.22222
-14.1111
-45.2778
-60.5556
-61.4444
-18.6667
1.77778
16.1667
8.61111
20.8889
40.8333
43.3333
29.6667
8.88889
1
0
-0.444444
-0.722222
-1.16667
-6.88889
-26.6111
-50.7778
-64.7778
-50.8333
33.1111
34.5
38.4444
33.1111
26.7778
6.05556
-8
-20.2778
-27.6667
-44.7222
-60.3333
-45.0556
-20.5
12.6111
10.3889
5.66667
-14.5
-18.5556
2.27778
30.7222
38.9444
21.3333
3.22222
-0.833333
-0.722222
-0.888889
-1.88889
-10.1111
-23
-34.0556
-30.1667
-16.8889
32.6111
28
12.5
-7
-24.0556
-29.0556
-33.4444
-29.9444
-37.8333
-55.1111
-56.5556
-24.8889
15.2778
23.6111
5.33333
-4.61111
-20.7778
-39.7778
-35.1667
4.11111
41.5556
37.2778
15.5
0.444444
-1.05556
-1.27778
-3
-12.9444
-16.5
-13.2222
6.72222
15
-3.11111
-14.3889
-27.7222
-32.5
-40.1111
-34.7778
-33.9444
-25.2222
-36.8333
-47.2222
-30.8333
9.44444
30.7222
-2.77778
-24.6111
-5.16667
16.2222
-7
-41
-23.1111
24.1111
44.6111
29.1667
6.88889
-0.444444
-0.944444
-4.44444
-15.3333
-16.1111
-7.72222
14.7222
18.6667
-29.0556
-28.6111
-32.6111
-30.5
-31.8889
-20.3889
-15.6111
-14.9444
-34.2778
-35.2778
-7.66667
26.6667
15
-35.6667
-53.6111
-9.38889
44.3333
38.7778
-12.4444
-37.1667
-6.66667
32.1667
37.2222
17.4444
2.55556
0.0555556
-6.5
-16.4444
-15.4444
-1.5
18.1667
19.6667
-12.5
1.22222
2.27778
1.22222
-3.38889
-3.27778
-5.22222
-20.2222
-39.3889
-29.1667
8.22222
31.3333
0.222222
-44.9444
-53.1667
-13.2778
39.6667
61.1111
22.3889
-26.2222
-41.3889
1.66667
31.5556
32.3889
13.2222
3.38889
-7.11111
-15.3333
-14.2222
4.16667
18.8889
19.1111
19
50.6111
49.1111
29.7222
9.11111
0.0555556
-8.16667
-31.3333
-34.8333
-9.61111
31.2778
18.5
-20.6111
-44.1667
-26.7222
-8.05556
15.2222
42.9444
41.1667
-3.83333
-49.7222
-31.7778
14.7222
40.7222
29.3889
11.1111
-6.88889
-13.5
-13
7.61111
17.8889
18.1667
45.0556
83.1667
75.1111
44
13.4444
0.333333
-15.2222
-32.1111
-20.0556
14
33.6111
-6.44444
-35.2222
-27.5556
8.11111
2.66667
-11.2222
4.94444
33.1667
19.8889
-30.6111
-45.3889
-8.27778
35.5556
40.3889
20.1667
-5.27778
-11.4444
-10.1667
9.77778
16.0556
15.6111
28.6667
57.4444
57.9444
36.6667
12.2222
-2.33333
-24.2222
-30
-8.66667
29.4444
24.2778
-17.8889
-32.5
-3.27778
34.1667
17.2222
-18.5556
-36.7222
1.94444
23.8889
10.3333
-31
-26.2778
11.3889
34.7222
23
-4.38889
-12.0556
-5.83333
12.7222
16.5556
13.6111
15.8889
27.8333
28.3889
18.4444
5.94444
-12.7222
-33.8889
-24.1667
9.44444
37.2222
6.66667
-24
-16.8889
22.1111
43.6667
21.8333
-17.7222
-54.4444
-33.2778
14.2222
39.5
2.61111
-31.2778
-19.7222
16.8889
20.5556
2.11111
-11.3889
1.22222
16.2778
18.0556
10.6111
-7.38889
-8.61111
-3.94444
-0.944444
-5.11111
-26.8889
-34.6111
-12.1111
27.8889
26.5
-8
-16.7778
19.7222
51.6111
45.6667
8.22222
-27.7222
-63.6111
-55.6667
-9.27778
43.2778
29.9444
-17.4444
-45.4444
-17.7222
3.94444
11.3889
3.83333
17.2778
24.3889
21.4444
9.22222
-26.6667
-23.7222
-15.3889
-8.66667
-15.5556
-34.1667
-27.1667
4.11111
33.6667
12.8333
-11.6111
5.33333
52.6111
67.3889
26.6667
-26.7222
-55.1667
-52.5556
-46.6111
-16.7222
20.2778
37.6111
4.33333
-45.0556
-51.5556
-28.6667
7.83333
28.0556
44.6667
38
23.2778
6.5
-47.3889
-36
-14.7222
-6.94444
-22.8333
-31.3889
-8.94444
28.2778
25.0556
-8.88889
-21
28.2778
75.3889
78.8333
13.2778
-50.5556
-76.9444
-47.5
-30.1667
-22.4444
-7.88889
28.3333
29.7222
-17.5556
-66.1667
-58.8333
-8.22222
44.3889
62.3333
46.0556
22
5.22222
-47.0556
-29.5556
-1.94444
-4.94444
-22.6111
-18
12.6667
36.1667
-1
-27.5
-18.8333
46.6111
69.6667
59.5556
-5.11111
-45.8333
-62.4444
-26.2222
-13.8889
-21.7778
-31.6111
6.05556
41.3333
27.3333
-37.1111
-65.2222
-34
31.8333
57.8333
43.9444
16.7778
3.55556
-30.7222
-14.4444
10.6667
-6.5
-17.8333
-8.77778
25.9444
27.5
-13.4444
-33.5556
-8
38.2778
44.5
26.1667
-8.38889
-15.9444
-21.5
-5.38889
-7.33333
-21.8889
-38.6111
-18.4444
26.8333
52.1667
15.5556
-24.8333
-35.3889
2.44444
23.8889
24.6111
9.22222
3.27778
-3
-0.555556
-0.833333
-28.2222
-21.2778
6.77778
35.4444
9.88889
-26.7222
-28.2778
16.6111
31.5
12.8333
-20.1667
-15.8889
11.4444
22
18.6111
3.33333
-8.83333
-29.1667
-36.7222
-8.38889
39.1667
50.7778
20.7222
-19.2222
-22.4444
-6.55556
7.88889
7.22222
4.55556
10.7778
-17.2222
-46.4444
-58
-25.2778
19.9444
26.1667
-9.77778
-26.4444
-2.38889
36.9444
17.6667
-17.3889
-45.1667
-12.5
23.5556
41.0556
32
27.5
26.1111
-0.5
-45.7778
-61.3889
-15.8333
45.1667
60.1111
18.8333
-24.4444
-30.1111
-10.7778
4.44444
6
12.7222
-46.6667
-98.3889
-80.3333
-25.5
26
9.61111
-19.7222
-15.7222
23.1667
40.6111
8.11111
-32.5
-44.2222
-8.61111
22.8333
45.6111
47.3333
59.8333
59.2778
23.6111
-47.4444
-97.9444
-79.5
3.77778
59.1111
51
-7.11111
-32.6667
-21.7222
1.72222
7.77778
-9.77778
-82.6667
-117.222
-62.2778
4.38889
24.3889
-14.3333
-31.9444
5.61111
44.8333
34.8333
-11.5
-37.7222
-26.7778
4.11111
21.6111
49.8889
66.1667
83.2222
66.7778
26.5556
-38
-100.611
-113.778
-52.1667
31.8889
64.0556
21.6111
-26.6111
-33.1111
-7.94444
7.44444
-25.9444
-78.4444
-80.3333
-11.8889
32.8889
8.72222
-31.6667
-28.4444
27.7222
45.0556
20.6111
-25.0556
-27.8889
-9.94444
14.7222
29.0556
58.1667
72.4444
61
20.7222
-5.94444
-23
-52.5556
-87
-74.0556
-8.22222
53.4444
45.9444
-2
-33.8889
-20.8889
1
-25.5
-48
-25
32.3333
40.3333
-4.38889
-32.2778
-11.5
34.0556
32.7222
8
-24.3889
-17.8333
-7.11111
10.9444
25.6111
44.1111
37.3333
0.611111
-37.7222
-31.7778
2
15.0556
-12.1667
-44.3889
-22.3889
28.9444
58.6667
26.4444
-19.5
-33.6111
-13.8333
-6.83333
-1.88889
27.7778
51.7778
20.7778
-22.8333
-24.1667
11.2222
30.2222
12.7778
-6.05556
-9.55556
-1.77778
-0.944444
3.27778
16.0556
15.1667
-9.38889
-49.7222
-61.5556
-33.0556
18.9444
57.5556
53.5
14.6111
-13.2778
2.83333
39.4444
36.5556
-4.72222
-40.3333
-32.3889
9.77778
28.3889
53.6667
42.8333
3.55556
-16.6111
5.61111
33.6667
21.7222
-0.333333
-12.1111
6.94444
7.61111
2.88889
-8.5
-7.61111
-23.9444
-50.6667
-63.5
-44.7222
-9.38889
27.9444
62.2778
75.3333
48.1667
-0.666667
-21.1667
2.61111
23.2778
5.94444
-29.7222
-40.8333
12.7222
37.8333
55.5556
31.2222
6.77778
5.61111
31.3333
37.7778
14.1667
-5.22222
-10.7222
7.77778
8
6
-5.72222
-9.11111
-25.1667
-39.9444
-39.7778
-18.1111
0.0555556
14.2778
26.5
36.5556
25.3889
-11.7222
-40.8333
-40
-10.5
4.16667
2.27778
-11.6667
9.16667
32.2778
36
14.6667
10.2778
28.1667
45
32.1111
3.05556
-10.2778
-12.5556
-3.44444
-4
0.5
2.94444
2.11111
-14.8333
-36.1111
-36.0556
-21
-4.55556
-1.94444
-0.888889
-1.77778
-3.61111
-18.5556
-31.5
-33.5556
-5.88889
19.9444
35.2778
19.7222
0.111111
6.11111
-7.11111
-11.0556
2.11111
28.7222
33.6667
16.7778
-1.55556
-4.94444
-5
-9.16667
-16.2778
-8.77778
11.0556
24.8889
10.6667
-19.0556
-30.1667
-18.5
0.944444
-3.61111
-19.2222
-36.2222
-32.5556
-25.1111
-16.5556
-11.6667
8.44444
37.6667
55.2778
48.1111
-5.72222
-17.5
-35.2222
-33.5556
-13.6111
15.8889
19.5556
8.38889
-0.722222
4.66667
8.88889
-6.33333
-25.3889
-25.1111
8.44444
30.5556
21.7222
-17.9444
-26
-10.9444
20.4444
11.1667
-10.5
-35.3889
-25.8889
-10.6111
9.83333
17.8333
32.8333
42.5556
39.8889
25.2778
-4.77778
-27.1111
-49.8889
-48.7222
-25.3889
7.38889
14.7778
11.5
13.1111
26.1111
32.1667
6.11111
-25.2778
-40.4444
-17.4444
6.77778
18.5
9
10.0556
20.0556
36.7778
20.3889
-10.2778
-38.9444
-29.1667
-10.2778
9.33333
12.2778
20.0556
23.4444
19.0556
9.83333
34.02
36.94
39.82
38.2
37.94
32.06
20.22
7.34
-1.54
-13.52
-21.52
-15.22
-3.76
5.02
16.04
30.72
37.04
33.44
27.86
21.64
12.3
3.98
0.68
-2.98
-15.5
-33.56
-51.32
-68.96
38.22
39.2
40.86
38.56
37.38
28.22
12.58
-5
-20.82
-35.02
-37.64
-26.62
-9.78
11.4
30.2
44.42
52.26
51.8
41.9
31.06
20.14
9.08
1.56
-5.26
-20.6
-42.54
-64.8
-86.84
38.3
38.84
38.86
33.58
25.54
6.74
-15.48
-32.58
-51.16
-58.74
-47.36
-30.32
-20.3
3.6
21.22
28.66
38.3
48.5
45.28
36.2
27.44
15.36
4.58
-7.3
-21.9
-39.68
-57.86
-74.72
33.2
28.06
21.24
8.06
-9.12
-29.72
-45.42
-53.18
-65.62
-60.8
-38.3
-23.86
-22.72
1.28
15.96
14.16
22.84
40.46
41.72
35.54
30.82
21.22
8.34
-7.88
-21.76
-34.98
-48.22
-58.52
11.7
-0.92
-12.56
-23.28
-40.9
-54.68
-58.62
-59.76
-67.26
-54.22
-30.74
-23.02
-22.64
-1.16
9.34
7.02
15.46
33.4
38.14
36.76
33.2
26.42
12.74
-6.6
-20.3
-29.4
-37.78
-40.74
-4.68
-13.24
-23.88
-34.9
-51.64
-60.86
-60.08
-59.98
-61.02
-45.28
-27.12
-24.58
-21.38
-4.94
2.12
1.16
6.92
20.4
27.92
32.9
34.36
31.96
19.54
-0.48
-14.58
-21.86
-25.78
-21.52
0.6
-6.06
-18.88
-35.8
-55.64
-61.36
-58.72
-55.58
-47.44
-32.7
-26.18
-26.54
-19.14
-8.76
-3.8
-0.42
3.04
5.26
11.9
21.48
29.22
32.44
24.44
7.4
-4.9
-11.46
-12.66
-0.5
17.22
7.58
-11.58
-33.78
-54.06
-54.14
-48.9
-41.74
-26.12
-14.94
-22.66
-26.22
-13.74
-5.62
-1.1
10.54
13.12
6.04
2.84
12.7
21.3
29.12
23.36
13.54
2.46
-5.84
-9.18
5.34
37.2
25.7
2.7
-20.76
-36.48
-36.66
-34.78
-27.02
-10.3
-10.48
-22.12
-22.8
-8.56
-5.04
0.68
10.04
11.58
1.64
-3.18
5.02
17.72
26.88
22.34
16.68
8.88
-0.9
-4.84
9.96
60.4
47.28
20.88
-5.28
-19.88
-25.1
-24.4
-13.72
-0.22
-9.52
-15.94
-12.42
-4.52
-4.98
3
3.94
0.96
-7.22
-9.74
-5.36
10.94
21.52
20.72
18.88
15.28
5.64
2.72
14.92
56.42
39.6
15.06
-4.7
-18.06
-23.56
-17.18
-0.28
10.3
3.58
3.6
5.44
0.1
-9.5
-6.36
-9.42
-11.96
-12.56
-9.42
-9.96
-1.24
6.32
7.32
11.48
15.96
13.76
15.08
24.84
35.74
18.96
1.08
-8.5
-19.18
-21.36
-9.36
9.28
16.68
19.96
26.6
25.3
7.84
-13.62
-23.94
-31.48
-32.18
-21.24
-7.1
-5.26
-6.98
-8.1
-8.38
-2.74
8.6
19.12
30.04
36.94
7.14
-5.62
-11.74
-12.68
-19.14
-15.98
1.26
16.04
23.18
34.6
45.66
41.66
17.52
-14.84
-37.46
-53.56
-54.16
-37.82
-12.32
-4.88
-6.9
-15.68
-15.26
-10.54
3.78
21.32
41.12
46.08
-21.66
-26.48
-21.34
-17.02
-19.58
-10.42
9.6
20.56
30.94
51.3
55.66
45.62
17.66
-20.22
-52.94
-62
-60.5
-42.14
-15.76
-3.46
-11.52
-22.88
-22.02
-14.58
0.56
25.16
49.12
53.06
-43.36
-38.36
-24.38
-17.76
-16.02
-3.7
9.94
16.76
33.62
61.7
59.04
45.66
20.74
-19.96
-62.46
-66.86
-60.68
-42.42
-18.52
-1.02
-10.78
-23.3
-27.06
-18.84
-4.14
25.08
50.22
56.1
-48.2
-37.26
-23.84
-17.44
-9.14
3.42
7.48
12.6
30.48
55.32
48.18
37.9
20.76
-11.16
-50.84
-55.48
-51.82
-40.22
-22.54
-3.82
-5.48
-11.36
-14.7
-13.3
-4.58
18.74
39.3
45.06
-54.24
-42.88
-31.24
-20.92
-3.42
6.02
6.96
13.28
27.68
39.74
32.98
25.48
13.74
-2.12
-22.92
-25.12
-26.06
-23.98
-22.82
-15.66
-12.4
-6.52
-3.1
1.22
4.8
15.42
23.52
26.7
-60.96
-50.16
-39.22
-24.74
-1.32
3.9
4.9
12.26
21.42
23.64
18.78
11.78
10.1
11.6
9.16
14.4
13.16
1.78
-17.46
-26.18
-29.48
-20.02
-9.08
3.54
8.86
13.88
14.18
14.34
-69.64
-60.04
-46.86
-25.46
-0.02
4.98
7
12.6
14.32
7.3
5.1
3.26
14.74
29.9
45.16
52.76
47.8
21.2
-13.02
-37.14
-44.54
-36.1
-19.58
0.04
9.62
8.12
3.78
2.12
-78.54
-69.84
-54.74
-28.16
-2.7
7.9
13.68
17.2
11.84
-3.3
-5.54
-1.74
15.7
41.04
72.76
83
70.2
33.22
-11.66
-50.24
-62.26
-52.6
-27.12
0.06
15.68
10.02
0.56
-7.14
-76.94
-68.68
-51.14
-28.04
-6.6
7.34
16.24
16.24
10.84
-6.26
-8.08
-2.98
14.86
40.12
75.64
85.78
72.82
36.9
-9.22
-50.62
-67.18
-60.4
-32.94
2.44
23.48
21.64
8.86
-4.24
-56.44
-45.24
-30.2
-19.02
-3.22
11.02
17.78
13.96
11.04
-3.02
-4.96
0.14
20.06
41.22
66
70.38
59.32
27.78
-8.1
-37.08
-50.2
-50.12
-29.92
-1.38
17.42
17.6
8.52
-5.22
-23.58
-11.18
-2.56
1.9
12.42
23.98
23.88
18.24
13.86
-0.98
-4.88
1.5
13.94
25.96
40.34
35.62
21.18
3.34
-12.02
-24.24
-25.74
-21.14
-10
4.08
14.62
12.22
2.3
-11.8
11.5
20.52
18.6
16.56
21.5
27.38
21.96
17.3
11.38
0.48
-1.76
1.98
1.5
5.84
6.14
-8.5
-21.82
-22.2
-19.28
-14.58
-5.98
3.24
8.58
9.68
11.56
11.72
4.74
-7.4
38.62
40.88
32.96
29.04
28.98
25.22
17.22
11.6
3
-1.98
-0.38
-1.38
-8.34
-8.94
-21.96
-44.26
-48.46
-35.12
-17.94
2.48
19.76
25.52
22.08
12.18
6.12
7.1
6.8
1.48
45.96
45.4
39.3
42.68
42.3
32.82
24.8
16.8
2.7
-1.26
1.54
-0.64
-6.82
-7.48
-23.86
-46.12
-48.46
-35.08
-17.2
3.6
19.74
18.78
9.62
-5.44
-12.8
-11.7
-1.66
2.76
36.66
33.16
31.8
46.24
46.2
37.06
30.04
20.22
1.38
-4.92
-4.34
-8.24
-14.88
-16.62
-29.14
-47.64
-47.92
-36.18
-21.12
-7.54
4.28
1.52
-4.28
-14.4
-14.38
-6.18
10.14
18.68
10.6
6.04
9.62
29.2
32.8
29.46
26.72
17.08
-2.36
-9.62
-11.84
-17.3
-19.34
-16.9
-21.98
-30.16
-24.66
-18.12
-11.3
-8.2
-7.02
-17.42
-20.98
-23.3
-15.48
1.46
25
38.12