0
0
0
0
0
0
0
0
0
0
0
0
0
0
0
0
0
0
0
0
0
0
0
0
0
0
0
0
0
0
0
0
0
0
0
0
0
0
0
0
0
0
0
0
0
-4.125
-9.75
-21.5
-35
-44.625
-48.625
-51.375
-48.75
-42.25
-36.125
-21.875
-11
-3.75
-0.25
0
0
0
0
0
0
0
0
0
0
0
0
0
0
0
0
0
-0.25
-5.875
-19.625
-40.625
-63.625
-87.75
-104.875
-115
-118.375
-120.5
-117.75
-111.125
-104.875
-87.25
-64.5
-41.5
-21.125
-6.875
-1.5
0
0
0
0
0
0
0
0
0
0
0
0
0
0
-3.75
-18.875
-42.125
-72.875
-99.25
-113.75
-114.375
-105
-96.125
-91.25
-87.875
-90.25
-96.375
-102.375
-113
-112.125
-101.625
-75.25
-44.75
-21.875
-5
-0.625
0
0
0
0
0
0
0
0
0
0
-0.25
-4.75
-26.5
-58.25
-87.125
-103.125
-95.25
-75.625
-52
-35.875
-25.875
-21.625
-19.5
-22.125
-28.875
-35.5
-52.625
-75.125
-95.75
-103.625
-93.5
-65.5
-34.25
-11.875
-1.5
0
0
0
0
0
0
0
0
-1
-9.5
-32.25
-63.625
-82
-84.75
-66
-33.875
-5.5
18
36.25
51
57.125
59.875
57.75
51
38.125
19.25
-5
-31.75
-65
-88.125
-89.75
-73.5
-42.5
-15.5
-1.75
0
0
0
0
0
0
0
-9.5
-35.5
-66.625
-79.25
-72.75
-45.625
-5.75
24.75
54.625
83
106.625
121.625
127.125
130.5
128.5
122.5
109.625
86.625
59.25
29.75
-2.25
-37.25
-68.5
-79.625
-68.375
-43.25
-15
-5.5
-5
-5
0
0
0
-4.25
-29.625
-56.625
-68.75
-64.5
-33.75
9.125
48
80.5
101.375
108.875
102.75
89.75
82.75
79.375
81.25
87.5
99.375
107.5
104.5
84.625
53.875
18.25
-22.5
-56.25
-65.875
-58.625
-37.375
-14.25
-5.75
-5.5
0
0
-2.5
-23.875
-49.5
-58.125
-55.25
-29.25
19.625
59.5
84.625
97
82.25
56.75
34.125
19.25
12.875
9.5
11.375
17.5
30.75
53.125
79
94.75
85.875
61.5
25.75
-19.5
-49.625
-53.5
-48.375
-23.375
1
4.5
0
0
-13.25
-43.375
-51.625
-51
-34.125
19
56.125
74.125
78.5
56.5
27.625
9
1
0
0
0
0
0.125
1
8.125
23.625
52.25
75.25
73.5
57.75
23.875
-24.875
-46.75
-47.25
-37.375
-11.75
4.75
0
-2.625
-27.75
-40.75
-40.25
-37.625
5.625
48.125
59.375
61.75
43.625
14.125
2.375
0
0
0
0
0
0
0
0
0.125
1.375
12.75
40.875
63
62.125
50.875
13
-36.25
-41.375
-41
-31.25
-4.25
0
-10.125
-31
-31.125
-31.375
-13.625
34.875
47.125
47.625
40
12.375
0.25
0
0
0
0
0
0
0
0
0
0
0
0.25
11.375
40.375
48.875
47.875
36
-10.5
-33.375
-32.625
-31.875
-14.375
0
-19
-25.875
-26.25
-27.25
15.875
39.875
40.5
41.5
17.375
0.25
0
0
0
0
0
0
-0.125
-1.375
-2.125
-3.375
-5.375
-15.5
-24.25
-23.25
-8.25
26.875
35.75
35.625
18.5
-27.375
-27.625
-27.25
-23
-3.125
-24
-24.375
-24.5
-19.875
27.25
31.25
31.375
29.875
2.25
-2.5
-3.25
-8.25
-7.375
-6.25
-5.5
-0.5
-1.375
-6.125
-9.375
-11.75
-12.75
-19.5
-25.875
-24
-21.125
16.375
30.25
30.5
29.25
-14.25
-22.625
-22.375
-21.625
-6.875
-19.5
-19.5
-19.375
-0.5
22.75
22.625
19
4.75
-11.25
-14.125
-12.375
-15.375
-12.75
-10
-8.25
-3.25
-9
-11.25
-13.5
-14
-4.5
8.625
20.125
8.125
0.875
0.75
5.625
17.875
23.75
5.75
-14.625
-14.125
-13.75
-6
-9.625
-9.625
-10.125
17
21.625
19.5
14.875
-8.5
-12.125
-10.75
-5.875
1.125
2
-1.375
-1.125
-6.75
-30.75
-43.875
-65.75
-89.625
-89.25
-88.125
-83.625
-98.5
-93.125
-76.875
-39.875
-1.25
18.625
16.5
-10.25
-9.25
-9.125
-4.625
-4.625
-4.625
-5.625
15.75
15.875
9.5
6.75
-15.75
-22
-30.625
-44.125
-52.25
-62.25
-68.875
-52
-39.75
-61
-84.125
-132.125
-181.75
-197
-205.375
-210.375
-199.75
-172.125
-119.875
-52.5
-13
12
12.875
-10.875
-9.75
-9.75
-3.125
-2.625
-2.5
-3.125
6.5
6
-8.25
-26.125
-56.375
-81.75
-101.5
-118.625
-131.25
-140.375
-138.125
-103.625
-68.75
-56.125
-53
-76.5
-97.75
-96.75
-86.75
-75.875
-51.375
-33.25
-15.25
2.625
0.375
3.125
3.5
-7.875
-7.375
-7.375
0.5
0.375
0.625
0.625
-1.375
-1.25
-17
-46.125
-72.625
-96.625
-98.125
-84
-69.875
-58.375
-47
-32.625
-18
16.625
38.125
67.125
96.75
106.625
125.375
136.625
136.125
122.75
88.625
44.75
15
-3.875
-5.125
-0.5
-0.625
-0.375
4.75
4.375
4.5
5
-10.75
-10.5
-5.125
-4.625
14
25.875
38.875
58.125
71.625
82.25
74.25
54.875
36.125
59.375
76.25
125.125
172.625
175.625
194.375
185.375
161.25
129
83.75
29.75
4.125
-12.75
-14.25
6
5.875
6.375
7.375
8.625
8.5
9.375
-17.625
-19.375
2.125
19.625
74.875
110.875
124.5
140.125
137.5
132.375
109.25
76.25
44.375
35.625
42.125
64.125
85.875
86
86.875
77.875
79
69.875
50.625
17.25
-6.5
-19.375
-19.625
10.125
9.875
10.125
6.5
14.125
14
14.875
-9.375
-22.25
-11.5
-3.5
32.625
55.5
62.125
69.625
66.75
63.375
71.25
55.125
39.625
28.75
26.75
26.5
26.5
23.125
0
0
12.625
19.25
12.75
-2.5
-14.25
-20.875
-12
12.25
11.375
11.375
3.625
21.5
21.75
22.125
11.5
-23.125
-22.75
-5.125
2.25
19
18.375
0.375
0
1
16.625
16.625
16.625
17.875
16.5
16.5
16.5
14.25
0
0
0
-0.125
-21.625
-26.75
-25.875
-25.375
9.625
20.5
19.625
19.25
1
22.75
25.5
25.5
24.625
-21.625
-33.125
-19.375
-19.5
5
13.75
0
0
0.125
0.25
0.25
0.25
0.125
0
0
0
0
0
0
0
-11.625
-38.625
-38.125
-37.875
-24.625
27.5
29.5
29.25
27.625
0
14.375
29.375
29.625
30.5
-1.375
-41.25
-48.625
-49.5
-32
-7.125
0
0
0
0
0
0
0
0
0
0
0
0
0
-9
-38
-51.25
-50.375
-41.25
-0.125
33.625
33.125
33
20.875
0
5.125
31.875
37.375
37.625
28
-23.125
-51.5
-59.5
-55
-30.625
-7.75
0
0
0
0
0
0
0
0
0
0
-0.125
-9.75
-35.875
-59.75
-60.875
-51
-22.5
27.625
36.75
36.5
34.125
7.875
0
0.875
19.625
39.375
41.25
40.5
12.125
-33.625
-60.125
-70
-62.25
-36.25
-11.625
-1.875
0
0
0
0
0
0
0
-3
-14.625
-42.125
-68
-71.375
-59.375
-31.625
11.625
40
41
40.75
23.375
1.375
0
0
4.875
31.25
47.25
48.25
41.875
3.875
-38.5
-66.625
-82.375
-79.625
-57.625
-31.875
-15.5
-7.25
-3.375
-3
-3.75
-8.375
-17.75
-36.75
-64.375
-85
-84.25
-64
-35.125
5.625
45.25
52.75
53.125
38.25
7.75
0
0
0
0.375
14.75
44
59.5
61.25
45.5
6.5
-34
-66.875
-91.875
-104
-95.75
-77.875
-62
-50.625
-48
-53.625
-66.125
-83.25
-100.5
-105.75
-90.5
-63
-31.375
6.625
46.375
64.375
65.25
51
19
1.125
0
0
0
0
2.5
20.625
50.875
68.25
73.875
55.25
17.75
-16.75
-50.75
-80.75
-104.75
-116.25
-117.125
-113.625
-112.125
-116.375
-119.75
-118.125
-103.25
-76.125
-46.125
-17
13.125
51.375
71.875
70.625
55.375
22.875
2.5
0
0
0
0
0
0
3
22.125
52
77.375
87.125
74.125
42.75
9.375
-16
-39.625
-60.125
-76.625
-88.625
-92.25
-87
-75.375
-58.875
-39.25
-20.375
5.125
33.625
68
86.625
77
56.625
23.75
3
0
0
0
0
0
0
0
0
3.125
20.5
46.75
77.25
96.75
92.625
76.5
49
25.25
8.125
-11
-24.625
-27.125
-22.875
-12.125
3.125
18.875
37.375
66.625
92.875
100.75
84.75
53.75
22.875
2.875
0
0
0
0
0
0
0
0
0
0
2.5
11.625
33.25
61.75
87.625
99.5
92.25
79.25
60.125
50.375
44.125
39.75
42.25
41.5
46.125
60.875
78
86.25
84.25
56.625
22.875
0.25
-15.25
-17.5
-17.875
-14.375
-9.625
-5.625
0
0
0
0
0
0
0
0.125
4.25
16
31.375
44.125
54.5
59.75
63.25
63.75
64
54.375
43.25
39.125
26.25
29.25
21.125
-4.75
-18.25
-48.75
-59.5
-61.125
-69.75
-69.625
-79.375
-71.625
-51.625
-32.5
0
0
0
0
0
0
0
0
0
0
0
0
0
0
0
0
0
0
0
0
0
0
0
0
0
0
0
0
0
0
0
0
0
0
0
0
0
0
0
0
0
0
0
0
0
-4.125
-9.75
-13.25
-15.5
-9.875
1.875
3.125
-2
6
14.625
14.375
10.5
3.75
0.25
0
0
0
0
0
0
0
0
0
0
0
0
0
0
0
0
0
-0.25
-5.875
-19.125
-28.875
-24.875
-18.25
-16.375
-9
2.875
3.5
-2.25
5.875
15.125
18
25.25
27.75
18.125
6.875
1.5
0
0
0
0
0
0
0
0
0
0
0
0
0
0
-3.75
-18.875
-34.625
-35.125
-30.75
-25.25
-19.125
-16.5
-8.875
3
3.625
-2.25
6.125
15.375
18
25.125
29.625
33.25
34.75
20.625
5
0.625
0
0
0
0
0
0
0
0
0
0
-0.25
-4.75
-26
-49.25
-46.375
-34.375
-31.25
-26.125
-19.75
-16.625
-8.625
3.875
4
-3.125
5.375
15.5
18.625
25.625
29.75
32.625
41.75
44.75
31.25
11.875
1.5
0
0
0
0
0
0
0
0
-1
-9.5
-30.25
-52.125
-57.25
-45.75
-34.75
-25.875
-6
12.75
14.75
10.5
6.375
1.375
-4
-9
-14.625
-15.25
2.25
23.25
33
41.625
49.5
52.5
40.25
15.5
1.75
0
0
0
0
0
0
0
-9.5
-36
-57.125
-60.25
-56.5
-39.125
-5
23.75
32.375
26.75
16.625
9.625
5.375
1
-3.75
-9
-16.125
-26.625
-32.75
-25
1
31.75
48.25
58.125
62.125
43.75
15
-3
-5
3.5
0
0
0
-4.25
-31.625
-67.125
-70
-56.5
-32.25
11.125
38
39.5
35.125
27.625
16.75
9.5
5.25
0.875
-3.75
-9.25
-16.375
-26.75
-34
-39.125
-41.375
-18.75
22.75
53
70.875
70.625
40.375
4.75
-5.25
4
0
0
-2.5
-23.875
-63.5
-81.875
-66
-29.25
21.125
52.25
49.375
40.25
36
28.25
16.875
9.25
4.375
0.5
-2.875
-8.5
-16.5
-27.375
-34.5
-39.5
-51.875
-54
-25.25
20.5
60.375
83.75
71.375
24.875
-2
4
0
0
-13.25
-51.875
-86.375
-79.5
-36.875
18
59.875
65.375
50
39
25.625
9
1
0
0
0
0
-0.125
-1
-7.875
-21.625
-36.75
-52.75
-66.25
-59.75
-23.625
27.375
74.25
90
54.875
12.25
4.75
0
-2.625
-32.75
-83.25
-92.75
-53.625
3.375
57.125
80.375
68.25
39.375
14.125
2.375
0
0
0
0
0
0
0
0
-0.125
-1.375
-12.5
-38.625
-64
-77.375
-62.625
-12
45.75
90.625
88.25
38.25
5.25
0
-10.125
-57.5
-106.125
-80.875
-15.375
41.375
84.625
84.625
46.75
12.375
0.25
0
0
0
0
0
0
0
0
0
0
0
-0.25
-11.375
-41.375
-81.125
-90.625
-46.75
12.25
72.375
104.125
66.875
15.875
0
-24.25
-86.375
-107
-53
15.375
76.625
98.5
62.5
17.375
0.25
0
0
0
0
0
0
-0.125
-1.375
-1.875
-0.625
-1.375
-11.5
-17.5
3.25
7.25
-47.875
-102
-81.875
-19.25
43.125
102.375
96
32.5
-3.125
-44.25
-106.625
-93.5
-27.625
41.25
105.5
92.875
31.875
2.25
-2.5
-0.5
-3.25
-3.625
5.25
5.5
0.5
-1.375
-6.125
-6.625
0.5
3.25
-8.25
-16.375
3.75
19.625
-18.375
-92.75
-108.25
-45
19.75
87.375
112.875
51.875
-6.875
-62.75
-118
-75.625
-3.75
68.25
117.625
66.5
5.25
-4
-2.625
2.875
1.375
-3.25
4
7.75
2.75
-8.75
-13.5
0.25
6.75
2.25
-8.375
-15.375
-8.125
1.875
6.25
-47.875
-110.125
-72.5
-3.75
71.125
123.125
69.25
-12.25
-77.875
-122.375
-60.875
19.25
92.125
112.25
39.375
-4.25
-0.375
-1
2.875
1.375
-3.25
0.125
3.875
6
-25.25
-54.375
-25.75
-2.625
-4.5
-11.375
-16.125
-8
14.625
55.375
16.875
-92.25
-97.125
-23.25
58.75
122
82.625
-18.375
-86.875
-119.125
-52.375
36.75
108.625
94
13.25
-14.25
-9.75
-16.875
-14.625
-7.25
-4.25
1.375
23.5
41.25
-34.25
-104.375
-49.875
-2.75
-3.5
0.125
1.625
-11.5
3.875
82.125
74.5
-62
-112.25
-38.125
49.625
115
92.75
-21.375
-90.125
-116.25
-49.625
48.75
121.75
70.5
-29.125
-38.625
-14.5
-14
-13.625
-3.5
-0.625
-4.375
34.875
74.5
-38.375
-144.25
-68
-3.25
-6
1.75
11.875
3.875
19.75
101.25
100.875
-46.875
-122.125
-47.75
43.875
109.875
99.125
-22.5
-91.125
-114.875
-48.875
50.875
124.75
58
-56.875
-59.125
-18.875
-12.375
-15
-5.125
3.625
5.5
51.625
95.25
-22.125
-146.625
-82.625
0.5
3.875
1.875
10.875
3.125
19
99.875
101
-46.5
-122.875
-47.875
40.75
106.625
102.875
-19.75
-88.375
-117.5
-51.25
43.75
117
66.375
-50.625
-63.5
-18.125
-9.375
-14.625
-5.125
2.75
-7
40.875
108.375
7.625
-122.25
-68.625
26.375
24.875
4.875
11.625
3
6.25
60.75
51
-70.375
-114.25
-39.5
43.75
110.875
100.125
-14.625
-82.125
-121.5
-56.875
29.375
102.125
83.625
-40.125
-67.625
5.125
20.25
2.875
3.5
3.625
-8.5
21.25
73.375
16.875
-70.875
-42.625
27.125
25.25
4.875
11.375
3
-3.375
24.125
-7.25
-101.5
-99.875
-26.125
50.625
118.875
93.125
-8.5
-69.875
-121.5
-68.375
9.125
81.5
104.5
9.5
-38.375
11.25
19.875
2.375
3
3.625
-8
4.375
39.625
22.25
-26.25
-19.75
26.5
23.125
0
0
-12.625
-19.25
-1
-44.5
-115.25
-79.625
-10.75
61
125.625
82.375
-3.625
-52
-113.25
-85.625
-15.25
56.875
113.75
62.125
0
18.25
18.375
0.375
0
-1
-16.625
-14.625
16.625
13.375
-16.5
-12
16.5
14.25
0
0
0
-0.125
-22.875
-89.75
-115.875
-52.625
10.625
78.75
121.625
63.75
-1
-33
-97
-101.75
-39.625
30.625
93.375
81.375
30.5
22.75
13.75
0
0
-0.125
-0.25
0
0.25
0.125
0
0
0
0
0
0
0
-11.625
-52.125
-100.375
-90.375
-28.625
32
97.25
108
43.375
0
-16.125
-69.375
-105.625
-68.25
0.625
60.75
89.125
69.75
32
7.125
0
0
0
0
0
0
0
0
0
0
0
0
0
-9
-38.25
-77.75
-90.625
-55.25
-0.125
60.375
105.375
81.25
23.625
0
-5.125
-41.625
-94.625
-90.125
-33
25.375
67.75
75.75
57.25
30.625
7.75
0
0
0
0
0
0
0
0
0
0
-0.125
-9.75
-35.625
-63.5
-80.125
-66.25
-23.25
29.375
89.5
102.25
49.625
7.875
0
-0.875
-20.375
-67.125
-94.5
-67.75
-13.875
36.125
63.875
65.25
53.25
32.5
11.625
1.875
0
0
0
0
0
0
0
-3
-14.625
-36.125
-56.75
-69.375
-63.625
-32.125
11.625
63.25
97.75
76
25.625
1.375
0
0
-4.875
-36.25
-78.75
-83.75
-52.125
-5.375
36.5
56.375
54.875
42.875
31.125
20.375
11
4.25
1.125
0
-1.5
-5.375
-12.5
-23
-34.375
-44.75
-57
-57.5
-34.625
6.125
50
82.75
83.375
43.25
7.75
0
0
0
-0.375
-14.75
-49.25
-74.25
-71
-45.5
-6
31
47.625
42.625
30.75
22.25
18.625
15.25
8.625
-1.25
-11.625
-16.875
-18
-23.5
-33.75
-44.75
-48.25
-30.875
6.125
46.875
70.625
74.75
54.75
19
1.125
0
0
0
0
-2.5
-20.625
-52.125
-68
-58.375
-41
-17.25
16.5
35
30.25
22
18.5
14.875
8.375
-1.375
-11.875
-17
-17.875
-23.25
-33.625
-35.625
-18.5
13.625
44.375
63.375
70.625
56.125
22.875
2.5
0
0
0
0
0
0
-3
-22.125
-51
-56.375
-45.625
-40.875
-30.5
-8.125
13
20.125
18.375
14.125
7.625
-1.75
-12
-17.625
-19.125
-21
-16.625
7.125
31.375
39.25
49.125
63.5
55.375
23.75
3
0
0
0
0
0
0
0
0
-3.125
-20.5
-40.75
-44.75
-41
-36.375
-30
-24.5
-18.25
-3.125
6.5
-0.125
-4.125
-4.375
-6.875
-1.125
14.125
25.875
31.875
36.625
39.5
49.5
49.25
22.875
2.875
0
0
0
0
0
0
0
0
0
0
-2.5
-11.625
-28.25
-38.75
-37.875
-37.25
-33.75
-20
-11.125
-11.625
-7.375
-2.25
2.75
1.5
-1.875
15.375
36.5
40.5
38.5
39.125
33.625
16.25
2.75
0
-0.625
3.125
8.875
5.625
0
0
0
0
0
0
0
-0.125
-4.25
-15.75
-34.375
-47.375
-47
-36.5
-12.75
-7.5
-22.5
-15.625
-1
4.375
4.5
24
49.375
35.75
29.25
25.75
7.5
3.625
-7.25
-10.875
-2.375
8.875
30.125
30.25
0
0
0
0
0
0
-0.111111
-2.61111
-8.72222
-18.0556
-28.3889
-41.6111
-55.2222
-66.5556
-72.2778
-77.1111
-79.2778
-76.9444
-72.2778
-64.7778
-55.3333
-41.8333
-29.3333
-18.4444
-9.38889
-3.05556
-0.666667
0
0
0
0
0
0
0
0
0
0
-1.66667
-8.38889
-18.7222
-32.3889
-49.4444
-67.6111
-87
-101.778
-113.111
-119
-123.944
-126
-123.556
-118.833
-111.222
-101.833
-87.3333
-69.0556
-50.7222
-33.9444
-19.8889
-9.72222
-2.22222
-0.277778
0
0
0
0
0
0
-0.111111
-2.11111
-11.7778
-26.1111
-44.0556
-65.3889
-86.4444
-105.5
-114.278
-117.333
-116.556
-113.833
-109.611
-107
-108.611
-112.667
-117.056
-116.333
-114.611
-106.111
-90.6667
-69.8889
-48.3333
-30.4444
-15.2222
-5.27778
-0.666667
0
0
0
0
-0.444444
-4.22222
-14.3333
-31.6111
-53.4444
-74.1111
-90.5556
-100.056
-99.1111
-86.8333
-68.2222
-50.2222
-37.7778
-27.0556
-23.1111
-26.4444
-36.1111
-50.5
-67
-86.1111
-98.5556
-102.778
-96
-79.7222
-58.7778
-37.1111
-19.4444
-6.88889
-0.777778
0
0
0
-4.22222
-16
-33.8333
-55.4444
-71.8889
-84.1111
-85.2222
-71.7222
-47.3889
-15.1111
13.6667
38.8889
55.2222
66.6111
70.3333
66.7222
56.5556
38.8333
16.1111
-12.9444
-44.7222
-71.6111
-87.6667
-89.0556
-77.8889
-61.9444
-40.3889
-22.4444
-8.88889
-2.77778
0
-1.88889
-14.0556
-33.3889
-55
-68.5556
-74.8889
-71.0556
-48.8889
-14.1111
27.2778
61.9444
90.3889
110.778
122.722
129.611
131
129.5
123.556
111.778
93
65.2222
30.7222
-7.83333
-44.3333
-68.8333
-76.1111
-70.7778
-57.4444
-40.6111
-20.6111
-6.66667
-1.11111
-10.6111
-29.5556
-49.2778
-62.5556
-66.1667
-56.1667
-31.7778
6.61111
48.5
81.2778
103.111
111.167
112.778
109.611
104.167
102.389
103.333
107.944
111.667
111.833
104.444
84
53.9444
15.2222
-25.1111
-53.1667
-64.0556
-61.3333
-52.5556
-35.7222
-15.6111
-5.88889
-23.0556
-42.1667
-53.6667
-57.5
-47.5556
-23.7222
14.9444
53.0556
79.8889
95.3889
95.8333
87.0556
74.2222
63.7778
57.3333
55.6667
56.8333
62.2778
72.3333
85.1111
94.6111
95.3889
82.9444
58.7778
22.8889
-16.6111
-42.5556
-53.6667
-51.1111
-41.2222
-24.0556
-14.5556
-35.5556
-46.4444
-50.2222
-42.1111
-23.1111
10.8333
47.8333
70.0556
81.3889
77.0556
61.7778
42.5
27.4444
17.0556
10.5556
8.88889
10
15.5556
25.7222
39.5
59
75.2222
81.5556
72.6667
52.2778
18.7778
-16.6667
-37.1111
-45
-42.6111
-33.3333
-23.3333
-36.8333
-40.6667
-37.0556
-21.2778
4
35.8889
57.6667
65.0556
61.8889
46.1111
25.3333
12.2778
4
0.444444
0
0
0.0555556
0.444444
3.61111
10.5
23.5
43.7778
61.4444
64.5
58.7222
40.2778
7.61111
-19.7222
-35.3333
-38.4444
-35.8333
-27.7222
-33.6111
-33.7778
-23
-2.94444
21.1667
43.3333
50.2778
50.4444
39.6667
19.6111
6.27778
1.05556
0
0
-0.0555556
-0.611111
-0.944444
-1.5
-2.38889
-6.88889
-6
7.05556
28.0556
39.8889
40.5
40.4444
24.1667
-1.72222
-22.5556
-33.8333
-33.5556
-26.9444
-27.1667
-26.7778
-8.38889
8.5
29.8333
39.5556
39.1667
38.2778
19.5556
1.83333
-3.77778
-3.88889
-3.27778
-2.77778
-3.05556
-2.94444
-4.16667
-5.22222
-6.27778
-11.3889
-14.9444
-8.11111
6.77778
26.0556
28.4444
33.0556
29
6.94444
-8.33333
-26.5556
-27.8889
-23.1111
-23.2222
-18.5
0.944444
11.5556
27.1111
29.1667
26.8889
20.8333
0.611111
-9.27778
-9.05556
-8.16667
-5.77778
-4.55556
-7.66667
-7.55556
-8
-9.33333
-10.7778
-16.0556
-16.5
-20.2778
-15.6667
5.22222
12.8889
17.8889
20.0556
10.8333
4.33333
-15.1111
-21.3333
-17.7222
-17.9444
-6.72222
5.72222
11.8333
21.6667
20.8333
18.6667
6.11111
-7.11111
-10.1111
-9.05556
-9.88889
-7.5
-6.55556
-18.3333
-26.7778
-37.5
-47.6667
-59.1667
-66.0556
-61.3333
-68.1667
-65
-41.1667
-17.3889
-10.7222
-3.27778
5.16667
7.88889
-3.94444
-16.2222
-11.2222
-11.6667
4.27778
9.11111
11.5556
12.6111
8.05556
2.22222
-22.0556
-35.4444
-38.8889
-43.2778
-48.5556
-42.4444
-35.0556
-49.6111
-62.7778
-75.2222
-88.3889
-111.444
-129.611
-126.111
-136.167
-131
-103.722
-65.2778
-47
-27.6111
-1.61111
7.44444
3.16667
-12.0556
-6.05556
-6.72222
7.44444
7.88889
4.61111
-3.72222
-14.3333
-24.3333
-53.0556
-69
-74.8889
-80.3333
-87.2778
-77.1111
-63.7778
-74.9444
-90.8889
-107.167
-122.056
-153.667
-179.556
-178.611
-171.611
-154
-121.944
-77.6667
-51.3889
-25.6667
-3.55556
2.27778
2.61111
-9.55556
-2
-2.5
4.77778
4.83333
-3.83333
-20.2778
-38.9444
-56.9444
-86.4444
-109.278
-119.278
-124
-123.833
-105.944
-84.3889
-71.2778
-65.5
-54.2222
-45.4444
-54
-61.5
-57.8889
-47.6667
-41.8889
-32.5
-18.7222
-11.0556
-5.16667
-0.722222
-1.77778
-1.55556
-6.16667
0.888889
0.833333
-1.16667
-1.22222
-9
-22.2778
-34.0556
-42.8889
-47.6111
-53.7778
-52.7778
-44.4444
-42.1111
-33.5
-26.3333
-8
-1.11111
16.6667
39.8333
54.7222
69.9444
75.5
93.8333
91.9444
78.2778
59.2778
43.5
25.6667
6.05556
-4.77778
-5
-0.611111
4.55556
5
-5.55556
-5.77778
-6.55556
-11.9444
-8.61111
-3.83333
14.9444
24.1667
30.2778
45.1111
48.0556
43.2222
36.3333
56.3889
68.8333
92
119.5
152.667
183.833
184.833
186.389
166.944
133.5
87.9444
55.6111
25.1667
1.27778
-6.88889
-7.27778
4.72222
9.22222
9.94444
-5.38889
-7.83333
-2.33333
5.11111
24.5
44.6667
83.5556
109.556
121.222
132.444
126.333
106.056
83.5556
81.2778
78.1667
78.3889
87.2778
108.278
127.722
124.556
127.167
118.222
93.5556
56.7222
36.6667
18.3889
-3.55556
-8.05556
-5.55556
9.66667
14.7222
15.3889
1.11111
-6.66667
-2.33333
0.5
16.6667
31.7778
61.6111
84.5
89.2222
91.5556
94.4444
79.1111
64.0556
60.5556
66.7222
62.6667
53.7778
63
71.0556
65.6667
55.5
50.8333
30.9444
8.38889
0.444444
-5.77778
-10.5
-8.05556
1.66667
14.5556
20.2222
20.6667
12.3889
-2.88889
-5.77778
-4.83333
2.11111
9.5
25.4444
48
54
44.2778
47.3889
39.6667
32
26.2222
29.6111
23.1667
11.8889
11.7778
11.7778
10.2778
5.61111
3.38889
-14.0556
-20.8333
-20.1667
-19.3889
-11.7778
-3.66667
13.7778
20.5556
25.7778
26
23.5
5.05556
-7.33333
-19.8333
-26.5
-26.7222
-24.2222
-5.77778
5
0.611111
7.38889
7.38889
7.38889
8.38889
14.7222
14.2778
7.33333
7.33333
7.33333
6.33333
-4
-17
-36.7222
-38.4444
-38.0556
-32.3889
-9.33333
6.55556
26.2778
28
28.0556
30.5556
30.7778
15.5
-3.61111
-21.1111
-38.7222
-41.2222
-41.4444
-26.1667
-7.5
-3.38889
0.111111
0.111111
0.111111
0.111111
0.111111
0.0555556
0
0
-0.0555556
-4.33333
-15.9444
-36.7778
-50.2222
-49.7778
-48.5
-31.3889
-2.83333
19.1111
32.5556
32.1111
26.6667
35.6111
36.8889
29.3889
10.8889
-14.1667
-44.6111
-57.8889
-60
-52.5
-34
-16.1111
-5.16667
-0.833333
0
0
0
0
0
-1.33333
-6.5
-18.7222
-38.2222
-56.6667
-62.2222
-60.3889
-47.4444
-15.6667
14.1667
32.7778
38.3333
37.8333
18.1667
34.6111
41.7778
40.1667
28.1111
6.66667
-27.8333
-56.3333
-71.1667
-73.5
-63.3889
-44.8333
-26.6111
-14.8333
-7.38889
-3.88889
-2.66667
-4.38889
-8.38889
-17
-29.8889
-49.5
-68.0556
-76.3333
-72.6667
-57.0556
-28.3333
9.27778
32.0556
42.6667
43.3889
36.6667
9.05556
28.3889
43.1111
50
46.6667
33.3889
5.38889
-33.7222
-63.7778
-82.3889
-88.7778
-83.3333
-69.7222
-54.6111
-43.9444
-38.5
-37
-39.7778
-46.3333
-58.2778
-74.3889
-87.4444
-91.0556
-83.4444
-64.6667
-33.6111
8.55556
38.6667
51.1111
53.7222
47.2222
32.7778
2.16667
16.1111
36.6667
51.1667
58.1111
56.6667
42.3889
9.77778
-32.0556
-65.9444
-90.3333
-104
-105.389
-99.1667
-90.3333
-85.0556
-83.6667
-86.6111
-93.1667
-102.444
-108.389
-105.722
-91.9444
-67
-32.8333
10.9444
45.1111
60
62.2778
55.3889
41.2778
19.2222
0.166667
6.55556
22.2222
43.3333
58.7222
69.2778
70.5
55.7222
24.8889
-15.3333
-51.8889
-83.8889
-105.722
-117
-121.667
-123.611
-124.889
-124.944
-123.889
-119
-108.611
-85.3889
-53.9444
-17.7222
23.8889
55.5556
72.9444
71.2778
62.2778
47.5556
25.3333
8.44444
0
1.11111
9.16667
25.3889
46.3333
65.3333
78.5
84.3889
74.6667
51.5556
18.4444
-15.7778
-45.8333
-72.1111
-90.5
-100.444
-103.056
-100.389
-92.6111
-74.6111
-48.7778
-18.3889
13.3333
48.3333
74.4444
84.7778
80.1111
66.5556
49.6111
27.1667
10.1667
1.11111
0
0
1.33333
9.83333
25.3333
44.6111
65.8333
83.6111
94.2778
91.6111
77
56.9444
30.1111
6.44444
-12.9444
-23.2222
-26.3333
-26.8889
-19.5556
-3.22222
18.8333
43.1667
65.1667
81.3889
86.7222
75.8889
59.1111
37.4444
15.3333
0.277778
-6.77778
-6.38889
0
0
0
1.38889
9.11111
20.8889
38.1111
58.5
76.9444
90.0556
91.1667
86.5556
76.6111
57.5556
39.6667
27.2222
22.5
21.5
19.7222
34.6111
48.9444
55.3333
60.0556
53.8333
44.6667
20.3333
-3.55556
-20.8889
-39
-43.6111
-40.0556
-32.3333
0
0
0
0
0
0
-0.111111
-2.61111
-8.72222
-17.8333
-23.1667
-24.1667
-19.3333
-15
-6.5
-2.55556
2.27778
1.83333
7.38889
12.2222
19.7778
23.0556
23.2222
17.1111
9.38889
3.05556
0.666667
0
0
0
0
0
0
0
0
0
0
-1.66667
-8.38889
-18.7222
-29.0556
-32.6667
-30.1667
-25.5556
-19.6667
-15.3333
-6.44444
-2.5
2.44444
1.88889
7.61111
12.3333
19.8333
23.8889
29.8333
31.2778
29.5
19.3333
9.72222
2.22222
0.277778
0
0
0
0
0
0
-0.111111
-2.11111
-11.7778
-25.8889
-39.8333
-41.8333
-38.1111
-30.2778
-26.1667
-20.2222
-15.4444
-6.16667
-2.05556
2.55556
1.5
7.22222
12.2778
20.2222
24.2778
29.7778
34.4444
39.6667
37.7778
29.1111
15.2222
5.27778
0.666667
0
0
0
0
-0.444444
-4.22222
-14.3333
-30.7222
-45.2222
-50.6667
-45.6667
-37.2778
-25.8889
-16.3889
-5.22222
-1.55556
4.11111
2.61111
3.22222
-2.11111
-2
-1.61111
4.77778
12.8889
24.4444
33.2222
42.1111
46.9444
46.3333
35.5556
19.4444
6.88889
0.777778
0
0
0
-4.22222
-16
-33.8333
-50.3333
-56.6667
-53.8889
-40.8889
-25.2778
-7.16667
1.77778
6
2.44444
4.55556
2.61111
3.22222
-2.16667
-2.44444
-5.16667
-5
-4.05556
5.94444
19.5
36.1111
48.0556
56.2222
53.0556
39.8333
18.6667
4.44444
-1.66667
0
-1.88889
-14.0556
-33.6111
-55.4444
-64
-59.8889
-44.5
-23.5556
-3.66667
11.2778
17.5
18.9444
15.4444
11.3889
5.72222
1.44444
-4.05556
-9.66667
-15.8889
-18.4444
-19.1111
-12.1667
-2.05556
18.2222
37.9444
57.5556
64.8889
59.5556
37.5
15.7222
1.77778
-1.11111
-10.6111
-30.4444
-55.5
-70
-68.5
-50.0556
-24
5.94444
25.6111
35.5
32.2222
26.3889
17.4444
11.0556
5.16667
0.944444
-4
-9.83333
-17.4444
-25.3889
-32.7778
-35.4444
-30.2778
-11.3333
16.5556
46.7222
68.6111
73.8889
59
32.3889
10.7222
-5.88889
-23.0556
-50.6111
-73.8889
-79.0556
-60.5556
-24.7222
13.5
40.1667
46.5556
42.6111
33.6111
26.7222
17.7778
11
5.11111
0.777778
-4.05556
-10.0556
-17.5556
-25.4444
-33.6111
-42.1667
-49.9444
-44.8889
-20.6667
19.8333
58.4444
80.6667
76
53.4444
24.7222
-14.5556
-39.3333
-72.2222
-88.1111
-77.6667
-37
14.1667
51.6111
62.2778
53.6111
42.7222
34.2222
27.2778
17.8889
10.7222
4.66667
0.666667
-3.66667
-9.66667
-17.5
-25.8333
-34
-42.1111
-53.4444
-62.7778
-54.6111
-22.1111
30.1111
74.1111
88.8889
74.7222
41.7778
-25.5556
-58.0556
-91.6667
-92.9444
-58.9444
0.777778
53.4444
74.6667
70.5
52.7778
38.3333
24.4444
12.2778
4
0.444444
0
0
-0.0555556
-0.444444
-3.61111
-10.3889
-22.6111
-36.7778
-52.2222
-69.7222
-76.2778
-59.6111
-9.16667
52.0556
90.3333
92.4444
62.1667
-39.5
-79.7222
-105
-83.3333
-26.1667
43.3889
81
86.2778
66.1111
40.7778
19.6111
6.27778
1.05556
0
0
-0.0555556
-0.611111
-0.944444
-1.38889
-1.27778
-6.22222
-14.4444
-25.9444
-36.3889
-54
-75.9444
-80.8889
-49.5
17.1667
79.2222
104.722
86
-56.0556
-99.2778
-108.444
-63.7222
11.3889
79.1667
98.7778
83.1667
47.7222
19.5556
3.05556
-1.55556
-1
2.83333
2.77778
1.83333
-2.5
-4.16667
-4
-0.833333
-3.05556
-5.94444
-11.1111
-16
-36.1667
-72
-96.0556
-82.8889
-19.3889
57.6667
106.222
104.222
-72
-112
-101.722
-36.1667
45.3333
101.111
97.8333
64.6667
24.9444
5.83333
0.611111
0.388889
0.833333
3.11111
4.11111
-0.333333
-4.88889
-7.55556
-1.33333
1.66667
-0.5
-5.83333
-11.3889
-10.7778
-23.7778
-53.5556
-88.6667
-97.1667
-51.1667
30.2222
99.2222
117.111
-84.9444
-120.389
-88.8333
-9.72222
74.9444
110.556
88.8333
45.2222
12.6667
1.33333
1.22222
0.388889
-0.888889
1.38889
2.11111
-7.66667
-21.8889
-34.9444
-24.5556
-14.1667
-6.72222
-9.44444
-12.6111
0.111111
7.05556
-5.05556
-50.7222
-88.3889
-73.3889
4.66667
84.9444
123.333
-94.2222
-124.556
-73.8333
13.3333
95.5556
109.5
68.6111
20.3333
-8.83333
-13.7778
-12.5556
-8.27778
-4.22222
9.77778
18.7222
4.83333
-29.4444
-61.6667
-47.9444
-25.8889
-7.16667
-9.44444
-12.6111
4.88889
30.7222
36.9444
-6.66667
-70.7222
-86.1667
-18.6667
69.2778
125.722
-101.167
-126.278
-60.4444
31
105.722
94.2778
36.6667
-9.33333
-23.8333
-16.2222
-12.1111
-8
-4.16667
17.1111
33.5556
17.5
-34.4444
-83.8333
-67.9444
-34.7778
-4.66667
-2.94444
-2.38889
19.3333
51.7222
64.5556
17.3889
-61.5556
-97.2222
-35.7222
56.7222
125
-104.667
-125.611
-51.4444
40.2778
108.611
76.5
10.1667
-34.7222
-35
-18.2778
-9.94444
-4.66667
1.38889
28.5
49.2778
34.1667
-27.8333
-82.8889
-69.8889
-29.1111
5.38889
9.77778
-0.333333
8.66667
33.3889
62.3889
25.8333
-49.5
-100.278
-44
49
123.389
-104.556
-126.056
-49.7222
41.8889
110.444
72.6111
6.16667
-37.7778
-31.9444
-14.5556
-5.44444
-3.22222
-4.88889
18.3889
40
38.5556
-26
-80.1111
-72.6111
-22.1667
10.1667
13.1667
-1.94444
8.16667
33.2778
62.6111
25.6111
-49.7778
-101.389
-44.7778
48.4444
123.833
-102.667
-126.556
-55.3333
36.1111
105.778
71.6111
6.5
-35.6111
-23.6111
-7.94444
-2.27778
-5.33333
-6.83333
18
38.6667
40.8333
-23.5
-76.6667
-75.2778
-24.6667
7.61111
13.1667
3.27778
15.7222
40.9444
54.3889
12.2778
-62.8333
-99.6111
-39.4444
53.8333
124.833
-97.4444
-125.833
-66.2778
22.8333
95.2222
76.7778
16.1667
-27.4444
-23
-9.55556
-3
-5.33333
-5.11111
19.7222
40.6667
48.1667
-6.5
-49.2778
-52.0556
-8.83333
13.8333
16.7778
4.61111
10.3333
20.7778
15.9444
-26.5556
-84.7222
-96.1111
-27.0556
63.8889
127
-88.9444
-122.5
-80.6667
2.77778
79.3333
81.8333
35.7778
-6.44444
-5.38889
3.94444
10.7778
3.33333
-1.77778
11.3333
24.0556
35.6667
1.05556
-22.5556
-28.6667
2.88889
14.2778
16.7778
4.61111
5.83333
-2.27778
-25.6111
-70.8889
-103.556
-85.2778
-5.05556
79
126.111
-77.8889
-116.556
-95.5
-22.1111
57.7778
88.1667
66.8889
30.3889
17
10.3333
10.3333
3.05556
-1.83333
4
9.22222
23
6.05556
-0.388889
-8.66667
11.7778
11.7778
10.2778
-5.61111
-13.7222
-31.8333
-61.6111
-93.1667
-103.722
-61.2222
20
95.4444
122.222
-62.4444
-105.111
-104.5
-49.9444
28.8889
82.1667
89.7222
66.5
45.6667
22.6667
11.3333
-0.277778
-7.38889
-7.38889
-6.5
6.38889
0.0555556
-0.388889
-5.33333
7.33333
7.33333
6.33333
-4
-17
-42.8333
-80.3333
-101.833
-91.9444
-31
48.1111
105.833
112.444
-46.1667
-88.6667
-106
-73.9444
-6.38889
54.6667
81.6111
75.7778
62.5556
38.5
19.7222
3.38889
-0.111111
-0.111111
0
0.111111
0.111111
0.0555556
0
0
-0.0555556
-4.33333
-15.9444
-36.7778
-61.7778
-86
-90.3889
-61.9444
3.16667
73.5556
108.778
97.6667
-31
-67.8333
-98.5556
-89.3889
-42.1111
22.9444
65.1667
76.7778
66.6667
50.0556
32.3333
16.1111
5.16667
0.833333
0
0
0
0
0
-1.33333
-6.5
-18.7222
-35.5556
-54
-70.6667
-80.2778
-67.2222
-23.6667
41.0556
90.7778
102.556
75.9444
-18.5
-47.7222
-81.6667
-92.6111
-68.3333
-19.1111
32.8333
59.8889
64.7222
54.6111
42.6111
31.8333
20.7222
12.2778
5.61111
2
-0.111111
-2.61111
-6.5
-14.2222
-22.8889
-34.6111
-44.8333
-57.5556
-68.1111
-62.9444
-34.3333
19.6111
69.8333
96.2222
87.0556
53.5556
-9.05556
-30.6111
-60.6667
-82.6667
-80.3333
-52.2778
-8.5
31.7222
52
53.3889
42.4444
32.4444
23.9444
18.9444
13.8333
7.27778
-1.33333
-9.66667
-15.1111
-19.9444
-25.0556
-34.6667
-44.7222
-57.5556
-54.5556
-33.6111
10.6667
53
82.4444
85.2778
66.3333
35
-2.16667
-16.1111
-39.3333
-66.5
-76.5556
-67.3333
-40.5
-5.88889
22.3889
39.5
38.7778
32.3333
23.6111
18.7222
13.5556
7.05556
-1.55556
-9.83333
-15.1667
-19.8889
-24.9444
-34.8333
-43.3889
-44.3333
-25.1667
8.27778
44.4444
70.2222
78.3889
69.6111
43.9444
19.2222
-0.166667
-6.55556
-22.2222
-45.7778
-63.8333
-66.6111
-54.8333
-32.0556
-10
10.7778
19.8889
24.1111
21.0556
18.4444
13
6.5
-2
-10.2778
-15.7778
-20.7778
-24.3889
-27.9444
-24.2778
-11.6111
11.3333
37
58.3889
69.5
65.7222
49.1111
25.3333
8.44444
0
-1.11111
-9.16667
-25.3889
-46.3333
-57.3333
-57.2778
-44.6111
-30.7778
-12.5556
-2.22222
5.22222
5.16667
7.22222
5.72222
2.66667
-2.94444
-7.27778
-10.5
-11.1667
-10.4444
-6.16667
1.66667
15.8889
32.5556
48.8889
61
61.3333
49.5
27.1667
10.1667
1.11111
0
0
-1.33333
-9.83333
-25.3333
-42.0556
-49.9444
-47.1667
-41.9444
-33.6111
-26.6667
-12.6111
-4.22222
4.77778
2.27778
1.88889
-4.88889
-8.77778
-14.4444
-12.2222
-2.05556
14.6111
27.8333
36.7222
41.8333
50.6667
53.2222
46.7778
26.7778
12.2778
4.44444
6.05556
0
0
0
-1.38889
-9.11111
-20.8889
-35.3333
-40.3889
-44.0556
-42.6111
-46.7222
-41
-29.3889
-13.6667
-6.55556
-10.3333
-12.8333
-12.1667
-6.72222
8.05556
21.2778
37.1111
37.3889
38.5
44.8889
45.1111
41.5556
17.7778
5
0.5
11.9444
22
0
-0.0625
-1.1875
-6.625
-14.6875
-24.7813
-36.7813
-50.75
-65.4063
-81.5938
-97
-108.094
-115.313
-122
-125.813
-126.75
-125.906
-121.906
-115.438
-107.469
-97.7813
-83.5938
-68.1563
-53.25
-39.4375
-27.1875
-17.125
-8.5625
-2.96875
-0.375
-0.25
-2.375
-8.0625
-17.7813
-30.1875
-44.625
-61
-76.9063
-90.625
-100.313
-105.125
-105.594
-104.188
-99.875
-95.0625
-92.4688
-94.1875
-98.9688
-102.938
-105.688
-104.625
-101.563
-93.4375
-80.5625
-64.875
-48.2813
-33.8125
-20.875
-10.9375
-3.875
-2.375
-9
-19.0313
-33.0625
-49.75
-65.4375
-76.9375
-84.6563
-87.4375
-83.625
-75.4063
-62.875
-48.6875
-34.4375
-25.875
-22.875
-25.1875
-33.7188
-47.25
-62.4063
-74.2188
-84.25
-89.125
-87.8438
-80.6875
-69.3438
-54
-38.4063
-24.2813
-12.8125
-7.90625
-18.9063
-33.3125
-49.9375
-62.0625
-69.5313
-72.5313
-70.5
-60
-43
-21.6563
2.28125
20.5938
35.4375
44.1875
47.1875
44.75
36.0625
22.2188
3.15625
-19.5313
-42.4375
-60.375
-72.1875
-75.7188
-73.0938
-66.1875
-55.625
-39.3125
-23.7813
-17.125
-32.3438
-48.9375
-59.5313
-63.1563
-62.0625
-55.8125
-40.75
-17.0625
12.9688
45.375
71.9688
90.3438
105.438
114.438
117.563
115
106.188
92.1563
73.0313
48.0625
16.8125
-13.5938
-38.625
-55.125
-62
-63.7813
-61.8438
-51.8125
-36.75
-27.9688
-43.4375
-54.2813
-56.375
-51.3125
-41.5313
-23.8438
2.5
32.875
63.0938
87.8125
103.531
111.875
115.844
115.75
114.156
115.125
115.25
111.969
103.969
88.9688
66.0625
37.6563
6.90625
-20.2813
-39.4063
-50.1875
-57
-55.5938
-46.4375
-37.1875
-48
-51.0625
-44.5313
-30.7188
-13.5625
8.90625
35.8125
61.8438
82.9063
95.5
98.25
93.5938
86.5
81.5313
79.4063
81
85.625
92.4688
97.375
95.375
85.4375
65.9375
41.0625
13.9375
-9.4375
-27
-40.25
-47.2188
-46.6875
-41.0625
-45.5938
-39.9063
-25.375
-9.53125
6.28125
28.8125
53.5938
70.6875
81.0625
80.5313
70.875
59.8438
51.5625
46.5
44.375
46.0313
50.7813
58.25
69.2813
79.2813
82.3438
73.4063
57.1875
34.0313
10.75
-5.84375
-20.5625
-35.1875
-43.25
-39.3125
-35.4375
-22
-6.03125
5.65625
20.7188
42
58.1875
66.7188
64.2813
51.5625
36.125
24.9688
16.5313
11.0313
8.65625
10.0625
14.3438
19.0625
27.8438
42.9375
56.8125
60.7813
53.5
39.0938
17.9375
4.59375
-3.75
-19.1875
-33.625
-34.3438
-23.8125
-8.1875
3.625
11.75
26.3438
41.9063
49.5938
50.1563
39.5
23.875
12.0625
4.71875
0.0625
-2.84375
-3.6875
-2.8125
-1.5
-0.5
4.40625
15.8125
32.125
44
44.1875
37.9063
23.6563
10.9063
6.15625
-5.0625
-21.0313
-25.5313
-10.8125
2.25
8.875
12.9688
25.5313
34.5
37.4688
33.5313
18.125
5
-1.625
-4.0625
-5.5
-6
-6.5
-6
-6.09375
-8.75
-8.34375
-4.5625
8.0625
23.9063
28.0938
26.1563
17.9688
6.5625
4.28125
0.5625
-9.875
-16.5938
-1.3125
6.875
8.625
11.1875
23.7188
28.375
28.1563
20.875
4.90625
-4.3125
-6.0625
-5.78125
-11.5625
-17.5
-24.1563
-30.2188
-37.0625
-45.8125
-54.9063
-62.0625
-52.4375
-30.5938
-16.6563
-9.84375
-7.09375
-10.1563
-4.90625
2.46875
-0.03125
-7.71875
3.65625
6.28125
3.65625
5.6875
12.5313
9
4.09375
-11.9375
-28.7188
-36.875
-34.3438
-32.3125
-41.7188
-49.2188
-57.4375
-64.8438
-72.625
-77.9063
-88.9063
-104.969
-97.5
-73.7813
-49.9688
-37.0938
-25.1563
-23.625
-18.3125
-1.71875
4.4375
0.59375
7.65625
3.96875
-3.21875
-5.71875
-6.8125
-15.875
-24.6563
-45.1875
-61.875
-68.1563
-61.25
-55
-65.6875
-73.5
-82.1875
-92.875
-101.75
-107.344
-121.594
-140.281
-132.156
-108.781
-78.9688
-61
-42.75
-32.5938
-24.4688
-4.96875
5.59375
3.5
6.21875
-0.875
-10.9063
-17.4375
-24.6563
-37.2188
-49.5625
-72.2813
-86.875
-92.0625
-82.375
-72.625
-77.5
-84.0313
-88.875
-95.375
-101.563
-104.531
-118.656
-134
-128.125
-106.781
-79.6563
-62.0938
-44.1875
-31
-22.875
-6.84375
2.5625
2.9375
3.15625
-3.0625
-13.3438
-22
-31.6563
-44.25
-56.75
-74.25
-86.5625
-94.5625
-84.625
-74.4688
-70.0313
-69.25
-61.7813
-55.1563
-47.6875
-35.2188
-35.9063
-38.125
-34.4375
-22.7188
-13.7188
-9.09375
-4.625
-3.59375
-6.21875
-3.625
-1.34375
-0.21875
-0.3125
-4.3125
-15.2188
-22.6875
-27.5938
-31.1875
-34.4688
-35.1563
-37.75
-39
-28.25
-21.4688
-9.6875
-4.84375
6.3125
16.5625
27.5313
41.625
51.75
62.2813
61.375
60.0625
48.75
40.5
32.0313
22.75
13.125
2.34375
-3.875
-2.875
-4.25
-2.375
-4.28125
-5.03125
-2.9375
2.09375
7.09375
20.75
28.25
30
32.125
30.4688
44.7188
51.9688
65.375
79.2813
92.25
107.063
123.781
139.438
130.406
116.75
88.625
69.5313
50.1875
32
19
2.53125
-6.625
-1.5625
-6
0.96875
7.375
13.5625
20.25
33.4375
46.1563
71.125
87.875
89.3438
83.2813
73.125
78.2813
81.75
87.0938
93.0938
99.6563
109.5
126.063
144.781
138.813
116.844
86.2188
67.5625
48.5938
33.375
23.1875
3.71875
-7.21875
3.46875
-5.3125
-0.8125
7.3125
13.7188
16.3125
28.9063
41.5938
66.2188
87.75
98.4688
90.6875
80.1875
81.5313
86.6875
85.875
85.3125
84.7188
81.0313
90.875
103.031
94.4375
66.25
43
31.0625
19.1875
14.9688
11.6563
-1.09375
-5.59375
12.625
-0.25
-0.8125
11
16.4375
12.4688
17.375
25.4063
41.8438
62.8125
74.1563
62.5938
53.7813
51.4375
54.4063
51.6563
49.125
46.4688
40.5
43.75
47.2188
36.5313
10.75
-2.1875
-7.375
-9.65625
-2.65625
-0.59375
-4.34375
-0.1875
21.5
6.8125
-1
2.375
2.90625
-6.75
-10.4688
-7.96875
0.21875
18.5313
32.6875
29.375
26.7188
23.1563
24.625
20.5313
16.6563
13.0313
6.65625
4.1875
0.8125
-10.1563
-31.375
-34.875
-33.9375
-26.5625
-11.4063
-5.5
-2.125
8
29.3438
16.4375
1.75
-3.8125
-10.7813
-25.0938
-37.8125
-42.9688
-42.125
-28.9688
-10.375
-4.8125
1.25
4.25
8.28125
8.28125
8.28125
7.28125
0.46875
-6.40625
-17.375
-34.0625
-49.5313
-50.3125
-45.6875
-33.2813
-16.4063
-7.90625
3.0625
19.1875
37.0313
28.9063
14.1563
3.25
-7.46875
-22.25
-41.8438
-53.4063
-58.6563
-50.8438
-36.2813
-25.5313
-15.1875
-8.65625
-4.75
-3.84375
-5.21875
-9.90625
-17.0938
-28.2188
-43.4375
-57.9688
-65.0313
-59.75
-48.4063
-27.9375
-10.3438
1.5625
16.9063
31.6875
39.25
38.8125
28.3125
13.1875
-1.5625
-16.7188
-38.5625
-58.6875
-72.625
-76.375
-69.0938
-56.5938
-44.4688
-36.875
-32.875
-32.0313
-33.4688
-38.625
-47.1563
-60.2188
-72.8125
-79.6563
-74.5938
-60.5
-40.4063
-16.75
0.8125
16.5938
31.8125
42.1875
38.1875
45.125
42.625
33.125
17.875
1.21875
-20.8125
-46.9063
-69.3125
-84.75
-89.8438
-87.3438
-79.0938
-71.6563
-67.7813
-67.0313
-68.5
-73.7188
-82.2188
-90.5938
-93.75
-87.8438
-71.1875
-48.4375
-20.6875
3.46875
21.5313
36.9063
47.0625
49.0938
33.0625
45.625
51.75
50.9063
43.0625
29.4375
8.34375
-18.9688
-48.9063
-74.2188
-92.2813
-102.813
-106.375
-105.313
-102.531
-102.063
-103.813
-107.875
-110.188
-106.406
-96.4375
-77.3438
-51.5
-19.9688
9.15625
32.0313
46.625
54.2188
55.6563
48.9063
22.125
38.2813
50.9375
58.6563
59.4375
54.6875
43.9063
23.4375
-5.21875
-37.625
-65.7813
-89.2813
-106.344
-117.625
-124.813
-128.125
-126.531
-119.688
-109.656
-92.6563
-69.0625
-40.3438
-6.71875
23.125
46
57.3438
62.8125
61.5938
54.2813
41.5938
12.5
25.9375
42.0313
56.6563
66
69.9375
68.5
59.5625
42.5625
20.0625
-7.9375
-34.625
-56.875
-72.125
-80.8438
-85.0625
-84.6563
-77.7188
-63.4688
-42.3438
-16.5938
10.7813
33.5625
51.6563
62.7188
64.125
60.4688
51.3125
38.4688
22.4063
5.15625
14.2813
27.3125
42.5
58.6563
71.0938
77.2813
78.4688
71.4375
58.1875
40.7813
17.75
-6.78125
-26.625
-38.9063
-45.0625
-46.125
-37.0625
-24.7813
-5.625
16.2188
32.4063
45.2813
50.1563
49.2813
39.3438
26.2188
12.2813
-1.25
-10.25
0
-0.0625
-1.1875
-6.625
-14.6875
-24.6563
-34.4063
-37.5
-36.0313
-32.1563
-25.8125
-19.8438
-13.875
-8.25
-3
1.1875
3.28125
8.34375
13.375
18.0938
24.8438
29.9688
33.9063
36.125
33.5
26.4375
17.125
8.5625
2.96875
0.375
-0.25
-2.375
-8.0625
-17.7813
-29.6875
-39.875
-44.875
-43.4063
-35.625
-26.5625
-16.75
-7.59375
-2.25
1.3125
2.4375
1.65625
-0.9375
-0.59375
1.6875
5.5625
14.6875
23.6875
32.1875
40.6875
43.125
40.5313
32.9375
20.875
10.9375
3.875
-2.375
-9
-19.0313
-33.0625
-45.125
-50.375
-48.6875
-38.8438
-24.375
-11.6875
-2.21875
3.125
4.0625
3.5625
2.6875
1.625
-1.1875
-2.59375
-3.875
-4.40625
0.78125
8.875
20.125
34.5313
45.1875
49.6563
47.25
35.6563
21.7813
10.3125
-7.90625
-18.9063
-33.3125
-49.6875
-55.6875
-52.7813
-42.3438
-24.625
-8.875
0.625
5.71875
6.59375
4.65625
3.5625
2.6875
1.625
-1.1875
-2.625
-4.21875
-7.53125
-6.71875
-2.9375
4.5625
20.125
37.5313
50.6563
56.6875
51
36.75
21.0313
-17.125
-32.4688
-50.0625
-60.8438
-58.2813
-46.6875
-28
-8.625
2.9375
8.09375
8.75
6.65625
4.65625
3.5625
2.6875
1.625
-1.1875
-2.625
-4.21875
-7.59375
-9.5
-10.125
-6.96875
4.375
23
44.125
58.8438
61.7813
53.25
34.75
-28.4688
-48.1875
-63.7813
-66
-54.75
-34.4063
-11.6563
4.5625
13.1875
16.9063
17.5625
16.7813
14.375
11.0313
6.125
1.03125
-4.3125
-10
-13.6563
-17.2188
-18.5313
-18.6875
-17.2813
-8.46875
6.84375
30.7188
54.1875
65.8125
65.8438
51.0625
-41.9375
-64.6875
-72.75
-66.4063
-46.4688
-16.6875
7.09375
23.25
31.8438
32.9063
30.125
25.25
18.3438
11.75
5.90625
0.65625
-4.5625
-10.9375
-17.5313
-25
-30.5
-33.5
-34.625
-26.625
-11.4375
12.0625
44.1875
64.9375
73.6563
67.1875
-56.875
-78.3438
-77.7813
-61.8125
-29.3438
7.90625
31.625
45.9063
47.0625
41.25
34.3438
26.125
18.4688
11.875
5.875
0.5
-4.65625
-11.0938
-17.625
-25.5313
-34.2813
-41.4063
-49.4688
-49.3125
-36.3438
-13.125
25.6563
59.25
77.8125
80.125
-73.5625
-88.125
-77.8125
-48.6563
-2.90625
35.4063
56.875
62.1875
54.7188
44.5938
34.625
26.5
18.5313
11.7813
5.34375
-0.09375
-5.3125
-12.2813
-21.125
-31.2188
-39.4375
-47.375
-54.0938
-58
-54.0938
-36.3125
-0.40625
43.6875
75.375
88.875
-89.2188
-93.3125
-69.8125
-27.75
28.75
62.7813
74.9063
71.1563
52.2813
37.5
24.625
13.6875
8.84375
3.75
0.28125
-1
-3.0625
-4.875
-9.25
-17.2813
-27.3125
-39.375
-51.5
-65.6875
-71.5313
-62.5313
-32.5313
21.0938
65.9375
92.5938
-101.219
-92.125
-55.6875
-1.5
57.7813
81.5313
82.25
67.2813
40.7188
23.75
12.0625
4.5625
3.625
0.875
-1
-2.375
-4.375
-1.53125
-2.4375
-5.84375
-14.875
-28.9375
-43.5938
-65.6563
-77.7813
-77.4688
-57.125
-1.15625
53.25
91.625
-108.406
-86.3125
-37.375
27.625
81.5
92.7813
81.4375
54.9688
26.125
12.3438
3.5625
0.125
1.90625
-5.1875
-10.5625
-18.0938
-26.3438
-20.3125
-17.75
-12.7813
-11.1875
-16
-18.9688
-35.9063
-52.4688
-64.7813
-63.6563
-20.1563
37.0313
84.8438
-111.406
-76.4688
-16.8438
50.0938
93.3125
88.7813
62.625
28.0938
1.9375
-6.46875
-7.4375
0.09375
9.1875
2.09375
-5.46875
-24.25
-43.4063
-35.6875
-30.9688
-19.3438
-8.59375
-6.375
1.59375
-5.28125
-20.9063
-43.8438
-62.125
-34.625
19.2813
74.4375
-112.281
-64.4063
-1.15625
61.6563
91.5938
69.5625
36.5
6.28125
-11.625
-11.1875
-7.28125
4.4375
17.5
9.1875
0.125
-28.4375
-57.125
-47.9375
-40.5938
-21.1563
-2.03125
6.90625
22.9063
20.5938
4.5625
-27.875
-63.8438
-48.7188
2.90625
61.5938
-112
-52.4688
9.25
67.7813
86.125
47.3438
13.2188
-12.0625
-21.9063
-11.6875
-3.25
12
28.3125
22.0625
11.3438
-21.1875
-53.75
-47.375
-38.0313
-18.6563
-2.6875
4.5
22.4063
22.5938
12.6563
-17.0625
-64.6875
-56.4375
-7.53125
50.125
-112.188
-45.3438
16.1875
73.7188
88.125
42.0313
8.1875
-15
-23.0625
-10.625
-6.1875
8
24.2188
17.8438
11.3125
-21.2188
-53.7813
-46.5
-33.9063
-14.5313
1.4375
8.0625
24.9063
26.2813
16.1563
-13.6875
-67.9688
-63.0938
-13.8125
44.0938
-112.031
-44.1875
17.3125
71.3438
84.875
38.0938
4.3125
-11.9688
-19.7188
-7.1875
-2.8125
7.9375
24.1563
17.875
11.7188
-20.625
-52.875
-45.1563
-30.375
-9
6.46875
12.0625
23.5625
20.3125
10.125
-19.2813
-71.25
-64.1875
-14.5313
43.5625
-111.875
-48.1875
13.25
67.2188
82.7188
40.1875
6.71875
-9.34375
-16.4375
-5.6875
-1.875
8.5
22.2188
16.3438
11.3438
-20.1875
-50.9063
-43.625
-30.5625
-10.4063
4.5
10.3438
21.125
17.3125
7.40625
-22.125
-70.625
-60.5625
-10.9063
47.375
-111.688
-57.625
3.71875
58.5
80
47.875
14.875
-2.65625
-13.0625
-6.8125
-3.84375
6.90625
21.125
16.9688
12.375
-18.7813
-49.3438
-44.9688
-31.8125
-11.875
5.96875
14.6875
21.2813
14.9688
-1.3125
-33.5313
-71.25
-55.0625
-2.15625
57.5313
-111.406
-69.9375
-11.625
43.25
72.6563
53.4375
24.5313
6.34375
-7.34375
-5.5
-3.28125
7.875
22.25
23.0313
21.9375
-3.0625
-27.375
-26.1563
-16.1563
-1.8125
9.78125
10.6875
4.875
-12.125
-35.125
-61.75
-80.0938
-48.5313
10.7813
70.6563
-108.813
-80.125
-31.0625
23
63
59.4688
44
31.5313
15.0938
11.625
6.46875
7.84375
14.9688
15.75
16.8438
3.09375
-10.3125
-10.7813
-2.9375
4.8125
7.71875
1.59375
-15.1875
-42.4375
-67.5
-84.3438
-83.2188
-35.4688
27.9688
82.1875
-103.938
-88.125
-48.8125
2.8125
54.0313
67.875
63.7813
56.0938
35.3438
23.0938
12.125
5.4375
6.65625
8.65625
11.25
7.28125
3.40625
1.46875
6.65625
4.1875
-5.5
-19.7813
-44.4375
-71.5
-87.25
-88.625
-69.8438
-12
48.5625
91.625
-95.1563
-92.3125
-63.3125
-19.0625
38.4688
67.2813
74.8125
74.5313
54.6875
37.5313
19.5625
5
-1.25
-3.75
0.03125
0.03125
0.03125
0.15625
0.46875
-6.40625
-17.375
-32.625
-53.6563
-74.25
-83.5
-75.6563
-46.6563
13.5313
64.9375
96.3125
-80.7813
-90.5313
-74.3438
-42.0625
7.78125
44.5
60.9688
69.2813
58.8438
46.2813
35.4063
21.9063
13.5
7.21875
3
-0.21875
-3.53125
-8.40625
-15.2188
-24.0313
-34.5625
-45.4063
-58.7813
-69.3125
-67.7188
-50.875
-13.0313
38.625
76.5313
94.625
-64.25
-82.625
-78.75
-56
-18.5625
19.1563
43
53.0625
51
42.625
33.7188
25.5938
19.1563
12.875
6.0625
-1.03125
-8.15625
-14.625
-20.3438
-27.1563
-35.6875
-45.5313
-54.9688
-56.6875
-46.2813
-20.5
18.5625
57.4688
82
86.75
-48.5
-71.125
-76.4375
-64.5
-40.3125
-6.59375
18.5
33.0313
39.8125
36.875
31.5313
25.4063
18.9063
12.5938
5.84375
-1.21875
-8.3125
-14.6563
-20.3438
-27.2188
-34.875
-40.9688
-44.4375
-37
-19.5625
7.46875
42.8438
68.2188
80.4375
75.7188
-34.5625
-56.25
-70.0625
-66.7813
-52.25
-26.5
-1.40625
13.2188
22.0938
23.7813
22.5938
20.625
17.25
12.125
5.40625
-1.75
-8.875
-15.25
-20.375
-23.6563
-26.75
-28.0313
-24.125
-14.4688
3.15625
29.9063
55.0625
70.3438
73.5313
60.0938
-22.125
-39.8438
-58.75
-64.0313
-58.0625
-40.9375
-17.6563
-0.625
8.84375
10.8125
9.90625
6.96875
5.84375
4.875
1
-2.4375
-6.09375
-9.375
-10.4063
-10.7188
-12.75
-13.1563
-8.59375
1.625
20.5625
44.5938
61
67.4688
61.8438
43.0313
-12.5
-25.9375
-43.0938
-55.0938
-57.625
-49.0625
-33.0625
-16.8125
-4.4375
1.3125
2.8125
3.375
3.3125
1.5
0.28125
-4.6875
-9.09375
-10.5938
-11.4688
-8.96875
-6.03125
-2.09375
5.75
18.8438
35.7813
52.3125
60.1563
58.6875
47.9063
31.1563
-5.15625
-14.2813
-27.3125
-41.3125
-50.4688
-50.5313
-44.0938
-34.2188
-24.4375
-18.0625
-11.4063
-8.5
-4.84375
-4.1875
-8.84375
-9.8125
-13.3125
-10.375
-5.96875
-2.75
7.21875
10.0938
22.2813
36.4688
44.4688
54.6563
49.7813
42.2188
33.625
24.5625
0
0
0
0
0
0
0.0833333
1.95833
6.54167
13.5417
21.2917
31.2083
41.4167
49.9167
54.2083
57.8333
59.4583
57.7083
54.2083
48.5833
41.5
31.375
22
13.8333
7.04167
2.29167
0.5
0
0
0
0
0
0
0
0
0
0
1.25
6.29167
14.0417
24.2917
32.9583
40.9583
43.75
41.3333
36.0833
30.875
24.2083
20.5
23.1667
29.625
37.4167
40
43.625
40.7917
34.2917
25.2083
14.9167
7.29167
1.66667
0.208333
0
0
0
0
0
0
0.0833333
1.58333
8.83333
19.3333
27.1667
29.4167
26.9583
21.75
6.41667
-12.9167
-29.8333
-38.3333
-45.4583
-48.7917
-45.3333
-38.4583
-27.2917
-13
6.41667
20.9167
29
31.4583
29.375
21.3333
11.4167
3.95833
0.5
0
0
0
0
0.333333
3.16667
10.75
19.9583
21.375
17.375
8.125
-5
-25.4583
-46.7083
-60
-68.25
-72.625
-74.1667
-73.25
-73.25
-72.375
-69.2083
-59.5
-47.2917
-26.4583
-5.625
9.95833
19.625
23.2083
22.8333
13.9583
5.16667
0.583333
0
0
0
3.16667
11.75
20.625
17.5833
8
-2.08333
-15
-34.1667
-56.0417
-64.6667
-67.3333
-69.5
-73.1667
-74.6667
-74.125
-74.9583
-74.0417
-71.9167
-69.3333
-66.7917
-57.625
-40.2083
-19.9583
-5.25
6
15.5417
18.8333
15.3333
6.66667
2.08333
0
1.41667
9.54167
15.7083
12.1667
1.70833
-6.54167
-17
-35.375
-52.125
-54.3333
-47.5833
-41.4583
-33.75
-24.875
-15.9583
-13.6667
-15.625
-23.125
-32.4583
-41.625
-47.9167
-54.9167
-55.75
-43.625
-24.25
-10.625
-2.58333
7.875
15.9583
13.7083
5
0.833333
7.95833
13.3333
7.54167
-2.95833
-8.70833
-18.2917
-35.4583
-46.4167
-40.3333
-23.7083
-10.0417
8.54167
28.8333
44.5
54.375
56.7917
55.0833
46.625
31.4167
12.125
-6.91667
-21.7917
-36.5
-45.5833
-38.125
-21.4583
-11.4167
-5.08333
0.75
7.95833
5.45833
4.41667
13.0417
7.33333
-1.875
-7.125
-14.7917
-27.0417
-36.5833
-24.625
-4.91667
9.08333
24.5417
39.25
46.6667
46.8333
43
41.75
42.5
45.7083
46.2083
41.125
26.8333
11.5
-1.33333
-18.4167
-33
-29.125
-16.0833
-8
-6.875
-0.375
7.20833
8.41667
5.625
-3.08333
-5.95833
-11.875
-21.0417
-24.75
-12.3333
4.875
13.4167
22.1667
32.375
29.5
20.5833
12.7917
7.91667
6.66667
7.5
11.6667
19.1667
28.25
31.6667
22.875
12.8333
5.875
-9.45833
-23.875
-20.25
-11.4583
-3.08333
-1
6.125
5.91667
-4.08333
-6.75
-9.08333
-17.0833
-16.8333
-9.83333
6.375
11.7083
14.375
22.375
18.75
9.20833
3
0.333333
0
0
0.0416667
0.333333
2.70833
7.875
17.375
21.625
13.7083
10.5
6.66667
-6.54167
-15.7083
-15.4167
-5.95833
-2.79167
-1.33333
-0.625
-4.83333
-4.33333
-12.375
-12.0417
-7.75
2.25
7.25
6.75
14.7917
14.4583
4.70833
0.791667
0
0
0.0416667
0.458333
0.708333
1.125
1.875
6.08333
13
22.0417
24.9167
16.7083
16.2083
8.875
-5.66667
-9.33333
-12
-4.20833
-4.45833
-2.20833
-2.20833
-2.79167
-9
-2.04167
-1.58333
5.33333
5.79167
6.75
13.2083
6.875
3
2.91667
2.45833
2.08333
2.29167
2.20833
3.125
3.91667
4.70833
8.54167
11.375
13.6667
22.0833
15.4583
13
9
0.125
-2.70833
-10.8333
-5
-3.33333
-2.125
-2.29167
-6.625
-2.125
1.33333
4.70833
7.75
9.70833
15.0417
11.125
7.125
6.79167
6.125
4.33333
3.41667
5.625
4.29167
3.875
3.625
2.58333
-4.83333
-13.875
-10.125
-4.25
0.333333
-3.54167
3.83333
8.79167
-0.25
-4.83333
-9.25
-4.33333
-4.91667
-4.79167
-11.3333
-2.91667
-1.95833
5.5
6.375
6.66667
13.0833
4.5
-0.666667
-1.95833
-1.33333
-1.75
-1.33333
6.95833
14.375
20.1667
26.25
33.9167
35.1667
29.625
38.5
39.125
40.2917
27.5
26.2083
23.4167
5.20833
-0.625
-9.25
-4.125
-4.95833
-4.58333
-6.16667
-2.66667
0.166667
4.45833
5.625
5.5
11.0833
12.75
13.5417
17.9167
23.875
23.75
20.2083
24.6667
35.875
46.7917
56.5
74.25
95.0417
106.292
101.5
92.375
79.3333
61.5
40.4583
19.4583
7.66667
2.58333
-1.20833
-1.25
-2.375
-2.33333
2.54167
2.875
7.83333
13.6667
20.875
28.4167
34.5833
46.0417
55.75
62.2083
64.2083
57
46.1667
33.0833
23.125
13.125
3.29167
1.41667
2
2.08333
-15.4583
-22.125
-21.25
-14.5833
-15.5417
-14.375
-1.20833
4.58333
4.375
-0.791667
-1.75
-2.08333
4
4.04167
8.79167
17.2083
24.7083
31
25.5833
24.7917
21.75
12.0833
-0.666667
-6.54167
-8
-27.0833
-47.2917
-71.6667
-93.5417
-121.833
-150.292
-161.458
-164.75
-153.708
-126.958
-92.6667
-63.8333
-32.75
-9
2.16667
2.625
-3.45833
-2.33333
-2.70833
3.125
3.16667
-0.75
-7.54167
-18
-30
-53.2917
-71.9583
-84.5833
-97.0417
-100.625
-88.9167
-72.75
-76.625
-76.0833
-81.9167
-92.0833
-114.583
-134.833
-130.5
-119.875
-101.458
-77.7083
-48.75
-27.4167
-9.08333
-0.916667
0.708333
1.16667
-4.625
-2.625
-2.91667
3.125
3.29167
-6.70833
-22.0833
-43.4167
-62.9583
-86.3333
-102.833
-106.167
-104.625
-89.25
-69.9583
-52.75
-36.25
-21.4583
-5.375
2.95833
6.91667
12.1667
20.5417
23.3333
23.5417
21.2083
22.8333
17.6667
9.125
7
1.66667
1.5
-3.54167
-3.16667
-3.29167
-1.04167
0.666667
-0.458333
-0.416667
-4.08333
-5.91667
-7.75
-8.16667
-4.58333
0.75
-0.541667
1.625
2
14.7917
14.3333
28.2083
49.7083
65.7083
80.2917
79.7917
82.75
69.4167
55.25
39.7083
24.0833
10.3333
4.95833
1.04167
-1.41667
-2.08333
-4.41667
-4.25
-8.45833
-3.04167
2.625
8.29167
20.1667
31.8333
47.7083
53.625
57.7083
67.375
54.375
42.875
31.5833
26.7083
17.0833
14.9583
23.8333
30.75
36.7917
35
41.625
38.2083
37.75
25.75
19.125
14.25
1.66667
-1.04167
-8.20833
-3.45833
-3.83333
-3.54167
-9.5
-3.08333
1.54167
4.625
11.7083
17.2917
29
28.0417
26.75
33.0833
35.2917
29.5
23.75
19.4167
21.9583
17.25
8.91667
8.83333
8.83333
7.70833
4.20833
10.2917
17.125
11.875
12.0833
11.5417
-0.25
-4.16667
-11
-5.75
-2.54167
-2.5
-5.125
-4.875
2.41667
9.625
14.6667
14.625
17.25
17
8.5
0.458333
5.54167
5.54167
5.54167
6.29167
11.0417
10.7083
5.5
5.5
5.5
4.75
3
12.625
9.875
7.875
8.125
4.20833
-1.125
-8.95833
-6.20833
-4.20833
-2.125
-3.95833
-4
-10.6667
-5.79167
0.875
11.4583
13.2917
13.3333
20
14.7917
2.625
0.0833333
0.0833333
0.0833333
0.0833333
0.0833333
0.0416667
0
0
0.0416667
3.25
11.9583
16.0417
7.45833
7.54167
6.79167
-4.625
-7.58333
-10.8333
-2.25
-2.33333
3.25
-3.25
-3.58333
-9.45833
-14.5417
-12.75
-3.29167
6.45833
7.41667
13.2917
18.375
12.0833
3.875
0.625
0
0
0
0
0
1
4.875
14.0417
19.6667
12.125
7.58333
6.79167
-2.83333
-15.2917
-14.5417
-6.875
-2.33333
-2.54167
9
2.04167
-3.20833
-5.04167
-12.6667
-18.125
-19.2083
-3.20833
7.79167
12.5833
21.6667
25.875
19.9583
11.125
5.54167
2.91667
2
3.29167
6.29167
12.75
22.2917
27.375
21.1667
11.375
7.79167
-3.75
-22.8333
-22.0833
-13.7917
-5.75
-5.45833
-0.583333
6.41667
8.20833
-0.916667
-6.04167
-9.95833
-18.4583
-29.5417
-26.25
-7.5
6.41667
17.625
31.4167
40.6667
39.0833
32.9583
28.875
27.75
29.8333
34.75
40.7083
41.25
29.9583
15.2083
5.33333
-8.5
-28.5417
-32.75
-19.2083
-10.1667
-7.95833
-3.33333
7.25
1.625
9.58333
8.875
-0.875
-7.16667
-13.75
-24
-38.5833
-37.9167
-22.5
-7.5
9.04167
26.9167
42.25
51.125
55.0417
56.75
55.0833
51
40.5833
23.9167
5.75
-8.95833
-22.25
-38.375
-38.5
-21.3333
-10.1667
-5.875
-0.875
10.0833
11.9167
0.125
4.91667
13.6667
12.4583
3.20833
-5.70833
-13.3333
-28.5
-47
-51.9167
-45.75
-36.5833
-26.0417
-11
3.45833
11.9167
14.4167
10.7917
1.25
-13.375
-26.7083
-35.8333
-42.0833
-49.5833
-45.25
-25.625
-11.0417
-3.875
2.95833
13.8333
16
6.33333
0
0.833333
6.875
15.9167
15.9167
9.875
-0.458333
-11.25
-27.4167
-48.4583
-59.625
-63.625
-61.5417
-57.5
-52.8333
-49.5417
-49.4583
-50.0417
-51.7917
-54.875
-57.625
-59.2917
-57.25
-48.2083
-28.3333
-12.5417
-3.5
6.875
15.9167
17.5
7.625
0.833333
0
0
1
7.375
16.5
21.9167
18.9583
11.5
0.541667
-15.5
-33.625
-50.0417
-57.5
-61.9583
-62.9167
-64
-64.5
-61.2917
-57.8333
-55.0417
-53.0417
-44.3333
-31.625
-12.2917
3.20833
14.625
25.125
28.5
27.0417
15.625
7.08333
4.79167
0
0
0
1.04167
6.83333
15.5417
24.3333
27.9583
27.25
25.2917
15.6667
0.916667
-15.4583
-26.5417
-34.2917
-37.0417
-35.6667
-32.125
-23.625
-15.5833
-0.708333
18.8333
35.4583
51.3333
55.0833
60.5833
60.9167
51.7083
44.5
34.625
30.0417
24.25
0
0
0
0
0
0
0.0833333
1.95833
6.29167
7.66667
1.91667
-3.54167
-2.83333
-3.08333
-6.41667
-4.16667
1.70833
-0.791667
-5.79167
-4.04167
-3.375
-3.25
2.375
6.95833
5.54167
2.29167
0.5
0
0
0
0
0
0
0
0
0
0
1.25
6.29167
10.2917
5.41667
-1.29167
-3.29167
-3.875
-2.91667
-3.41667
-6.5
-4.16667
1.75
-0.833333
-5.875
-3.95833
-3.25
-3.875
-2.70833
-1.70833
4.20833
9.91667
6.66667
1.66667
0.208333
0
0
0
0
0
0
0.0833333
1.58333
8.58333
14.8333
6.79167
-4.95833
-5.04167
-2.75
-3.83333
-3.16667
-3.70833
-6.83333
-4.20833
2.33333
-0.458333
-6.20833
-4.41667
-3.375
-3.70833
-2.33333
-4
-4.04167
3.5
10.9583
9.91667
3.95833
0.5
0
0
0
0
0.333333
3.16667
9.75
14.2083
9
-2.125
-7.5
-5.25
-6.33333
-9.83333
-5
-0.375
-3
-1.29167
4.75
2.5
-2
-0.708333
-4.25
-9.29167
-6.83333
-4.875
-5.41667
-3.625
3.08333
12.3333
12.8333
5.16667
0.583333
0
0
0
3.16667
12
15.875
8.08333
-0.125
-5.08333
-10.875
-13.2917
-10.5417
-4.54167
2.41667
2.625
-2.66667
-1.29167
4.75
2.54167
-1.66667
1.83333
2.16667
-3.79167
-8.875
-11.9583
-10.2083
-6.5
-4.125
4.79167
15.7083
15.5833
6.66667
-2.16667
0
1.41667
10.5417
20.9583
12.7917
-2.29167
-6.29167
-12.25
-18
-12.125
-5.58333
-2.95833
1.29167
3.75
3.125
3.04167
3.45833
3.5
3.875
4.66667
1.25
-3.29167
-3.66667
-9.75
-17.25
-14
-9.375
-4.20833
10.375
21.9583
15.2083
0.25
0.833333
7.95833
20.3333
19.4167
2.41667
-8.95833
-14.2917
-22.3333
-20.6667
-8.70833
-0.208333
3.70833
6.04167
5.70833
3.75
2.875
3.04167
3.33333
4.125
5.91667
6
3.58333
1.08333
-6.125
-18.4583
-23.625
-18.0833
-11.1667
0.291667
20.125
24.4583
6.95833
4.41667
17.2917
24.7083
12.375
-6.75
-19.5417
-29.5417
-28.2083
-9.625
4.83333
5.08333
4.04167
6.125
6.04167
3.83333
2.875
3
3.375
4.20833
5.83333
5.875
4.20833
6.25
6.66667
-7.29167
-27.75
-32.625
-21.9583
-8.25
11.625
26.5
16.7083
10.9167
26.875
23.1667
2.04167
-17.75
-37.4167
-40.625
-15.5833
7.75
9.79167
4.54167
4
6.375
6.33333
4.16667
2.91667
2.41667
3
4.54167
6.29167
6
4.04167
5.875
9.20833
6.75
-10.4583
-36.875
-41.25
-22.4583
0.916667
24.125
25.5
19.1667
33.4167
18
-12.4583
-37.7083
-49.8333
-29.7083
2.5
13.5833
10
8.125
10
8.20833
3
0.333333
0
0
0.0416667
0.333333
2.58333
6.875
9.625
10.375
10.0833
11.5
6.04167
-23.9167
-50.8333
-42.1667
-13.8333
16.4583
29.6667
29.625
35.5417
6.04167
-33.375
-56.6667
-44.75
-9.375
11.75
17.25
18.0417
12.3333
4.70833
0.791667
0
0
0.0416667
0.458333
0.583333
-0.25
-0.125
4.08333
9.5
7.41667
4.54167
14.3333
21.5833
-2.125
-43.5417
-57.0833
-36
0.166667
32.4167
38.9167
32.2917
-12.1667
-53.5
-63.9167
-33.2083
7.58333
24.5417
25.25
15.2083
4.375
1.125
-2.83333
-3.04167
1.58333
2.29167
2.20833
1.75
-2.20833
-3.29167
2.91667
6.625
-0.208333
1.45833
21.4583
33.625
13.375
-32
-61.0833
-54.4583
-19.75
28.2917
47.125
23.2083
-35.25
-65.25
-59.0417
-19.2917
25.875
35.0833
19.7917
3.5
-1.25
2.04167
-0.875
-3.66667
0.416667
5.5
5.41667
-3
-6.75
-0.666667
5.04167
5.875
0
-1.375
10.8333
30.9583
30.4583
-11.9583
-54.25
-66.5833
-42.625
19.1667
51.4583
10.4583
-53.5833
-72.6667
-52.2083
0.25
41.375
31.5417
9.20833
0.125
-0.791667
2.04167
0.416667
-2.375
-1.95833
9.70833
20.125
0.166667
-17.25
-7.08333
2.91667
3.875
-1.125
-10
-11.9583
19.5
54.3333
19.7917
-44.2917
-72.25
-57.875
5
52.2917
-2.83333
-65.9167
-77.1667
-43.7083
23.9583
52.375
23.125
4.45833
1.625
-3.20833
-3.45833
-2.875
-9.25
-13.2917
19.2917
49
5.79167
-34.125
-15.625
2.66667
3.66667
-1.125
-13.375
-29.7917
-1.5
67.7083
54.8333
-30.8333
-75.7917
-68.3333
-9.625
51.375
-13.2083
-74.9583
-80.375
-30.4167
50.4167
58.375
7.04167
-7.04167
-0.583333
-3.25
-3.29167
-2.54167
-14.875
-24.7083
26.7083
75.125
11.625
-49.2083
-23.9583
1.25
0.583333
-4.70833
-14.875
-34.25
-9.83333
74.2083
76.625
-21.0833
-79.1667
-74.125
-19.5417
49.125
-18.4583
-79.375
-82.3333
-18.2083
68.9583
60.2083
-4.625
-16.5417
-3.58333
-3.75
-4.16667
-4.41667
-19.6667
-29.5
30.0417
85.5833
16.5833
-55.5417
-29.3333
0.958333
-1.83333
4.5
4.16667
-38.4583
-32.7917
67.9167
90.25
-12.125
-80.5833
-76.5
-24.8333
49.5417
-18.3333
-81
-83.8333
-15.375
73.3333
60.125
-9.5
-20.2917
-1.95833
-2.45833
-4.79167
3.875
-12.0417
-42
18.5
94.7917
23.8333
-64.5833
-34.9583
7.16667
1.75
3.5
3.79167
-38.5833
-32.875
68.0833
90.7917
-11.9167
-80.7917
-76.9583
-25.625
50.875
-15.5417
-78.125
-82.2083
-21.3333
70.7917
65.3333
-15.4583
-27.4583
4.66667
3.70833
-5.75
2
-11.4583
-41
15.25
91.6667
28.625
-60.0417
-37.5833
5.04167
2.41667
-0.416667
-2.70833
-32.0417
-16.7917
70.7917
77.5
-20.5
-78.0833
-74.375
-24.4167
52.3333
-8.04167
-71.2917
-79.3333
-31.2083
56.8333
67.1667
-6.79167
-25.375
3.45833
3.16667
-5.75
0.708333
-12.75
-38.625
11.0417
76.9583
25.4583
-49.5417
-31.1667
7.16667
4.41667
0.625
1.79167
-17
-0.666667
63.0833
50.3333
-32.9167
-74.0833
-71.1667
-18.7083
52.0833
4.25
-60.0833
-76.1667
-42.125
35.4167
62.0417
2.33333
-23.5417
0.75
5.58333
-0.25
4
-5.875
-27.2917
1.45833
48.0833
19.8333
-32.6667
-22.625
7.41667
4.625
0.625
4.95833
0.375
20.625
50.875
15.625
-46.3333
-70.4167
-62.4583
-5.45833
49.9167
18.0833
-45.125
-70.8333
-52.4583
6.125
44.7083
14.9167
-6.5
5.91667
5.625
-0.416667
3.66667
-0.25
-15.875
-5.95833
21.9583
14
-17.5833
-14.2917
8.83333
7.70833
4.20833
10.2917
11.25
23.75
31.4583
-7.45833
-53
-67.4167
-49.75
10.75
43.2083
28.375
-23.25
-59.75
-61.9583
-19.25
23.2917
16.25
9
16.625
8.5
0.458333
5.54167
4.54167
-11.0833
-9.33333
11.0417
8.45833
-11
-8.75
5.5
4.75
3
12.75
23.125
28
14.5
-27.2917
-59.5
-58.7083
-29.8333
23.5417
33.625
34.1667
-1.375
-43.7917
-62.1667
-32.625
7.08333
7.54167
7.70833
21.125
14.7917
2.625
0.0833333
-0.0416667
-0.166667
-0.0416667
0.0833333
0.0416667
0
0
0.0416667
3.25
11.8333
17.9167
17.0833
15.1667
0.416667
-36.625
-60.2083
-45.7083
-7.75
31.5417
23.25
34.75
14.9167
-22.9583
-50.9167
-46.625
-14.2917
7.70833
9.29167
10.9167
13.875
10.2083
3.875
0.625
0
0
0
0
0
1
4.875
11.0417
14.0417
11.125
9.70833
6.91667
-16.0833
-47.0417
-49.9167
-24.5
9.91667
33.5833
13.875
30.6667
23.0417
-5.04167
-29.5417
-44
-32.4583
-5.08333
6.79167
7.45833
7.91667
7.5
6.70833
5.375
3.29167
1.41667
0.875
1.79167
3.66667
5.875
7.29167
7.25
7.54167
8.125
7.66667
-5.875
-34.8333
-44.7083
-29.2917
-7.375
20.9167
32.2917
6.79167
22.0833
25.7083
7.58333
-11.7083
-27.0833
-36.2917
-23.875
-2.75
6.79167
8
6.79167
4.04167
2.33333
3.33333
5.5
6.75
5.20833
2.125
2.20833
5.25
7.08333
7.83333
8.08333
-2.625
-27.7917
-38
-24.2083
-12.0417
3.66667
25.0417
24.875
1.625
12.0833
24.625
16.875
-2.04167
-13.625
-22.875
-25.7083
-17.0417
-3.875
5.625
6.91667
3.91667
2.375
3.375
5.41667
6.75
5.20833
2
2.08333
5.29167
7.375
6.79167
-2.375
-21.25
-31
-21.0833
-10.2917
-3.5
14.125
25.2083
14.4167
0.125
4.91667
16.2917
19.8333
8.08333
-5.70833
-13.0833
-16.5
-16.625
-10.6667
-3
0.791667
2.08333
2.625
3.58333
5.29167
6.54167
5.29167
2.375
2.125
4.04167
1.66667
-4.95833
-12.3333
-19.125
-18.625
-10.6667
-3.625
6.08333
18.5833
17.875
6.33333
0
0.833333
6.875
16.5417
15.7917
2.125
-7.58333
-8.5
-11.0417
-12.7083
-6.25
1
-0.416667
-2.875
2.29167
4.95833
2.29167
2.70833
2.58333
-1.125
-1.75
-1.91667
-7.875
-12.3333
-11.4583
-10.0417
-7
2.625
15.9167
17.875
7.625
0.833333
0
0
1
7.375
16
11.4167
-1.79167
-5.125
-3.08333
-4.625
-7.25
-9.16667
-7.375
-1.08333
2.08333
2.375
3.375
3.95833
3.66667
-3.41667
-12.4167
-12.3333
-6.875
-2.54167
-3.29167
-7.75
-2.625
13
17.7917
6.875
-2.16667
-0.833333
0
0
0
1.04167
6.83333
12.5417
8.08333
0.0833333
-0.875
2.16667
1.91667
-4.20833
-14.2083
-12.6667
3.33333
6.70833
-1.29167
-3.25
-3.5
-10.3333
-16.9583
-3.79167
5.95833
-3.29167
-6.54167
-2.41667
12.0417
20.0833
6
-5.625
-10.8333
-7.125
11.2778
17.9259
21.1667
21.7963
19.0185
12.7593
4.53704
-7.44444
-22.6481
-40.1481
-56.9815
-71.9259
-82.7037
-88.4815
-88.537
-83.4259
-72.3333
-58.2407
-40.1481
-23.4444
-7.11111
5.07407
13.8148
20.1296
23.2407
23.3519
20.6481
14.1111
17.6296
18.9259
16.2593
9.62963
-0.814815
-13.0185
-27.2593
-44.5
-64.0741
-83.7778
-98.5926
-109.019
-115.593
-118.37
-118.704
-115.796
-109.63
-99.7222
-85.4259
-67.1296
-47.4815
-29.6296
-15.037
-2.46296
8.24074
15.963
19.3333
18.2037
16.0741
11.5185
1.27778
-10.5741
-22.6852
-34.8704
-47.5926
-61.5
-73.537
-80.9815
-83.3333
-79.5185
-75.3148
-72.3704
-72.037
-74.9074
-79.6296
-83.2407
-81.8333
-75.4815
-65.3704
-51.2778
-38.2407
-26.2407
-13.8148
-0.648148
9.7963
14.7778
7.88889
-2.62963
-14.0926
-25.3333
-33.4444
-39.9444
-47.3889
-52.2593
-51.1111
-45
-33.6667
-20.7963
-9.48148
-2.87037
-2.48148
-8.57407
-19.6852
-32.1852
-44.4074
-51.537
-54.3889
-50.7778
-43.4074
-36.7407
-28.8148
-18.9815
-7.75926
3.01852
-4.2963
-14.7593
-23.7222
-28.4074
-29.2407
-31.0741
-32.1111
-25.5
-13.3704
3.66667
21.1296
37.1852
48.2222
53.9815
54.463
48.9444
38.9074
23.2963
5.61111
-11.037
-24.2222
-32.1296
-32.5556
-30.7407
-29.8519
-27.4074
-18.963
-8.40741
-13.7593
-21.8889
-23.2778
-21.0741
-17.2778
-15.9444
-10.7778
0.333333
13.7593
28.9444
42.5
49.463
53.1667
54.2407
54.0556
53.2407
50.3519
43.4815
30.3148
15.3519
2.90741
-8.83333
-15.2222
-16.2407
-19.5741
-24.1667
-23.1667
-15.5
-18.1852
-19.3148
-15.0741
-8.25926
-5.51852
-4.09259
3.55556
13.3333
23.8148
34.6667
38.6481
37.3889
34.0926
31.7222
31.6667
34.3148
39.463
42.2593
38.7963
28.7593
18.8333
9.68519
1.18519
-1.24074
-3.42593
-11.4259
-17.1667
-16.5926
-16.4074
-12.2593
-5.44444
-0.37037
-1.35185
2.53704
11.463
16.1481
23.963
26.7407
22.9074
16.6481
12.5185
10.2778
10.2778
12.3333
18.0185
25.8333
30.0556
28.5926
21.2778
16.3333
8.53704
3.68519
4.7037
-0.592593
-8.72222
-13.2593
-9.92593
-2.51852
2.16667
4.7037
2.16667
7.83333
13.0741
16.3333
21.6481
18.9074
11.537
8.14815
5.33333
4.27778
4.48148
5.24074
8.92593
14.6667
23.4259
28.3148
21.6852
18
13.7037
7.25926
8.44444
6.24074
0.574074
-8.18519
-3.11111
2.09259
4.16667
3.5
3.5
9.35185
12.0185
16.2222
17.3889
10.9259
5.85185
7.94444
10.2037
13.6296
17.1852
19.9444
20.463
22.7407
32.7778
42.463
38.1111
30.5185
25.3333
16.5
11.5556
12.5926
9.7037
-0.333333
0.314815
3.7037
5.25926
5.81481
11.7963
17.7407
19.0556
27.2222
25.9815
19.8889
16.8148
22.7593
26.6852
30.7963
35.3704
41.3704
43.0556
44.9259
56.3148
65.963
63.1111
52.6667
46.0556
36.0741
24.1111
21.2963
16.1481
4.7037
2.88889
5.62963
8.81481
11
20.6296
26.5741
30.2593
38.037
37.5
32.463
30.0926
34.5
40.963
46.463
51.8704
58.2222
60.8333
62.1667
67.6296
72.8333
71.8333
60.6296
50.8704
39.8333
24.7963
19.0185
11.8889
6.25926
4.12963
8.83333
14.6852
21.1481
32.1667
39.5926
45.6667
50.9815
52.3704
48.7407
44.1296
37.3148
33.3704
25.7037
17.5741
10.6296
4.2963
-1.81481
-6.27778
-7.94444
-2.96296
-1.83333
-1.16667
-0.444444
-2.59259
-3.2037
-2.61111
1.64815
4.81481
7.64815
10
12.9074
14.3148
13.5926
13.6111
6.22222
4.40741
3.07407
-0.222222
-14.3148
-21.9815
-32.9259
-44.4444
-56.9444
-67.1296
-79.3704
-95.6667
-104.333
-91.2407
-77.9074
-66.6667
-54.3889
-42.8333
-33.7407
-21.3148
-5.05556
0.777778
-0.796296
-5.44444
-7.7963
-14.7963
-22.963
-30.3704
-46.9444
-55.1111
-51.6296
-50.9074
-64.8333
-76.7778
-90.6667
-104.574
-118.685
-130.222
-140.87
-156
-164.278
-145.944
-120.648
-99.5
-77.2963
-55.5
-40.0926
-21.5
-6.07407
-3.22222
-12.2407
-24.8889
-35.2963
-49.5
-64.9815
-79.2407
-101.111
-112.5
-105.463
-97.0185
-94.6852
-93.2593
-88.6481
-83.7963
-79.3889
-74.6111
-72.1111
-80.8704
-86.037
-74.963
-56.6481
-46.3148
-35.7222
-25.8333
-20.8704
-12.8148
-3.64815
-3.85185
-12.2593
-21.5185
-28.1111
-32.5
-39.6667
-46.3333
-56.8333
-68.8519
-63.4259
-55.037
-45.6111
-44.0556
-35.7593
-27.4074
-18.8519
-10.0741
3.18519
6.25926
8.07407
11.2222
20.7222
19.6111
18.3148
14.537
9.53704
5.72222
2.88889
-0.166667
-7.2037
-8.7963
-9.75926
-4.64815
-3.68519
-2.85185
-0.944444
-7.61111
-8.31481
-0.833333
9.94444
14.6667
25.5
36.2037
46.5556
56.2407
67.9074
73.7407
78.5741
75.3333
69.7407
58.5556
46.8889
31.1296
20.1481
10.1296
4.2037
3.12963
5.07407
11.4815
16.9815
29.537
39.6667
47.2222
58.6481
55.4259
48.2037
46.6111
46.963
44.5741
44.0926
43.6296
43.1111
42.7963
46.7222
55.4074
63.7778
62.7593
53.6852
46.3333
37
23.6852
18.7778
12.7407
3.85185
2.14815
7.48148
14.0185
17.5556
24.1852
33.9444
39.4444
49.0185
52.8519
43.463
38.2963
35.6296
37.3148
35.537
33.8889
32.2222
30.3519
27.5185
34.7963
43.4259
40.7963
29.4074
25.7963
18.1296
11.2407
10.6667
7.16667
-0.259259
-4.2963
7.05556
13.4259
16.2222
16.3704
24.8889
30.0185
35.3519
41.7037
35.2778
23.9259
18.0556
17.4259
14.5926
12.1667
10.3148
9.88889
10.2037
18.537
23.9444
19.4815
13.6296
11.2593
5
5.51852
5.7037
1.62963
-6.74074
-11.2778
-3.27778
2.98148
6.46296
4
8.33333
14.3889
17.963
26.0185
25.6852
17.7593
11.9815
10.3148
8.53704
8.68519
11
15.0185
19.2593
24.2593
23.3889
16.5741
11.4074
5.55556
0.12963
2.35185
-1.05556
-7.74074
-12.8333
-16.6111
-13.6667
-8.37037
-1.92593
-1.16667
0.907407
9.75926
17.0926
26.4074
33.0741
31.6852
28.4815
24.6296
22.9259
23.1111
25.4074
29.8148
32.9074
31.4259
23.7963
15.0556
7.64815
-2.48148
-5.88889
-5.98148
-12.5185
-17.537
-17.6111
-15.7407
-21.2222
-20.8333
-16.0556
-11.6296
-10.9444
-3.46296
8
19.8333
32.463
42.0926
46.4074
46.9815
46.1852
46.4074
47.3889
46.7593
42
32.1111
19.5185
8.25926
-4.27778
-12.963
-14.2778
-17.6296
-21.9815
-21.7222
-15.9815
-10.2037
-20.1111
-26.7778
-28
-26.2593
-26.4444
-23.3889
-13.6111
0.648148
16.2593
32.7037
46.2407
54.7037
58.5926
58.537
54.0926
45.9259
31.8333
15.9444
0.962963
-13.5556
-24.1852
-28.0185
-27.3333
-28.1296
-26.9074
-19.5
-10.0741
0.111111
-10.5185
-21.3519
-30.2778
-34.963
-39.463
-44.7222
-44.3519
-37.5185
-24.5556
-8.7963
5.55556
16.6667
22
22.5556
16.6296
5.18519
-9.5
-23.963
-37.4444
-44.463
-44.8519
-38.8704
-34.2222
-28.9074
-20.0556
-9.09259
0.5
10.9259
4.01852
-7.09259
-19.2407
-30.3333
-39.463
-50.2222
-61.4074
-66.037
-65.3704
-60.1481
-52.2593
-44.7222
-39.2037
-38.0556
-42.6667
-48.9074
-56.7222
-61.8889
-62.8704
-57.2963
-45.2037
-33.6667
-24.6667
-13.1667
-2.09259
8.35185
15.7037
16.537
16.1296
10.8519
1.25926
-9.94444
-21.2037
-33.3333
-48.0926
-63.9074
-73.463
-79.8519
-82.2778
-81.537
-79.5556
-76.6481
-76.9815
-75.5556
-68.4074
-61.3519
-49.6296
-33.2963
-16.1111
-1.24074
10.1852
23.6111
33.2778
35.4074
35.4815
11.2778
15.3704
13.5556
6.68519
-3.14815
-10.463
-15.5741
-14.2222
-10.4259
-3.2037
-0.925926
1.12963
-0.259259
2.24074
1.68519
2.7963
0.944444
0.537037
-3.7037
-8.16667
-13.3889
-14.037
-12.2407
-5.64815
2.74074
12.5185
16.2037
13.8333
17.8519
16.6481
8.75926
-3.64815
-13.4815
-18.1296
-17.1481
-10.5
-4.18519
1.5
1.12963
1.48148
-0.259259
2.24074
1.68519
2.81481
1.14815
2.38889
0.685185
-1.74074
-9.31481
-15.0741
-19.3148
-15.5185
-7.2037
6.68519
16.3889
19.2593
19.7963
12.6852
-1.77778
-14.463
-21.9074
-19.3148
-12.9815
-3.61111
0.240741
3.2963
1.16667
1.48148
-0.259259
2.24074
1.68519
2.81481
1.14815
2.42593
2.33333
2.51852
-2.59259
-10.6111
-20.1852
-23.5185
-18.0926
-3.87037
12.0741
21.0556
18.6667
3.87037
-13.5926
-24.6111
-24.4444
-15.6667
-5.88889
1.01852
2.27778
3.33333
1.16667
1.48148
-0.259259
2.24074
1.68519
2.81481
1.14815
2.42593
2.37037
4.35185
1.88889
-3.66667
-16.0741
-25.3519
-27.4259
-15.4815
2.40741
18.7407
13.4815
-7.81481
-25.5
-30.5185
-23.0741
-9.68519
-1.66667
0.944444
-0.537037
0.444444
2.07407
4.40741
4.66667
5.14815
5.12963
5.77778
4.7963
3.18519
0.444444
0.740741
1.33333
-0.12963
-9.22222
-22.8519
-32.0741
-27.5185
-9.7963
12.537
5.07407
-20.7222
-35.1667
-33.2963
-21.1667
-8.33333
-3
0.444444
2.31481
6.05556
7.05556
7.07407
5.5
5.01852
5
6.12963
7.12963
7.64815
6.03704
3.57407
1.40741
-1.05556
-7.38889
-21.1296
-34.6296
-37.0556
-22.2778
3.11111
-6.57407
-34.6481
-44.0185
-37.037
-19.8519
-5.14815
2.83333
6.88889
7.14815
8.27778
7.53704
7.22222
5.87037
5.33333
5.5
6.31481
8.68519
10.3148
10.3519
5.7037
1.66667
-0.87037
-4.59259
-16.2407
-34.6481
-44.0926
-35.9444
-9.2037
-19.7407
-49.8148
-54
-40.1481
-13.0185
4.2037
12.7407
11.1481
8.62963
6.51852
6.35185
6.59259
7.51852
7.11111
6.72222
5.5
7.01852
8.72222
9.94444
7.31481
5.88889
7.88889
5.59259
-8.09259
-35.5741
-54.037
-51.7222
-23.7037
-37.4259
-65.0185
-60.1111
-33.0185
-1.5
14
16.6296
14.3333
12.5926
10.5741
6.75926
4.48148
4
4.05556
0.481481
-0.981481
1.09259
8.88889
15.3704
15.4259
13.1296
10.9444
10.1481
-1.24074
-28.0556
-56.6481
-64.9815
-41.5185
-57.7222
-77.963
-60
-21.3889
11.3333
23.963
24.3519
19.3333
13.4444
6.48148
1.51852
2.61111
7.75926
12.3519
5.62963
-2.55556
-9.2037
-3.14815
5.55556
10.2407
9.77778
7.85185
13.1111
12.1111
-7.38889
-46.463
-71.5741
-60.6667
-77.7407
-85.5741
-52.6852
-1.7963
29.8519
36.5185
27.8889
14.4444
3.81481
-5.61111
-8.96296
-3.01852
13.0741
26.7963
17.5926
-1.18519
-18.1667
-12.7963
-2.74074
2.18519
0.388889
0.0555556
14.5
26.5185
16.1667
-30.2037
-72.8519
-77.3519
-92.0556
-84.9815
-35.2407
20.3889
43.0185
34.5185
17.7593
3.92593
-1.44444
-9.7037
-13.8519
-7.22222
17.1852
39.1296
28.4815
0.111111
-26.3889
-21.6667
-10.7593
-6.05556
-9.66667
-6.03704
18.9259
43.2778
38.4074
-15.2593
-73.7778
-92.0185
-103.315
-80.6111
-17.5926
41.5926
50.8889
28.0926
4.27778
-5.40741
-6.01852
-12.8148
-17.9815
-10.9074
18.9815
44.3704
35.1296
0.62963
-27.8704
-24.0926
-7.44444
-3.55556
-9.96296
-14.6111
12.9444
45.8333
53.3519
-2.09259
-70.4444
-102.407
-111.352
-78.8519
-8
52.3519
54.9259
24.2593
-1
-7.77778
-3.37037
-9.7037
-15.8889
-15.4259
16.5741
42.3519
39
-1.83333
-30.463
-27.9815
-5
-1.22222
-10.4074
-17.7963
10.2222
50.5556
62
6.42593
-69.5926
-109.556
-115.167
-76.5185
-1.44444
58.6481
53.4815
18.5926
-6.59259
-7.11111
-1.27778
-7.62963
-15.9074
-15.5
16.5
42.3333
39.037
-1.7963
-30.4444
-27.9815
-5
-1.22222
-11.8333
-19.2593
8.83333
53.537
66.0556
10.5741
-70
-112.963
-113.556
-76.1852
-3
56.9815
52.1667
19.1296
-6.01852
-6.5
-1.27778
-7.62963
-15.9074
-15.5185
16.2963
42.0185
38.5926
-2
-32
-30.4444
-7.14815
1.35185
-4.74074
-12.5926
10.5741
48.7778
61
7.07407
-69.7037
-112.093
-108.13
-77.2037
-9.51852
50.7222
48.4444
20.7222
-4.55556
-4.88889
-1.12963
-5.87037
-14.4259
-14.5556
14.7222
40.0185
37.0926
-1.24074
-30.0741
-28.5926
-6.74074
0.685185
-3.33333
-10.1667
13.3889
44.7037
53.5926
-0.907407
-70.6667
-106.611
-97.7222
-78.5926
-20.2407
35.963
41.3519
22.7037
3.09259
0.388889
0.944444
-6.75926
-14.6667
-15.8889
13.8333
38.4444
38.7037
0.388889
-28.0926
-29.4815
-9.31481
-0.981481
-1.61111
-1.42593
19.4444
42.7778
39.0741
-13.3519
-74.7037
-97.0741
-82.8704
-76.3704
-31.2963
19.1481
30.4259
21.2778
8
5.81481
3.25926
-6.51852
-15.3333
-17.7593
8.74074
29.9815
33.4074
0.777778
-21.037
-22.9444
-3.14815
6.83333
11.9259
13.3519
24.2778
30.3889
14.1296
-33.6111
-78.5926
-84.6481
-65.4074
-71.2963
-41.4259
-0.111111
12.8519
11.1667
6.72222
12.1296
12.6852
4.35185
-5.75926
-12.4815
3.42593
15.537
21.4444
-0.611111
-12.2593
-13.7037
4.74074
15.037
22.1296
22.0741
24.2407
16.7963
-8.75926
-52.2222
-79.8333
-70.4259
-46.4074
-65.4444
-51.0741
-19.3333
-0.462963
6
7.2963
15.0185
17.7037
12.6111
3.31481
-6.55556
-0.407407
3.2037
10.5556
-1.46296
-1.88889
-0.0740741
17.2037
22.6111
23.7037
17.963
12.5926
0.111111
-28.3148
-59.7963
-72.6481
-50.5185
-28.6111
-54.3889
-54.8519
-33.537
-12.9444
2.38889
8
14.5741
16.5741
15.2963
10.8148
1.64815
1.64815
0.703704
6.74074
2.27778
4.18519
5.48148
12.6481
14
14.2963
14.3519
8.55556
-8.09259
-37.4815
-59.7222
-59.3519
-32.1111
-12.7222
-39.2222
-46.1481
-36.037
-21.1667
-6.81481
2.64815
11.2037
11.9074
9.90741
6.18519
5.48148
6.68519
7.81481
7.5
6.24074
5.14815
6.51852
8.25926
10.8519
10
7.64815
-3.53704
-18.8333
-39.7593
-49.2407
-42.3704
-15.7222
-0.12963
-26.9444
-38.7778
-34.7222
-20.2963
-8.77778
-0.685185
3.16667
6.61111
6.68519
6.25926
5.51852
6.75926
7.7963
7.40741
6.11111
5.03704
6.55556
7.83333
8.18519
4.42593
-1.61111
-11.2963
-23.6111
-35.6296
-38.9815
-27.0556
-2.53704
9.90741
-13.8889
-30.5
-32.3333
-21.7037
-9.16667
-1.16667
0.333333
1.31481
1.53704
3.7037
4.85185
6.81481
7.75926
7.42593
6.25926
4.7037
4.05556
2.5
1.40741
0.166667
-3.2963
-11.3519
-24.1667
-32.7963
-30.6852
-14.3333
8.81481
16.9444
-1.07407
-19.7963
-29.2778
-25.0741
-14.3519
-1.66667
3.03704
4.87037
1.38889
0.981481
0.833333
3.38889
4.33333
4.38889
2.74074
1.07407
0
1.03704
3.44444
2.87037
-3.74074
-16.3704
-26.5556
-28.8519
-19
-1.92593
16.1667
20.1481
9.35185
-8.03704
-21.1852
-24.2222
-18.2963
-6.22222
0.592593
3.85185
0.0185185
0.407407
-0.314815
3.5
3.68519
5.44444
2.88889
-0.0740741
-3.44444
-1.94444
1.18519
0.592593
-8.31481
-19.3889
-25.5
-20.2222
-8.42593
7.85185
17.537
19.0926
14.7963
3.01852
-10.5741
-17.3889
-17.537
-8.27778
-1.75926
2.14815
-1.96296
-2.74074
-0.111111
3.85185
4.61111
1.62963
-2.25926
-4.38889
-5.24074
-0.907407
0.148148
-4.68519
-13.6667
-20.7407
-15.4259
-7.66667
3.94444
8.51852
10.037
0
0
0
0
0
0
0.111111
2.61111
8.72222
17.8333
23.1667
24.1667
19.3333
15
6.5
2.55556
-2.27778
-1.83333
-7.38889
-12.2222
-19.7778
-23.0556
-23.2222
-17.1111
-9.38889
-3.05556
-0.666667
0
0
0
0
0
0
0
0
0
0
1.66667
8.38889
18.7222
29.0556
32.6667
30.1667
25.5556
19.6667
15.3333
6.44444
2.5
-2.44444
-1.88889
-7.61111
-12.3333
-19.8333
-23.8889
-29.8333
-31.2778
-29.5
-19.3333
-9.72222
-2.22222
-0.277778
0
0
0
0
0
0
0.111111
2.11111
11.7778
25.8889
39.8333
41.8333
34.4444
21.6111
7.05556
-3.55556
-10.5556
-7.5
-4.16667
1
2.27778
7.22222
9.05556
5.44444
-5.27778
-20
-31.1111
-39.4444
-37.7778
-29.1111
-15.2222
-5.27778
-0.666667
0
0
0
0
0.444444
4.22222
14.3333
30.7222
45
45.4444
28.2222
1.61111
-20.4444
-31.9444
-33.4444
-28.4444
-17.1111
-7.72222
1.33333
5.77778
16.7778
26.0556
34.7778
33.2222
22
1
-23.3333
-40.8333
-45
-35.5556
-19.4444
-6.88889
-0.777778
0
0
0
4.22222
16
33.8333
47
39.8889
16.4444
-17.2222
-40.0556
-53.1667
-52.8889
-45.3333
-33.1111
-17.4444
-7.61111
1.66667
5.94444
17.6667
29.8333
44.6667
51.8333
53.7222
43.0556
22.8889
-9.38889
-36.7778
-48.6111
-39.2778
-18.6667
-4.44444
1.66667
0
1.88889
14.0556
33.3889
51.2222
40.4444
8.11111
-35.1667
-60.1111
-68.8889
-63.1667
-50.7222
-35.6111
-20.3333
-10.0556
-3.61111
0.111111
3.27778
9.66667
19.1111
33.2222
48.6667
61.9444
67.6111
60.8889
37.6111
0.666667
-34.4444
-49
-36.1667
-15.7222
-1.77778
1.11111
10.6111
29.5556
47.0556
41.3333
7.05556
-40.1667
-72.1111
-79.8333
-64.5
-40.9444
-16.6667
1.83333
9.44444
10.1667
5.16667
0.944444
-3.88889
-8.94444
-10.2222
-4.61111
12.4444
37.8889
62.5
76.7778
71.2222
44.6111
2.5
-35
-45.2222
-30.8333
-10.7222
5.88889
23.0556
42.1667
41.8889
11.3889
-36.7778
-71.8333
-83.8333
-63.8333
-31.7778
3.38889
21.0556
24.6111
17.7778
11
5.11111
0.777778
-4.05556
-10.0556
-17.4444
-24.2222
-22.2778
-5.61111
26.3889
58.1111
78.1111
73.1667
43.2222
-1.55556
-38.6667
-44.5556
-28.0556
14.5556
35.5556
44.1111
21.1111
-29
-67.4444
-82.1667
-60.9444
-25.7222
11.6111
31.7222
34
27.2778
17.8889
10.7222
4.66667
0.666667
-3.66667
-9.66667
-17.5
-25.8333
-33.7778
-32
-16.2222
20.1111
54.9444
79
69.2222
34.4444
-15.2222
-43.2778
-38.2222
23.3333
36.8333
31.6667
-9.61111
-52.3889
-76.3333
-63.3333
-26.5556
15.2778
37.3333
38.1111
24.4444
12.2778
4
0.444444
0
0
-0.0555556
-0.444444
-3.61111
-10.3889
-22.6111
-36.5556
-40.5556
-18.3889
21.6111
61.7222
75.2778
56.8333
13.8889
-29.2222
-40.7222
27.7222
33.6111
12.2222
-32.4444
-64.2778
-67.1667
-33.8889
11.0556
37.8889
37.5556
19.6111
6.27778
1.05556
0
0
0.0555556
0.611111
0.944444
1.38889
1.16667
5
3.11111
-10.6111
-39.9444
-49
-22.8333
27.5556
64.7222
65.0556
35.4444
-6.72222
-33.2222
26.9444
24.3889
-7.88889
-45.5
-60.0556
-48.7222
-2.44444
29.3889
40.2778
22.4444
7.94444
1.77778
1
-2.83333
-2.77778
-1.83333
2.5
4.16667
4
0.833333
3.05556
5.72222
1
-21.2222
-46.7222
-37.5556
-5.05556
43.7778
59.0556
46.4444
11.7778
-24.2222
23.1111
17.1111
-21.6111
-47.1667
-51.8889
-24
18.9444
36.5556
30.2778
9.61111
-0.388889
-0.388889
-0.833333
-3.11111
-4.11111
0.333333
4.88889
7.55556
1.33333
-1.66667
0.5
5.83333
11.1667
-0.888889
-27.5556
-44.3333
-32.6667
12.7222
46.3889
46.2222
22.4444
-14.2222
17.7222
7.05556
-28.3889
-41.1667
-36.8333
0
26.0556
30
15.5556
1.88889
-1.22222
-0.388889
0.888889
-1.38889
-2.11111
7.55556
20.6667
33.0556
21.7778
11.7222
-4.5
-8.11111
-2.72222
3.44444
-12.0556
-48.0556
-57.7222
-25.8333
25.5
39.1111
26.5
-4.11111
11.2222
0.888889
-26.7222
-31.5556
-24.1111
18.3889
32.6111
33.4444
16.2778
10.8889
7.66667
4.94444
2.22222
-4.11111
-13.1667
-1.16667
24.4444
53.3333
39.9444
24.2222
1.05556
-2.22222
0.5
0.333333
-20.1667
-71.3889
-84.3333
-55.9444
7.72222
29.8889
25.1667
2.72222
6.05556
-2.83333
-19.6667
-20
-8.5
30.8333
42.2222
37.4444
18.5
12.4444
13.1111
8.77778
5.83333
-10.8889
-25.3333
-18.1667
24.6667
68.7222
65.2778
38.1111
3.66667
-8.72222
-20.1667
-29.2222
-47.9444
-73.7778
-73.3889
-48.3333
-0.333333
19.7222
20.0556
6.33333
2
-1.83333
-9
-8.83333
3.16667
34.0556
52.6111
49.9444
32.1111
17.7222
12.3889
5.44444
-3.16667
-25.7222
-45.0556
-49.3889
-14.7222
14.8889
23.5556
3.22222
-7.61111
-11.1111
-9.55556
-12
-14.2778
-19.3889
-18.8333
-13.0556
1.38889
9.55556
9.44444
4.05556
-0.888889
0.611111
2.61111
3
9.22222
18.5
29.8333
24.6667
6.83333
-10.1111
-14.7778
-10
-1.55556
-4.5
-8.11111
-32.5556
-27.8889
-34.8889
-15.2778
-27.9444
-18.3889
-20.3889
-11.1667
-3.61111
17.6111
45.7222
52.0556
35
7.5
-3.77778
-4.33333
-0.833333
-4.55556
3.11111
14.5556
14.8889
8.44444
-8.16667
-12.0556
-11.1667
-18.7222
-20.7222
-22.9444
-11.4444
-3.16667
10
20.2222
-5.16667
-35.6111
-75.8889
-57.9444
-48.2222
-15.9444
-7.38889
14.5
32.8333
58.7222
83.9444
78.5
49.6111
2.72222
-16
-17.1667
-6.16667
-9.22222
2.05556
23.8333
26.2778
10.2222
-34.3333
-58.6111
-57.2222
-44.1111
-26.4444
-19.3333
-4.77778
9.66667
34.5
53.6667
35.3889
-6.61111
-48.5
-41.3889
-23.5
-0.833333
4.11111
4.61111
10.3333
26.8889
65.8333
71.2222
48.2778
-5.55556
-26.5
-24.3333
-7.66667
-14.7222
-4.16667
28.3333
36.1111
21.8889
-27.7222
-59.4444
-56
-33.3889
-8.38889
-1.44444
3.44444
-1.55556
11.5556
24.0556
35.4444
0.833333
-22.6667
-28.6667
2.88889
14.2778
16.7778
4.61111
5.94444
17.9444
42.5
44.4444
18.7778
-23.6111
-35.9444
-26.2222
-1.44444
-20.2222
-13.1111
25.6111
43.3333
39.5556
-8.38889
-48.3333
-54.8333
-21.8889
2.44444
10.3333
3.05556
-1.83333
4
9.22222
23
6.05556
-0.388889
-8.66667
11.7778
11.7778
10.2778
-5.61111
-3.38889
14.0556
32.0556
26.9444
-8.72222
-41.1111
-43.4444
-24.4444
8.77778
-25.7778
-22.7778
14.3889
46.5
56.1111
28.9444
-14.9444
-36.7222
-24.5556
-5.77778
5
-0.277778
-7.38889
-7.38889
-6.5
6.38889
0.0555556
-0.388889
-5.33333
7.33333
7.33333
6.33333
4
17
36.7222
30.4444
4.05556
-41.0556
-59.5556
-48.6667
-17.6111
22.2222
-28.0556
-29.6667
-3
40.6111
63.8333
54.8889
13.6111
-26.2222
-34.5556
-26.1667
-7.5
-3.5
-0.111111
-0.111111
0
0.111111
0.111111
0.0555556
0
0
0.0555556
4.33333
15.9444
36.6667
41.5556
17.8889
-24.9444
-60.3889
-64.8333
-42.6667
-3.55556
29.8889
-26.6667
-35.6111
-22.5556
23.9444
60.3333
73.6111
50.0556
8.44444
-27.7778
-42.1667
-32.3333
-16.1111
-5.16667
-0.833333
0
0
0
0
0
1.33333
6.5
18.7222
35.5556
43.6667
24.7778
-13.3889
-52.8889
-71.3333
-61.1667
-27.3333
17.3333
37.5
-18.1667
-34.6111
-37.2222
-3.83333
41.1111
72.3333
71.8333
43.3333
5.5
-26.1667
-36.2778
-31.8333
-20.7222
-12.2778
-5.61111
-2
0.111111
2.61111
6.5
14.2222
22.8889
34.6111
36.8333
23.5556
-11.4444
-47.8333
-71.5556
-70.5
-41.2778
0.555556
36.3889
36.6667
-9.05556
-28.3889
-42.3333
-31.8889
10.1111
52.0556
76.5
70.2778
45.1111
11.2778
-15.2222
-25.5556
-23.9444
-18.9444
-13.8333
-7.27778
1.33333
9.66667
15.1111
19.9444
24.9444
26
12.8333
-15.8889
-48.7778
-70.2778
-76.1111
-54.5556
-14.4444
30.9444
46
32.7778
-2.16667
-16.1111
-36.6667
-46.8333
-25.8889
16.6667
55.6111
74.2222
72.0556
52.7222
25.8889
-0.111111
-13.2778
-17.0556
-13.5556
-7.05556
1.55556
9.83333
15.1667
17.2222
11.9444
-2.61111
-27.7222
-53.3333
-70.2778
-75.1667
-58.7778
-22.5556
23.8333
48.5
41.2778
19.2222
-0.166667
-6.55556
-22.2222
-43
-45.6111
-24.8333
15.8333
48.6111
69.2222
70
59
39.5556
20.3889
6.11111
-1.77778
-2.5
1.77778
5.05556
2.77778
-7.66667
-21.3889
-41.2778
-57.3889
-69.5
-68
-52.1111
-21.1667
20.6111
45.3889
46.5556
25.3333
8.44444
0
-1.11111
-9.16667
-25.3889
-44.1111
-47
-27.7222
6.05556
37.6667
54.6667
59.8889
52.7778
42.7222
30.6667
21.9444
11.8889
0.277778
-12.0556
-19.7222
-28.7222
-39.5556
-54.5
-59.2222
-57.5556
-38.3333
-12.2222
25.7778
46.2222
47.3889
27.1667
10.1667
1.11111
0
0
-1.33333
-9.83333
-25.3333
-41.9444
-46.1667
-32.9444
-7.72222
20.3889
39.5556
45.0556
41.1111
31
24.8333
12.2222
1.77778
-10.8889
-15.8889
-24.8889
-34.8333
-46.8333
-43.5
-27.7222
3.27778
32.7778
50
46
27.7778
8.83333
-1.77778
-6.05556
0
0
0
-1.38889
-9.11111
-20.8889
-35.3333
-40.2778
-35.1667
-16.6111
7.61111
25.5556
30.0556
26
21.3333
19.3333
9.05556
-3.16667
-11.8333
-21.1667
-24.2778
-23.7778
-4.27778
19.3889
34.4444
44
38
31.1111
15.3333
2.05556
-11.9444
-22
12.18
21.16
31.92
40.72
44
41.5
32.48
18.52
3.08
-9.68
-16.9
-19.32
-16.28
-9.34
-0.44
7.56
15.08
18.98
17.78
11.28
-0.16
-14.56
-29.24
-39.02
-43.52
-41.1
-33.84
-23.1
21.32
33.16
44.32
45.98
39.26
25.76
5.38
-17.18
-32.48
-39.2
-38.26
-32.1
-21.3
-10.18
0.04
9.06
20.54
31.02
38.1
39.64
34.48
20.38
-1.14
-22
-37.5
-45.06
-44.96
-35.48
32.84
44.58
45.54
36.04
18.32
-6.42
-33.44
-49.46
-56.32
-55.02
-45.68
-33.18
-21.38
-10.26
0.24
9.26
20.78
31.86
44.8
54.44
57.62
51.86
37.24
10.66
-15.64
-34.32
-45.38
-46.18
43.54
46.12
36.08
15.54
-13.14
-44.92
-64.46
-72.4
-71.2
-61.7
-45.92
-33.42
-21.5
-10.18
0.32
9.14
20.7
31.94
44.84
58.94
70.14
72.64
66.22
47.56
18.14
-10.86
-33.04
-44.92
45.88
37.58
16.5
-14.48
-49.04
-75
-83.6
-79.52
-65.68
-45.52
-25.44
-13.74
-5.22
-0.22
1.4
0.74
5.46
12.3
23.92
41.02
61.72
76.98
83.02
75.6
53.38
21.18
-11.12
-34.16
40.58
21.24
-11.04
-47.42
-76.18
-89.48
-83.38
-63.36
-36.86
-13.56
1.82
8.52
9.38
5.98
0.92
-4.68
-8.26
-8.74
-2.8
10.3
32.96
58.7
80.32
87.98
79.1
51.3
16.12
-17.44
28.6
-1.98
-40.74
-71.3
-86.94
-84.08
-60.96
-29.36
-3.2
13.02
20.12
18.26
12.68
6.74
1.22
-4.58
-8.66
-13.98
-16.54
-12.06
2.74
23.88
52.3
76.6
84.34
70.06
42.84
7
10.36
-27.34
-58.36
-79.76
-80.92
-61.1
-26
1.18
21
28.7
27.1
17.82
12.08
6.76
1.46
-4.18
-7.86
-14.56
-23.46
-27.58
-21.18
-6.02
18.36
53.16
77.56
77.7
60.02
31.74
-9.82
-42.8
-65.24
-74.78
-61.16
-28.44
2.14
23.56
35.26
34.06
25.74
18.06
11.94
7.16
2.3
-3.02
-8.94
-15.42
-22.36
-30.94
-33.06
-24
-5
21.38
54
68.6
62.48
42.32
-24.76
-49.46
-63.84
-61.16
-35.4
-2.36
20.94
35.08
37.58
26.88
15.96
12.1
11.16
12.24
16.02
19.54
15.04
8.1
-1.16
-17.54
-36.82
-43.18
-36.78
-21.96
8.84
38.34
48.72
40.94
-32.12
-47.64
-52.52
-37.76
-6.3
23.26
39.54
45.8
38.48
19.24
5.62
3.5
4.9
8.96
21.24
32.98
29.72
24.38
16.52
-3.18
-33.44
-52.06
-58.12
-55.94
-32.56
5.24
28.92
33.2
-31.36
-35.58
-31.7
-8.82
21.42
42.66
47.48
45.14
31.74
9.46
-4.94
-3.32
0.48
5.54
23.68
40.7
32.68
24.38
16.94
-5.4
-38.44
-54.86
-60.88
-66.94
-50.06
-13.56
14
22.06
-24.88
-19.5
-12.82
15
41.94
53.96
47.6
41.48
23.6
-0.7
-15.38
-10.9
-7.88
-4.36
15.74
35.06
28.32
21.42
20.9
3.12
-27
-43.98
-49.72
-66.32
-59.98
-28.92
-0.56
7.54
-15.4
-8.3
-2.28
20.38
40.3
44.8
38.1
32.72
21.74
1.46
-10.46
-8.22
-2.5
-5.22
14
32.88
29.86
17.94
15.94
-1.26
-28.06
-44.18
-47.68
-56.68
-53.3
-28.8
-5.56
2.58
-4.56
4.34
10.72
25.06
37.74
39.76
29.64
24.1
16.06
-1.38
-13.54
-15.94
-17.22
-25.38
-14.56
-3.88
-2.9
-9.48
-5.54
-10.38
-17.6
-18.4
-11.84
-11.54
-9.7
-0.98
4.9
4.8
5.34
12.48
16.7
17.88
18.08
14.42
1.76
-4.9
-6.6
-10.26
-12.1
-12.46
-12.78
-21.66
-25
-28.2
-25.14
-29.2
-22.54
-15.66
-3.66
9.06
23.92
32.9
35.7
28
15.84
7.7
12.72
14.1
12.92
-1.06
-12.7
-17.02
-23.76
-24.8
-16.02
-6.46
-1.14
-3.32
-5.36
-15.84
-31.5
-46.24
-38.6
-36.54
-24.64
-5.66
21.7
40.18
53.36
62.22
59.66
37.64
12.46
1.76
20.32
16.58
10
-16.28
-40
-48.4
-47.92
-41.86
-21.92
1.08
14.78
14.88
13.28
4.02
-16.64
-36.46
-32.64
-30.24
-26.3
-8
22.12
43.02
53.68
70.74
66.12
36.58
6.18
-4.1
26.76
27.36
21.22
-5.3
-34.36
-50.18
-52.34
-46.78
-32.6
-7.5
8.34
9.16
3.12
4.42
-15.8
-35.4
-32.36
-20.82
-18.4
3.4
36.06
57.02
62.96
71.18
56.26
20.64
-9.26
-19.2
28.76
33.14
29.8
7.24
-26.56
-50.78
-52.4
-50.14
-37.36
-9.62
9.36
11.72
10.48
14.56
-1.46
-16.96
-15.9
-5.52
-3.36
15.18
42.06
55.28
52.64
47.98
24.08
-12.18
-33.3
-36.64
25.5
39
44.08
30.52
-1.48
-30.42
-39.06
-43.96
-37.9
-15.28
1.3
5.42
6.4
12.4
3.76
-4.32
-2.46
9.52
13.16
28.66
47.08
49.7
34.76
17.2
-15.62
-47.5
-57.44
-49.04
16.52
41.04
57.08
58.32
35.32
2.64
-16.44
-32.2
-39.02
-28.14
-15.1
-8.56
-4.04
6.16
7.62
9.46
13.16
25.16
27.36
36.34
40.48
30.44
6.68
-18.4
-52.74
-72.7
-67.54
-48.56
0.12
34.24
61.18
77.22
70.8
43.66
16.48
-8.54
-27.68
-31.36
-26.38
-22.4
-17.38
-5.7
0.88
7.72
14.94
26.14
30.96
36.08
31.02
13.22
-14.78
-49.08
-78.6
-84.1
-67.26
-40.02
-18.14
13.22
48.3
74.34
82
69.66
46.88
16.4
-6.54
-18.36
-20.74
-19.3
-12.12
-5.46
1.06
7.86
14.32
21.1
24.92
21.98
8.54
-15.24
-46.62
-76.1
-89.46
-80.36
-53.66
-18.1
-33
-9.74
25.6
59.1
80.56
84.5
72.74
47.6
20.94
1.02
-9.52
-13.56
-10.86
-5.02
1.54
8.38
14.4
15.94
11.34
-0.36
-22.38
-51.06
-76.98
-90.28
-86.46
-63.04
-28.28
9.02
-42.36
-30.14
-4.08
30.32
61.36
79.3
83.76
74.04
54.14
32.36
17.18
5.54
0.12
0.2
2.76
3.98
3.42
-3.36
-16
-34.28
-57.1
-78.58
-88.4
-85.04
-65.5
-33.08
3.38
30.92
-44.52
-43.22
-28.2
-2.96
29.74
57.66
75.26
79.22
73.5
58.46
42.36
27.18
17.08
9
4.28
-2.7
-10.64
-23.76
-39.96
-59.7
-74.96
-82.82
-78.4
-61.72
-31.84
0.9
27.2
42.52
-38.36
-47.3
-43.24
-29.04
-4.84
25.24
52.62
67.72
72.8
69.04
58.42
43.98
31.22
20.32
8.48
-6.64
-19.68
-33.62
-50.38
-66.06
-69.92
-66.64
-53.5
-26.48
5.82
29.82
42.38
44.38