-0.25
-0.375
-0.375
-0.25
-0.125
0.25
0.375
0.125
-0.125
-0.375
-0.75
-0.625
-0.5
-0.125
0.25
0.125
0
-0.375
-0.375
-0.125
0.5
0.625
0.75
0.75
0.375
0.375
0.125
-0.25
-0.375
-0.125
0.125
0.375
0.375
0.125
-0.125
-0.125
-0.25
-0.625
-0.75
-0.75
-0.625
-0.25
-0.375
-0.125
-0.125
-0.25
0
0.5
1.625
2.375
2.75
2.125
1.125
0.75
1
1.625
2.125
2.5
2.125
1.5
0.5
-0.5
-0.625
-0.5
-0.125
0.5
0.625
0.875
0.25
0
0.25
0
-0.25
-0.375
-0.625
-0.25
0
0.25
0.5
0.25
0.625
1.5
3.125
5.125
6.25
6.5
5.75
4.75
3.75
3.25
2.75
2.375
2.125
1.375
0.5
0
0
0
0.125
0.25
0.125
0.375
0.5
0.25
0.375
0.5
0.5
0.5
0.375
0.5
0.875
1
1.5
2.75
5.125
7.75
10.125
11.875
12.25
12.625
13
12.875
12.125
11.25
9.5
7.125
5.25
3
1.5
1
0.5
0.375
0.375
0.125
0.125
0
0.625
0.75
0.375
0.5
0.5
0.5
0.875
1.125
1.875
3
5
8.625
12.625
15
15.75
14.375
12.25
11.375
11.75
12.75
13.75
14.875
15.25
14
11.625
8.375
5
2.75
1.125
0.375
0.25
0.125
0.5
0.5
1.125
1.125
0.75
0.5
0
-0.125
0.5
1.875
4.25
7.125
10
11.875
11.375
8.75
4.875
0.875
-1.375
-2.125
-2
-1.375
-0.375
1.375
4.875
8.5
10.625
11.375
9.5
6.375
3.75
1.875
0.875
0.625
0.75
0.875
1.375
1
0.625
0.25
0
0.125
1.625
4.25
7.375
9.875
10
6.75
1.5
-3
-6.125
-6.125
-4.125
-2.5
-1.5
-1.75
-3.25
-4.875
-4.75
-2.25
1.875
6.375
9.125
8.875
6.75
4.375
2.125
0.75
0.25
0
0.625
0.5
0.375
0.25
0.625
1.625
4
6.5
7.75
7
3.75
-0.25
-1.5
0.625
5.75
13.25
19.5
23.375
25.25
24.875
20.875
15.25
7.625
0.75
-1.5
-0.625
3.125
6.75
7.25
6
3.625
1
0
-0.625
0
0.5
1
1.125
1.625
3.25
5.125
6.125
4.75
1.625
-0.875
1
7.875
18
29
37.25
42.125
44.25
44.5
44.25
42.25
37.75
29.375
18.125
8
1.25
0
2.875
5.625
6.375
5
2.25
0.5
-0.25
0
0.625
1.25
1.625
2.75
4.75
5.375
4.625
1.875
-0.25
2.75
11.125
21.375
31.375
36.875
37.125
35.875
33.625
31.75
31.625
34.25
35.625
35.5
32
22.625
12.125
4.25
1.5
3.5
5.875
6.375
4.625
1.75
0.5
-0.125
0.25
0.625
1.375
4.25
7.125
6.75
4.75
2.125
3.25
11.75
21.75
29
30.75
25.875
19.375
14
10.5
9.125
9
12.125
16.875
23
28.75
28.125
21.375
11.5
3.375
2.125
4.25
6.625
7.125
3.75
1.25
0.25
0.25
0.375
1.625
6
8.25
6.875
4.5
3.125
7.875
16.625
23.25
24.25
18.5
11.125
5.5
1.625
0.375
0
-0.625
-0.375
1.875
6.875
13.625
18.875
19.875
14.25
5.75
1.375
0.625
2.625
5.125
3.75
1.25
0.75
0.5
0.625
1.875
5.125
4.25
2.25
1.25
2.125
9.125
14.75
15
11
2.875
-2.25
-3.375
-3.625
-2.125
-2.625
-4.625
-6.375
-8.625
-7
-2.875
1.875
8.375
9.5
5.375
0.875
-1.375
-1.25
1.375
3
1.5
0.375
0.25
0.625
1.5
1.875
-0.375
-1.625
-0.5
3.375
9.625
11.125
5.5
-1.875
-9.875
-13.375
-11.375
-9.25
-6.625
-7.875
-11
-13
-15.375
-14.25
-11
-7.125
0
5.75
6
3.125
1.5
0.25
2.125
4.25
2.5
-0.25
0
0.5
1.375
-0.875
-2.375
-2.75
-0.75
5.125
7.375
5.25
-0.125
-6.625
-10
-11.125
-12.5
-12.75
-13
-16
-17.5
-20
-21.625
-21.5
-22.125
-18.875
-12.75
-3.625
2.125
3.125
2.75
1.5
2.75
4.125
2.75
-0.625
-0.125
0.375
1.125
-1.25
-1.875
-2.125
-0.625
2.125
-1.5
-6
-9.875
-13.375
-12.875
-13.875
-19.625
-22.125
-22.75
-25.25
-24.75
-28.75
-33.75
-36.25
-39.375
-36.875
-30.875
-19.5
-9.25
-3
0.125
0.25
0.875
1.875
1.75
-0.375
-0.25
-0.125
0.25
0.5
0.625
0.625
0.875
-1.875
-8.875
-16.875
-24.75
-31
-32.75
-33.625
-33.875
-30.125
-25.125
-21.125
-20.375
-22.125
-24.25
-24.375
-21.375
-18.25
-15.5
-10.375
-6.25
-2.875
-0.125
0
-0.125
0.25
0.375
-0.25
-0.625
-1
-1
0.375
0.5
1
0.375
-3
-6.875
-12.375
-17.625
-20.5
-19.125
-16.5
-12.125
-7.875
-5.125
0.5
2.875
9.125
16.5
22
28.625
28.25
23.125
15
7.75
3
1
1
0.625
0.125
0
-0.875
-1.375
-1.875
-2.375
-1.125
-0.5
0.375
-0.125
-1.875
-0.625
2.5
8.375
16.625
24.125
29
29.625
25.5
20.875
20.375
24.125
32.75
40.75
45.375
47.5
43.625
34.625
21
10.125
2.75
-0.375
0.625
0
-0.875
-0.875
-0.875
-1.375
-2
-2.625
-0.875
0.625
1.75
1.375
-0.125
3
9.5
20
30.125
35.125
37.875
36.75
32
27.875
26.625
28.625
30.375
31.5
29.25
25.5
23.125
18
9.75
3.875
-0.125
-1.75
-1.125
-2.375
-3.125
-2.625
-0.375
-0.5
-1
-1.875
-1.125
0.75
2
1.25
0.25
2.375
7.5
15.375
20.25
20.375
19.25
19.5
19.5
18
18.5
18.25
16.25
15.25
11.5
6.5
4.125
1.125
-2.625
-2.5
-0.75
-0.375
-0.125
-2.25
-4.125
-3
-0.375
-0.125
-0.25
-1.75
-4
-3.125
-2.25
-2.75
-3.25
-5.25
-4.375
-0.625
2.625
4.875
5
6
7.75
7.25
7
6
4.875
4.5
2.875
-0.5
-5.375
-10.25
-11.75
-8.125
-2.25
0.25
-0.125
-3
-5.125
-3
-0.625
-0.5
-0.375
-1.625
-5.125
-5.75
-5.125
-4.75
-5.5
-11.625
-17.75
-19
-15.375
-8.75
-2.875
-0.125
1.375
1.875
1.875
1.375
0.625
-0.75
-4.25
-10.125
-17.125
-21
-17.875
-10.5
-3.625
-1.375
-2.75
-4.875
-4.75
-2.25
-0.375
-0.375
-0.25
-0.75
-3.375
-4.75
-3.5
-2
-1.75
-6.875
-17.125
-25.25
-26.125
-22
-14.625
-7.875
-4.75
-2.75
-1.625
-2.125
-4.375
-8.25
-15.5
-23.5
-27.5
-25.25
-16.5
-6.5
-2
-2.25
-3.875
-4.75
-2.75
-0.625
0.125
0
-0.25
-0.625
-3
-5.5
-4.75
-2.125
1
1
-6.25
-18.625
-28.375
-33.375
-33.125
-27.875
-23.125
-19.875
-18.375
-19.375
-22.625
-27.25
-32
-33
-28
-18.125
-6.875
0
-0.25
-2.75
-4.875
-4.625
-2
-0.25
0
-0.125
-0.375
-0.875
-2.625
-5.375
-7.5
-6.5
-2.625
1.25
1.5
-5.625
-17.625
-29.25
-37.75
-41.875
-42.25
-41.75
-41.875
-42.125
-42.375
-41.25
-36.375
-27.625
-16.25
-5.25
1.375
1.125
-2.375
-5.375
-6.5
-4.25
-1.75
-0.625
-0.25
-0.25
-0.125
-0.375
-0.875
-2.5
-6.375
-9.125
-8.625
-5
0
1.875
-1.125
-9.375
-18.375
-26.5
-33.375
-36.875
-38.375
-37.375
-34.125
-27.125
-18
-8.875
-0.875
2.125
0.125
-4.625
-7.75
-8.625
-6.375
-2.75
-1
-0.5
-0.25
-0.25
-0.125
0
0.125
-0.375
-2.5
-6.25
-9.375
-9.625
-6.625
-2.5
2.75
4
1.625
-1
-6.125
-9.5
-9.875
-8.625
-5.375
-0.375
3
4.5
3.5
-0.875
-5.75
-8
-7.5
-5
-1.25
0.75
0.875
0.5
0.125
0
0
0.375
1.25
2.125
2.875
1.75
-1.375
-4.875
-6.75
-6.125
-2.875
2.625
6
9
11.25
11.625
12.75
12.625
13.25
11.625
8.5
5.25
0.125
-2.5
-2.5
1.125
5.125
8.375
9.375
7.125
4.5
2.25
0.25
0.25
0.375
1.125
3.625
6.875
10.25
12.875
12.625
10.25
7.25
5.625
3.25
4.375
7.25
9.5
14
16.25
16.75
16.125
15.625
12.5
10.625
9.875
8.625
11.25
14.75
20.125
23.5
23.875
20.5
13.5
7.75
3.625
-0.25
0.25
0.625
2
6
12.125
18.25
23.75
26.5
26.625
26.125
25.375
22.75
20.25
19.5
17.875
17.5
17.25
16
16.25
16.125
16.625
18.5
21.125
25.75
30.75
34.875
37.875
37.5
33.25
25.875
16.375
8.5
3.75
-0.25
0.125
0.5
2.5
6.75
14.5
23.375
31.25
37.125
39.25
40.125
39.75
38.25
35.625
32.25
27.125
21
15.625
10.5
8
6
6
6.375
9.125
16.75
24.625
32.625
35.625
35
29.125
21.25
14.125
6.375
2.5
0
-0.125
0
1.375
3.375
8.5
16.875
25
32.5
36.375
36.5
34.5
31.25
27.25
21.125
11.625
0.875
-9
-18.375
-23.25
-25.75
-27.875
-28.375
-25.625
-17.25
-5.625
6.375
13
16.375
13.625
9.875
7.375
2.375
0.375
-0.125
-0.125
-0.125
-0.125
-1.125
0.5
4.375
8.625
13.625
15.75
14.625
11.375
6.5
0.5
-6.625
-15
-23.375
-30.875
-36.75
-39
-39
-38.5
-36.875
-33.75
-26.875
-16.875
-7.5
-0.625
3.375
3.25
2.625
2.125
0.375
-0.625
0
0.125
0.125
0
0.625
0.25
-0.625
-0.375
0.375
0.625
0.25
0.125
-0.25
-1.125
-1
-0.125
0.5
0.875
0.375
-0.625
-1
-0.875
-0.5
-0.25
0.125
0.875
1.375
0.75
-0.375
-0.625
-0.375
-0.125
-0.125
-0.125
0.125
0.125
0
0.125
0.75
0.25
-0.625
-0.5
0.125
0.625
0.375
0
-0.25
-0.5
0.125
0.625
0.25
0.125
-0.125
-0.75
-0.75
-0.625
-0.625
-0.25
0.125
0.5
0.75
0.25
-0.125
0
-0.375
-0.5
-0.125
0.125
0
0
0
0.25
0.5
0.125
-0.375
-0.25
0.25
0.5
0.25
0
0.125
0.75
1.875
1.875
0.5
-0.25
-0.5
-1
-1.25
-1.25
-1
-0.625
-0.375
-0.125
0
-0.25
0
0.5
-0.125
-0.5
-0.125
0.125
-0.25
0
0.125
0
0.25
0.25
-0.125
0
0.375
0.75
1
1.5
2.875
3.75
3.625
2.375
0
-1.125
-0.75
-0.625
-1.125
-1.5
-1.75
-2.625
-3
-2.25
-1.5
-1
0
0.625
-0.125
-0.375
0.125
0.25
-0.375
0
0.125
0
0
0
0.125
0.625
1.375
2
2.75
4.125
5.375
4.25
2.25
1.375
-0.25
-1.375
-0.75
-0.25
-1
-1.375
-0.75
-2.25
-4.875
-5.125
-3.75
-2.25
-0.625
0.125
-0.25
-0.125
0.25
0.25
-0.375
-0.125
-0.25
-0.25
0
-0.125
0.5
2.375
4
4.125
3.75
4.625
5.125
2.5
-0.125
-0.125
-0.375
-0.875
-0.25
0.125
-0.875
-1.125
0.625
0
-3.875
-6.125
-5.5
-4.125
-2.75
-1.375
-0.375
0.125
0
-0.125
-0.625
-0.5
-0.625
-0.5
0.25
0.375
1.875
5
6.375
5.125
3.5
3.5
3.75
1.5
-0.625
0.375
1.125
0.25
0
0.25
-1.5
-2.875
-0.25
1
-2.375
-5.375
-5.625
-5.125
-5
-3.875
-1.375
0
-0.25
-0.25
-0.375
-0.5
-0.875
-0.75
0.125
1.125
4.25
8
7.75
4.25
1.75
2
3.25
2.875
2.5
4.25
4.5
1.875
0
-0.375
-3.875
-7.5
-4.375
-1
-2.25
-3.625
-3.625
-4.25
-6.25
-6.5
-3.375
-1
-0.75
-0.375
-0.25
-0.25
-0.75
-0.875
0.375
2.75
6.875
9.625
6.75
1.625
0.125
3.25
7.375
9
9.25
9
6.375
2.25
-0.25
-1
-5.25
-11.25
-10.875
-7.625
-6.5
-5
-2.25
-1.375
-5.125
-8.625
-6.5
-3
-1.5
-0.5
0
0.125
-0.25
-0.625
1.25
5.5
9.125
8.375
3.125
-0.5
3.25
10.875
15.125
15.125
13.375
10.375
6.375
2.375
-0.25
-1.375
-5.5
-12.125
-14.75
-14.5
-13.875
-11.375
-5.75
0.25
-0.75
-7.375
-9.625
-6.375
-2.75
-0.75
0.625
0.75
0.125
-0.125
3.75
9.875
9.5
3
-0.875
2.25
11.75
20.5
21.75
17.75
12.875
8.125
4
1.25
-0.375
-1.5
-4.375
-9.375
-13.75
-17.25
-19.875
-19.625
-13.5
-3.125
2.375
-2.5
-10.125
-10.375
-5.25
-1.5
0.75
0.75
0.375
1.125
7.75
13.5
6.125
-3.5
-1.125
9.875
21.875
27.25
22.75
14.25
8.125
4
1.125
0.125
-0.75
-2.125
-2.875
-4.875
-8.875
-13.625
-20.625
-25.875
-22
-10
1.875
2.125
-8.125
-12.625
-7.75
-2.5
0.75
0.5
0.625
2.625
11.375
15.25
1.5
-7.75
2.375
19.375
30.75
27.75
16.25
7.375
2
0.875
1.625
0.875
-1.875
-5.125
-3.625
-1.875
-4.25
-7.125
-15.375
-25.875
-27
-17.875
-2.125
6.375
-3.25
-13.625
-10.75
-4
0.875
0.5
0.625
4
14.375
15.375
-3.125
-9.25
9.375
29.125
32.625
19.25
6.625
2.125
-0.375
1.625
4.25
2.125
-4.125
-9.5
-5
0.625
-0.75
-3
-9.625
-19.25
-24.75
-24.75
-10.875
7.25
3
-12.625
-13.75
-6
1
0.5
1
5.375
14.125
11.125
-6
-5
17.625
32.625
28.25
12.875
3.125
0.25
-2.625
-0.75
3.25
3.25
-5.75
-14.5
-7.5
-0.625
-2.5
-3.125
-5.625
-9.25
-13.875
-22.625
-17.125
5
8
-9.5
-15.125
-8
1.125
0.875
1.625
6.125
13
8.375
-6.125
-1.125
21.625
30.25
20
5.625
-1.125
-2.625
-4.625
-1.875
4.375
7.25
-6
-21
-11.75
-1.25
-2.75
-2.375
-1.125
-0.375
-3
-16
-18.75
3.375
11.25
-7.375
-16.375
-10
1.375
1
1.625
6.75
12.75
6.375
-6.375
1.625
23.375
24.375
7.625
-2.25
-2.25
-2.5
-4.375
-1.625
6.875
12.375
-3.625
-23.375
-14.625
0.25
0.875
-1.625
-0.25
4.5
3.875
-12.25
-20.625
1.375
12.75
-5.875
-17
-11.125
1.25
0.875
1.75
7
12.625
6
-6
2.375
21.75
18.625
2.375
-1.875
1
0.375
-3.25
-4.625
3.375
13.875
0.25
-21.625
-12.875
4
3.75
-1.125
-2
1.375
2
-11.5
-19.25
1.5
13
-5.125
-17.375
-12
0.875
0.625
1.375
6.625
14.375
8.75
-6.375
-0.125
18.625
15.875
1.75
-0.625
3.625
3.625
-0.5
-3.375
3
14.125
4.125
-17.125
-11
6.75
7.625
1.5
-2.625
-5.625
-8.5
-17.375
-19
2.125
11.875
-6.25
-17.375
-11.125
0.375
0.375
0.75
5.875
16.125
11.875
-6.25
-2.875
16.125
18.25
8.25
4.75
7.625
7.375
1.875
-3
1
10.375
5.625
-9.375
-5.875
8.25
8.5
0.75
-6.625
-13.5
-20
-26.125
-19.125
3.75
9.875
-8.375
-17.125
-9.625
0.125
0.25
0.5
4.625
15.875
15.25
-3.25
-5.75
11.5
22.125
20.5
15.125
11.75
8.625
2.75
-3.75
-3.5
4.25
4.5
-3.75
-1.25
7
5.75
-0.75
-9.875
-21.625
-30.625
-29.5
-13.25
5.875
4.625
-11.5
-15.625
-7.5
0.125
0.125
0
3.25
14.25
16.375
0
-6.25
7
20.75
25.875
23.875
17.625
8.875
2
-1.75
-2.25
1.5
2.75
-1
-1.375
1.25
0.875
-3.25
-13.375
-26.75
-33
-24.875
-6.5
5.25
-1.625
-13.75
-12.625
-4.5
0.125
0.25
0.125
2.125
11.375
16.25
4.375
-5.25
1.75
15.875
25.25
27
22.125
12
3.875
0.625
-0.125
0.375
0.625
-0.125
-0.875
-1.75
-4.25
-10.125
-20.125
-28.5
-27.875
-15.75
0.125
3.375
-7.25
-14.375
-9.75
-2.75
0.125
0.125
0.25
1.25
7.125
13
8.75
0.25
-1
6.875
17.375
24
24.125
17.5
9.375
4.875
3
1.25
-0.125
-1.375
-3.375
-6
-10.25
-16.25
-22.5
-25.25
-19.25
-5.5
3.75
-1.5
-11.625
-12.75
-6.5
-1.375
-0.125
0
0.25
0.625
3.75
8.75
10.25
6.625
1.25
0.25
6.25
15.625
21.375
18.875
12.375
7.875
5.625
3.125
0.125
-2.875
-5.875
-9
-13.5
-18
-19.75
-16.625
-7.875
1
1
-7
-11.875
-9.375
-4.25
-0.75
-0.25
-0.125
0.375
0.375
1.625
5.375
9.25
9.5
5.125
0.5
0
5.125
13.375
16
11.5
7.875
6.25
3.5
0.125
-3.375
-6.875
-9.25
-11.875
-14.625
-12.75
-6.25
-0.375
0.625
-4.375
-9.875
-9.5
-5.75
-2.75
-0.625
-0.25
-0.25
0.125
0.125
0.375
2.25
6.375
9.875
8.625
4.25
0.25
-1.125
4.125
9.625
7.625
5.5
5.375
3.125
0.125
-2.875
-5.875
-6.625
-6.75
-7.875
-5.375
-0.875
-0.125
-3.375
-8
-9.375
-6.125
-3
-1.75
-0.5
0
-0.25
-0.125
0
0.125
0.875
3.25
7
9.125
7.375
2.875
-1.5
0.75
5.5
2.875
0.75
2.625
2.25
0.375
-1.625
-3.125
-1.875
-1.25
-3.5
-2.75
-0.375
-2
-6
-8.25
-6.75
-3.5
-2
-1.875
-1
-0.125
-0.25
0
0.375
1
1.625
1.875
3.5
6.625
8.125
5.5
0.625
1.625
5.375
1.75
-1
1.5
1.875
0.5
-1.125
-1.5
0.875
0.25
-3.5
-3.625
-2
-3.5
-5.375
-4.875
-4.125
-3.625
-3.625
-3.75
-2.5
-0.25
0
0.375
0.875
3.125
5.375
4.25
2.625
3.625
5.75
5.75
2.625
3.25
6.625
3.25
-0.25
1.25
1.5
0.75
-0.125
-0.125
1.25
-0.875
-4.375
-4.625
-3.5
-3.25
-1.125
0
-4.875
-8.5
-8.5
-7.5
-4.625
0
0.25
0.625
2
7
11.875
9.75
4.5
2.75
3.375
3.625
2.875
4
6.75
5
1.625
1.5
1.25
0.5
-0.5
-0.875
-0.375
-2.75
-4.125
-1.75
0.5
1.125
2.875
0.75
-9.75
-16.625
-16.125
-13
-7.5
0
0.375
1
3.75
12
20.25
18.625
10.5
5.375
3.25
1.625
1
1.5
2.875
3
0.125
-3
-3.625
-2.75
-2.75
-2.25
-1.75
-3.375
-0.875
6.25
9.875
7.875
5.375
0
-14.125
-25.25
-24.625
-18.375
-10
0.25
0.625
1.25
4.875
15.125
26.25
27.375
18.25
9
3.875
1
-0.75
-2
-2
-2.375
-7.625
-13.375
-10.75
-5.375
-3.75
-2.25
-1.375
-1.625
3.625
15.5
22.375
16.625
6.75
-2.125
-17.625
-31.875
-31.375
-22.625
-11.875
0.375
0.625
1.375
5.875
16.875
30.75
35.875
24.875
11.125
4
-0.125
-3.625
-6.75
-7.5
-7.875
-13.5
-20.125
-17.375
-9.5
-4.75
-2.25
-1.25
-0.875
6.5
24.125
34.875
25.25
7.625
-4.125
-19
-35.625
-35.875
-25.125
-13.125
-0.166667
-0.333333
-0.333333
-0.388889
-0.388889
-0.277778
-0.388889
-0.166667
-0.166667
-0.166667
0
0.666667
1.77778
2.55556
3.22222
3.72222
4.05556
3.83333
3.38889
3
2.83333
2.77778
2.5
2.05556
1.27778
0.666667
0.333333
0.0555556
-0.166667
-0.0555556
0.277778
0.611111
0.333333
0.0555556
-0.111111
-0.111111
-0.0555556
0.0555556
0
0.277778
0.722222
1.27778
2.44444
3.94444
5.94444
7.72222
9.11111
10.1111
10.5
10.4444
9.72222
9.16667
8.5
7.61111
6.33333
4.83333
3.33333
1.88889
0.944444
0.333333
0
0.0555556
0.333333
0.555556
0.666667
0.444444
0.277778
0.277778
0.333333
0.555556
0.888889
1.55556
2.72222
4.5
6.88889
8.88889
10.8333
12.5556
13.6667
14.0556
13.9444
13.9444
13.5556
13.3889
13.1667
12.2778
10.6667
8.66667
6.77778
4.72222
2.72222
1.38889
0.722222
0.5
0.5
0.388889
0.944444
0.888889
0.666667
0.611111
0.777778
1.38889
2.61111
3.94444
5.94444
8.61111
11.1667
12.5556
13.1111
13.3333
13.0556
12.0556
11.1667
11.1667
11.5
12.1667
13.1111
13.5556
13.0556
11.8889
10.3889
8.33333
5.61111
3.44444
2.11111
1.22222
0.666667
0.388889
1.05556
0.944444
0.666667
0.555556
1.11111
2.55556
4.61111
6.66667
8.94444
10.8889
11.5556
10.7222
9.16667
7.72222
6.38889
5.22222
4.83333
5.22222
5.61111
5.94444
7
8.44444
9.44444
10.0556
10.5556
10.2778
8.33333
6.05556
4.22222
2.61111
1.33333
0.611111
1.11111
0.944444
0.777778
0.944444
2.22222
4.22222
6.44444
8.22222
9.44444
9.61111
8.5
7.16667
6.22222
6.38889
7.44444
9.11111
10.9444
12.2222
11.9444
10.3889
8.61111
7.61111
7.11111
7.05556
8
8.94444
8.77778
7.77778
6.16667
4.16667
2.16667
0.777778
1
0.888889
1.11111
2.05556
3.88889
5.72222
6.83333
7.44444
7.5
7.05556
6.83333
8.16667
11.4444
16.2222
21.5
26.4444
30.1111
31.9444
30.8889
27.5
22.4444
17.1667
12.3889
8.5
6.94444
7
7.33333
7.38889
6.77778
5.38889
3.38889
1.16667
0.833333
1.05556
1.94444
3.66667
5.33333
6.11111
5.83333
5.72222
6.16667
7.61111
10.7222
16.5556
24.2222
32.1111
38.7778
43.5556
46.3889
47.2222
46.5
43.9444
38.9444
32.2222
24.7778
17.2778
11.3889
8.16667
7.11111
6.66667
6.38889
6.11111
5
2.72222
0.666667
1.27778
3.16667
5.66667
6.55556
6.16667
5.44444
6.27778
8.5
12.2778
18.5
26.6111
34.6667
40.4444
43.2222
43.8889
43.3333
42.1667
42.3333
42.6111
41.7222
38.7778
33.6667
26.7222
18.7778
12.7778
9.44444
6.88889
5.61111
5.77778
5.88889
4.5
0.611111
1.61111
4.5
6.77778
6.61111
5.66667
6.05556
8.88889
12.4444
17.2778
23.8889
30.3333
34.0556
34
31.1111
27.5556
24.3889
22.0556
22.8333
25.2222
28.2778
30.5
30.6667
28.2222
22.2222
16
11.8333
8
5.16667
4.44444
5.22222
5.44444
0.666667
1.83333
5.11111
6.44444
5.55556
5
7.05556
11.4444
14.5556
17.9444
22.7778
25.1111
23.8889
19.2222
13.6667
9.66667
5.94444
3.94444
4.27778
5.61111
8.94444
13.1667
17.0556
19.5556
17.7778
14
10.7222
7.83333
4.77778
2.66667
2.94444
4.5
0.777778
1.94444
4.44444
4
2.77778
3.33333
6.83333
11.1111
12.4444
13.8333
15.2778
13.2778
8.16667
1.88889
-2.38889
-4.16667
-6.44444
-7.5
-7.55556
-7.88889
-6.72222
-3.83333
1.38889
7.33333
9.72222
8.94444
7.5
7.16667
5.27778
2.22222
1.22222
3.05556
0.611111
1.66667
2.11111
0.666667
-0.222222
1.5
5
7.38889
8
7.94444
7.44444
3.11111
-3.05556
-8.55556
-11.0556
-11.2222
-13.9444
-15.5
-16.7778
-18.6667
-20.5556
-21.1111
-16.8333
-10.1111
-4.44444
-1.83333
0
3.66667
4.88889
2.94444
1
2.27778
0.333333
1.22222
0.333333
-0.888889
-1.27778
0.833333
3.27778
2.77778
1.55556
-0.0555556
-3.33333
-9.33333
-16.2778
-21
-22
-21.9444
-24.3889
-26.3333
-28.1667
-29.3333
-32.2778
-34.8889
-31.3333
-24.8333
-16.6667
-11.5556
-6.72222
-0.333333
3.55556
3.55556
1.5
1.88889
-0.0555556
0.722222
-0.722222
-1.38889
-1.33333
0.388889
0.555556
-3.38889
-6.5
-9.66667
-14.2222
-20.6667
-26.6111
-29.2222
-28.8889
-28.2778
-29.5556
-31
-32.2778
-32.3889
-34.7778
-37.7778
-36.1111
-31.3333
-23.1111
-17.0556
-11.2778
-4.61111
0.555556
2.44444
1.11111
1.05556
-0.5
-0.166667
-0.277778
-0.222222
0
0.666667
-0.555556
-5.16667
-10.3889
-15
-20.6111
-25.7778
-29.7778
-30.6667
-28.9444
-26.7222
-24.5
-24
-21.9444
-18.5556
-16.6111
-15.7778
-13.9444
-10.8889
-7.27778
-5.16667
-3.61111
-1.88889
0.166667
1.44444
0.944444
0.666667
-1.16667
-1.22222
-0.611111
-0.611111
-0.333333
-0.388889
-1.83333
-5
-8.77778
-11.1111
-12.7222
-12.8889
-11.9444
-9.72222
-7.16667
-4.38889
-0.777778
0.888889
4.83333
10
15.2778
19.2222
19.8889
19.4444
16.1111
12.2222
7.72222
3.38889
0.611111
-0.277778
-0.111111
-0.277778
-1.66667
-2.38889
-0.944444
-0.166667
0.333333
-0.444444
-0.833333
0.5
0.888889
2.88889
6.27778
12.1111
17.6111
20.3889
21
21.2778
23.2778
24.6667
27.7778
32.3333
38.3889
43.3333
43.1667
39
30.1667
22.4444
14.7778
7.05556
1.11111
-1.22222
-0.166667
-0.388889
-1.66667
-2.61111
-1.72222
-0.555556
0.111111
-1.05556
-1.05556
2.44444
6.27778
11.1667
17.4444
25.6667
33.2778
36.9444
36.5556
34.6111
34.9444
36.1111
35.8889
36.1111
38.2778
40.3889
37.5
30.4444
21.9444
16.1111
10.7222
4.16667
-1.33333
-3
-1.33333
-1.88889
-1.27778
-2.44444
-2.44444
-1.11111
-0.388889
-1.88889
-2.5
0.888889
5.61111
10.1111
14.5
21.1111
27.5556
30.8333
30.0556
27.0556
26.9444
27.9444
26.6111
24.1667
23.1667
22.5556
18.0556
10.5556
4.55556
2.66667
1.33333
-1.88889
-3.94444
-3.16667
-1.22222
-2.38889
-0.888889
-1.88889
-3.5
-2.83333
-2.05556
-3.44444
-5.66667
-5.94444
-3.83333
-2.66667
-1.61111
1.66667
6.61111
11.5
13.6667
13.1667
13.9444
15
13.6667
10.4444
7.05556
3.66667
-2.22222
-8.66667
-11.1111
-9.66667
-7.66667
-7.61111
-6.11111
-3.27778
-1.94444
-3.66667
-0.555556
-1.55556
-4.22222
-4.66667
-3.72222
-4.22222
-7.11111
-10.4444
-11.7222
-13.7222
-16.0556
-16.1667
-13.1667
-7.77778
-2.83333
-0.222222
1.72222
2.66667
2.11111
-0.722222
-5.33333
-10.7778
-16.7778
-20.6667
-20.3333
-17
-13.3889
-10.3333
-6.11111
-2.88889
-2.72222
-4.27778
-0.333333
-1.11111
-4.05556
-5.33333
-4.38889
-3.83333
-5.83333
-9.94444
-13.6111
-18.6111
-23.8333
-27.8333
-28.5
-25.4444
-20.4444
-15.7778
-13.2778
-12.3889
-13.3333
-16.1667
-21.1667
-26.4444
-29.6667
-29.0556
-24.6111
-19.1111
-14.0556
-9.16667
-4.83333
-3.05556
-4
-4.77778
-0.166667
-0.777778
-3.22222
-5.44444
-5.55556
-4.5
-4.55556
-6.66667
-9.88889
-15.2222
-22.2222
-29.8889
-35.7778
-38.4444
-37.7778
-35.0556
-33.0556
-32.2778
-32.9444
-34.6667
-37
-37.8889
-35.4444
-29.3889
-21.6667
-15.2222
-10.4444
-6.27778
-3.94444
-4.11111
-5.33333
-4.66667
-0.333333
-0.611111
-2.16667
-4.44444
-6.16667
-6.22222
-5.44444
-5.27778
-6.38889
-9.88889
-14.9444
-22.5
-31.0556
-38.7778
-43.9444
-45.9444
-47.0556
-47.2222
-47.1667
-45.8333
-43.1111
-38.2222
-30.6667
-22
-14.2222
-9.66667
-6.88889
-5.11111
-5
-5.83333
-5.88889
-3.88889
-0.333333
-0.444444
-1.05556
-2.83333
-5.44444
-7.16667
-7.38889
-6.77778
-6.38889
-7.27778
-8.27778
-11.7778
-17.8333
-25.1667
-32
-36.5556
-39.8333
-40.8333
-39.7778
-36.2222
-30.8889
-24.1667
-16.8889
-10.6111
-6.77778
-5.83333
-5.44444
-5.5
-5.88889
-5.77778
-4.33333
-2.05556
-0.166667
-0.111111
0.111111
-0.277778
-1.88889
-4.05556
-5.55556
-6
-5.94444
-5.94444
-4.66667
-3.72222
-4.72222
-7.27778
-10.6667
-13.3889
-15.7778
-16.8333
-15.3333
-12.4444
-8.94444
-5.5
-2.83333
-1.33333
-1.83333
-2.38889
-2.33333
-1.94444
-1.33333
-0.222222
1.33333
1.83333
0.166667
0.444444
1.66667
3.05556
3.83333
3.5
2.66667
1.83333
1
0.444444
0.722222
2.61111
4.55556
6.22222
7
7.38889
7.83333
7.66667
8.88889
9.38889
9.72222
9.66667
8.72222
7.77778
6.38889
7.83333
9.22222
10.3333
11.1111
11.2778
10.3333
7.22222
0.388889
1.22222
3.66667
7.27778
10.8333
13.7778
15.8889
16.8889
16.4444
15.6111
14
14.1111
15.5
17.4444
19.2222
20.2778
22.0556
22.4444
22.5
21.2222
20.1667
19.5556
19.1667
19.7222
21.1667
25.5556
28.2778
28.8889
27.5
24.2222
19.1667
12.3889
0.277778
1.72222
5.33333
11.1111
17.4444
24
30.1667
34.5556
36.5
36.4444
34.3889
32.1667
30.7222
29
26.7222
23.9444
22.2778
20.6667
18.1111
16.1667
15.6667
17.0556
20.2778
24.5556
30.1667
36.3889
40.6667
40.5556
36.8333
30.4444
22.5
14.3889
0.222222
1.83333
5.11111
11.1667
18.7222
26.8889
35
41.5
45.8889
47.0556
45.2778
42.1111
38.1667
32.1667
25.0556
18.1111
11.7222
6.38889
1
-1.44444
-2.05556
0
6.22222
14.1667
23.1111
30.2778
36.9444
38.2222
34.3333
27.0556
19
12.3333
0
1.16667
3
8.05556
15.2222
23
30.6667
37.0556
42.2778
43.0556
40.3333
35.5556
29.2778
20.3333
9.72222
-0.333333
-9.72222
-17.3889
-23.8889
-26.9444
-27.6667
-25.1111
-17.7222
-8.16667
1.83333
9.94444
18.8889
22.7222
21.3333
16.5556
11.3333
7.61111
0.0555556
0.222222
0.222222
0.277778
-0.0555556
-0.166667
-0.0555556
0.388889
0.611111
0.5
0.111111
0
0.333333
1
1.33333
1.05556
0.277778
-0.5
-1.38889
-1.66667
-1.72222
-1.11111
-0.722222
-0.166667
0.277778
0.444444
0.444444
-0.0555556
-0.166667
-0.5
-0.277778
-0.166667
0
0.277778
0.333333
0.444444
0.0555556
-0.166667
-0.111111
0.388889
0.833333
1.27778
1.77778
2.5
2.83333
2.61111
1.77778
0.777778
-0.0555556
-0.555556
-1.16667
-1.61111
-2.16667
-2.38889
-2.55556
-2.27778
-1.55556
-0.888889
-0.277778
-0.222222
-0.111111
-0.388889
-0.333333
-0.222222
-0.111111
0.111111
0.166667
0.388889
0.111111
0.222222
0.444444
1.33333
2.05556
3.16667
4
4.44444
3.72222
2.33333
1
-0.0555556
-0.5
-0.611111
-0.777778
-0.944444
-1.38889
-1.83333
-2.88889
-3.88889
-4.11111
-3.38889
-2.05556
-1.05556
-0.277778
-0.166667
-0.0555556
-0.0555556
-0.277778
-0.222222
-0.222222
0.0555556
0.222222
1.05556
2.16667
3.5
4.05556
4.5
4.38889
4
2.77778
1.44444
0.388889
-0.5
-0.833333
-0.833333
-0.722222
-0.611111
-0.444444
-0.333333
-1.38889
-3.44444
-5.16667
-5.44444
-4.27778
-2.77778
-1.33333
-0.555556
-0.111111
0.0555556
-0.611111
-0.388889
-0.333333
0.111111
0.777778
2.55556
4.38889
5.55556
5.16667
4.33333
3.66667
3.16667
2.72222
2.16667
1.94444
1.11111
0.277778
-0.555556
-1.5
-2.16667
-2.33333
-1.33333
-1.33333
-2.72222
-4.77778
-5.72222
-5.44444
-4.5
-3.22222
-1.83333
-0.777778
-0.166667
-0.666667
-0.5
-0.444444
0.388889
1.88889
4.55556
6.55556
6.77778
5.11111
3.83333
4.16667
5.27778
6
5.72222
5.22222
3.77778
2.05556
0.222222
-2.27778
-4.61111
-6.61111
-5.94444
-5.22222
-4.72222
-5.11111
-5.16667
-5.44444
-5.66667
-5.27778
-3.61111
-1.94444
-0.777778
-0.555556
-0.555556
-0.444444
1.05556
3.44444
6.61111
7.94444
7
4.83333
4.94444
7.5
10.5
11.2222
9.88889
7.72222
5
2.44444
0.388889
-2.33333
-5.5
-9.22222
-10.3889
-10.7222
-9.83333
-8.5
-6.22222
-5.33333
-5.94444
-7
-5.83333
-3.72222
-1.61111
-0.277778
-0.5
-0.0555556
2.11111
5.33333
8.33333
8.61111
6.94444
5.83333
8.16667
12.1667
14.6667
13.7778
11.2222
8.33333
5.44444
2.61111
0.333333
-2.5
-5.83333
-9.72222
-11.7778
-13.3333
-13.9444
-13.0556
-9.5
-6.11111
-5.44444
-7.27778
-7.88889
-6.22222
-3.38889
0
-0.166667
1.27778
4.55556
8.11111
9.27778
7.66667
6.27778
7.94444
12.7222
17.1667
18.2778
16.1111
12.5556
9.11111
5.77778
2.66667
0.0555556
-3
-6.5
-10.5
-13.1111
-15.5556
-17.3889
-17.5556
-13.8889
-8.33333
-5.33333
-6.5
-9
-8.88889
-6.05556
0.277778
0.5
3.38889
7.44444
10.3889
8.55556
5.61111
5.88889
11.4444
18.7222
23
22.4444
18.6111
13.8889
9.88889
6.11111
2.72222
-0.388889
-3.72222
-7.55556
-11.7222
-15.0556
-18.3333
-21.3333
-22.3333
-18.6667
-11.3889
-5.88889
-5.61111
-9.11111
-10.5556
-8.33333
0.777778
1.27778
5.44444
9.66667
11.5556
6.88889
3.83333
7
16.8889
25.6111
28.4444
24.5556
18.8889
12.7778
9.22222
5.44444
2.05556
-1.83333
-4.94444
-8.05556
-10.8333
-14.7222
-18.8333
-23.8889
-26.3333
-23.6667
-15.1667
-6.83333
-4.11111
-7.88889
-11.3889
-10.5
1.11111
2.05556
7.44444
11.6667
12
5
3.16667
10.4444
23.6667
31.0556
29.3889
21.5
14.5
8.88889
6.83333
4.27778
0.888889
-3.83333
-6.44444
-6.88889
-6.27778
-9.5
-14.8333
-22.5556
-27.6111
-27.9444
-20.2778
-9.72222
-3.27778
-6
-11.4444
-12.6111
1.38889
3
8.77778
12.5556
11
3.72222
4.11111
15.1667
29.5556
34.3889
28.7778
17.3333
8.72222
2.22222
1.61111
1.33333
-0.611111
-5.61111
-9.22222
-8.11111
-5.33333
-6.22222
-10.5
-17.3333
-22.7778
-26.1667
-21.6667
-11.5556
-2.22222
-3.27778
-10.3333
-14.0556
1.66667
3.88889
10.1111
13.3333
10.1667
2.61111
4.94444
18.3333
31.4444
32.0556
22.3333
9.66667
2.16667
-2.33333
0
2.27778
0.5
-6.66667
-13.3889
-11.7778
-6.94444
-4.11111
-5.66667
-9.72222
-14.1111
-20.1111
-20.0556
-12.6667
-1.77778
-0.777778
-8.61111
-14.7778
1.72222
4.5
10.7222
12.9444
8.33333
1.72222
6.66667
20.3889
29.1667
24.3333
12.7778
2.66667
-1.38889
-2.88889
1.77778
6.16667
4
-6
-15.7222
-14.2778
-7.11111
-2
-1.88889
-4.22222
-6.88889
-14.2778
-18.3889
-14.5
-3
0.555556
-6.88889
-14.6111
1.83333
4.83333
10.7222
12.4444
7.44444
2.11111
8.22222
21.1667
26.6111
18.7778
7.38889
0
-1.44444
-2.44444
1.61111
6.38889
4.83333
-5.11111
-15.0556
-12.3333
-3.5
1.44444
0.166667
-3
-5.27778
-13.0556
-18.6111
-15.5556
-3.27778
1.66667
-6.16667
-15.1111
1.72222
4.88889
10.7222
12.6111
7.55556
2.72222
8.61111
20.3333
23.6667
15.7778
6.5
2.44444
1.38889
-1.16667
0.277778
4.94444
4.88889
-3.22222
-13.0556
-10.3333
-1.94444
3.22222
0.777778
-3.11111
-6.33333
-14.4444
-20.2778
-16.8333
-3.94444
1.72222
-6.11111
-15.1667
1.44444
4.72222
10.9444
13.3889
8.77778
3.11111
7.5
18.0556
22.2222
17
10.0556
6.66667
3.72222
-1.05556
-1.55556
3.05556
4.72222
-1.11111
-10.1111
-8.77778
-2.05556
2.44444
-0.277778
-5.22222
-9.83333
-17.5556
-21.5556
-16.1667
-3.44444
1.44444
-6.72222
-15.1667
1.11111
4.05556
11.0556
14.5556
11.1111
3.38889
5.27778
14.6667
21.6111
19.5
13.4444
9
5.16667
0.944444
0.333333
4.16667
5.61111
0.666667
-6.77778
-6
0.277778
3.83333
-0.166667
-8.88889
-17.6111
-25.3333
-25.1667
-15.6111
-3.11111
-0.444444
-8.77778
-15.3333
0.611111
3.11111
10.1111
14.4444
12.2778
4.11111
4.16667
12.2222
21.3889
23.5556
20.5
16.1111
10.2222
4.16667
1.27778
3.16667
4.61111
1.72222
-2.5
-2.05556
2.72222
3
-3.72222
-16.2222
-27.2222
-33
-28.1111
-15.1111
-3.61111
-2.94444
-10.6667
-14.8333
0.444444
2.44444
8.94444
13.9444
13.6111
5.66667
3.44444
9.5
20.6111
27.7778
28.7222
25
16.9444
7.5
1
0.0555556
1.5
1.33333
-0.111111
0
1.27778
-2
-10.8889
-23.6667
-33.3333
-35.1111
-26.3333
-12.2778
-3.66667
-5.38889
-12.1667
-14
0.222222
1.77778
7.33333
12.4444
13.9444
7.77778
4.44444
7.44444
17.0556
25.9444
30.0556
28.5
21.3889
12.1111
5.05556
2.22222
1.94444
1
-1.22222
-3.61111
-5.88889
-10.1111
-17.2222
-25.8889
-31.6667
-29.8889
-20.6111
-9.33333
-5.11111
-8.22222
-12.9444
-12.0556
0.111111
1.11111
5.38889
10.1111
13.0556
9.61111
6.61111
7.16667
13.6111
20.9444
25.2778
25.1667
20.3889
14.1111
8.55556
5.22222
2.94444
0.388889
-2.55556
-6.05556
-9.5
-14.1111
-19.3333
-24.5
-26.2778
-22.2222
-14.0556
-7.05556
-6.72222
-10.5
-12.8889
-10.1111
0.0555556
0.555556
3.22222
7.11111
10.5556
10.1667
8.33333
7.55556
10.3333
15.2222
19.4444
20.7778
18.2222
13.6667
9.33333
6.05556
3.16667
-0.166667
-3.5
-6.77778
-9.88889
-13.5556
-17.5556
-20.6111
-20.3333
-15.6667
-9.44444
-6.38889
-8.27778
-11.5556
-11.4444
-7.66667
0
0.277778
1.72222
4.44444
7.72222
9.33333
9
7.83333
7.83333
10.3333
14.3889
17.1667
16.3889
12.2222
8.27778
5.27778
3.05556
0
-3.16667
-5.94444
-8.77778
-12.1111
-15.7778
-17.2222
-15.2222
-10.5556
-6.88889
-6.66667
-8.88889
-10.3889
-8.77778
-5.33333
0
0.222222
0.944444
2.72222
5.66667
8.16667
8.94444
7.66667
6.05556
5.94444
9.38889
13.1111
14.9444
11.5
7.77778
4.66667
3.05556
0.388889
-2.77778
-5.44444
-8.33333
-11.3889
-14.1111
-13.2778
-9.77778
-5.83333
-5.11111
-6.83333
-8.88889
-8.77778
-6.77778
-4.05556
-0.166667
0.111111
0.777778
1.94444
4.44444
7.16667
9.11111
8.44444
6.05556
3.38889
4.33333
7.27778
10.7222
9.94444
8
5.61111
3.77778
0.5
-2.88889
-5.66667
-7.38889
-9.27778
-9.83333
-7.88889
-4.72222
-2.72222
-4.22222
-6.72222
-8.88889
-8.33333
-6.88889
-4.61111
-0.0555556
0.333333
1.55556
3.27778
5.5
7.27778
8.77778
8.94444
7.22222
3.88889
2.5
3.27778
5.77778
5.77778
5.11111
3.83333
2.83333
0.555556
-1.44444
-2.94444
-3.16667
-4.11111
-4.27778
-3.66667
-2.5
-1.94444
-3.88889
-6.33333
-9.55556
-10.2778
-9.88889
-7.44444
0.277778
1
3.44444
6.83333
9.5
9.66667
8.88889
8.55556
8
5.83333
4.11111
3.44444
4.38889
3.33333
2.33333
1.27778
1.16667
0.222222
-0.388889
-0.777778
-0.5
-1.11111
-1.5
-1.27778
-1.05556
-1
-3.38889
-6.55556
-11.8333
-14.8889
-15.6111
-12.3889
0.5
1.94444
6
12
16.5556
16.4444
12.8333
9.33333
7.38889
5.55556
4.61111
3.83333
4.05556
1.66667
-0.944444
-3.16667
-3.16667
-2.77778
-1.88889
-1.5
-1.22222
-1.5
-0.277778
2.44444
4.27778
4.27778
0.555556
-5.44444
-14.3889
-21.2222
-22.9444
-18.3889
0.666667
2.72222
8
16.3889
23.3889
24.4444
19.1111
11.8333
6.55556
3.38889
2.27778
1.77778
1.5
-1.61111
-6.05556
-9.11111
-8.61111
-6.27778
-4.11111
-3.11111
-2.72222
-1.66667
2.88889
10.1667
14.8889
14.0556
6.5
-4.66667
-18.2222
-28.5
-30.7778
-24.6667
0.888889
3.5
9.88889
21.1667
30.6667
33.3333
25.7778
15.2778
6.27778
1.05556
-2.22222
-3.88889
-4.72222
-6.88889
-11.0556
-14.4444
-14.0556
-10.2778
-6
-3.61111
-2.55556
0.333333
8.5
19.8333
26.0556
23.0556
11.1111
-5.05556
-22.5556
-35.7778
-38.2222
-30.5
0.1875
0.09375
0.125
0.25
0.40625
0.78125
1.3125
2.3125
3.78125
5.25
6.875
8.3125
9.53125
10.4688
11.2813
11.7188
11.625
11.5
11.0938
10.4063
9.5
8.375
6.90625
5.5
4.25
2.9375
1.6875
0.875
0.46875
0.40625
0.5625
0.40625
0.46875
0.875
1.46875
2.28125
3.375
4.9375
6.8125
8.4375
9.90625
11.0313
11.875
12.5
12.9688
13.0313
12.6875
12.6875
12.7813
12.5938
12.0313
11.0938
9.75
8.28125
6.84375
5.25
3.625
2.3125
1.4375
0.96875
0.90625
0.8125
1.09375
1.875
2.96875
4.21875
5.8125
7.625
9.625
11.1563
12.25
13
13.5
13.8125
14.0625
14.0625
13.6563
13.7188
14.0625
14.1563
13.8125
13.1563
12.0313
10.625
9.0625
7.40625
5.59375
3.90625
2.59375
1.625
1.125
1.21875
1.90625
3.125
4.5625
6.03125
7.65625
9.25
10.875
12.0313
12.7188
13.2813
13.8438
14.4063
14.9688
15.4688
15.3125
15.25
15.2813
14.9688
14.3125
13.5938
12.625
11.3438
10.0625
8.8125
7.34375
5.71875
4.21875
2.8125
1.375
1.8125
2.96875
4.46875
5.875
7.09375
8.34375
9.71875
11.2188
12.8438
14.1563
15.625
17.4063
19.4063
21.4375
23.2188
23.9063
23.375
22.0938
20.2813
18.2188
16.3125
14.5938
12.75
10.9063
9.46875
8.1875
6.8125
5.4375
3.9375
1.59375
2.65625
4.15625
5.53125
6.40625
7.1875
8.53125
10.5
12.8438
15.5625
18.375
21.75
25.8125
29.9063
33.375
36.125
37.2813
36.4375
33.9688
30.5
26.4688
22.4375
18.9063
15.8438
13
10.5
8.625
7.15625
6.0625
4.96875
2.1875
4
5.46875
6.28125
6.625
7.53125
9.65625
12.9375
16.3125
20.0313
24.4375
29.5625
35.0938
40.0625
43.5938
45.875
46.875
46
43.4063
39.625
34.8438
29.4375
24.4063
20.1875
16.5313
12.9063
9.84375
7.59375
6.28125
5.53125
3.25
5.34375
6.21875
6.34375
6.6875
8.4375
11.875
16.375
20.0313
24.0625
29.125
34.5625
39.5938
43.2188
44.8438
45.125
45.4688
44.8438
43.5625
41.4688
37.9063
32.9688
27.8438
23.4688
19.5625
15.4688
11.2188
7.71875
5.71875
5
3.9375
5.8125
5.9375
5.65625
6.59375
9.75
14.5625
19.0938
22
24.9063
28.9688
33.0313
35.8438
36.375
34.6563
32.5625
31.6563
31.5
32.125
32.5938
31.5625
28.8125
25.2188
21.9375
19.2188
16.4688
12.375
8.21875
5.4375
4.3125
4.375
5.5625
5.03125
4.875
7.03125
11.5
16.1563
19.0625
19.875
20.9063
23.2188
24.9688
24.4688
21.5625
17.4063
14.0313
12.5938
12.9375
14.7188
16.9063
18.4375
18.9688
18.375
16.8125
15.6563
15.125
12.5938
9
5.71875
3.53125
3.6875
3.625
2.71875
3.25
6.28125
10.5313
13.75
14.5313
13.9688
13.8438
14.1875
12.9375
9.59375
4.9375
-0.46875
-4.40625
-6.65625
-7.1875
-6.15625
-4.21875
-1.90625
0.84375
3.59375
4.28125
5
7.40625
8.125
7.21875
5.21875
2.8125
2.21875
1.5625
0.875
2.15625
5.125
7.8125
8.59375
6.8125
4.78125
2.875
0.84375
-3.125
-7.96875
-12.4375
-17.625
-21.0625
-23.5313
-24.5625
-24.7188
-23.7813
-21.8438
-18.4063
-12.9063
-9.8125
-6.90625
-1.8125
2.40625
4.6875
4.6875
2.9375
0.9375
0.09375
-0.28125
1.375
3.59375
3.78125
1.4375
-2.34375
-5.6875
-8.71875
-12.4375
-18.0625
-23.125
-25.7813
-28.4688
-30.5625
-31.9375
-32.3438
-32.5313
-32.125
-30.6563
-27.1875
-20.625
-16.2813
-12.4688
-7.15625
-1.59375
2.53125
3.9375
2.84375
-0.34375
-1.0625
-1.125
0.34375
1.09375
-0.96875
-4.53125
-8.3125
-11.125
-13.75
-17.7188
-23.6563
-27.625
-28
-28.875
-30.0938
-30.6875
-30.9063
-30.6563
-29.6875
-28.5
-26.25
-20.75
-16.4688
-13.125
-8.96875
-4.125
-0.0625
2.0625
2.1875
-0.71875
-0.875
-0.6875
0.09375
-0.375
-3.15625
-6.78125
-10.0938
-13.125
-15.5938
-18.8438
-22.9688
-24.875
-23.4375
-21.8125
-21.1875
-19.75
-17.9375
-15.6875
-12.875
-10.8125
-9.625
-7.0625
-4.40625
-2.90625
-1.75
-0.3125
0.5625
0.96875
1.1875
-0.84375
-0.75
-0.5
-0.5
-1.34375
-3.125
-4.90625
-5.90625
-7.0625
-7.0625
-7.5625
-8.0625
-7.53125
-5.28125
-1.65625
0.625
3.5
6.40625
9.84375
13.25
15.6563
16.0313
14.3125
13.375
11.4063
8.4375
5.34375
2.46875
0.46875
-0.125
-1.34375
-0.78125
-0.375
-1.125
-2.0625
-1.84375
-0.25
2.3125
4.28125
7.03125
9.8125
13.0625
15.7188
17.625
20.4375
22.75
25
26.7813
29
31.5625
33.1875
31.8438
26.7188
22.9063
18.75
13.4063
7.53125
2.28125
-0.9375
-1.40625
-1.9375
-1.21875
-0.75
-1.90625
-2.96875
-1.875
1.125
5.53125
8.96875
12.4688
16.625
22.2813
26.5625
28.4688
31.25
33.375
34.6563
35.4688
36.0313
36.3125
35.9688
33.2188
26.5313
21.625
17.4063
11.6563
5.34375
0.0625
-2.6875
-2.625
-2.6875
-1.90625
-1.25
-2.53125
-3.84375
-3.0625
-0.25
4.4375
8.71875
12.1563
16.0938
22.1563
26.9063
28.7188
30.9688
32.625
32.9375
32.3125
30.8438
28.0938
25.1563
21.5938
15.5
11.25
8.09375
3.34375
-1.125
-3.6875
-4.0625
-2.90625
-3.5625
-3.09375
-2.25
-3.25
-5.15625
-6.1875
-5.65625
-3.15625
0.21875
2.125
4.21875
8.59375
13
15.625
18.0625
19.8438
19.625
17.9688
14.625
9.875
5.15625
1.125
-2.6875
-4.46875
-5.4375
-7.8125
-8.875
-8
-5.6875
-3.1875
-3.96875
-4.4375
-3.75
-4.03125
-6.03125
-9.03125
-11.8125
-12.9063
-12.1563
-12.5938
-13.4688
-12.4688
-9.9375
-7.15625
-3.9375
-1.75
-1.5
-2.90625
-6.28125
-11.2813
-15.8125
-18.125
-18.5625
-17.5625
-16.5938
-16.2188
-13.9375
-10.0313
-5.96875
-3.40625
-3.625
-4.75
-4.46875
-4.34375
-5.6875
-8.9375
-13.4688
-17.5
-19.1563
-21.5313
-24.7813
-27.0938
-27.8125
-27.0938
-25.0313
-23
-22.5625
-23.3125
-25.6563
-28.875
-30.7188
-29.8125
-26.9688
-23.7813
-21.3125
-18.9063
-14.4375
-9.1875
-5.25
-3.625
-3.15625
-5
-5.5
-5.34375
-6.03125
-8.46875
-12.8125
-18.125
-21.3438
-24.875
-29.4375
-34.1875
-37.875
-39.9063
-40.1875
-39.2813
-39.25
-39.2813
-39.875
-39.9375
-38.1875
-34.375
-29.4375
-25.0313
-21.4688
-17.6563
-12.5938
-8
-5.40625
-4.6875
-2.28125
-4.1875
-5.53125
-5.9375
-6.21875
-7.46875
-10.4375
-15.0625
-18.75
-22.625
-27.3125
-32.9063
-38.5
-43.0625
-45.9375
-46.9063
-47.4688
-46.7188
-45.125
-42.3125
-37.75
-31.9375
-26.1875
-21.625
-17.6875
-13.6563
-9.40625
-6.1875
-4.90625
-4.84375
-0.9375
-2.21875
-3.78125
-4.90625
-5.28125
-5.5625
-6.90625
-9.90625
-12.7813
-15.8438
-19.2188
-23.2188
-28.0313
-32.875
-36.5625
-38.3438
-39.0625
-37.9688
-35.4688
-31.75
-26.8125
-21.5625
-17.1563
-13.4063
-10.0625
-7
-4.34375
-2.78125
-2.53125
-2.65625
0.25
0.09375
-0.625
-1.46875
-1.875
-1.75
-1.6875
-2.78125
-4.40625
-6.15625
-7.9375
-9.84375
-12.3438
-15.3438
-18.0313
-19.4063
-19.5
-18.5
-16.1563
-13
-9.53125
-6.3125
-3.78125
-0.875
1.375
3.1875
4.03125
4
3.46875
3.125
1.84375
3.46875
4.53125
5.125
5.6875
6.4375
7.5625
8.28125
7.75
7
6.4375
6.09375
5.625
4.9375
4.0625
3.375
3.78125
4.09375
5.15625
6.71875
8.40625
10.1563
11.875
14.5625
16.2813
17.3125
17.0625
15.8438
14.125
12.2813
3.53125
7.0625
10.625
13.875
16.7813
19.5
22.3438
24.8125
25.125
24.625
24.0938
23.4063
22.5938
21.75
20.625
19.1875
18.6875
17.3125
16.1875
16.25
17.3438
19.2188
21.75
25.3125
28
29.5313
29.3438
27.4375
24.3125
20.5313
4.0625
8.8125
14.375
20
25.1875
29.9063
34.5625
38.3438
39.5
38.7813
37.0313
33.875
30.25
26.875
23.125
19.5625
16.7188
13.5313
10.875
10.9375
13.5313
17.5938
22.6875
27.9375
32.7188
35.4688
36.1563
34.2813
30.0938
24.6563
3.90625
9.1875
15.6563
22.5
29.125
35.2188
40.875
45.125
46.6875
45.1563
41.8125
36.3125
29.7188
23.1875
16.5313
10.4688
5.3125
0.65625
-3.125
-3.125
0.96875
7.40625
14.75
21.2813
28.0313
32.25
34.5313
33.6563
29.4375
23.3438
0.1875
0.09375
0.25
0.1875
0.34375
0.84375
1.5
2.4375
3.21875
3.5625
3.625
2.9375
1.96875
1.28125
0.34375
-0.15625
-0.625
-1.125
-1.40625
-1.96875
-2.3125
-2.875
-3.28125
-3.125
-2.625
-1.9375
-1.25
-0.6875
-0.53125
-0.21875
0
-0.03125
0.28125
0.5
1.15625
2.15625
3.0625
4
4.3125
4
3.46875
2.28125
1.1875
0.5625
-0.15625
-0.40625
-0.625
-0.9375
-0.90625
-1.09375
-1.34375
-1.96875
-3.0625
-3.84375
-4.03125
-3.6875
-2.8125
-1.75
-1.125
-0.53125
-0.28125
-0.125
0.59375
1.375
2.59375
3.90625
4.625
4.875
4.5
3.71875
3.1875
2.5625
2
1.6875
1
0.375
-0.53125
-1.40625
-1.8125
-2.15625
-2
-2.21875
-3.09375
-4
-4.75
-4.90625
-4.28125
-3.15625
-2.09375
-1.125
-0.4375
-0.15625
1.03125
2.5
4.1875
5.59375
5.78125
5.375
4.9375
4.65625
5.28125
5.84375
5.71875
5.15625
3.59375
1.78125
-0.5
-2.5625
-4.21875
-5.65625
-5.625
-5.53125
-5.4375
-5.15625
-5.4375
-5.5625
-5.28125
-4.59375
-3.46875
-2.1875
-0.375
0.1875
1.78125
3.71875
5.625
6.71875
6.53125
6.21875
6.65625
7.90625
9.96875
11.0625
10.4688
8.71875
5.6875
2.71875
-0.53125
-3.5625
-6.28125
-9.09375
-10.2188
-10.625
-10.0938
-8.4375
-7.28125
-6.46875
-6.0625
-5.9375
-5.125
-3.75
-0.03125
0.90625
2.90625
5.15625
6.90625
7.625
7.71875
8.375
10.3438
13.0625
15.1875
15.25
13.1875
9.90625
6.1875
3
-0.34375
-3.5625
-6.84375
-10.5625
-13.0938
-14.9375
-15.2188
-13.3438
-10.9375
-8.5
-7.0625
-6.90625
-6.5625
-5.53125
0.75
2.3125
4.71875
6.96875
8.0625
8.40625
9.40625
11.6875
15.375
18.6563
19.625
17.75
13.7813
9.4375
5.53125
2.5625
-0.375
-3.3125
-6.53125
-10.5
-14.0313
-17.4375
-19.4063
-18.625
-15.7813
-11.9688
-8.96875
-7.84375
-7.78125
-7.21875
1.8125
3.90625
6.40625
8.53125
8.8125
9.4375
11.8125
15.5
19.9688
22.4375
21.5625
17.9375
13.2188
8.90625
5.28125
2.4375
-0.65625
-3.84375
-6.875
-10.4688
-14.0313
-17.7813
-21.1563
-21.9688
-19.625
-15.5938
-11.4688
-9.15625
-8.96875
-8.625
3
5.4375
7.9375
9.90625
9.40625
10.6875
14.375
18.7188
23.625
24.8438
22.3438
18.4063
13.5313
9.8125
6.28125
2.5
-1.28125
-5.5625
-8.75
-11.7813
-15.25
-18.375
-22.0313
-23.9375
-21.9063
-17.9063
-13.375
-10.0938
-9.75
-10
4.3125
7.0625
9.40625
11.0625
10.0313
11.9375
16.7188
21.625
26.5
26.5313
23.0938
19.1563
14.5938
11.4375
7.46875
2.53125
-2.15625
-7.1875
-10.2188
-12.8438
-16.25
-19.2813
-23.25
-25.8125
-24.0313
-19.9375
-15.0938
-10.9375
-10.3438
-11.2188
5.4375
8.1875
10.0938
11.3125
10.4063
12.9688
19.25
25.2813
30.4063
29.9063
25
19.1875
13.1563
9.3125
4.65625
0.09375
-4.21875
-9.375
-11.5313
-14.0938
-17.4688
-19.9063
-23.6563
-25.9688
-23.75
-19.4688
-14.75
-10.1563
-9.84375
-11.6875
6.65625
9.5
10.875
11.5938
10.3125
13.1875
20.7188
27.125
31.4688
29.375
22.1563
14.5625
8.53125
5.8125
1.9375
-1.5625
-5.65625
-11.25
-11.9063
-12.8438
-14.9063
-16.0938
-20.0313
-23.625
-22.1563
-18.1875
-13.9063
-8.75
-8.6875
-11.75
7.6875
10.4688
11.4063
11.625
10.0313
13.2813
21.25
26.7188
29.125
24.9063
16
8.625
4.4375
4.15625
2.28125
-0.6875
-5.1875
-11.3438
-11.3438
-10.125
-10.1563
-10.125
-14.4375
-20.4063
-21.1563
-18.4688
-14.7813
-8.53125
-7.875
-11.5938
8.46875
11.1875
11.8125
11.7188
9.96875
13.8438
22.0313
26.5
27.1875
21.25
11.6563
4.84375
2
3.125
1.9375
-0.53125
-4.5
-10.4063
-9.15625
-6.5
-5.875
-5.375
-10.75
-19.0313
-21.8125
-20.4063
-16.75
-9.125
-7.3125
-11.1875
8.78125
11.25
11.75
11.6563
10
14.5313
22.5313
26.0313
25.75
19.2188
10.0938
3.96875
1.6875
3.25
1.9375
-0.25
-3.875
-9.9375
-8.375
-5.25
-4.125
-3
-8.4375
-17.8438
-22.2813
-21.9375
-18.6875
-10.375
-7.21875
-10.875
8.84375
11.375
12.0625
12.125
10.5313
15.1875
22.8438
25.8438
25.1875
18.5
9.625
3.75
1.59375
3.15625
1.90625
0
-3.25
-9.03125
-7.46875
-4.5
-3.46875
-2.53125
-8.1875
-17.875
-22.9063
-22.75
-19.4063
-10.9063
-7.28125
-11
8.59375
11.4063
12.4375
12.625
11.0625
14.9688
22.0625
25.4375
25.1563
19.5938
11.375
4.9375
2.40625
3
1.5
0.1875
-2.6875
-7.59375
-6.0625
-3.75
-3.1875
-3.65625
-10.0938
-19.5938
-24.375
-23.3438
-19.2813
-11.1563
-7.9375
-11.5313
7.9375
10.9688
12.375
12.7813
10.9063
13.5
19.9375
24.2188
25.9688
23.1563
16.0625
8.53125
4.3125
2.96875
1
0.4375
-1.78125
-6.15625
-5.21875
-4.125
-5.09375
-7.21875
-14.2813
-22.875
-25.7813
-22.8438
-17.7813
-10.4375
-8.25
-11.875
7.4375
10.8438
12.75
13.3438
10.5313
11.5
16.4375
21.125
25.0313
25.0313
20.4688
13.7188
8.84375
6.15625
3.46875
2.25
0.125
-3.75
-3.90625
-3.96875
-6.96875
-11.5938
-19.625
-27.5
-28.5938
-23.7188
-17.375
-10.6875
-9.1875
-12.4063
6.4375
9.90625
12.5
13.5625
10.8438
11.1875
14.5938
19.0938
24.5313
26.875
25.0938
20.0938
14.5625
10.0625
6.1875
3.59375
1.4375
-1.90625
-3.6875
-5.4375
-10.4688
-16.875
-24.8125
-31.1563
-30.75
-24.9375
-17.9375
-12.0625
-10.625
-12.75
5.28125
8.6875
11.75
13.5313
11.5938
12.0313
14.8125
19.0938
24.8438
27.8438
27.0313
22.4688
16.375
10.7813
6
3.0625
1.0625
-1.96875
-4.34375
-7.34375
-13.0625
-19.4375
-26.375
-30.9375
-29.7188
-24.0938
-17.5625
-12.9063
-11.6563
-12.7813
4.125
7.25
10.3438
12.5938
11.625
12.375
14.8438
18.6875
23.7188
26.0313
25.3438
21.2188
15.5
10.5313
6.09375
2.9375
0.375
-2.9375
-6.15625
-9.5625
-14.0938
-19.1875
-24.1563
-27.0313
-25.9375
-21.5313
-16.5625
-13.25
-12.125
-12.1875
3.03125
5.75
8.625
10.9688
10.9063
11.9688
14.25
17.6875
21.9063
23.375
22.375
18.8125
13.625
9.34375
5.6875
2.53125
0
-2.71875
-5.9375
-9.4375
-13.5625
-18.4375
-22.5
-23.9688
-22.3438
-18.4063
-14.2813
-12.125
-11.5313
-11
1.90625
4.0625
6.65625
9.0625
9.84375
10.6563
12.125
14.5625
18.375
20.5625
20.5625
18.5313
13.75
9.4375
5.9375
2.40625
-0.09375
-2.59375
-6.0625
-9.625
-13.6875
-18.25
-20.8125
-20.625
-18.0625
-14.2188
-11.3438
-10.6875
-10.7813
-10.0313
1.25
3.03125
5.46875
7.96875
9.21875
9.75
9.90625
10.7813
13.5938
16.2813
17.9688
17.9063
14.5938
10.75
7.25
3.21875
0.25
-2.78125
-6.84375
-10.4375
-14.3125
-17.4375
-17.8438
-15.7813
-12.5
-9.625
-8.65625
-9.90625
-10.7188
-10.0938
1.4375
3.28125
5.9375
8.71875
10.125
10.3125
9.1875
8.09375
9.21875
11.0938
13.4375
15.1563
13.4063
10.7188
7.65625
3.53125
0.5625
-2.5
-6.46875
-9.625
-12.4688
-13.9375
-12.7813
-9.75
-7.25
-6.375
-7.59375
-11.0625
-12.6563
-12.125
2.15625
4.59375
7.90625
11.1875
12.75
12.625
10.6875
7.84375
6.8125
6.875
8.1875
10.4063
10.0625
8.75
6.75
3.125
0.34375
-2.34375
-5.59375
-7.34375
-8.21875
-7.84375
-5.6875
-3.3125
-3.09375
-5.125
-9.0625
-14.4688
-16.875
-16.3438
3.46875
7.1875
11.75
15.875
17.5938
16.6875
13.8438
9.5625
6.4375
4.5
3.71875
4.28125
3.40625
2.1875
0.6875
-1.5625
-2.625
-3.4375
-4.4375
-4
-2.78125
-0.71875
2.0625
3.5
1.75
-3.15625
-9.84375
-17.25
-21.5
-21.2813
4.6875
9.6875
15.6875
20.6875
22.5625
20.8438
16.75
11.4063
7.0625
3.78125
1.28125
-0.5
-3.375
-5.6875
-7.3125
-7.8125
-6.34375
-4.78125
-3.4375
-1.4375
1.34375
5.03125
8.875
10.5625
7.78125
0.34375
-9.09375
-19.2813
-26.0938
-26.5313
5.90625
12.5625
20.4688
26.625
28.75
25.2188
18.8125
11.5
5.625
1.71875
-1.5
-4.125
-7.90625
-11.0625
-12.7813
-12.5938
-9.6875
-6.40625
-3.8125
-0.6875
3.40625
8.90625
14.8125
17.8438
14.8438
5.125
-7.59375
-21.4063
-31.25
-32.5938
-0.375
-0.125
0.0416667
0.125
0.125
0.125
0.208333
0
-0.333333
-0.375
-0.5
-0.666667
-1.25
-1.83333
-2.16667
-2.66667
-2.91667
-2.91667
-2.29167
-1.875
-1.5
-1.16667
-0.833333
-0.583333
-0.541667
-0.375
-0.291667
-0.0833333
0.0416667
0
-0.0833333
-0.0833333
-0.416667
-0.416667
-0.416667
-0.5
-0.541667
-0.541667
-0.625
-0.5
-0.666667
-1.125
-2
-2.66667
-3.08333
-3.91667
-4.625
-5.16667
-5.33333
-5.54167
-5.5
-5.20833
-4.625
-3.58333
-2.58333
-1.66667
-1.25
-0.875
-0.5
-0.416667
-0.375
-0.25
0
0.375
-0.0833333
-0.291667
-0.333333
-0.416667
-0.458333
-0.5
-0.916667
-1.16667
-1.70833
-3
-4.41667
-5.20833
-5.29167
-5.16667
-4.91667
-4.04167
-3.29167
-3.33333
-4.04167
-4.83333
-5.45833
-5.58333
-5.20833
-4.5
-3.625
-2.625
-1.41667
-0.75
-0.5
-0.25
-0.0416667
0.125
-0.0833333
-0.166667
-0.0833333
0.0833333
0.0833333
-0.333333
-1.08333
-1.95833
-2.91667
-3.58333
-3.125
-1.83333
-0.0416667
2.125
4.25
6.125
7.04167
7.20833
6.66667
5.75
4.04167
1.83333
-0.125
-1.79167
-2.79167
-3.25
-2.75
-1.83333
-1.16667
-0.625
-0.291667
-0.333333
-0.208333
-0.0416667
0.0416667
0.166667
-0.208333
-1
-1.70833
-2.20833
-2.04167
-0.5
2.25
4.83333
7.08333
8.625
9.375
8.83333
7.79167
7.45833
7.75
8.58333
9
8.25
6.58333
4.41667
1.95833
-0.375
-1.95833
-2.33333
-1.91667
-1.25
-0.5
-0.125
0.0833333
0.166667
0
-0.458333
-1.25
-1.58333
-1.29167
-0.5
1.04167
3.04167
4.16667
3.75
1.91667
-1.125
-4.875
-8.79167
-11.4583
-12.5833
-11.6667
-9.29167
-5.41667
-1.5
1.45833
3.45833
3.79167
3
1.20833
-0.5
-1.16667
-1.125
-0.666667
0.125
0.208333
0
-0.416667
-1.16667
-1.41667
-0.791667
0.583333
1.875
2.75
2.16667
-0.375
-4.5
-9.83333
-15.0417
-19.4167
-22
-23.0417
-23.375
-22.875
-21.75
-19
-14.5833
-9.58333
-4.70833
-0.791667
1.625
2.16667
1.41667
0.291667
-0.583333
-0.958333
-0.5
0
-0.291667
-0.791667
-1.25
-0.666667
0.375
1.45833
1.625
0.375
-2.375
-5.70833
-9.25
-11.9583
-12.75
-11.5
-8.875
-6.5
-4.75
-5.58333
-7.70833
-10.3333
-11.75
-11.4583
-9.70833
-6.25
-3.20833
-0.916667
0.75
0.875
-0.166667
-1.125
-1.375
0.125
-0.125
-0.833333
-1.16667
-0.458333
0.25
-0.0833333
-1.625
-3.79167
-5.375
-6.58333
-6.33333
-3.625
1.125
7
11.8333
15.2083
17.125
16
12.8333
7.95833
2.33333
-2.5
-5.625
-5.91667
-4.79167
-3.45833
-1.375
0.25
0.291667
-0.708333
-1.70833
0.125
-0.125
-1
-0.916667
-0.291667
-0.208333
-1.70833
-3.625
-3.83333
-3.08333
-2.16667
0.625
5.16667
10.1667
13.875
15.75
16.7083
16.625
16.8333
16.4583
14.8333
11.6667
7.5
3.125
-0.0416667
-1
-1.33333
-1.25
-0.0416667
1.41667
1.33333
-0.0833333
-0.25
-0.333333
-0.333333
1.04167
1.54167
0.916667
-0.333333
-0.75
0.833333
2.20833
4.16667
7.375
10.2083
11.75
11.0417
9.33333
8.125
7
7.83333
10.25
12.25
13.3333
12.6667
10.0417
6.75
4.16667
3.08333
1.375
0.625
1.75
2.66667
1.95833
-0.0833333
0.0833333
1.33333
2.83333
2.79167
1.75
1.33333
2.20833
3.25
4.79167
7.20833
10
11.5
11
9
6.41667
5.41667
5
5.04167
6.54167
8.83333
10.875
11.0833
9.70833
7.45833
5.04167
3.45833
1.20833
-0.416667
-0.583333
0.458333
0.875
0.333333
0.416667
2.04167
2.125
1.66667
0.916667
1
2.54167
2.83333
3.75
5.20833
6.16667
6.79167
6.20833
5.08333
4.75
5.375
6.20833
6.66667
6.04167
7.16667
9
9.125
8.79167
7
5.75
3.54167
1
-0.833333
-1.75
-1.20833
-0.5
0.25
0.25
1.20833
0.5
0.0833333
0.166667
1.54167
4.08333
4.75
4.79167
5.20833
5.04167
4.5
3.83333
3.79167
5.29167
6.45833
7.41667
8.875
8.66667
9.5
11.5
13
14.375
12.6667
10.4583
7.70833
5.375
2.75
0.583333
0.0833333
0.541667
0.125
0.333333
-0.333333
-0.875
-1.04167
-0.291667
1.79167
4.16667
6.79167
8.91667
11.0417
12.2917
11.9583
10.625
9.45833
8.125
5.54167
4
2.66667
1.875
0.708333
-0.291667
0.75
1.83333
2.25
1.625
1.79167
3.04167
2.95833
1.66667
0.833333
1.04167
0.375
0.666667
-0.583333
-0.583333
-0.541667
0.166667
0.666667
0.5
2.125
3.54167
4.08333
2.91667
1.29167
-0.75
-2.79167
-5.54167
-9.66667
-12.0417
-16.2917
-19.7917
-24.3333
-28.8333
-29.4167
-28.5833
-23.2083
-17.75
-12
-6.20833
-1.75
0.333333
0.0833333
0.0416667
0.625
1
0.666667
0.625
0.541667
0.958333
0.0833333
-3
-6.45833
-10.4583
-15.875
-22.2917
-27.3333
-28.875
-27.9583
-26.5833
-25.2917
-24.75
-25.375
-27.0833
-30
-32.375
-32.1667
-28.9583
-22.1667
-16.1667
-10.7917
-5.91667
-1.75
0.5
0.0416667
-0.0416667
0.291667
0.708333
0.666667
0.0416667
-0.166667
0.125
-0.625
-3.79167
-7.875
-12.375
-17.25
-21.5417
-25.0417
-25.375
-23.25
-20
-16.875
-15.875
-12.2083
-8.70833
-6
-3.83333
-1.79167
1.58333
2.83333
2.45833
1.66667
1.45833
1.83333
1.75
1
1.04167
-0.375
-0.25
-0.0833333
-0.625
-0.75
-0.416667
-0.5
-1.45833
-2.41667
-2.33333
-1.16667
0.25
1.54167
2.04167
2.5
3.54167
3.375
2.75
4.75
8.66667
12.6667
15.4583
17.2917
17.875
15.0417
11.1667
7.16667
4.20833
2.125
0.75
0.375
0.708333
-0.416667
-0.5
0.708333
1.04167
1.08333
1.29167
2.33333
4.08333
4.66667
6.91667
10.1667
12.7917
14.5833
14.4167
13.625
12.7917
11.9583
11.875
11.1667
11.5417
12.6667
13.6667
14.125
13.4167
11.3333
8.66667
6.04167
4.08333
1.5
-0.541667
-0.458333
0.208333
-0.0416667
-0.0833333
1.25
2.16667
2.25
1.91667
3.375
6.91667
9.33333
11.2083
12.875
14.625
14.7917
13.0833
10.5
8.54167
8.45833
9
8.33333
7.33333
7.66667
9.16667
9.875
9.08333
7.54167
6.5
5.58333
3.875
1.33333
0
0.708333
0.958333
-0.208333
-0.25
0
0.541667
0.208333
-0.583333
-0.5
1.41667
4.66667
7.08333
8.66667
10.625
11.7083
11.1667
8.58333
5.75
5
4.91667
5.125
5.375
6.95833
9.25
9.625
7.66667
5.45833
4.45833
3.41667
0.833333
-0.666667
0.0416667
1.04167
0.583333
-0.333333
-0.458333
-0.666667
-0.125
-0.208333
-1.16667
-2.79167
-4
-3.33333
-1.20833
1.66667
5.08333
8.91667
12.25
13.6667
12.4583
11.3333
10.9583
11.3333
12.0417
12.4167
11.3333
8.20833
4.16667
1
-1
-2.16667
-3
-1.91667
-0.125
0.583333
-0.166667
0.125
-0.0833333
-0.458333
0.25
1.58333
1.5
-0.208333
-2.5
-4.375
-5.25
-4.375
-1.58333
3.04167
8.79167
14.3333
17.9583
19.2917
19.7083
19.2917
17.625
13.75
8.08333
2.125
-2.375
-4.875
-5.45833
-4.70833
-2.70833
-0.25
1.04167
0.916667
-0.166667
0.208333
0
-0.833333
-1
0.625
2.25
2.41667
1.08333
-0.75
-3.58333
-7.20833
-9.25
-8.875
-6.04167
-1.70833
3.25
6.875
7.95833
7.04167
3.66667
-1.20833
-5.75
-8.66667
-9.08333
-7.375
-4.16667
-1.5
0.916667
2.16667
1.95833
0.5
-0.541667
-0.0833333
-0.166667
-0.833333
-1.75
-1.83333
-0.291667
1.5
2.16667
1.79167
0.333333
-3.625
-8.83333
-13.5833
-16.9167
-18.375
-18.5417
-17.4583
-17
-17.5833
-18.5417
-18.5417
-16.9583
-13.5
-8.83333
-3.83333
-0.291667
1.33333
1.75
1
-0.5
-1.91667
-1.66667
-0.25
-0.291667
-0.625
-1.58333
-3.20833
-3.83333
-3
-1.375
-0.25
0.375
0.666667
-1.75
-5.95833
-11.4167
-16.4583
-20.5833
-23.5833
-24.0833
-24.125
-21.6667
-17.5417
-12.625
-7.41667
-3.45833
-0.875
-1.625
-2.875
-4.41667
-5.79167
-6.45833
-5.58333
-3.41667
-0.291667
-0.5
-1.20833
-2.45833
-4.375
-6.70833
-8.375
-8.70833
-7.83333
-7
-4.29167
-2.45833
-2.375
-3.875
-6.375
-8.33333
-11.0833
-12
-11.5
-9.125
-6.91667
-5.20833
-4.33333
-4.91667
-6.75
-10.2917
-12.125
-12.75
-12.2917
-10.5
-7.58333
-4.41667
0
-0.5
-1.66667
-3.45833
-5.25
-7.75
-10.75
-13.4167
-14.625
-14.9167
-14.1667
-11.9583
-9.83333
-7.375
-5.29167
-3.33333
-2.375
-2.70833
-1.75
-2.04167
-3.625
-6.125
-9.20833
-11.9167
-15.125
-16.7083
-16.6667
-14.9167
-12.0833
-8.70833
-5.54167
-3.16667
0.166667
-0.375
-1.08333
-2.58333
-4.375
-6.54167
-9.20833
-11.7917
-14.2917
-15.375
-16.5
-16.0833
-14.4583
-11.5833
-7.875
-4.5
-0.708333
1.54167
3.66667
3.54167
3.04167
1.58333
-1.125
-3.625
-6.125
-5.75
-6.375
-5.625
-3.66667
-1.5
0.0416667
-0.0833333
0.0416667
0.166667
0.958333
1.375
0.583333
-0.375
-1.25
-2.08333
-3.75
-4.625
-4.54167
-4
-2.29167
0.708333
4.45833
7.79167
12
16.2083
18.9583
20.5417
22.0833
23.0417
21.8333
19.5
17.625
16.5
13.25
10.4583
8.625
7.375
5.79167
3.29167
0.0833333
0.833333
2.70833
4.79167
6.45833
8.29167
10.3333
11.75
12.3333
13.0833
14.5833
15.9167
17.4583
19.2917
20.875
21.9583
22.625
23.25
22.9167
22.75
22.25
22.0417
21.7083
20.9167
20.625
19.2917
17.8333
15.25
12.2917
9.45833
6.45833
4.20833
-0.125
0
-0.0833333
0
0.375
0.125
-0.416667
-0.375
0.0416667
0.25
0.25
0.0833333
-0.5
-0.708333
0.0833333
0.583333
0.458333
0.583333
0.583333
0.125
-0.375
-0.416667
-0.208333
-0.333333
-0.416667
0
0.333333
0.166667
0.166667
0.125
-0.208333
-0.208333
-0.166667
-0.0416667
-0.166667
0
0.458333
0.208333
-0.375
-0.5
-0.166667
-0.125
-0.625
-0.541667
0.0416667
0.333333
0.75
0.833333
0.291667
0.208333
0.5
0.416667
0.125
0.166667
0.166667
-0.416667
-0.75
-0.375
-0.125
-0.166667
0.125
0.25
-0.125
-0.25
-0.0833333
-0.0416667
-0.208333
-0.0416667
0.291667
0
-0.541667
-0.666667
-0.458333
-0.625
-0.916667
0.0416667
1.20833
0.958333
0.708333
0.708333
0.0833333
-0.208333
0.208333
0.416667
0.0416667
0.291667
1.16667
0.75
-0.5
-0.875
-0.791667
-0.75
-0.25
0.125
-0.0416667
-0.125
0.0416667
0.0833333
-0.208333
-0.166667
-0.0416667
-0.708333
-1.20833
-0.708333
-0.0416667
-0.0833333
-0.25
0.666667
1.33333
0.625
0.5
0.75
0.0416667
-0.416667
0.0416667
0.25
-0.458333
-0.291667
1.5
2.08333
0.583333
-0.625
-1
-1.20833
-0.791667
-0.25
-0.166667
-0.0833333
-0.0833333
-0.0416667
-0.208333
-0.208333
-0.583333
-1.625
-1.58333
-0.0833333
0.958333
0.625
0
0.333333
0.708333
0
0
0.958333
0.791667
0.0833333
0.625
1.08333
-0.625
-1.5
0.708333
2.16667
1.08333
-0.125
-0.458333
-0.708333
-1.04167
-1
-0.5
-0.125
-0.0416667
0.0416667
-0.25
-0.583333
-1.375
-2.33333
-1.29167
1.125
1.91667
0.416667
-1.33333
-1
0.416667
0.25
0.125
1.45833
1.66667
0.666667
1.58333
2.83333
0.333333
-1.875
-0.291667
0.708333
-0.0833333
-0.25
0.458333
0.5
-0.916667
-1.75
-0.916667
-0.25
0.0833333
0.25
-0.416667
-1.29167
-2.16667
-2.41667
-0.291667
2.25
1.75
-1.33333
-3.375
-1.625
1.16667
1.33333
1.20833
2.25
1.95833
0.625
1.625
3.75
2
-0.708333
-0.0833333
0.0416667
-1.79167
-2.125
0.166667
1.91667
0.166667
-2.08333
-1.70833
-0.75
0.25
0.333333
-0.666667
-2.125
-2.79167
-1.75
0.958333
2.5
0.125
-3.625
-3.58333
0
2.16667
1.75
1.625
2.25
2
1
1.66667
3.54167
2.41667
0.125
0.791667
1.16667
-1.625
-4.08333
-2.16667
1.875
2.125
-0.916667
-2.375
-1.75
0.25
0.25
-1.45833
-3.54167
-2.45833
0.875
2.29167
0.625
-2.79167
-4.75
-2.45833
1.29167
2.625
2.25
2.125
2.33333
2.08333
1.375
1.875
3.33333
2.58333
0.833333
1.375
2
-0.666667
-4.66667
-4.70833
-0.125
3.25
1.54167
-1.95833
-2.95833
0.125
-0.125
-2.625
-4.66667
-0.666667
4.16667
2.29167
-2.75
-5.83333
-5.20833
-1.16667
2.625
3.54167
2.79167
2.375
2.5
2.33333
1.75
2.08333
3.33333
2.83333
1.41667
2.125
2.75
-0.166667
-4.875
-6.58333
-2.625
3.20833
3.66667
-0.916667
-3.70833
0.125
-0.458333
-3.70833
-5.20833
1.66667
6.79167
0.916667
-6.75
-8.66667
-4.66667
1.54167
4.5
4.45833
3.125
1.91667
2.20833
2.75
2.625
1.70833
1.625
2.625
2.33333
2.91667
4.16667
1
-4.70833
-7.91667
-5.75
1.75
5.875
1.16667
-4.04167
0.166667
-0.916667
-4.91667
-5.29167
4.41667
8.75
-2.04167
-11.5417
-9.625
-1.08333
5.58333
6
4.25
2.375
0.75
1.29167
3.29167
4.125
0.666667
-2.20833
0.833333
3.5
4.45833
5.70833
2.95833
-2.45833
-7.66667
-9.54167
-1.54167
7.54167
4.08333
-3.75
0.0833333
-1.58333
-5.45833
-4.25
6.41667
8.54167
-5.625
-14.5833
-8.54167
2.375
8.33333
7.41667
5.16667
2.58333
-0.791667
-1.25
2.875
6.20833
0.791667
-4.70833
-0.958333
2.875
3.875
4.91667
3.5
1
-4.58333
-11.75
-5.58333
8.25
7.41667
-2.625
-0.125
-2.125
-5.91667
-3.375
8.33333
8.29167
-8.95833
-16.1667
-5.25
6.79167
9.83333
6.79167
4.125
0.958333
-2.95833
-3.20833
3.58333
9.91667
2.25
-6.83333
-3.25
1
1.875
3.125
3.16667
4.20833
0.333333
-11.625
-9.75
7.58333
10.5833
-0.958333
-0.125
-2.66667
-6.20833
-1.75
9.95833
6.08333
-12.4583
-14.5833
0.791667
10.2917
8.16667
3.66667
2.20833
-0.375
-4.79167
-4.75
4.79167
13.625
4.04167
-8.875
-5.66667
0.333333
1.25
1.33333
1.75
6.375
5.54167
-10.0833
-13.5417
5.66667
12.7083
0.666667
-0.125
-2.83333
-6.08333
-0.833333
10.0833
4.29167
-13.7083
-12.5
4.5
11.5417
6.33333
0.916667
0.791667
0.625
-3.79167
-6.16667
3.70833
15.2083
4.33333
-11.6667
-6.70833
2.29167
2.45833
0.791667
1.16667
7.125
7.375
-9.83333
-15.625
4.83333
14.3333
1.91667
-0.125
-2.875
-6.20833
-0.75
10.0417
3.83333
-13.6667
-10.875
6.54167
10.6667
2.875
-0.791667
1.79167
2.75
-2.08333
-7.08333
1.33333
14.625
5.25
-11.5833
-7.375
2.875
3.58333
1.04167
1.58333
7.58333
7.20833
-10.1667
-16.25
4.375
14.6667
2.20833
-0.333333
-2.79167
-6.45833
-1.58333
9.95833
5
-12.25
-10.4167
5.125
8
1.375
0.208333
3.70833
4.25
-1.125
-7.5
-0.75
12.625
5.79167
-9.33333
-6.625
2.29167
3.95833
2.45833
2.58333
6.58333
4.66667
-10.9167
-14.7917
5
14
1.66667
-0.25
-2.5
-6.95833
-3.375
9.625
7.70833
-9.5
-11.3333
1.33333
6.04167
2.70833
1.625
3.29167
3.41667
-0.75
-6.08333
-0.875
10.375
5.375
-7.83333
-6.33333
2.08333
5.41667
6.25
5.91667
4.54167
-1.33333
-12.6667
-11.125
6.625
11.75
-0.166667
0.0833333
-2.125
-7.04167
-4.45833
8.45833
8.66667
-6.79167
-11.0417
-2.33333
2.29167
2.04167
3.16667
4.83333
4.41667
0.625
-4.20833
-1.41667
6.625
3.79167
-5.83333
-4.45833
3.41667
7.75
9.29167
7.08333
1.29167
-6.70833
-13.4167
-7.25
7.58333
8.79167
-2.04167
-0.0416667
-1.58333
-6.25
-5.58333
6
9.41667
-2.875
-10.3333
-6.54167
-1.91667
0.625
4.125
7.16667
6.83333
3
-2.33333
-2.41667
2.875
2.08333
-3.16667
-1.08333
5.04167
8.5
9.20833
5.54167
-2.25
-10.2917
-12
-2.66667
7.875
5.58333
-3.41667
-0.208333
-1.125
-5.125
-5.83333
3.20833
8.04167
0.25
-7.20833
-7.45833
-4.54167
-1.33333
3.125
7.20833
6.79167
3.20833
-0.125
-0.75
1.66667
2.5
0.75
1.20833
4
6.125
6.29167
2.83333
-4.29167
-10.0833
-7.91667
1.08333
6.54167
2.16667
-4.41667
-0.208333
-0.708333
-3.79167
-5.375
0.541667
5.45833
1.83333
-3.875
-5.95833
-4.58333
-1.70833
1.95833
4.91667
4.75
2.66667
1.33333
1.33333
1.95833
2.33333
2.16667
2.41667
3.33333
4.08333
3.41667
0
-5.25
-7.79167
-3.5
3.45833
4.625
-0.541667
-4.66667
0
-0.458333
-2.33333
-4.125
-1.54167
2.375
2.04167
-1
-3.25
-3.75
-2.625
0.416667
3.54167
3.66667
2.08333
1.70833
2.16667
2.33333
2.29167
2
2
2.70833
3
1.75
-1.5
-5.20833
-5.08333
0.0416667
4.125
2.16667
-2.45833
-4.16667
-0.0416667
-0.25
-1.20833
-2.75
-2.375
-0.125
1.29167
0.833333
-0.75
-2.45833
-3.58333
-1.625
3
4.08333
1.66667
1.125
2
2.20833
2.16667
1.66667
1.54167
2.875
2.83333
-0.0833333
-3.125
-4.04167
-1.875
1.79167
2.66667
-0.0416667
-2.625
-2.91667
-0.208333
-0.166667
-0.458333
-1.75
-2.58333
-1.54167
0.625
1.66667
0.916667
-0.541667
-3.375
-4.20833
1.29167
4.83333
1.875
0.458333
1.66667
2.125
2.29167
1.58333
1.33333
3.04167
1.875
-2.58333
-3.95833
-1.79167
0.833333
2.375
1.125
-1.375
-2.04167
-1.66667
-0.25
-0.291667
-0.375
-1.08333
-2.08333
-2.33333
-0.625
1.625
2.25
1.625
-1.45833
-4.625
-1.20833
3.08333
1.41667
0.291667
1.91667
2.79167
2.5
0.958333
0.708333
2
0.0833333
-3.20833
-2.625
0.125
2
2.45833
0.583333
-1.45833
-1.33333
-1.16667
-0.166667
-0.375
-0.958333
-1.70833
-1.375
-0.958333
-1
0.166667
2.16667
3
0.458333
-3.08333
-1.375
1.75
0.625
-0.0833333
1.29167
2
1.5
0
-0.0416667
1.16667
0.166667
-1.54167
-0.875
0.583333
1.5
2.625
1.83333
-0.375
-1.08333
-1.66667
-0.125
-0.625
-2.16667
-3.33333
-1.125
1.625
0.625
-0.916667
0.625
2.83333
1.33333
-1.83333
-0.333333
2.125
0.583333
-0.333333
0.5
0.791667
0.625
-0.416667
-0.375
1.125
0.416667
-1.16667
-0.125
1.04167
1.20833
3.33333
4.16667
1.29167
-1.29167
-2.91667
-0.333333
-1.125
-3.70833
-5.58333
-2.25
3.08333
3.66667
1.08333
0.458333
1.75
1.125
-1.20833
0.166667
3.04167
2.125
0.25
-0.458333
-0.458333
-0.208333
-0.708333
0.0416667
0.958333
-1.625
-3.375
-0.375
2
2.125
5.375
7.83333
3.5
-2.08333
-4.83333
-0.458333
-1.58333
-4.91667
-7.5
-4.16667
2.875
6.25
4.54167
2.125
1.375
0.833333
-0.625
0.0833333
3.58333
4.33333
0.541667
-2.5
-1.54167
-0.541667
-1.08333
0.208333
-0.0833333
-5.16667
-7.125
-1.25
4.5
5.625
8.58333
11.125
5.25
-2.95833
-6.83333
-0.541667
-2.04167
-6.04167
-9.70833
-6.66667
3.04167
9.20833
7.25
3.83333
2.58333
1.95833
0.541667
-0.291667
2.16667
4.625
1.70833
-3
-3.5
-2.08333
-1.25
0.125
-1.95833
-8.66667
-9.95833
-1
7.79167
9.20833
11.25
13.9167
6.83333
-4.04167
-8.91667
-0.62963
-1.03704
-1.59259
-2.18519
-2.7963
-3.37037
-3.37037
-3.03704
-2.44444
-1.7963
-1.05556
-0.203704
0.648148
1.44444
2.12963
2.31481
1.7037
0.592593
-0.388889
-1.2037
-1.90741
-2.37037
-2.5
-2.68519
-2.87037
-2.55556
-1.96296
-1.35185
-0.814815
-1.35185
-1.87037
-2.2037
-2.27778
-1.90741
-1.18519
-0.611111
-0.111111
0.481481
1.01852
1.59259
2.03704
2.2037
2.12963
2.01852
1.96296
1.61111
1.16667
0.666667
0.0740741
-0.388889
-0.62963
-1.05556
-1.64815
-2.07407
-2.03704
-1.7037
-1.01852
-1.44444
-1.46296
-1.18519
-0.666667
0.0925926
0.425926
0.166667
-0.425926
-1.11111
-2.03704
-3.2963
-4.72222
-6.24074
-7.40741
-7.66667
-6.61111
-5.05556
-3.53704
-2.2963
-1.46296
-0.907407
-0.259259
0.0925926
0.0185185
-0.574074
-1.16667
-1.38889
-1.24074
-1.16667
-0.592593
0.111111
0.481481
0.240741
-0.925926
-2.68519
-4.57407
-6.61111
-9.12963
-12.1296
-15.0926
-17.6111
-19.2963
-19.5556
-17.8333
-15.037
-12.0741
-9.22222
-6.7963
-5
-3.42593
-1.61111
-0.12963
0.259259
-0.0925926
-0.592593
-1.24074
-0.611111
0.148148
0.333333
-0.518519
-2.27778
-4.46296
-6.2963
-7.75926
-9.57407
-11.7963
-14.2037
-15.9074
-16.5926
-17
-16.9815
-16.3519
-15.1111
-13.4074
-11.2222
-9
-7.46296
-6.59259
-4.68519
-2.48148
-0.722222
0.148148
0.148148
-0.814815
0.0555556
0.185185
-0.814815
-2.81481
-4.90741
-6.25926
-6.2037
-5.77778
-5.83333
-6.03704
-5.53704
-3.87037
-1.25926
0.314815
0.611111
-0.592593
-2.44444
-4.03704
-4.62963
-4.40741
-4.2963
-5.38889
-5.33333
-4.25926
-2.37037
-0.574074
0.37037
-0.0740741
0.481481
-0.277778
-2.16667
-3.96296
-4.5
-3.83333
-1.31481
0.759259
2.2037
4.03704
7.2037
11.5556
15.9074
18.2778
19
16.8889
13.4444
9.83333
6.77778
4.85185
3.57407
1.25926
-1.01852
-2.40741
-2.07407
-0.814815
0.407407
1.2037
1.03704
-0.296296
-1.77778
-1.83333
-0.12963
2.5
5.90741
7.98148
9.81481
12.4259
16.3519
20.7037
23.7778
25.1296
25.5741
24.1296
21.7222
18.6111
15.037
12.1296
10.2593
8.22222
5
1.88889
0.0740741
-0.518519
-0.0185185
2.2963
1.44444
0.444444
0.462963
2.22222
5.05556
7.7963
9.72222
10.7778
12.3704
14.8889
17.6296
20.0741
20.7593
20.8704
21.5185
22.0926
22.463
21.7222
19.4815
16.8333
14.6852
13.5185
10.7037
7.18519
3.7037
1.03704
-0.0925926
2.38889
1.40741
1.24074
2.98148
5.90741
8.46296
10.8889
11.2963
12.1852
14.1111
16.4074
17.7407
18.1111
17.0556
17
17.0556
18.6667
20.3704
20.8333
19.963
17.9444
15.463
14.3889
12.2778
9.59259
5.92593
2.40741
0.203704
1.55556
1.05556
2.12963
5.05556
7.96296
9.59259
10.9815
10.6481
11.9259
14.0556
15.8148
15.537
13.8519
12.1667
12.3333
12.3889
13.8519
15.2593
15.9815
16.2222
15.2407
13.3519
12.2778
10.9444
9.38889
6.7963
3.96296
1.51852
0.0925926
0.444444
2.05556
4.62963
6.75926
7.74074
8.83333
9.27778
10.6667
12.0741
12.4444
11.0556
8.16667
5.98148
4.74074
2.68519
1.5
0.37037
-0.166667
0.277778
0.518519
0.277778
-0.12963
0.5
1.44444
2.09259
2.31481
1.77778
-0.185185
0.666667
2.16667
3.27778
3.5
3.12963
2.12963
1.53704
0.814815
-0.166667
-1.85185
-4.42593
-8.33333
-10.9815
-13.8704
-16.4074
-18.8889
-21.0185
-21.6481
-20.7963
-18.9444
-16.463
-14.6296
-11.2593
-7.55556
-3.66667
-0.37037
1.33333
-0.388889
0.592593
0.981481
-0.425926
-2.7037
-5.11111
-8.25926
-10.4074
-13.3519
-16.4074
-19.6111
-22.0926
-24.5741
-26.5
-29.1852
-31.1481
-33.0741
-34.3889
-34.463
-33.3148
-30.4259
-26.7037
-23.2037
-18.2593
-13.0741
-7.7037
-2.96296
0.203704
0.0740741
0.777778
0.537037
-1.83333
-5.27778
-8.98148
-13.4259
-16.8519
-20.5926
-24.3333
-27.6852
-29.5926
-30.7037
-31.3333
-31.1481
-29.8704
-28.8333
-27.2963
-25.3148
-23.2778
-20.4444
-17.1481
-13.5741
-10.037
-6.59259
-3.5
-0.962963
0.851852
0.037037
0.5
0.222222
-1.57407
-4.18519
-6.90741
-9.44444
-11.4444
-13.1111
-15.1111
-17.0926
-17.6111
-16.7222
-15.6667
-13.2963
-10.7593
-8.38889
-5.55556
-2.59259
-0.296296
1.03704
1.66667
2.75926
3.46296
3.64815
3.2963
2.51852
1.75926
0.648148
0.777778
1.35185
2.12963
2.64815
3
3.44444
3.40741
4.12963
4.2963
4.09259
4.09259
4.40741
5.05556
6.98148
8.96296
11.0556
13.6481
16.5741
18.5
18.037
16.5556
15.3148
13.8333
11.6852
8.74074
5.40741
2.51852
1.14815
0.833333
1.68519
4.07407
7.05556
10
12.6667
13.9444
15.7963
17.7037
19.1296
19.5926
19.4444
19.0926
18.7593
18.8148
19.7222
21.1667
22.6296
23
21.2407
18.7778
16.6111
14.7407
11.9444
8.42593
4.64815
1.48148
1.25926
0.537037
0.87037
3.24074
7.05556
11.2222
14.4815
16.3148
18.1481
20.6667
23.2407
24.3889
24.2778
23.3519
21.8889
21.3333
21.7037
22.037
21.4259
19.7222
17.3333
15.1852
13.3889
11.1481
8.27778
4.90741
1.92593
0.0740741
1.11111
0.333333
-0.462963
-0.0740741
1.94444
5.14815
8.35185
10.9444
12.7963
15.4074
18.7407
21.5926
23.7778
24.6852
24.1481
23.5741
22.9074
21.3148
18.2037
14.4444
11.5926
9.75926
8.07407
5.33333
2.44444
0.037037
-1.12963
-0.981481
0.740741
0.648148
-0.555556
-1.96296
-2.44444
-1.35185
0.685185
3.44444
5.48148
7.55556
10.5926
14.4444
18.6667
21.8519
23.1852
22.963
21.0741
17.6296
12.963
8.59259
5.90741
4.25926
2.27778
-0.537037
-2.44444
-3.01852
-2.18519
-0.5
0.277778
1.03704
0.537037
-1.2037
-3.33333
-4.62963
-4.68519
-3.31481
-2.18519
-1.64815
-0.592593
1.77778
5.22222
8.57407
10.4074
10.2222
8
4.57407
1.05556
-1.42593
-2.46296
-3.05556
-4.35185
-5.46296
-5.27778
-3.75926
-1.59259
0.296296
-1.22222
-0.185185
0.277778
-0.444444
-2.38889
-4.75926
-6.85185
-7.7963
-8.35185
-9.61111
-11.2778
-12.3148
-12.3889
-11.6296
-11.1296
-11.1667
-11.9074
-12.7593
-12.8704
-11.9444
-10.5185
-9.68519
-9.46296
-8.33333
-6.33333
-3.88889
-1.94444
-0.981481
-3.33333
-3.2963
-2.85185
-2.72222
-3.68519
-5.7963
-8.2037
-10.3889
-12.2222
-14.3889
-17.4259
-20.8704
-24.1296
-26.2222
-27.463
-27.5741
-26.6667
-24.963
-22.2593
-19.1667
-16.5556
-15.1111
-13.7407
-11.4259
-9.22222
-7.25926
-6
-5.68519
-5.46296
-7.03704
-7.96296
-8.40741
-9.12963
-10.7963
-12.3333
-14.0926
-15.7037
-17.1852
-19.2222
-21.9815
-25.0741
-27.5741
-28.8333
-28.9074
-27.6111
-25.4444
-22.8889
-20.6111
-19.2037
-18.7407
-17.7593
-16.1481
-14.8704
-13.5926
-12.463
-11.537
-6.48148
-9.46296
-12.0741
-14.0926
-15.7778
-17.7593
-18.8889
-19.6852
-20.0926
-19.7407
-18.8889
-18.2963
-18.0556
-18.037
-17.1111
-16.2593
-15.1296
-14
-13.6667
-14.2037
-15.3333
-16.5
-16.963
-17.0185
-16.8519
-16.2222
-14.8704
-12.9815
-4.98148
-7.85185
-10.8519
-13.6667
-16.0556
-18.1667
-19.3704
-19.8704
-19.3519
-17.3519
-14.2778
-10.963
-7.44444
-4.48148
-1.18519
1.11111
2.81481
3.46296
2.03704
-0.592593
-3.18519
-5.07407
-6.85185
-8.46296
-9.31481
-9.77778
-9.2963
-7.61111
-1.40741
-3.03704
-4.83333
-6.75926
-8.42593
-9.5
-10.2037
-10.4074
-9.16667
-6.25926
-2.18519
2.2963
7.11111
11.4815
15.4444
18.5741
20.9074
21.7778
20.3704
17.6111
15.0185
13.1852
10.7593
8.37037
6.37037
4.22222
2.74074
2.48148
-0.351852
-0.814815
-1.2037
-1.57407
-1.01852
-0.148148
0.62963
0.796296
0.777778
0.648148
0.444444
0.296296
0.37037
0.666667
1.01852
1.09259
0.87037
0.037037
-0.388889
-0.148148
0.759259
1.18519
0.833333
0.148148
-0.537037
-0.944444
-1.18519
-1.01852
-0.814815
-1.57407
-1.87037
-1.59259
-0.277778
0.759259
0.87037
0
-0.666667
-0.62963
-0.0925926
0.703704
1.37037
1.87037
2.18519
2.2963
2.2963
1.22222
0.166667
-0.722222
-0.425926
-0.111111
0.203704
0.222222
0.0185185
-0.574074
-1.2037
-1.42593
-1.35185
-2.33333
-2.2963
-1.24074
0.5
0.925926
-0.12963
-1.94444
-2.37037
-1.33333
0.574074
2.25926
3.16667
3.2037
2.92593
2.83333
3.22222
2.61111
1.62963
0.0925926
-0.685185
-1.51852
-1.59259
-1.01852
0.0185185
0.0925926
-0.722222
-1.72222
-1.90741
-2.77778
-2.2037
-0.666667
0.648148
-0.148148
-2.2037
-3.62963
-2.62963
-0.111111
2.31481
3.7037
4.01852
3.61111
3.14815
3.05556
3.61111
3.40741
2.92593
1.72222
0.537037
-1.55556
-3.2037
-3.22222
-1.2963
0.37037
0.240741
-1.25926
-2.74074
-2.77778
-1.24074
0.166667
-0.0740741
-2.44444
-4.51852
-4.2963
-1.37037
2.2037
4.31481
4.74074
4.09259
3.35185
3
3.12963
3.75926
3.72222
3.7037
3.22222
2.38889
-0.296296
-3.59259
-5.12963
-3.48148
-0.444444
0.814815
-0.296296
-3.42593
-2.16667
-0.0925926
0.462963
-1.87037
-5.07407
-6.03704
-3.59259
0.888889
4.55556
5.74074
5.07407
3.7963
3.07407
2.87037
3.16667
3.62963
3.72222
3.96296
4.31481
4.09259
1.48148
-2.94444
-6.11111
-5.48148
-1.92593
0.648148
0.37037
-3.85185
-1.46296
0.555556
0.0555556
-4.01852
-6.94444
-6.05556
-1.2037
3.53704
6.14815
5.31481
4.09259
3.05556
3.57407
3.83333
3.94444
3.33333
2.88889
2.88889
4.16667
4.90741
3.35185
-1.40741
-5.90741
-6.7963
-3.40741
0.296296
1.07407
-4.12963
-0.740741
0.981481
-0.666667
-5.88889
-7.62963
-4.55556
1.51852
5.03704
5.64815
3.64815
2.85185
3.09259
4.88889
5.51852
4.74074
2.85185
1.88889
2.16667
3.87037
4.85185
4.09259
0.0555556
-4.72222
-7.16667
-4.7037
-0.296296
1.75926
-3.87037
-0.222222
1.22222
-1.53704
-7.11111
-8.38889
-4.37037
2.11111
5.61111
6.53704
4.61111
3.62963
3.35185
5.2037
6.37037
5.40741
3.25926
1.74074
2.16667
3.09259
3.22222
2.35185
-0.425926
-3.96296
-6.59259
-4.7963
-0.240741
2.68519
-3.61111
0.685185
2.01852
-1.7963
-8.09259
-9.2037
-4.16667
2.96296
6.7963
7.61111
5.12963
3.12963
2.44444
5
7.5
6.33333
3.11111
0.37037
1.16667
2.51852
2.72222
1.7963
-0.666667
-3.61111
-6.57407
-4.85185
0.12963
4.09259
-3.22222
1.88889
2.90741
-2.22222
-9.03704
-9.24074
-2.85185
4.59259
7.92593
7.94444
4.59259
1.48148
0.574074
4.27778
8.27778
7
1.85185
-2.07407
-0.62963
2.88889
4.2963
3.85185
0.888889
-2.77778
-7.27778
-6.14815
-0.481481
5.07407
-2.96296
3.05556
3.61111
-2.92593
-10.6296
-9.59259
-1.27778
7.16667
9.72222
8.62963
4.27778
0.388889
-1.11111
2.87037
7.57407
6.24074
-0.111111
-4.46296
-1.94444
3.94444
6.96296
7.38889
3.75926
-1.83333
-9
-8.85185
-1.74074
6.11111
-2.7963
4
4.05556
-3.66667
-11.8333
-9.48148
0.296296
8.81481
10.2037
8.38889
3.92593
0.12963
-1.83333
2.07407
7.18519
6.2037
-0.444444
-5.62963
-3.31481
3.14815
7.66667
9.7037
6.92593
0.12963
-9.55556
-11.3333
-3.53704
6.11111
-2.72222
4.53704
3.98148
-4.37037
-12.7037
-9.11111
1.74074
10.1481
10.5926
7.81481
3.33333
-0.37037
-2.12963
1.72222
6.98148
6.18519
-0.351852
-5.66667
-3.68519
2.62963
7.46296
10.4074
8.51852
1.46296
-9.40741
-12.5926
-4.62963
5.81481
-2.92593
4.05556
3.7037
-4.22222
-12.2222
-8.75926
1.74074
9.98148
10.3519
7.66667
3.31481
-0.203704
-1.92593
1.66667
6.74074
5.85185
-0.388889
-5.57407
-3.37037
2.94444
7.94444
10.6296
8.31481
0.851852
-9.64815
-12.2778
-4.07407
5.85185
-3.24074
3.16667
3.5
-3.2963
-10.5185
-8.40741
0.222222
7.27778
9
7.83333
4.96296
1
-1.27778
1.16667
5.92593
5.18519
-0.222222
-4.72222
-1.87037
4.48148
8.92593
9.94444
6.2037
-1.14815
-9.85185
-10.8148
-2.87037
5.7037
-3.62963
2.16667
3.57407
-1.37037
-7.7963
-8.05556
-2.94444
2.40741
6.01852
8.18519
7.7037
3.7037
-0.0925926
0.611111
4.75926
4.90741
1.05556
-2.46296
0.351852
5.77778
8.7037
7.55556
2.53704
-3.83333
-9.53704
-8.37037
-1.09259
5.40741
-4.35185
1.22222
3.46296
0.62963
-5.11111
-6.66667
-4.27778
-0.722222
2.68519
5.75926
6.85185
4.31481
1.33333
1.81481
5.2037
5.59259
2.27778
-0.5
1.7963
6.61111
8.62963
6.38889
0.555556
-5.53704
-9.27778
-6.85185
-0.12963
4.48148
-4.68519
0.0925926
2.42593
1.01852
-3.55556
-5.22222
-4.40741
-2.2963
0.425926
3.88889
6.24074
5.22222
2.83333
2.57407
4.55556
5.11111
2.75926
1.31481
3.14815
7.22222
8.38889
5.85185
0
-5.7963
-8.61111
-6.09259
-0.240741
2.90741
-4.77778
-0.777778
1.48148
0.648148
-3.61111
-5.51852
-4.75926
-2.16667
1.01852
4.51852
6.85185
6.2037
3.66667
2.2963
2.87037
3.40741
2.51852
2.25926
4.03704
7.16667
8.09259
5.64815
0.0740741
-5.72222
-8.11111
-5.57407
-0.407407
1.74074
-4.53704
-1.35185
0.777778
0.314815
-3.55556
-5.68519
-5.03704
-2
1.59259
5.11111
6.81481
6.11111
3.55556
2.18519
2.40741
3.12963
3.07407
2.90741
4.07407
5.92593
6.74074
4.48148
-0.333333
-5.42593
-6.94444
-4.35185
-0.240741
0.722222
-4.16667
-1.90741
0.0925926
0.296296
-2.83333
-5.01852
-4.96296
-2.14815
1.2037
4.57407
6.01852
5.61111
3.55556
2.46296
2.40741
2.94444
3.11111
3.57407
4.72222
5.74074
5.2037
2.11111
-2.24074
-5.62963
-5.33333
-2.25926
0.685185
0.351852
-3.72222
-2.57407
-0.777778
0.388889
-1.05556
-2.98148
-4.24074
-3.18519
-0.851852
2.61111
4.72222
5.18519
3.88889
3.25926
3.2037
3.55556
3.37037
3.85185
4.57407
4.88889
3.09259
-0.574074
-4.12963
-5.27778
-2.77778
0.666667
2.11111
0.0740741
-3.72222
-3.24074
-1.46296
0.666667
0.981481
-0.296296
-2.53704
-3.61111
-2.72222
0.5
3.35185
4.62963
3.87037
3.44444
3.31481
3.64815
3.38889
3.92593
4.18519
3.72222
0.944444
-2.77778
-4.7963
-3.59259
0.666667
3.51852
3.33333
-0.296296
-4.46296
-3.98148
-1.68519
1.31481
2.75926
2.25926
-0.166667
-2.53704
-3.53704
-1.2963
1.66667
3.90741
3.7037
3.42593
3.22222
3.53704
3.33333
3.38889
2.83333
1.16667
-1.7037
-4.07407
-3.25926
0.0740741
4.7963
6.12963
4.25926
-0.648148
-5.92593
-5.35185
-2.2963
1.68519
4.38889
5.01852
3.22222
0.481481
-2.09259
-1.57407
0.444444
2.98148
3.27778
3.01852
2.38889
2.35185
1.98148
1.5
0
-2.37037
-4.27778
-3.94444
-0.185185
4.53704
8.59259
8.66667
5.46296
-0.37037
-7.37037
-6.68519
-2.7963
2
5.5
6.72222
5.68519
3.40741
0.703704
0.425926
1.61111
3.25926
2.5
0.907407
-0.407407
-0.555556
-0.407407
-0.87037
-2.46296
-5.03704
-5.96296
-3.46296
2.64815
8.53704
12.0741
11.4444
7.25926
0.555556
-9.24074
-8.31481
-2.61111
3.46296
7.51852
8
6.90741
5.09259
2.94444
2.40741
2.87037
3.7963
2.22222
-0.518519
-3
-3.53704
-2.75926
-2.38889
-3.74074
-6.72222
-7.42593
-3.7037
4.14815
11.1481
15.037
14.5556
9.7963
1.87037
0.0555556
0.222222
0.111111
0.166667
-0.166667
-0.166667
-0.166667
-0.0555556
0.0555556
-0.0555556
-0.111111
-0.888889
-1.88889
-2.44444
-1.66667
-0.0555556
0.944444
1.05556
0.388889
0.111111
-0.0555556
0.222222
0.388889
0.833333
1.27778
1.44444
0.888889
-0.0555556
-0.611111
-0.5
-0.166667
-0.166667
0.111111
0.0555556
0.111111
0.333333
0.0555556
-0.277778
-0.444444
-0.388889
-0.388889
-0.833333
-1.77778
-2.83333
-3.83333
-3.5
-2.33333
-0.333333
0.722222
1
0.722222
0.611111
0.944444
1.38889
2.22222
2.72222
2.88889
2.22222
1.16667
0.111111
-0.333333
-0.277778
-0.111111
-0.222222
0.111111
0
0.166667
0.277778
0.111111
-0.444444
-0.888889
-1.33333
-1.72222
-2.72222
-4
-4.44444
-3.61111
-1.66667
-0.333333
0.388889
0.277778
0.0555556
0.111111
0.277778
0.722222
1.16667
2.44444
3.77778
4.33333
3.5
2.16667
1.05556
0.5
0.0555556
-0.166667
-0.166667
0.277778
0.222222
0.333333
0.0555556
-0.111111
-1.05556
-2.05556
-3.05556
-3.5
-3.94444
-4.16667
-3.11111
-0.555556
2
2.61111
1.61111
0.166667
-0.722222
-1.05556
-1.16667
-1.22222
-1
0.277778
2.44444
4.16667
4.44444
3.83333
2.77778
1.77778
0.555556
0
-0.0555556
0.5
0.611111
0.555556
0
-0.777778
-2.44444
-4.05556
-4.77778
-3.94444
-2.22222
-0.111111
2.16667
3.94444
3.94444
2.16667
0
-1.05556
-1
-0.388889
-0.0555556
-0.777778
-2.44444
-3.44444
-2.27778
0.333333
2.61111
4
4.16667
3.44444
1.72222
0.555556
0.166667
0.444444
0.611111
0.444444
-0.277778
-1.88889
-3.88889
-5.22222
-4.11111
-1.33333
2.05556
3.83333
3.61111
1.33333
-1.72222
-3.88889
-4.22222
-2.83333
-0.888889
1.38889
3.38889
4.5
2.94444
-0.111111
-2.94444
-3.33333
-1.72222
1.22222
3.55556
4.5
3.38889
2.05556
0.888889
0
0.111111
-0.111111
-1.05556
-3.11111
-4.5
-3.72222
-0.444444
2.72222
3.5
1.05556
-3.38889
-7.88889
-10.4444
-9.94444
-7.11111
-3.44444
-0.5
2.66667
6.05556
10
11.0556
9.05556
3.94444
-0.833333
-3.66667
-2.77778
0.388889
3.88889
4.72222
3.61111
1.72222
-0.833333
-0.5
-0.833333
-2
-3.77778
-3.33333
-0.166667
3.38889
3.27778
-1.61111
-8.38889
-13.6667
-15
-13
-8.55556
-4.33333
-1.27778
0.111111
1.38889
3.72222
8.16667
12.8889
15.4444
13.5
7.94444
1.16667
-3.33333
-3.22222
0.611111
4.33333
4.88889
3.05556
-1.11111
-0.944444
-2.16667
-3.88889
-4.33333
-0.833333
4.11111
4.61111
-1.5
-10.9444
-16.8333
-16.6111
-11.4444
-5.11111
0
2.22222
2.22222
1.05556
-0.666667
-1.5
-0.611111
4.22222
10.4444
15.6111
15.7778
10.4444
1.66667
-3.88889
-3.27778
2
4.88889
4.38889
-0.833333
-1.16667
-3.72222
-5.33333
-3.83333
2.55556
6.05556
1.55556
-9.33333
-17.2778
-16.5556
-8.55556
0.5
6.44444
7.77778
6
3.16667
1.27778
-1.27778
-4
-7.5
-6.38889
-1.44444
7.55556
14.6667
16.1111
8.83333
-0.444444
-5.27778
-1.44444
3.22222
5
-0.222222
-1.27778
-4.66667
-5.55556
-2.44444
4.77778
4.94444
-3.44444
-14.3333
-15.8333
-7.88889
3.77778
9.88889
11.4444
7.66667
4.33333
1.83333
2.05556
1.05556
-1.5
-7.05556
-9.94444
-9.94444
-3.55556
5.33333
13
12.3889
4.61111
-3.77778
-4.33333
0.277778
4.05556
0
-1.27778
-4
-3.22222
0.444444
5.11111
0.388889
-8.77778
-14.2222
-7.38889
4.61111
13.3889
13.0556
8.77778
2.27778
-0.722222
-0.444444
2.83333
4.11111
1.88889
-3.61111
-7.83333
-11.1667
-10.4444
-5.72222
3.61111
10.2778
8.27778
0.0555556
-5
-2.33333
2.16667
-0.277778
-1.33333
-1.66667
0.222222
3.22222
2.27778
-4.55556
-10.8333
-8.77778
1.61111
10.7778
13.6667
9.38889
5.22222
0.5
-1.22222
0.166667
3.94444
6.77778
4.55556
1.11111
-2.44444
-6.38889
-11.5556
-14.2222
-8.61111
1.44444
6.11111
1.88889
-4.38889
-3.44444
0.722222
-0.666667
-1.33333
0
1.88889
3.83333
-0.5
-6.05556
-7.88889
-0.222222
9.38889
14
11.1111
6.83333
3.66667
1.55556
-1.16667
-0.277778
2.77778
7.38889
5.22222
3.16667
-0.666667
-3.22222
-10.6111
-17.5556
-16.5556
-7.5
1.22222
1.44444
-2.77778
-3.05556
0.222222
-0.611111
-1.16667
0.722222
1.94444
3.22222
-1.83333
-3.88889
-1.16667
8.72222
14.1111
12
5.44444
2.83333
3
2.77778
-1.16667
-2.66667
-0.666667
5.16667
5.5
4.44444
0.333333
-1.77778
-7.88889
-15
-17.2778
-12.1667
-3.5
-0.333333
-1.55556
-2.22222
-0.166667
-0.166667
-0.5
-0.277778
-0.111111
0.333333
-0.666667
0.444444
4.83333
11.7222
14
10.6111
3.66667
0.777778
-0.555556
-0.5
-3.83333
-5.61111
-4.44444
-0.944444
-0.333333
-2.94444
-5.22222
-4.27778
-2.77778
-3.27778
-4.5
-4.5
-2.11111
-0.833333
-0.555556
-0.722222
0.333333
0.611111
0.333333
-0.611111
-1.16667
-1.22222
0.388889
2.38889
5.88889
8
6.88889
1.83333
-3.88889
-6.05556
-4.83333
-1.83333
-1.5
-4.11111
-6.22222
-7.72222
-6.66667
-8.16667
-6.66667
-3.22222
4
9.77778
10.8889
7.72222
2.94444
0.722222
0.277778
0.555556
0.166667
0.888889
0.944444
-0.944444
-2.38889
-3.66667
0.444444
3.05556
3.5
-1.77778
-6.77778
-9.27778
-9.44444
-7.94444
-4.83333
0.555556
4.27778
1.94444
-4.22222
-10.7778
-11
-9.5
-4.77778
0.166667
8.88889
17.9444
20.5556
15.3333
5.16667
0.777778
0.666667
2.05556
0.722222
0.888889
1.27778
-0.0555556
-2
-4
-0.611111
2.5
1.66667
-6.72222
-14.7222
-16.6667
-12.6667
-7.38889
-2.83333
1.77778
6.05556
4.83333
-1.33333
-7.33333
-6
-0.833333
2.83333
4.61111
8.66667
15.6111
16.7778
11.0556
2.16667
0.666667
2.66667
3.33333
-0.111111
0.5
1.44444
1.22222
-0.666667
-3.5
-1.77778
2.05556
2.22222
-5.72222
-14.6667
-15.8333
-9.77778
-2.77778
-0.5
0.833333
3.27778
4.38889
1.27778
-2.83333
-1.61111
3.5
6.88889
7.72222
9.11111
11.1111
7.66667
0.111111
-4.66667
-1.05556
4.38889
4
-0.5
0.111111
1.33333
2.94444
1.83333
-1.16667
-3
1
5.05556
3.38889
-4
-9.38889
-8.88889
-5.27778
-3.72222
-3.11111
-1.27778
1.27778
1.77778
0.777778
2.22222
6.16667
9.22222
10.4444
9.55556
5.55556
-3
-10.5556
-9.05556
-0.555556
6.16667
3.38889
-1.88889
0
1
3.77778
4.11111
1.16667
-3.77778
-1.66667
5.55556
11.2778
8.27778
0.0555556
-6.83333
-8.83333
-8.33333
-6.5
-4.11111
-1.16667
1
1.77778
3.61111
7
11.1111
12.4444
8.33333
-1.55556
-12.2222
-15.6111
-8.44444
1.33333
5.11111
0.833333
-3.16667
0
0.555556
3.5
5
2.72222
-3.72222
-4.5
2.83333
13.5
17.2778
11.0556
0.722222
-7.38889
-9.44444
-8.11111
-5.33333
-2.72222
0.0555556
2.88889
5.61111
8.72222
10.2222
7.88889
-0.833333
-12.0556
-18.4444
-14.1667
-3.38889
4.16667
3.16667
-1.77778
-4.22222
0.277778
0.555556
2.77778
5
4.22222
-1.5
-5.88889
-3.11111
6.88889
16.5556
18.6667
13.1111
4
-2.44444
-5.22222
-4.72222
-2.94444
-0.277778
2.61111
4.55556
5
2.33333
-3.77778
-12.6111
-18.5556
-16.4444
-6.33333
3.16667
5.16667
0
-4.11111
-4.44444
0.222222
0.5
1.83333
3.88889
5.05556
2.22222
-2.88889
-5.94444
-2.05556
7.33333
15.6111
18.1667
13.8333
8.22222
3.27778
1.05556
0.0555556
0
0.166667
-1.27778
-4.11111
-9.11111
-13.8889
-17
-14.8889
-7.11111
1.88889
5.77778
2.44444
-2.94444
-5
-3.55556
0.111111
0.333333
0.944444
2.38889
4.66667
5.16667
2.16667
-3.33333
-5.94444
-2.27778
4.83333
11.3333
12.8333
12.0556
8.88889
5.88889
2.61111
-0.0555556
-2.66667
-6.22222
-9.88889
-12.9444
-13.1111
-10.3889
-4.44444
2.05556
5.22222
3.16667
-2
-4.88889
-4.33333
-1.83333
-0.0555556
-0.111111
-0.333333
0.166667
1.88889
4.5
5.11111
2.22222
-2.61111
-4.72222
-3.55556
0.388889
3.5
6.16667
6.55556
5.16667
2.33333
-0.388889
-3.22222
-5.66667
-7.5
-6.61111
-3.94444
-0.111111
2.94444
3.5
1.11111
-2.83333
-4.55556
-3.22222
-0.444444
1.38889
-0.166667
-0.555556
-1.66667
-2.72222
-2.83333
-0.166667
3.11111
4.83333
2.66667
-0.888889
-3.72222
-4.27778
-3.22222
-1.77778
-0.111111
0.388889
0.166667
-0.555556
-1.88889
-1.72222
-1.5
1.11111
2.38889
3.44444
2.16667
-1.5
-4.88889
-6.11111
-1.77778
2.83333
6.11111
5.66667
-0.388889
-1.11111
-3.44444
-6.5
-8.5
-6.66667
-2.11111
2.44444
4
2.38889
0.444444
-1.66667
-2.27778
-3.88889
-3.44444
-2.5
-0.722222
0.222222
0.277778
1.55556
2.05556
2.66667
0.5
-1.61111
-4.27778
-6.88889
-6.94444
-3.44444
4.94444
11
13.1667
10.1667
-0.611111
-1.72222
-4.88889
-10.2222
-14
-13.7778
-8.83333
-3.11111
1.27778
2.55556
3.27778
3.05556
3.16667
2.11111
2.38889
3.61111
4.61111
3.66667
2.22222
1.5
1.33333
-1.16667
-5.61111
-10.2222
-11.9444
-10.5
-5.88889
1.55556
10.0556
16.1111
16.5
12.3889
-0.555556
-1.83333
-4.77778
-10.3889
-15.0556
-17
-13.4444
-7.72222
-2
1.38889
3.94444
5.77778
7.5
9.16667
11.2778
12.5556
11.2778
7.38889
4.55556
1.88889
1.05556
-3.55556
-9.55556
-17.2778
-19.5556
-14.5
-5.5
4.44444
10.4444
15.3889
14.7778
11.5556
-0.222222
-1.38889
-3
-7.83333
-12.6667
-17
-14.7778
-9.16667
-2.27778
2.38889
5.88889
9
11.3889
14.1111
16.8333
18.2222
15.9444
10.2778
5.33333
1.27778
0
-4.11111
-10.5
-19.5
-22.8333
-17.1667
-7.55556
1.94444
5.77778
9.88889
9.44444
7.94444
0.08
-0.64
-1.5
-2.52
-3.44
-4.04
-4.24
-4.04
-3.66
-3.22
-2.58
-1.8
-1.4
-0.94
-0.2
0.22
0.24
0.66
1.22
1.52
2.18
3.26
4.18
4.56
4.56
4.06
3.18
2
-0.2
-1.3
-2.48
-3.7
-4.62
-5
-4.92
-4.58
-4.28
-4.12
-3.86
-3.28
-3.02
-2.52
-1.3
-0.16
0.62
1.88
3.26
3.68
4.08
4.62
5.06
5
5.06
4.84
4.3
3.12
-0.7
-2.02
-3.34
-4.58
-5.36
-5.44
-5
-4.7
-4.7
-4.94
-5.08
-5.04
-4.76
-3.94
-2.16
-0.28
1.4
3.24
5.1
5.62
5.54
5.4
5.38
4.92
4.9
5.14
5.24
4.36
-1.64
-2.94
-4.16
-4.96
-5.34
-5.1
-4.82
-5.2
-6.1
-6.94
-7.66
-7.88
-7.04
-5.54
-3.26
-0.5
2.28
4.8
7.24
8.48
8.36
7.46
6.56
5.42
4.66
4.8
5.42
5.3
-3.02
-3.98
-4.78
-4.76
-4.52
-4.66
-5.72
-7.68
-9.9
-11.42
-12.04
-11.24
-9.08
-6.5
-3.6
-0.32
3.04
6.24
9.44
11.78
12.6
11.68
9.92
7.74
5.68
4.64
4.9
5.4
-4.02
-4.34
-4.62
-3.84
-3.7
-5.22
-8.08
-11.36
-14.24
-15.28
-14.28
-11.74
-8.12
-4.74
-2.18
0.3
2.92
5.56
8.66
12.1
14.4
14.86
13.48
10.98
7.92
5.42
4.38
4.9
-4.46
-4.24
-4.22
-3.1
-3.8
-6.66
-10.64
-13.82
-15.58
-14.34
-11.32
-7.22
-3.16
-0.22
0.58
1.44
2.14
2.74
4.1
7.74
10.86
13.3
13.9
12.68
9.62
6.48
4.02
4.02
-4.5
-4.02
-4.1
-3.12
-4.64
-8.22
-12.12
-13.46
-12.66
-9.04
-4.84
-0.38
2.58
3.72
2.64
2.06
1.1
-0.34
-1.24
1.12
4.34
8.28
10.88
11.82
10.4
7.48
3.84
3.28
-3.74
-3.36
-3.58
-3.26
-5.38
-9.28
-12.18
-11.28
-8.08
-2.96
1.96
6.16
7.78
7.38
5.36
4.12
2.46
-0.34
-2.94
-3.14
-1.92
1.34
4.38
6.24
7.08
5.96
2.42
1.56
-2.34
-2.26
-2.68
-2.8
-5.14
-8.06
-8.28
-4.6
0.36
5.92
9.86
11.4
10.66
8.66
5.98
4.98
3.96
0.32
-3.82
-6.62
-8.68
-7.62
-4.84
-2.4
0.48
2.28
0.26
-0.4
-1.04
-1.48
-1.88
-2.2
-3.68
-4.3
-1.38
4.32
9.74
13.86
14.78
12.8
9.5
6.28
3.72
3.64
3.82
0.42
-4.5
-9.08
-13.42
-14.54
-12.5
-9.72
-5.38
-1.2
-1.4
-1.58
-0.3
-1.08
-1.34
-1.5
-1.52
-0.48
4.22
10
14.18
15.86
14.8
10.54
6.74
3.56
1.34
1.12
2.08
-0.88
-5.22
-9.64
-13.64
-15.62
-14.46
-12.02
-7.52
-2.96
-2.06
-1.8
0.16
-0.7
-0.42
0.14
1.2
2.86
7.24
10.74
11.86
11.36
9.72
5.64
3.04
1.44
0.02
-0.3
1.04
-0.68
-3.3
-6.24
-9.4
-11.94
-11.82
-10.76
-7.82
-4
-2.44
-2.16
-0.26
-0.94
-0.46
1.26
3.12
5.2
8.58
10.1
9.08
7.02
4.68
0.7
-1.52
-2.6
-3.74
-4.52
-3.74
-4.34
-5.46
-5.68
-5.56
-5.58
-4.36
-2.96
-1.78
-0.5
0
-0.5
-0.54
-0.96
-0.48
1.16
2.78
4.04
4.68
3.38
0.88
-1.48
-2.84
-3.98
-4.12
-4.08
-4.92
-6.86
-8.04
-8
-7.4
-4.52
0.1
3.74
6.36
8.14
7.48
5.16
3.76
2.16
-0.64
-0.66
-0.48
0.52
1.12
0.46
-2.24
-6.26
-9.64
-10.82
-9.22
-6.42
-3.42
-1.72
-2.4
-5.48
-8.26
-8.16
-5.86
-0.62
6.52
11.94
14.8
15.64
12.76
7.72
5.3
3.36
-0.46
-0.18
-0.1
0.46
0.76
-0.5
-5.02
-10.4
-14.44
-16
-13.92
-9.22
-5.4
-2.72
-1.38
-2.94
-5.06
-2.94
1.12
6.1
12.08
15.82
16.36
15.18
11.22
5.98
4.34
3.18
0.06
0.44
0.24
-0.04
0.36
0.08
-3.9
-8.78
-12.2
-14.6
-14.3
-10.76
-7.62
-5.12
-2.34
-1.8
-2.36
1.2
6.08
10.24
14.22
15.58
13.6
10.86
6.72
2.42
2.36
2.58
1.5
1.8
1.54
0.14
0.64
1.6
-0.7
-4.54
-7.56
-10.6
-12.04
-10.22
-7.84
-5.16
-1.58
0.56
1.56
5.44
9.88
12.14
12.68
10.46
6.16
2.34
-1.1
-2.8
-0.5
1.06
2.82
2.98
2.72
1.06
1.96
4.06
4.24
2.66
0.68
-2.78
-5.66
-6.4
-6.08
-4.42
-1.02
1.78
3.86
7.4
10.44
10.06
7.08
2.04
-3.5
-7.34
-8.9
-7.48
-3.52
-1.2
3.62
3.8
3.66
2.06
3.36
6.82
9.16
10.04
9.78
6.2
1.3
-1.78
-4.02
-4.34
-1.62
1.34
3.64
6.54
7.74
4.78
-0.06
-6.2
-11.56
-13.94
-12.94
-9.48
-4.96
-2.72
4.32
4.52
4.38
2.7
3.26
6.96
10.7
13.46
15.16
13.44
8.3
3.84
0.14
-1.96
-1.54
0.2
1.44
2.24
1.14
-2.7
-7.58
-12.52
-15.52
-15.44
-12.72
-8.6
-4.72
-3.34
4.12
4.5
4.48
3.22
3.22
5.68
9.18
12.7
15.52
15.76
12.64
8.88
4.98
1.92
0.18
-0.32
-1.08
-2.56
-5.52
-9.42
-13.2
-15.86
-16.2
-14.02
-10.34
-6.36
-3.62
-2.88
2.28
2.74
2.86
2.4
2.4
3.54
5.66
8.72
11.86
13.42
12.68
11
8.08
4.74
1.72
-0.76
-3.46
-6.26
-9.52
-12.44
-14.08
-14.44
-13.1
-10.22
-6.68
-3.86
-1.8
-0.98
-1.06
-1
-0.92
-0.5
0.16
1.3
2.56
4.56
6.92
8.72
8.9
8.7
7.32
4.9
2.02
-0.56
-3.42
-6.22
-9
-10.88
-11.52
-11.5
-10.1
-7.38
-4.3
-1.7
1.36
3.38
-5.2
-6.54
-7.12
-6.14
-4.36
-2.28
0.14
2.38
4.18
6.04
7.2
7.42
7.34
6.52
4.3
2.08
-0.26
-3.22
-6.4
-8.46
-10.34
-11.68
-11.26
-8.74
-5.24
-0.86
4.54
8.78
-8.96
-11.78
-13.32
-12.48
-9.6
-6.26
-2.22
1.16
3.62
6.02
8.56
9.44
10.48
10.72
8.76
5.94
3.38
-0.52
-4.84
-8.38
-11.94
-15
-15.64
-12.84
-7.56
-0.6
7.46
14.04
-11.98
-16.22
-18.78
-18.62
-14.78
-9.72
-3.78
1.32
5.24
8.46
11.68
13.28
14.66
15.1
13.18
9.62
6.12
1.3
-4.16
-9.66
-14.68
-19.04
-20.34
-16.78
-9.38
-0.16
9.88
17.94