-5.125
-2.625
1.5
4.125
3
3
3.5
4
3.75
0.875
-2.375
-3
-1.625
1.625
4.75
6.125
6.625
8.5
11.125
11.625
9.875
5.75
1.25
-0.375
-0.375
-0.125
0.125
-0.375
-0.875
-1
-1.125
-0.875
-0.25
0
-0.75
5.875
10.375
8
1.875
-1.375
-2.875
-4.125
-4.875
-6.875
-7.625
-5
3.5
20.25
31.625
35.875
34.875
30.125
27.25
23.25
17.625
7.875
-0.625
-2
-1.625
-1.75
-1.75
-1.875
-2.375
-1.875
-1.125
-0.375
0.625
1.25
3.625
8.5
7.625
5
0.875
-2.875
-3.875
-5.125
-4.625
-4.625
-4.25
2.25
23.875
51.375
71.375
78.125
63.875
42.875
25.125
11.5
4.625
-0.75
-3.25
-2
-1.125
-1.375
-1.75
-1.5
-1.625
-0.5
0.125
0
0.25
0.125
7.375
6.125
0.625
0.25
0.625
0.375
0.625
0
1.125
3.75
6
20.625
39.125
46.25
55.25
53.5
39.25
25.625
7.5
-8.5
-14.25
-10.125
-3.375
-0.875
-0.25
-0.875
-1.875
-1.875
-1.875
-0.625
0.125
-0.375
-0.5
-1.25
1.625
-5.125
-8.75
-8.875
-7.75
-3.125
-1.625
0.125
2.125
4.5
11.125
27.25
21.75
5.5
-2.25
-11.625
0.75
12.25
8.25
-0.875
-9.25
-7.125
-2.125
-0.75
-0.375
-1
-1.875
-2.75
-2.75
-2
-0.5
0.25
0.25
-0.375
-0.25
-10.75
-15.125
-19
-18
-13
-9.625
-4.125
-2
-0.375
10.5
16.875
3.875
-10.625
-27.75
-32.875
-9.5
13.75
22.25
19.875
9.75
1.125
-0.625
-0.375
0
-0.625
-1.625
-3
-3.125
-2.375
-0.375
1.75
1.75
1.375
0.25
-9
-17.25
-21.5
-18.5
-18.375
-15.5
-11.375
-10.625
-5.25
8.625
6.375
1
-4
-23.5
-24.25
-10.75
7.75
23.5
28.5
22.75
9
1.75
0.75
0.75
0.125
-1
-1.5
-1.625
-1.125
-0.125
1
1
1.375
-8.75
-11.75
-16
-14.5
-11.875
-14.625
-15.375
-16.625
-16.125
-6.375
7
0.875
-0.375
-2.375
-10.75
-7.375
-4
2
14
25.5
27
18.25
5.875
1.125
0.5
0.25
0.25
1
1
0.625
0.25
-0.375
-0.375
0.875
-22.375
-18.375
-11.875
-5.5
-4.125
-4.875
-6.25
-8.625
-5.875
8
13.125
4.25
4.875
7.5
21
33.25
26.25
12.375
7.625
18.125
26.75
25.375
13.375
2.375
-0.375
-0.125
0.375
1.75
2
1.5
1.375
0.75
0.5
1.625
-23.25
-16.5
-4.125
3.75
5.75
6.125
4.5
1.75
7.875
22.5
18.375
12.125
15.5
28.5
58.5
77
61.5
28.625
9.125
11
23
28.125
21.5
8.625
3
2.75
3.125
3.625
3.125
2.625
2.875
2.125
1.375
1.625
-12.625
-3.375
9.125
17.5
20
17.875
12.5
6.125
13.75
20.125
11.625
11.75
18.375
35.125
65
84.875
71.125
40.125
19.375
9.875
17.25
27.875
27.5
19.375
11.125
8.375
9.25
7.875
4.875
3.25
2.25
1.125
0.5
-0.25
1.75
15
26.625
32.875
31.25
24
14.75
10.625
18.375
16
7.5
9.875
17
30
49.625
63.5
60.125
48.25
31.625
15.375
12
22.125
29.375
28.25
19.25
12.125
12.5
9.625
5.375
2.375
-0.375
-1
-1
-2.125
11.875
21.875
28.625
27.75
20.375
11.875
5.25
13
20.625
12.75
8.5
11.25
19
30.625
38.75
39
43
50.75
41.875
25.5
12.5
14.5
26.5
32.25
27.875
17.5
11.375
6.875
3.75
1.25
-0.375
0
-0.5
-1.5
4.625
3
-1.75
-9.25
-14.5
-13.75
-8
12
16.875
8.5
9.375
15.5
25.5
35.125
33.375
20
27.25
46.25
51.5
39.25
22.375
13.375
20.375
31.625
34
25.375
11.25
4
1.125
0.5
1.875
3
1.875
0.875
-10.375
-19.875
-30.625
-36.25
-33.5
-23.875
-6.25
15
14.75
10.125
13.5
22.5
32.125
35.5
23.875
4.375
11.375
33.25
50.75
48.25
32.75
17.375
14
24.75
34
31.125
17.875
7.25
1.75
0.625
1.375
1.875
1.875
1.5
-13.625
-20.75
-26.25
-25.75
-19.125
-10.625
8.875
18
12.375
9.375
14.125
22.25
24.25
16.125
-10
-29.375
-25.625
-3.875
21.625
37.5
33.875
21.125
12.5
15.125
27.5
32.125
24.875
12.5
3.75
-0.25
-2
-2.375
-1
-0.125
-8.125
-10.25
-9.125
-4.875
0.75
7.75
22
16.375
8
9.125
14.75
17.75
11.125
-5.625
-34.625
-44.625
-42.375
-33.75
-15.25
10.75
25.25
23.5
16.25
10.5
16.75
25.875
25
15.125
3.25
-3.25
-5.125
-5.125
-3.25
-1.625
-3.625
-0.5
5.125
10.375
14.875
23
28.375
15.25
9.5
14.75
17.25
10.375
-1
-19.125
-33.25
-19.875
-10.5
-13.875
-9.5
8.125
27.625
34.125
27.125
14.25
7.75
14.75
20.5
17.75
7.375
-1.75
-4
-4.125
-3.5
-2.375
0.375
9
16.25
19.75
25.125
33.25
28.375
16.5
14.375
17.75
13.375
-5.625
-36
-76.75
-93.25
-78.25
-60.25
-49.875
-35.25
-10.5
18.5
39.625
39.25
23.5
4.625
3.75
14.5
19.375
17.125
7.125
0.375
-1.5
-2.625
-2.375
4.75
13.5
19
21.125
28.875
36.125
25
17.75
17.875
20.625
15.375
-5.875
-51.625
-110.5
-140.375
-153.125
-153.5
-144.25
-123.125
-82.125
-28.875
20.5
43.625
35.25
13.375
1.25
8.25
18.375
21.625
15.25
4.5
-0.125
-1
-1
9.625
12.875
16.625
18.5
26.875
30.875
18.125
14.125
17.875
25
31.5
25.625
2
-21.375
-35.75
-56.75
-84.625
-105.625
-108
-85.5
-40.5
9.75
44.625
46.625
28.25
9.625
3.875
13.875
21.625
20.125
10.25
1.5
0.375
0.375
11.5
12.125
14.5
19.375
26.625
22.625
12.125
10.625
16.875
28.25
41.375
52.5
64.25
93
117
117.5
96
61.625
35.5
18
13
26
44.25
51.25
40.375
22.375
7.875
10.25
22.5
26.25
19.625
7.625
2
1.25
7.75
9.875
10
21
24.875
12.375
9
12.125
20.75
33.875
43.875
56.75
80.375
119.5
154.375
167.75
165.875
148.75
126.625
92.875
57
40.25
38.375
46.75
49.75
36.5
19.375
11.625
19.875
29.625
28.625
18.5
6.375
2.125
6.875
7.25
5.75
14.5
10.125
-1.125
3.375
14.125
26.625
36.5
41.875
33.375
38.875
48.375
51.875
59
64.25
78.625
88.125
75.5
55.75
35
23.25
35.25
51
47.375
31.875
17
14
25.25
31.375
26.625
14
4
9.375
6.25
7
7.125
-4.25
-6.5
1.875
16.75
25.25
17.625
5
-23
-32.125
-33.625
-38.625
-36.75
-26.625
4.125
22.25
28.25
25.375
6.25
-3.375
13.5
37.875
49.375
42.375
26.25
12.75
17
28
29.25
21.75
8.5
8.125
6
14
9.5
-3.25
-0.125
7.375
20.125
21.75
2.125
-23.375
-36.875
-38.375
-31.5
-24
-28.5
-18.375
-1.75
-8
-10.625
-19.5
-33.25
-35.125
-19
8.75
35.625
46.5
34.25
17.75
10.625
19.25
28.25
26.625
15.25
4.25
10.125
24.5
16.25
6.375
8.75
14.125
25.5
32.25
27.5
9.5
14.875
8.625
3.125
3.125
0.25
15.875
19.875
13.625
3.375
-10.375
-21.125
-25.375
-25.125
-13.75
7.5
22.875
19.125
9.125
1.75
7.25
22.75
28.375
22.625
1.375
15
25.5
15
12
14.125
21.375
32.75
42
41.25
23.25
28.375
18.875
12.75
15.125
15.5
22
14.125
12.875
1.75
-11.625
-25.75
-36.5
-53.25
-65.25
-64.75
-57.5
-40
-27.75
-16.875
-4.5
11
22.375
24.125
0.75
14.75
12.125
5.5
7.75
10.625
19.125
21.75
12.875
-10.875
-30.5
-37
-35.5
-36.125
-40
-50.25
-72.625
-90.875
-97.875
-104.125
-109.125
-110.75
-113.125
-119.75
-126.375
-125.625
-108.875
-75.375
-45.375
-24.625
-9.75
0
8.5
14.5
4.25
12.375
0.125
-2.25
-7.25
-16.875
-25.875
-48.25
-79.125
-107.5
-106.75
-111.375
-105.375
-108.75
-124
-130.625
-144.125
-145.125
-140.375
-132.375
-123.25
-110.75
-99.25
-86.75
-74.25
-59.625
-36.875
-13.5
6
13.5
12.25
4.875
-2.5
-3.25
7.125
4.875
-7
-9.5
-23.125
-45
-69.125
-104.375
-132.625
-136.875
-119.875
-105.625
-90
-79.875
-75.25
-64.625
-54
-39.75
-25.625
-12.25
-1.125
7
12.625
16.125
18.5
20.125
21.25
20.125
17.375
8.5
-7.875
-24.5
-31.875
-29.25
0.5
-9.125
-13
-12.75
-15.5
-21.125
-30.375
-44.625
-51.375
-40.875
-29.5
-15.75
-2.25
8.375
18
24.5
28.25
30.5
32.875
33.75
33
27.25
16.25
2.5
-12.875
-26.625
-39.375
-50.375
-59.5
-68
-75.5
-73.375
-58.5
-39
-8.125
-12.375
-2.125
11.125
24.75
34.75
30.5
26.625
19.625
16.125
12.25
6
3.75
0.625
-3.375
-9.625
-18.375
-29.25
-38.375
-46.375
-54.25
-63.875
-74.375
-82.125
-85.625
-83.25
-79.25
-75
-70.875
-66.625
-60.25
-48.125
-32.5
-17.625
-14.5
-15.375
-8.375
4
15.75
16.5
3.625
-9.875
-26.625
-41.75
-52.25
-63.25
-68.75
-72.125
-73.625
-73.25
-72.5
-72.125
-69.75
-64.125
-60
-56.375
-55.125
-55
-50.75
-43.875
-35.5
-27.875
-21.125
-15.5
-10.625
-6.375
-3.625
-1.5
-2.625
-8.375
-8
-3.625
2.5
6.25
1.25
-4.25
-3.25
-1.625
-0.875
1.25
0.125
-6.125
-9.5
-6.875
-1.625
1.5
0.125
-4.375
-9.875
-10.25
-4.5
-1.625
-2.625
4.125
13.625
7.375
-5.625
-9
-6.875
-4.375
-2.25
-1.25
2
-1.625
-4.875
-5
-0.375
5.125
3.625
-2.375
-4.875
-5.375
-4.125
2.25
9
14
8.375
-10.625
-16.375
-4.125
2.25
-7.75
-20.125
-17.125
-5.625
-0.75
-1.875
4
13.5
7.625
-5.875
-9.375
-6.625
-4.125
-2.125
-1
6.375
0
-6.375
-8.75
-4.375
2.375
3.875
-1.625
-6.375
-6.875
-3.5
9.5
31.625
39.375
12.875
-21.125
-29.625
-17.125
-6.125
-14
-25.375
-18.75
-5.5
-0.5
-1.125
3.875
12
7.25
-4.875
-8.5
-6.125
-4.25
-2
-0.375
10.125
-0.875
-8.625
-9.5
-5.125
0.375
3.625
-0.75
-6.375
-6
-0.5
21.625
49.625
45.5
12
-19.25
-32.75
-29.125
-20.75
-23.75
-28.5
-18.125
-4.625
-0.375
-0.75
3.875
10.625
6.625
-3.625
-7.125
-5.625
-4.625
-2
0.25
6.125
-6.875
-12.5
-9.125
-4
0.625
4.875
1.125
-4.375
-4.75
3.875
37
63
39.25
5
-11.375
-26.25
-38.25
-40.75
-37.375
-28.75
-13.875
-2.875
-0.25
0.125
4
8.625
5.25
-2.25
-4.75
-4.75
-5.25
-2.5
0.125
-3.25
-17.75
-16.875
-6.75
0.25
3.75
6.625
4.375
-1.25
-3.625
11.75
53.375
63.875
11.875
-17.75
-0.625
-0.75
-29
-52.75
-51.875
-30.75
-10.375
-1.875
-0.375
0.25
3.625
6.375
3.5
-0.875
-2.125
-3.625
-5.25
-2.5
-0.375
-14
-27.5
-20.25
-4.75
3.5
5.125
6.5
6.875
2.625
0
25.125
66.625
44.75
-22.5
-25.25
13
19.75
-6.75
-45
-61.25
-42.75
-15.75
-2.75
-0.25
0.75
3.125
4.75
2.75
0.125
-1.125
-3.375
-4.5
-2
-0.875
-22.75
-32
-19.5
-3.5
4.125
6.375
7.625
8.625
4.625
6.125
41.5
68.125
20.125
-33.625
-16
17.625
22.5
8.75
-26.25
-60
-56.75
-28.25
-7.375
-1.125
1
3.25
3.75
2.25
1
-0.625
-3.5
-3.625
-1.125
-1.125
-26.125
-29.875
-15.125
-2
4.875
6.125
6
9.125
8.375
20.5
57.625
54
-3.625
-17
14.75
13
-2.25
4.375
-7.375
-45.875
-62
-43.375
-17.875
-3.875
1.125
3.625
3.375
2.5
2.5
-0.75
-4.875
-3.5
-0.25
-0.625
-24.25
-20
-6.125
2
4.75
3.125
2.25
5.5
12.625
40.25
67.125
30.875
-15.75
16.75
52.5
10.75
-36.25
-23.375
-1.875
-22
-54.25
-56.375
-32.5
-9.625
2.25
5
2.375
2.125
3.125
-1.875
-6.625
-3.875
-0.125
-0.125
-13.625
-4.625
4.625
6.5
3.75
-1.375
-2.5
1.125
18.5
59.125
64.375
3.25
-11.875
60.375
85.75
11.125
-61.875
-59.375
-18.125
-6.625
-34.25
-57.375
-48.75
-21.375
1.875
7.625
1.5
-0.125
1.625
-3
-7.25
-4.125
-0.5
-0.5
0.5
11.5
13.125
8.625
0
-10
-10.75
0.875
32.625
71
46.75
-16.375
11.25
100.5
101.125
9
-71.375
-85.25
-47.625
-10.625
-14.25
-43.875
-56.625
-35.5
-2.25
8.875
0.25
-3.375
-1.875
-4.625
-7.625
-5
-1.25
-0.625
12.375
21.875
17.125
6.75
-6.125
-17.125
-15.25
6.25
47.875
67.75
20.75
-15.25
49
121.625
91.25
8
-57
-89.25
-75.875
-32.25
-8
-24.75
-50.75
-44.75
-11.125
5.25
-3.875
-8.875
-5
-4.5
-7.375
-6
-2.25
-1.5
18.625
23.5
13.5
2.25
-8.5
-17
-12.25
20.25
62.625
53.5
-1.625
2
85.25
121.875
67.625
6
-33.5
-71.25
-89.75
-64.5
-20.875
-9.125
-34.625
-45.875
-20.75
-3.125
-10.75
-15.25
-8.125
-3.5
-6.375
-7
-3.125
-1.875
17.625
19.625
8.375
-1.5
-8.5
-12.375
-0.75
41.5
69.75
27.375
-14.5
36
113.375
102.75
38.375
4.125
-12.375
-44.75
-82.25
-87
-49
-11.875
-14.5
-32.5
-26
-15.375
-21.625
-22.75
-11
-2.875
-5.875
-7.625
-3.375
-1.75
10.875
10.25
2.25
-1.75
-2.875
-2.375
16.625
60
62.125
1.625
-6.875
73.75
116.75
63.625
9.75
3.625
2.625
-17.125
-54.375
-84.25
-73.125
-31.625
-5.75
-11.125
-21
-27.125
-35.875
-32.25
-14.25
-2.75
-5.25
-7.375
-3.25
-1.375
3.125
3
1.625
4.125
5.25
7
34
69.625
42
-12.875
18.75
97.25
95.125
31.125
2.625
5.625
3.125
-6.5
-31.25
-65.75
-77.5
-51.25
-13.75
1.25
-6.25
-27.375
-49.25
-45.375
-21.25
-5.25
-4.375
-5.875
-2.5
-0.375
-0.375
3.75
9.625
10.625
6.625
13
48.625
65.5
14.75
-13
50
96.875
51.75
4.875
8.25
16.125
11.25
1.875
-14.75
-39.875
-63.375
-66.375
-37.375
-2.25
6.25
-18.5
-53
-57.5
-31.375
-9.75
-5.25
-4.875
-1.75
0.125
0.625
10.25
19
13
6.625
24.25
57.125
44.25
-9.125
6.5
75.625
63.125
-14.75
-29.25
9.5
25.5
21.5
12.875
2.5
-1.25
-17
-52.875
-62.5
-26.25
8.375
-4.25
-45.75
-63.625
-43.875
-17.625
-6.875
-4
-1.125
0.375
4.5
19.25
27.75
13.625
8.125
37.625
56.75
14.75
-19.375
40.125
89.375
12.875
-72.875
-45.25
11.875
22.875
17.25
10
10.625
36.125
42.625
-13.75
-71.375
-60
-9.375
5.75
-29.75
-61.625
-54.375
-28.25
-10.75
-4.125
-1.25
0.25
12.375
26.125
30.125
13.5
14.625
49.625
43.625
-14.625
-9.875
77.5
89
-30.625
-107
-53.625
6.75
13
8.375
4.875
17.25
66.25
89.5
25
-63.125
-83.375
-42
-3.875
-9.875
-44.125
-59.375
-43.125
-19.5
-5.75
-1.375
0.125
20.5
31.375
29
16.375
28.875
53.125
17.625
-31.125
17.375
106.5
74.625
-55.75
-102.25
-40.75
5.25
0.25
-10.25
-14.375
8
79
117
54
-42
-87.75
-72.875
-29.375
-3.875
-21.5
-52.25
-55.5
-32.875
-10.875
-2.25
-0.25
26.5
32.375
25.25
24
44.625
42.875
-11
-24.875
56.25
120.375
59.625
-50
-70.625
-18.5
6.625
-9.25
-28.875
-40.75
-8.125
76.125
112.75
57.75
-19.875
-72.75
-90.25
-61.75
-16.375
-6.875
-34.625
-56.125
-46.875
-22.5
-6.125
-0.625
32.625
29.25
18.75
33
55.625
24.125
-30.375
1.125
93.375
114.25
38.375
-42.375
-46.125
1.375
14.875
-6.75
-28.5
-43.625
-10.375
61.5
80.5
39
-6.75
-47.25
-84.25
-86.625
-44.125
-6.75
-15.25
-46
-55.375
-37.625
-14.75
-2.5
34.125
24.75
17.5
43.625
56
1
-32.125
40
112.5
78.125
6.25
-25.5
-17.875
9.125
21.375
8.25
-20.125
-36.375
-7.25
40
45.375
19.25
0.125
-20.5
-57.625
-88.375
-74.875
-28.25
-5.25
-26
-52.25
-51.5
-29.25
-8.75
35.875
21
20.25
52
41.25
-20.125
-12.125
80.875
112.75
38.875
-10.875
-9.125
-14.875
-11.5
11
19.75
-6.625
-23.75
2
29.625
24.25
7.75
1.375
-1.5
-20.75
-65.625
-89
-59.5
-17
-8.625
-34.75
-56
-45.375
-19.75
40
23.375
29.5
52
14.625
-28.5
23.125
109.5
98.75
11.5
-23
-12.125
-26.625
-26.625
18.125
38
7.875
-5.625
11.375
16.875
5.875
-4.125
-4.125
6.125
-0.5
-46.5
-90.875
-81.625
-32.625
0.75
-11.5
-45
-55.125
-36.125
42.375
33.25
43.75
43.25
-13
-21.875
62.125
121.5
73.5
-11.25
-35.5
-10.875
-9.625
-20
16.375
34
0.5
-12.625
-3.875
-2.75
-5.875
-10
-9
3
4.75
-27
-69
-74.75
-36
6.125
9
-25.25
-54.875
-50.375
46.25
51.75
54.875
20.5
-33.25
0.625
90.125
108.25
43.625
-17.875
-34
-21.5
-21.5
-28.125
3
22.5
3.125
-11.125
-11.375
-7.375
-6.625
-11
-10.625
0
4.375
-13.625
-41.625
-52.625
-32.125
5.125
21.75
-3.75
-49
-63
53.75
70.625
52.375
-8.75
-42.5
14.625
82.375
72.25
20.625
-12.75
-29
-26.125
-19.125
-17.75
3.5
12.625
0.125
-7.125
-8.875
-7.875
-8.25
-10.75
-7.5
0.25
-0.5
-8.625
-18.625
-22.25
-13.75
3.75
16.25
-3.625
-50
-67
59.375
79.125
39
-30.5
-37.875
21.25
60.125
39.375
3.875
-14.125
-24.875
-20.125
-5.75
-2.875
-2.5
-1.625
-2.75
-2.75
-2.375
-1.5
-2.375
-4.25
-5.125
-6.625
-8.5
-8.875
-8.5
-7.125
-5.625
-1.25
5.625
-5.75
-38.625
-51.25
62.5
79.875
26
-36.25
-26
19.125
32.375
12.875
-3.625
-8.875
-10.5
-8.75
-9
-8.375
-5
-2.5
-1.25
-0.5
0.875
1.5
-0.75
-5
-7.75
-6.25
-4.375
-4.125
-3.875
-4.375
-5.75
-4.75
-1.5
-9.125
-30
-35.25
62.625
78.625
27.625
-20.875
-15.75
-0.25
-2.25
-6.625
-8.125
-11.125
-7.5
-2
-1.75
-0.625
1.125
1.125
-0.125
-0.25
3.375
6.375
0.5
-10.375
-14.375
-9.625
-4.625
-3
-3.25
-4.75
-6.375
-6.875
-8.25
-14.625
-21
-16.625
50.25
66.625
30.875
-7.25
-9.25
-5.75
-11.375
-12.125
-11.125
-12
-6.75
-2
-2
0.125
3.375
4
1.75
0.125
5.25
12.125
4.75
-14.375
-25.125
-20.25
-11.75
-8.125
-7.75
-8.125
-7.625
-6.25
-5.125
-3.875
-2.375
-1.25
0.5
3.05556
3.72222
3.5
2.16667
-0.111111
-2.16667
-3.66667
-3.33333
-0.888889
8.11111
21.2778
32.2778
40.1111
44.8889
47.9444
42.5556
30.4444
20
13.3333
8.88889
3.38889
-0.944444
-1.88889
-1.88889
-1.66667
-1.77778
-1.66667
-1.72222
-1.22222
-0.611111
-0.166667
5.88889
7.83333
5.38889
2.5
0.0555556
-2.16667
-3.5
-4.5
-2.88889
5.27778
19.1111
35.6111
50
60.5556
65.6111
61.4444
48.7222
31.9444
17.8333
7.61111
1.61111
-1.72222
-2.55556
-2.22222
-2.5
-2.33333
-2
-1.55556
-1.72222
-1.22222
-0.166667
0.166667
2.05556
1.61111
-1.66667
-3.16667
-3.44444
-2.44444
-1.61111
-0.444444
3.44444
15.8889
27.8889
33.8333
42.4444
52.0556
55.6667
43.7778
29.0556
21.3889
12.0556
1.27778
-5.66667
-5.88889
-2.72222
-1.72222
-2.44444
-2.72222
-2.27778
-1.77778
-2.11111
-1.66667
-0.333333
0
-2.83333
-6.33333
-9.88889
-11.1111
-9.66667
-5.33333
-2.61111
0.111111
7.33333
20.7778
21.3889
16.0556
17.0556
23.2778
25
14
10.7778
14
12.2222
4.55556
-3.55556
-5.11111
-1.88889
-1.22222
-2.16667
-2.77778
-2.33333
-2.05556
-2.05556
-1.33333
0
0.388889
-8.16667
-15.0556
-19
-20.3333
-18
-12.6667
-9.5
-5.05556
6.16667
15.1111
10.0556
-0.333333
-4.83333
-3.88889
-5.33333
-5.83333
1.88889
12
16.9444
14.9444
7.16667
1
0
-0.444444
-1.5
-2.33333
-2.05556
-2.11111
-2.05556
-1.05556
0.166667
0.833333
-12.5
-18.6667
-22.1667
-23.9444
-21.3333
-17.9444
-15.2222
-9.38889
3
5.11111
-1.11111
-5.22222
-7.94444
-12.2778
-17.1667
-5.72222
9.72222
17.1667
21.8333
24.1667
19.3333
9.5
2.83333
0.222222
-0.833333
-1.11111
-1
-1.16667
-1.16667
-0.111111
0.722222
1.22222
-16.2778
-19.3333
-20.4444
-19.9444
-18.2778
-18.1111
-15.9444
-6.94444
3.22222
-1.11111
-1.05556
6.27778
10.8333
1.61111
-5.72222
9.77778
23.1111
23.9444
22
25.0556
24.9444
17.3889
7.44444
1.66667
-0.0555556
0.388889
0.777778
0.444444
0.166667
0.777778
1.22222
1.33333
-19.0556
-16.2778
-11.7778
-8
-6.55556
-8.33333
-5.5
5.33333
9
1.33333
6.05556
23.6111
35.3889
27.2778
21.5
33
40.1111
34.4444
24.5
22.6667
25.8333
23.7778
14.6667
5.5
1.88889
2.33333
2.94444
2.66667
2
2.05556
2.11111
1.83333
-14.5556
-7.11111
1.55556
6.88889
6.88889
3.83333
8.05556
17.5
13.6111
7.05556
17.9444
41.8333
55.8889
54
55.6111
59.2778
55.3889
43.9444
30.8889
22.9444
24.3333
27.6111
23.2222
13.2778
6.5
5.33333
5.94444
5.22222
3.72222
2.72222
2.22222
1.61111
-0.555556
9.83333
19.3333
22.7222
20.5556
17.3333
21.7778
23.6111
14.1111
12.5
27.8889
47.3889
56.3889
66
77.6667
75.1111
60.3889
48.5
39.5
28.2778
23.9444
28.5556
30.5556
23.5556
14.8333
9.88889
9.27778
7.66667
4.94444
2.77778
1.27778
0.444444
12.9444
22.3333
28.2778
28
23.2222
21.7778
25.5
20.1111
10.7222
16.6111
34.0556
42.8889
45
62.5556
82.4444
77.7778
57.5556
47.8333
45.7222
37.1667
27.3889
28.1667
34.0556
32.3889
23.3333
14.3333
10.8889
8.22222
4.72222
1.88889
0.166667
-0.555556
13.3889
17.5556
18.8889
16.3333
12.2222
18
21.6111
13.9444
10.2222
24
38.6111
34.0556
32.5556
52.1667
72.8889
69.0556
52.8889
46.6667
47.8889
44.8333
34.3889
29
33.3889
36.5
30.3889
19.0556
11.9444
7.83333
4
1.33333
0.111111
0
-1.66667
-3.72222
-6.05556
-7.61111
-5.11111
7.94444
12.0556
7.61111
12.8333
31.6111
39.2778
27.8889
27.3333
43
56.5
54.5
49.4444
47
47.7222
48.6667
42.9444
33.5556
32.0556
35.9444
33.8889
24.2778
13.8333
7.55556
3.16667
1.05556
1.05556
1.44444
-18.2222
-23.2778
-25.9444
-24.5
-13.4444
3.33333
6.66667
7.11111
19.9444
38
34.0556
18.9444
18.7778
24.5
23.6667
21.8333
31.1111
37.2778
38.8889
42.7222
44.3889
37.8889
31.1667
31.8333
33.6667
28.7222
17.7222
8.44444
2.72222
0.333333
0.333333
0.944444
-21.3889
-24.3333
-24.9444
-19.9444
-2.77778
7.61111
7.16667
10
26.8889
35.8333
21.0556
10.3333
10.7778
7.33333
-7.72222
-8.94444
8.05556
22.4444
26.6111
30.8333
38
38.6667
33.0556
28.5556
30.1667
29.6667
21.0556
10.3333
2.22222
-1.44444
-1.88889
-1.38889
-11.8333
-11.0556
-8.77778
-0.722222
15.2222
15.7778
11.6667
18.1111
32.7222
26
3.27778
-3.22222
-5.16667
-18.3333
-38.8333
-35.7222
-14.6667
7
19.0556
24.3333
31.1111
37.0556
35.1667
27.6111
23.9444
24.8333
21.1667
12.3333
3.5
-2.44444
-4.22222
-3.88889
2.27778
5.77778
10.8333
22.6667
32.4444
22.9444
18.2222
28.5556
33.7778
8.94444
-17.3889
-23
-32.8333
-56
-74.2222
-67.0556
-47.5556
-21.6111
2.22222
14.9444
21.8333
31.7778
37.0556
30.6667
20.9444
18.3333
19.1111
15.2222
7.55556
-0.111111
-3.88889
-4.27778
12
15.9444
23.8333
37.3889
37.9444
25.2222
24.6667
38.6667
31.7222
-3.55556
-29
-43
-68
-103.056
-119.167
-112.944
-96.1111
-65.2778
-27.1667
-0.0555556
14.6111
28.1667
37.2222
34.8333
22.7778
15.2222
15.8889
17.1667
14.0556
6.05556
-0.666667
-2.88889
16.5
20.8889
32
43.1667
35.3889
25.3333
31.5
44.6111
29.2222
-1.38889
-17.6111
-34.9444
-69.6667
-110.889
-130.389
-135.778
-129.444
-104.278
-64.1111
-24.2222
4.55556
25.1667
36.8889
38.2778
30.0556
19.1667
14.8889
17.3333
19.1667
13.5556
4.5
-0.611111
16.6111
23.1667
35.7222
38.8333
26.8333
24.7778
36.8333
43.8889
28.6667
19.4444
25.1111
20.5556
-2.66667
-27.4444
-41.0556
-55.0556
-64
-59.9444
-41
-12.3333
17.1667
35.5
41
41.0556
37.9444
29
18.4444
17.6111
22.3889
20.7222
11.8333
3.44444
14.3889
24.0556
34.3333
28.6667
17.9444
24.8333
39.3333
38.0556
30.9444
46.8889
71.7222
82.4444
80.8889
82.8889
81.9444
65.8333
48.4444
31.9444
22.2778
26.2222
41.2222
52.2222
48.1667
43.0556
43.2778
39.1111
27.6667
20.6667
23.6667
25.7778
19.7778
9.83333
11.6667
23.2222
27.3333
15.8889
11.2778
26.1111
38.8333
30.6667
32.2222
58.6111
86.1111
97.1667
109.167
131.611
144.778
141.889
130.5
110
85.8889
68.6667
65.7222
65.3333
55.5556
46.4444
45.8889
46.3333
39.3333
29.2222
25.5556
28.5556
27.1667
18.2222
10.3889
19.6667
15.7222
4.22222
7.16667
26.1111
31.3889
17.4444
25.1111
45.7778
55.2222
48.7222
58.6667
81.1111
93.1111
100.611
103.611
96.2222
78.0556
62.6667
55.7222
53.3333
49.1667
45.6667
44.6667
47
46.8333
38.3333
28.5
27.7778
29.8889
25.0556
12.4444
16.8889
7.11111
-0.833333
9
27.2222
22.3889
8.72222
17.2222
23.1111
10.8333
-10.3333
-7
6.16667
13.0556
27.0556
37.6111
41
33.3333
26.2778
20.3889
19
27.1111
36.1667
39.2222
42
47.3889
44.6667
33.6111
26.8333
28.2778
28.2222
17.4444
15.8333
5.05556
4.16667
18.7222
29.2222
16.8333
9.55556
16.8333
16.2222
-9.05556
-28.4444
-25.2222
-17.5556
-12.1667
-4.38889
6.66667
11.1111
5.83333
0.722222
-6.33333
-8.72222
3.55556
19
25.2222
27.4444
32.7222
35.7778
31.2778
23.9444
23.5
27.1667
21.3333
15.2222
8.66667
15.3333
30.6667
30.8889
19.8889
25.9444
29.5
24.4444
1.77778
-6.16667
-6.55556
-5.88889
-0.611111
-2.5
-2.44444
-7.83333
-16.1667
-28.0556
-41.7778
-50.0556
-44.7222
-32.4444
-22.0556
-16.1667
-8.05556
3.72222
13.6111
16.2778
17.1111
22.1111
19.2222
10.6667
11
24.7222
34.3889
22.5556
17.1111
27.2778
22
8.11111
-10.3889
-12.1111
-19.1111
-25.5556
-23.4444
-30.1667
-34.4444
-43.9444
-50.3889
-61.3333
-72.3333
-83.5556
-87.7778
-83.5
-73.4444
-61.8889
-52.2222
-34.2778
-12.0556
4.72222
10.3333
14.3889
11.1667
3.5
6.88889
16.5
9.55556
-13.0556
-18.7778
-18.8333
-33.8889
-53.9444
-58.1111
-55.7778
-64.6111
-73.7222
-77.4444
-85.1667
-99.1111
-111.111
-114.778
-118.333
-122.167
-126.889
-128.444
-120.833
-103.333
-82.6667
-63.3889
-40.7778
-15.3333
3.27778
8.5
8.11111
0.611111
-4.55556
-2.05556
-2.88889
-25.3333
-53.8333
-64
-78.4444
-97.1111
-116.667
-115.278
-112.944
-116.278
-119.389
-121.944
-119.111
-120.722
-117.5
-108.667
-98.9444
-91.5556
-88
-85.1667
-78.6667
-67.0556
-53.4444
-41.7222
-31.1667
-20.4444
-12.8333
-11.1667
-12.0556
-7.16667
-8.5
-9.11111
-21.7778
-50.1111
-73
-85.9444
-104.278
-117
-119.944
-105.778
-94
-84.8889
-78.7222
-76.7222
-72.3889
-73.4444
-70.5556
-65.7222
-60.2778
-57
-54.3333
-52.0556
-48.0556
-42.1111
-35.7222
-29
-26.8333
-28.6111
-32
-32.0556
-30.7222
-7.11111
-3.11111
-1.38889
-10.6667
-25.8333
-35.5
-47.8333
-63.5556
-72.7222
-72.7778
-66.5556
-60.8889
-53.2222
-47.5556
-44.3889
-38.6111
-32.1667
-25.1667
-20.1667
-18.3889
-19.0556
-21.9444
-27.7222
-34.8889
-42.0556
-48
-53.0556
-59.3889
-66.5
-68.3333
-61.8333
-51.8889
-11.2222
-6.77778
-4.83333
-7.77778
-10.7778
-11.7778
-21.9444
-32.8889
-40.3333
-40
-37
-33.7222
-29.2222
-27.4444
-27.6667
-29.9444
-32.1667
-35.1667
-40.0556
-47.0556
-53.7222
-58.9444
-64.5556
-69.4444
-72.1667
-71.2778
-68.7222
-66.5556
-64.8889
-59.7778
-49.8333
-39.1111
-4.72222
-9.83333
-7.38889
-2.61111
1.94444
0.777778
-2.16667
-5.44444
-4.22222
1.11111
13.1111
22.9444
21.8333
5
-14.3333
-22.5
-19.1111
-15.3333
-17.4444
-20.6667
-17.2222
-10.2778
-3.94444
1.22222
7.22222
11
6.66667
-2.44444
-9.05556
-9.66667
-6.72222
-3.83333
-2.66667
-8.16667
-6.38889
-2.38889
2.05556
1.72222
-1.27778
-5.38889
-4.77778
4.72222
21.6667
35.3889
30.4444
9.44444
-14.9444
-27.5556
-28.8333
-26.8333
-25.9444
-25.1667
-18.7222
-10.5
-3.44444
1.55556
7.05556
10.4444
6.44444
-2.11111
-8.61111
-9.44444
-6.72222
-3.83333
-3.72222
-11.1667
-8.88889
-4.27778
1.88889
2.77778
-0.277778
-4.88889
-3.11111
12.4444
33
45.0556
32.7778
9.83333
-12.7778
-26
-33.3889
-37.9444
-37.2778
-32.3889
-21.4444
-10.6667
-2.94444
1.94444
6.55556
9.27778
5.72222
-1.55556
-7.11111
-8.11111
-6
-3.77778
-8.27778
-15.6667
-10.7778
-4.33333
3.55556
4.88889
2.38889
-3.11111
1.11111
21.2222
43.8333
50.9444
31.1667
8.16667
-9.77778
-19.2222
-32.3333
-45.3333
-50.4444
-42.8889
-26.3333
-11.2222
-2.44444
1.88889
5.83333
7.88889
5
-0.722222
-5.27778
-6.44444
-5.33333
-3.61111
-17.2778
-20.8333
-11.7778
-3.33333
4
5.88889
4.5
1.05556
9.16667
32.3333
53.9444
53.4444
27.6111
4.66667
-8
-14.2778
-30.1111
-50.1111
-60.0556
-51.9444
-30.6111
-11.8889
-1.77778
2
5.16667
6.66667
4.61111
0.111111
-3.94444
-5.83333
-5.27778
-3.72222
-24.0556
-22.7778
-9.94444
-0.611111
5.77778
7.27778
6.33333
6.16667
19.2222
43.6667
58.5556
44.8889
15.0556
-2.72222
-2.72222
-4.72222
-21.8333
-47.9444
-62.7222
-57.2778
-36.3333
-15.5
-3.38889
1.66667
4.5
5.77778
4.22222
0.833333
-3.05556
-5.11111
-5.05556
-3.33333
-26.2778
-21.7778
-7.66667
1.72222
7.38889
8.66667
8.83333
14.1667
31.3333
53
53.7222
32.5
7.61111
2.83333
5.61111
0.222222
-18
-42.0556
-59.4444
-61.5
-46.1667
-24.1667
-7.88889
0.777778
4.27778
5.38889
4.11111
1.44444
-2.27778
-4.55556
-4.66667
-3
-25.2778
-17.6111
-4.22222
3.55556
7.55556
8.11111
10.9444
22.3333
43.1111
57.3333
48.5
27.6111
16.7222
17.3889
10.7222
-6.77778
-24.2222
-38.5556
-53.2778
-62.2222
-55.6111
-35.3333
-14.4444
-0.944444
4.22222
4.66667
3.38889
1.22222
-2
-4.5
-4.66667
-2.94444
-18.6667
-9.55556
0.444444
4
3.88889
3.38889
11.6111
30.6111
53.8333
57.7222
42.8333
30.2778
36.7778
37.8889
13.7222
-20.8333
-39.0556
-41.7222
-47.4444
-58.0556
-60
-46.3889
-23.6667
-4.83333
3.94444
4.22222
2.16667
-0.222222
-3.16667
-5.38889
-5.11111
-2.94444
-5.55556
1.5
4.22222
0.611111
-4.11111
-2.88889
13
40.0556
61
54.3889
38
39.1667
62.0556
59.3333
17.2222
-36.5556
-58.6111
-53.1667
-46.0556
-51.0556
-58.6111
-53.1111
-33.6667
-10.4444
2.05556
3.44444
0.166667
-3
-5.5
-7.11111
-5.83333
-3.11111
8.16667
10.3333
5.05556
-3.77778
-9.77778
-4.22222
18.2778
48.4444
61.7222
47.9444
37.0556
55.7778
88.5556
78.5556
20
-48.2222
-77.5556
-69.5
-52.3889
-46.7222
-53.7222
-54.5
-41.0556
-18.1667
-3.33333
-0.777778
-3.44444
-5.55556
-6.5
-7.55556
-6.5
-3.88889
15.0556
13.3333
4.77778
-5.33333
-10.3333
0.444444
27.3889
57.1667
58.7778
43.3333
41.3889
77.3889
108.556
88.9444
19.2222
-52.7222
-88
-85.1111
-65.1111
-49.6111
-48.5
-50.8889
-43.2778
-25.2778
-11.2778
-8.38889
-9.27778
-8.83333
-7.22222
-7.77778
-7.22222
-5
17.8889
14.6111
4.83333
-5.5
-7.88889
8.5
37.8333
59.6111
51.2778
39.8333
54.3889
97.2222
116.222
84.7778
18.0556
-44.8333
-83.2222
-92.6667
-80.1667
-59.3333
-47.7222
-44.1111
-39.7222
-28.7222
-20.3333
-18.9444
-17.9444
-14.1111
-9.16667
-8.27778
-7.61111
-5.66667
17.7778
13.2778
4.27778
-4.61111
-2
19.3333
47.7778
58.1111
43.7222
40.8889
68.2778
104.944
104.778
66.2778
15.1111
-28.6111
-63.6667
-85.6111
-87
-69.3889
-50.9444
-38.4444
-33.0556
-28.5
-28.4444
-30.9444
-28.7222
-20.7778
-11.9444
-8.66667
-7.44444
-5.5
15.2778
11.4444
4.5
-1.16667
7.77778
32.3889
55.6111
53.5556
38.3333
46.1667
80.7222
105.111
89.2222
49.4444
12.2778
-16.6111
-47.0556
-74.2222
-86.8333
-75.8333
-56.1111
-36
-26.2778
-25
-33.2778
-43.1111
-41.6111
-29.2222
-15
-8.55556
-6.77778
-4.83333
11.6111
10.5
6.66667
5.94444
21.1111
45.2222
58.4444
46.2222
36.3889
53.1111
84.6111
91.2222
67.5
36.6667
17.0556
0.5
-25
-55.3333
-77.5
-79.3333
-65
-42.9444
-25.5
-21.9444
-34.2778
-51.2778
-53.2778
-38.1111
-19.2778
-9.33333
-6.66667
-4.66667
11.2778
13.4444
11.9444
16
34.3333
53.0556
53.8889
38.4444
37.4444
56.8333
68.9444
53.4444
27.8333
17.4444
20.1111
17.1667
0.222222
-24.3889
-46.4444
-59.1667
-61.6111
-50.4444
-32.7222
-21.5556
-31.5
-52.4444
-61.3333
-48.6667
-27.2222
-12.6667
-6.77778
-3.83333
16.3333
19.9444
18.8333
24.6111
42.8333
52
44.2222
32
44.5
58
45.6667
7.66667
-12.1111
-3.27778
15.5
20.0556
13.3333
6.61111
-2.16667
-17.3889
-41.5
-53.2778
-45.2222
-28.8333
-29.8889
-49.5556
-64.2222
-58.0556
-37.1667
-18.2778
-8
-3.22222
22.5
25.2222
25.7778
32.8333
47.1667
44
32.2778
32.2778
58.4444
60.7222
21.5
-30.9444
-39.5556
-15.1111
8.16667
10.8889
11.8889
25.5
38.5556
28
-12.8889
-51.7222
-60.8889
-43.8333
-33.7222
-43.9444
-61.2222
-63
-47.9444
-26.3333
-11.1667
-3.16667
29.7222
32.3889
33.7222
40.1667
45.7222
32.4444
23.2778
40.2222
72.7778
60.7778
2.44444
-46.7778
-40
-7.22222
7.5
-1.61111
-3.22222
21.9444
55.6667
58.4444
12.6111
-46.5
-74.8889
-63.0556
-43.8333
-41
-54
-62.3889
-56.0556
-36.9444
-17.9444
-5.77778
35.5
38.6111
40.5556
45.1111
40.0556
22.1667
21.6667
55.6111
86.9444
59.8889
-11.9444
-58
-44.4444
-8.55556
4.5
-7.61111
-8.88889
21.5
67.7222
78.6667
32.7778
-37.8889
-82.0556
-81.0556
-59.6111
-43.7778
-46.3333
-56.5556
-59.5556
-47.8889
-28.2222
-11.6111
38
41.5556
45.1111
48.2222
33.3889
16.7778
28.1667
74.6667
95.6667
51.7222
-27.6667
-67.3889
-48.2778
-13.7222
-3.22222
-13.7778
-9.16667
28.2222
78.8889
92.4444
48.9444
-23.3333
-77.3333
-91.2222
-76.6667
-54.4444
-44.3333
-49.4444
-58.2222
-55.3333
-39.6111
-20
38.6111
42.7778
49.5
47.3333
26.5
16.1111
41.2778
86.7778
92
39.7778
-25.1111
-50.5
-28.2222
-6.33333
-6
-23.8333
-18.1667
19.6667
69.3889
84.1111
51.5
-8.44444
-60.7222
-88.1111
-88.1111
-69.3333
-50.3889
-44.7778
-52.8333
-57.3333
-49.7778
-31.3889
40.6667
45.2222
51.4444
40.9444
19.4444
21.8889
59.7222
96.0556
83.3333
30.1111
-16.6111
-30.4444
-10.7778
2.61111
-0.166667
-22.2778
-23.0556
4.11111
45.1111
59.2778
38.8333
0.333333
-39.8889
-69.5
-86.5556
-80.1111
-62.0556
-46.7778
-47.0556
-54.6111
-55.2778
-43.3333
46.5556
50.2778
49.3889
30.6111
15.6111
35.4444
81.3889
102.667
70.7222
17.6667
-18.8333
-22.7778
-5.11111
14.4444
16.0556
-3.38889
-14.2222
-2.55556
22.7222
29.7222
18
-2.27778
-24.8889
-54.2222
-83.2222
-92.2222
-74.7222
-49
-37.3889
-44.5
-54.3889
-52.2778
53.4444
53.1111
42.8889
20.3333
19.1111
55.3333
100
99.7222
50.3889
0
-24.4444
-20.9444
-6.55556
11.2222
14.3889
0.5
-9.77778
-4.83333
8.83333
9.16667
1.55556
-6.5
-15.9444
-38.8889
-70.7222
-87.7222
-74.0556
-42.7222
-23.1667
-28.3889
-46.8889
-56
61.2222
53.8889
32.4444
12.6111
26.6111
72.5556
103.667
81.5
22.1111
-22.1111
-37.6111
-30.8889
-15.8889
3.77778
12.3333
5.83333
-1.66667
-0.944444
3.05556
-0.333333
-5.11111
-5.11111
-5.88889
-20.9444
-50.7778
-73.3333
-68.1111
-37.9444
-12.3889
-12.1667
-35.8889
-56.9444
69.6111
51.9444
19.3333
-0.388889
22.8889
69.7222
89.7778
57.8333
3.22222
-26.5
-31.8889
-22.4444
-13.0556
3.38889
10.3333
4.83333
-4.33333
-7.22222
-4.88889
-5.33333
-5.83333
-1.33333
2.88889
-3.72222
-26.6667
-50.3333
-54.0556
-32.4444
-8.11111
-7.27778
-33.9444
-62.2222
74.7222
48.2222
5.94444
-10.4444
18.6667
62.7222
74.2222
42.3333
-1.66667
-22.3333
-28.0556
-20.3889
-14.8333
3.05556
10.3889
10
0.5
-3.61111
-3.88889
-4.94444
-7.66667
-7
-4.72222
-7.44444
-21.2778
-38.6667
-44.1667
-30.5
-9.44444
-5.05556
-25.7222
-52.8333
77.0556
45.0556
-1.11111
-12.3333
17.5556
53.7778
56.8333
29.2778
-3.66667
-18.2778
-24.5556
-16.2222
-11.8889
2.61111
3.61111
3.27778
-4.11111
-6.55556
-7.94444
-11.6111
-14.3333
-15.8889
-12.8333
-13.9444
-17.6667
-24.1667
-24.7778
-16.6111
-4.61111
-1.55556
-17.8333
-40.3889
80.6667
48.6667
1.83333
-9.66667
9.5
33.1667
26.6111
5.11111
-18.2778
-23.4444
-21.4444
-11
-7.22222
-3.66667
-6.27778
-6.94444
-7.27778
-5.05556
-4.27778
-7.83333
-12.9444
-15.8333
-14.0556
-11.1111
-8.72222
-7.88889
-7.38889
-5.16667
-1.72222
-2.55556
-14.3889
-30.5556
74.5556
45
1.05556
-10.3333
-2.88889
8.88889
-1.16667
-11.3333
-19.6667
-17.6667
-15.3333
-11.6111
-8.33333
-4.22222
-1.33333
-0.0555556
1.72222
5.05556
6.5
0.722222
-8.94444
-15.6111
-14.1111
-9
-4.94444
-4.27778
-4.94444
-5.33333
-4.44444
-6.44444
-14.1667
-23.6667
0.1875
0.84375
0.53125
-0.21875
-1.59375
-2.4375
-1.40625
5.65625
16.125
26.5
36.375
44.875
50.75
54.0938
53.7188
46.125
36.25
25.9063
15.5625
7.15625
1.71875
-1.6875
-3.15625
-2.8125
-2.46875
-1.96875
-1.65625
-1.6875
-1.59375
-1.03125
-0.28125
-1.5625
-3.6875
-4.6875
-4.875
-3.34375
0.90625
11.2188
20.25
25.5938
32.3125
40.7813
47.375
49.3125
44.7188
34.0313
25.6875
20.9688
14.125
5.5
-0.8125
-3.84375
-3.78125
-3.1875
-2.84375
-2.40625
-2.09375
-2
-1.96875
-1.34375
-6.5
-9.5625
-12.4375
-12.625
-11.0313
-7.09375
1
11.7188
14.3438
14.375
17.5
23.4375
30.75
33.375
27.125
17.2188
15.875
17.2813
14.8438
8.875
1.9375
-2.3125
-3.0625
-2.8125
-2.46875
-2.21875
-1.875
-1.75
-1.75
-1.21875
-12.2813
-16.8438
-19.9063
-19.2813
-16.5625
-10.9063
0
7.59375
6.875
4.8125
5.75
8.90625
15.6875
19.4375
13.75
9.28125
12.125
16.375
16.8125
14.0625
8.125
2.125
-0.90625
-1.84375
-1.71875
-1.65625
-1.3125
-1.03125
-1.125
-0.59375
-17.2813
-21.5625
-23.5
-22.1563
-18.4688
-10.6875
0.65625
3.25
0.90625
1.75
3.3125
4.34375
8.53125
11.2813
8.65625
11.8438
17.125
19.0938
19.4063
19.3438
15.9375
8.84375
2.8125
-0.21875
-0.8125
-0.90625
-0.71875
-0.25
-0.3125
0.3125
-19.25
-21.7188
-21.7813
-19.9688
-15.5938
-6.6875
1.75
-1.21875
-1.9375
5.625
13.0313
15.0313
15.6563
14.875
17.1563
27.8125
32.6875
28.0313
23
23.0938
22.6875
17.0938
8.65625
3.28125
1.5
1.03125
1.25
1.4375
1.09375
1.5625
-15.9688
-14.8438
-11.8438
-9.375
-3.84375
5.15625
7.75
1.03125
5.125
19.25
32.5
38.4375
35.5
29.6875
35.4063
50.4375
51.5938
40.0625
28.5313
24.875
26.1563
23.9688
16.25
8.6875
4.59375
3.34375
3.46875
3.375
2.4375
2.375
-5.65625
-2.03125
2.6875
5.84375
12.2188
19.0625
14.9063
8.125
16.4063
34.8125
51.7813
61.2813
56.6875
48.0313
54.9375
68.25
66.0313
51.0313
35.5313
27.375
27.6875
28.625
24.3125
16.125
9.59375
6.53125
6.15625
5.1875
3.5
2.5625
5.125
9.875
14.75
18.4688
24.625
25.9375
17.2188
13.9063
25.7188
42.3438
58.6563
70.25
68.0313
62.9375
69.5
76.3438
71.3125
59.75
45.7813
34.1875
30.875
32.4375
31.2813
24.4375
16.3125
10.8438
8.9375
6.84375
4.125
2.21875
9.65625
14.2188
18.3438
23.8125
28.8125
25.8438
17.1875
20.5938
34.125
46.6563
58.4688
67.8438
71
73.75
78.75
76.25
69.5938
64.2813
56.125
44.4375
36.2188
34.5313
35
30.9063
22.625
15.0625
10.8438
7.5
4.0625
1.53125
7
9.5625
13.125
20.9688
24.25
18.375
14.7188
25.9688
39.5625
46.9063
52.125
56
64.25
76.6875
80.0625
69.0938
60.875
62.2813
62.0938
54.4375
43.9688
37.1875
36.0938
34.375
28.75
20.2188
13.1875
7.96875
3.875
1.15625
-4.875
-3.46875
1.125
10.3125
11.9063
7.0625
12
28.9375
39.1875
39.6875
36.6875
34.3125
45.3125
63.3125
65.6563
51.375
44.9063
51.7188
59.7188
59.5
51.3438
41.25
35.625
34.1875
31.5313
24.5313
15.3125
8.1875
3.28125
0.65625
-15.7188
-14.0625
-6.75
2.4375
3.0625
3.5
16.25
33.3438
38.125
34.5313
25.5313
19.2813
29.4375
44.875
45
33.9688
31.6563
39.0625
49.7188
56.25
53.9688
44.5938
35.7188
32.1875
30.7813
26.2188
17.3438
8.78125
2.625
-0.21875
-16.0313
-12.75
-2.75
3.21875
3.3125
7.5
23.25
33.4063
31.0313
22.5625
8.75
2.9375
9.625
18.2188
16.3438
15.9375
20.8125
28.5938
39.4375
49.625
53.625
48.5313
38.5
30.7188
28.1875
25.6563
18.8438
10.2188
3.09375
-0.875
-8.28125
-1.625
8.375
9.5
9.5625
17.75
30.625
29.1563
15.875
-1.59375
-20.5625
-27.6875
-28.8125
-34.1563
-38.4063
-25.9688
-7.96875
4.96875
17.6875
32.125
43.4688
47.6563
42.0313
31.5313
24.375
21.9688
18.4688
11.75
4.53125
-0.71875
5.84375
15.8125
23.4063
20.5938
22.1875
32.75
38.6563
25.8438
4.96875
-18.2813
-38.2188
-46.2813
-57.375
-77.125
-84.3438
-62.6563
-34.9688
-16.5
-2.53125
12.625
29.1563
43.1875
46.125
36.3125
24.125
18.5938
17.1563
13.9063
7.78125
1.40625
20.0313
31.4375
34.2188
29.1563
33.125
43.6875
42.4688
23.9063
-1.0625
-27.7188
-45.9688
-56.4375
-76.5938
-104.906
-112.656
-88.4063
-56.4375
-31.6563
-13.5938
2.09375
19
38.875
49.3125
42.9688
28.3438
18.5313
15.9375
15.2813
12.75
6.28125
29.1563
39.125
37.0313
33.3438
40.3438
50.5313
44.9688
28.125
5.53125
-15.7188
-26.9063
-39.375
-65.375
-96.9688
-104.313
-86.6875
-59.6563
-34.9063
-15.4063
-0.53125
14.4375
35.1875
50.875
50.1875
37
23.6563
17.375
17
17.4063
12.9688
32.7813
38
33.2813
33.6563
43.6563
52.25
48.4688
39.8125
29.8125
25.4063
27.4688
19.5938
-3.8125
-28.0938
-33.75
-28.1563
-17.2813
-3.25
10.5625
18.7188
26.3438
39.7188
52.125
55.5625
47.7813
34.125
22.7813
19.6875
21.1875
19.375
31.7188
31.3125
26.5938
31.875
42.625
48.4688
48.1563
46.4063
48.5
59.375
71.375
68.3438
54.625
45.375
45.375
42.5625
38.9063
41.2813
47.8438
50.5938
49.5
50.2188
52.8125
57.2188
56.4375
46.5938
32.75
24.4063
24.4063
24.625
26.7188
22
20.4063
30.6875
39.25
39.875
40.5625
42.8125
53.8125
73.5938
89.6563
89.5313
87.7813
95
100.469
92.625
79.8438
73.125
71.375
70.5313
66.125
57.125
50.75
54.25
59.9375
57.0938
45.125
32.7813
27.25
27.375
19.25
13.2188
16.5625
29.2188
33.875
30.9063
32
35.3438
48.875
65.4063
74.625
72.3438
77.4375
93.8438
100.125
91.3438
77.7813
69.9688
64.8438
65.2813
64.0313
53.875
43.4375
45.3125
54.8438
60.0313
54.9375
41.9063
31.2188
27.9688
13.375
10.1563
18.8438
30.6563
31.5625
26.1875
22.5625
24.1875
32.0625
38
35.9063
30.0313
38.3125
58.0625
66.25
61.8125
56.4688
52.125
47.75
50.3438
52.2813
43.5938
33.3125
32.9688
41.5625
52.0313
54.7188
45.75
33.1875
26.7813
10.0313
11.75
24.6875
33.9063
31.9375
23.6875
14.4688
18.7813
23.2813
20.0313
9.34375
1.375
7.625
21.8438
26
18.375
13.6563
8
0.375
0
2.09375
-0.84375
-4.03125
-2.625
6.25
20.875
33.1875
34.9063
27.8438
22.0625
8.71875
15.7188
29.3438
33.6563
29.7188
20.8438
10.6875
14.8125
13.0625
-0.4375
-19.7188
-29.1875
-29.4688
-27.625
-30.1875
-38.9063
-43
-48.4375
-53.9063
-56.4063
-55.125
-52
-47
-41.8438
-32.5938
-16.3438
3
15.9688
18.1563
16.0313
7.15625
14.9063
22.3438
18.6563
10.0313
-2.90625
-14.8438
-13.5313
-19.8438
-34.4063
-50.3438
-54.9063
-56.125
-58.3438
-60.0938
-66.9063
-71.125
-78.5313
-82.5
-87.9375
-90.5
-87.25
-78.1875
-67.875
-56.9375
-40.7813
-20.7188
-1.03125
9.28125
12.6563
2.90625
7.375
6.25
-4.40625
-18.9688
-36.5313
-47.0313
-50.0313
-56.75
-70.0313
-80.875
-82.4063
-83.9375
-87.6563
-89.9688
-95.5
-103.281
-109.313
-111.688
-116.406
-119.438
-114.813
-103.156
-90
-78.0625
-65.6563
-48.4375
-28.3125
-12.6875
-4.15625
-1.90625
-2.53125
-12
-27.6563
-46.4063
-63.8438
-70.125
-79.625
-90.4375
-102.75
-108.656
-107.844
-108.031
-110.5
-112.469
-112.625
-115.781
-116.406
-113.438
-113.375
-112.938
-107.656
-97.3438
-85.4063
-75.4688
-67.125
-56.5313
-42.5
-29.0938
-19.8125
-1.71875
-8.125
-23.1563
-40.6875
-61.625
-78.2813
-86.6563
-100.656
-111.125
-115.938
-112.969
-107.844
-102.688
-98.7188
-95.3438
-91.0313
-91.1563
-90.0625
-87.4375
-86.1563
-85.1563
-82.3125
-76.9688
-69.9375
-64.125
-60.7188
-57.8438
-51.8125
-42.3125
-33.9688
-7.9375
-15.9688
-29.3125
-42.7813
-57.75
-68.4063
-75.25
-88.375
-96.7813
-98.7813
-94.9063
-90.25
-84.6875
-80.0938
-76.5
-70.9688
-69.3438
-67.2188
-66.5625
-66.4375
-67
-67.3438
-68.25
-69.7188
-71.2188
-73.6875
-75.125
-72.5938
-64.3125
-55.1875
-9.75
-8.46875
-4.34375
-0.53125
0.78125
-1.4375
-1.53125
5.59375
15.375
25.8125
31.1875
21.5625
6.5625
-10.0313
-25.2188
-33.375
-36.9375
-36.0938
-31.3125
-22.9688
-13.9688
-4.9375
2.46875
6.75
8.53125
4.90625
-1.28125
-6.125
-8.96875
-8.53125
-11.2188
-8.5
-2.9375
2
3.5625
0.96875
1.40625
9.90625
20.5
32.0313
36
24.0313
9.25
-7.4375
-23.5313
-34.2813
-42.25
-44.9688
-39.9375
-28.9375
-16.875
-5.53125
2.28125
6.3125
7.84375
4.59375
-0.96875
-5.3125
-7.96875
-7.90625
-15.4375
-11.75
-4.5
1.6875
4.03125
2.78125
6.125
16.9063
28.9688
40.5625
40.5
25.4375
10.4375
-5.8125
-20.8125
-32.7813
-45.0625
-52.2188
-48.9063
-36.25
-21.25
-7.25
1.9375
5.8125
7.09375
4.34375
-0.5625
-4.5
-6.9375
-7.09375
-17.4688
-13.0313
-4.71875
2.09375
4.9375
5.65625
12.1875
24.4688
37.5
47.875
44.125
27.9688
12.875
-2.9375
-17.875
-31.5313
-47.375
-58.5625
-57.375
-44.5
-27.25
-10.5625
0.71875
5.40625
6.59375
4.28125
0
-3.71875
-6
-6.28125
-18.5938
-13.0625
-3.75
3.15625
6.65625
10.75
20.0938
33.1875
46.5938
55
50
34.2813
17.5938
-2.09375
-21.3438
-37.3438
-53.875
-64.4063
-62.5938
-50.4688
-32.75
-14.4688
-1.5625
4.71875
6.375
4.40625
0.71875
-3
-5.4375
-5.875
-17.125
-10.0938
-1.03125
4.71875
8.53125
15.8125
27.625
41.8438
54.3125
58.4375
52.4688
37.9063
20.1563
-0.875
-23.4688
-42.125
-57.8125
-66.7188
-64.75
-54.3438
-37.8125
-19.5313
-5.15625
3.21875
5.5625
3.96875
0.75
-2.875
-5.21875
-5.6875
-12.9063
-6.21875
0.71875
4.3125
9.09375
19.7188
33.9375
49.0313
58.25
59.1875
53.9375
42.4375
27.9375
5
-21.7188
-44
-61.3438
-68.75
-67.1563
-58.9375
-44.3438
-26.4063
-10
0.625
4.21875
2.96875
-0.21875
-3.5625
-5.5
-5.6875
-7.71875
-3.46875
-0.3125
1.84375
8.78125
23.125
39.9063
53.875
61.2813
61.875
59.0313
53.0313
38.1875
10.9063
-21.625
-49.25
-66.9063
-72.4688
-69.9688
-62.875
-50.0625
-33.3125
-15.625
-3.375
1.46875
1.15625
-2.21875
-5.0625
-6.375
-6.0625
-2.75
-2.375
-2.4375
-0.46875
9.125
27
45.4063
57.6563
64.5938
67.5938
68.7813
67.25
49.5313
15.4375
-23.9375
-56.7188
-73.9375
-77.3125
-72.9688
-65.75
-54.3125
-39.125
-22.2813
-9.3125
-3.375
-2.28125
-4.4375
-6.59375
-7.375
-6.59375
1.34375
-0.46875
-2.53125
0.5625
12.875
32.8438
51.5
61.5313
68.9375
74.5313
81.1563
81.7188
60
19.375
-27.75
-64.75
-82.0313
-83.2813
-77.25
-68.25
-56.9688
-43.6563
-28.125
-16.2188
-10.0625
-7.4375
-7.84375
-8.6875
-8.5625
-7.28125
6.3125
2.8125
0.0625
5.03125
19.25
39.5
55.7813
63.7188
72.375
82.0313
94.25
95.1875
68.875
22.375
-31.1875
-71.6563
-89.5625
-90.1563
-82.5313
-71.5
-58.4688
-46.1875
-32.9063
-23.0625
-18.4375
-14.8438
-13
-11.5938
-9.875
-7.90625
9.8125
5.78125
3.875
10.75
25.9063
45.5
58.8125
65.875
75.625
87.875
101.688
99.5625
70.25
21.75
-32.1563
-71.75
-90.0313
-91.9063
-84.7813
-73.125
-58.8438
-46.75
-36.125
-29.6875
-27.6563
-24.2188
-20.1875
-15.6875
-11.5938
-8.53125
13.0313
9.125
8.9375
16.625
31.625
49.125
59.5
66.9063
78.25
92.9063
105.406
100.281
69.5
21.0625
-30.25
-68.9688
-88.4063
-91.9375
-85.6563
-73.375
-57.9688
-46.2813
-38.0938
-35.5
-37.4688
-35.0938
-29.3438
-21.4063
-13.625
-8.84375
15.6563
12.25
13.9375
22.6563
37.0625
52
59.875
66.4063
77.7813
91.25
99.5625
93.625
66.625
25.4063
-18.2813
-55.25
-78.875
-88.4063
-86.25
-75.875
-60.6875
-48.3438
-41.1875
-41.0313
-45.375
-45.0938
-38.5938
-27.7813
-16.9063
-9.6875
17.7813
16.1875
20
30.25
42.875
54.3125
59.6875
63.1563
70.375
76.4063
76.5625
68.9375
50.875
25.2188
-3.40625
-30.5938
-54.0938
-68.2813
-72.1875
-69.125
-59.4063
-50.4688
-44.9063
-46.0938
-51.8125
-53.2188
-47.4688
-34.75
-21.2188
-11.2813
20.1563
22.125
28.4688
39.2813
48.6875
56.625
60.3438
61.2188
62.9063
58.3438
47.9688
37.4688
26.75
16.0625
4.40625
-8.96875
-24.5313
-37.1875
-45.4688
-52.5
-53.7813
-52.25
-50.875
-51.9375
-57.5625
-60.0313
-54.7188
-41.8438
-26.2813
-13.7813
24.7188
30.25
37.2813
46.4688
51.8125
57.8125
62.4063
62.7188
58.9375
43.8438
23.3438
10.0625
4.59375
3.28125
4.59375
3.96875
-1.125
-6.71875
-16.7188
-33.5313
-47.5
-55.4375
-58.125
-58.5313
-61.7813
-64.6563
-61.0625
-49.4688
-33.0625
-17.9688
33.2188
38.8125
43.9688
48.4063
50.0313
57.0938
63.7813
65.625
57.7188
34.9688
9.28125
-3.5625
-5.625
-3.90625
2.1875
7.625
10.2813
13.3438
5.28125
-18.9063
-42.9375
-60.0625
-67.375
-66.1875
-66
-67.7813
-65.5625
-56.3125
-40.9688
-24.2188
41.7188
45.9375
48.2188
47.6563
47.6563
58.1875
68.9063
71.5625
58.0625
26.3438
-4.84375
-16.5313
-15.125
-10.7813
-1.0625
8.84375
19.2813
31.6875
25.875
-3.59375
-37.7188
-64.7813
-77.0625
-75.375
-71.1563
-70.1875
-68.2188
-61.125
-48.3125
-31.75
48.4688
50.875
50.0938
46.5
47.625
61.9688
75.5313
73.7813
52.625
12.875
-20.875
-25.2813
-19.1875
-11.3125
1.125
11.625
28.0938
46.7188
42.0938
10.2188
-31.6875
-67.5313
-84.8125
-84.3438
-77.75
-72.9688
-69.8125
-64.6563
-54.4688
-40
53.0938
53.9375
50.0938
45.9375
49.0625
64.25
78
70.125
42.0625
-0.28125
-31.5938
-30.9688
-20.0938
-8.375
3.65625
16.125
35.7813
56.3125
54.1875
22.7188
-22.6875
-63.9375
-86.75
-90.1875
-83.4375
-76.5313
-71.4375
-66.9688
-59.6875
-48.0625
56.25
55.5313
48.75
46.0313
52.8125
69.4688
82.375
68.9063
35.125
-9.15625
-38.5625
-37.3438
-25.375
-12.5938
-1.875
13.0938
36.0938
60.2188
62.9688
35.7188
-8.40625
-52.9375
-80.1875
-90.0625
-87.1563
-80.2813
-74.75
-69.0313
-63.0313
-54.4688
58.8125
55.5313
46.3438
47.3438
59.625
78.875
89.6875
71.5625
32.75
-9.375
-33.2813
-30.9063
-17.1875
-8.5
-3.5
7.25
26.0313
48.3125
54.125
33.4063
-5.03125
-46.9688
-78.1875
-92.9063
-93.125
-85.1563
-75.0313
-66.6875
-61.3125
-56.7813
60.6563
54.3125
44.875
50.8438
68.25
87.625
92.0938
68.8438
29.2188
-5.53125
-19.3438
-15.8125
-5.3125
-5.09375
-9.75
-6.625
4.53125
22.5625
29.8125
18.125
-9.09375
-43.2813
-71.9688
-88.25
-89.25
-79.125
-65.5
-56.0313
-53.4063
-54.625
61.9688
51.5938
43.9688
53.9063
73.7188
89.5938
85.625
55.4375
15.3125
-13.1875
-20.5313
-13.5625
-1.90625
-1.25
-7.0625
-7.90625
-3.875
6.5
12.0938
7.15625
-8.875
-33.6875
-58.375
-76.3438
-80.9063
-71.1563
-55.4375
-44.4688
-44.1563
-50.7813
58.4063
43.1563
35.0938
46.3438
68.1563
81.7188
74.2813
42.5313
4.90625
-18.4063
-23.3438
-15.3438
-2.875
1.15625
-1.34375
-1.90625
-1.0625
2.40625
4.75
3.625
-4.375
-19.9375
-39.0625
-57.875
-66.8125
-60.6563
-46.9063
-37.7813
-40.7813
-52.7188
53.2813
34.5625
26.3125
38.9688
61.4688
71.9688
60.1563
27.8438
-6.375
-24.1563
-24.25
-13.7188
1
8.71875
8.71875
8.75
6.65625
3.5
1.6875
-0.46875
-6
-16.1875
-31.6563
-50
-61.5
-58.3438
-45.4375
-35.125
-35.9375
-47.3438
51.3438
31.0938
21.5625
33.9688
54.9688
61.4688
47.0625
18.625
-10.1875
-21.9375
-17.9688
-11.2188
0.84375
5.375
1.71875
1
-3.34375
-7.65625
-8.25
-8.625
-9.9375
-13.1563
-22.2188
-36.1563
-46.7813
-47
-37.2188
-27.6875
-27.9063
-38.25
56.2188
32.5
18.0938
25.5
40.5625
43.6563
29.3438
5.03125
-17.6875
-26.1875
-20.9688
-14.3438
-3
1.78125
0.53125
-0.03125
-4.78125
-8.6875
-11.3125
-13.3438
-14.0938
-14.3125
-17.5938
-25.0625
-32.125
-33.2813
-27.0938
-19.8125
-20.375
-29.5313
54.6875
28.5313
12.6875
15.4688
24.9375
26.0938
13.5625
-4.375
-20.7813
-24.6563
-17.7813
-11.6875
-1.375
2.15625
1.75
1.71875
-2.21875
-5.90625
-10.8125
-16.5
-20.25
-20.4688
-20.875
-20.9688
-21.5938
-20
-14.5
-10.7188
-12.875
-21.4375
-2.875
-3.29167
-1.375
1.25
2.5
3.45833
3.45833
3.375
2.41667
-0.25
-7.5
-16.25
-22.5833
-26.0833
-27.2083
-25.9583
-18.75
-9.45833
-3.25
0.208333
1.83333
2.54167
1.66667
0.583333
0.708333
0.75
0.416667
-0.125
0.0416667
0.0416667
-0.375
-0.541667
-1.16667
0.0416667
2.125
1.875
0.375
-1.25
-3.125
-4.25
-4.58333
-9.20833
-13.8333
-11.5417
-10.4583
-11.5417
-10.75
-1.5
8
7.70833
7.75
10.375
10.375
5.83333
0.708333
-0.5
-0.208333
-0.166667
-0.375
-0.541667
-0.166667
0.125
-0.0416667
0.291667
3.625
5.5
5.375
3.75
2.20833
-0.791667
-2.33333
-3.91667
-5.79167
-9.20833
-0.875
13.125
21
23.75
25.2917
31.6667
25.9167
12.5833
5.375
3.875
4.5
1.95833
-0.5
-0.375
-0.0833333
0.25
0.25
0.541667
0.375
0.291667
0.208333
0.291667
6
8.79167
8
7.70833
6.875
4.54167
3.79167
2.66667
-0.833333
1.33333
12.125
20.25
25.7917
28.75
29.875
22.9583
9.125
0.333333
-5.79167
-9.58333
-8.04167
-3.79167
-0.958333
-0.208333
-0.125
0.333333
0.375
0.541667
0.125
-0.291667
-0.291667
-0.708333
1.91667
3.95833
4.95833
6.625
6.08333
6.5
6.375
5.66667
3.33333
8.375
8.66667
5
6.16667
9.33333
11.6667
-0.458333
-5.83333
-3.625
-6.08333
-10.0417
-10.9583
-5.625
-1.375
-0.625
-0.583333
-0.666667
-0.458333
-0.416667
-0.333333
-0.541667
-0.416667
-0.583333
1.20833
-0.458333
-0.125
-0.166667
0.291667
3.375
4.29167
3.33333
3.5
8.16667
3.79167
-3.58333
-6.875
-2.33333
0.791667
-5
-5.54167
-1.45833
0.708333
-2.20833
-5.875
-5.875
-2.20833
-0.625
-0.75
-1.5
-1.41667
-1.125
-0.791667
-0.5
-0.0833333
0.375
4.45833
0.166667
-3.5
-6.875
-6.16667
-3.875
-3.29167
-5.95833
-2.875
1.33333
-1.5
-8.875
-16.125
-13.4167
-12.3333
-11.125
-9.54167
-6.125
1.16667
2.58333
-1.08333
-5.125
-3.75
-0.791667
-0.208333
-0.75
-1.08333
-1.125
-1.08333
-0.75
-0.458333
-0.125
1.95833
-1.79167
-6.95833
-9.625
-9.5
-9.5
-11
-13.1667
-7.41667
-6.33333
-9.66667
-17.3333
-22.5
-24.8333
-27.7083
-22.4583
-15.5833
-9.70833
-3.29167
2.375
1.04167
-3.33333
-5.75
-3.29167
-1.25
-0.916667
-1.25
-1.45833
-1.29167
-0.916667
-0.875
-0.833333
-7
-9.5
-11.2917
-10.75
-10
-9.41667
-10.8333
-7.125
-1.45833
-4.33333
-9.08333
-11.4167
-9.58333
-17.5
-24.5417
-18.1667
-9
-5.54167
-6.70833
-1.79167
1.25
-1.95833
-6.625
-7.375
-4.875
-3.16667
-2.875
-2.29167
-1.33333
-0.458333
0.0833333
0.375
-13.5417
-15.2083
-13.5417
-10.9583
-8.625
-7.66667
-6.79167
0.916667
3.5
-0.958333
-3.875
3.375
9.95833
1.375
-7.04167
-3.91667
2.95833
0.416667
-6.33333
-6.41667
-0.125
0.416667
-4.25
-8.08333
-6.91667
-3.58333
-2.375
-1.45833
-0.416667
0.583333
1.54167
1.79167
-9.95833
-8.08333
-4.83333
-1.75
0.625
-1.95833
-0.625
4.125
1.79167
-3.79167
-3.25
7.91667
12.8333
9.04167
5.08333
4.20833
5.54167
2.33333
-2.08333
-6.625
-3.5
1.58333
-0.166667
-4.45833
-5.79167
-2.54167
-0.125
0.5
0.666667
0.875
0.916667
0.583333
7
13.0417
16.75
17.5833
15.5417
8.58333
7.79167
6.04167
-0.333333
-5.875
-2.625
4.79167
4.58333
6.125
8.95833
7.33333
0.791667
-0.125
0.0833333
-4.25
-7.16667
-1.91667
1.79167
-0.708333
-3.29167
-2.95833
0.208333
1.04167
0.875
0.125
-1.16667
-1.83333
19.375
23.9583
25.75
23.2083
15.7917
9.375
7.95833
2.75
-3.83333
-6.29167
-0.25
1.79167
-0.833333
4.375
11.9583
11.375
0.583333
-1.58333
0.25
-1.125
-5.79167
-4.91667
1.16667
1.91667
-1.20833
-4.08333
-2.33333
-0.375
0.25
-0.166667
-0.958333
-1.25
8.875
8.25
6.91667
4.125
-2.83333
-1.66667
0.25
-1.66667
-5.95833
-2.875
6.29167
6.66667
7
13.875
25.5
25.625
16.5417
8.125
7.20833
6.58333
1.54167
-3.08333
-0.583333
3.75
0.833333
-3.33333
-4.08333
-1.5
-0.0416667
0.708333
1.41667
1.66667
-6.75
-10.125
-12.5833
-14.0833
-15.4167
-7.375
-3.16667
-3.29167
-4.41667
4.75
13.25
10.875
12.8333
20.75
31.5833
31.625
27.8333
19.5417
14.5833
13.25
9.16667
1.95833
-1.66667
2.5
4.29167
1.375
-1.41667
-0.958333
0.708333
1.95833
2.66667
2.70833
-10.375
-13.0833
-14.75
-16.9167
-13.5417
-5.41667
-3.33333
-6.66667
-3.25
9.75
11.5833
4.16667
3.54167
8.375
7.58333
3.54167
5.5
6.41667
1.91667
2.375
5.66667
3.375
-1.875
-1.625
5.04167
5.95833
1.79167
-1.41667
-0.875
0.75
1.16667
1.08333
-8.66667
-9.375
-10.75
-13.75
-7.95833
-3
-4.41667
-8.41667
0.625
13.2917
13.4167
15.3333
22.2917
27.375
18.9167
12.9167
13.25
10.75
1.625
-3.66667
-0.375
1.04167
-1
-3.375
0.875
5
2.04167
-2.5
-5
-3.58333
-1.66667
-0.833333
-5.08333
-4.58333
-7
-8.04167
-1.16667
-0.75
-5.16667
-6.41667
4.125
9.04167
10.5833
24.875
42.625
55.4167
57.625
62.9167
63.625
55.0417
40.75
23.0417
10.4583
4.58333
1
-2.54167
-4.29167
-0.166667
1.75
-1.20833
-5.25
-6
-3.16667
-1.45833
-0.5
-0.833333
-3.29167
0.75
6
1.25
-4.33333
-2.08333
0.541667
-9.95833
-20.4167
-21.3333
-17.4583
-14.7083
-6.25
7.66667
19.4583
28.75
32.5833
24.7917
9.54167
2.45833
0.458333
-2.16667
-6.58333
-5.66667
0.75
1.20833
-2
-4.70833
-3.79167
-1.54167
1.29167
-1.08333
-1.29167
6.625
7.83333
0.833333
-2.45833
3.5
-1.58333
-23.125
-45.375
-66.7083
-87.7083
-110.792
-119.875
-115.875
-101.958
-76.3333
-48.0417
-27.5
-19
-13.0417
-4.16667
-1.16667
-4.91667
-8.5
-4.25
0.5
-0.958333
-4.04167
-5.375
-2.95833
1.75
-1.33333
1.75
7.66667
4.16667
-1.66667
-1.41667
5.54167
-0.625
-18.2083
-30.5833
-42.0833
-63.0417
-90.0833
-109.958
-116.5
-115.125
-102.583
-79.0833
-51.8333
-29.5417
-17.8333
-8.04167
-1.33333
-2.20833
-6.91667
-9.54167
-4.45833
-1.16667
-3.625
-6.375
-5.79167
2.125
1.95833
7.83333
9.20833
3.5
-0.833333
1.66667
4.83333
-2.16667
-2.375
7.20833
20.875
22.7917
19.875
17.9583
8.83333
-3.20833
-14.1667
-18
-13.6667
-6.79167
-3.16667
-4
-2.83333
-0.541667
-2.41667
-8.16667
-7.83333
-0.916667
-0.416667
-4.16667
-6.5
0.416667
3.91667
9.75
8.20833
3.33333
1.16667
7.25
9
6.58333
21.4583
42.375
61.5833
72.4167
84.2083
93.5833
83.2083
69.7083
54.7083
39.7917
26.375
19.4583
17.5833
8.95833
0.541667
1.25
1.375
-2.58333
-6.33333
-2.5
2.08333
-0.0416667
-3.58333
-2.875
1.33333
4.16667
0.416667
-3.79167
-1.08333
8.54167
10.2083
13.5
22.6667
35.625
38.8333
37.1667
40.375
41.4167
42.2083
43.4583
42.4583
41.2083
35.7917
35.375
33.75
23.25
11
5.41667
5.25
2.54167
-2.20833
-4.625
0.791667
3.20833
-0.208333
-4.95833
-1.33333
-2.70833
-8.08333
-10.75
-2.95833
0.791667
-8.33333
-8.70833
-10.5
-8.70833
-17.6667
-20.2917
-19.5417
-21.375
-10.2917
-3.83333
1
4.45833
11.1667
17.6667
19.125
18.7917
16.8333
12.25
12.375
12.6667
9.04167
1.95833
0.583333
3.95833
1.95833
-2.25
0.625
-4.41667
-10.2083
-9.16667
-0.583333
-7.33333
-21.4167
-19.625
-17.5833
-21.75
-31.9583
-25.9167
-19.2083
-19.6667
-15.5
-13.7917
-8.58333
-9.25
-3.33333
0.125
8.125
22.375
34.25
37.4167
35.375
37.0833
32
20.6667
7.66667
3.83333
4.29167
4.75
5.41667
0.0833333
-4
1.91667
8.20833
2.41667
5.20833
15.7083
26.125
18.7917
17.0417
23.625
30.1667
34.9583
36.6667
46.0833
52.9167
53.5
49.7083
45.8333
47.5417
53.875
58.25
56.8333
49.1667
42.7917
35.5
24.9583
12.375
5.5
6.70833
8.33333
6.41667
5.58333
10.5417
25.0417
32.5417
37.5
54.375
61.9583
68.7917
63.1667
67.875
67.9583
67.9167
75.2083
74.375
77.625
72.125
66.0417
54
43.1667
30.2083
17.9583
7.58333
-0.916667
-6.95833
-14.2083
-13.7083
-9.5
-3.20833
0.958333
4.25
6.41667
3.875
8.125
22.9583
37.9583
42.625
50.25
59.9583
57.4583
46.9583
39
32.5
20.7083
9.75
3
-7.41667
-21.5417
-35.4583
-44.75
-51.4583
-57.25
-63.7083
-68.9583
-69.4167
-64.625
-56.2917
-47.9583
-35.1667
-16.9583
0.458333
8.875
11.25
4.20833
2.16667
4.16667
9.91667
4.45833
-6.20833
-9.45833
-15.7917
-24.0417
-39.5
-45.3333
-53.625
-62.125
-69
-77.0417
-80.2917
-85.5
-85.3333
-81.7917
-74.5833
-66.5417
-56.5417
-44.5
-30.2083
-13.625
1.75
15.8333
26.7083
36.0833
38.8333
33.6667
26.3333
-1.83333
-5.875
-10.6667
-21.8333
-40.125
-55.2917
-59.7917
-65.9583
-68.2083
-65.9167
-57.8333
-49.125
-41.4167
-33.25
-25.6667
-15.4167
-5.91667
4.95833
16
26.5417
34.9583
41.2083
46.4583
49.625
50.75
49.2917
46.875
41.9167
33.5
22.7083
13.5833
6.33333
-1.75
-3.375
-5.20833
-12.6667
-18.0833
-17.0417
-11.9167
-6.79167
-0.0833333
11.3333
21.5833
31.625
38.7083
43.625
47.5833
50
50.75
49.4167
48.0417
45.2917
40.9583
34.375
26.4583
18.4167
8.66667
-1
-10.125
-18.25
-25.5833
-29.0833
-27.125
-23.25
5.375
0.708333
-3.5
-5.25
-1.625
3.33333
3.20833
0.375
-1.45833
-5.125
-10.625
-8.125
7.54167
19.6667
12.4167
-2.45833
-7.25
-0.208333
6.25
1.20833
-6.91667
-6.20833
-1.20833
-2.66667
-7.29167
-1.5
8.79167
7.75
0.791667
-1.83333
-2.125
-2.04167
4.83333
1.16667
-2.625
-4.625
-2.25
2.375
3.875
1.5
-1.33333
-8.95833
-17.3333
-7.54167
13.9167
21.7083
13.625
2.625
-3.5
-1.79167
2.375
-1.125
-7.875
-6.91667
-1.54167
-2.25
-6.58333
-1.54167
8.125
7.45833
0.958333
-1.5
-2.04167
-2.33333
6.875
1.375
-3.5
-5
-3.66667
1.33333
4.79167
2.45833
-3.04167
-15.2083
-21.125
-0.125
21.25
17.625
9.54167
7.29167
3.66667
0.833333
-0.5
-5.5
-10.125
-7.29167
-1.875
-2.125
-5.33333
-1.125
6.875
6.29167
0.875
-0.958333
-1.54167
-2.08333
8.25
-0.833333
-5.75
-5.54167
-4.125
0.291667
4.91667
3.91667
-5.20833
-21.7917
-21.125
9.5
26.0417
12.25
3.875
7.95833
10.625
8.83333
0.333333
-11.4583
-14.5417
-7.79167
-1.70833
-2.08333
-4.375
-0.541667
5.5
4.66667
0.875
-0.0416667
-1.04167
-1.95833
5.66667
-5.29167
-7.91667
-5.25
-3.04167
-0.75
3
3.54167
-8.16667
-26.375
-16.8333
19.125
27.6667
7.58333
0.0416667
6.91667
14.9167
16
2.16667
-15.9167
-18.4583
-8.5
-1.75
-1.875
-3.20833
-0.291667
3.91667
3.58333
1.54167
0.833333
-1.04167
-2.20833
1.45833
-9.45833
-9
-4.54167
-2.08333
-0.875
2.04167
1.33333
-13.375
-27.0833
-5.83333
30.2917
25.75
-3.58333
-7.45833
7.75
18.9583
19.9167
5.08333
-14.8333
-19.5
-10.5
-3.08333
-2.125
-2.375
0
2.58333
2.75
2.20833
1.25
-1.33333
-2.125
-1.04167
-10.8333
-9.5
-4
-1.29167
-1
0.583333
-3.08333
-18.5
-20.9167
11
33.5
8.875
-12.5417
1.04167
11.5
13.2083
18.625
11.2917
-7.91667
-18.2083
-14.375
-6.75
-3.16667
-1.70833
0.375
1.54167
2.125
2.91667
1.375
-1.70833
-1.75
-4.04167
-11.0417
-8.20833
-2.625
-0.375
-0.875
-1.875
-9.41667
-21.4167
-9.45833
23.2083
22.1667
-9.25
-7.33333
18.5417
16.0417
3.16667
10.1667
15.2083
1.875
-13.8333
-17.4583
-12
-5.54167
-0.625
1.33333
0.5
1.41667
3.45833
1.45833
-2
-1.58333
-6.625
-9.75
-4.79167
0.625
2
-1.41667
-7.08333
-17.75
-20.7083
6.16667
28.2917
0.833333
-24.2083
7.125
38.8333
21.4583
-4.5
-1.29167
11.5417
8.83333
-5
-15.9583
-17.625
-10.125
-0.25
2.70833
0.25
1.20833
3.66667
1.04167
-2.54167
-1.625
-7.29167
-4.83333
1.08333
5.16667
3.625
-4.29167
-15.0417
-24.7083
-13.75
21.0417
23.375
-22.5
-31.4167
22.75
55.7083
29.7083
-6.29167
-12.5833
1.29167
10.0833
4.25
-9.95833
-20.5
-15.5833
-1.16667
4.04167
0.875
1.29167
3.20833
0.333333
-3.08333
-1.95833
-4.70833
1.79167
6.16667
7.25
2.75
-8.20833
-21.75
-25.875
-1.95833
28.9583
8.125
-41.8333
-28.5417
37.1667
65.4583
37.3333
-2.08333
-18.5417
-10.5833
4.75
9.375
-2.54167
-18.7917
-18.7083
-2.79167
4.95833
0.375
-0.625
2.54167
0.75
-2.95833
-2.04167
-1.25
5.54167
7
7.08333
2.04167
-12.5417
-27.8333
-21.3333
12.2917
28.375
-12.875
-51.7083
-15.4167
48.375
65.0833
38.8333
5.66667
-15
-17.9167
-6
7.20833
3.83333
-13.8333
-18.3333
-3.04167
5.04167
-1.29167
-3.45833
1.375
1.625
-2.29167
-2.45833
0.125
6.58333
7.5
6.95833
-0.208333
-18.375
-29.7917
-9.25
23.7917
14.4583
-34.75
-45.0833
6.91667
50
50.0833
34.875
17.0833
-3.95833
-17.75
-15.375
-1.79167
4.08333
-7.45833
-13.3333
-0.958333
4.79167
-3.58333
-6.5
-0.5
1.70833
-1.83333
-2.625
1.625
6.5
6.41667
5.75
-3.70833
-24.2917
-26.75
6.33333
27.4167
-6.125
-45.4583
-23.8333
27
40.75
28.5
25.25
24.1667
10.25
-9.91667
-18.9167
-10.9583
-1.20833
-3.83333
-5.375
3.83333
4.79167
-6.08333
-9.875
-3.04167
1.20833
-1.58333
-2.70833
1.875
5.125
4.66667
3.66667
-8.91667
-28.25
-17.4167
20.9583
21.0833
-26.375
-42.75
-0.75
34.8333
29.25
16.0833
17.875
23.9583
18.7917
-0.541667
-17
-16.7083
-8.04167
-4.41667
0.5
11.4167
8.375
-8.91667
-14.9583
-6.04167
0.583333
-1.33333
-2.66667
-0.375
2.29167
3.625
0.0833333
-15.5417
-26.4167
-2.08333
28.2083
5.25
-37.375
-25.2917
17.9167
29.0417
14.125
6.58333
12.1667
22.25
23.7917
9.41667
-8.25
-15.5833
-14.75
-10.25
1.875
17.5417
13.9583
-9.20833
-19.7917
-9.25
-0.125
-1.33333
-2.66667
-4.41667
0.625
3.875
-4.75
-20.0833
-17.25
13.3333
23.8333
-13.5
-32.0833
4.79167
31.3333
12.9167
-6.125
-3.33333
6.66667
17.125
19.75
11.375
4.33333
-0.875
-11.4583
-17.875
-4
19.5
19.875
-4.58333
-20.375
-13.625
-3.33333
-2.04167
-2.58333
-7.83333
1.29167
5.625
-8.66667
-21.1667
-4.25
23.5833
8.95833
-30.25
-14.2083
37.5833
35.5
-7.125
-20.5833
-7
3.79167
7.625
3.79167
2.375
16.1667
22.4583
1.95833
-19.875
-13.0417
13.9583
23.2083
3
-17.0833
-17
-8
-3.66667
-2.45833
-7.125
2.29167
4.20833
-12
-16
11.125
23.9167
-14.4583
-39.9583
12.5417
65.2083
29.1667
-28.0833
-25.8333
-1.375
4.29167
-2.29167
-15.75
-13.5417
21.7917
45.6667
21.2083
-15.2917
-20.2917
2.16667
19.3333
11.125
-8.66667
-17.625
-13.4583
-6.54167
-2.66667
-6.08333
3.29167
1.95833
-12.375
-5.29167
22.4583
13.1667
-37.125
-36.8333
40.75
74.875
9.54167
-42.4583
-19.5417
9.375
10.125
-2.83333
-29.7083
-33.1667
17.625
59.875
39.3333
-5.04167
-22.9167
-10.4167
9.625
14.125
1.375
-12.7083
-16.5417
-10.875
-4.20833
-4.5
3.79167
-1.375
-10.0833
8.04167
26.2083
-6.41667
-52.0833
-22.375
61.4167
73.6667
-1.20833
-43.6667
-17.7083
8.66667
13.125
-1.25
-38.9583
-44.3333
15.2917
64.5833
49.5417
8.08333
-17.2083
-19.4583
-4.41667
10.8333
9.41667
-3.91667
-14.75
-15
-8.04167
0.125
2.33333
-7.66667
-4.91667
21.5
20.9167
-28.9583
-54.9167
-0.166667
74.625
66.3333
-9.75
-41.9583
-14.125
8.45833
11.3333
-7.08333
-45.1667
-44.125
14.8333
60.2083
52.0833
20.5
-5.33333
-19.1667
-16.4167
0.583333
11.9167
5.08333
-9.16667
-16.0417
-12.5
4.54167
-3.08333
-12.75
5.95833
30.2083
4.79167
-46.375
-39.75
23.7083
65.9583
43.125
-13.1667
-33.0833
-7.29167
16.4583
14.9583
-12.9167
-45.9167
-37.5833
11.5
45.5833
43.3333
27.5833
9.66667
-10.125
-20.5
-11.4583
5.91667
10.375
-0.416667
-12.2917
-15.4583
6.875
-8.91667
-11.5833
19.6667
28.7083
-18.8333
-53.8333
-14.6667
40.625
47.6667
22.125
-9.04167
-22.8333
-7.25
17.0417
20.3333
-7.91667
-38.7917
-29.9167
8.29167
29.5
27
23
20.375
5.54167
-14.875
-18.0833
-4.45833
7.75
7.29167
-4.16667
-14.8333
4.91667
-9.95833
-1.58333
28.7917
14.875
-41.2083
-49.4583
11.2917
51.1667
33.25
9.54167
-4.04167
-20.6667
-17.0417
12.625
24.9583
0.541667
-26
-18.4167
8.54167
17.0417
10
13.9167
26.8333
21.375
-6.125
-25.0833
-17.7083
2.33333
12.9583
5.58333
-9.04167
2.5
-6
11.2083
29.0417
-7.29167
-54.9583
-32.8333
35.2083
55.25
20.4167
-1.25
-1.70833
-14.7917
-18.4583
8.58333
22
0.458333
-17.3333
-7.125
8.91667
8.25
0.5
5.625
24.125
28.4167
2.125
-26.5417
-26.375
-3.45833
16.1667
15.4583
-0.583333
1.25
4.54167
23.0833
18.875
-29.4583
-53.6667
-8.45833
50.7083
50.7083
10.375
-4.45833
-0.458333
-15.5
-21.0833
4.58333
15.6667
-1.16667
-8.20833
1.125
6.58333
2.70833
-3.83333
-0.875
17.875
29.8333
10.7917
-20.7083
-29.75
-11.6667
13.75
24.875
11.5833
2.70833
18.7917
32.3333
8.91667
-41.5833
-45.7083
8
51.375
38.8333
-0.0833333
-9.33333
2.75
-10.0417
-20.0833
3.70833
14.625
1.125
-3.5
0.166667
1.75
0.166667
-5.41667
-5.16667
10.2083
24.9583
16.2917
-10.0833
-26.2083
-15.625
12.5417
31.4583
18
6.16667
32.875
36.875
-2.66667
-47.1667
-34.25
17.5
41.8333
25.3333
0.708333
-4.875
1.75
-8.66667
-17.75
-1.125
10.4583
4.70833
-0.958333
-0.875
2.54167
2.875
-2.45833
-4.20833
4.95833
15.625
13.3333
-2.83333
-18.9167
-17.0833
5.95833
28
20.375
9.45833
43.0417
35.5417
-13.4583
-44.5417
-19.2083
20.7917
28.4583
16.3333
4.375
-3.08333
-2.625
-7.5
-10
1.45833
6.83333
2.625
-0.208333
0.833333
3.79167
2.95833
-2.16667
-2.875
2.04167
5.5
4.25
-1.91667
-9.29167
-10.7917
1.83333
21.4167
20.2083
9.41667
47.25
32.5833
-14.8333
-31.125
-5.54167
18.7083
19.5417
9.91667
-0.541667
-7.58333
-5.75
-1.54167
-0.125
1.58333
1.58333
-1.16667
-2.91667
0.25
5.16667
4.33333
-0.666667
-2.91667
-1.875
-0.75
-0.333333
-0.25
-1.58333
-4
1.08333
14.5833
15.2083
9.625
46.75
26.7917
-13.2917
-15.8333
4.20833
11.7083
7.08333
1.04167
-3.29167
-2.29167
-1
-3.16667
-3.375
-1.04167
0.375
-1.5
-4.20833
-0.333333
8.16667
9.08333
0.875
-5.04167
-3.83333
-0.958333
0.375
0.875
0.125
-1.45833
1.29167
9.25
8.75
8.85185
8.64815
7.66667
4.98148
-0.037037
-1.33333
4.24074
12.5
18.3333
20.4444
20.1111
19.0926
19.6667
22.1667
21.9074
14.9815
6.27778
-0.0925926
-2.66667
-2.07407
-0.851852
-0.62963
-0.351852
-0.203704
-0.111111
-0.277778
-0.0555556
0
9.09259
8.96296
8.62963
6.61111
3.18519
6.42593
12
15.1481
18.5
22.0926
22.2963
18.3889
15.463
16.4074
11.6481
4.7963
0.944444
-3.53704
-7.83333
-8.51852
-5.38889
-2.18519
-0.888889
-0.481481
-0.518519
-0.703704
-0.611111
-0.740741
6.64815
6.42593
5.48148
2.90741
2.72222
9.2037
9.7963
6.16667
4.61111
7.25926
8.7037
6.16667
3.33333
1.48148
-5.94444
-7.05556
-4.05556
-3.40741
-7
-9.72222
-8.05556
-4
-1.77778
-0.981481
-0.907407
-0.925926
-0.962963
-1.2037
0.0185185
-1.57407
-3.94444
-6.88889
-3.22222
3.09259
0.944444
-7.14815
-13.2407
-13.463
-10.7222
-8.51852
-8.33333
-13.6852
-20.3519
-17.3704
-8.96296
-2.7037
-2.83333
-6.72222
-8.53704
-6.18519
-3.14815
-1.77778
-1.61111
-1.53704
-1.59259
-1.62963
-6.94444
-9.68519
-13.3704
-15.2778
-9.01852
-5.31481
-9.44444
-17.463
-24.3704
-27.963
-26.0185
-19.2222
-15.7037
-22.8519
-26.7407
-21.2037
-12
-3.98148
-0.407407
-2.94444
-7.51852
-8.12963
-5.38889
-3.09259
-2.44444
-2.22222
-1.98148
-1.46296
-14.5185
-17.3889
-20.4444
-18.3333
-11.3148
-10.8889
-14.4444
-17.8333
-21.4074
-26.8519
-27.2963
-20.0926
-16.6852
-22.3889
-22.7037
-18.2778
-13.2593
-8.62963
-2.92593
-1.88889
-5.88889
-9.01852
-7.90741
-5.2037
-3.44444
-2.88889
-2.18519
-1.01852
-15.8704
-17.5
-18.1481
-11.8519
-6.46296
-9.27778
-12.3333
-10.5741
-9.35185
-13.6852
-16.7407
-13.8704
-13.2222
-14.463
-11.3333
-9.18519
-10.8333
-12.1296
-7.92593
-3.11111
-3.55556
-7.37037
-9.01852
-6.90741
-4
-2.53704
-1.44444
-0.111111
-8.66667
-10.1481
-7.94444
-0.148148
0.777778
-5.37037
-7.33333
-1.77778
2.98148
2.24074
-0.259259
-4.11111
-7.68519
-3.81481
2.96296
1.83333
-6.2037
-12.3519
-11.6852
-5.7963
-1.74074
-3.57407
-7.2963
-7.55556
-4.48148
-1.98148
-0.574074
0.351852
5.83333
4.42593
8.22222
12.5741
7.59259
-1.24074
-2.48148
2.46296
7.7963
11.6852
11.5185
2.38889
-4.16667
2.53704
11.4259
8.68519
-1.31481
-8.96296
-12.3333
-8.64815
-1.7963
0.240741
-3.33333
-6.18519
-4.94444
-1.74074
-0.0555556
0.407407
15.1667
14.2963
17.9259
16.5926
6.85185
-1.27778
-0.037037
4.2037
9.16667
17.0556
20.2963
11.0926
4.44444
10.7963
18.5741
15.2037
6.64815
-0.888889
-7.27778
-8.61111
-3.51852
1.59259
0.851852
-3.24074
-4.75926
-2.42593
-0.333333
0.12963
10.6296
12.537
14.963
9.64815
-0.0185185
-2
2.51852
5.83333
10.1296
19.5926
23.3889
19.1852
16.1481
19.463
21.1667
18.4074
14.2778
8.7037
1.31481
-4.75926
-4.75926
-0.0740741
3.16667
0.777778
-2.75926
-2.62963
-0.87037
0.277778
-3.44444
0.981481
1.98148
-4.38889
-9.31481
-2.27778
6.11111
10.4444
15.1111
22.8333
25.0741
27.6667
30.9815
30.4074
22.7963
18.9444
18.6481
15.6667
9.5
1.40741
-3.96296
-2.61111
2.87037
4.51852
1.27778
-1.37037
-1.03704
0.203704
-15.9444
-10.3704
-11.037
-16.1852
-13.037
1.14815
10.8889
15.8704
21.8889
25.9444
26.1296
34.6296
44.2593
40.1111
24.4259
18.0556
19.6667
19.463
15.463
7.87037
-0.962963
-4.7037
-0.425926
4.98148
4.59259
0.5
-1.59259
-1
-17.2037
-13.3333
-15.8889
-19.3519
-10.4074
4.07407
12.9074
20.7037
29.4815
31.0185
32.6111
44.5741
57.1852
51.5556
34.2778
24.6296
22.6296
21.8148
19
12.3148
2.07407
-5.27778
-4.88889
1.61111
4.75926
2.01852
-1.83333
-3.38889
-11.0185
-10.2407
-14.3519
-15.1852
-5.37037
2.24074
6.59259
13.9259
21.7778
22.3889
28.3333
42.2037
53.6852
49.8519
40.3704
31.6111
26.6111
24.6667
22.2593
15.7778
4.98148
-4.75926
-8.38889
-4.72222
0.851852
1.59259
-1.88889
-5.27778
-2.09259
-4.7037
-8.98148
-6.94444
-2.5
-6.11111
-10.463
-10.9259
-13.6481
-18.3333
-12.9444
-3.90741
0.12963
0.148148
4.25926
4.92593
3.12963
4.90741
8.33333
7.74074
2.59259
-4.11111
-9.42593
-10.2963
-5.7037
-0.759259
-1.40741
-5.37037
3.92593
-1.05556
-3.81481
0.240741
-2.05556
-14.9815
-26.9444
-39.3704
-56.3519
-68.4074
-69.2222
-69.6852
-75.3333
-72.037
-56.0185
-43.5926
-36.2778
-28.0741
-17
-7.74074
-3.25926
-3.37037
-7.7963
-12.7593
-11.4444
-5.44444
-2.05556
-3.96296
6.88889
0.814815
0.611111
5.01852
-0.518519
-13.963
-26.9074
-44.7778
-68.0926
-83.8519
-91.9815
-104.074
-118.204
-115.204
-98.0926
-80.2407
-68.3333
-57.8519
-43.5926
-26.2037
-10.8148
-2.64815
-5.05556
-11.8148
-14.7593
-10.8148
-4.98148
-2.7037
6.77778
1.83333
4.83333
9.75926
5.57407
-0.259259
-4.42593
-14.2222
-27.1481
-32.9815
-38.7037
-53.963
-69.1111
-67.463
-58.0556
-47.9444
-42.1667
-39.463
-35.6481
-24.2778
-8.40741
1.92593
0.425926
-6.68519
-12.6852
-13.7778
-8.48148
-2.55556
3.55556
1.37037
6.83333
11.5926
11.4815
16.5741
21.463
23.2222
26.2963
34.1852
35.2407
23.8519
15.2963
15.6296
14.6852
13.8704
11.2593
5.62963
-3.25926
-5.03704
3.11111
9.2963
7.7037
1.31481
-6.55556
-12.3333
-10.7963
-3.85185
-1.75926
-0.12963
5.27778
8.77778
11.6481
20.0926
27.5
34.3148
46.1667
60.9815
65
61.5185
61.7407
62.1481
58.7222
51.9074
47.1481
41.4074
29.3519
18.9815
16.8519
16.9259
16.3889
12.537
4.7963
-3.5
-6.61111
-3.38889
-6.74074
-3.09259
-0.962963
-2.44444
2.38889
8.2037
9.59259
12.8519
24.4815
34.3889
35.2222
38.7407
47.7778
49
48.7778
46.8148
49.4259
51.463
50.0741
43.7963
36.6481
32.5185
33.037
31.5926
24.7963
15.1296
6.44444
2.2037
-6.46296
-1.7037
-2.7963
-6.11111
0.37037
1.03704
-1.46296
0.185185
9.75926
12.9259
10.9815
18.3519
28.7407
30.0926
32.6667
35.0556
41.2963
48.5
56.463
57.8148
51.1481
45.6667
46.1852
46.9074
42.4815
34.2778
22.9444
11.9815
4.44444
10.8704
11.5926
12.1852
19.5185
19.5556
16.6852
20.5926
28.8333
27.8519
27.1852
34.6111
42.4815
44.4259
45.6481
51.1852
56.6852
60.8704
67.7593
69.2778
61.5741
52.6296
47.9815
46.1852
43.6111
37.5556
27.1852
14.9815
19.0741
27.6481
33.3148
40.9815
46.3704
47.7593
51.5
59.6667
63.8148
60.1481
58.5741
58.6667
56.1296
54.0185
47.6111
44.7593
39.5741
34.7407
31.7778
28.9815
23.7407
17.7593
14.2407
15.537
19.5
22.0926
20.5185
15.6667
27.4815
35.3889
42.963
50.9259
49.5
49.5741
52.8889
55.9815
49.3889
40.4815
35.4074
29.2963
22.037
18.5185
11.8148
8.33333
3
-2.37037
-7.59259
-11.0556
-12.7037
-13.3889
-13.6111
-9.96296
-1.72222
6.2963
11.1667
13.5556
12.7407
13.8704
16.0556
16.1667
9.31481
8.96296
13.3519
12.8148
3.2037
-4.35185
-9.18519
-16.2407
-23.8704
-28.7778
-34.6111
-40.4815
-45.2593
-47.4259
-48.7222
-46.4074
-39.5185
-29.7222
-20.0556
-9.68519
1.64815
11.8333
18.9074
23.8519
-1.31481
-5.83333
-10.3704
-17.9815
-26.1852
-27.5741
-28.1481
-33.1667
-41.0185
-43.7778
-43.5926
-43.2778
-42.4815
-41.6852
-38.3333
-34.9815
-29.7963
-23.9444
-18.7037
-13.3333
-6.90741
0.481481
6.64815
10.7222
13.4074
14.9259
15.6667
16.3704
-10.1481
-6.51852
-1.77778
2.92593
0.407407
-8.83333
-18.1481
-15.3333
1.83333
17.4444
21.3333
13.537
10.1111
12.9444
15.9074
9.64815
-4.22222
-15.537
-18.1667
-13.463
-8.57407
-5.57407
-1.7963
3.46296
7.22222
6.33333
2.38889
-1.16667
-10.8519
-7.25926
-2.7037
1.5
-2.31481
-12.1852
-20.0556
-13.1852
5.27778
19.8704
20.6852
13.0556
10.1296
14.7407
19.037
14.2963
-0.888889
-15.7037
-21.5556
-17.1296
-10.4444
-5.74074
-1.66667
3.01852
6.42593
5.7963
2.38889
-0.962963
-10.8519
-7.40741
-3.51852
-1.03704
-6.22222
-15.3519
-19.2037
-10.0556
6.44444
17.8704
20.4815
18
16.3333
17.0926
18.1667
14.6667
1.83333
-13.963
-23.0556
-20.6667
-13.2778
-6.77778
-1.88889
2.51852
5.64815
5.40741
2.64815
-0.648148
-9.92593
-6.18519
-3.66667
-4.38889
-11
-17.9074
-17.2222
-7.64815
4.7037
13.4259
21.5556
27.5926
28.1111
21.4815
14.3148
9.07407
0.703704
-11.6481
-21.7222
-22.3889
-16.1481
-8.24074
-2.14815
2.27778
4.88889
5.07407
2.90741
-0.185185
-7.5
-3.35185
-3.48148
-8.27778
-16.5185
-19.8704
-14.1111
-3.57407
4.46296
9.92593
19.9815
32.3333
36.2963
27.2037
12.9259
3.51852
-2.38889
-9.25926
-17.6852
-21.7222
-18.7407
-10.6852
-2.77778
2.2963
4.44444
4.44444
2.68519
-0.12963
-3.40741
-0.888889
-5.22222
-13.7222
-21.3704
-19.4444
-8.94444
0.333333
2.81481
3.87037
16.037
34.1296
43.4259
34.1111
15.2963
0.833333
-4.98148
-8.51852
-14.0926
-20.4444
-20.2778
-13.463
-3.7963
2.2963
4.27778
3.72222
1.87037
-0.462963
-0.037037
-0.722222
-8.75926
-18.963
-23.7407
-16.7222
-5.33333
0.037037
-3.12963
-0.462963
16.4815
39.7963
49.3889
38.8148
17.8333
0.592593
-6.77778
-9.68519
-12.8148
-18.5556
-19.7778
-14.3704
-5.07407
1.14815
2.77778
2.40741
1.16667
-0.444444
1.38889
-1.92593
-12.2778
-23.2593
-23.7222
-13.2593
-2.16667
-3.33333
-9.68519
-3.7037
20.7963
47.2222
54.7037
41.1296
19.4074
1.83333
-7.59259
-11.5741
-13.8519
-17.0741
-17.9074
-13.2963
-5.74074
-0.5
0.574074
0.685185
0.37037
-0.592593
3.05556
-3.40741
-15.7222
-25.7593
-21.7407
-9.74074
-1.81481
-8.75926
-15.7037
-4.14815
26.6296
54.8889
58.8333
42.1481
19.537
3.18519
-6.81481
-12.9074
-16.1111
-17.5926
-15.5185
-10.2593
-4.44444
-1.74074
-2
-1.62963
-1.05556
-1.25926
3.44444
-5.31481
-18.5185
-25.4074
-18.037
-6.33333
-2.98148
-13.2963
-18.1667
-2.33333
31.0185
58.0926
59.8333
41.0185
18.5185
3.7037
-4.35185
-11.7778
-17.1111
-19
-13.7963
-6.12963
-1.2037
-1.96296
-4.98148
-5.09259
-3.33333
-2.25926
3.24074
-6.90741
-20.0926
-23.4074
-14.5185
-4.27778
-5.7037
-17.2778
-19.4259
-0.0740741
35.0556
61.0185
62.0926
40.963
17
1.2963
-4.55556
-10.463
-16.2407
-19.4259
-12.9815
-2.01852
3.61111
-0.277778
-7.87037
-9.68519
-6.75926
-3.61111
2.77778
-8.2963
-20.3519
-19.8333
-10.8704
-2.94444
-8.55556
-17.5556
-17.1111
2.88889
31.7963
54
57.037
42.3519
21.4074
4.44444
-3.12963
-8.27778
-14.1667
-19.1481
-13.6852
-0.444444
7.75926
2.62963
-8.94444
-13.8148
-10.6481
-5.57407
1.38889
-10.3148
-18.9259
-15.4074
-6.87037
-2.24074
-6.77778
-10.463
-7
6.33333
21.963
35.5185
41.2593
37.2222
23.537
7.72222
-0.0555556
-2.37037
-5.7037
-13.6852
-12.9074
-1.42593
9.62963
5.87037
-7.85185
-16.4444
-14.7593
-8.55556
-1.75926
-12
-16.2778
-10.7407
-4.40741
-2.48148
-2.64815
1.09259
6.7037
10.963
12.6667
17.2963
23.5185
25.6111
17.9444
5.74074
2.35185
5.81481
6.88889
-2.90741
-8.92593
-2.55556
8.38889
7.5
-6.01852
-17.1481
-17.9444
-11.8333
-6.12963
-11.8519
-11.4074
-6.07407
-5.25926
-5.42593
1.09259
13.7593
20.2778
15.1667
6.27778
5.2037
10.5185
12.9074
7.14815
0.333333
4.16667
14.8333
19.3148
8.77778
-3.12963
-3.53704
4.88889
6.33333
-3.64815
-15.6852
-19.2778
-15.3889
-7.7037
-7.98148
-5.53704
-4.16667
-9.5
-8.94444
5.81481
24.5741
28.963
14.7222
1
-0.296296
6.46296
6.37037
-1.96296
-6.57407
4.01852
21.5741
29.2222
18.0741
2.37037
-4
0.685185
3.48148
-1.87037
-12.1481
-18.463
-18.1481
-5.12963
-2.22222
-1.37037
-6.09259
-16.6667
-11.7037
11.5556
37.2407
37.0926
14.6481
-5.16667
-5.01852
3.22222
0.518519
-12.2407
-15.0926
3.88889
29.4815
39.4444
26.2593
7.46296
-3.14815
-2.62963
-0.481481
-2.22222
-8.66667
-15.6667
-18.8519
-2
2.37037
0.777778
-11.0926
-22.9074
-10.1296
23.8148
52.1111
41.6852
8.37037
-15.9815
-11.1852
-0.481481
-5.03704
-21.2593
-21.463
4.94444
37.8148
48.963
33.9074
12.0185
-1.14815
-4.27778
-4.37037
-4.42593
-6.92593
-11.7593
-17.1481
1.72222
5.83333
0.555556
-15.463
-24.037
-4.03704
33.9074
57.4444
36.963
-0.592593
-22.8148
-10.4074
1.88889
-4.90741
-27
-28.2778
0.888889
39.7593
54.6852
40.3333
16.9815
2.14815
-3.01852
-6.01852
-7.01852
-7.44444
-8.64815
-13.5556
5.61111
7.14815
-3.61111
-21.0185
-22.9074
4.24074
43.963
61.2778
34.6852
-5.87037
-28.3704
-14.1481
-0.0925926
-4.64815
-27.9259
-31.2963
-3.18519
37.6852
56.463
43.5741
20.9444
5.24074
0.37037
-4.40741
-7.66667
-8.61111
-7.62963
-9.68519
8.96296
5.64815
-10.8333
-26.7222
-19.963
14.037
54.3889
63.2037
32.6667
-11.9074
-31.3889
-17.7037
-0.481481
-5.01852
-27.5556
-32.4259
-5.90741
34.6852
55.463
47.2037
26.7407
10.3148
1.27778
-6.35185
-11.2593
-11.1111
-7
-5.55556
10.5926
1.57407
-19.463
-29.6667
-13.0556
25.3704
57.3704
53.6852
21.4815
-14.3333
-21.8889
-6.2037
7.72222
-2.05556
-25.9444
-32.6852
-10.5185
25.3519
46.4074
44.9074
30.0926
13.3519
-0.851852
-11.5741
-14.9815
-11.1481
-3.11111
0.592593
11.5926
-4.53704
-25.1852
-28
-2.35185
34.8148
55.8148
42.6296
11.6481
-15.463
-16.963
-1.53704
10.5741
1.98148
-18.7222
-25.7778
-10.7593
15.1667
32.0185
35.7593
30.4815
17.8889
1.2963
-14.1481
-18.4074
-12
0.333333
7.31481
15
-8.35185
-29.463
-27.7037
4.07407
38.1111
50.1296
30.8704
3.77778
-15.5926
-13.8704
-0.333333
11.0926
6.59259
-8.7963
-15.7593
-8.31481
6.53704
16.5926
22.8889
26.463
22.2407
6.7037
-12.2037
-19.8333
-10.8889
6.01852
15.8148
16.0185
-13.5185
-33.2963
-25.1852
10.8704
40.6481
44.7778
23.8333
0.87037
-14.1852
-14.9815
-5.88889
4.07407
4.57407
-3.27778
-5.90741
-0.87037
6.74074
10.1667
15.037
22.6296
24.7593
12.2407
-9.12963
-21.7778
-14.7963
4.57407
17.6667
15.2593
-17.2778
-34.4815
-19.7407
17.8333
42.0185
39.3889
17.1481
-2.22222
-13.7963
-14.1481
-6.92593
2.03704
4.40741
0.925926
0.388889
3.16667
5.12963
3.2963
5.5
14.2963
21.7778
15.5556
-3.74074
-19.4444
-16.8704
2.22222
18.2222
19.2963
-14.2407
-29.6111
-11.5
23.4815
38.5741
29.1296
6.42593
-6.07407
-13.1852
-11.5741
-6.2963
2.24074
5.05556
2.44444
1.62963
3.62963
4.46296
0.944444
-0.12963
6.59259
15.8889
15.6667
1.53704
-14.5741
-16.3889
-0.648148
16.7963
21.1296
-12.1667
-24.537
-6.75926
21.7593
30.3704
21.4074
3.5
-4.2963
-11.7778
-10.4815
-7.5
1.7963
4.37037
2.94444
1.74074
4.75926
6.77778
3.07407
-1.61111
-0.0185185
7.2037
10.3704
3
-9.42593
-12.963
-1.83333
14.1481
-9.05556
-2.05556
3.72222
6.05556
2.94444
0.111111
-0.388889
2.88889
3.11111
-0.888889
-14.6667
-27.7222
-32.2778
-17.3333
4.11111
16.6111
14.8889
10.3333
11.3333
14.3333
11.2222
5.27778
-0.0555556
-0.444444
0
0.777778
0.333333
-0.222222
-0.722222
-0.888889
-0.833333
-0.833333
-2.66667
3.38889
5.94444
6.05556
4.38889
1.61111
-0.0555556
0.166667
-0.888889
-8.72222
-23.7778
-37.6111
-36
-17.6667
7.61111
24.5556
29.5
26.0556
19.0556
11.6111
4.27778
0.5
-1.44444
-0.444444
0.277778
1.22222
0.222222
-1.22222
-1.83333
-1
-0.166667
-0.0555556
5.16667
5.05556
1.66667
0.0555556
0
-0.888889
-1.61111
-3
-5
-15.8889
-25.3333
-25.3889
-10.6667
1.16667
3.55556
9.33333
21.8333
30.7222
22.3889
5.94444
-3.66667
-4.44444
-1.94444
-0.277778
1
1.94444
0.833333
-1.66667
-2.55556
-1.44444
0.222222
0.444444
12.6111
7.88889
-0.333333
-4.33333
-4.55556
-4.22222
-4.16667
-5.22222
-8.44444
-19.2222
-16.0556
-0.277778
22.9444
14.1667
-8.66667
-19.8889
-1.66667
19.6667
21.6667
7.88889
-2.11111
-4.33333
-1.44444
-0.222222
1.38889
2.33333
1.33333
-1.5
-3.05556
-2.33333
-0.555556
0.611111
17.2778
9.27778
-0.555556
-5.11111
-6.33333
-5.77778
-5.72222
-6.61111
-13.0556
-18.8889
-8.5
19.5556
38.8333
22.4444
-14.5556
-37.8333
-28.2222
-2.77778
15.0556
15.1667
7.61111
0.888889
-0.222222
0
1.61111
2.55556
1.61111
-1
-2.83333
-2.61111
-1.27778
-0.0555556
15.1667
6.55556
-0.611111
-3.72222
-3.88889
-3.61111
-5
-8.05556
-17.3333
-15.3333
-0.222222
25.5556
28.3889
11.3889
-13.6111
-30.6111
-33.3889
-20.7222
3.05556
18.9444
18.5556
9.27778
2.38889
0.555556
1.05556
1.55556
0.666667
-0.722222
-1.5
-1.55556
-1.16667
-0.888889
5.38889
-1.77778
-2.77778
-1.72222
0.722222
0.444444
-2.27778
-12.0556
-21.7778
-12.5556
6.16667
18.7222
0.611111
-8.83333
-6.72222
0.444444
-12.6667
-22.9444
-12.6667
10.7222
21.9444
17.2778
6.88889
1.33333
0.166667
0.166667
-0.444444
-0.666667
0.0555556
0.444444
-0.111111
-1.22222
-9.27778
-12.5
-7
-1.77778
2.77778
3.55556
-0.722222
-14.6667
-20.8889
-6.11111
13.9444
6.27778
-27.9444
-35.1667
-4.16667
30.3333
22.3333
-8.77778
-21.8333
-4.88889
17.3889
22.5556
12.8889
2.94444
-0.666667
-0.555556
-0.388889
-0.111111
0.888889
1.27778
0.666667
-0.722222
-20.5556
-19.7778
-9.77778
-0.888889
5.77778
7.5
-0.277778
-16.3889
-17.2778
1.27778
15.9444
-10.9444
-50.1111
-52
-2.83333
46.7222
50.6111
14.5
-18.3333
-18.1667
5.11111
21.6111
17.8889
5.94444
-0.5
0
1.38889
1.77778
1.61111
1.83333
1.22222
0.5
-26.1111
-21.5
-9.11111
2.83333
10.7778
11.1111
-1.88889
-13.8333
-7.88889
11.1667
9.55556
-25.3889
-55.0556
-47.6667
-4.88889
36.3333
53.2778
34.0556
-0.722222
-21.1667
-9.5
11.6667
18.8889
9.88889
2.05556
1.77778
4.38889
5.11111
3.16667
2.11111
1.27778
1.33333
-24.1667
-15.4444
-2.27778
9.11111
14.5556
8.77778
-6.61111
-11.4444
2.27778
15.5
-2.5
-34.4444
-43.8889
-26
-5.11111
11.1111
31
39.7222
20.9444
-10.6111
-19.2778
-3.38889
13.7222
14.2778
8.22222
6
7.22222
6.88889
3.61111
1.77778
1.16667
1.66667
-13.1667
-3.11111
5.44444
10.2222
8.44444
-4.55556
-15.5
-10.1667
12.3333
13.1111
-14.5
-36.1667
-21.6667
0.944444
-2.66667
-14.8333
-1.66667
28.8889
36
9.72222
-16.6111
-17.1111
1.72222
14.5
15.7222
12.6111
10.0556
6.83333
2.44444
0.555556
0.888889
1.55556
2.66667
8.38889
8.5
3.27778
-7
-22.5
-22.9444
-5.72222
17.6111
3.38889
-25.9444
-32.6667
0.888889
22.2222
4.05556
-28.0556
-28.6667
5.44444
34.8333
29.4444
-1.38889
-20.6667
-12.8333
8.38889
20.3333
20.6111
13.7222
6
0.5
-0.944444
0.5
1.22222
14.5556
12.5
3.05556
-8.27778
-22.3333
-32.3333
-22.8889
1.77778
15.7222
-8.44444
-28.7222
-14.7222
27.6667
38.2778
10
-30.7222
-44.8889
-23.6111
13.6667
33.2778
16.5
-12.6667
-21.7222
-3.94444
16.8889
24.1667
18.0556
8.33333
1.83333
-0.666667
-0.222222
-0.0555556
12.9444
5
-5.16667
-14.3889
-26.5556
-27.3889
-12.7222
13.7778
8.11111
-15.9444
-24.8333
8.44444
41
38.5556
9.61111
-21.2778
-39.2778
-39.7778
-14.2778
16.5
24.2222
2.22222
-18.7222
-14.7778
6.27778
22.1111
22.2778
13.5556
5.33333
0.222222
-1.33333
-1.72222
3.61111
-4.27778
-10.3333
-14.7222
-22
-14.2222
2.33333
19.1111
-2.72222
-16.6667
-4.27778
38.6667
47.8333
25.8889
-3.05556
-17.2778
-29.5556
-42.7778
-37.5
-9.44444
18.6667
19.5
-1.38889
-15.1667
-6.38889
11.7222
21.6111
18
9.61111
2
-1.44444
-2.22222
-8.05556
-12.6667
-10.7222
-12.3333
-14
-1.38889
16.7778
17.8889
-9.44444
-7.5
28.0556
66.2222
49.2778
10.5556
-15
-15.0556
-19
-37.6111
-54.2222
-43.5
-5.83333
24.6667
21.3889
-3
-13.8333
-2.66667
14.5556
19.5556
13.4444
4.66667
-0.444444
-1.61111
-14
-13.5
-9.16667
-11.3889
-8.5
7.77778
24.1111
7.77778
-14.2778
4.11111
59.8889
89
60.3333
14.1667
-12.8333
-15.3889
-21.1111
-41.0556
-70.3889
-74.9444
-38.8333
15.0556
37.6667
18.6111
-9.66667
-15.6667
0.333333
15.2778
16.8333
9.5
2.55556
0.111111
-14.5
-10.4444
-8.77778
-12.1667
-4.05556
15.4444
23.8333
-5.16667
-19.3333
9.05556
67.3889
83.5
59.2222
25.8889
11.9444
6.88889
-7.33333
-38.0556
-78.5556
-97.8889
-70.7778
-10.7222
36.7778
37.0556
5.83333
-19.0556
-13.6667
6.88889
19.0556
15
5.94444
0.722222
-10.3889
-6.27778
-11.0556
-11.8333
2.61111
22
13.8333
-19.6667
-25.8889
3.55556
38.4444
34
18.5556
14.1111
27.6111
33.8333
22.4444
-8.72222
-47.8889
-74.1111
-68.3889
-28.6111
20.7778
44.5
26.1667
-8.77778
-21.8889
-5.83333
15.3889
19.6111
11.6111
3.55556
-5.16667
-5.16667
-12.5556
-9.11111
11.2778
22.0556
-1.55556
-31.3889
-28.1667
-6
-2.27778
-23.3333
-28
-8.88889
23.8333
43.0556
43.3333
26.1667
0.5
-21.1111
-35.4444
-30.4444
-0.833333
33.6111
39.3889
9.88889
-18.2222
-16.7778
5.55556
20.1111
17.6667
8.27778
-1
-5.88889
-10.5556
-3.22222
17.8333
11.7778
-19.7222
-37.2222
-17.8889
-0.0555556
-18.2222
-47.0556
-50.5
-27.2778
-0.555556
17.7778
28.3889
35.3333
38.2222
33.4444
8.94444
-17.6667
-20.3333
10.3333
37.1111
29.5556
-3.22222
-20.4444
-8.77778
14
22.5
16.1111
1.5
-4.11111
-4.72222
4.66667
16.6111
-5.66667
-31.8333
-26.8889
6.66667
17.4444
-10.8889
-30.2778
-30.3333
-15
-14.1111
-11.6111
-7.5
11
34.1667
48.4444
29.5
-9.44444
-34.9444
-19.4444
18.1111
37.1111
18.2778
-11.7778
-18.6111
0.777778
20.2222
22.0556
0
-1.44444
1.66667
13.2778
9.33333
-21.7778
-36.5
-9.05556
31.7778
35.7778
6.94444
-4.22222
-5.66667
-2.27778
-19.1667
-28.3889
-29.1667
-8.77778
22.1111
40.5
29.3889
-7.77778
-41.3333
-45.1667
-12.4444
26.4444
33.9444
7
-18.0556
-13.3889
9.38889
23.4444
-7.55556
-2.83333
6.27778
20.8333
-0.0555556
-30.4444
-33.5
9.22222
42.8333
34.1111
9.38889
2.44444
7.33333
-0.888889
-18.7222
-28.1667
-23.3333
-4.55556
17.9444
29.2778
22
-3.38889
-32.1111
-47.3333
-30.5556
8.22222
33.6111
20
-12.0556
-24.8333
-7.72222
16.1667
-16.3333
-6.22222
11.3333
22.3333
-9.22222
-33.5556
-26.8889
13.9444
34.9444
22.3333
10.2222
0.722222
8.66667
-2.55556
-6.27778
-12.7222
-0.888889
13.5
26.3889
26.5
20.4444
7.5
-9.83333
-29.7778
-35.5
-18.7222
5.38889
9.72222
-11.0556
-29.7222
-23.1111
2.55556
-20.5556
-7.22222
17.3333
15.0556
-16.5
-28.8889
-7.44444
23.6111
29.4444
16.4444
14.0556
4.66667
10.7778
1.11111
6.66667
0.277778
7.77778
13.8333
19.9444
19.1111
14.5556
13.2222
7.33333
-3.38889
-23.3333
-33.2222
-27.8889
-15.8333
-16.6111
-29.0556
-28.7778
-9.83333
-15.5
1.16667
23.7778
10.1667
-7.22222
-3.83333
25.1111
35.6111
24.6667
10.0556
3.66667
-2.77778
0.611111
11.9444
24.4444
19.9444
13.4444
9.22222
9.66667
5.77778
1.83333
2.44444
4.33333
-3.16667
-26
-50.1111
-54.2778
-36.5556
-17.2222
-12.3889
-12.7222
-6.22222
-4.94444
11.1111
25.6111
8.44444
9.66667
26.1667
52.6667
43.4444
17.1111
0
-6.61111
-1.27778
-0.388889
10.7222
10.2778
3.22222
-9.38889
-14.7222
-13.6667
-12.3889
-11.2222
-7
-1.38889
-1.66667
-13.9444
-30.3333
-35.2778
-21.9444
-2.66667
6.38889
1.94444
-5.72222
4.72222
16.0556
16.2222
9.88889
25.5556
47.6667
54.2778
28.6111
-3.66667
-20.2778
-27.1111
-19.3333
-14.7778
0.0555556
2.05556
2.27778
-5.33333
-8.22222
-8.94444
-7.83333
-5.33333
-2.44444
-0.388889
-3.61111
-9.77778
-15.9444
-15.4444
-5.5
8.83333
18.4444
10.7222
-6.72222
4.44444
2.11111
-6.27778
-0.888889
20.6111
40.3889
38.0556
17.1111
-3.16667
-13.1111
-14.1111
-8.66667
-6.44444
-4.88889
-7.83333
-8.16667
-10.5
-11.3889
-10.2778
-3.27778
5.27778
12.0556
12.6111
10.5556
8.05556
7.66667
7.61111
9.27778
10.8333
7.66667
-6.83333
-25.4444
5.11111
-7.88889
-20.7222
-8.55556
11.8889
27.6667
22.7222
10.2222
0.888889
-4.66667
-6.11111
-7.5
-6.11111
-3.44444
1.44444
6.83333
8.16667
6.05556
3.27778
6.72222
12.5
15.6111
10.7778
3.22222
-2.38889
-4.05556
-3.94444
-3.22222
-2.33333
-5
-13.5
-23.4444
4.6
1.98
-0.96
-3.88
-8.78
-15.58
-20.4
-23.66
-26.88
-25.26
-15.96
-7.6
-0.32
10.14
20.02
24.54
25.54
22.5
16.08
9.48
4.1
0.72
0.4
1.1
0.24
-1.3
-1.98
-1.98
6
1.6
-2.26
-6.54
-13.6
-19.96
-20.2
-20
-19.04
-11.52
-3.18
-4.22
-4.48
0.28
4.94
10.34
17.54
19.88
16.86
12.14
6.88
2.58
1.22
1.34
0.28
-1.64
-2.3
-2.22
4.66
-1.06
-5.46
-10.86
-18.52
-21.94
-19.84
-18.44
-13.56
-1.96
1.68
-4.38
-6.94
-6.14
-6.26
0.26
11.58
17.5
17.66
15.42
11.2
5.86
2.74
1.64
0.3
-1.74
-2.24
-2.08
2.08
-3.1
-6.86
-12.56
-19.74
-20.58
-18.7
-18.58
-11.38
0.84
-0.1
-6.36
-6.48
-7.52
-10.12
-4.04
7.2
13.92
16.76
17.14
14.86
9.62
4.98
2.46
0.56
-1.24
-1.28
-1.08
-3.18
-4.52
-5.88
-11.36
-16.52
-15.92
-17.3
-18.68
-11.02
-2.62
-7.82
-10.06
-6.98
-6.86
-8.86
-2.98
4.72
11.14
15.32
18.24
17.94
13.7
8.08
4.3
1.52
0.06
0.54
0.54
-8.8
-5.5
-4.18
-8.56
-11.14
-10.14
-14.96
-18.76
-14.44
-14.46
-22.8
-18.92
-8.02
-2.14
1.68
7.78
10.44
11.66
14.54
17.98
19.58
16.66
11.64
7.08
3.56
1.86
2.42
2.18
-10.9
-4.98
-2.64
-5.64
-5.88
-7.12
-15.84
-21.02
-21.42
-30.84
-38.16
-24.8
-6.16
5.88
17.36
23.24
18.58
12.36
12.14
15.12
18.28
17.92
15.28
11.58
7.36
4.68
4.34
3.84
-11.12
-5.24
-3.12
-3.78
-2.48
-7.16
-15.88
-19.58
-25.2
-41.24
-44.38
-26.78
-7.78
8.16
25.84
31.96
23.32
13.54
9.94
11.58
15.12
17.4
18
16.88
12.68
8.84
6.88
5.52
-9.9
-6.46
-5.5
-4.24
-3.18
-10.1
-15.44
-16.34
-25.78
-42.64
-40.96
-25.18
-11.12
5.32
25.06
31.62
24.22
14.8
9.4
8.82
11.86
15.72
19.72
21.52
18.7
13.7
9.58
6.74
-7.56
-9.44
-10.26
-7.9
-8.98
-15.42
-13.56
-11.66
-21.94
-32.2
-25.22
-17.66
-12.32
-0.42
14.82
19.22
17.18
12.38
8.2
5.94
8.54
13.56
20.18
24.56
24.04
18.58
12.1
7.38
-7.04
-14.02
-16.28
-14.26
-16.9
-19.34
-11.92
-9.8
-17.54
-17.3
-7.82
-8.5
-10.66
-5.32
0.84
2.76
6.1
7.94
6
4.02
5.82
11.68
19.28
26.34
27.86
22.78
14.7
8.2
-10.72
-19.28
-21.34
-20.1
-22.5
-17.76
-6.74
-4.36
-5.7
4.38
10.52
0.76
-10.02
-14.82
-19.2
-18.32
-8.9
1.14
4.94
5.02
5.9
10.58
17.66
25.12
28.68
25.52
17.88
10.02
-15.84
-21.3
-21.6
-21.14
-20.64
-8.46
3.78
8.88
17.72
35.3
35.2
17.42
-2.88
-23.24
-42.02
-46.12
-35.06
-19.7
-6.28
0.5
4.36
9.36
16.2
22.16
26.76
26.1
20.42
12.44
-20.1
-20.56
-19.52
-19.78
-14.88
2.22
13.5
23.16
43.48
64.62
58.92
38.1
11.34
-23.88
-57.38
-69.68
-64.08
-48.34
-27.12
-9.66
0.86
9.18
15.62
19.56
22.96
24.3
21.14
14.62
-22.78
-17.36
-15.84
-16.06
-6.38
10.74
17.5
30.68
57.92
75.88
65.86
49.22
23.92
-17.54
-57.26
-75.16
-78.72
-68.68
-44.52
-18.8
-1.26
10.54
16.66
17.48
18.62
20.76
20.64
16.48
-21.8
-12.78
-11.12
-9.64
2.56
13.86
17.7
35.26
64.04
74.5
64.08
52.36
28.34
-13.88
-51.34
-71.52
-82.88
-78.36
-53.08
-23.46
-1.24
13.68
19.36
15.72
14.02
16.62
19.08
18.04
-17.58
-9.1
-7.56
-4.1
5.9
7.86
11.26
31.9
57.6
64.14
61.7
57.38
36.9
-0.16
-33.58
-59.68
-81.4
-84.2
-62.64
-32.38
-5.36
14.94
21.98
16.56
11.76
13.24
16.52
18.18
-11.84
-7.8
-6.5
-2.82
-0.02
-5.32
-1.34
16.32
32.88
36.74
41.14
44.38
33.48
12.2
-8.54
-32.44
-57.9
-66.16
-54.44
-31.3
-5.62
16.14
23.5
18.52
11.9
11.14
13.94
17.26
-7.2
-8
-5.46
-1.52
-5.84
-14.88
-9.02
0.86
1.66
1.22
9.12
14.78
13.82
14.8
12.74
-0.62
-20.12
-30.48
-30.86
-21.6
-4.74
12.44
20.4
17.98
12.78
10.58
12.62
16.26
-4.68
-8.9
-4.8
-2.98
-13.08
-19.96
-9.96
-5.98
-14.9
-16.9
-9.3
-7.24
-5.72
8.9
20.86
18.68
9.34
1.3
-8.64
-13.24
-8.08
2.12
10.46
13.86
12.48
10.94
11.62
15.3
-4.02
-8.58
-5.56
-8.46
-20.32
-20.02
-5.32
-3.08
-13.52
-13.52
-9.58
-16.88
-18.24
-0.34
14.68
18.98
21.32
18.8
4.46
-7.32
-10.02
-6
1.72
10.16
11.98
9.82
8.26
10.44
-5.1
-7.48
-6.92
-13.14
-19.36
-9.12
6.36
6.84
-3.7
-7.78
-12.56
-25.7
-26.08
-6.22
11.92
23.98
36.94
37.44
19.96
1.7
-9.9
-15.94
-12.58
-3.56
0.54
-1.18
-2.46
-0.26
-6.22
-4.68
-6.22
-11.12
-7.26
8.38
22.2
23.08
13.58
5.06
-4.16
-20.12
-21.44
-4.92
10.34
23.44
39.4
39.86
22.22
1.24
-16.7
-29.1
-29.38
-21.6
-15.66
-14.86
-14.52
-11.3
-0.36
5.5
2.7
-1.56
7.62
21.06
27.96
29.22
26.8
16.72
6.5
-6.42
-8.62
-2.94
6.7
16.66
29.78
30.3
17.36
-2.12
-22.12
-37.68
-43
-39.26
-33.34
-28.22
-23.82
-17.46
7.84
15.04
11.72
11.16
24.2
31.64
31.3
31.26
30.36
17.7
7.66
-1.36
-3.06
-4.78
-1.12
4.98
15.06
18
13.78
2.98
-12
-26.1
-36.18
-39.76
-39
-35.76
-30.88
-24.94
13.96
20.28
20.48
26.54
39.64
39.8
30.96
25.36
20.36
7.42
1.84
6.16
11.6
11.36
13.5
15.84
17.18
15.48
11.78
2.36
-11.66
-27.34
-40.86
-49.02
-50.12
-45.38
-37.38
-29.76
18
25.72
34.28
47.56
56.76
49.06
35.94
24.12
14.42
4.22
0.9
6.6
9.86
6.2
3.82
3.42
1.12
0.46
1.04
-3.64
-13.36
-24.2
-35.24
-42.36
-42.46
-36.32
-28.76
-22.76
24.48
32.46
45.44
58.64
59.34
44.9
26.3
8.3
-4.1
-12.18
-13.28
-5.14
-0.82
-3.78
-4.9
-4.1
-5.5
-3.18
1.48
1.64
-3.42
-11.14
-20.76
-27.6
-28.28
-23.42
-18.26
-15.04