-1.25
-1.375
-1.5
-1.375
-1.5
-1
-0.875
-0.375
0
-0.25
-0.25
-0.5
-0.125
0.75
2.25
3.75
5.75
6.5
5.375
4
2.25
1.25
2.5
3.125
2.875
2.75
1.375
-0.75
-5.375
-15.25
-5.125
6.875
20.25
37.25
0.75
0.625
0.375
0.25
0
0.25
-0.125
-0.25
-0.5
-0.75
-0.625
-0.125
1.125
2.625
3.625
2.625
1.5
0.75
1.375
2.375
3.25
3.125
3.125
3.125
2.5
2.25
0.375
-2
-5.375
-15.125
-6.625
7.375
24.875
48.875
0.75
1
1
0.875
0.5
0
-0.375
-0.5
-0.875
-0.5
0.5
3.25
7.75
12
13.875
12.625
9.625
8
9.875
12
13
11.625
8.375
12.25
9.75
6.625
3.75
-5
-6.25
-12.75
-8.5
5.25
18.125
39.125
-0.125
0.5
1
1.125
1.25
0.5
0.125
0.375
1.5
6.375
11.5
17.75
22.625
23.5
23.25
21.375
19.75
20
21.875
24.375
25.875
23.5
21.25
17.75
10.75
4
-2.75
-7.125
-6.875
-10.125
-9.5
-3.25
-4
2.125
-0.5
0.125
0.875
1.25
1.375
0.75
2.25
5.75
12.25
20
23.5
23.375
17
8.125
1.375
-3
-4.125
-3.375
-2.125
0.75
5.625
10
17.75
5.375
-4.125
-11.375
-20.375
-9.875
-4.625
-5.875
-13.875
-19.875
-30.875
-40.75
-0.75
-0.5
0
0.5
0.5
2.75
9
16
22.375
20.125
11.625
0
-12.125
-18.375
-22.125
-23
-23
-22.875
-23.75
-24.5
-23.5
-18.375
-13
-31.375
-46.25
-50.375
-48
-22.875
-3.375
-2.125
-26
-45
-59
-71.875
-0.875
-1
-1
-0.5
2.625
9.75
15.5
17.375
11.875
-1.25
-11.5
-18.25
-18.75
-15.625
-13.5
-11.25
-10.5
-10.25
-11.625
-14.25
-18.375
-22.125
-31.125
-54.75
-79.125
-79
-61.875
-32.125
-1.625
1
-28
-49.375
-57.75
-60.75
-0.375
-0.875
-0.875
1.75
8.75
13.625
11.75
4.25
-8.5
-16.25
-16
-12.25
-6.375
-3.5
-2
-1
-0.75
-0.625
-0.75
-1.625
-4.25
-9.75
-18.875
-36.125
-59
-57.75
-41.25
-19.625
5.625
7.375
-10.5
-22.75
-25
-23.125
0.5
-0.125
1.375
7.125
11.25
8.375
1.5
-8.625
-15
-12.125
-7.125
-2.875
-0.75
-0.75
-0.5
-0.25
0.125
0.125
0.375
0.125
-0.625
-2.25
-4.625
-11.25
-23.75
-27.375
-20.125
-6.5
8.75
13.125
6.375
-2.625
-6.25
-6.375
2.375
2
5.375
9.375
7
1.5
-5.125
-8.75
-4.125
1.5
3.875
3.25
0.75
-0.125
0
-0.125
0.125
0
0.125
0
-0.5
-0.75
-1.25
-2.75
-7.25
-14.5
-17.375
-9.5
1.75
9.75
12.25
4
-4.25
-6.125
5.5
6.25
9.75
8.25
3.125
-1.375
-4.5
4.125
17.5
24
23.25
14.875
5.875
1.375
-0.125
-0.5
-0.75
-0.75
-0.75
-0.625
-0.75
-0.875
-0.75
-0.875
-1.75
-6.25
-14
-15.5
-7.625
0.75
8.375
8.75
0.125
-4.75
4.5
8.75
11.25
7
2.375
-2.625
0.125
15.875
31
40.75
40.125
29.875
17.875
7.875
2
-0.125
-0.625
-0.375
-0.625
-0.625
-0.375
-0.375
-0.25
-0.25
-0.5
-1.625
-5.625
-12.625
-11
-2.625
2.375
8.625
5.625
-2.125
-2.25
4.875
5.5
2.75
0.625
-4.875
-0.375
7.875
16.375
26.625
32.5
34.625
29.125
18.375
8.875
2.375
0.25
0.375
-0.125
-0.125
0.375
0.5
0.625
0.625
0.125
-0.125
-1
-6
-8.625
-1.75
2
6.375
8.125
2.25
7.375
11.375
6.875
2.5
-0.875
-5.25
-5.75
-11.25
-13.5
-7.625
6
23.625
32.75
29.875
20.5
10
2.75
0.125
0
0.75
4.125
7.125
7.25
6.625
3.375
0.5
0
-2.5
-6.625
-3.5
1.625
6.5
14.25
19.75
58.875
44.375
24.875
8.625
-2.625
-3.75
-6.375
-16.75
-27.625
-30
-19.375
0.5
21.875
33.625
31.375
22.5
11.75
2.875
0.375
1.25
8.125
16.5
19.5
18.375
11.625
3.5
0.375
-0.75
-4.875
-5.125
6.375
26.75
50.625
73.5
47.375
30
14
1.75
-6
-3
-2.875
-9
-19.875
-30.875
-32.375
-22.75
-3.375
19.25
32.125
32.75
25.125
13.5
4.25
1.25
6.625
16.75
25.5
26.5
20.75
10.875
2.125
0.125
-2.625
-4.25
11.5
41.125
72.5
98.25
5.125
2.125
0.5
-2.875
-5
-1.75
-1.125
-3.125
-8.375
-19.875
-30.5
-32.875
-25.125
-6.25
17.125
31.5
33.25
26.625
14.625
4.75
3
9.125
18.625
22.5
20.625
13.875
4.125
0.25
-1.375
-3.125
2.375
14.375
27.625
37.125
86.25
60.75
34.625
11
-1.5
-0.875
-1.375
-2
-3.5
-8.625
-18.75
-29.5
-33.125
-26.625
-9
13.625
29.25
32.75
26.625
15.25
4.625
2.5
7.625
10.875
11.75
9.25
3.25
0.125
-0.875
-2.375
-5.375
-8.625
-17
-22.125
125.25
85.125
46.25
14.875
0.125
-0.75
-1
-1.25
-1.5
-2.5
-7.25
-17.625
-28.5
-33.5
-29.125
-12.375
10.75
27.875
33.375
28.25
15.875
5
2.875
3.625
4.75
4.875
2.125
0.5
0.125
-0.75
-3.125
-8.875
-20.25
-25.25
54.75
39.25
24.75
9.75
2
0
0
-0.375
-0.625
-0.5
-1.75
-5.875
-15.75
-27.625
-33.375
-30.25
-14.75
8.875
27.25
33.25
29
17.375
7.25
4
3
3.375
2.375
1
1.25
1.5
0.375
-4.5
-1.5
2.625
15.125
16.625
16
12.375
4.375
0.875
0.375
-0.125
-0.5
-0.25
-0.25
-1.125
-4.875
-14.5
-25.375
-32.375
-31.375
-17.875
3.875
22.25
29.75
26.5
16.625
8
3.375
3
2.5
0.75
1.25
2.875
3.375
1.25
10.75
16.125
13.875
18.75
19.125
18
6.625
1.875
0.875
0.5
0.25
0.25
0.375
0.125
-0.25
-3.5
-12.375
-23.125
-31.875
-33.25
-21.125
-0.125
15.125
20.625
17.75
9.875
3.625
2.75
2.5
0.5
1.25
3.875
6.625
6.25
7.75
6.625
17.125
25.875
27.125
24.625
11.125
2.75
0.75
0.75
0.875
0.875
1
1.125
1.25
1.625
-0.875
-8
-17.75
-26.125
-26.5
-15.625
-2.875
5.5
8.25
6.375
3
2.25
2.125
0.25
2.125
5.5
10.875
11.875
9.375
5.5
13.5
29.375
35.375
33.5
22.75
7
0.375
0.125
0.25
0.125
0.375
2.5
7.875
15.5
22.875
26.375
22.625
14.125
4.875
-0.25
-1.5
-0.5
1.375
2.625
2.5
2.125
1.75
0.5
4.5
10.625
18.625
22.25
20
13.5
5.25
25.5
38.75
39.875
35.875
15.75
2.375
0.375
-0.25
-0.5
-0.5
2.125
10.25
22.375
36.25
47.75
52
47.5
36.25
21.5
8.625
0.25
-3.75
-3
-1.875
-1.25
0.375
2.125
8.5
18.25
25.25
30
25
14.625
1.125
21.625
41.875
47.875
47.875
27.5
7.375
1.375
0.125
0
-0.25
-1.375
-3.25
-3
1.75
7
12.25
12.625
5.375
-4.75
-14.25
-21.75
-26.875
-25.75
-19.75
-13.125
-4.5
5
13.875
24.625
27.625
27.75
20
11.625
1.125
18
43.625
60
62.25
45.625
20
3.5
0.25
0
-0.25
-2.875
-10.5
-21.375
-30.75
-38.5
-42
-42.375
-44.75
-46.75
-48.625
-50.5
-51.375
-47.375
-35.125
-22
-5.875
12
26.125
39
41.25
36.75
27
17.375
0.75
8.625
30
57
67.5
61.75
41.125
14.375
2.875
0.75
0
-1.375
-4.875
-12.625
-25
-36
-44.25
-47.5
-45.625
-43.625
-42
-40.375
-38.375
-33.625
-23.875
-12
5.5
26.5
43.625
51
45.25
29.75
10.5
-7.625
-0.375
1.625
13.25
39.5
63.125
72.625
64.5
39.625
15.625
4.375
1.25
0
-1
-3.125
-8.75
-13.625
-17.375
-19.375
-17.375
-15.625
-14.125
-12.5
-11
-8.125
-2.5
8.125
22.625
37.875
39.625
23
-3.875
-35.875
-59.75
-73.125
-3.125
-1.875
4.125
23
53.25
79
86.875
73.75
46
19.75
6.625
1.75
-0.375
-0.375
-0.625
-1.125
-1.375
-1.625
-1.75
-1.75
-1.75
-0.875
0.375
4.625
12.625
20
23.375
17.25
-7.125
-38.625
-67.375
-88.5
-93.625
-88.375
-9
-8.125
-4.875
6.125
31.625
65.5
92.75
99.5
83.375
53
24.875
9.625
2.625
0.875
1
0.75
0.625
0.625
0.25
0.125
0.75
4
8
16.125
21.625
17.25
4.875
-19.125
-44
-61.375
-67.25
-62.25
-51.5
-38.875
-20.75
-21
-20.875
-18.5
-7.5
14.5
43.125
67.125
71.25
63.125
44.75
27.75
20.25
13.125
8.5
5
3.625
3.375
4.875
7.5
12.875
19
23.875
25.625
18
6.75
-8.25
-24.125
-30
-32.125
-28
-18.625
-11.375
-5
-89
-90.875
-92.625
-94.5
-97.875
-98.25
-87.625
-61
-31.75
2.375
33.5
49.375
59.25
56.625
45.25
33.125
25.125
21.125
22.75
29.125
36.625
39.5
36.75
23
7.5
-1
-8.875
-14.125
-17.75
-20.375
-19.25
-11.875
-3.75
1.375
-170.25
-167
-163.5
-160.25
-163.75
-169.125
-165.625
-145.375
-103.75
-52.125
9.375
59.875
89
103
94.125
73.875
53.875
37.875
33.375
39.375
42.375
38.875
26.5
7.75
-1.875
-4.25
-6.5
-12.875
-21.375
-26.125
-21.875
-8.625
5.75
17.125
1.25
0.125
-0.5
0.875
2
1.5
0.375
-0.375
0
0.5
0.75
0.5
0.125
1.75
4.75
6.25
4.25
-1.25
-5.875
-3.75
3
9.5
15.25
80.125
162.125
57
-130.875
-135.5
-34.625
40.5
80.375
23.125
-61
-49.25
0.75
0.125
-0.125
0.75
1.25
1.25
1.125
0.25
0
0
0.625
1.375
1.625
3.625
5.375
4.625
2.75
-1
-4.875
-3.375
2.5
9.375
16.375
84.875
164.75
51
-135.875
-136.75
-38.875
29.625
83.875
55.625
-35.375
-46.625
0.75
0.25
0
0.625
1
1.25
1.125
0
-0.375
0.25
2.25
4.25
6
8
7.375
3.625
0.875
-0.5
-2.625
-3
-0.25
5.625
14.125
86.5
165
44.625
-141.25
-138.25
-41
21
84.75
82.75
-13.375
-44.625
1.125
0.75
0.25
0.375
0.75
1
0.375
-0.125
1.75
5.875
8.75
7.5
6.375
6
3.75
0.125
-1.25
0.25
1.125
1.375
2.375
4.5
11.75
84
158.25
37.25
-145
-138.375
-39.625
15.125
80.75
99.5
4.75
-43.625
1.75
1.875
0.625
0
0.375
0.5
1.75
5.25
8.5
9.25
6
2.375
3
3.375
0.875
-2.25
-2.375
0.375
2.875
4.25
5.125
7.25
16.25
80.875
142.375
27.875
-140.875
-131.625
-35.625
10.625
67.875
97.125
13.125
-46
1.75
2.5
1.5
0.25
0.25
2.75
8.25
11.25
8.625
4.625
1.125
0
1.375
0.875
-0.625
-1.5
-1.25
0.625
2.5
3.75
5.25
7.375
14.75
62.375
111.5
26.125
-113.5
-110.875
-30.625
5.375
46.5
73.25
11.5
-38.875
1.875
2.75
1.75
0.75
3.375
9.5
12.5
8.875
4.125
1.25
-1.75
-3.25
-3
-3.625
-3.5
-2
-0.5
0.75
1.875
4
7.125
8.875
13.625
42
75.125
25.75
-72.625
-81.125
-27.875
-2.75
24.5
46.125
9.75
-27.25
1.375
2.625
2.125
3.75
9.75
13.375
10.25
4.5
-0.25
-5
-8.25
-6.5
-3.375
-2.25
-1.5
-0.5
0
0.125
0.5
1.625
4
7.5
11.875
22.875
41
25
-27
-44.125
-25.625
-13.625
2.75
19.25
7.75
-12.125
0.5
2.125
3.875
9.125
14.75
12.625
4.25
-3.625
-7.75
-8.375
-5.375
-1.375
-0.25
-0.75
-0.75
0
0.375
0.125
0.125
0.625
1.125
2
2.875
7.25
18.75
20.125
4.625
-7.75
-16
-23.375
-16.125
0.625
8
3.125
-0.625
1.75
6.625
14.625
16.5
6.5
-5.625
-8.25
-3.625
-2.5
-4.375
-3.25
-0.75
-0.125
-0.5
-0.125
0.375
0.25
0.125
0.5
0.25
-0.25
0.25
2.25
6.5
12.25
15.125
11.75
-1.75
-23.25
-26.75
-7
6.25
3.625
-1.5
2.25
11
18.25
10.875
-4.875
-9.25
2.375
11.25
2
-10.75
-11.625
-5.875
-1.875
-0.875
-0.25
0.5
0.5
0.25
0.375
0
-0.375
0
0.625
1.5
5.25
13.25
18.75
10.625
-14
-29.125
-16.5
0.125
3
-1.5
6.75
17.25
15.25
-1.375
-11.625
-2.125
18.125
24.75
6.25
-15.625
-21.125
-14.875
-7.625
-3
-0.625
0.375
0.625
0.125
-0.125
-0.125
-0.125
0
0.25
0.5
1.125
5.875
16.875
21.25
0.875
-25.875
-25.625
-7.875
1.375
-0.25
12.125
21.75
8.25
-11.375
-12.125
4.375
27.875
36.375
15.125
-14
-25.875
-23.375
-17.375
-9.625
-2.625
0
0.625
0.375
-0.125
0.375
0.5
-0.125
-0.125
0.125
-0.125
1.25
9
21.375
16.25
-13.25
-30.625
-17.875
-0.5
4.375
15.625
17.625
-4.25
-18.375
-9.5
7.75
28.5
38
24.375
-0.25
-18.875
-25.75
-25.625
-20.25
-10.5
-2.75
0.375
0.5
0.5
3.875
5.875
-0.75
-6.125
-2.875
0
0.75
4
14.375
22.75
2.625
-26.25
-20.5
4.5
-1.625
1.375
-3.125
-18.875
-18.875
-5
7.125
20.5
29.125
28
17.625
-0.25
-17.125
-26.125
-26.625
-21
-11.25
-2.625
-0.125
1
9.125
15.25
2.75
-12.875
-11.125
-3
0.125
1.75
9.625
23.375
20.375
2.25
-1.125
9.25
1.125
-1.5
-13
-24.25
-15.5
-2
3.125
9
17.875
25.625
26.875
19.25
2.875
-15.5
-25.625
-27
-22.125
-12.25
-3.75
1.5
14.625
26.75
10.5
-17.75
-22.75
-10.125
-1.375
0.375
5.125
21
34.25
30.875
21.5
17.75
-0.875
-23.875
-42.5
-34.375
-12.5
-0.75
0.875
1.875
6.875
16.625
26
28.625
21.125
4.75
-13.125
-25.25
-28.25
-22.875
-13.125
-2.25
18.25
38.125
20.625
-20.5
-34.875
-18.875
-3.875
-0.25
2.875
17.625
42.125
57.375
46.625
23.625
-22.25
-61
-74.625
-42.75
-10
-0.125
0.875
0
1
6.125
16
26
28.375
22.625
8.5
-11.375
-25
-28
-24.375
-12.5
15.625
43.5
31.375
-16.375
-44.25
-28.75
-7
-0.875
1.875
15.375
47.125
75.625
58
16.625
-30
-84.375
-97
-49.125
-9.625
-0.5
0.75
-0.25
-0.75
0.75
5.75
16.375
25.5
27.75
24.125
10.625
-9.5
-23.375
-27.875
-23.25
3.875
40.25
37.625
-10.625
-48
-36.125
-9.875
-1
1.375
13.75
44.125
70.625
52.75
16.75
-45.75
-120
-132.75
-63
-10.75
-1.5
-0.25
-0.125
-0.625
-0.5
1.25
6.375
14.75
23.375
28.625
25.5
11.75
-6.625
-21.75
-27
-7.25
29.375
35.5
-7.25
-48.5
-40.125
-11.875
-1
1.5
13.5
42.125
65.25
49.5
20.625
-54.125
-133.375
-151
-74.625
-13.375
-2.125
-0.625
-0.125
-0.75
-0.75
0.25
1.875
5.125
13
23.375
28.625
25.125
13.375
-4.625
-19.5
-11
17.5
26.375
-7.75
-48.125
-42.75
-13.25
-1
1.5
14.625
42.875
60
44.25
25.875
-41.875
-125.75
-161.375
-87.5
-17.375
-2.875
-1.375
-0.5
-0.75
-0.5
0.375
0.875
1
3.5
12.625
23.125
26.875
24.75
15.875
-0.875
-6.875
8.125
16
-10.125
-47.375
-45
-14.75
-0.75
2
17.125
46.125
58
44.75
35.375
-28.875
-107.875
-165.375
-105.625
-26.625
-4.5
-1.75
-0.75
-0.375
-0.125
0.25
0.625
0.75
1.375
5.125
12.75
20.5
25.625
26.5
18.875
7.375
4.5
6
-12.375
-46.25
-47.25
-16.875
-0.75
3.875
21.75
51.375
57.625
41.625
36.75
-17
-87.125
-159.125
-122.75
-44.75
-10.25
-2.125
-1.375
-0.75
0.125
0.625
2.5
7.625
11.25
8.875
6.625
10.875
18.875
24.875
23.75
14
4
0.625
-13.625
-45
-49.125
-19
-0.5
7.75
30.375
59.875
58.75
33.5
26.25
-8.5
-65.25
-142.25
-135.125
-68.625
-21
-3.625
-1.625
-1
0
0.75
3.375
11.25
19.375
18.5
10.5
6
9.5
16.5
19.5
13.375
3.75
-1.25
-14
-42.375
-48
-19.375
1.375
14.5
41
66.25
56.5
25
16.125
-3.625
-41.625
-109.875
-137.875
-100.625
-42
-9.125
-2.625
-1.125
0
0.75
3.625
12
21.5
24.5
17.25
5.5
1.625
5.625
9.25
7.25
1.25
-2.375
-11.75
-33.75
-38.875
-15.75
5.75
25.625
53.875
69.875
50
17.25
10.125
-2.625
-23.75
-72.125
-120.25
-123
-74.375
-25
-5.75
-2
-0.25
1
3.375
11.5
21.125
24
17
5
-1.125
-1
-0.25
-0.625
-1.5
-2.375
-8.875
-23.125
-26
-7.125
16.75
42.375
68.75
70.25
38.25
6.5
-0.375
-1.5
-10.875
-42
-94
-125
-101.5
-51.625
-16.625
-4.125
-1
0.5
1.125
4.375
11.125
17
14.25
4.25
-1.25
-1.375
-1.375
-1.75
-1.875
-2.375
-5.875
-12.125
-10.5
7.25
34
59.125
69.75
51.75
16
-7
-9.375
-0.625
-2.625
-18
-61.5
-108.625
-114.375
-80.25
-40.875
-15.375
-3.875
-0.5
-0.25
0.5
3.125
7
7.375
2.125
-1.125
-0.875
-0.875
-1.375
-1.5
-1.25
-1.375
0.5
8.125
23.625
46.375
60.625
51.25
23.625
-5.375
-17
-13.375
0.125
-0.375
-7.125
-31.25
-73.25
-103.5
-96.125
-67.25
-38.75
-18
-7.125
-2
0.125
0.875
0.875
0.375
0.375
0.625
0.75
0.5
-0.25
0.375
1.875
4.125
10.375
16.5
24.875
42.75
49.125
29.625
3.125
-15
-19.375
-15.625
0.75
0.875
-1.625
-12.875
-38.625
-70.5
-87.75
-83.75
-66.125
-42.75
-22.625
-9.125
-1.875
0.125
0
-0.25
0.125
0.625
0.75
0.625
0.75
4
7
9.625
14.375
14.5
18.125
33.375
34.25
7.125
-16.75
-21
-16.75
-11.625
0.25
0
-0.125
-4.25
-17.75
-41.5
-67.375
-81.875
-80.25
-61.375
-31.5
-12
-7
-5.875
-4
-1.75
-0.375
0.625
2.375
4.5
6.125
8.75
8.625
7.875
10
9.25
9.75
16.375
12
-7.875
-18
-13.875
-7.875
-3
-3.25
0.625
2.875
-2
-11.875
-25.75
-43.125
-57.25
-64.25
-52.375
-17.75
4.125
-3.25
-14.625
-14.25
-9.125
-6.125
-2.625
4.25
11.375
11.625
7.5
3.5
1.75
2.25
-0.5
-2.875
-1.125
-2.5
-6.875
-4.75
0.625
2.5
3.375
-1
6.5
7.75
-1.5
-12.5
-20.125
-23.875
-26.875
-33.75
-27.125
8.625
30.375
8
-19.75
-25.625
-25.125
-23.875
-13.625
6.625
24.375
18.875
-0.125
-9
-7.75
-6.625
-6
-4.5
-7.875
-10.375
-4.875
5.875
14.125
12.5
8.375
0
-0.166667
-0.555556
-0.444444
-0.666667
-0.722222
-1
-0.722222
-0.166667
1
3.22222
5.77778
8.11111
9.22222
10.4444
11.3889
11.7778
10.8333
10.0556
9.77778
9.77778
9.88889
7.38889
5.44444
3.5
1
-3.55556
-14.6667
-7.72222
4.16667
15.4444
28.1667
0.777778
0.833333
0.888889
0.833333
0.444444
0.277778
0.555556
2.44444
4.5
7.72222
11.3889
14.6667
16.4444
15.8889
15.2222
14.6667
14.9444
15.1111
15.9444
16.4444
17.5556
19
14.8889
9.77778
5.33333
2.16667
-2.33333
-14.4444
-11.1667
0
9.27778
18.7222
0.777778
0.944444
1.22222
1
1.44444
2.66667
5.22222
8.83333
11.7778
15.6667
18.1667
19.2222
18.4444
16.5
15.0556
13.9444
14.1111
15.1667
16.7222
17.6667
20.2778
16.5
10.4444
4
-1.27778
-4.61111
-9.66667
-14.9444
-15.3889
-9.11111
-8.33333
-8.66667
0.111111
0.444444
1
2.11111
4.83333
8
12
15.5556
18.1111
19.1667
16.7778
12.6111
7.33333
2.88889
-0.722222
-3.16667
-3.66667
-1.88889
0.944444
3.38889
6.88889
-2.61111
-11.6667
-16.8889
-19.4444
-21.1111
-24.1111
-19.2778
-21.6667
-23.7222
-30.6111
-40.0556
-0.388889
-0.0555556
1.5
4.66667
8.83333
12.6667
15.8889
16.1111
14.1667
9.38889
2.66667
-4.33333
-10.3889
-13.1667
-15
-15.8333
-16.4444
-16.1667
-15.7778
-14.6111
-14.0556
-31.8333
-46.8889
-48.8333
-45.1667
-43.2778
-41.5556
-25.2222
-25
-34
-46.5556
-59.5556
-0.777778
0.444444
3.61111
8.05556
11.5556
13
12.0556
8.22222
3.11111
-3.88889
-9.83333
-14.1667
-16
-15.8889
-16.3889
-16.3889
-16.8889
-17.3889
-18.7222
-20.2778
-25.1667
-45.2222
-66.5
-68.3889
-60.2222
-54.3889
-47.1667
-27.7222
-22
-32.0556
-44.3333
-53.9444
0.333333
2.88889
6.94444
9.61111
9.38889
7.5
3.72222
-1.94444
-8.33333
-13.1667
-14.2778
-13.6111
-11.5556
-9.66667
-8.44444
-7.55556
-7.55556
-8.5
-10.8889
-14.2778
-20.5
-36.7778
-57.6111
-60.6667
-52.1667
-43.8333
-35.9444
-20.7778
-10.4444
-15.1667
-24.9444
-32.5
2.88889
6.27778
8.5
7.5
5.05556
2.66667
-1.05556
-6.11111
-9.38889
-8.94444
-6.55556
-4.5
-2.77778
-1.83333
-1.05556
-0.722222
-0.5
-0.833333
-2.11111
-4.72222
-9.22222
-18.4444
-33.2778
-38.6111
-34.5556
-26.8889
-19.5556
-11.2778
-1.66667
-0.944444
-5.77778
-11.8889
7.66667
9.55556
8.05556
4.72222
2.55556
3.05556
2.5
1.5
2.55556
5.27778
7
5.33333
2.22222
0.166667
-0.166667
-0.222222
-0.166667
-0.333333
-0.666667
-1.5
-2.61111
-5.83333
-12.5556
-18.0556
-19.3889
-15.0556
-9.33333
-4.83333
0.944444
4.77778
4.83333
0.222222
10.4444
9.5
5.77778
2.94444
3.94444
7.77778
11.5
16.3889
21.5556
24.6667
22.8889
16.1667
8.33333
3
0.5
-0.333333
-0.611111
-0.777778
-0.833333
-0.722222
-0.944444
-1.77778
-3.88889
-7.88889
-12.4444
-13.1667
-8.16667
-3.61111
-1.38889
1.33333
4.33333
4.16667
9.44444
6.83333
3.66667
2.66667
4.94444
8.27778
14.7778
25.0556
33.3333
36.9444
34.4444
26.7222
17.6111
9.44444
3.72222
0.777778
-0.444444
-0.444444
-0.333333
-0.166667
-0.166667
-0.388889
-0.722222
-2.77778
-7
-11.3333
-9.61111
-3.61111
-1.83333
-0.722222
1.94444
6.16667
9.5
6.38889
4.5
3.33333
2.77778
0.666667
6.16667
17.3333
26.6111
32.9444
34.2778
32.5556
27.2222
18.8889
10.6667
4.38889
0.888889
0
1.33333
2.77778
2.88889
2.83333
2.88889
2.27778
-1.27778
-7.16667
-8.55556
-3.11111
-0.277778
0.777778
3.66667
11.8333
25.3333
17.6111
10.9444
4.16667
-3.22222
-10.2778
-9.44444
-3.55556
4.38889
12.8333
21.1667
28.9444
31.7222
27.8889
20.1667
11.8889
5.38889
2.16667
4.27778
7.94444
9.38889
9.5
9.55556
8.94444
5.05556
-1.83333
-6.77778
-3.44444
3.55556
11.7778
20.6667
34.7778
27.6667
19.5556
11.8333
3.5
-6.61111
-14.9444
-19.5
-21.1667
-18
-10.3889
1.5
16.5556
28.0556
32.2778
29.2222
21.8333
13.4444
6.77778
7.88889
13.2778
17
17.7778
17.8889
17.2778
11.8889
3.66667
-3.66667
-3.77778
5.72222
20.9444
37.2778
56.1111
40.3889
28.1111
15.6111
3
-7.77778
-12.2778
-18.6667
-26.3889
-29.4444
-27
-17.3889
-2.22222
14.2222
26.8889
31.8889
30
23.4444
15.2222
12.1667
15.5
20.6667
22.1667
22.3333
21.8889
17.1111
8.55556
-1.05556
-3.72222
6.88889
26.7222
46.3333
64.3333
39.5556
27.2778
14.4444
2.66667
-5.16667
-6.38889
-11.3889
-20.0556
-27.7778
-31.6111
-28.8333
-19.1111
-4.05556
12.8333
25.7778
31.7222
30.5
24.3333
18.1111
16.5
19.2778
20.0556
20
19.8889
17.1667
10.6667
1.44444
-2.88889
2.16667
13.2222
22.4444
30.7222
75.3889
52.4444
29.1111
7.77778
-3
-2.83333
-5.33333
-11.3889
-19.6111
-27.7778
-32.0556
-30.3333
-21.4444
-6.77778
10.0556
23.9444
31.0556
30.8333
25.3889
20
17.8333
15.1667
13.1667
12.8333
12.3333
9.16667
2.38889
-1.66667
-1.05556
1.77778
1.27778
1.22222
79.3889
54.7222
30.7222
9.94444
-0.388889
-1.11111
-2.05556
-4.77778
-10.1667
-18.2222
-26.5
-31.6667
-30.8889
-23.0556
-8.88889
7.94444
22.0556
29.7778
30.1111
25.8333
20.8333
14.6111
9.27778
7.11111
7.05556
6.27778
2.66667
-0.222222
-2.5
-7.16667
-12.5556
-15.0556
68.0556
48.8333
30.6667
12.6667
1.77778
-0.166667
-0.722222
-1.61111
-3.94444
-8.88889
-17
-25.7778
-31.2222
-31.5
-24.7222
-11.1667
5.77778
20.1111
27.7222
28.8333
26.1111
19.6667
11.1111
5.88889
4.33333
4.27778
2.83333
1.55556
0.666667
-3.22222
-2.77778
-1.11111
34.8889
27.5
21
13.6111
4.16667
0.833333
0.277778
-0.0555556
-0.722222
-2.72222
-7.44444
-15.3333
-23.8333
-30.1667
-31.6111
-26.1111
-13.3889
2.61111
14.9444
21.7778
24.6111
23.0556
15.1667
7.27778
3.77778
3.44444
3.11111
2.94444
3.88889
1.22222
5.16667
8.88889
23.2222
22.7778
22.1667
19
7.66667
1.77778
0.777778
0.611111
0.333333
-0.0555556
-1.5
-5.55556
-12.7222
-20.9444
-27.5
-29.3889
-24.1111
-12.2222
-0.555556
8.27778
15.2778
19.5
15.7778
8.11111
3.61111
3
3.72222
4.38889
7.38889
6.88889
10.7222
13.4444
27.5556
27.7778
27.4444
25.7778
14.2222
4.27778
0.888889
0.833333
0.722222
1.33333
3.77778
5.83333
4.94444
1.38889
-3.27778
-7.61111
-9.66667
-6.94444
-2.94444
1.05556
5.83333
11.2778
11.1111
6.27778
3
2.66667
4.88889
7.16667
12.3333
14.2222
16
16.1111
34.0556
34.9444
34.5556
32.9444
23.3889
8.61111
1.38889
0.555556
0.555556
1.66667
5.38889
11.3889
16.8889
20.3333
21.1111
19.1667
14.7222
10.2222
5.83333
2.22222
0.777778
2.55556
3.44444
1.77778
0.666667
1.66667
6.5
11.5
17.7778
21.6111
22.4444
20.9444
39.1667
42.0556
42.3333
41.5
36.2222
17.4444
3.44444
0.555556
0.0555556
1.11111
4.77778
11
19.3333
26.4444
31.2778
31.8889
27.2778
18.6111
7.77778
-2.27778
-10.4444
-13.5
-12.5
-10.2222
-7.22222
-1.83333
8
17.9444
24.2222
29.6111
30.8889
28.8889
40.6111
49.3333
50.8889
50.7778
48.3333
29.7778
10.5556
1.77778
0.0555556
-0.722222
-1.72222
-1.5
0.833333
2.77778
3.55556
2.55556
-0.777778
-7.11111
-15.7222
-24.2778
-32
-34.6667
-30.6667
-24.6667
-16.5556
-4.5
12.3333
27.5
33.5
38.9444
39.2778
35
38.1667
54.1111
60.1111
61.1111
60.3333
45.1667
23.1111
7.16667
1.05556
-1.27778
-5.05556
-10.2778
-15.0556
-20.2778
-25.6667
-30.7222
-35.0556
-39.1111
-43.7778
-48
-51.7778
-51.3333
-43.8333
-33.5556
-19.6667
-0.277778
21.6111
37.9444
41.8333
43.3889
38.9444
27.3333
27.9444
50.8333
64.0556
69.5
70.0556
61.7778
43.0556
20.2778
7.11111
0.388889
-4.94444
-11.8333
-20.7222
-29.4444
-37.8333
-44.6667
-49.0556
-50.7778
-50.1667
-49.3333
-48.3889
-44.6667
-35.6111
-23.7222
-7.5
12.8333
30.8889
39.5556
36.2778
28.1667
13.6667
-7.77778
15.3889
38.4444
60.5
74.1111
80.0556
78.6667
66.9444
44.2222
22.5556
8.88889
0.944444
-5.11111
-12.0556
-17.8333
-23.3333
-28.1111
-31.5
-32.7222
-31.5
-29.6667
-27.5556
-22.9444
-14.5556
-4.11111
8.05556
20.4444
25
18.2778
3.33333
-15.1667
-36.3333
-59.8333
1.77778
20.8889
46.7778
70.7222
86.3333
93.8889
91.1111
74.1667
49.5556
26.8333
11.7222
3.16667
-2.5
-5.44444
-7.44444
-9.38889
-10.8333
-11.3889
-10.1111
-7.66667
-5
0.5
7.16667
13.3333
17.2778
16.4444
6.61111
-12.5
-34.1111
-54.8889
-73.3333
-87.5556
-13.7778
-3.05556
18.2778
43.8333
66.8889
82.7222
88.4444
84.2222
68
47.2222
27.9444
15.0556
9.38889
6.05556
3.83333
2.11111
2.05556
2.94444
5.22222
8.72222
12.6111
17.5556
20.6111
20.2222
14
1.22222
-16.5556
-37.4444
-55.1111
-67.6667
-73.8333
-72.9444
-66.9444
-63.4444
-52.8333
-33.7778
-10.9444
11.2222
27.3889
41.6111
50.5
51.2222
45.8889
38.8333
36.1111
31.6111
25.2778
19.4444
17.5556
18.7778
21.5
24.8333
28
29.5
26.2222
19.5
8.11111
-8.27778
-24.5
-37.8889
-45.2778
-48.5556
-46.2778
-37.5
-131.444
-131
-128.667
-120.444
-105.222
-83.1667
-58.7222
-28.3889
7.44444
39
59.1111
68.6667
73.6111
69.5
56.8333
43.5
37.6667
36.7778
37.4444
37.8889
38.7222
35.2222
26.2778
14.7778
1.61111
-13.5556
-26.2222
-31.5
-31.0556
-28.4444
-21.6667
-8.66667
0.666667
0.388889
0.888889
1.66667
1.44444
0.944444
-0.111111
0.277778
0.944444
2.66667
4.33333
6.22222
7.55556
7.33333
5.55556
2.05556
-1
-3.05556
-1.5
3.11111
11.2222
62.7778
122.5
135.333
30.9444
-98.1111
-141.556
-70.7778
31.9444
72.5
47.6667
-13.1667
1
0.722222
0.888889
1.27778
1.11111
1.16667
1
3.11111
5.16667
7.61111
7.5
7.22222
6.22222
5.33333
3.77778
1.44444
-0.277778
-1.33333
0.611111
4.11111
11.6667
61.7778
120.444
129.889
24.3333
-103.611
-144.556
-76.4444
29.9444
78.4444
66.9444
3.05556
1.55556
0.944444
0.888889
1
1.66667
3.22222
5.33333
7.61111
7.55556
6.33333
4.05556
3.88889
3.77778
3.61111
2.27778
0.722222
0.111111
-0.0555556
2.38889
6.22222
15.1667
61.3889
115.667
119.556
18.9444
-103.833
-141.111
-78.8333
25.3889
76.8889
74.7778
12.1111
2
1.33333
1
1.88889
4.38889
7.66667
9
8
4.88889
2.72222
1.77778
2.72222
2.77778
2
0.388889
-0.388889
0.333333
1.33333
3.72222
6.83333
14.5556
53.8333
101.333
103.889
16.6667
-92.7778
-126.333
-74.5
17.3333
65.3889
70.1667
18.9444
2.38889
1.83333
2.38889
5
8.5
10.2222
8.22222
5
1.83333
1.05556
1.11111
2.22222
1.72222
0.388889
-1.33333
-1.27778
0.444444
2.5
4.66667
6.72222
12.3889
44.7222
84
86.6111
14.3889
-76.2778
-106.111
-66.3333
7.55556
49.8889
59.2222
20.7778
2.66667
3.44444
5.72222
8.94444
10.7778
9.22222
5.61111
2.55556
0.777778
0.555556
0.388889
0.833333
0.222222
-0.444444
-1.05556
-0.611111
0.777778
2.38889
4.16667
5.72222
10.0556
32.8889
62.7222
65.1667
14.6667
-53.8333
-79.1667
-55.7222
-3
30.6111
41.6667
15.2778
3.33333
6
9.38889
11.8333
10.6111
6.83333
3.05556
1.16667
0
-1.05556
-2.5
-3.16667
-3.66667
-3
-1.88889
-0.444444
0.888889
2.38889
4.55556
6.61111
10.2778
23.5556
43.1667
44.2222
14.7222
-30.2778
-49.1667
-41
-12.3333
9.38889
21.1667
8.16667
4
8.72222
12.5
13.0556
9.27778
5.44444
2.83333
0.333333
-3.94444
-7.94444
-8.11111
-5.61111
-2.88889
-1.5
-0.722222
-0.0555556
0.388889
0.944444
2.11111
4.38889
7.66667
14.8889
25.5
27.1667
14.7778
-7.77778
-20.3333
-23.5
-17.4444
-9.72222
0.555556
1
5.22222
11.2222
14.3889
12.2778
7.11111
4.94444
4.05556
1.83333
-5.33333
-11.0556
-11.4444
-7.55556
-3.33333
-1.5
-0.388889
0.111111
0.5
0.555556
0.666667
1.27778
1.83333
4.72222
9.88889
14.7222
14.2778
8.61111
1.22222
-8.27778
-17.0556
-20.5556
-12.7222
-3.33333
8.33333
14.1667
14.5556
8.61111
3.38889
4.22222
8.94444
9.5
0.555556
-10.6667
-16.6667
-14.3889
-8.77778
-4.11111
-1.16667
0
0.5
0.333333
0.277778
0.166667
0.166667
1
3.11111
7.22222
11.2222
14.2778
12.2778
2.72222
-11.7222
-21.7778
-18.7778
-8.94444
11.7778
17.1667
12.7778
3.11111
-2.27778
3.94444
16.3333
20.8333
10.5556
-7.16667
-19.6667
-21.8333
-16.8333
-10.2222
-4.05556
-0.888889
0.555556
0.333333
0.444444
0.277778
0.166667
0.166667
0.5
2.66667
6.77778
13
16.3889
11.1667
-3.5
-18.9444
-23.0556
-15.1667
13.2778
14.6111
5.38889
-4.88889
-6.88889
5.11111
21.8333
29.3333
19.9444
0.722222
-16.5
-24.1111
-23.8889
-18.6667
-11.2222
-4.61111
-0.666667
0.555556
1.88889
3
2.44444
-0.166667
-2.77778
-1.94444
1.5
8.72222
15.7778
17.2222
5.72222
-11.6667
-21.7778
-14.7222
0.888889
-0.833333
-7.94444
-12.6111
-8
7.5
25.1111
33
25.7222
8.61111
-8.94444
-20.3889
-25.5
-25
-19.6111
-11.7778
-4.72222
-0.5
3.94444
7.83333
8.05556
1.61111
-6.11111
-8.05556
-4.5
2.83333
11.5556
18.7778
16.8889
7
-2.77778
-0.777778
0.222222
-5.77778
-14.5
-16.2778
-7.38889
9.05556
24.8333
31.5
27.4444
15.6111
1.72222
-10.7778
-20.5
-25.8333
-25.4444
-20.2778
-12.5556
-4.88889
4.77778
13.5
15.8889
5.66667
-8.66667
-15.3889
-11.2222
-2.66667
6.66667
16.8889
23.7222
24.2778
17.8333
16
-14.3889
-24.8889
-28.3889
-20.7778
-6.88889
7.16667
18.8889
25.2778
26.6667
22.1111
13.5
2.33333
-9.77778
-19.7778
-25.4444
-25.7778
-21
-12.5556
2.16667
17.2778
23.8889
11.0556
-10.1111
-22.7778
-18.8889
-7.77778
2.83333
14.9444
27.4444
38.3889
37.3333
33.1111
-44.4444
-54.7222
-45.5556
-25.3333
-7.38889
3.05556
10.1667
17.1667
23.4444
25.6111
22.8333
15.1111
3.94444
-8.38889
-19
-25.2778
-26.1667
-20.5556
-3.77778
17.8333
30.2778
16.5
-11
-30.1111
-26.7222
-13
-0.555556
12.4444
29.6111
49.4444
53
46.2778
-76.8333
-87.4444
-64.5556
-31
-7.33333
0.388889
3.44444
8.5
16.2778
23.6667
26.7222
24.2222
16.2222
5.22222
-7.38889
-17.8333
-24.6111
-24.6111
-10.1667
14.3333
32.8333
20.2778
-11.7222
-37.0556
-34.5556
-17.8333
-3.05556
10.5556
30.7222
58
68.1667
61.6667
-105.944
-115.722
-80.6111
-36.0556
-7.05556
-0.333333
0.5
2.44444
7.94444
16
23.6111
26.7778
24.8889
17.8333
7
-5.83333
-16.9444
-23
-13.4444
9.05556
30.8333
21.1667
-11.6111
-42.2222
-41.6111
-23.0556
-5.11111
9.55556
32.2778
64.2778
80.4444
73.1667
-119.944
-133.389
-93.2222
-42.1111
-8.22222
-0.944444
-0.5
-0.277778
2.27778
7.88889
16.1111
23.1111
26.8889
25.5
18.9444
7.61111
-5.11111
-15.1111
-11.3889
5.83333
25.7778
18
-13.2222
-45.2222
-46.4444
-26.9444
-6.94444
9.33333
31.4444
61.5556
77.1111
71.2222
-143.778
-162.833
-114.444
-52.9444
-10.7222
-1.83333
-1.05556
-0.722222
0.166667
2.72222
7.88889
15
22.3889
26.6111
25.9444
19.1111
8.61111
-2.94444
-4.61111
5.22222
20.1667
12.6111
-16.0556
-46.7222
-49
-29.2222
-8
10.1667
32.3333
60.4444
73.7222
67.3333
-151
-177.667
-130.5
-64.6667
-15.3333
-2.66667
-1.11111
-0.722222
-0.222222
0.611111
2.94444
7.55556
14.9444
22.5
27.0556
26.2778
20.3333
10.8889
5.44444
7.94444
15.5
6.83333
-19.5556
-47.7778
-50.7222
-30.8889
-8.38889
12.1667
35.7222
60.8889
71.8333
63.2222
-140
-177.889
-142.333
-79.2222
-24.3333
-5.83333
-1.66667
-0.944444
-0.166667
1.33333
4.33333
8.83333
14.7222
20.3889
25.1667
27.2778
26.2222
19.8333
12.5
8.27778
9.61111
0.277778
-23.3333
-48.8333
-52.3333
-32.1111
-7.77778
16.6111
42.6667
65.6667
74.3333
62
-122.944
-171.056
-151.333
-96.1667
-37.3889
-11.0556
-2.72222
-1.11111
-0.222222
1.66667
5.72222
11.6111
17.5556
21
22.7778
23.9444
25.3889
23.5556
18.2778
11.1111
6.22222
-5.44444
-27.3333
-49.1111
-52.1111
-31.4444
-5.05556
23.2778
51.1111
70.7222
73.7778
56.7222
-100.944
-156.833
-156.889
-116.611
-57.1111
-21.5556
-5.44444
-1.66667
-0.166667
1.77778
6
12.5556
19.3333
21.6667
20.3889
17.7778
18.8333
20.1667
18.6667
12.2778
4.66667
-7.61111
-26.6111
-43.8889
-45.8889
-25.9444
1.55556
33.2778
61.2222
75.7222
70
48.4444
-77.7222
-134.667
-153.556
-133.111
-82.1111
-38.8889
-12.8889
-3.11111
-0.388889
1.72222
5.94444
12.6111
19.5
20.8889
17.3333
11.6667
11.1111
13.3333
14.5
10.6111
4
-6.44444
-22
-35.4444
-35.7778
-15.7222
14.4444
48.2778
73.9444
79.3889
63.2778
36
-55.2778
-107.889
-141.444
-142
-105.889
-61.8333
-26.4444
-8.61111
-1.61111
1.27778
5.83333
12.5
19.3889
20.6111
16.2222
8.72222
5.38889
5.77778
7.11111
5.66667
1.88889
-5.11111
-16.5
-25.5556
-22.6667
-0.5
31.2778
62.2778
78.3889
71.2778
46.7222
18.1111
-35.3889
-78.1667
-119.278
-138.278
-122.389
-86.3333
-48.2778
-21.8333
-7.44444
-0.388889
5.16667
11.8333
18.6111
19.6667
15.3889
7.11111
2.05556
-0.444444
-0.277778
-0.777778
-1.38889
-4.44444
-10.0556
-12.9444
-5.61111
16.6111
43.4444
65.2222
68.1667
52.7222
25.1111
2.11111
-19.8333
-51.6667
-92.2778
-122.111
-124.5
-103.111
-71.2778
-43.1111
-22
-9.22222
-0.833333
5
11.0556
13.3889
11.7778
5.77778
1.38889
-1.16667
-1.27778
-1.33333
-1.22222
-1.05556
-1.33333
0.555556
7.94444
24.7778
44.5556
58.8333
54.3333
35.7222
9.88889
-6.05556
-7.77778
-28.5556
-63.3333
-97.6111
-113.556
-107.778
-88.4444
-66.2778
-44.1111
-25.3889
-11.1667
-2.72222
2.94444
5.22222
5.44444
2.61111
0.611111
-0.833333
-0.555556
0.666667
2.22222
5.61111
7.5
10.6667
15.0556
28.3333
43.5
52.3889
41.1111
19.3333
-3.22222
-12.5556
-3.22222
-14.6111
-39.3889
-71.2778
-96.7778
-104.056
-97.1111
-79.8889
-59.1111
-35.4444
-18.2778
-8.38889
-5.27778
-3.27778
-1.61111
-0.222222
1.38889
2.72222
4.66667
6.27778
7.5
8.44444
8.5
10.4444
15.1111
27.1111
37.8889
40.1111
24.7778
4.44444
-12.0556
-16.3889
-1.16667
-5.77778
-22.3889
-48.8889
-76.2778
-90.7778
-90.5
-74.6111
-51.1667
-24.2222
-8.33333
-5.16667
-10
-12.1667
-9.83333
-5.88889
-0.777778
4.55556
9.05556
9.94444
7.44444
5.16667
3.88889
6.83333
11.3333
20.0556
23.3889
19.6667
4.94444
-7.33333
-13.9444
-12.0556
4
2.33333
-9.88889
-29.4444
-53.2222
-68.6111
-74.5
-61.9444
-37
-5.88889
9.55556
5
-11.2778
-22.2778
-24.7222
-20.1667
-9.11111
5.33333
15.4444
13.7778
4.38889
-2
-2.38889
2.88889
5.83333
7.66667
3.55556
-1.27778
-6.27778
-4.44444
-0.555556
3.77778
0.15625
0.125
0.5
1.5
2.84375
4.625
6.21875
8.4375
10.7188
12.9063
13.9063
13.8438
13.3125
13
13.5938
13.6875
13.6875
13.4063
15
15.4375
13.0313
9.78125
6.375
3.09375
-1.0625
-10.5
-11.875
-5.78125
0.78125
7.03125
0.6875
1.28125
2.875
4.875
6.96875
9.03125
10.7813
12.9688
14.7813
15.8438
15.5
14.4375
13.0625
12.2813
12.3438
12.25
12.375
12.4063
13.5
8.46875
2.3125
-2.09375
-5.125
-7.96875
-11.1875
-19.4063
-26.1875
-20.8125
-16.1563
-14.0625
1.1875
2.875
5.34375
7.8125
10.3438
12.375
13.9063
15.0313
14.625
12.7188
9.78125
6.78125
3.46875
0.90625
-0.71875
-1.34375
-0.8125
0.125
1.6875
-8.125
-17.9375
-21.4063
-21.5313
-22.1563
-23.6875
-29.6563
-40.7813
-35.1875
-29.625
-31.6563
2.25
4.5625
7.5
10.125
12.1875
12.5
12.1563
10.5313
7.4375
3.40625
-1.0625
-5.03125
-8.75
-10.7813
-12.3438
-12.9688
-13.0938
-12.3438
-12.5
-26.8438
-41.5313
-44.375
-40.9063
-38.4063
-37.1875
-40.375
-53
-47.125
-38.75
-42.9375
4.03125
6.65625
8.75
9.8125
9.71875
8.5
7.03125
3.96875
-0.0625
-4.625
-8.1875
-10.4375
-11.5625
-11.9063
-12.7813
-13.3438
-14.1875
-15.0625
-18.5313
-35.75
-54.4688
-58.3125
-53.3438
-49
-46.3125
-46.875
-56.9375
-50.4688
-37.9375
-39.8438
6.46875
7.8125
7.75
7.28125
6.5625
5.15625
2.71875
-1.375
-5.71875
-9.09375
-10.6563
-11.5938
-12.125
-12.4063
-12.8125
-13.2188
-14.2188
-15.6875
-19.2813
-33.5313
-51
-54.75
-49.9688
-44.5
-40.4688
-39.5
-45.6563
-39.5313
-25.9063
-25.4688
8.46875
7.53125
6.375
6.5625
6.90625
5.90625
2.875
-1.21875
-3.75
-4.3125
-4.28125
-5.34375
-6.34375
-6.625
-6.5625
-6.71875
-7.84375
-9.5625
-13.1875
-23.1875
-37.1875
-41.875
-39.3125
-34.6875
-30.0313
-28
-30.75
-26.625
-15.4688
-12.5625
8.5
6.46875
5.6875
7.53125
9.84375
10.375
8.375
6.6875
6.8125
7.90625
7.96875
5.6875
2.96875
0.78125
-0.28125
-0.90625
-1.6875
-3.15625
-5.6875
-11.0313
-19.9063
-25
-25.8125
-23.2813
-18.9688
-16.0313
-16.3125
-14.3438
-7.4375
-3.3125
6.84375
4.5
4.625
8.46875
13.625
15.8125
16
17.25
19.125
20.7188
20
15.6563
9.75
4.84375
1.71875
-0.03125
-0.71875
-1.125
-1.6875
-3.40625
-7.21875
-10.875
-13.6563
-13.9688
-10.5625
-6.78125
-6
-5.5625
-3.25
-0.1875
7.40625
5.46875
6.03125
9.40625
13.8125
16.5938
19.875
24.5938
28.4063
30.2188
28.6563
24.0625
17.7188
11.2188
5.84375
2.28125
1.125
1.25
1.09375
0.71875
-0.5
-2.90625
-5.78125
-8.46875
-7.9375
-4.0625
-2.5
-2.375
-1.40625
2.59375
15.4063
11.375
8.5
6.375
6.09375
8.09375
14.3125
21.9375
27.1563
29.75
29.4688
27.8438
24.375
18.6563
12.0938
6.78125
4.90625
4.875
4.84375
4.78125
4.5625
3.40625
1.09375
-2.375
-4.90625
-2.71875
0.78125
5
9.3125
16.3438
15.3125
11.3438
6.1875
-0.46875
-5.3125
-5.375
1.375
9.6875
16.0313
20.375
23.7188
26.75
27.5
25.0625
19.6875
13.6875
11.125
11
10.8438
10.4063
10.375
10.2188
9.0625
5.5
0.03125
-0.90625
3.40625
11.3125
19.9375
30.4375
27.75
20.4063
10.375
-2.90625
-14.2188
-16.8438
-12.75
-6.5
0.125
6.53125
13
20.4063
26.1875
28.0313
26
21.5
19.1563
18.8438
18.375
16.75
15.9063
15.8438
15.5313
13.1563
6.0625
1.40625
5.25
16.75
29.3125
42.8125
43.5
30
14.1563
-3.5625
-17.7813
-22.5313
-22.5938
-20.6563
-15.9688
-9.0625
-0.4375
9.4375
18.7813
25.4063
27.7188
26.9063
26.0625
25.75
25.25
22.25
19.6563
18.6563
18.3438
17.0938
10.9688
4.28125
6.6875
19.5
32.375
44.9375
45.4688
31.4375
15.625
-1.625
-14.5938
-20.0625
-24.3125
-26.7813
-25.6875
-21.1563
-12.7813
-2.4375
8.03125
17.9063
24.875
28.0313
29.75
30.9375
30.6563
26.5
21.9063
18.9688
17.5938
16.8125
12.5313
6
4.6875
11.7188
19.5313
27.5938
66.9063
46.5
25.5938
5.03125
-8.625
-13.3438
-19.3125
-25.25
-28.2188
-27.5625
-22.7188
-14.4688
-4.125
6.5625
16.375
23.6875
28.4375
31.75
33.1875
29.3125
23.0313
17.9688
14.75
13.4063
11.0313
6.3125
3.03125
5.1875
8.46875
12.2813
67.5938
46.6563
26.5625
8.375
-3.0625
-6.875
-12
-18.75
-24.7188
-28.2188
-27.9375
-23.7188
-15.9063
-5.8125
4.6875
14.4688
21.9688
27.5313
31.5625
30.3125
24.5
18.0625
12.9688
9.9375
8.40625
6.21875
2.59375
-0.03125
-0.5
0.25
54.6875
39.75
25.6875
11.5625
1.15625
-2.09375
-5.59375
-10.8438
-17.3438
-23.6875
-27.5
-27.7813
-24.25
-17.0313
-7.03125
2.90625
11.4063
18.7813
24.9688
27.5938
24.7813
19.1563
12.5938
7.84375
6.0625
5.8125
3.125
-2.1875
-2.34375
-1.4375
48.1563
37
26.4688
15.875
4.59375
0.40625
-1.5625
-4.875
-9.65625
-15.75
-21.875
-25.9688
-26.6875
-23.7188
-16.5313
-7
0.6875
7.375
14.75
20.7813
21.75
19.1563
13.4063
7.0625
4.8125
5.90625
5.9375
1.9375
3.84375
5.75
33.5
29.2188
25.125
20
9.53125
2.71875
0.375
-0.59375
-2.0625
-4.75
-8.96875
-13.3125
-16.0625
-15.6563
-11.3438
-4.34375
0.46875
3.65625
8.5
14.7813
17.625
17.2813
13.3125
7.21875
5.25
7.71875
10.3438
8.1875
10.5625
12.3125
29.2813
29
28.3125
25.8125
15.875
5.78125
1.375
1.25
2.21875
3.03125
2.59375
0.65625
-1.75
-2.875
-0.9375
2.96875
4.4375
3.78125
4.125
7.5625
10.0313
11
9.125
5.28125
5.375
9.59375
14.375
14.5938
17.125
18.4688
35.5
35.625
35.1875
33.75
25.2188
10.9688
2.46875
1.46875
3.28125
6.25
9
10.0938
9.46875
8.03125
7.28125
7.8125
5.875
1.375
-3.09375
-4
-3.3125
-2.0625
-1.21875
-1.03125
3.25
10.9063
18.25
21.25
22.9688
23.75
43.4688
43.6875
43.4375
42.3438
36.4375
19.9375
6.3125
1.875
2.96875
6.21875
10.1563
12.875
13.875
12.875
10.5313
7.40625
2.5
-4.5
-12.3438
-16.5938
-17.5313
-16.6875
-13.4063
-7.625
2.34375
14.6875
24.9063
31.2813
32.9063
33.2813
50.625
51.25
51.3438
50.875
47.3438
31.1563
14.0313
3.90625
-0.03125
-0.5625
0.3125
0.6875
-0.15625
-2.8125
-7.15625
-12.25
-17.2813
-23.125
-30.1875
-33.9688
-33.2188
-30.125
-23.125
-11.375
3.75
18.6875
29.3438
36.125
36.5938
35
57.6563
60.6875
61.5313
61.5938
59.8438
45.875
26.7813
10.8438
1.03125
-4.90625
-8.4375
-11.625
-15.2813
-20.0313
-26.1563
-32.625
-38.0313
-42.4688
-47.0313
-48.375
-44.3438
-37.5938
-26.5625
-10.4688
6.4375
20.5313
28.7813
32.9063
29.9063
23.875
58.9063
66.75
70.625
72.1875
72
62.8125
45.7188
25.375
9.625
-1.84375
-10.625
-17.125
-22.75
-28.1563
-34.125
-39.9688
-44.4063
-46.8438
-47.7188
-45.5313
-38.7188
-30.125
-18.3438
-3.28125
9.78125
17.7188
20.1563
18.5
10.3438
-1
52.875
67.375
76.75
81.8438
83.75
79.5313
67.2188
47.25
26.25
8.75
-5.03125
-14.5625
-21.5
-26.8125
-31.625
-35.7188
-38.0625
-38
-36.1563
-31.3438
-23.6563
-15
-5.28125
5.28125
10.7188
8.78125
2.625
-7.15625
-20.6563
-36.0313
35.0625
54.5313
68.8438
78.375
83.1563
84.4063
79
64.7188
45.1875
25.7813
10.0625
-0.84375
-7.1875
-11.9063
-15.5
-18.2188
-19
-17.625
-14.5
-9.59375
-3.3125
2.90625
7.5625
9.53125
4.6875
-5.90625
-18.375
-32.25
-47.1875
-61.9375
-19.7188
-0.03125
18.3125
33.7188
44.7813
54.5313
61.7188
61.5625
53.5313
42
30.75
22.4063
18.125
14.5625
11.0938
8.6875
8.25
9.5
11.9063
15.2188
18.0625
19.1563
16.3125
8.15625
-4.46875
-19.625
-33.5313
-46.6875
-58.1563
-67.4063
-85.0938
-68
-48.4063
-27.9063
-10.1875
8.1875
28.25
44.9375
53.4688
55.6875
54
49.9688
47.2188
42.9688
37.9688
33.8438
31.5313
29.75
29
29.0625
28.2813
26.3125
18.75
4.9375
-10.4375
-24.9375
-36.2188
-44.5625
-49.7813
-52.5625
1.40625
1.4375
1.75
2.4375
3.78125
5.375
6.46875
6.8125
6.28125
5.15625
4.65625
4.28125
4.0625
3.0625
1.59375
0.6875
1
4.21875
11.1875
48.75
93.9063
105.906
92.1875
15.9063
-77.3125
-99.5625
-66
-11.1563
44.5938
49.0938
1.6875
2.15625
3.4375
5.125
7.21875
7.90625
7.09375
5.53125
3.78125
2.96875
3.125
3.375
3.5
2.59375
1.34375
0.6875
1.125
4.28125
11.0625
45.2813
86.5625
97.0938
83.5625
13.4688
-73
-95.7813
-64.5
-12.1875
41.8438
51.8125
2.625
4.125
6.03125
7.9375
8.84375
7.5
5.40625
3.21875
1.9375
1.96875
2.59375
2.84375
2.78125
1.96875
0.96875
0.78125
1.4375
4.1875
10.1875
39.625
75.625
85.4688
73.5313
12.4688
-64.125
-87.5313
-60.5938
-13.5
36.5
51.0313
4.4375
6.5
8.5
9.3125
8.3125
6
3.53125
1.78125
1.375
1.65625
2.1875
2.03125
1.5625
0.84375
0.34375
0.84375
2.09375
4.59375
9.5
33.4688
63.2188
72
62.5313
12.2188
-52.5
-75.3125
-54.75
-15.1875
28.5625
45.8125
6.59375
8.84375
10.1875
9.25
6.96875
4.3125
2.03125
1.09375
1.1875
1.375
1.5625
1
0.25
-0.34375
-0.21875
0.90625
2.5625
4.875
8.65625
27.875
51.4063
58.375
51.2813
11.1875
-40.75
-60.875
-46.9375
-16.7813
18.25
34.9688
8.53125
10.8125
11.0625
9.09375
6.75
4.34375
2.34375
1
-0.21875
-0.90625
-0.78125
-0.84375
-0.625
-0.40625
-0.0625
1.09375
2.46875
4.125
7.15625
20.7813
38.375
43.6875
38.1563
10.5625
-27.7813
-44.4375
-35.8438
-17.1563
6.21875
19.8438
10.0313
11.9063
11.125
9.875
9.03125
7.59375
5.375
0.71875
-4.625
-8
-8.65625
-7.03125
-4.40625
-2.1875
-0.5625
1.15625
2.84375
4.625
7.5
16
27.75
31.1875
26.875
10.5625
-14.8438
-27.625
-24.625
-16.5625
-4.15625
4.5625
11.75
12.2813
11.0625
11.2813
12.2813
12.0625
8.3125
-0.625
-10.375
-15.9688
-16.2188
-12.125
-6.71875
-2.84375
-0.78125
0.46875
1.375
2.78125
5.0625
9.84375
17.2813
19.9375
18.4375
12.0313
-1.28125
-10.2813
-13.25
-14.7813
-12.6875
-9.0625
13.7188
12.375
10.25
10.6563
12.3125
13.9375
11.625
2.625
-8.4375
-16.4688
-19.25
-16.5313
-11
-5.65625
-2.28125
-0.15625
0.71875
1.0625
1.5625
3.15625
6.46875
9.1875
11.5938
12.0938
9
3.84375
-3.1875
-10.75
-15.8125
-16.125
12.5938
8.78125
5.65625
6.15625
9.1875
14.8438
16.5625
10.4688
-0.34375
-12.0313
-19.5938
-21.0625
-17.5938
-11.5938
-6.21875
-2.09375
0.75
2.0625
2.09375
2.09375
1.6875
2.53125
5.65625
9.09375
12
10.8125
4.25
-4.625
-12.4688
-14.7188
1.15625
-1.875
-2.5625
0.625
7.03125
16.4688
21.375
17.75
7.78125
-5.4375
-16.6563
-22.2813
-22.1875
-18.1563
-12.2188
-6.03125
-0.34375
3.875
5.28125
4.71875
1.25
-1.84375
-0.78125
3.1875
9.34375
13.1563
11.2813
6.25
0.4375
-1.71875
-2.1875
-6.59375
-7.125
-2.28125
6.9375
18.125
24.375
22.25
13.2813
1.25
-10.3438
-18.9375
-22.75
-22.5
-18.9375
-12.375
-3.625
4.4375
8.96875
9.28125
3.3125
-4.34375
-7.375
-4.5625
3.28125
11.8438
16.4063
16.5625
14.1875
12.875
-16.625
-19.2188
-15.8125
-5.53125
7.46875
19.5938
25.9375
24
16.25
6.15625
-3.8125
-12.5938
-19
-22.6563
-23
-18.6875
-8.78125
2.90625
11.25
13.5625
6.21875
-5.40625
-12.9063
-12.4688
-3.9375
8.09375
18.6875
25.8125
27.6875
27.625
-40.0625
-37.25
-26.2813
-9.4375
6.96875
19.4688
25.5938
24.1563
18.2813
10.4375
2.3125
-5.1875
-12.1563
-18.5938
-22.7813
-22.2813
-14
-0.5625
11.4375
16.0625
8.40625
-6.09375
-17.4688
-19.2188
-10.8438
3.90625
19
32.1875
38.3125
39.5
-65.0938
-56.125
-37.3125
-14.6875
3.90625
15.9375
22
23.4688
20.875
15.6563
9.40625
2.25
-4.34375
-11.2813
-18
-21.1563
-15.9375
-3.75
9.59375
16.3125
8.65625
-7.65625
-21.9063
-25.25
-16.9063
-0.125
19.1875
36.9688
47.9063
52.2188
-90.5938
-74.875
-48.8438
-21.3438
-0.8125
9.84375
16.375
21.1875
22.7813
21.0625
16.5938
9.96875
3.3125
-3.5
-10.8125
-16.1875
-13.5
-3.4375
8.8125
15.4375
7.03125
-11.0313
-27.4375
-31.5313
-22.7813
-4.25
19.0938
41.125
57.5938
66.2813
-116.969
-94.5313
-61.25
-28.25
-4.8125
4.125
9.6875
16
21.2188
23.6563
22.25
17.3438
10.9063
3.75
-3.4375
-9.34375
-7.84375
0.65625
10.9375
15.3125
4.5625
-15.625
-34.0313
-38.1875
-28.2188
-7.96875
19.1563
45.1563
66.3125
79.125
-140.875
-112.563
-72.8125
-34.1875
-7.03125
0.40625
4.09375
9.40625
15.5938
21.375
24.0625
22.7188
18.375
11.5938
4.09375
-2.03125
-1.59375
5.40625
14.0938
15.8438
2.96875
-18.7813
-39.4063
-43.9063
-32.8125
-11.125
19.8125
49.25
73.2813
87.9375
-154.969
-126.688
-83.9688
-41.4375
-9.84375
-1.59375
0.6875
4.3125
9.28125
15.9375
21.9375
24.6563
23.9375
19.5313
12.4688
5.875
4.875
9.5625
16.1875
15.5313
1.0625
-21.1563
-42.9063
-47.875
-35.625
-12.8438
19.8125
49.375
72.6563
86.375
-175.5
-147.594
-101.313
-52.6875
-15.4063
-3.78125
-0.8125
1.65625
6.1875
13
21.0313
27.5625
30
27.7813
21.4688
13.3438
8.90625
9.78125
13.1875
10.6563
-3.625
-24.4063
-45.4375
-50.2188
-36.5
-12.0938
22.4063
52.5625
74.0625
84.6875
-182.781
-160.313
-115.375
-64.4375
-23.0625
-6.84375
-1.6875
0.5
4.15625
10.5313
18.9063
27.2813
32.8125
33.375
29
21.2188
14.3125
11.0313
10.4375
5.1875
-9.46875
-28.25
-47.125
-50.7188
-34.9375
-8.59375
27.125
57.0313
75.875
82.6563
-176.5
-165.75
-129.438
-79.5625
-35.2188
-12.9063
-3.28125
0.09375
3.34375
8.375
16.0625
23.7188
29.9063
33.0313
30.8438
25.375
18.9375
13.125
8.96875
1.3125
-13.375
-29.5625
-44.7813
-46.1563
-28.625
-0.71875
35.1875
63.75
80.4063
83.125
-164.031
-165.563
-140.875
-97.5313
-51.375
-23.0625
-7.5625
-0.8125
3.09375
7.53125
13.7188
19.6875
24
26.625
26.4063
24.3438
20.8125
16.1875
10.6563
0.84375
-13.8438
-28.1875
-39.7813
-37.9375
-17.7813
12.3125
47.5313
73.2188
84.4063
79.6563
-147.625
-160.813
-148.594
-114.563
-70.5313
-37.1563
-15.5938
-4.03125
2.34375
7.1875
12.75
17.3125
19.7188
20.4375
19.9063
19.625
18.5938
16.125
11.5625
1.78125
-12.0938
-24.125
-31.9375
-26.3125
-3.4375
26.875
58.4063
77.125
79.1563
66.625
-126.719
-149.125
-149.656
-127.469
-90.3438
-56.0625
-29.0938
-11.7813
-1.03125
6.21875
12.3125
16.5
17.7188
16.6563
14.3438
13.3125
12.8438
11.9688
9.28125
1.9375
-8.71875
-17.0938
-20.5
-11.8438
10.4375
36.9688
61.0938
70.8438
65.7188
49.3125
-102.844
-131.438
-142.5
-132.5
-106.063
-75.8125
-47.8438
-26.0625
-10.125
1.90625
10.8125
16
17.1875
14.9688
10.875
7.96875
6.40625
5.84375
4.96875
1.34375
-4.34375
-9
-9.53125
-0.96875
17.4063
39.5313
57.9063
62.625
54.6563
37
-77.75
-108.5
-127.438
-128.094
-113.813
-91.7188
-67.6563
-45.3125
-25.4375
-8.3125
5.40625
13.375
15.6875
13.5625
8.5
4.03125
1.1875
0.6875
1.15625
1.53125
0.15625
-1.875
-0.46875
6.96875
22.4688
41.1563
54.4375
54.7813
43.3438
24.5938
-57.0625
-87.5938
-111.656
-120.688
-116.281
-100.594
-79.6875
-58.5313
-37.25
-19.7188
-5.8125
3.03125
6.8125
7.40625
5.4375
3.59375
2.5625
3.125
4
4.71875
3.6875
2.40625
4.75
12.4688
25.75
40.3438
48.25
44.0625
30.9375
13.4375
-38.6563
-67.2813
-94.875
-110.469
-111.719
-98.1563
-75.2188
-51.6875
-29.7188
-15
-7.75
-5.21875
-5.3125
-4.6875
-2.96875
0.3125
3.25
5.8125
6.53125
5.71875
4.375
3.59375
7.125
15.2188
25.5938
35.625
38.9688
32.3125
20.3438
6.21875
-21.3438
-45.75
-72.7188
-93.5313
-99.5625
-89.25
-65.875
-39
-15.3438
-1.8125
-1.75
-8.53125
-16.2188
-20.3438
-16.0938
-6.46875
2.46875
9.25
9.375
5.4375
2.03125
0.875
5.1875
13.0625
20.8125
26.25
26.7188
20.875
12.4688
3.9375
-1
-1
-1.16667
-0.875
-0.5
-0.166667
-0.0416667
-0.0416667
-0.0833333
-1.08333
-2.5
-3.83333
-4.25
-4.125
-3.54167
-3.08333
-3.125
-3.04167
-3.25
-3.58333
-3.79167
-5.58333
-4.04167
-2.20833
-1
-0.708333
-1.79167
0
2.41667
1.125
-0.291667
-2.04167
0
-0.125
-0.333333
-0.208333
-0.375
-0.375
-0.791667
-2.29167
-4
-6.25
-7.875
-9.04167
-9.875
-10.125
-9.91667
-9.5
-9.54167
-10.5
-10.9167
-10.0417
-9.5
-8.95833
-6.83333
-3.29167
-0.916667
-0.458333
-0.291667
-0.0833333
2.79167
3.66667
8.29167
13.7917
0.333333
0.125
-0.166667
-0.208333
-0.958333
-2.25
-4.58333
-6.91667
-8.33333
-8.70833
-6.79167
-3.54167
0.208333
3.33333
5.45833
6.95833
7.29167
5.79167
3.75
2.29167
-0.416667
4.29167
4.375
4.54167
5.16667
5.375
6.95833
-0.0416667
2.33333
7.75
15.25
24.9583
0.416667
0.416667
0.375
-0.625
-2.75
-5.125
-6.91667
-5.41667
-3.04167
1.54167
7.625
13.75
19.0417
20.9167
21.9167
22.125
22.6667
23.25
23.25
21.2917
19.8333
25.3333
27.0417
23.125
18.4583
16.625
14.4583
4.08333
4.95833
12.4167
17.7083
23.5
0.458333
0.541667
-0.125
-2.58333
-4.08333
-3.70833
-0.625
3.91667
8
13.1667
15.7083
15.7083
12.8333
8.83333
6.16667
4.125
4.08333
5.91667
9.20833
12.0833
18.25
23.6667
31.0417
29.625
24.0833
20.375
13.75
7.29167
3.79167
7.66667
8.875
6.54167
0.0833333
-0.666667
-2.66667
-3.25
-0.708333
3.125
7.33333
9.29167
11.25
10.8333
6.33333
0.416667
-5.75
-8.625
-10.2917
-11.0833
-11.5
-11.2917
-10
-6.625
-2.125
-2.29167
1.91667
3.45833
2.04167
-0.5
-3.04167
-1.29167
-7.375
-10.375
-12.125
-16.4583
-1.04167
-2.70833
-3.08333
0.333333
4.08333
6.25
6.66667
6.5
5.5
0.666667
-4
-7.125
-7.79167
-6.625
-6.08333
-5.45833
-5.79167
-6.45833
-7.66667
-8.41667
-11.0833
-17.5
-22.125
-20.8333
-19.0833
-19.4167
-16.75
-10.375
-12.0833
-17.7917
-20
-19.9583
-2.66667
-2.875
0.25
3.41667
3.875
2.41667
0.875
0.0416667
-3.33333
-6.79167
-7.125
-5.41667
-2.54167
-1.16667
-0.791667
-0.458333
-0.458333
-0.583333
-1.375
-3.16667
-6.04167
-11.5
-18.3333
-17.0417
-12.75
-11.875
-11.1667
-6.70833
-3.08333
-6.375
-10.125
-9
-3.70833
-1.29167
1.95833
2.04167
-0.0416667
-3.41667
-6.08333
-9.625
-12.875
-12.5833
-10.2917
-6.08333
-2.16667
-0.458333
0.125
0.125
0.416667
0.5
0.291667
-0.416667
-1.16667
-3.25
-7.41667
-7.70833
-3.25
0.208333
-0.666667
-0.125
3.41667
3.45833
-0.75
-3.66667
-2
0.5
0.875
-0.583333
-3.04167
-5.45833
-8.875
-14.4583
-16.6667
-15.7083
-12.8333
-8.91667
-5.625
-2.625
-0.5
0.0833333
0.333333
0.25
0.125
-0.0416667
-0.25
-0.708333
-2.375
-4.54167
-4.125
0.458333
2.20833
0.416667
1.41667
3.20833
2.83333
-1.95833
3.33333
3.54167
1.5
-0.0833333
-0.625
1.83333
0.458333
-2.79167
-4.54167
-5.91667
-5.91667
-7.20833
-7.91667
-6
-3.16667
-1
-0.375
-0.5
-0.541667
-0.5
-0.5
-0.625
-0.958333
-2.375
-4.45833
-3.33333
-0.166667
-1.04167
-1.70833
-0.5
1.5
-0.208333
1.79167
0.875
-0.208333
0.625
4.70833
10.7917
13.1667
15.25
15
12
6.25
-1.125
-6
-7.5
-6.25
-3.375
-1.25
-0.625
-1.58333
-2.5
-2.625
-2.75
-2.66667
-2.75
-3
-3.625
-1.625
-0.166667
-1.45833
-2.20833
-2.625
-4.08333
-17.7083
-13.4583
-8.04167
-2.04167
4.66667
7.91667
13.0833
18.7917
20.875
19.6667
13.5
5.5
-1.29167
-5.91667
-7.625
-6.70833
-3.875
-1.29167
-2.70833
-5.33333
-6.33333
-6.375
-6.375
-6.08333
-4.20833
-2.79167
-1.33333
0.958333
-1.83333
-8.375
-15.0417
-21.0417
-11.375
-7
-2.625
0.291667
1
-1.54167
1.875
7.79167
12.0833
14.6667
14.875
12.0833
6.08333
-0.666667
-5.375
-7.83333
-7.375
-4.375
-2.33333
-3.45833
-6
-6.54167
-6.70833
-6.75
-5.875
-4.20833
-1.95833
0.125
-3.375
-12.2917
-20.6667
-25.1667
18.5
13.375
8.33333
3.875
-1.16667
-5.25
-6.20833
-3.33333
1.75
6.54167
11.2083
14.5
12.9167
6.91667
0.333333
-4.54167
-7.5
-7.54167
-2.70833
0.916667
-0.0416667
-1
-0.958333
-1.375
-3
-3.79167
-2.41667
-0.666667
1.33333
3.79167
6.5
11.7917
-14.375
-11.125
-6.95833
-2.91667
-1.91667
-3.20833
-5.54167
-7.25
-4.95833
-0.25
4.875
10.375
14.2083
13.5417
8.04167
1.70833
-3.16667
-6.41667
-5
0.0833333
4.16667
5.20833
5.45833
5.29167
3.125
0.458333
-1.08333
-0.541667
5.75
16.5
29.125
39.5833
-41.6667
-28.125
-15.3333
-5.79167
-1.66667
-1.08333
-2.375
-5.66667
-7.70833
-5.83333
-1.20833
4.04167
10
14.5833
14.0417
8.70833
2.625
-2.33333
-5.66667
-4.54167
0.375
4.375
5.875
6.29167
5.33333
2.91667
0.125
-0.791667
1.875
7.66667
15.4167
20.0833
9.54167
7
3.08333
0.291667
-1.41667
-0.708333
-1.16667
-2.83333
-5.91667
-8.29167
-6.5
-1.95833
3.16667
9.04167
13.8333
13.875
8.75
2.70833
-2.41667
-5.70833
-5.79167
-2.95833
0.708333
2.25
2.625
1.70833
-0.125
-1.33333
-2.20833
-1.625
-5.58333
-9.29167
35.6667
22.5417
9.70833
0.583333
-1.5
-0.666667
-0.708333
-1
-2.41667
-5.625
-8.125
-6.95833
-3.33333
1.79167
8.25
13.7917
14.375
10.125
4.875
-0.0416667
-4.25
-6.58333
-4.5
-1.41667
0.25
0.5
-0.291667
-1.16667
-2.375
-3.5
-10.5
-14.875
12.25
6.54167
1.70833
-3.08333
-1.66667
-0.583333
-0.458333
-0.583333
-0.833333
-1.95833
-5.33333
-8.33333
-7.54167
-4.08333
1.08333
7.70833
13.75
15.0833
12.7083
9
4.54167
-0.916667
-3.625
-1.91667
-0.125
0.333333
-0.125
-0.75
-2
-3.45833
-3.16667
-2.25
-3.04167
-3.5
-3.58333
-4.29167
-2.5
-0.708333
-0.333333
-0.583333
-0.666667
-0.833333
-2.25
-5.66667
-8.375
-8.58333
-6.375
-2.16667
3.79167
9.41667
12.6667
12.9583
11.125
7.20833
2.66667
0.583333
0.375
0.375
-0.416667
-0.833333
-2.25
-3.41667
-0.0833333
2.54167
-5.41667
-5.41667
-5.25
-5
-5.375
-1.75
0.166667
0.208333
0
-0.833333
-2.70833
-6.25
-11.75
-17.375
-20.875
-21.25
-17.7083
-11
-3.58333
2.29167
5.91667
7.20833
5.45833
2.45833
0.625
0.166667
-1.08333
-2.20833
-3.75
-5.375
-5.41667
-4.5
-3.70833
-4.29167
-4.45833
-5
-8.20833
-4.29167
-0.208333
0.541667
0.541667
-0.291667
-2.66667
-6.5
-12.2083
-19.3333
-26.4167
-30.7083
-30.125
-24.7917
-17.875
-10.375
-2.875
2.875
4.66667
3.16667
1.54167
0.5
-1.45833
-4.20833
-4.875
-6.70833
-7.25
-6.625
-1.95833
-3.875
-4.45833
-5.16667
-8.41667
-6.875
-2.25
-0.333333
0.166667
1.25
3.79167
6.25
7.16667
7.66667
7.04167
5.45833
3.29167
3
4.25
6.08333
9.25
11.9583
11.8333
9.66667
7.08333
3.375
-0.708333
-4.45833
-3.33333
-3.54167
-2.79167
-2.33333
-1.54167
-6.375
-7.5
-7.79167
-8.79167
-9.91667
-6.04167
-1.25
-0.0833333
1.70833
6.75
14.375
22.4167
30.625
38.1667
42.6667
42.5
38.7917
34.9167
30.8333
27.0417
23.625
19
15
10.0417
3.41667
-2.75
-6.70833
-6.375
-5.75
-5.5
-4.33333
4
-2.95833
-6.45833
-7.16667
-7.375
-11.625
-11.3333
-4.375
-0.916667
-0.208333
0.458333
3.16667
8.91667
14.375
19.375
23.2083
25.375
24.125
19.7083
15.0833
10.375
6.70833
4.08333
1.75
-2.20833
-6.66667
-9.66667
-9.66667
-9.45833
-6.95833
-3.16667
3.91667
10.3333
7.08333
0
-3.79167
-5
-10.4167
-15.25
-12.0833
-5.20833
-2.375
-3.58333
-6.125
-7.41667
-9.20833
-11.2917
-12.8333
-13.375
-13.5
-15.4583
-17.2083
-18.625
-18.9167
-17.2083
-16.875
-16.625
-14.875
-8.25
1.54167
9.29167
19.375
30.1667
40.3333
9.20833
11.7917
5.45833
-2.70833
-7.33333
-11.5
-17.5417
-20.375
-14.2917
-6.79167
-3.79167
-4.66667
-8.04167
-12.0833
-15.875
-18.9167
-21.1667
-21.9583
-21.1667
-20.4583
-19.7917
-19.4167
-18.7083
-17.1667
-12.3333
-3.16667
11.125
25.4583
37.375
46.9167
51.7917
49.2917
7.41667
12.2917
12
4.45833
-4.875
-10.9167
-16.625
-22.875
-23.25
-16.5
-8.41667
-4.25
-3.91667
-5.08333
-6.54167
-7.70833
-8.58333
-9
-8.25
-8.41667
-8.91667
-10.4167
-10.4167
-6.20833
1.95833
14.0833
23.7917
30
31.125
25.9167
15.125
-0.416667
11.0833
16.625
23.375
25.0833
19.7917
12.4583
6.625
-3.20833
-13.1667
-17.7083
-14.8333
-9.91667
-7.79167
-5.29167
-3.79167
-2.91667
-3.125
-3.875
-5.625
-7.5
-9.29167
-9.20833
-5.20833
0
6.125
11.2083
10.25
4.83333
-5.20833
-16.5
-27.7083
-36.75
41.75
47.1667
57.3333
68.5417
75.2083
73.0833
66.4583
51.875
29.1667
5.25
-12.5417
-20.2083
-23.9583
-22.4167
-17.8333
-13.7917
-12.5833
-13.5
-15.0417
-14.8333
-14
-8.95833
-2.83333
0.916667
2.54167
1.20833
-2
-10.4583
-18.1667
-21.6667
-22.5
-22.2083
72.4167
73
77.0417
84.125
92.1667
95.1667
87.8333
75.2917
51.875
23.25
-4.66667
-25.5
-35
-38.125
-33.2083
-26.2917
-21.5833
-18.7917
-14.5
-9.95833
-5.70833
-1.33333
1.625
4.33333
3.54167
1.54167
-0.375
-3.625
-5.125
-5.45833
-5.5
-7.25
0.75
-0.125
-0.916667
-0.375
0.5
0.833333
0.333333
-0.416667
-0.958333
-1.20833
-1.125
-1.33333
-0.875
0.875
2.08333
2.41667
2.375
0.583333
-2.25
-4.45833
-6.29167
-38.5833
-75.2917
17.2917
151.125
93.0417
-50.5417
-84.25
-58.8333
-9.75
58.2083
47.9583
0.375
0
-0.333333
-0.208333
0.125
0.375
-0.291667
-1.79167
-2.375
-0.75
0.875
0.458333
0.125
1
1.45833
1.375
1.45833
0.125
-2.29167
-3.41667
-5.125
-38.9583
-73.9583
20.9583
151.333
89.5417
-52.0417
-80.0833
-59.0833
-25.3333
49.1667
60.7917
0.458333
0.375
-0.166667
-0.208333
-0.458333
-1.375
-1.95833
-1.29167
0.666667
2.16667
1.08333
-0.666667
-0.416667
0.958333
1.33333
0.583333
0.416667
-0.208333
-2.25
-3.83333
-6.29167
-36.4583
-66
22.0417
143.042
85.25
-50.0417
-74.9167
-55.9167
-33.875
39.875
66.3333
0.291667
0.666667
0.125
-1
-2.625
-2.5
0.0833333
2.08333
2.33333
1.29167
-0.5
-1
0.166667
1.41667
1.29167
-0.25
-0.958333
-0.75
-1.5
-3.08333
-5.79167
-31.0417
-56.5833
18
124.958
77.25
-43.0417
-65.2917
-47.6667
-34.0833
27.5833
58.375
0.208333
0.791667
-0.625
-3.08333
-3.08333
0.416667
3
2.41667
1.25
0.291667
-0.916667
-0.791667
0.833333
1.83333
0.916667
-1
-1.79167
-1.33333
-1.04167
-1.66667
-4.375
-26.0833
-46.8333
15
102.708
64.5
-33.375
-51.7083
-37.9583
-31.8333
16
48.2917
-0.166667
-0.166667
-2.41667
-3.25
-0.0833333
3
2.83333
1.29167
0.5
0.208333
-0.416667
-0.208333
0.75
0.75
0.0833333
-0.708333
-1.25
-1.16667
-1
-1.125
-3.125
-18.9167
-34.2083
8.95833
73.7917
50
-20.1667
-34.7917
-27.625
-27.625
7.75
37.1667
-0.916667
-1.83333
-3.45833
-1.16667
3.08333
3.625
1.54167
0.375
0.75
1.16667
0.625
0.375
0.208333
-0.75
-1.20833
-0.833333
-0.666667
-1.20833
-1.79167
-1.41667
-2.08333
-11.25
-21
3.79167
45.6667
33.5833
-9.75
-16.625
-13.9583
-21.2917
-0.875
23.0417
-2.41667
-3.75
-3
1.91667
4.625
2.04167
-0.125
2.16667
4.91667
2.08333
-2.5
-2.54167
-0.791667
-0.541667
-0.666667
-0.333333
-0.0833333
-0.458333
-1.125
-1.79167
-2.66667
-5.375
-9.83333
-0.916667
21
18.875
-2.29167
-2.45833
0.791667
-11.375
-8.75
7.125
-4.33333
-5.16667
-0.666667
4.79167
4.08333
-0.416667
-1.58333
3.875
7.75
2.54167
-3.54167
-3.70833
-1.54167
-0.583333
-0.625
-0.375
0.0416667
0
-0.208333
-0.416667
-0.666667
-1.875
-5.29167
-4.20833
4.375
6.83333
2.58333
6.625
9.79167
-2.16667
-12
-5.91667
-6.5
-3.75
3.375
6.54167
2.83333
-4.08333
-6
3.04167
11.4583
7.79167
-0.583333
-4.41667
-3.875
-2.375
-1.25
-0.416667
0.0833333
0.125
0
0.0833333
0
-0.708333
-2.125
-3.41667
-3
-0.916667
2.33333
9.29167
13.7917
3.83333
-9.91667
-9.20833
-8.29167
-1.20833
8.125
8.54167
0.875
-9.91667
-11.9167
2.08333
15.5833
13.3333
3.33333
-2.58333
-4.54167
-5.125
-3.41667
-1
0
0.125
-0.0416667
0
0.25
0
-0.583333
-1.625
-3.95833
-5.08333
-1.54167
7.08333
15.0417
10.625
-4.25
-11.4583
-6.58333
3.25
11.5417
6.875
-3.91667
-13.5833
-13.7083
0.375
15
16
7.625
1.125
-2
-5
-6
-3.75
-1
0
-1.08333
-1.625
1.5
3.75
0.583333
-2.25
-2.875
-5.5
-6.375
1.45833
14.1667
15.9167
0.625
-13.5833
-2.70833
3.91667
8.20833
1.33333
-8.08333
-14.3333
-12.9167
-0.208333
12.375
14.2917
9.75
5.125
1.45833
-2.04167
-5.375
-6.45833
-3.75
-1.04167
-2.95833
-4.70833
2.04167
9.25
4.625
-3.20833
-4.08333
-4.04167
-7.45833
-5.79167
6.16667
12.875
3.20833
-7.41667
0.625
8.125
7.5
-3.58333
-10.75
-12.6667
-10.25
-0.583333
8.20833
9.66667
8.625
8.20833
5.70833
1.45833
-2.125
-5.20833
-6.125
-4.375
-6.08333
-8.58333
1.375
14.9583
11.0417
-2.625
-7.25
-4.58333
-5.45833
-9.25
-4.25
5.95833
5.33333
-1.29167
9.75
7.625
-1.91667
-10.375
-10.2917
-8.375
-7.08333
-2.95833
1.875
4.79167
6.58333
8.625
8.54167
5.41667
2.08333
-1.54167
-5.125
-6.79167
-10.5833
-13.7083
-0.541667
19.875
18.4167
-0.625
-10.375
-6.79167
-4.66667
-9.79167
-11.2917
-3.45833
4
6.29167
17.125
0
-16.2083
-16.2917
-7.79167
-3.70833
-4.79167
-5.625
-3.45833
0.25
3.75
6.75
8.58333
8.66667
6.29167
2.20833
-1.29167
-5.41667
-14.5
-20.2917
-3.70833
23.8333
25.9583
2.16667
-13.5
-9.54167
-4.20833
-9.29167
-16.625
-13
3
15.0833
26.9583
-9.125
-31.9583
-21.6667
-6.29167
-1.08333
-1.75
-4.79167
-6.58333
-4.58333
0.0416667
4.16667
6.5
8.58333
9.04167
5.95833
2.5
-1.33333
-13.5417
-25.6667
-9.375
26
33.25
5.29167
-16.4167
-12.7083
-4.5
-8.29167
-19.625
-21.7083
-1.20833
20.5833
34.0417
-17.5
-45.1667
-25.8333
-5.54167
-0.458333
-0.0416667
-1.83333
-5.16667
-7.04167
-4.375
0.291667
2.91667
5.79167
9.33333
9.125
6.125
2.45833
-9.79167
-25.5833
-14.4167
23.1667
38.3333
10.375
-18.25
-16.2917
-5.375
-7.83333
-21.7083
-27.625
-4.83333
23.8333
41.5417
-18.7083
-53.0417
-29.9167
-5.875
-0.541667
0.291667
-0.25
-2.29167
-5.5
-6.625
-3.70833
-0.708333
1.91667
6.625
9.66667
8.5
5.375
-5.375
-21.2917
-15.125
18.9167
38.625
14.3333
-18.25
-19.125
-6.41667
-7.79167
-21.5
-25.625
-3.625
20
52.25
-20.3333
-65.0417
-37.0833
-6.91667
-0.833333
-0.0833333
-0.0833333
-0.833333
-2.33333
-4.45833
-5.70833
-4.79167
-1.70833
2.70833
6.58333
8.5
7.70833
-0.791667
-14.875
-12.7083
15.0833
36
16.3333
-17.25
-20.7917
-7.625
-8.375
-21.625
-23.3333
-0.791667
18.25
58.5833
-13.375
-68.2083
-44.1667
-10.125
-1.45833
-0.208333
-0.0833333
-0.416667
-0.833333
-1.75
-4.04167
-6.375
-5.20833
-1.125
2.45833
5.54167
7.79167
3.29167
-7.41667
-8.125
12.0833
32.1667
17.4583
-15.875
-22
-9.16667
-9.83333
-22.375
-20.4167
3.54167
16.2917
63.9583
0.458333
-61.75
-49.125
-16.125
-3.375
-0.458333
-0.291667
-0.625
-1.20833
-2.58333
-3.75
-4.125
-4
-2.5
-0.5
1.66667
6
7.16667
-0.333333
-4.70833
9.08333
28.3333
18.0833
-14.5
-23.2083
-11.3333
-12.7083
-24
-17
7.58333
15
63.7917
16.3333
-48.4583
-51.75
-24.0833
-6.91667
-1.08333
-0.458333
-0.708333
-1.41667
-3.54167
-5.25
-3.58333
-0.833333
-0.416667
-1.33333
-1.125
2.08333
6.25
5.125
1
7.875
23.7917
17.1667
-13.2083
-23.875
-13.9583
-16.0833
-24.5
-11.8333
13
15.5
58.6667
30.75
-27.4583
-48.5417
-33.9167
-13.5
-2.875
-1.08333
-0.833333
-1.25
-3.70833
-6
-4.33333
0.416667
3.41667
1.08333
-2.70833
-1.625
3.5
6.58333
4.75
7.20833
18.4583
14.4167
-11.0417
-22.625
-16.9583
-19.5833
-22.8333
-4.79167
19.2083
16.6667
49.4583
38.375
-5.375
-35.2917
-38.5417
-23.6667
-7.91667
-2.125
-1.08333
-1.16667
-3.625
-6.25
-4.45833
1.375
5.79167
3.41667
-2.375
-3.45833
1.04167
5.33333
4.91667
6.125
14.25
11.5
-9.58333
-22.3333
-20.75
-21.9583
-17.875
4.875
25.25
17.7917
37.625
40.9167
13.9167
-18.4167
-35.25
-30.875
-16.0833
-5.5
-1.79167
-1.45833
-3.66667
-6.20833
-4.45833
1.5
6.5
5.20833
-0.125
-2.5
-0.291667
2.83333
3.125
4.33333
10.4583
8
-10.0833
-23.2917
-23.0417
-18.6667
-6.83333
14.5417
26.7083
15.9167
24.0833
36.7083
28
-0.416667
-25.25
-30.1667
-22.25
-12.5833
-5.45833
-2.375
-3.70833
-6.125
-4.29167
1.54167
6.33333
5.79167
1.875
-0.25
0.0416667
0.541667
0.5
2.20833
5.79167
2.375
-11.125
-21.125
-19.375
-10.2083
3.66667
19
23.2917
11.2083
13.7083
29.1667
32.7083
13.0417
-12.0833
-22.625
-21.5417
-17
-10.9167
-5.79167
-3.79167
-4.04167
-4.16667
-0.958333
4.25
5.08333
1.83333
0.0416667
0.208333
0.0416667
-0.416667
0.0833333
0.416667
-1.54167
-7.20833
-15.1667
-16.125
-4.91667
9.875
19.5417
17.9167
6.04167
5.66667
19.6667
31.5
21.9583
-0.5
-12.7917
-14.25
-15.25
-15
-11.25
-7.04167
-4
-2.66667
-1.45833
1.58333
2.79167
0.916667
-0.125
0
-1.04167
-2.04167
-1.66667
-1.91667
-1.45833
-3.16667
-12.1667
-14.8333
0
16.375
19.4167
11.5
1.20833
2.33333
10.25
22.875
25.9583
11.7917
-4.29167
-9.125
-11.4583
-17.4167
-16.7083
-8.08333
-2.29167
-1.29167
-1.29167
-1.04167
-0.791667
-1
-1.25
-1
-1.25
-0.916667
0.291667
-0.458333
-1.5
-4
-10.7917
-10
5.45833
17.9167
15.25
5.79167
-1
-1.125
5.41667
15.9583
22.7917
17.8333
3.20833
-7.54167
-12.375
-19.9583
-20
-5.04167
6.04167
3.54167
-1.66667
-2.70833
-2.41667
-3.58333
-4.625
-2.29167
1.41667
2.625
1.66667
-0.708333
-2.58333
-4.08333
-6.66667
-3
9.04167
13.7083
6.33333
-0.375
-2.58333
-2.70833
4.125
11.7917
16.75
16.1667
7.91667
-2.41667
-11.7083
-23.5
-24.25
-2.29167
16
11.25
1.875
-0.583333
-3.91667
-10.2083
-12.6667
-4
8.04167
8.66667
1.29167
-3.625
-3.66667
-1.45833
0.291667
3.125
6
2
-4.70833
-3.875
-0.5
-2.51852
-3.90741
-4.96296
-4.53704
-3.64815
-1.98148
0.0925926
2.62963
5.25926
7.94444
10.5556
13.2963
15.1111
16.2778
16.3889
15.3889
14.7593
21.2963
26.0185
25.7407
23.0556
20.0741
17.4074
14.3148
20.2778
26.537
24.7222
25.5741
-3.07407
-3
-1.83333
0.0740741
1.64815
3.72222
6.09259
8.92593
12
14.2407
15.5741
16.1111
16.2222
16.8889
17.2963
17.5556
19.5926
25.2037
31.0741
30.537
26.8333
23.8148
21.2407
17.6481
20.6296
23.037
18.2593
13.2593
-1.51852
0.425926
2.94444
5.01852
6.57407
8.09259
9.64815
11.1481
11.7407
10.7222
8.98148
6.7963
5.11111
4.53704
4.90741
6.25926
9.37037
11.8889
16.2407
16.5556
14.3519
12.537
11.1111
8.44444
6.61111
4.57407
1.07407
-5.2963
1.03704
3.27778
5.11111
5.51852
5.57407
5.7037
6.22222
5.66667
3.51852
0.481481
-2.40741
-4.98148
-6.5
-7.2963
-7.14815
-5.88889
-4.07407
-6.90741
-7.25926
-6.05556
-5.64815
-6.03704
-6.2963
-7
-11.7407
-15.463
-14.7778
-17.3889
2.14815
2.37037
1.35185
0.0555556
-0.351852
-0.111111
-0.425926
-2.64815
-5.83333
-8.2963
-9.07407
-8.68519
-8.24074
-8.51852
-8.7963
-8.94444
-10.0926
-15.7407
-20.8704
-19.8889
-17.0185
-16.4815
-17.0185
-17.3519
-22.2593
-24.6481
-20.2778
-16.5556
0.888889
-1.68519
-5.11111
-7.38889
-7.98148
-7.87037
-9.2963
-12
-13.963
-13.4259
-10.8704
-7.68519
-5.5
-4.61111
-4.7037
-5.55556
-7.46296
-12.7222
-19.1852
-19.2222
-15.537
-13.463
-14.1481
-15.0926
-17.6852
-18.2037
-13.6296
-7.77778
-0.62963
-3.81481
-7.40741
-9.90741
-10.6852
-11.5556
-14.1111
-15.8333
-15.8148
-13.7037
-10.4074
-6.77778
-3.74074
-1.72222
-1.11111
-1.55556
-3.01852
-6
-10.8333
-12.0741
-9.7963
-6.72222
-6.2037
-7.96296
-9.25926
-9.12963
-6.35185
-1.88889
-0.944444
-1.35185
-2.01852
-3.35185
-4.68519
-7.96296
-11.0926
-11.6111
-10.8148
-9.51852
-9.09259
-8.27778
-6.16667
-3.7037
-2.25926
-1.85185
-1.85185
-2.83333
-5.07407
-6.87037
-6.75926
-4.12963
-2
-2.74074
-3.24074
-3.7037
-3.48148
-2.85185
-3
2.33333
7.40741
9.33333
7.68519
3.11111
0.277778
-0.203704
0.0185185
-1.35185
-4.88889
-7.94444
-8.37037
-6.90741
-5.62963
-4.81481
-4.07407
-3.90741
-4.55556
-5.96296
-7.38889
-6.59259
-3.55556
-2.25926
-3.31481
-6
-9.07407
-12.3148
-2.92593
4.53704
12.6481
17.9444
17.5926
14.2778
12.2963
10.6481
9.44444
6.48148
1.35185
-4.16667
-7.74074
-8.87037
-9.07407
-8.98148
-7.75926
-6.74074
-6.33333
-7.05556
-8.35185
-9.35185
-7.33333
-3.94444
-4.37037
-8.55556
-14.0741
-19.7963
-5.85185
1.07407
9.57407
16.7037
18.2222
18.7963
18.6111
16.3704
13.7963
10.5185
6.83333
1.98148
-3.48148
-7.38889
-9.7963
-10.9444
-10.6852
-8.7963
-7.2963
-6.85185
-7.38889
-8.66667
-8.11111
-4.98148
-5.44444
-9.57407
-15.1667
-19.6852
-3.40741
-1.57407
1.68519
6.33333
9.83333
14.2778
16.4815
15.6111
13.1111
10.7037
9.25926
7.01852
2.61111
-2.5
-6.31481
-8.81481
-10.0556
-8.42593
-5.88889
-4.27778
-3.74074
-4.61111
-5.40741
-4
-2.57407
-1.46296
-0.814815
0.222222
-11.8148
-8.87037
-6.01852
-3.61111
-0.388889
5.66667
10.3333
12.5185
11.9074
10.6111
10.037
9.68519
7.72222
3.96296
0.277778
-2.81481
-5.87037
-5.94444
-3.72222
-0.944444
0.833333
1.22222
0.12963
-0.814815
0.777778
5.72222
11.963
17.9444
-9.7037
-7.92593
-7.83333
-8.83333
-7.25926
-2.94444
2.2037
6.92593
9.51852
10.2778
10.0556
9.94444
9.87037
8.5
6.46296
3.7963
0.185185
-2.57407
-2.42593
-0.166667
2.46296
4.09259
3.7963
2.24074
4.14815
11.1852
19.5741
26.2037
-7.59259
-6.75926
-6.68519
-8.05556
-8.66667
-7.77778
-4.35185
0.87037
5.7037
9.03704
10.2407
10.0741
10.037
10.2222
10.0741
8.87037
5.74074
1.14815
-1.77778
-1.94444
0.0555556
2.75926
3.87037
2.87037
2.83333
5.81481
8.33333
10.4074
7.94444
2.11111
-3.46296
-5.7963
-6.92593
-8.7037
-8.57407
-5.59259
-0.722222
4.38889
8.18519
9.85185
10.0185
10.1111
11.1111
12
10.9259
6.42593
1.55556
-1.92593
-2.72222
-0.907407
1.27778
1.40741
0.5
0.518519
-1.38889
-2.7963
10.2593
2.53704
-3.53704
-4.09259
-4.14815
-6.48148
-8.72222
-9.01852
-6.57407
-2.11111
3.01852
6.90741
8.46296
8.48148
9.7037
12.0741
13.5741
11.3333
7
1.94444
-1.59259
-2.22222
-0.777778
-0.425926
-2.14815
-4.59259
-7.72222
-9.55556
6.74074
0.796296
-4.64815
-4.68519
-2.75926
-3.66667
-7.2037
-10.8148
-12.3333
-11.5
-8.42593
-4.31481
-1.24074
-0.240741
1.2963
4.68519
8.87037
10.537
9.72222
6.77778
2.92593
0.0740741
-0.833333
-1.55556
-3.42593
-5.7963
-6.12963
-5.66667
-2.62963
-4.66667
-6.51852
-6.46296
-2.87037
-1.75926
-4.42593
-9.05556
-13.6481
-16.8889
-17.8519
-16.4815
-13.5926
-11.1667
-9.14815
-6.09259
-1
3.92593
7.14815
8.24074
6.98148
3.87037
0.407407
-1.96296
-4
-6.5
-5.61111
-4.05556
-6.55556
-6.74074
-7.44444
-9.37037
-5.11111
-1.33333
-2.22222
-5.53704
-10.6296
-15.6481
-19.4815
-20.8704
-19.3704
-15.9074
-13.0185
-10.037
-5.38889
0.814815
5.85185
9.7963
11.0185
8.7037
3.46296
-0.925926
-3.27778
-6.35185
-6.7037
-5.87037
-7.72222
-7.83333
-8.25926
-11.1481
-8.25926
-2.61111
1.2963
2.42593
1.44444
-0.240741
-2.03704
-2.77778
-1.35185
2.25926
5.01852
6.37037
8.12963
11.1667
13.037
14.8519
14.9259
11.7222
5.59259
0.12963
-2.46296
-6
-8.14815
-8.5
-8.62963
-8.83333
-9.44444
-12.2778
-12.037
-6.2037
1.24074
6.90741
10.5926
13.5741
15.7407
17.6667
20.037
23.5185
26.1481
26.8333
26.037
24.9815
22.2593
19.7037
16.2963
10.8889
4.55556
-0.37037
-2.5
-5.07407
-7.16667
-7
-9.27778
-9.57407
-10.0185
-11.5
-14.7963
-12.2778
-3.11111
5.27778
12.6667
18.4074
23.0185
26.4444
28.9074
30.7593
31.7407
30.8519
28.0556
23.4815
17.9815
12.2222
6.31481
0.518519
-2.7037
-3.03704
-1.72222
0.0555556
1.66667
5.03704
-9.37037
-10.3889
-11
-11.7222
-16.6111
-18.7778
-13.8889
-5.98148
1.07407
5.72222
8.64815
10.2407
10.5
10.0556
9.53704
8.40741
5.96296
2.03704
-1.74074
-5.75926
-8.88889
-10.1481
-6.7963
-0.148148
6.51852
13.7593
20.2222
26.8333
-7.31481
-10.2593
-11.7222
-12.6111
-17.7037
-23.5185
-23.9815
-19.1852
-12.7037
-8.88889
-7.53704
-7.96296
-9.72222
-12.2593
-14.5556
-16.7407
-18.6481
-21.0556
-21.7778
-21.8148
-19.7593
-14.2407
-4.40741
6.98148
16.9815
26.537
34.9444
41.0556
4.05556
-1.12963
-3.92593
-6.35185
-10.8889
-18.2593
-24.8704
-25.3519
-22.5185
-19.2407
-17.7963
-18.7222
-20.5926
-22.963
-25.3704
-27.6296
-29.1667
-29.4259
-27.5
-23.7222
-16.9444
-6.72222
4.55556
14.7037
22.3148
28.5556
32.963
33.7407
41.7407
35.2963
29.8519
23.4259
15.6481
5.18519
-7.2037
-17.1296
-22.1667
-23.3889
-23.037
-23.8519
-24.4259
-24.9815
-25.7222
-26.5741
-26.9074
-25.2778
-21.537
-16.6481
-9.88889
-0.648148
6.75926
11.1111
12.8333
13
10.9074
5.5
85.2778
80.3889
73.2222
63.3889
51.1481
36.3889
18.8519
0.0740741
-15.8704
-25.4444
-29.2963
-31.1852
-31.5
-30.0185
-27.6667
-24.8333
-22.037
-17.3889
-12.8889
-9.07407
-4.81481
1.33333
4.96296
4.7963
1.27778
-3.31481
-10.463
-18.5926
-2.40741
-2.68519
-0.907407
1.35185
2.96296
2.40741
1.2037
-0.314815
-0.851852
-0.777778
0
0.907407
1.38889
1.22222
-0.444444
-2.88889
-6.68519
-24.6481
-45.5926
-44.9259
14.6667
89.3519
109.741
44.3704
-48.8889
-86.5185
-59.1667
5.96296
-2.68519
-1.27778
1.38889
3.01852
3.09259
1.55556
0.37037
-0.685185
-0.777778
-0.537037
0.240741
0.888889
0.944444
0.611111
-0.759259
-2.44444
-5.62963
-21.0185
-39.2593
-38.7963
11.8333
76.1481
95.0185
41.7593
-38.4815
-74.0185
-56.6852
-0.962963
-1.68519
0.759259
3.16667
3.24074
2.24074
0.537037
-0.0185185
-0.685185
-0.425926
-0.111111
0.759259
0.962963
0.444444
-0.351852
-1.42593
-2.18519
-4.40741
-16.8889
-32.4259
-32.0556
9.12963
62.2593
78.1111
36.6111
-28.2778
-58.8148
-49.5926
-6.12963
-0.12963
2.33333
3.33333
2.12963
1.62963
1.37037
1.44444
0.0555556
-0.592593
-0.462963
0.703704
0.740741
-0.166667
-1.35185
-1.98148
-2
-3.18519
-13.3519
-25.9815
-25.7222
7.96296
49.8519
61.8148
28.8889
-20.3519
-43.3519
-38.5
-7.55556
1.37037
2.48148
1.01852
-0.5
1.7037
4.83333
5.96296
2.62963
-0.833333
-2.35185
-1.46296
-0.740741
-0.851852
-1.2963
-1.57407
-1.5
-2.42593
-9.57407
-19.0926
-18.6667
5.2037
36.2963
44.4815
21.8148
-12.9815
-27.9815
-25.5
-5.27778
2.72222
1.31481
-2.72222
-3.33333
2.18519
9.46296
12.037
7.44444
0.648148
-3.98148
-4.81481
-3.90741
-2.72222
-1.88889
-1.7037
-1.77778
-2.57407
-6.38889
-12.2407
-11.3889
2.7963
23.2037
28.0741
15.1852
-5.74074
-13.2593
-12.1852
-2.16667
4.2037
0.351852
-5.40741
-5.68519
2.09259
12.4444
16.1667
11.1667
1.90741
-4.64815
-7.07407
-6
-4.07407
-1.94444
-1.16667
-1.33333
-2.2963
-4.16667
-6.88889
-6.35185
-0.0185185
10.5
13.6852
9.31481
1.12963
-0.407407
0.037037
0.888889
4.72222
-0.407407
-6.07407
-7.07407
-0.407407
8.92593
14.463
12.7778
6.57407
0.037037
-4.59259
-6.55556
-6.22222
-4.09259
-2.37037
-1.62963
-1.18519
-0.666667
-0.851852
-2.53704
-2.87037
-0.851852
2.22222
3.92593
5.59259
7.7963
7.51852
1.42593
1.72222
-2.16667
-7.03704
-9.22222
-4.75926
3.94444
11.8889
13.963
10.963
5.31481
-0.277778
-4.66667
-6.87037
-6.40741
-5.2963
-4.2037
-2.85185
0.592593
3.72222
3.09259
-1.22222
-5.42593
-5.16667
-1.53704
3.74074
6.61111
5.81481
0.296296
2.62963
-2.90741
-9.2963
-12
-7.2963
2.05556
10.0741
12.9259
11.6667
8.48148
4.40741
-0.333333
-4.57407
-6.92593
-8.35185
-8.59259
-6.81481
-0.296296
7.16667
9.44444
3.48148
-5.57407
-9.77778
-7.38889
-1.2037
2.77778
3.03704
-0.574074
-2.18519
-8.2037
-13.3148
-13.963
-7.61111
2.07407
9.16667
10.7593
9.68519
8.46296
7.16667
4.31481
-0.037037
-4.44444
-9.2963
-12.6111
-12.0185
-2.96296
9.03704
15.2593
9.11111
-3.33333
-12.1667
-12.9259
-7.77778
-3.24074
-0.5
-1.07407
-11.5185
-15.7407
-17.4815
-14.6667
-6.88889
2.94444
8.92593
9.16667
7
6.25926
6.98148
6.90741
4.5
0.0555556
-7.2037
-14.537
-16.8889
-6.81481
9.55556
20.0556
14.2593
-0.611111
-12.9074
-16.4444
-13.963
-10.4074
-4.98148
-0.888889
-22.3148
-23.6481
-20.2963
-13.9444
-6.33333
2.11111
7.27778
7.96296
6.07407
4.72222
5.09259
6.2963
6.5
4.35185
-3
-12.9815
-19.2037
-10.0556
8.83333
23.4444
18.2222
1.44444
-13.4815
-18.4815
-18.2778
-17.2222
-11.1481
-3.27778
-32.8704
-30.3148
-21
-12
-6.59259
-1.27778
2.98148
5.75926
6.18519
5.27778
4.38889
4.83333
6.03704
6.22222
0.351852
-10.037
-18.7037
-10.8519
8.90741
26.1111
21.2407
2.53704
-14.6481
-20.6481
-21.4074
-22.5926
-17.5926
-7.62963
-43.5926
-36.3704
-20.7963
-9.83333
-7.05556
-5.38889
-2.2963
2.03704
5.25926
6.37037
5.51852
4.68519
4.87037
5.44444
1.12963
-7.96296
-16.537
-8.96296
11.0556
29.1111
23.6667
2.87037
-16.2407
-22.963
-24.3889
-27.5741
-23.9444
-12.037
-54.5556
-43.3889
-22.1852
-7.62963
-5.75926
-7.03704
-6.2963
-2.81481
1.88889
5.38889
6.68519
6.07407
5.01852
4.16667
0
-7.55556
-14.5741
-6.12963
14.3333
32.5741
26.2222
2.98148
-18.1111
-25.6481
-27.2222
-31.8148
-29.5556
-16.1296
-63.463
-50.9074
-25.5926
-6.75926
-3.48148
-5.53704
-7.33333
-6.51852
-3.2963
1.22222
4.96296
6.96296
6.68519
4.87037
-0.185185
-7.25926
-12.9259
-4.11111
16.2778
34.8889
28.8519
4.27778
-19.3889
-28.6481
-30.9815
-35.4815
-33.3889
-17.0556
-65.0926
-56.0926
-30.7593
-8.7963
-2.7037
-3.55556
-6.81481
-9.2037
-8.83333
-4.44444
1.7963
7.2963
9.31481
8.2037
2.96296
-4.37037
-10.6296
-3.51852
15.4444
34.1667
29.7593
5.2963
-20.0556
-31.6667
-34.2037
-36.4074
-31.4074
-13.2222
-67.4074
-62.5556
-37.7407
-13.0741
-3.81481
-2.42593
-4.92593
-8.72222
-11.2593
-9.55556
-3.51852
4.24074
9.46296
10.9444
7.24074
0.462963
-6.5
-1.85185
14.2593
31.463
28.1481
4.81481
-20.8148
-34.2407
-37
-36.6111
-27.6667
-7.72222
-60.1111
-63.5741
-44.8333
-19.7593
-7.22222
-2.61111
-3.5
-6.59259
-10.2963
-11.037
-7.48148
0.0185185
6.57407
10.5926
9.37037
4.90741
-1.38889
0.87037
12.7407
26.7407
24.0185
3.09259
-21.2593
-35.7593
-38.7222
-35.463
-22.3704
-1.48148
-45.3333
-58.3889
-49.037
-27.9815
-13.0926
-5.11111
-3.42593
-5.07407
-7.88889
-9.01852
-7.42593
-2.44444
2.2037
6.25926
7.35185
6.87037
3.51852
4.77778
12.3148
22.1296
19.037
0.111111
-23.0185
-37.9259
-40.0741
-32.5556
-15.4259
6.16667
-28.5185
-48.2778
-49.2222
-34.7778
-20.537
-9.53704
-5.03704
-4.87037
-6.62963
-6.7037
-5.09259
-1.72222
0.148148
1.90741
3.09259
5.33333
5.87037
8.09259
13.037
18.4259
13.7963
-4.38889
-25.7222
-38.9259
-37.3333
-24.7963
-5.16667
14.2778
-12.5
-35.1296
-43.4074
-37.1111
-27.0185
-16.3333
-9.27778
-6.66667
-6.66667
-5.53704
-2.81481
0.555556
0.962963
0.148148
-0.259259
2.35185
5.33333
8.81481
12.4815
14.3889
8.31481
-8.42593
-25.8148
-35.2037
-29.7222
-15.4444
3.61111
18.5926
0.907407
-21.7222
-33.8333
-33.2778
-28.6667
-21.4444
-15.4444
-11.2593
-9.25926
-6.05556
-1.85185
2.62963
3.11111
1.16667
-1.01852
0.185185
3.01852
6.2037
9.09259
9.90741
5.27778
-7.98148
-21.963
-30.037
-24.5926
-10.6296
7.5
20.1667
11.6296
-10.2037
-23.5
-25.5
-24.3704
-22.1852
-20.4259
-17.5741
-14.1481
-8.77778
-2.59259
3.25926
5
3.40741
0.388889
-0.685185
0.185185
1.83333
4.88889
6.35185
4.46296
-6.51852
-18.8519
-26.963
-20.7407
-5.74074
12.0556
21.8333
21.3889
0.592593
-15.037
-20.5185
-21.3889
-22.5926
-22.8148
-20.9074
-15.5741
-9.51852
-3.24074
2.11111
4.2963
3.75926
0.796296
-0.851852
-1.44444
0.0740741
2.83333
4.66667
2.61111
-6.88889
-17.2778
-23.1296
-15.7407
-1.22222
14.9074
21.4074
29.3519
9.90741
-9.31481
-20.7407
-24.4074
-26.2037
-23.7593
-17.4074
-8.16667
-2.38889
-0.425926
0.37037
0.351852
-0.314815
-2.55556
-2.68519
-0.851852
2
3.7963
2.85185
-0.555556
-8.2037
-14.8519
-17.7222
-10.1111
2.16667
15.0185
18.2778
34.5556
18.0556
-3.05556
-19.7778
-27.463
-30.9444
-26.5926
-14.9259
0.462963
9
8.53704
3.37037
-2.77778
-7.85185
-10.6667
-7.05556
0.407407
6
5.61111
0.481481
-4.37037
-9.11111
-11.2593
-11.4259
-5.16667
3.12963
11.4259
12.7963
0
0.166667
0.333333
0.444444
0.333333
-0.166667
0.111111
-0.277778
-0.388889
-2.11111
-3.66667
-5.55556
-5
-2.33333
0.888889
1.72222
-0.222222
-1.27778
-0.388889
2.22222
2.33333
0.555556
0.166667
2
5.83333
6.22222
7
12.3333
2.5
-14.7222
-42.4444
-38.3889
-0.555556
-0.166667
0.222222
0.5
0.555556
0.388889
-0.222222
-2.55556
-4.61111
-6.94444
-6.38889
-5.55556
-1.77778
1.88889
5
3.55556
-0.944444
-4.88889
-4.83333
-0.555556
2.44444
1.77778
2.11111
5.33333
11.8889
10.6111
6.77778
7.88889
2.72222
-9.11111
-31.6111
-32.6111
-1.11111
-0.611111
0.111111
0.888889
0.111111
-1.55556
-5.11111
-7.5
-7.55556
-5.33333
-1.83333
0.111111
2.55556
3.5
4.05556
1.94444
-1.11111
-4.16667
-4.72222
-2.44444
-0.944444
4.94444
9.66667
17.2222
12.8333
5.38889
-3.55556
0.833333
5.38889
3
-7.44444
-12.1111
-1.33333
-1.11111
-0.444444
-0.666667
-3.27778
-6.55556
-9.22222
-7.44444
-3.55556
2.05556
6.22222
9.05556
9.77778
7.66667
4.27778
0.722222
-1.11111
-3.11111
-4.83333
-5.94444
-5.66667
8.38889
21
29.4444
8.44444
-11.5556
-22.2222
-8.61111
12.1111
21.8333
19.9444
6.27778
-0.833333
-0.944444
-1.72222
-4.22222
-7.94444
-9.44444
-7
0.666667
7.94444
13.5
12.7778
10.5556
6.27778
3.05556
0.111111
-0.833333
0.222222
1.05556
0.777778
-2.05556
-3.16667
15.2778
34.3333
37.9444
-1.94444
-37.9444
-45.2222
-18
19.6667
37.6667
39.3333
14.8889
0
-1.88889
-4.94444
-8.83333
-9.22222
-4.44444
4.83333
12.5556
14.3333
11.1111
5.5
2.94444
1
0.555556
-0.722222
-0.611111
0.444444
1.72222
2.94444
2.94444
6.05556
23.5556
43.2778
37.1667
-8.55556
-55.3889
-58.3889
-23.9444
23
43.2778
40.5556
8.94444
0
-3.55556
-7.94444
-9.27778
-2.94444
7.38889
15.1667
14.2778
8.44444
1.72222
-1.94444
-3.16667
-3.33333
-2.66667
-2
-0.666667
0.555556
2.05556
4
6.16667
9.94444
21.8889
37.1667
30.2222
-6.5
-50.9444
-54.9444
-24.8889
17.5556
34.1667
29.0556
4.5
-0.777778
-5.94444
-8.38889
-3.83333
7.16667
14.2222
12.3889
4
-2.16667
-4.5
-3.55556
-2.72222
-1.66667
-1.16667
-0.722222
-0.388889
-0.166667
0.5
1.77778
4.38889
7.88889
14.5556
24.1667
21.5
1.55556
-30.5556
-40.5556
-24.8333
5.33333
21.9444
19.3333
4.88889
-2.55556
-5.88889
-3.72222
5.5
12.8889
8.72222
-3.27778
-11.8333
-8.22222
0.5
6.33333
5.44444
2.55556
0.5
0.0555556
-0.111111
-0.166667
0.111111
0.555556
1.5
2.16667
4.61111
9.55556
13.2778
8.94444
-7.05556
-22
-23.5
-8.94444
7.88889
13.8333
9.66667
-5
-4.61111
2.77778
12.5
10.1667
-4.77778
-21.0556
-22.6111
-9
7.88889
16.1111
14.3889
8.44444
3.77778
1.27778
0.222222
-0.166667
0
0.277778
0.277778
0.166667
0.666667
2.88889
6.77778
10
6.38889
-6.5
-18.8333
-18.1667
-3
10.8889
12.6111
-7
-2.5
8.11111
13.7778
4.38889
-12.7222
-25.8889
-24.5
-12.3333
3.72222
15.1111
18.9444
15.6111
9.88889
4.05556
1.22222
0
0.111111
-0.111111
-0.277778
-0.388889
0.166667
0.833333
3
6.44444
9.77778
3.83333
-9.83333
-19.2778
-12.7222
4.27778
11.2778
-5.5
2.5
12.7222
11.6667
1.11111
-8.88889
-14.5
-15.6667
-17.0556
-12.2778
-1.27778
11.1111
18
16.6667
10.7778
4.83333
1.33333
-0.111111
-1.77778
-3.22222
-2.77778
0.277778
3.11111
3.38889
3.83333
6.94444
7.44444
-2
-13.8333
-16.7778
-4.77778
1.72222
12.4444
19.6111
19.7222
8.72222
1.22222
1.5
4.88889
-0.888889
-16.1667
-27.1667
-23.8333
-8.38889
8.27778
17.1111
17.1667
11.5556
5.38889
0.833333
-3.94444
-7.94444
-8.05556
-1.27778
6.33333
8.5
5.72222
5.05556
7.22222
2.77778
-10.4444
-25.7778
-26.8889
-20.7778
18.5556
25.4444
19.1667
5.61111
0.722222
7.61111
17.3889
13.8333
-4.55556
-26.5
-36.5
-30
-11.9444
5.72222
17.3333
18.1667
13.1111
5.11111
-4.22222
-12.9444
-15.3333
-5.66667
8.33333
15.0556
11.5556
5.88889
5.88889
4.11111
-7.94444
-30.5
-45.1667
-42.4444
33.1667
37
21.0556
4.22222
-1.11111
6.83333
17.4444
19.7222
10.3333
-9.11111
-28.7222
-37.5556
-32.1111
-15.5556
3.44444
16.3333
19
13.2222
1.5
-11.0556
-18.6667
-11.5
4.22222
17.4444
16.5556
9.55556
5.5
4.27778
-7.88889
-33.2778
-54.3333
-49.5556
32.8889
34.2778
17.8889
4
-1.83333
2.94444
10.0556
16.7222
18.4444
10.1667
-7.94444
-27.1111
-37.7222
-33.7222
-17.7778
1.94444
16.0556
19.2222
11.6667
-2.05556
-14.1667
-13.6111
-1.44444
13.5556
16.5
10.7778
4.88889
3.55556
-2.27778
-16.6667
-28.8889
-26.2778
58.5
56.2222
30.8889
9.11111
-0.777778
1.05556
4
9.16667
15.7222
18.4444
11.5
-5
-24.7778
-36.7778
-35.3889
-20.6111
-1.05556
14.6111
19.1667
12.1111
-1.61111
-8.94444
-5.27778
6.61111
11.7778
9.27778
3.83333
2.22222
0.944444
-3.22222
-5.16667
-3.22222
58.3889
53.8333
31.1667
11.0556
1.27778
0.666667
0.944444
3.11111
8.38889
15.2222
18.6111
13.1111
-2.55556
-22.0556
-35.8889
-36.2778
-23.0556
-2.77778
14.1111
19.2778
11.7222
1.38889
-2.72222
2
6.16667
5.72222
2.44444
1.11111
3.05556
7.38889
11.2222
9.5
42.6111
44.3889
29.7778
12.7778
2.66667
1.05556
0.611111
0.722222
2.72222
7.55556
14.6667
19.1111
14.7778
-0.166667
-20.1667
-34.8333
-37.1111
-24.6667
-4.05556
14.0556
18.6667
12.1111
3.66667
1.55556
3.22222
3.16667
1.5
-0.444444
0.444444
4.55556
4.77778
1.33333
8.44444
19.1667
19
12.8333
4.16667
1.16667
0.5
0.0555556
0.388889
2.5
7.33333
14.2222
18.6111
15.3889
2.05556
-16.3333
-32.1667
-36.2778
-24.7222
-3
14.2778
16.6111
9.61111
3.05556
2.66667
2.11111
1.11111
-1.83333
-2.55556
0.777778
-0.388889
-2.44444
-13.3333
8.11111
18.7222
17.5556
7
1.66667
0.666667
0.0555556
-0.222222
0.166667
2.05556
6.11111
12.5
17.3889
15.8333
4.16667
-14.2222
-31.1111
-33
-18.1667
3.61111
12.9444
10.6667
3.55556
2.94444
2.11111
0.833333
-3.72222
-6.5
-4
-2.61111
0.444444
-22.5556
0.111111
19.3333
24.3333
13.4444
3.83333
0.555556
-0.0555556
-0.277778
-1
-2.88889
-4.83333
-2.61111
5.27778
13.9444
15.1667
5.77778
-10.2778
-19.8333
-16.5
-2.5
5.61111
6.44444
2.05556
2.66667
2
-0.666667
-6.83333
-11.6667
-8.66667
-2
7.88889
-29.2778
-10.9444
17.8889
30.3889
22.5
8.05556
1.16667
0.333333
0
-1.44444
-5.16667
-10.8333
-13.7778
-9.77778
1.11111
11.5
15.3889
9.77778
1.83333
-2.88889
-0.333333
1.44444
1.66667
-0.666667
0.444444
0.111111
-4.05556
-11.2778
-16.2222
-11.0556
0.333333
13.0556
-36.7222
-28.9444
7.66667
34.3889
34.7778
17.2222
3.66667
0.888889
0.166667
-1.33333
-5.11111
-11.1111
-16.8889
-16.5556
-9.16667
4.33333
15.7222
21.8333
19.7778
13.8333
7.22222
1.5
-3.61111
-7.44444
-7.77778
-7.05556
-10.7778
-17.3889
-19
-10.8333
4.44444
14.3333
-39.7222
-43.3333
-8.11111
29.5556
44.3333
29.2222
10.6667
2.22222
0.5
0.611111
1.27778
1.05556
-2.16667
-5.77778
-6.11111
0.444444
9.33333
16.7778
17.8333
14.1667
8.11111
1.11111
-7.77778
-15.4444
-19.2222
-18.3889
-21.5556
-24.8333
-19.6111
-5.05556
13.0556
18.1111
-38.3889
-52.2222
-27.7778
15.4444
46
42.7222
22.5556
7.16667
1.38889
1.83333
5.05556
9.94444
11.9444
10.1667
5.44444
3.72222
4.61111
8
9.33333
8.33333
4.66667
-1.77778
-12.5
-22.8889
-29.8889
-31.0556
-32.2778
-27.7222
-11.0556
10.5
26.7222
25.5556
-28.8333
-49.7222
-45.2778
-12.7222
30.5
47.5556
39.1667
19.2778
7.11111
3.5
5.94444
11.8333
17.6111
18.5556
14.1667
6.33333
1.05556
-1.22222
-0.833333
-0.777778
-1.16667
-4.66667
-12.9444
-23.5
-32.5
-35.5
-31.1111
-14.5556
12.0556
33.8333
40.4444
32
-18.1667
-39.6667
-53.1667
-40.5556
-1.94444
35
47.7222
37.7778
21.1111
10.3333
5.5
6.55556
10.6111
13.2778
11.6667
5.44444
0.388889
-2.27778
-2.05556
-2.22222
-2.88889
-6.5
-12.8889
-20.5556
-24.5
-22.1111
-8.55556
14.2778
39.2222
48.7222
40.3333
23.9444
-9.11111
-27.1111
-50.3333
-59.8333
-38.3333
3.22222
39.4444
50.5
41.1111
24.8333
11.9444
5.27778
4.5
5.22222
5.33333
2.38889
0.166667
-1.38889
-1.66667
-3.33333
-5
-8.94444
-11.5
-13.3333
-7.83333
2.22222
20.0556
37.6111
48.3333
41.4444
23.2222
5.11111
-3.33333
-13.8333
-34.6111
-54.2778
-56.1111
-29.8333
9.66667
38.7778
44.5556
31.5556
17.5
8.38889
6.27778
4.38889
2.83333
1
-0.388889
-1.94444
-4.11111
-6.27778
-7.72222
-8.22222
-5.61111
0.111111
11.7778
25
36.6667
39.6667
31.3333
14.4444
-3.27778
-13.5
-0.5
-6.22222
-16.7222
-32.6667
-46.2778
-47.3333
-28.5
-6.27778
8.05556
4.66667
2
3.61111
10.4444
12.2778
9.94444
6.22222
1.77778
-3.44444
-8.27778
-9.05556
-5.77778
0.277778
7.66667
14.2778
21.1111
26.8333
29.7222
24.8889
10.1667
-5.66667
-16.5
-17.9444
-2.66667
-3.77778
-3.11111
-8.33333
-22
-42.3889
-53.3889
-54.8333
-48.2222
-44.3333
-32.6667
-13
9.72222
22.2778
24.8333
20.3889
9.55556
-4.77778
-14.3333
-9.77778
2.83333
16.5556
21.3889
21.1111
17.0556
18.4444
19.8889
16.0556
-0.944444
-17.6667
-25.8889
-21.4444
-3.14
-4.3
-5.64
-6.22
-5.62
-4.52
-3
-1.04
0.9
2.04
3.14
3.3
2.58
1.12
-0.38
-1.6
-1.98
5.02
13.94
18.72
20.2
21.9
11.14
2.58
0.26
-2.1
-3.88
-0.72
-5.12
-6.36
-6.94
-6.02
-4.38
-2.12
0.66
3.82
6.2
7.64
8.32
7.5
5.26
2.36
-0.38
-2.48
-3.28
6.96
18.96
24.08
24.36
24.64
5.74
-10.54
-9.58
-4.82
-1.2
10.92
-6.6
-7.54
-6.64
-3.76
-0.44
3.5
7.18
10
10.4
9.78
8.34
6.24
3.66
1.82
0.66
-0.46
-0.14
12.4
26.28
29.78
27.7
24.04
-1.8
-25.66
-21.68
-10.32
-0.24
19
-7.38
-7.1
-4.18
0.08
4.48
8.04
10.32
10.58
8.86
6.88
4.9
3
1.46
0.9
1.16
1.8
4.4
17.9
33.54
36.32
31.5
22.84
-6.14
-35.6
-31.72
-16.6
-2.34
19.82
-5.86
-4.42
-1.28
2.52
5.54
7.16
8.56
8.98
7.9
6.46
4.92
3
1.2
0.56
1.12
2.58
5.4
17.88
32.4
34.82
29.28
20.2
-7.5
-36.7
-35.02
-20.68
-6.5
15.32
-3.36
-1.66
0.3
1.62
1.5
2.04
4.36
6.94
8.52
9.46
8.52
5.9
3.1
1.58
1.4
2.36
4.74
14
25.64
28.14
23.88
15.76
-6.28
-31.48
-32.48
-21.62
-9.64
8.8
-0.18
1.5
0.96
-1.38
-4.1
-5.34
-2.8
2.18
6.88
10.2
10.78
8.5
5.18
3.12
2.4
2.96
5.04
11.18
19.44
21.96
19.62
13.08
-2.66
-22.46
-26.38
-21.24
-12.86
0.92
4.82
5.76
1.84
-4.28
-10.28
-14.22
-12.42
-5.46
3.12
10.28
14.22
14.04
10.98
7.16
3.84
2.12
2.54
5.48
10.88
14.58
15.4
12.42
3.3
-10.62
-16.84
-17.88
-15.82
-8.44
14.72
12.52
4.52
-5.16
-14.44
-20.04
-19.14
-12.08
-1.8
8.38
15.06
17.54
16.4
12.36
6.64
1.98
-0.58
-0.88
1.32
5.92
10.12
12.06
8.78
0.2
-8.06
-15.28
-20.82
-21.1
17.02
14.06
6.4
-2.74
-12.18
-19.08
-21.34
-18.24
-10.96
-1.14
7.98
14.54
17.66
16.7
11
3.78
-1.26
-4.04
-4.32
0.6
7.64
12.5
12.84
7.56
-1.66
-13.04
-23.76
-30.64
25.86
21.16
13.68
4.82
-3.98
-12.24
-19.06
-22.5
-21.32
-15.46
-5.82
5
13.42
17.2
14.18
6.8
-0.26
-4.88
-6.88
-2.38
6.24
13.58
16.26
13.02
3.28
-11.34
-26.32
-38.7
39.66
31.02
22.16
13.18
5.06
-1.98
-11.38
-21.42
-27.26
-27.38
-21.16
-9.5
3.7
12.5
13.8
8.94
1.98
-4
-7.24
-3.54
5.56
14.32
18.48
16.8
7
-9.6
-26.68
-42.54
50.24
37.68
27.52
18.34
11.98
8.16
-0.52
-13.7
-25.94
-32.82
-32.7
-25.1
-11.82
1.52
8.38
8.46
4.44
-0.22
-4.4
-2.62
5.08
14.28
18.8
18.26
8.7
-8.22
-25.68
-42.08
49.88
37.36
27.96
19.84
15.92
15.12
8.96
-2.8
-17.32
-29.92
-36.2
-34.94
-26.76
-13.44
-1.92
3.7
4.4
3.7
0.94
0.8
6.04
13.86
17.56
17.36
10.48
-2.22
-16
-29.28
62.74
46.22
32.64
20.72
15.64
17.56
15.46
7.64
-4.26
-18.24
-30.26
-36.4
-35.5
-27.68
-16.14
-5.66
0.48
4.8
6.22
6.14
8.44
13.8
15.84
14.74
9.92
1.5
-8.26
-17.62
62.42
45.34
30.6
18.2
12.44
15.86
17.82
15.26
8.22
-2.98
-16.76
-28.94
-35.74
-35.46
-28.4
-17.42
-7.2
1.96
8.32
10.12
10.8
13.56
13.8
11.14
7.64
3.58
-2.34
-8.22
51.9
39.1
27.4
16.58
9.7
11.66
15.52
17.64
15.62
9.08
-1.76
-15.54
-28.64
-35.58
-34.6
-27.26
-16.58
-3.8
7.2
11.54
12.04
13.22
12.06
7.38
4.24
3.56
-0.8
-4.48
41.28
34.7
26.46
18.04
9.72
7.8
9.56
12.54
14
11.54
5.12
-4.46
-16.98
-28.02
-31.56
-28.1
-20.42
-8.42
5.42
11.92
12.64
12.66
10.68
3.82
0.02
1.08
-1.42
-2.74
35.66
34.52
28.78
21.82
12.08
6.1
4.76
6.06
8.2
8.66
6.24
1.38
-6.36
-16.5
-22.5
-22.38
-18.16
-10.12
2.64
10.02
11.08
10.2
7.78
-0.32
-5.78
-5.74
-6.82
-5.76
21.48
30.18
29.82
26.68
17.84
7.62
2.12
1.4
2.06
3.3
4.2
3.88
1.24
-3.72
-8.2
-10.1
-9.34
-6.14
1.06
5.52
5.38
2.86
-0.48
-8.2
-13.78
-14.02
-13.2
-9.14
10.18
28.44
34.58
34.1
26.54
13.06
2.9
-1.32
-2.48
-2.02
0.08
3.24
5.5
5.82
5.18
4.02
2.62
1.12
2
1.64
-1.68
-7.02
-12.36
-19.66
-24.68
-24.36
-20.44
-11.02
-0.44
25.22
37.78
41.4
36.44
21.72
7.58
-0.62
-4.32
-5.14
-3.82
0.64
6.36
11.14
14.4
16
14.68
10.06
4.92
-0.72
-8.58
-18.32
-26.38
-32.34
-34.44
-30.82
-19.76
-3.14
-14.08
16.36
36.64
46.22
46.16
33.24
18.54
8.34
3.06
1.7
2.44
4.72
8.76
13.42
16.5
18.1
17.46
12.02
3.02
-6.34
-17.56
-30.88
-39.88
-41.74
-37.58
-27.5
-8.54
12.44
-31.62
0.64
28.28
45.98
53.46
46
32.46
21.06
13.88
11.18
10.98
11.8
12.96
15.28
16.68
16.84
15.54
9.8
-1.28
-12.86
-25.36
-39.32
-46.48
-42.56
-32.44
-17.52
4.76
25.52
-50.3
-22.6
10.06
35.86
52.82
55.38
47.4
35.54
26.54
20.9
17.92
16.44
15.36
14.04
12.88
11.1
8.82
2.94
-6.56
-16.66
-27.02
-38.3
-41.46
-33.38
-19.56
-2.16
20.6
39.04
-61.56
-42.96
-12.3
18.4
41.92
53.28
53.34
44.2
34.64
27.66
22.98
19.06
15.8
11.74
7.66
3.74
0.54
-3.92
-10.42
-16.84
-22.88
-28.74
-26.6
-14.36
2.52
20.52
40.14
51.14
-65.66
-58.1
-35.44
-7.86
16.48
31.5
37.7
33.72
27.96
24.62
23.6
21.46
18.48
12.98
6.18
-0.56
-5.22
-8.64
-11.4
-13.54
-14.14
-12.96
-4.92
9.64
25.86
39.66
49.44
48.38
-64.62
-67.32
-55.86
-36.78
-17.3
-1.8
8.32
9.58
9.52
12.88
18.32
21.6
22.56
18.44
10.56
1.4
-5.3
-8.26
-7.54
-5.4
-0.76
6.76
17.52
29.64
39.46
43.68
40.34
29.24