66.5
96.375
74.75
43.625
-1.875
-55.625
-51.25
-66.75
-46.375
-12.125
-23.625
1.625
-7.125
-22.375
32.625
59.875
96.75
115.25
96.375
89.5
79.375
59.125
25
-5
-43.875
-62.125
-47.75
-47.875
-32.25
-25
-27.375
-21.625
-17.375
-10
51.375
50.75
52.625
56.125
42
-3.125
-45
-82.375
-75.125
-49.625
-9.375
53.75
64.5
71.875
73.5
62
74.25
90.75
114.125
127.25
136.25
137.75
124.625
100.75
62.5
31
8.375
-17.375
-16.5
-18.125
-13
2
-4.75
-13.75
-25.25
-47.625
-12.375
15.375
52
63.25
9.875
-9.5
-18
-20.75
18.125
27.5
13.25
-3.125
-51.75
-71.375
-81.625
-77.5
-56.375
-40.125
-13.625
20.625
56.625
85.5
100.75
95.5
74.75
46.5
23.75
13.75
15.625
24.25
16.875
3.5
-62.125
-74.375
-55.625
-29
26.875
72.5
69.75
81.625
67.625
39
14.75
-48.375
-96.75
-124
-141.625
-133.5
-122
-112.75
-110.25
-109.75
-107
-99.375
-80.375
-48.25
-2.125
44.375
76.25
83.75
66.75
44.5
27.125
14.625
6.125
-1.5
-8
0.125
-4.5
6.125
27.375
43.375
72
72.5
50.25
5.375
-54.125
-104
-108
-93.875
-74.25
-54.375
-40.625
-30.875
-29.625
-35
-45.125
-60.125
-76.875
-89.875
-88.5
-60.25
-10.375
40.25
67.875
63.625
37.375
4.875
-11.125
-12.125
32.875
53.125
36.625
18.5
-2.375
-4.375
12.5
-6.125
-36.375
-72.625
-90.75
-76.5
-42.5
-11.25
15.625
40.625
60
71
72
64.375
49
27.875
2.75
-27
-58.75
-81.125
-75.875
-37.75
10.875
44.125
46.875
25.25
3
-3.75
-4.625
3.25
-15.375
-16.125
-36.5
-42.875
-42.875
-56.75
-80.5
-76.875
-44.25
-2.5
33.625
68.25
101.5
129.375
147.625
157
158
151.75
138.625
116.5
87.25
51.875
12.625
-27.625
-61.875
-70.75
-42.25
1.5
33.625
45.25
31.625
13.875
-21.375
-39.5
-51.125
-23
-26.75
-41.25
-48.625
-65.375
-64.5
-25.875
22.375
65.25
106.625
134.375
139.625
130.625
112.875
102.75
102.125
110.375
125
136.75
137.625
119.25
84.125
41.625
-5.625
-47.25
-58.375
-33.875
3.625
39.625
54
39
-4.25
-29
-25.625
-16.375
-16.375
-23.625
-46.75
-55.75
-17.75
33
77.375
107.75
118.375
103.25
71.625
44.375
26.5
16.875
16.125
23.625
38.25
61.75
90.25
112.5
115
92.25
52.625
2.875
-42.5
-48.75
-18.25
15.375
44.625
44.75
-8.75
-5.125
14.875
-7.75
-15.375
-26.875
-52.25
-24.875
31.25
72
91.75
93.75
63.625
28.375
9.25
0.125
0
0
0
0
0.625
7.125
22.75
52.625
85.5
97.5
84.75
50.75
-1
-40.75
-33.5
-12.625
8.375
26.75
-10.125
25.75
36.625
9.375
-8.375
-38.875
-36.375
21.875
63.125
78.625
77.125
49.25
15.75
0.75
0
0
0
0
0
0
0
0
1.375
11.625
38
70.125
81.625
72.25
40.5
-13.25
-39.625
-25.75
-12.125
10.25
24.25
43.125
21.625
8.375
-16.875
-40.25
2.875
53.875
66.875
67.125
49.125
13
0.625
0
0
0
0
0
0
0
0
0
0
0.5
8.375
35
59.5
65.375
56.875
20.375
-28.5
-28
-14
-0.875
34.375
26.625
-4.125
-8.125
-29.875
-27.25
35.25
52.75
53
49.125
14.875
0
0
0
0
0
0
0
-0.25
-1.375
-3.75
-6.875
-10.25
-13.375
-15.125
-5.125
25.75
43.5
48.375
39.125
-6.875
-27
-12.875
-5.75
20.375
11.25
-7.375
-19.5
-27.625
-1.5
38.5
38.75
30.5
8.875
-25
-33.125
-33.625
-33
-27.875
-19.75
-11.25
-3.125
-8.875
-21.125
-30.75
-41.125
-42.5
-40.875
-43.25
-38.25
-11.25
17.5
32.375
37.375
12.75
-21.125
-11.5
-5.125
51.625
26.75
6
-20
-23
19.625
29.375
26.125
13.5
-17.75
-32.625
-37.125
-33.875
-33.625
-32.75
-25.625
-17.125
-9.125
-18.625
-29
-34
-37.625
-24
-15.25
-17.25
-22.5
-16.625
4.625
16.75
26.375
22.125
-12.875
-10.125
-3
56
24.875
0.875
-14.375
-16
23.125
23.25
11.75
8.875
-9.625
-6.75
7.125
9.875
5.875
-11.5
-21.875
-23.375
-31.5
-34.375
-32.375
-41.125
-41.125
-33
-36.75
-41.375
-57.5
-57.5
-33.375
-14
10.75
19.625
-5.875
-8.75
-1.75
18.125
3.875
-9
-9
-7.125
15
14.375
-9.125
-25.875
-56.375
-74.125
-70
-75.25
-78.75
-87.875
-90.375
-70.75
-72.375
-72.125
-82.375
-120.5
-137.25
-150.125
-159.25
-160
-159.375
-135.875
-87.625
-43.75
-5.25
11
-1.75
-6.375
-1.25
9.25
1.25
-1.75
-3.75
-2.25
5.375
3.625
-24
-59.625
-102.5
-138.5
-148.5
-151.125
-148
-135.875
-123
-87
-73.5
-74.25
-85.75
-121.25
-135
-142.75
-139.875
-132.375
-118.75
-93.75
-58.125
-28.375
-6.75
2.5
-1.75
-3.25
-2.875
-11.25
-2.375
3.125
0.375
0
-3.5
-4.25
-7.75
-17.75
-20.125
-20.875
-17.125
-5
2.375
6.875
6.5
4.75
8.125
6.625
15.875
33.875
47.875
67.625
80.875
80.375
67.5
55.5
33.25
12.625
5.25
-3.75
-2.75
1.25
-3.25
-56.75
-18.25
-0.875
2.75
2.625
-13.75
-11.375
8
28.875
74.125
109.5
129.125
150
154.25
137.25
121.5
83
69.5
70.375
90.75
143.5
172.25
205.125
216.125
203.25
169.5
132.75
73.5
26.75
6.25
-11
-1.125
7.625
1.875
-75.625
-40.375
-17.75
4.125
10.625
-21
-20.375
-0.375
27.625
77.125
104.5
112.625
114.125
109.875
100
91.125
64.75
52.5
62.125
75.875
103.125
115.25
113
106.5
105.25
108
92.125
51.125
18.375
-10.625
-20.875
6.125
13.375
6.125
-55
-38
-21.5
10
23.5
-19.125
-30
-10.5
15
45.75
58.375
44.25
24.875
20.875
37.625
42.75
38.25
38.25
47.125
48.5
49.625
45
13.125
1.375
13.75
45.375
47.125
31.125
18.5
-11.625
-13.375
23.25
15
6.375
-5.375
-11.875
-0.5
13
29.625
-5.375
-37.625
-27.875
-15.5
1.75
21.75
11.625
0
0.125
13.75
18.375
18.375
20.875
22.25
21
21.25
18.625
3.75
0.5
6.75
20.375
20.125
27.875
44.375
40.75
44.875
59.125
19.5
7.875
17.375
-12.625
10.625
11.875
27.75
18.25
-34.75
-47.5
-46.25
-38
-9
0.75
0
0
0.375
0.375
0.375
0.375
0
0
0
0
0
0
0
-2.75
-9
14.5
50.125
66
91
75.25
17
1.625
-9.25
-36
-5.5
9.625
22.875
39.125
-11.125
-52.5
-61.125
-58.75
-36.125
-8.375
-0.375
0
0
0
0
0
0
0
0
0
0
0
-7.125
-29
-55.25
-62.875
-55.75
-32.5
26.375
14.75
-6.125
-14.375
-29.125
-28
-11.375
21.25
34.625
50.625
25.875
-33.75
-67.875
-76.875
-68.75
-38
-11
-1.125
0
0
0
0
0
0
0
0
0
-9.5
-37.375
-76.25
-111.375
-139.625
-146
-97.875
-48.5
-46.25
-21.5
-34.125
8.625
34.875
25.875
45.75
57.375
49.25
51.375
9.75
-47.875
-81.875
-95.125
-83.625
-50
-19.5
-4.5
-0.375
0
0
0
0
0
-3
-17.625
-48.875
-84.875
-105.125
-108.875
-101.375
-72.375
-26
-35.5
-37.5
-32.75
-58.625
71.5
81.25
48.125
21.375
20.125
21.375
48
51.625
4.25
-50.5
-88.375
-110.875
-110.875
-86.125
-55
-31.375
-15.875
-8.5
-7.75
-13.625
-29.125
-51.5
-84.75
-111.25
-111
-90.5
-56.75
-14.625
28.625
24.375
-14.625
-30.125
-58.25
-54.5
23.25
11.25
-11.375
-56.75
-71.625
-25.875
22.5
60.75
57.75
11.375
-38.25
-83.625
-120
-137.375
-133.625
-118
-102.5
-93.875
-91.75
-96.625
-112.25
-129.75
-135.5
-119.875
-83
-41.25
2.5
45.25
54.5
15.5
-18.25
-49.25
-59.875
-23.5
-63.875
-68.875
-67.625
-76.5
-97.625
-63.25
-17.375
30.375
70.25
69.25
30.75
-14.375
-53
-90.125
-122.5
-145.75
-160.25
-165.375
-163.875
-156.25
-140.75
-120.125
-89.375
-54.875
-22.375
19.875
58.25
70.375
39.875
-0.875
-25
-30
-4.75
15.875
-49.875
-50.75
-44.25
-30.375
-41.875
-56.625
-57.5
-28.625
23
74.25
84.875
60.75
25
-10.75
-39.125
-61.125
-76.875
-83.875
-84.5
-78.375
-62.5
-42.5
-17.5
16.375
47.75
77
76.125
32.625
-15.75
-41.5
-31.375
6.5
36.375
40.5
-21.875
-26.25
-17.875
-12.375
-3.375
-22.5
-60.25
-73.875
-57
-6.625
52.375
90.375
96.25
77.375
54.25
33.5
19.5
11.125
8.375
11.75
24.875
45.875
68.875
89.5
86.875
52.375
-2.625
-54.125
-76.875
-66.75
-37
-13.5
0.75
9.375
24.5
9.875
10.125
0.375
-6.5
-11.5
-29.375
-57.375
-82.125
-82.625
-51.75
2
55.75
87.25
97.75
92.375
80.5
68.875
61.5
63.375
75.125
87
81.75
46.375
-8.875
-63.5
-95.375
-88.5
-64.625
-38.125
-25.25
-24.625
-18.25
-12.25
38.625
20.5
7.5
-7.5
-19.25
-16.75
-9.375
-16.625
-32.125
-57
-80.125
-88.75
-75
-40.5
0.25
33.5
48.375
53.125
47.5
37.125
19.5
-14.75
-55
-92.875
-111.125
-103.125
-74.375
-41.75
-16
2.75
4.125
1.5
-0.375
-5.625
56.75
25.625
-34.25
-46.125
-26.875
27.375
67
36.25
-15.625
-11.125
7.375
-8.375
8.375
37.875
3.625
-65.625
-77.25
-24.75
5.125
-19
-48.125
-27.625
21.5
26
8.875
16.625
-6.25
-28.125
-11.5
-8
-10.875
-11.375
5.625
28.5
48.875
43
-6.125
-53.625
-74.5
-21.625
45.5
35.625
-2.625
23.875
29.375
-11
8
32.125
0.5
-43
-57.25
-32
-8.625
-12.5
-21
-12.75
2.375
0.25
-9
-11.75
-17.375
-9.875
-0.75
-11.125
-14
-4.25
14
23
43
39.625
0.625
-49.875
-74
-20.25
22.625
0
5.75
68.5
44.875
-26
-17.5
0.875
4.25
-14.625
-43.625
-26.5
-3.625
-5.625
-13.625
-10.625
2.875
9.75
2.75
-14.25
-30
-32
-23.25
-14
-2.375
8.5
8.375
-0.5
9.625
22.125
40.875
18
-49.625
-51
-23.5
-5.125
34.125
54.75
5.5
-25.875
-5.75
-10.5
-21.625
-19.75
-14.75
-5.75
0.5
0.75
-4.75
-5.125
1.125
6.75
8.375
4.625
-10.5
-35.25
-42
-25.75
-8.875
0.625
-3.875
-13.75
1
-6.875
59
65.625
-36.125
-50.625
-12.75
-13.25
-8.5
3.375
-9.125
-22
-22.25
-23.625
-22.25
-18.875
-13.375
-4.875
2.375
6
7.625
13.375
20.125
20.875
18
14.25
6.875
-9
-32.875
-46.375
-31.375
-7.375
-9.875
-22.375
19.625
-7.875
41.125
58.75
-6.375
-13.125
-9
-35.625
-31.375
-23.875
-36.25
-38.5
-27.25
-8.25
13.125
20.375
14.5
5.25
-5
-13.875
-19
-16.625
-4.25
14.5
30.5
35.375
28.625
16.75
-3.875
-35.125
-50.625
-38.75
-27
-19.5
39.125
15.75
13.625
29.625
20
-4.125
-30.625
-44.5
-50
-52.625
-35.75
-1
28.375
36.25
28.75
21.875
15.375
5.5
-5
-13.75
-19.875
-27.25
-35.5
-32.875
-12.625
18.125
41.125
44.5
30.75
-4.25
-49.625
-64.5
-42.125
-13.625
40.625
15.25
-5.875
17.5
26
-13
-48.375
-61.625
-56.75
-24.875
21.625
49.75
47.375
37.875
29.625
22.375
15.625
5.75
-4.875
-13.375
-19.25
-27.25
-37.625
-47.25
-51.125
-34.625
3.375
41.25
55.375
35.625
-11.875
-54.875
-59.25
-33
23
13.25
-2.375
25.375
24.125
-33.875
-71.5
-60.75
-17.75
32.25
63.375
63.25
48.125
38.25
30.125
22.125
15
5.375
-4.625
-12.125
-17.5
-26
-37.25
-48
-60.75
-66.5
-47.625
-3.375
44
64.25
37.25
-25.125
-68.125
-55
4.25
7.375
24.375
39.25
-10.125
-72.125
-71
-24.625
33.5
74.5
78.75
63.25
46.375
28.125
9.25
0.125
0
0
0
0
-0.625
-7.125
-21.5
-39.375
-58
-75.25
-80.25
-53.75
0.5
52.5
72.5
29.875
-51.375
-79
-5.625
9
51.625
25.875
-65.625
-89.875
-40.125
23.875
79.375
93.125
75.375
47.75
15.75
0.75
0
0
0
0
0
0
0
0
-1.375
-11.625
-35.25
-64.625
-91.875
-92.5
-48
16.25
73.375
74.5
-13.875
-89.25
3
41.625
46.625
-32.375
-101.125
-68.25
2.875
67.625
107.125
92.375
47.875
13
0.625
0
0
0
0
0
0
0
0
0
0
-0.5
-8.375
-34.75
-79.5
-110.625
-88.625
-27.125
43.75
89.25
33.75
-71.875
29.625
82.125
24.625
-98.375
-109.375
-33
40.75
107.75
115.75
62.375
14.875
0
0
0
0
0
0
0
-0.25
-1.375
-3.25
-4.125
-3.25
-2.375
-1.625
-7.125
-41
-99.25
-117.375
-66.875
7.375
79
73.625
-36.5
44.875
74.25
-25.625
-130.5
-87.625
-0.75
75.25
134.5
90.75
8.875
-9
0.375
0.375
-0.25
5.375
13.5
11.25
3.125
-8.875
-21.125
-13
1.125
1.25
-0.875
-2
2.75
-2.75
-62
-124.375
-100.875
-25.5
56.125
93.25
4.375
48.375
41.25
-78.25
-139
-61.25
28.125
110.125
133.125
48.25
-10.5
-1.875
4.375
0.625
-0.875
0.5
8.875
15.125
7.625
-17.125
-30.25
-5.25
10.625
2.25
-1.25
-5.25
-7.25
4.125
-23.375
-106.5
-125.375
-53.375
32.125
96.125
41.5
45.25
0.875
-108.875
-127.125
-41.5
51.375
134.5
111.25
9.125
-19.125
1.5
3.125
-2.125
-4.125
-7.75
2.875
29.125
20.75
-35.375
-57.625
-15.125
8.875
-0.25
-4
-9.625
-12.25
20.75
32.875
-60.75
-131.75
-75.125
11.875
90.25
68.75
37.625
-39.625
-140.25
-117.75
-26.375
70.5
149.125
73.125
-46.875
-41.625
-1.125
2.5
-2.5
-4.25
-7.875
8.625
56.25
42.375
-61.125
-94.875
-25
11.75
2.375
-2
-8.5
-13.875
32.125
82.125
-9
-126.75
-90.75
-2.25
83.875
86.25
20
-59
-149.75
-111.5
-18
82.375
156.125
39.5
-90.125
-47.25
6.25
2
-2.875
-3.75
-13.125
-0.25
71.5
63.75
-76
-113.75
-28.25
7
-0.5
-2.625
-7.375
-13.25
41
118.625
27.875
-122
-99.25
-9.5
80.25
93.125
35.5
-56.125
-150.875
-111.375
-17
84.25
157
31
-108.5
-59.125
9.125
9.375
2
-0.375
-13.125
-2.75
76.5
73.375
-80.875
-128.125
-26.375
22.125
7.875
-1.375
-11.125
-28
34
133.75
38.375
-124
-99.75
-9.5
80.5
93.5
58.25
-41
-143.125
-113.5
-21.625
77
151.625
37.25
-108.625
-57.375
26.5
21.125
4.75
2.75
-18.25
-14.5
71.25
75.5
-75.625
-116.5
-2.5
42
13.875
1.375
-13.25
-42.75
15
112.75
13.25
-132
-91.5
-1.875
85.375
87.375
64.125
-3.625
-107.25
-116.625
-35.375
60.5
140.125
71.125
-57.125
-34.125
31.5
22.875
5.125
2.875
-18.5
-20.625
44.5
54.25
-49.625
-77.875
10.625
43.25
14.5
1.75
-12.75
-43
-2.375
57.625
-41.875
-137.625
-75.125
12.875
95.125
70.625
63.75
33.25
-59.25
-118.75
-57
36.625
119.5
108
8.75
-5.75
33.125
23
5.125
2.625
-18.625
-25.25
18
29.75
-26.125
-39.25
23.625
42.75
12.875
0.875
-13.5
-44.875
-21.875
4.625
-84.5
-133.875
-63.375
27.5
104.25
44.125
21.125
56.875
-1.5
-107.75
-82.625
8.125
89.125
121.625
64
22.5
24.5
11.625
0
-0.125
-13.75
-18.125
9.125
15.625
-13
-15.75
14
18.125
3.5
0
-6.5
-19.875
-8.375
-14.875
-85.375
-114
-70.375
24.375
99.25
7.875
-21.125
64.375
52.375
-77.375
-106.5
-27.5
53
115
108.75
53
13.75
1.5
0
0
-0.375
-0.375
0.375
0.375
0
0
0
0
0
0
0
-2.75
-11
-34.5
-64.875
-86
-74
23.75
69.25
-42.625
-53.5
42.25
81.75
-22.625
-107.375
-65.875
12.625
81.5
112.625
86
38.125
8.375
0.375
0
0
0
0
0
0
0
0
0
0
0
-7.125
-29
-42.5
-32.125
-27.5
-53.5
-45.625
29.5
16.625
-77.625
-58.625
28.5
100.875
32.25
-91.875
-101.375
-32.875
38.75
89.375
95.625
69.5
36.5
11
1.125
0
0
0
0
0
0
0
0
0
-9.5
-37.375
-62.75
-56.625
-20.625
5.25
-6.625
-5.75
5.25
-46
-85.625
-44.875
27.375
94.125
48.75
-59.875
-104.25
-74.875
-11.25
50.875
80.875
77.625
62.125
41.75
18.75
4.5
0.375
0
0
0
0
0
-3
-17.625
-42.875
-63.875
-71.375
-57.875
-19.875
23.875
40
22
-28.25
-80.75
-70.125
-17.5
31.5
54.125
18.625
-27.125
-58.375
-78.5
-58.375
-2.5
47.5
67.875
63.125
47.875
36.125
30
20.875
9.125
2
-1
-7.125
-20.375
-30.75
-35.25
-48
-65.75
-70.25
-48
-0.625
47.375
54.125
6.375
-58.375
-74.75
-34.25
18.25
34.5
13.625
-15.5
-8.125
-5.625
-38.5
-62.75
-49.5
-8.625
34.75
54.875
48
36.375
30.125
21.25
10
3.625
0.75
-6.375
-21.25
-32.75
-37.25
-49.125
-59
-42.75
-1.25
41.75
55.75
24
-45.75
-88.5
-51.875
-5.25
38.375
43.375
-28.875
-60.75
-2.125
34.25
4.625
-27.125
-41.75
-47
-25
13.625
34.5
34.625
29.75
21.5
10.75
4.625
1.875
-5.75
-21.5
-33.875
-38.375
-39.375
-21.875
16.625
43
38.875
23.375
-17.625
-77.75
-70.25
-14
-0.875
47.125
29.5
-44.25
-58.125
-8.125
41.625
40
4.625
-12.25
-22.5
-36.625
-39.75
-22.25
5.75
22.625
20.875
10.875
5.375
3
-5.375
-22
-31
-14.75
17.875
36.25
29.5
17.375
11.625
-2.75
-49.75
-75.625
-31.5
4.125
-2.5
39.625
22.5
-29.875
-33.625
-16.625
10.25
42.5
39.125
11.25
-7.125
-8.125
-12.875
-22.25
-27.625
-25
-15.75
-7
-0.125
4.875
8.75
15.125
21.875
20.375
13.75
4.375
1.125
7.875
-1.625
-34.125
-61
-45.25
-2.75
11.5
0.375
40.5
22.625
-46.375
-40.375
-20.25
-14.25
13.625
42.625
41.875
17.125
1.5
-8.25
-12.75
-12
-9
-6.625
-12.5
-13.375
-0.25
13.375
16.875
9.75
-2
-4.625
-1.875
2.75
-2.625
-31
-43.875
-30.875
-10.75
11.125
14
1.25
21.125
-0.5
-38.5
-24.75
-20.25
-18
-0.875
16.125
35.125
42.75
29.375
2.5
-10.75
-7.75
-3.25
-5.5
-15.375
-13.125
1.25
6.375
7.25
6.5
-2.25
-5.375
-11.125
-27.125
-29.375
-18.5
-12.75
-12.25
-6.625
0.5
6.125
12.875
48.8889
41.7222
34.6667
18.9444
-1.77778
-30.5556
-34.8333
-34.1667
-30.9444
-7.22222
11.8333
23.8333
18.8333
26.1111
38.3333
39.3333
52.1667
74.0556
90.0556
89.6667
82.3889
80.7778
68.5556
48.8333
30.8889
12.6111
5.61111
-6.38889
-4.72222
-0.277778
-6.16667
-8.22222
10.2778
15.3889
26.0556
29.8333
29.5556
27.5556
14.1667
-1.72222
-10.2778
-10.9444
-11.5
-22.6111
-39.6111
-43.9444
-52.8333
-58.1667
-49.4444
-33.2222
-11.8889
5.88889
24.0556
43.2778
58.4444
67.9444
69.8889
60.4444
50.6111
37.8889
29.1667
20.1111
6.27778
-1.83333
-26.4444
-7.16667
6.94444
21.7222
47.2778
71.6111
59.2222
31.1111
8.61111
-19.3333
-42.6667
-76.5
-101.611
-102.833
-107.222
-102.222
-95.1667
-83.7778
-69.7222
-63.2222
-54.2778
-39.6111
-17.6667
7.16667
31.5556
50.6667
61.3333
62.9444
57.2778
43.9444
23.7778
7.88889
-13.7778
6.16667
16
26
45.7778
57.1667
42.1111
9.16667
-17.8889
-53.1667
-83.2222
-104.833
-98.6111
-81.3333
-67.6111
-50
-38.9444
-33.5
-34.8889
-41.8889
-51.1111
-59
-58.8889
-48.5556
-27.1667
1.55556
27.4444
45.0556
50.7222
44.6111
30.5
13.1667
-10.1667
0.166667
5.22222
8.44444
1.38889
-7.83333
-13.0556
-31.8889
-49.1111
-62.2222
-61.8889
-47.0556
-17.3333
14.4444
42.8333
64.6111
75.5
78.7778
72.6111
55.8889
31.3333
2.88889
-24.8333
-46.6111
-54
-41.9444
-17.6667
6.44444
23.7222
34.3333
36.3889
28.3889
-15.8889
-13.3333
-8.44444
-11.6667
-42.1111
-58.5
-55.7222
-61.3889
-58.1667
-37.0556
-3.05556
36.7222
77.1667
111.889
134.889
150.056
156.722
158.444
154.889
143.722
124.5
95.1667
57.9444
17.4444
-19.2222
-40.8333
-40.0556
-22.6111
-3.94444
13.9444
31.7222
39.8333
-27.8333
-28.9444
-36.3889
-45.0556
-63.6111
-66
-59.3333
-48.2222
-20.7778
22.7778
68.6667
107.111
131.5
141.5
141.722
138
132.556
132.056
136.222
141.5
144
138.167
119.278
86.2222
44.1667
1.88889
-26.2222
-30.2222
-17.0556
0.777778
20.0556
38
-9.44444
-15.5
-35.7222
-48.5
-48.1667
-42.9444
-36.4444
-11.4444
32.5
74.2778
103.722
119.944
119.333
108.389
91.8889
79.7222
73.9444
73.1667
77.7222
88.6667
103.944
117.611
123.111
114.056
89.6111
52.2778
10.7222
-15.1667
-16.2778
-8.16667
3
17.8333
8.05556
-6.94444
-28.6667
-37.0556
-26.9444
-19.6111
-8.27778
29.9444
67.3333
91.3333
101.722
94.8889
75.2778
51.5
34.3889
22.2778
16.3889
15.4444
19.5556
30
45.9444
67.8333
89.8333
103
99.4444
80.3889
47.6111
10.3333
-7.72222
-10
-8.88889
-2.66667
24.4444
2.61111
-6.61111
-9.38889
-7.55556
-4.88889
19.8889
56.1667
76.5556
82.9444
75.3333
53.2778
28.8333
12.6111
4.11111
0.0555556
0
0
0.277778
3.16667
10.1111
23.8333
45.7222
70.1111
83.3333
81.3889
65.8333
35.5
5.27778
-6.66667
-11.8889
-12.5
11.7222
-5.16667
-5.44444
-2.16667
-0.444444
9.05556
40.1667
62.5556
66.5
65
47.5
21.8889
7
0.333333
0
0
-0.111111
-0.611111
-1.66667
-3.05556
-4.05556
-1.38889
8.61111
30.1667
52
60.3889
59.2778
45.2222
17.6667
1.27778
-7.72222
-11.9444
13.1667
2
0.944444
1.33333
7.16667
18.6111
42
45.1667
41.7222
32
3.33333
-16.3333
-19.6667
-16.0556
-12.3889
-8.77778
-8.94444
-10.7778
-13.6667
-18.2778
-22.8333
-27.3333
-25.2222
-10.2778
16
33.1667
38.7778
38.5556
23.8889
9.44444
0.777778
-7.05556
6.88889
3.44444
-4.66667
-3.05556
7.77778
22.8333
32.7778
30.1111
26.1111
9.61111
-15.2778
-24.1667
-22.2222
-18.6667
-15
-11.7222
-15.6667
-17.8333
-18.8889
-23.1667
-27.8333
-32.4444
-31.5
-27.4444
-8
13.0556
20.6111
24.5
21.5556
11.3333
7.77778
-2.72222
22.3333
15.6667
1.77778
2.83333
7.66667
18.5556
17.4444
11.6111
4.61111
-20.2222
-38.4444
-40.5556
-42.1667
-39.7222
-33.6111
-31.0556
-39.6111
-44.9444
-46
-52.5
-62.5556
-68.9444
-66.4444
-67.9444
-54.2222
-27.4444
-12.7778
-2.72222
6.5
6.61111
11
1.22222
21.2778
14.4444
-1.16667
5.05556
5.77778
7.05556
-1.27778
-8.83333
-18.6111
-45.8333
-57.2778
-53.2778
-59.5
-62.3333
-54.2222
-56.1111
-66.8889
-72.2222
-72.2778
-77.7778
-94.1667
-100.556
-99.3889
-107.389
-98.4444
-69.2778
-47.7222
-30.7222
-13.2778
-1.38889
9.72222
2.94444
19.1667
10.3333
-0.611111
6.16667
3.61111
-6.38889
-22.6111
-39.8889
-59.7222
-91.6111
-109.278
-108.667
-114.389
-114.5
-96.6111
-94.5556
-99.6667
-106.667
-112.5
-122.611
-150.333
-161.944
-165.167
-166.389
-149.278
-113.778
-81.9444
-53.7778
-27.1667
-6.5
5.38889
1.61111
-0.166667
0.611111
-1.61111
1.77778
0.555556
-12.6667
-30.2778
-47.0556
-64.1667
-84.9444
-98.3333
-95.3889
-92.1111
-88.7778
-72.9444
-67.9444
-69.0556
-70
-68.5
-67.3889
-79.5
-81
-77.7222
-78.7222
-70.6111
-54.9444
-41.7778
-29.8333
-17.7778
-4.27778
1.33333
-1.5
-18.0556
-8.11111
-1.66667
-3.5
-2.94444
-9
-16.2778
-17.9444
-18.3333
-15.6667
-14.3889
-8.33333
-3.55556
-3.38889
-2.55556
-0.666667
-3.83333
-2.22222
8.55556
19.3889
28.7222
36.8333
45.5556
43.1111
40.0556
29.7222
17.7778
7.72222
1.22222
1.88889
-2.16667
-4.11111
-41.6111
-21.2222
-8.11111
-9.77778
-5
-0.444444
9.61111
27.6667
48.5
78.8333
98.7222
108.111
112.889
108.611
89.8889
84.8889
81.7222
87.6667
104.667
123.722
156.056
174.278
184.778
177.167
156.5
117.056
79.3889
46.3889
18.5556
5.5
-4.38889
-3.11111
-42
-27.8333
-14.1667
-13
-5.88889
-1.72222
16.9444
40.3889
64.8333
103.333
126.5
130.722
128.167
120.333
98.3889
89.6667
92.7778
98.1111
104.667
113.5
137.222
148.111
147.833
146.278
131.222
96
68.7778
45.4444
21.2778
8.61111
-2.83333
1.88889
-22.6111
-24.1667
-14.7222
-11.7222
-6.44444
-5.55556
8.77778
22.5
37
68.0556
88.5
83.2222
82.8333
81.6111
69
65.3889
79.5
85.0556
77.3889
76.6667
88.2778
91.2778
82.7778
90.3889
82.5
64.7222
59.9444
52.8333
37.1667
29.8889
17.7778
18.6667
10.5
-5.33333
-2.44444
-4.77778
-7.16667
-14.5
-16.9444
-14.5
-10.6667
7.33333
27.3889
24.5556
23.7222
24.5556
21.7222
21.3889
33.6111
36.8333
26.7222
22.0556
22.1111
20.1111
11.8889
19.4444
16.7778
20.6111
38.7778
45.7778
48.2222
50.8889
37.2778
29.3333
18
3.5
4.16667
0.833333
-6.22222
-14.2222
-33
-39.4444
-39.3333
-29.7778
-7
1.5
5.94444
8.16667
8.16667
9.33333
16
17.4444
11.5
9.44444
9.5
8.38889
1.44444
-3.72222
-15.2222
-9.61111
7.16667
15.4444
33.6667
40.1667
32.8889
23.9444
4.83333
15.2778
19.2778
15.6111
6.66667
-5.83333
-39.3889
-59.1111
-62.5
-58.2222
-38.3889
-16.7222
-4.72222
-0.333333
0.166667
0.166667
0.166667
0.166667
0
0
0
-4.22222
-16.6111
-36.3333
-57.9444
-65.2778
-64.0556
-51.1667
-19.1667
-14.2778
-10.5556
-7.66667
0.5
25.9444
35.6667
35.3333
25.7778
9.5
-24.2222
-59.3889
-77.2778
-79.3333
-68.1111
-44.4444
-22.5556
-8.66667
-2
-0.166667
0
0
0
-1.33333
-7.83333
-21.7222
-44.0556
-71.3889
-96.7778
-116.278
-120.722
-96.0556
-68.6667
-66.4444
-51.3889
-34.4444
16.6111
39.2222
54.8889
55.5
40.2778
19.8889
-1.77778
-39.5
-74.8333
-95.1111
-99.8889
-87.7222
-64.2778
-41.6111
-25.9444
-15.3889
-9
-8.38889
-14.4444
-24.3333
-39.6111
-62.5
-87.2222
-104.167
-114.444
-119
-106.667
-76.7778
-67.3333
-69.1667
-56.7778
-45.1667
13.2778
12.6111
26.1111
33
24.5
17.4444
17.7778
-3.66667
-45.2778
-84
-109.833
-119.333
-113.5
-99.0556
-83.9444
-72.8333
-65.7778
-64.6111
-70.4444
-80.3889
-96.1111
-111.167
-118.278
-115.222
-99.7778
-76.2778
-45.0556
-27.1111
-36.8333
-39.3889
-40
-45.6111
-16.7778
-28.3333
-23.0556
-13.5
-11.7778
5.05556
23.8333
27.2778
3.44444
-40.5
-83.6667
-118
-136.722
-142.333
-139.611
-131.833
-124.778
-123.111
-128.722
-136
-138.833
-134.556
-119.333
-88.8333
-49.3333
-7.94444
17.6111
13.7778
1.5
-6.88889
-20.2222
-34.4444
-63.8333
-68.8889
-74.6111
-66.9444
-50
-13.9444
12.7778
34.4444
40.0556
20.6111
-15.8889
-58.1111
-98.8889
-131.222
-150.5
-160.944
-166.167
-165.5
-158.889
-148.722
-131.389
-101
-63.1111
-23.8333
11.8333
36
35.2222
16.3333
3.66667
-5.61111
-18.5
-21.7778
-55.9444
-54.2778
-63.8889
-68.3333
-61.5556
-35.8889
-17.3889
6.61111
33.1667
50.1111
45.5556
22.1111
-8
-40.0556
-67.2222
-87.1111
-98.6667
-99.7222
-89
-70.5556
-44.8889
-14.7778
13.0556
38.5556
45.2222
32.8889
7.83333
-12.6667
-17.7778
-23.6667
-20.8333
-4.5
-24.6111
-26.6667
-34.6667
-48
-54.4444
-50.8889
-47.8889
-31.7222
-6.55556
23.1667
46.8333
57.2222
54.3333
39.6667
22.5556
6.16667
-4.61111
-6.5
0.444444
11.8333
25
39.1111
45.0556
36.7778
14.0556
-12.8333
-35.7778
-46.3889
-48.2222
-41.2778
-24.1667
-2.77778
4.61111
-3.94444
-9.5
-23.5556
-36.6111
-49.8889
-60.2778
-61.3889
-50.3333
-27.4444
0
27.1667
50.7778
63.1111
63.5
59.6667
55.1111
51.3889
49.8889
50
47.3889
33.0556
10.6667
-13.5556
-39.1111
-60.6111
-70.5556
-64.3889
-51.5556
-38.7778
-22.5
-8.5
26.3333
-2.83333
-24.5556
-31.7222
2.66667
16.2222
23.8333
19.7222
22.2778
20
4.72222
0.611111
-8.94444
-29.7778
-60.4444
-64.2222
-37.9444
-15.9444
-13.6111
-17.8889
-1.27778
20.1111
32.3333
17.2778
-6.44444
-30.9444
-42.8333
-32.5
-21.9444
-5.94444
-2.61111
5.88889
30.1667
17.6111
-11.3889
-38.1667
-20.4444
-0.333333
27.0556
25.3889
15.9444
-4.16667
-20.3889
-16.0556
-8.27778
-14.8333
-33.6111
-43.8333
-32.2222
-20.4444
-14.4444
-13.3333
-4.72222
8.61111
19.5556
19.8333
8.77778
-8.88889
-27.9444
-33.5556
-33.5
-19.6667
-9.27778
3.16667
23.7778
19.7222
-16.7222
-35.7222
-29.3889
-10.0556
5.77778
5.22222
1.5
-4.33333
-20.5556
-15.6111
-10.9444
-5.05556
-17.4444
-27.6667
-22.0556
-15.2222
-9.05556
-11.1111
-7.38889
1.38889
10
14.2778
12.3333
4.44444
-12.7778
-31.1667
-40.3889
-31.9444
-16.8889
-6.55556
29
31.7222
2.88889
-24.5556
-35.7778
-35.2778
-21
-10.8333
-1.66667
-2.83333
-11.1111
-7.61111
-5.5
2.22222
-0.5
1.44444
-1.5
-6.05556
-13.4444
-19.7778
-20.4444
-13.4444
-3.88889
5.44444
9.05556
9.77778
1.77778
-13.0556
-30.8333
-39.2778
-36.3889
-26.2778
32.5
37.5
24
-2.33333
-24.9444
-47.2778
-45.9444
-34.6667
-16.2222
-5.44444
-0.111111
5.83333
9.22222
8.77778
4.16667
2.05556
-0.277778
-2.66667
-6.05556
-9.55556
-12.6667
-14.3333
-12.3889
-6.27778
1.44444
7.94444
9.77778
2.22222
-15.9444
-35.8889
-46.7222
-40.7222
22.2222
36.3333
39
18.2222
-20.3333
-51.1667
-54.7222
-39.2778
-20.0556
-3.72222
8.5
15.7222
20.3889
20.6667
18.6667
13.2778
4.72222
-4.33333
-12.6667
-18.9444
-22.7222
-24.6111
-22.3889
-16
-4.88889
6.38889
14.1667
14.0556
1.16667
-22.2778
-46.9444
-53.7222
15.7222
34.5
35.9444
11.2778
-33.6111
-56.7778
-55
-34.2222
-10
18
36.7778
41.6667
36.9444
29.0556
22.0556
14.1111
5.11111
-4.16667
-12.7778
-20.3889
-28
-36.2778
-42.5
-42.2222
-30.2778
-8.55556
13
24.1111
17.7222
-6.33333
-37.8333
-57.3333
23.1111
27.7222
15.7222
-13.3889
-46.6111
-59.2778
-44.3333
-9.55556
29.9444
54.5
59.9444
49.1667
39.2222
29.7222
22.6667
14.3889
5.38889
-3.94444
-12.3889
-20.1111
-28.0556
-37.8333
-48.1111
-58.7222
-59.9444
-44.2778
-12.1667
19.2778
33.3889
19.1667
-15.6667
-51.2778
35.8333
24.6111
-0.666667
-36.2778
-57.3889
-52.5
-15.5
35.3889
68.5556
75.3333
63.9444
49.5556
39.5
29.9444
22.5
14.0556
5.16667
-3.55556
-11.3333
-18.7778
-26.9444
-37.3889
-48.5
-61.7778
-74.8889
-75.7222
-52.9444
-8.44444
32.0556
41.2222
10.6667
-35.7778
32
20.0556
-17.3889
-56.0556
-64
-31.3333
27.3333
75.2778
91.2222
80.8333
63.3333
45.0556
28.7222
12.6111
4.11111
0.0555556
0
0
-0.277778
-3.16667
-10.1111
-23.2778
-39.3889
-57.8889
-77.7778
-93.3889
-88.0556
-50.6111
7.5
49.2222
39.7778
-9.83333
32.0556
13.2778
-39.7778
-75.2778
-60.1111
3.5
71.9444
103.667
100.056
73.7778
46.8333
21.8889
7
0.333333
0
0
-0.111111
-0.611111
-1.66667
-2.83333
-4.05556
-8.38889
-19.2778
-38.3889
-64
-92.1667
-106.722
-88.2222
-30
36.8333
57.0556
16.6111
29.9444
-9.44444
-70.8333
-87.3333
-38.1667
44.3889
105
111.056
81.7222
44.4444
18.2222
5.88889
2.66667
6.05556
9.61111
8.77778
1.05556
-8
-13.6667
-10.3889
-4.05556
-0.444444
-4
-15.0556
-36.8889
-71.2778
-106
-113
-69.7778
7.33333
58.2222
40.1667
20.5556
-41.1111
-103
-88.3889
-8.66667
83.5
124.778
106
61.1111
23.2778
6.38889
1.61111
0.333333
3.44444
7.55556
10.1667
-0.444444
-10.3889
-17.3333
-7.05556
0.388889
3.77778
-1.27778
-8
-20.8889
-51.2778
-94.1667
-122.833
-102.222
-26.4444
47.8889
57.8333
-3.11111
-75
-119.222
-73.5
24.8889
114.222
127.111
85.6111
32.8333
5.77778
-0.222222
-0.666667
-4.94444
-1.05556
7.61111
16.0556
0.944444
-20.1667
-34.3333
-19.7222
-5.55556
1.61111
-4.66667
-8.05556
-5.88889
-16
-52.7778
-101.611
-114.944
-55.7222
31.2222
66.6667
-29.5
-106.778
-128.167
-55.9444
55.6667
127.611
107.944
40.6111
-4.05556
-13.0556
-1.61111
-1.05556
-5.16667
1.44444
19.5556
30.8889
8.22222
-34.3333
-56.8333
-37.7778
-11.7222
0.777778
-5.16667
-8.05556
7.33333
18.3889
-4.27778
-66.9444
-112.722
-77.3889
14.8333
68.3889
-52.3889
-128.333
-127.833
-38.3889
76.1667
130.056
81.8333
0
-35.5
-25.9444
-2.38889
-1
-5.05556
3.61111
31.3889
45.8889
17.2222
-47.1111
-78.1667
-55.1667
-16.5556
1.61111
-4.05556
-6.72222
18.3889
47.4444
37.0556
-34.1111
-105.833
-91.5
1.61111
65.9444
-66.0556
-146.278
-130.833
-28.1111
88.1111
131.556
64.2778
-21.2778
-49.9444
-23.7222
5.33333
5.72222
-4.55556
1.66667
30.6111
50.9444
18.0556
-51.5556
-84.7222
-48.0556
-1.27778
16.5556
-0.611111
-16.9444
4.27778
41.7222
48.2222
-19.5
-101.556
-99.8333
-6
64.2778
-62.1667
-145.333
-128.222
-24.9444
90.7222
128.556
57.8333
-24.0556
-40
-6.88889
18.1667
10.2222
-12.8889
-12.3889
13.1111
44.8889
17.0556
-45.5556
-77.7778
-34.2778
8.5
21.7222
-4.11111
-27.1111
-8.27778
31.6111
49.1111
-15.9444
-98.4444
-100.333
-5.61111
65
-41.1667
-124.556
-121.111
-30.7778
81.8889
125.222
64.8333
-16.5556
-35.0556
-8.72222
15.8333
9.22222
-11
-9.94444
15
43.6667
18.7222
-43
-74.1111
-37.6111
4.05556
17.7222
-3.11111
-22.2778
-2.83333
30.1667
39.2778
-27.5
-100.444
-92.1667
3.38889
67.6667
-20.1111
-98.7222
-115.611
-43.1111
62.4444
117.722
77.1667
3.05556
-21.0556
-4.88889
15.8333
11.5
-5.72222
-5.44444
14.9444
37.7778
17.3333
-33.2222
-57.1111
-24.9444
10
19.8889
0.277778
-18.3889
-5.55556
11.7778
9.11111
-54.6667
-109.167
-83.3889
12.0556
68.7778
-4.05556
-66.5
-105.056
-57.6111
34.7778
107.222
98.2222
45.8333
14.5556
12.6111
17.8333
11.8889
-5.5
-7.94444
3
22.9444
10.0556
-19.0556
-34.6111
-6.88889
16.1667
20.7222
0.777778
-18.2778
-12.8333
-7.16667
-15.5
-73.3889
-115.722
-81.6667
6.88889
58.4444
16.6111
-29.7778
-86.2222
-72
1.5
85.9444
113.278
89.1667
57
36.3333
23.0556
12
-5.61111
-10.1111
-8.83333
7.94444
1.05556
-6.27778
-13.2778
10.5
21
19.8889
-0.333333
-20.7778
-26.1111
-31.6111
-40.6667
-85.3333
-109.556
-74
1.94444
36.2222
24.4444
7.27778
-53.6111
-75.8333
-31.3333
49.7778
106
109.889
88.3333
55.8889
27.5556
8.83333
-5.94444
-8.16667
-8.05556
2.88889
0.333333
-1.22222
-5.05556
6.22222
9.16667
8.16667
-4.55556
-21.7222
-34.3333
-46.2778
-54.1667
-81
-82.5556
-47.2778
7.55556
13.0556
34.5
43.2778
-20.7222
-74.5
-65.8889
6.94444
80.6111
109.667
100.722
70.6667
40.7222
17.7222
4.72222
0.333333
-0.166667
0.166667
0.166667
0.166667
0
0
0
-4.22222
-16.6111
-36.3333
-50.3889
-56.5
-55.6111
-58.7222
-47.8333
-21.8333
-2.22222
-16.4444
31.7222
56.0556
-2.22222
-67.5556
-86.3333
-36.2778
37.1111
84.5
96.2778
81.6667
60.8889
40.7778
22.2222
8.66667
2
0.166667
0
0
0
-1.33333
-7.83333
-21.7222
-41.3889
-58.1667
-62.8889
-54.0556
-33.2778
-18.8333
-11.8889
-15
-28.3889
-46.1111
24.8333
47.3333
0.222222
-54.5
-80.0556
-57.4444
-6.44444
45.6111
75.7222
78.2222
63.8889
49.3889
38.2778
28.9444
19.8333
10.9444
3.66667
-2.27778
-10
-19
-28.9444
-38.0556
-50.2222
-61.3889
-63.6667
-43.4444
-6.11111
16.6667
9.55556
-24.8333
-52.6667
-66.6111
24.5
35.0556
4.88889
-34
-54.3889
-52.4444
-30.1111
4.22222
40.7222
60.7778
60.7222
49.4444
38.6111
29.1667
20.3889
11.8333
5.11111
-1.05556
-9.44444
-19.7222
-30.4444
-39.7222
-51.3889
-61.3333
-57.2222
-28.3889
11.8333
27.5556
9.61111
-33.8333
-60.7778
-71.1667
27
18.3333
-2.72222
-24.7222
-32.2222
-33.8333
-27.9444
-15.7222
5.44444
27.2778
41.4444
43
37.1667
28.8889
20.6111
12.5
6
-0.111111
-9.05556
-19.8889
-31.2778
-40.2222
-48.8889
-48.2778
-34.2222
-7.38889
13.9444
16.3333
-1.5
-32.4444
-52.8889
-58.2222
26.3889
3.66667
-14.1667
-20.2778
-16.4444
-17.3889
-18.2222
-13.3333
-5.05556
4.5
12.1111
19.1111
23.3333
23.6667
19.5
12.7222
6.61111
0.611111
-8.77778
-19.8333
-28.9444
-29.4444
-26.6667
-18.3889
-11.3889
0.333333
7.44444
6.55556
-14.8889
-41.7222
-57.3889
-45.4444
19.7222
-15.7222
-29.6667
-21.8889
1
1.44444
-6.5
-11.1667
-6.83333
2.88889
8.88889
11.8889
8.88889
6.16667
4
3.11111
2.77778
2.16667
-0.222222
-3.88889
-10.3333
-15.4444
-21.5
-17.1111
-10.1111
3.55556
7.05556
-4.77778
-33.5556
-54.8889
-49.5
-23.5
9.5
-39.3333
-46.5556
-27.3333
14.2222
21.8889
12.1111
-0.388889
-7.55556
-6.05556
-6.27778
-1.66667
5.44444
10.7778
9
0.944444
-2.61111
-1.05556
-0.111111
-6.05556
-14.5556
-16.3333
-12.8333
-3.22222
2.05556
10.0556
2.77778
-17.2778
-44.8889
-51.2778
-31.0556
-5.33333
2.61111
-36.5
-38.9444
-27.7778
9.94444
27.6667
32.2778
19.9444
3.44444
-5.33333
-10.1111
-10.0556
-8.11111
-6.33333
-7.38889
-9
-6.33333
0.388889
5.22222
5.44444
1.38889
-2.38889
-5.66667
-2.11111
2.22222
7.16667
-6.77778
-27.8333
-45
-36.5556
-15.9444
2.27778
34.375
28.875
21.5
16.8125
24.3438
16.5
-0.25
-15.1563
-30.1875
-42.6875
-46.6563
-46.1563
-48.9375
-48.2813
-47.7813
-40.75
-25.0313
-7.59375
3.84375
12.5938
19.0313
27.2188
38.1875
40.375
38.0625
33.6875
33.1563
29.2813
22.0938
12.75
13.3438
23.1563
21.25
22.8438
29.2813
23.3125
9.09375
-11.1875
-36.9375
-57.9063
-66.1875
-70.9688
-70.3125
-62.7813
-57.125
-48.0625
-34.625
-24.2188
-16.9375
-12.6563
-7.3125
1.375
12.9063
22.4063
31.8438
38.4063
43.2813
42.2188
34.5938
23.625
6.09375
15.75
18.5625
22.5625
18.0625
5.0625
-5.84375
-26.0625
-41.7813
-52.375
-58.2813
-58.4375
-46.0938
-26.2188
-14.0938
-2.28125
4.875
8.65625
8.125
-0.1875
-7.21875
-8.9375
-4.4375
3.46875
13.4063
22.4688
29.0313
33.875
35.875
33.9063
-5.59375
3.71875
3.15625
-2.75
-18.5625
-27.4063
-24.5625
-33.0313
-36.1875
-36.0625
-28.7813
-14.4375
8.9375
29.9688
41.2813
51.9375
56.7188
56.2813
49.6563
36.5938
20.125
4.21875
-4.59375
-5.5
-1.34375
5.65625
10.8438
16.4375
24.0625
32.2188
-20.875
-22.0938
-30.3438
-34.8125
-47.625
-45.3438
-31.4375
-24.5
-12.7188
7.625
33.7813
61.875
89.6875
111.469
125.719
135.219
137.875
133.656
122.594
104.625
80.5313
52.8438
26.5938
7
-1.84375
-1.34375
1.21875
3.09375
9.40625
19.5625
-22.4688
-36.1875
-46.9375
-49.25
-51.3438
-41.5313
-22.8125
-3.5
25.0625
58.375
87.4688
112.438
130.031
140.594
145.094
146.781
146.344
146.25
144.25
137.313
123.656
102.031
74.5938
45.6563
22.0313
8.8125
4.5625
2.59375
3.125
9.15625
-25.2188
-39.5
-50.6875
-46.4688
-32.625
-15.3125
3.71875
28.9688
58.3125
85.8125
108.094
120.094
121.688
116.563
108.75
104.281
103.938
107.688
114.844
121.875
123.938
116.75
98.5313
73.9375
48.4688
29.4375
20.625
14.375
5.5
1.09375
-22.25
-35.4688
-37.5
-22.8438
-2.375
12.5
26.1875
51.125
74.8438
94.0938
103.281
99.1563
86.8438
73.4688
65.0625
60.3125
59.7813
63.4375
71.3125
83.8438
97.4375
105.656
101.625
86.1563
65
44.1563
32.875
26.5
13.3125
-0.84375
-13.2813
-19.875
-10.1875
8.75
24.625
27.6875
40.5625
61.75
77.8438
86.0313
79.5313
62.6563
44.0938
30.4063
21.875
16.6563
15.25
17.9375
24.6563
36.1563
52.5938
70.5625
81.0938
78.3125
65.6875
47.8125
34.3125
31.9375
23.5938
5.84375
-4.15625
-4.125
10.6875
27.7813
29.6875
26.5625
39.25
52.0625
56.6875
52.625
36.5938
16.75
5
-1.9375
-6.875
-10.1875
-10.3438
-9.28125
-7.15625
-2.09375
7.21875
23.8125
43.1875
52.9375
51.0313
41.6563
28.6875
27.3125
28.5
14.3125
4.78125
8
24.4688
31.6563
22.875
21.3438
34.4375
41.4063
41.125
31.5625
10.375
-3.375
-8.8125
-10.5
-12.9688
-14.3438
-14.6563
-15.125
-15.5625
-15.5313
-12.75
-3.5
18.3438
33.375
36.125
32.1875
21.3125
17.8125
26.5
21.7813
8.21875
17.5938
27.7188
24.5313
12.1563
13.7813
23.875
24.25
20
3.78125
-18.7188
-26.875
-25.6563
-24.4688
-29.8438
-34
-37.125
-40.2813
-42.5313
-48.1563
-55.5313
-55.5938
-34.625
-12.75
-2.96875
1.71875
-0.96875
-2.28125
15.4688
23.25
18.1875
27.75
26.8125
9.6875
-7.21875
-3.9375
-4.03125
-12.0938
-22.2188
-47.1875
-69.4688
-71.4688
-62
-59.1563
-65.75
-70.8438
-74.3125
-77.5
-79.5
-86.2188
-100.469
-107.219
-87.9375
-59.5
-42.875
-30.7188
-23.75
-22.3438
-0.34375
18.4063
19.9375
28.0938
20.3125
-3.4375
-18.3125
-15.6875
-22.0938
-32.2813
-44.0938
-70.5313
-90.9375
-88.4688
-77.5
-77.2188
-84.6563
-89.5313
-94.8125
-99.5
-100.781
-106.469
-123.156
-132.594
-117.813
-90.4063
-70.5938
-54.9688
-41.375
-35.5
-14.0625
10.1563
9.84375
19.5625
11.25
-9.375
-23.3125
-26.125
-36.9688
-48.5313
-61.3438
-84.8438
-100.844
-98.5313
-85.8125
-83.625
-89.4688
-94.4375
-98.75
-102.5
-103.219
-107.688
-124.5
-134.5
-122.375
-97.5625
-78.75
-63.1563
-48.125
-39.125
-19.9375
3.09375
-0.03125
7.3125
3.90625
-11.8438
-24.8438
-30.0938
-38.7813
-47.25
-55.9688
-69.0938
-80.0625
-76.7813
-64.1875
-61.2188
-64.625
-64.875
-63.625
-61.9688
-56.4688
-53.375
-60.75
-66.0938
-56.4063
-44.125
-36.7188
-30.5
-24.6563
-21.6563
-12.9063
-0.53125
-19.125
-13.5625
-8.75
-7.28125
-7.5625
-8.125
-6.46875
-4.15625
-1.21875
4.09375
3.625
5.53125
8.09375
8.0625
7.28125
9.75
13.4688
17.5313
25.3438
33.5625
39.0938
39.3438
41.3438
34.75
26.4688
19.5625
12.4688
7.21875
2.34375
-1.75
-33.1875
-28.625
-18.5313
-1.6875
9.90625
12.5625
22.4375
33.875
46.7188
68.2188
78.7813
79.1875
72.75
71.2813
72.4688
76.75
83.1563
89.5625
98.5625
109.5
125.813
130.031
124.875
103.438
82.875
64.9375
46.5
34.8125
17.6563
0.34375
-29.25
-36.4688
-28.875
-3.6875
18.2188
21.25
31.8125
45.8438
61.3125
89.5313
107.625
106.719
93.9688
89.0625
93.4375
98.9375
103.5
107.75
112.625
120.75
139.75
150.219
139.313
114.438
97.8438
82.1563
64.8125
58
35.3125
10.4063
-18
-35.1563
-34.8438
-6.46875
22.5
23.4688
27.7813
39.4688
53.0938
80.9063
107.531
106.438
89.9063
85.5938
94.375
98.7813
100.656
102.156
99
101.656
118.375
129.938
112.344
92.2813
86.1563
76.625
67.8125
67.7188
42.125
16.3125
-0.71875
-23.1875
-32.75
-17.2188
7.0625
7.3125
1.28125
4.71875
12.3125
33
59.8438
63.8438
53.8125
51.0938
58.5313
61.4375
61.7813
61.6875
56.7813
56.3438
64.3125
68.0625
49.4063
37.875
40.75
39.5313
43.0938
45.7813
24.4063
11.4688
16.0625
-5.8125
-21.3125
-21.0625
-7.9375
-9.78125
-25.5
-32.875
-32.875
-21.8438
2.5
12.8125
13.2188
14.6875
21.375
23
22.1563
21
15.0625
10.0938
6.5
2.15625
-17.2813
-21.9063
-12.7188
-3.46875
9.46875
12
0.0625
-0.5
29.375
18.2813
1.46875
-11.2813
-13.2188
-18.875
-38.5313
-52.9688
-59.0938
-54.25
-34.0938
-17.6875
-8.09375
0.375
7.875
9.75
9.90625
9.125
2.09375
-6.84375
-17.7813
-31.7813
-53.2813
-61.9063
-57.9688
-48.25
-34.2813
-37.0313
-41.25
-32.4375
36.9375
38.375
25.25
3.09375
-15.1563
-25.3438
-42.4688
-62.375
-77.6563
-82.6563
-72.375
-54.2813
-37.0938
-24.125
-15.5938
-11.1563
-11.1563
-14.9063
-23.125
-35.9688
-53.7188
-74.3125
-93.3125
-102.406
-99.75
-87.7813
-77.2813
-81.6875
-74.375
-56.625
24.3125
39.1875
37.25
18.0313
-8.28125
-24.8438
-37.625
-57.875
-79.875
-96.875
-101.813
-94.5
-80.7188
-67.5625
-58.5938
-53.8438
-53.6875
-57.4063
-65.625
-78.5625
-93.0313
-104.063
-110.313
-109.5
-101.469
-87.375
-83.3438
-82.4688
-69.375
-56.0313
6.8125
23.9375
30.4375
21.8438
-2.96875
-19.625
-27.5625
-43.5625
-68.7188
-93.0313
-111.813
-120.656
-119.438
-111.469
-102.969
-98
-97.75
-101.375
-109.563
-117.594
-120.188
-115.125
-106.375
-96.3438
-82.6563
-71.8438
-67.3438
-58.75
-47.9063
-44.3125
-30.625
-13.125
-0.5625
1.125
-9.28125
-11
-11.9688
-21.875
-43.5938
-72.4688
-99.4063
-121.906
-136.719
-144.156
-144.719
-142.281
-142.219
-144.156
-143.531
-135.969
-122.531
-103.906
-83.4688
-62.625
-45.5625
-36.7813
-32.7813
-26.9375
-23.8125
-25.4063
-64.1563
-52.5938
-38
-26.375
-22.6875
-11.5625
-5.375
-2.6875
-8.21875
-26.9063
-55.0625
-84.6563
-109.375
-129.281
-143.219
-150.938
-150.656
-143.5
-130.438
-111.469
-88.6563
-61.0625
-34.375
-14.875
-9.34375
-10.625
-11.125
-7.90625
-8.875
-14.375
-53.4688
-57.75
-52.9063
-42.75
-35.0625
-18.3438
-10.5313
-3.5
1.84375
1.40625
-8.59375
-27
-47.5
-66.0938
-78.3438
-84.4688
-84.4688
-80.125
-72
-57.6875
-39.625
-19.625
-7.34375
-4.6875
-9.5
-14.0938
-11.7188
-9.71875
-11.75
-15.0938
-48.1563
-56.4688
-60.7813
-60.6875
-49.875
-31.5
-22.9688
-14.0938
-2.84375
5.78125
10.4063
8.09375
-2.09375
-16.4688
-28.3438
-35.2188
-36.0938
-33.2813
-26.5625
-16.0938
-7.8125
-5.40625
-7
-12.0938
-22.4063
-27.5313
-29.0625
-33.7813
-33.375
-25.6563
11.0625
8.625
-11.75
-1
5.34375
3.75
1.0625
-5.71875
-10.375
-13.5625
-12.0313
-21.5938
-35.4375
-46.0938
-48.0938
-39.1875
-29.0313
-17.4688
-7.96875
1.34375
17.4063
27.5938
24
17.875
-4.0625
-24.4375
-32.5938
-41.1563
-33.2813
-21.4375
14.4063
2.65625
-22.5625
-16.0938
-10.4688
-8.6875
-9.59375
-12.375
-16.75
-18.7813
-7.9375
-6.09375
-8.6875
-12.0313
-21.375
-25.625
-27.5
-27.2188
-23.875
-17.5938
-5.5625
5.9375
13.0938
17.2188
9.84375
-2.21875
-15.6563
-32.1563
-36.7188
-32.1875
14.1563
-2.375
-25.4375
-28.375
-28.5625
-24.375
-21.8438
-9.9375
-3.78125
-0.25
15.9688
13.625
12.1563
7.65625
-8.03125
-13.5313
-19.75
-24.4063
-27.0625
-29.5625
-27.1563
-20.0625
-10.3125
-0.71875
4.96875
2.65625
-6.46875
-20
-32.5625
-36.0938
24.1563
11.0938
-21.0313
-39.8125
-47.5
-41.9063
-22.5
4.21875
18.3125
26.25
29.5938
20.3125
14.625
8.15625
1.34375
-2.5
-7.96875
-14.4063
-22.2188
-29.4688
-34.9375
-35.8438
-32.2813
-23.625
-10.9063
-2.03125
-0.28125
-7.125
-22.8125
-36.3438
31.3125
25.9688
-12.9063
-38
-51.6875
-49.2188
-20.625
9.625
27.0313
33.1875
28.4688
18.4375
10.8125
5.40625
2.21875
-0.46875
-3.1875
-6.09375
-9.78125
-14.625
-21.7188
-29.7813
-35.8438
-36
-28.2813
-14.7813
-3.15625
-2.28125
-13.7813
-31.125
34.5938
27.5625
-11.875
-33.1875
-43.5938
-38.7813
-8.3125
16.4375
26.5625
30
25.7813
21.25
19.5938
16.5313
11.5938
4.28125
-3.78125
-11.5625
-17.5
-21.5625
-24.6563
-28.3438
-33.0938
-35.4063
-33.5313
-24.125
-9.125
-2.78125
-9.5
-24.7188
29.5938
10.4375
-24.1875
-38.2813
-39.4375
-23.6875
6.90625
26.7813
38.1875
42.75
39.1563
35.6563
29.25
21.5625
13.625
4.78125
-3.625
-12.3125
-20.4063
-28.1875
-35.375
-40.6875
-45.8438
-46.375
-41.6563
-32.625
-15.375
-3.5
-6.4375
-17.7188
12.5
-13.5313
-38.75
-42.8438
-28.9375
-0.4375
31.1875
50.9375
59.3438
57.7188
48.7813
40.2188
30.7188
22.0938
14
5.125
-3.34375
-12.0625
-20.25
-28.9063
-38.5
-48.0313
-58.1875
-63.9688
-61.25
-49.9063
-27.6875
-4.5
1.25
-6.90625
2.96875
-29.375
-44.75
-39.9375
-12.1875
30.4375
60.875
74.875
75.6563
64.8438
51.1563
40.4688
30.8438
21.9688
13.8125
4.84375
-3.875
-12.9375
-21.7188
-31.0313
-41.0313
-51.125
-63.4688
-75.0625
-78.25
-70.375
-47.6875
-13.5
5.34375
3.40625
-12.7813
-43.4375
-48.125
-31.7813
8.75
57.5625
80.625
85.0625
77.625
59.625
44.4688
33.25
21.8125
14.5625
7.0625
-0.3125
-5.03125
-11.2813
-14.0938
-18.3438
-28.5313
-39.75
-55.8125
-75.25
-87.4688
-88.0938
-70.9375
-31.625
3
12.25
-34.3438
-59.4375
-52.5938
-19.9063
35.1875
83.7188
99.6875
93.5938
72.75
46.6875
26.6875
15.1875
8.125
6.3125
3.40625
-1.53125
-6.09375
-10.5625
-6.6875
-5.46875
-11
-21.75
-41.9688
-68.125
-92.625
-103.188
-94.1875
-56.875
-8.0625
14.0938
-54.7188
-73.3438
-52.5313
-3.59375
62.0938
103.531
104.813
85.375
53.375
25.3438
9.65625
2.6875
3.03125
5.59375
3.78125
-3.3125
-14.1875
-21.4063
-16.4688
-11.0938
-8.40625
-11.7813
-23.75
-44.0625
-71.2188
-90.3438
-97.2188
-73.5938
-22.0313
10.0625
-74.9375
-88.0625
-49.3125
9.9375
78.2188
105
85.3438
56.2188
23.4688
5.375
0.21875
0.65625
9.5
13.8438
10.8125
-0.71875
-23.6875
-35.625
-29.6875
-21.3438
-10.0313
-5.53125
-7.5
-15.875
-38.5625
-62.2188
-86.25
-81.9063
-33.9063
2.40625
-97.875
-96.7813
-38.8125
23.8125
89.4375
97.8125
57.4688
24.9063
-1.84375
-9.40625
-3.875
1.90625
16.1875
22.3438
18.2188
3.03125
-32.0625
-48.6875
-41.6563
-30.5313
-12.2813
-2.34375
5.0625
8.03125
-7.34375
-30.0313
-69.875
-85.625
-43.125
-8.03125
-113.156
-100.813
-29.625
34.625
98.9375
92.75
38.4688
9.65625
-10.7813
-10.8438
-0.03125
4.34375
17.25
23
18.1563
2.4375
-34
-50.75
-37.7813
-23.875
-6.9375
-1.9375
3.875
9.3125
-2.0625
-15.9688
-62.8125
-91.4375
-49.4375
-17.2813
-115.906
-98.25
-23.0313
41.1563
102.406
87.2188
28.7813
4.9375
-10.2188
-7.34375
1.8125
2.46875
12.75
17.9063
15.9375
1.6875
-34.8125
-50.2813
-33.1563
-18.75
-3.3125
-2.34375
0.90625
8.25
0.28125
-6.875
-56.4688
-92.9688
-51.2813
-21.9063
-113.75
-95.25
-20.4375
42.9688
103.188
85.9375
27.9063
4.53125
-10.1563
-6.59375
2.3125
2.65625
12.6563
17.8125
16.0938
2.125
-33.7813
-48.4688
-30.6563
-15.75
-0.46875
-0.59375
1.03125
6.4375
-3.15625
-10.4375
-59.4688
-94.5938
-50.9063
-21.5625
-102.313
-91.8125
-20.8438
38.8125
98.7188
90.25
38.0625
16.625
-0.09375
-1.03125
3.03125
-0.6875
7.0625
10.3438
11.2813
2.125
-29.8438
-40.6875
-24.75
-13.8125
-0.1875
-2.96875
-2.5625
1.3125
-9.8125
-16.875
-64.1875
-92.625
-49.3438
-20.6563
-86.9375
-86.2813
-26.375
29.5625
87.0313
90.25
47.6875
25.0938
6.1875
1.21875
2.6875
-0.21875
8.46875
11.6875
12.625
3.3125
-28.625
-39.625
-26.8125
-16.1875
-1.8125
-2.59375
0.4375
5.4375
-3.34375
-12.0313
-59.625
-85.5625
-51.875
-26.7188
-68.125
-77.2188
-35.5938
15.0938
70.3125
87.4063
61.2813
41.5313
21.3438
10.9063
7.78125
3.3125
9.78125
12.2188
12.25
5.09375
-20.5313
-28.7813
-16.6875
-7.78125
3
-0.1875
-2.15625
-2.84375
-14.2188
-26.75
-66.1875
-83.9688
-57
-32.375
-45.7813
-61.3125
-39.5625
0.65625
54.5625
87.9375
83.3438
71.9063
50.0625
29.3125
15.5313
4.09375
3.25
3.96875
5.21875
2.5
-11.0313
-14.5625
-3.46875
2.59375
4.9375
-6.3125
-17.5313
-29.1875
-44.75
-53.0313
-76.0938
-78.5938
-49.7813
-28.3438
-15.125
-44
-42.375
-17.3125
30.625
79.6563
96.375
96.5
79.875
53.1563
29.0625
10.4375
-0.78125
-4.25
-2.1875
-1.25
-2.65625
-1.5
8.5
9.40625
-0.375
-20.5313
-41.8438
-59.9688
-71.7813
-70.0313
-76.5313
-66.0625
-39.8125
-29.125
4.75
-32.4688
-44.5313
-35.2188
0.21875
57
86.5313
97.7188
90.2188
67.375
44.0938
23.3125
8.09375
-0.3125
-1
-0.5625
-0.71875
-0.1875
0.21875
-7.09375
-21.1563
-40.4688
-55.2813
-65.0313
-66.0938
-58.6875
-59.4063
-46.6563
-34.9375
-36
10.1875
-26.875
-46.5625
-43.4688
-19.5938
31.9688
67.1563
80.5625
79.3438
66.4688
51.75
39.3438
29.1563
19.875
11.9063
4.53125
-3.21875
-10.6563
-19.25
-29.1563
-39.1563
-49.9375
-56.4375
-57.2813
-50.3125
-43.7813
-40.4063
-33.375
-39.5625
-44.5
10
-17.75
-40.375
-40.5938
-26.0313
10.8438
43.3125
59.1875
64.3125
60.0625
49.9375
39.3125
29.6563
20.625
12.7188
5.53125
-2.4375
-10.4688
-19.75
-30.25
-40.4688
-50.6875
-53.3125
-45.75
-31.3438
-20.5
-19.6563
-27.0938
-47.4375
-57.5938
7.4375
-13.0625
-36.0625
-37.7813
-25.7188
1.1875
27.875
39.75
45.5313
46.1563
41.3125
35.7813
28.9375
20.8438
13.2813
6.25
-1.75
-10.1875
-19.875
-30.5938
-39.375
-44.4375
-42.625
-30.7188
-14.4688
-8.46875
-9.96875
-23.8125
-49.5938
-60.1875
8.5
-6.125
-30.25
-35.3125
-24.7813
-4.375
20.8438
33.125
35.0313
31.9063
26.7813
23.1563
21.1563
18.0938
12.9688
6.65625
-1.28125
-9.84375
-18.3438
-24.5938
-28.5938
-31.4688
-32.0313
-29.25
-21.875
-17.0313
-12.9688
-21.875
-40.6875
-50.4688
6.71875
-6.03125
-24.8125
-32.625
-26.75
-11.5625
10.3125
27.9375
38.4688
37.3438
29
18.0938
9.4375
5.15625
3.28125
2.625
1.15625
-0.9375
-5.375
-12.5938
-24.0938
-36.625
-44.4375
-43.6875
-32.0938
-20.125
-13.125
-19.2813
-31.9375
-40.75
-8.78125
-18.625
-28.5938
-28.9375
-21.4375
-12.9063
-0.96875
10.875
25.0313
31.5313
31.9688
27.5
18.75
10.9688
4.15625
0.53125
-1.46875
-4.6875
-11.875
-23.1875
-35.9375
-42.625
-41.2188
-30.75
-14.1875
-6.34375
-9.15625
-20.0938
-34.75
-41.4063
-24.4063
-27.9688
-27.0938
-16
-5.375
-2.5
-1.28125
-0.84375
6.46875
13.7188
19.5938
21.4688
18.0313
12.5938
5.09375
-0.09375
-3.15625
-8.65625
-16.5
-24.7188
-32.125
-31.8438
-23.25
-11.3438
1.21875
0.09375
-12.375
-27.2813
-41.5
-39.3438
32.0417
26.7083
9.625
-8.91667
-18.9167
-40.375
-28.875
-15.4583
-14.875
-9.375
-15.2917
-2.79167
22.7083
31.5
58.0833
70.0833
80.4167
81.125
60.9583
39.1667
10.4167
-13.2917
-38.1667
-56.5833
-61.4167
-57.5833
-46.2917
-39.3333
-27.5417
-20.3333
-16.875
-12.375
53.4167
38.8333
25.5417
6.04167
-22.6667
-57.5417
-58.125
-51.875
-35.75
1.70833
33.875
68.0833
83.5417
96.4167
107.333
101.875
104.583
110.125
116.708
115.75
107.5
91.9583
63.4583
32.2917
3.79167
-20.7917
-32.625
-38.25
-31.125
-20.5417
-13.625
-8.625
2.08333
-8.25
-2.25
2.04167
-12.875
-19.6667
-22.375
-9.75
3
17.5417
38.75
47.8333
33.25
20.5833
1
-11.5417
-16.0833
-11.375
4
21.0417
42.0833
62.625
76
74.6667
59.9583
37.7917
16.7917
-0.416667
-10.375
-7.66667
-2.25
2.70833
-36.7917
-28.2083
-15.875
-4.5
13.9583
43.5417
49.5417
48.5417
39.375
27.2917
12.375
-18.2917
-47.7083
-67.9583
-83.4583
-88.9167
-90.375
-88.4167
-83.0417
-73.2917
-57.4167
-34.25
-3.41667
26.5833
45.2917
48.6667
42.9167
33.7917
19.8333
3.29167
-6.75
-5.95833
8.83333
21.7917
14.9583
13.3333
48.25
65.9167
54.9167
33.3333
23.6667
3.33333
-30.5833
-63.7917
-78.5
-85.3333
-90.0417
-92.5833
-93.8333
-93.5417
-92.7083
-90.2083
-85.7917
-78.1667
-63.875
-38.8333
-7.375
17.7083
27.5417
29.125
27.5833
15.125
-3.875
-16.5417
30.3333
29.25
25.125
27.75
32.625
18.125
5.25
-1.66667
-13.2083
-41.4167
-64.8333
-69.9583
-63.9167
-55.8333
-44.75
-33.2917
-24.25
-22.625
-28.75
-39.5833
-51.5833
-60.7917
-66.3333
-65.1667
-49.6667
-21.3333
1.70833
9.58333
12.375
14.7917
8.125
-7.83333
-11.4583
-13.625
8.04167
18.0417
-10.0417
-24.7083
-16.2917
-18.6667
-43.875
-55.0417
-45.8333
-30
-13
9.91667
35.0833
53.4583
62.5417
64.2917
58.5833
43.375
21.1667
-2.625
-22.8333
-39.2917
-50.4583
-45.4167
-21.75
-2.33333
0.958333
4.5
12.0833
11.9167
-25.7083
-15.9583
-4.29167
-5.375
-20.2917
-18
-14.2083
-32.9167
-39.625
-22.7083
-1.08333
15.9167
35.75
53.4167
59.6667
59.6667
55.4583
54.875
57.6667
59.375
56.125
42.8333
23.1667
3.95833
-15.4583
-33.0417
-34.25
-15.9583
-2.625
3
11.0833
20.7917
-7.04167
1.08333
-14.4167
-22.8333
-12.4583
-6.54167
-20.625
-29.4583
-9.70833
7.875
17.0417
30.5833
41.125
37.875
25.7917
16.7083
12.2917
11.5833
14.6667
22.5
33.0833
39.5833
34.9583
22
10.6667
-4.125
-22.3333
-23.4583
-7.875
2.20833
6.25
11.1667
-0.291667
-1.25
-12.4583
-15.75
-7.66667
-11.4167
-22.0833
-8.75
6.04167
11.0417
17.2917
26.9583
21
9.45833
3.08333
0.0416667
0
0
0.208333
2.375
7.58333
17.375
25.9167
23.2083
15.7917
10.125
-0.958333
-14.5417
-11.5833
-5.58333
-1.91667
-0.458333
4.08333
-0.208333
1.83333
1.875
-4.95833
-10.2083
-8.375
5.875
8.625
10.0833
20.75
16.4167
5.25
0.25
0
0
0.0833333
0.458333
1.25
2.29167
3.95833
8.79167
18.875
26.9167
21.3333
16.0833
12.375
1.125
-7.29167
-8.58333
-6
-3.125
10.0417
2.16667
4.5
4.83333
-3.125
-3.41667
6.95833
14.9583
18
24.875
30.25
20.9167
15.1667
12.0417
9.29167
6.58333
6.70833
8.08333
10.25
13.7083
17.125
20.8333
24.5
31.0833
30.4583
23.0833
18.5
11.625
-0.5
-3.625
-5.91667
-2.91667
-6.91667
-9.16667
-4.5
-2.54167
0.791667
-0.25
12.0417
15.7917
18.9167
27.75
21.375
18.125
16.6667
14
11.25
8.79167
11.5
12
10.4167
10.5
10.375
9.58333
5
7.08333
14.4167
12.2917
10.9583
10.7083
4.04167
1.79167
-4.08333
-3.16667
-15.3333
-9.20833
-3.16667
-5.25
1.625
4.33333
6.79167
2.625
-0.583333
-0.875
-12.7917
-19.3333
-13.25
-6.33333
-2.66667
3.54167
9.75
10.375
6.25
2.83333
2.54167
-0.458333
-2.875
5.5
14.5
16.5
15.75
15.75
12.8333
5
-0.583333
-2.33333
6.33333
6.58333
4.54167
-1.08333
0.166667
10.7083
12.6667
15.4583
19.2917
20.125
21.4583
18.75
24.5417
28.8333
25.5
28.875
28.5833
31.5833
35.9583
40.5
52.75
58.5
65.7083
68.3333
63.6667
56.0417
43.8333
30.875
19.7917
6.70833
2.83333
-0.458333
11.0417
7.875
0.833333
2.375
2
11.9167
22.7917
36.875
50.5
57.875
69.9167
76.25
69.125
60.625
47.2083
38.375
28.75
27.125
32.4583
35.9583
44.125
47.5
49.5
38.5833
29.5
24.4583
17.7083
10.0417
4.875
2.66667
3.79167
2.16667
6.54167
2.20833
-3.16667
2.91667
2.95833
-0.333333
-1.83333
-6.04167
-12.4167
-24.125
-31.4583
-32.625
-41.2917
-44.3333
-38.875
-41.8333
-44.125
-50.0417
-58.75
-71.25
-91.5417
-103.25
-112.625
-114.125
-103.875
-81.8333
-58.8333
-37.5833
-18.8333
-5.875
2.41667
3.375
18.9167
6.58333
1.16667
4.125
1.91667
-10.5833
-28.0417
-52.5833
-79.125
-109.5
-133.417
-142.667
-140.667
-132.125
-107.417
-97.7917
-88.5
-90.2083
-104.625
-118.708
-147.792
-161.208
-168.292
-155.958
-135.042
-102.667
-70.7083
-41.625
-18.6667
-6.79167
1.16667
0.666667
17.125
12.2917
7.75
4.95833
1.04167
-2.83333
-14.3333
-26.2083
-37.2083
-51.9167
-59.4167
-59.5833
-53.125
-47.7083
-37.625
-31.125
-31.9167
-31.875
-29.6667
-25.375
-27.0417
-25.625
-19.4583
-18.875
-16.1667
-9.125
-6.25
-5.04167
-2.16667
1.41667
1.91667
-2.20833
-7.08333
4.75
6.41667
1.20833
-0.291667
4.33333
4.16667
13.0833
23.7083
30.8333
39.6667
51.375
52.2917
47.625
37.5417
33.5
18.3333
17.25
35.625
49.6667
67.4167
78.4167
91.0417
76.9583
64.6667
50.125
29.7917
11.3333
2.29167
0.625
-1.20833
-4.29167
-28.8333
-13.5833
-6.66667
-4.08333
0.333333
5.08333
13.4583
24
34.25
43.9583
45.75
51.4167
48.625
43.0833
33.625
28.2917
23.875
24.7917
32.1667
36.25
44.8333
49.5833
51.7083
47.1667
41.5417
25.125
6.625
-5.29167
-13.2083
-21.75
-19.4167
-13.625
-24.1667
-15.9167
-12.0833
-5.625
1.54167
4.875
19.0417
22.9167
25.4167
31.8333
25.75
17.5417
17.4167
18.0417
15.9167
15.6667
24.8333
27.25
20.0417
16.5417
16.5833
15.0833
8.91667
16.4167
18.75
5.625
-6
-9.91667
-20.625
-27.75
-25.375
-13.875
8.41667
-1.5
-3.20833
-4.16667
-1.70833
-1.33333
10.3333
14.875
15.3333
20.1667
19.2917
6.70833
4.70833
6.125
6.125
7
12
13.0833
8.625
7.08333
7.125
6.29167
5.83333
16.5417
25.1667
30.3333
37.9583
40.7917
26.7083
28.6667
21.375
17.9583
24.375
-0.666667
-3.83333
-8.125
-11.3333
-10.375
-3.95833
7.95833
10.875
13.3333
19.9167
12.9167
3.79167
0.5
0.125
0.125
0.125
0.125
0
0
0
3.16667
12.4583
24.5
34.125
54.5417
77.8333
75.9583
68.1667
70.5417
56.5417
36.5
-5.66667
-17.25
-22.25
-21.7917
-20.5417
-14.375
-16.2083
-2.04167
10.625
14.0833
21.1667
25.2083
16.5417
6.5
1.5
0.125
0
0
0
1
5.875
16.2917
25.9167
26.375
23.75
28.125
25.5833
7.91667
18.4583
20.1667
16.5833
9.83333
-32.7917
-11.6667
-15.75
-15.0417
-6.625
-3.70833
-19.9583
-23.7917
-4.91667
10.8333
20.7083
33
37.4583
30.0833
19.4583
11.5417
6.75
6.29167
10.8333
18.25
29.7083
37.375
32.7917
18.4583
1.79167
-21.4583
-53.6667
-56.2083
-34.0417
-31.5833
-23.2083
-7.75
11.2917
35.1667
39.25
31.9167
25.7917
10.2917
-8.375
-33.3333
-36.1667
-14.75
5.33333
22.9583
42.0833
55.5417
58.4583
54.25
49.3333
48.4583
52.8333
57.2917
54.4583
40.8333
21.625
3.79167
-20.0833
-50.2917
-59.9583
-33.7083
-25.2083
-25.0833
-13.7917
3.45833
59.7917
52.5417
63.1667
58.3333
36.4583
9.58333
2.58333
-14.2083
-42.5
-50.7917
-38.5
-19.9583
2
27.25
49.3333
64.5
73.3333
73.4583
64.0417
49.25
26.75
2.375
-17.5417
-35.0833
-48.7917
-48.8333
-22.8333
-7.875
-15.7917
-12.0833
-2.33333
-3
16.125
2.45833
9.29167
19.6667
18.4167
11.5833
9.91667
7.5
-12.7083
-46.7917
-65.0833
-64.5
-55.7917
-44.7917
-32.5833
-19.7083
-9.875
-8.66667
-17.6667
-29.8333
-40.6667
-50.75
-58.8333
-63.1667
-48.625
-17.4583
3.91667
1.25
-0.666667
3.375
-3.625
-24.2917
-31.3333
-28.8333
-30.6667
-20.3333
-3.04167
20.125
28.3333
26.3333
21.1667
-1.20833
-35.7083
-64.25
-80.1667
-86.25
-88.4167
-88.1667
-87.8333
-86.4167
-84.7083
-83.75
-80.6667
-75.7083
-63.7083
-38.5833
-5.16667
21.125
27.9583
31.5
35.25
26.4583
5.83333
-7.83333
-29.4167
-21.5833
-25.2917
-23.9167
-14
8.20833
27.875
38.625
43.3333
42.8333
27
-3.625
-37.3333
-60.625
-71
-74.125
-75.75
-75.2083
-71.25
-66.125
-56.375
-34.2917
-3.70833
27.9583
46.6667
49.25
45.6667
36.8333
25.75
12.7917
6.70833
14.0417
-14.0833
-9.41667
-9.25
-9.70833
-10.875
-12.9167
-9.08333
8.70833
28
48.7083
64.9583
67.0833
54.2917
31.9167
11.1667
-6.625
-15.8333
-15.8333
-5.04167
13.5833
35.0833
58.9583
74
73.875
57.2083
34.625
12.4167
-10.0833
-22.5
-22.2083
-11.125
-0.958333
20.6667
23.9583
18.125
-12.0417
-37.7917
-3.625
18.375
-8.58333
-12.875
17.875
15.5833
-9.79167
2.45833
33.25
24.5833
-18.1667
-32.9583
-6.125
15.3333
0.541667
-26.4583
-18.7917
9.08333
13.7917
17.3333
21.0417
-2.04167
-15.5833
-8.16667
-3.95833
-4.375
-5.25
3.91667
11.4583
34.4167
12.9167
-34.2917
-23.4167
3.875
-0.75
5.125
27.2083
7.75
-21.0417
-4.70833
19.6667
17.2083
-4.125
-16.5417
-6.5
4.20833
-1.25
-11.875
-10.7917
-2.91667
1.91667
11.4167
17.3333
8.875
0.625
-5.25
-10.0417
-9.125
-5.625
4.45833
5.625
36
16.4167
-33.5
-18.5417
13.375
-4
-7.625
21.1667
9.25
-14.0417
-8.125
4.83333
15.375
3.83333
-13.0833
-6.375
4
1.54167
-6.41667
-8.375
-4.125
-0.458333
2.33333
7.54167
14.7917
15.3333
0.5
-15.4167
-11.875
-0.0416667
-3.16667
-0.0833333
34.375
23.375
-13.5417
-3.45833
0.416667
-19.2083
-4.625
16.1667
0.125
-8.54167
-0.958333
-1.08333
-0.708333
0.833333
1.75
4.20833
6.33333
4.20833
-2.79167
-7.875
-7.29167
-4.16667
-1.70833
1.54167
6.91667
13.9167
14.2083
0.166667
-9.75
-5.08333
-1.16667
-4.58333
18.4583
23.7083
10.375
12.7917
-2.70833
-21.6667
-9.95833
1.58333
-5.45833
-6.79167
0.75
3.54167
2.08333
0.916667
1.29167
2.20833
2.54167
2.16667
1.95833
0.958333
-2.75
-6.33333
-5.625
-2.66667
-0.333333
7.375
18.8333
15
-1.375
-8.91667
1.08333
-21.5
1
33.75
30.5
11.875
-9.375
-16.9167
-10.3333
-9.29167
-7.95833
-2.70833
-1.29167
-0.208333
2.625
5.08333
6.5
6.375
4.875
3.29167
2.04167
0.208333
-2.20833
-6.29167
-9.54167
-7.33333
-2.91667
2.08333
12.75
22.4167
16
-3.83333
-1.20833
-28.25
2.29167
46.0417
30.5833
-2.83333
-10.1667
-12.1667
-21.625
-20.6667
-6.45833
3.25
5.125
5.04167
4.45833
5.45833
6.79167
6.41667
4.95833
4.5
5.66667
5.75
3.66667
-2.29167
-12.9583
-19.4167
-13.5
-1.20833
9.70833
21.875
26.8333
6.91667
0.541667
-12.0833
15.7083
37.5
15.4583
-4
-15.2083
-32.2917
-29.25
-6.95833
7.16667
8.29167
6.125
5.16667
4.66667
5.54167
6.83333
6.375
4.79167
4.625
6.125
6.83333
7.29167
7.08333
-0.583333
-18.9167
-30.5
-18.3333
1.25
16.5
33.2083
26.4167
-0.916667
13.9583
25.8333
23.5417
9.66667
-12.6667
-41.125
-39.2083
-8.83333
8.25
10.0417
8.33333
6
5.375
5.04167
5.58333
6.54167
5.83333
4.29167
4.625
6.58333
7.33333
7.83333
9.125
9.54167
-1.125
-28.2083
-41.3333
-21.125
8.58333
34.875
40.6667
-6.29167
25.375
34.4167
21.75
-5.04167
-40.9167
-51.5833
-21.25
7.79167
12.2917
10.7917
11.7083
12.375
9.33333
3.08333
0.0416667
0
0
0.208333
2.375
6.95833
10.75
12.1667
12.0833
13.5417
11.75
-10.7083
-43.0417
-46.9583
-17.5833
27.2083
56.2917
-8.04167
36.5417
49.0833
13
-36.3333
-63.2083
-41.625
0.25
16.75
17.3333
19.875
15.6667
5.25
0.25
0
0
0.0833333
0.458333
1
0.916667
0.458333
3.29167
10.75
16.2917
18.0833
20.0833
8.5
-28.25
-58.6667
-46.8333
7.25
62.375
8.54167
56.9167
47
-15.9167
-63.625
-65.2917
-23.1667
21.8333
30.125
20.75
12.625
4.54167
-1.45833
-4.58333
-1.95833
3.45833
6.70833
8.08333
1.375
-7.41667
-4.75
0.833333
3.875
10.0833
17.8333
27.9583
27.375
-7.25
-54.125
-66
-22.1667
50.9583
32.8333
78.0833
29
-51.9167
-79.3333
-56.625
-2.58333
39.6667
34.9167
13.625
4.125
1.75
0.0416667
-3.25
-4.875
0.416667
10.75
12.625
-3.95833
-13.625
-2.5
3.95833
2.5
4.95833
10.7917
25.2917
39.2083
15.2083
-41.0833
-73.7083
-50.0833
27.5833
51.7917
78.6667
0.458333
-74.875
-84
-45.0417
25.0417
55.25
25.4167
1.125
1.20833
2.41667
1.875
-2.33333
-12.2917
-5.95833
21.5
26.125
-6.75
-22.1667
-4.95833
4.29167
3.125
2.875
-4
3.875
43.375
47.25
-18.1667
-73
-69.2083
1.04167
70.3333
68.2083
-27.9583
-88.3333
-86.3333
-26.1667
63.5417
61.5833
0.166667
-12.5
0.458333
2.25
1.79167
-4.29167
-21.375
-11.25
39.2083
46.2083
-11.0417
-34.625
-9.125
4
3.08333
2.58333
-14.3333
-21.2083
36.8333
77.625
9.04167
-68.9167
-80.0417
-21.7083
79.6667
49.75
-46.1667
-92.5
-87
-5.70833
93.6667
59
-21.75
-22.125
-0.0833333
2.125
1.75
-5.75
-30.1667
-17.875
55.875
67.25
-14.5417
-47.6667
-14
3.875
3.375
2.20833
-22
-41.2917
28.7083
100.792
32.375
-64.7083
-85.3333
-36.9583
93.2917
36.3333
-60.2917
-95.3333
-87.2917
8.04167
110.917
54.5833
-37.9167
-30
1.54167
5
5.08333
-2.45833
-34.75
-24.9583
63.125
79.3333
-23.125
-64.625
-13.9167
12.375
9.375
12.25
-17.375
-59.3333
12.2917
111.917
46.5417
-63.25
-88.0833
-45.25
95.4167
34.5833
-60.7083
-95.125
-87.4583
13.2917
116.958
44.9167
-52.875
-27.875
11.5833
8.33333
11.2083
8
-40.1667
-39.4167
63.75
82.0417
-32.5
-67.5833
-5.66667
17.1667
11.0833
18.7917
-13.6667
-69.5417
3.41667
115.875
49.7083
-64.0417
-88.5833
-45.9583
85.25
45.7917
-46.25
-91.6667
-87.7083
5.29167
108.667
48.7917
-46.0833
-26.5417
10.0833
7.16667
9.625
6.79167
-37.5
-36.625
59.8333
77.625
-27.1667
-61.375
-7.91667
13.875
9.66667
15.5
-14.6667
-60.125
13.125
108.708
37.8333
-66.5833
-86.9583
-37.8333
69.2917
57.75
-24.4583
-84.7917
-87.1667
-9.54167
88.7917
53.4583
-32.4167
-24.2917
8.04167
6.5
7.79167
5.875
-30.0833
-30.25
49.0833
64.125
-24.375
-52.8333
-5.45833
13.5417
9.04167
14.7083
-9.08333
-42.75
22.4167
92.0833
20.5417
-70.625
-86.0833
-23.5417
41.5417
65.1667
4.70833
-71.2083
-86.0417
-28.9167
53.9583
49.375
-9.5
-11.6667
9.25
6.66667
7.875
7.83333
-21
-24.9583
31.375
44.0417
-20.0833
-40.375
-1.29167
13.8333
9.08333
14.9167
-3.20833
-29
24.25
75.3333
14.2917
-67.875
-86.4167
-10.25
14.3333
64.3333
36.1667
-47.125
-82.5833
-48.5
16.2917
36.6667
10.9167
5.70833
13.125
6.91667
7.91667
9.29167
-12.2083
-18.3333
14.7083
23
-16.5833
-27.3333
3.58333
13.9583
8.79167
16.1667
6.125
-15
17
52.8333
10.375
-63.125
-76.5
10.375
-21.9583
49
61.4167
-12.0417
-69.7083
-61.5833
-13.1667
17.25
17.9583
22.1667
20.2917
6.70833
4.70833
6
-7.625
-11.25
7.375
10.4583
-9
-11.2917
3.5
6.04167
5.70833
16.2917
12.1667
-5.16667
9.58333
29.9167
-2.16667
-56.0833
-47.625
32.2083
-51
32.3333
80.2917
23.25
-49.0833
-69.5
-38.7083
2.95833
19.25
21.5833
20.2917
12.1667
3.79167
0.5
-0.25
-0.25
0.125
0.125
0
0
0
3.16667
12.4583
17.75
6.75
-4.95833
1.20833
5.83333
-10.7083
-31.2083
-13.7083
36.5
-61.9167
20.375
80
38.8333
-22.5417
-56.375
-53.7083
-16.4167
11.125
13.5833
12.4167
14.4583
12.4167
6.125
1.5
0.125
0
0
0
1
5.875
13.2917
15.4167
9.5
-1.75
-12.625
-16.1667
-9.70833
3.83333
5.04167
4.58333
22.9583
-50.5417
17.9583
64
30.3333
-6.625
-24.7083
-45.9583
-36.5417
-4.41667
10.0833
10.4583
9.125
5.95833
5.08333
6.95833
6.29167
3.375
3.04167
6.45833
7.875
4.95833
5.75
10.1667
8.33333
-2.58333
-21.7083
-35.6667
-11.5833
31.0833
28.1667
6.41667
7.875
-27.9583
10.7917
41.625
23.2917
-2.33333
-4.70833
-17.875
-33.8333
-23.2917
-2.625
7.70833
8.95833
6.08333
5.04167
6.70833
5.875
3.08333
3.33333
7.33333
8.79167
5.33333
5.45833
9.625
7.54167
-7.70833
-31.6667
-35.0833
2.79167
36.6667
27.5417
10.9583
-1.04167
-4.08333
19.7917
18.4167
8.20833
1.83333
-1.54167
-4.66667
-11.0833
-18
-15.7917
-4.125
4.66667
5.25
4.75
6.33333
5.625
2.95833
3.45833
7.79167
9.375
5.625
5
6.95833
-1.83333
-18.5417
-22.9583
-10.2083
7.5
19.9583
22.9167
12.7917
-8.75
13.625
27.9583
4.91667
-8.83333
1.41667
5.08333
-2.95833
-5.875
-5.58333
-6.54167
-4.95833
-3.5
-2.66667
1.08333
5.41667
5.29167
2.625
3.58333
8.33333
9.54167
3.45833
-3
-3.95833
-4.04167
-7.25
-7.70833
-4.45833
3.625
22.0833
26.625
-1.25
-22.4167
25.7917
37.9167
-4.66667
-28.8333
-6.66667
12.375
5.20833
-2.16667
-4.58333
-7.70833
-4.33333
2.25
3.20833
0.75
0.958333
1.08333
-0.583333
0.0833333
3.04167
3.5
3.20833
5.29167
3.04167
-5.20833
-10.1667
-6.75
-1.04167
12.875
31.125
12.7083
-25.9167
-23.4583
47.3333
38.9167
-18.4167
-36.4167
-18.625
7.33333
14.625
5.375
-0.916667
-0.416667
0.5
-4.25
-7.58333
-2.875
6.375
8
-1
-5.58333
1.625
9
5.75
-3.04167
-5.83333
-4.41667
-5.45833
-3.25
5.91667
22.7083
25
-9.20833
-31.5417
-11.7083
39.6667
23.5833
-14.75
-19.7083
-21.75
-12.9167
8.66667
15.3333
7.375
2.83333
2.58333
-0.916667
-3.20833
-1.08333
3.41667
1.875
-5.95833
-6.08333
-0.666667
1.45833
3.83333
3.20833
-0.25
-2
-6.54167
-2.625
16.0417
23.6667
4.25
-18.8333
-18.5
-4.83333
1.33333
3.22222
12.4444
23.1852
28.463
20.8519
13.0556
4.42593
-2.11111
-5.66667
-15.2222
-29.1481
-38.6481
-45.8519
-47.3704
-39.1296
-25.7963
-8.25926
8.57407
24.2222
34.8519
36.6481
34.2963
30.3889
27.0556
21.9074
11.3519
-1.18519
19.0926
27.537
32.7037
43.5926
43.2222
22.6481
3.83333
-15.3333
-38.0185
-57.7778
-80.8519
-99.7593
-110.963
-118.333
-118.796
-113.556
-102.704
-85.0926
-64.5926
-41.0556
-17.7778
0.907407
11.8333
18.2963
24.7963
28.537
24.5
15.463
38.5741
45.8148
36.963
28.7222
13.6667
-4.77778
-23.7593
-42.2963
-63.4259
-82.0185
-97.1667
-101.259
-100.056
-98.4444
-95.1481
-92.5185
-91.5556
-90.2778
-85.1667
-73.5926
-56.2593
-35.463
-18.4815
-8.14815
-1.44444
6.05556
12.9444
15.6481
24.7778
23.2963
9.66667
-9.85185
-25.1481
-28.3889
-35.6481
-46.0185
-54.8704
-57.6852
-53.2037
-41.2222
-28.3148
-16.9444
-11.0741
-13.4074
-21.7407
-33.9074
-46.3148
-54.1481
-53.9074
-45.3333
-33.0741
-25
-22.0556
-15.7778
-4.53704
7.5
0.888889
-7.09259
-18.4815
-38.5185
-40.963
-31.6667
-31.9074
-33.2222
-26.3148
-13.3333
5.5
26.7407
45.3148
56.2778
61.5926
59.5
51.0741
35.2222
14.5556
-5.74074
-20.5556
-27.6852
-25.8148
-20.8704
-22.0926
-23.9444
-16.1296
-2.88889
-23.0741
-35.7593
-40.8519
-40.9259
-26.9815
-17.5
-14.7778
-7.88889
5.25926
20.7222
39.2593
54.8889
64.2037
68.5741
70.6296
69.0556
65.9444
58.7778
45.7593
28.0741
11.5926
-1.62963
-8.75926
-8.44444
-7.7963
-14.0741
-15.8704
-9.31481
-24.0556
-35.0185
-34.1111
-19.963
-3.74074
-3.77778
-1.87037
7.75926
18.7778
31.963
44.2222
48.3333
47.4815
43.6852
42.1481
43.7963
47.537
50.5556
49.6296
41.0185
28.1111
16.4074
6.75926
3.96296
7.74074
1.87037
-7.98148
-11.8333
-23.5926
-25.2593
-15.6852
4.16667
11.1852
5.90741
12.1852
21.6852
28.7593
38.0556
39.5185
33.0185
25.7037
21.8889
20.0556
21.3519
25.3704
33.0926
41.537
44.0556
37.5185
28.6481
19.5741
12.6111
14.9074
14.6481
2.57407
-8.24074
-13.9074
-4.51852
8.98148
17.2037
11.4444
9.05556
16.5741
21.9444
28.1111
32.7407
27.0556
17.2778
13.1111
11.0741
10.0556
11.3148
13.8889
19.0185
28.4259
37.2222
36.5741
28.8704
23.0185
16.2963
14.2222
18.5741
11.2593
-0.12963
-12.0556
4.27778
18.2037
19.3889
10.7778
16.1111
23.537
27.5
36.2593
35.4444
25.1481
18.8889
19.7222
21.6481
22.6296
23.2778
23.8333
25.0185
31.3889
43.1481
47.6852
39.3889
33.0741
26.2222
18.6296
21.8704
18.9259
9.98148
-1.42593
13.9259
20.0741
15.7407
10.7407
19.0556
22.9259
25.537
34.5926
30.7037
20.8333
20.4074
24.2407
25.9074
28.1852
30.3333
32.2963
31.537
33.537
44.3333
50.5556
45.1667
40.6481
35.0926
26.0926
24.1667
23.1667
17.1111
4.55556
14.1481
16.3148
17.8704
22.8519
32.8148
38.1852
43.6667
50.1111
48.4259
40.3148
41.963
42.8519
44.6667
47.5741
50.2407
52.9815
54.4074
55.463
63.7778
67.0556
64.5185
57.5556
49.2963
38.5556
28.8889
24.6852
18.5185
13.5926
13.6296
11.8889
13.3519
20.8333
25.9444
28.537
30.7778
28.1852
27.3333
23.537
22.3333
18.7963
16.2037
14.1111
12.3333
10.9074
9.7037
6.2037
6.68519
7.27778
11.6852
12.2222
11.2407
9.33333
4.66667
6.48148
8.83333
16.2778
5.25926
0.0925926
-2.81481
0.166667
-2.2963
-5.53704
-9.88889
-21.4074
-25.3704
-22.4074
-25.7778
-29.5926
-33.1296
-38.2963
-43.463
-48.3889
-52.9259
-58.2593
-66.0741
-65.9815
-55.4444
-46.8889
-38.7963
-30.7037
-26.2037
-16.2222
-4.77778
18.9815
-0.555556
-14.537
-28.1111
-35
-47.7037
-60.8704
-75.3148
-95.6111
-105.352
-95.1852
-96.7778
-98.8148
-104.019
-111.185
-118.13
-125.056
-133.093
-141.093
-156.37
-153.296
-134.611
-114.056
-94.0926
-74.2222
-58.2407
-37.963
-16.3889
17.9815
0.259259
-19.1481
-35.5
-42.7222
-54.4259
-66.4444
-79.2963
-97.5
-107.352
-96.1852
-91.2222
-91.2407
-92.3333
-92.463
-92.7037
-93.0556
-94.1667
-96.7222
-110.222
-107.204
-89.0741
-73.8704
-61.537
-49.4444
-42.2778
-29.4444
-15.0185
13.7963
5.07407
-11.2593
-20.7593
-20.3148
-22.2593
-25.8519
-29.7963
-42.7963
-50.2593
-43.0185
-35.9259
-40.1481
-40.4444
-37.8333
-35.0556
-32.3519
-25.2778
-24.2222
-32.3519
-29.963
-18.9444
-17.3148
-17.3704
-17.1111
-21.8333
-18.463
-14.1296
2.38889
8.25926
6.33333
7.09259
14.2593
24.6852
31.463
38
37.7222
34.3889
32.2963
37
33.4444
35.2222
39.8704
44.5
49.0926
58.6667
63.0556
65.0741
65.2778
60.6111
45.6852
32.8889
19.2778
5.2963
0
-7.83333
-6.46296
7.09259
17.2593
22.7407
25.6852
39.1481
48.4815
56.2778
62.6111
60.0185
51.5926
49.2778
47.463
48.4444
49.2963
50.2037
51.0926
55.1111
58.8704
68.3704
71.3333
59.8148
44.7407
34.0556
20.0556
15.2778
12.8519
3.66667
-15.7407
0.574074
18.4074
25.4259
21.3519
30.6296
39.7037
45.2222
56.7037
57.1111
44.2037
36.3148
38.9444
40.3519
40.4074
40.3704
40.3148
38.963
44.7593
59.6481
65.4815
57.2593
53.3519
47.8333
37.9815
44.9444
43.0926
32.9074
-22
-10.6852
5.03704
15.5556
12.1852
12.9074
20.2593
25.0185
33.8333
37.6111
28.0926
17.6667
16.5
15.0926
13.8519
13.5741
15.0741
16.1852
24.0741
37.463
44.5185
48
55.963
54.5556
55.2407
66.5926
60.1296
50.6111
-31.0926
-27.1667
-13.4259
3.7037
10.7222
6.57407
11.7778
19.4815
28.2037
35.7963
33.463
25.2222
20.0926
16.2593
15.0741
16.0926
20.0926
25.4444
33.0556
38.3704
39.9074
44.2222
49.4259
47.537
55.463
58.4444
46.1667
37.7037
-20.3704
-24.8333
-19.2963
-3.16667
9.05556
3.03704
2.55556
11.6481
22.7593
35.6852
44.8519
46.4259
43.0185
38.9815
37.6481
38.6667
42.6852
45.8148
44
37.2407
27.2593
20.3519
14.7593
14.3148
23.0926
13.5741
1.42593
-0.888889
6.77778
-6.48148
-10.7778
-5.05556
0.62963
-1.90741
-6.12963
-1.53704
11
26.9815
45.0185
58
64.3519
66.4074
66.8519
66.6852
64.1667
57.5556
44.8889
26.3519
7.14815
-11.0185
-22.9815
-21.963
-23.3889
-37.1667
-40.8519
-36.1111
43.7963
28.8333
11.6111
-2.31481
-12.6852
-14.2222
-20.2407
-24.2037
-17.6667
-2.53704
17.5556
39.1481
56.7963
66.463
69.0556
66.9259
58.0185
40.4444
18.8889
-1.83333
-21.5556
-37.1296
-41.6481
-38.7407
-46.2407
-53.6111
-47.1481
-36.8889
47.6111
38.6852
21.2222
-0.0555556
-17.0556
-20.4259
-26.4815
-38.463
-47.7222
-48.4074
-40.4074
-27.3889
-12.0926
-0.611111
3.16667
0.111111
-10.3333
-24.3519
-36.2037
-46.2963
-49.9259
-47.2407
-39.6667
-35.3519
-39.2778
-34.463
-24.1852
-17.1667
25.4074
31.1111
24.9815
7.92593
-5.25926
-10.7963
-17.537
-31.1667
-50.2037
-66.963
-77.963
-80.7037
-77.2593
-73.3704
-72.037
-72.7407
-74.1667
-74.9074
-71.3889
-61.1852
-47.1667
-31.0556
-17.5
-11.7963
-5.53704
4.88889
12.037
13.1852
-10.3889
3.42593
14.1111
16.2222
16.9815
11.7963
5.96296
-3.2963
-21.3148
-44.0926
-66.3333
-86.0926
-99.7407
-105.722
-106.926
-105.037
-97.5
-80.8889
-59.5556
-37.8148
-16.4074
0.925926
10.0556
15.6111
25.0926
32.8333
29.6111
21.0926
15.6111
4.22222
-5.11111
-0.425926
-1.92593
-1.09259
-4.27778
-8.90741
-12
-7.27778
7.38889
17.7963
13.7963
4.48148
-0.87037
2.2037
2.59259
-0.925926
-7.25926
-10.3333
-10.2037
-7.74074
-3.48148
1.94444
12.2222
17.7407
17.1852
2.03704
21.6481
12.037
3.48148
-5.7963
-16.6667
-20.7407
-14.8889
-8.38889
-2.12963
-1.11111
7.7037
13.963
13.9259
7.94444
2.25926
4.33333
5.18519
5.12963
1.62963
-0.888889
-4.44444
-8.87037
-11.7222
-9.64815
-0.87037
9.59259
16.7778
13.4074
36.3519
34.6481
9.51852
-19.0556
-37.9444
-33.9444
-17.8148
-1.46296
9.01852
10.2593
11.2778
7.24074
5.44444
3.22222
5.07407
7.14815
8.16667
7.66667
6.77778
5.96296
3.74074
-2.74074
-11.0926
-17.2037
-14.7222
-3.22222
12.8333
22.537
42.6667
40.8519
8.22222
-23.963
-43.5926
-34.9444
-15.1481
5.81481
13.5741
12.537
7.85185
4.72222
3.12963
2.27778
2.7037
3.09259
3.53704
4.48148
6.57407
10.2407
12.2593
9.16667
-1.46296
-14.5
-21.9444
-15.7222
2.68519
22.2222
40.9444
33.0741
0.0740741
-30.3519
-37.9074
-23.1667
-1.96296
8.5
8.24074
3.22222
0.944444
2.46296
5.31481
7.66667
8.64815
7.88889
6.12963
4.05556
2.38889
3.03704
6.72222
10.2037
7.74074
-4.31481
-18.3704
-22.4444
-7.57407
16.2222
36.8704
13.6296
-16.4074
-35.4815
-29.7037
-14.2778
-1.77778
1.61111
2.92593
4.77778
6.53704
7.61111
7.98148
8.74074
8.96296
8.5
7.94444
7.83333
7.37037
6.07407
4.92593
4.87037
3.96296
-2.61111
-14.1296
-22.4074
-14.537
6.74074
27.3889
-6.51852
-32.4444
-39.7407
-28.6852
-12.1111
-0.592593
6.48148
8.88889
10.0741
8.83333
8.27778
8.14815
9.07407
9.48148
9.40741
8.98148
9
9.18519
9.2963
8.38889
7.07407
3.37037
-4.09259
-16.7037
-27.3519
-23.1481
-1.27778
14.8519
-24.1481
-46.7963
-44
-25.2593
-3.92593
7.46296
11.1852
9.59259
8.11111
5.85185
6.35185
9.92593
14.5556
15.9444
11.7963
6.48148
4.2037
6.53704
10
11.3519
11.7037
9.57407
1.22222
-16.3148
-34.5741
-35.537
-11.963
3.03704
-40.2407
-60.3519
-48.963
-19.2778
5.94444
15.2963
16.3889
15.7778
15.6852
11.6667
6.27778
5.5
7.35185
9.27778
3.25926
-0.222222
0.62963
10.1481
17.3889
19.463
18.4815
16.4074
9.40741
-11.2778
-39.4815
-51.8519
-29.2963
-11.4444
-60.7222
-73.1852
-47.4444
-6.11111
19
24.9815
24.3333
22.037
15.7778
4.53704
-4.66667
-0.555556
9.25926
16.7963
6.88889
-4.66667
-10.2593
0.611111
13.2037
20.0185
19.7222
18.7963
17.6667
3.07407
-29.963
-57.9074
-46.5741
-32.0926
-82.2407
-78.8704
-31.6481
16.3519
34.1667
28.037
19.4259
13.6481
6.25926
-4.94444
-11.9259
-2.25926
17.963
29.2407
15.3333
-7.53704
-19.1296
-9.62963
4.05556
11.1111
11.9444
16.537
26.7593
23.5926
-10.2222
-55.1667
-62.4444
-54
-103.241
-78.5741
-10.2963
41.0741
45.9815
22.6852
7.33333
2.27778
0.203704
-10.7963
-16.9815
-4.53704
26.1667
41.3519
24.1296
-10.1852
-26.5926
-17.037
-1.94444
1.33333
-0.981481
7.77778
33.0185
45.7222
14
-47.0926
-75.537
-75.5185
-118.981
-73.5556
9.07407
61.5556
50.1667
13.7037
-5.66667
-2.59259
1.22222
-8.2963
-18.5
-5.42593
27.5926
45.7778
22.9444
-15.8148
-33.2407
-15.963
4.2963
5.11111
-5.75926
-2.83333
30.2407
56.9444
32.4444
-39.2963
-84.7778
-91.1667
-127.019
-67.463
25.1852
71.2778
47.9259
2.90741
-11.8889
-0.351852
6.96296
-4.12963
-21.3889
-8.14815
25.4259
48.3704
20.9259
-19.3333
-37.6481
-13.4259
10.2593
8.85185
-9.27778
-12.8889
25.9259
62.963
46.6296
-32.6111
-89.0556
-93.7963
-127
-64.4259
30.2778
75
48.2963
0.518519
-13.7593
-0.833333
7.37037
-3.90741
-21.5
-8.25926
25.3148
48.4259
20.9815
-19.2778
-37.6481
-13.4259
10.2407
8.14815
-10.6111
-14.1667
26.6852
65.8889
50.0926
-32.0185
-91.1111
-89.6296
-124.074
-64.2037
26.9444
72.3333
46.963
1.77778
-12.5741
0.0555556
7.37037
-3.90741
-21.5
-8.2963
25.1111
47.8704
20.0741
-20.2222
-38.1667
-13.2778
11.2222
9.96296
-8.40741
-13.1481
25.963
64.1111
48.7222
-31.7222
-90.3519
-75.4259
-114.593
-66.7037
14.4074
59.6852
42.5185
6.42593
-4.96296
5.75926
10.7963
-0.740741
-19.3704
-9.92593
19.4444
40.9444
17.1667
-17.963
-33.1667
-10.0556
11.8704
10.1481
-7.83333
-14.7037
21.5741
60.2778
49.6111
-24.8519
-83.8519
-53.6111
-98.463
-69.2778
-1.2963
43.2593
37.7963
11.5185
2.5
8.61111
10.2778
-1.87037
-18.2222
-9.55556
19.3333
39.2593
18.7778
-15.6852
-30.6111
-11.5
9.18519
8.44444
-7.22222
-14.3148
18.7778
54.7222
47.6852
-19.2778
-70.7778
-29.3519
-75.6296
-67.2963
-17.7593
21.5741
26.4259
12.537
9.66667
14.4444
12.8519
0.0925926
-14.4444
-7.59259
16.0556
31.6296
14.0926
-14.4074
-25.6667
-7.35185
13.7593
16.7778
4.37037
-6.92593
13.8889
36.0556
29.1667
-24.537
-56.1111
-0.62963
-50.9815
-64.537
-38.3519
-3.87037
10.9074
11.8148
16.7778
24.2593
21.4444
8.7037
-7.85185
-5.83333
7.35185
19.1852
5.64815
-11.7407
-17.037
2.98148
23.5926
26.4259
11.8704
-5.2037
3.94444
16.3704
11
-24.1852
-39.1481
21.8333
-29.6852
-59.2407
-52.0556
-24.3704
-2.48148
7.59259
16.2407
25.9444
26.7778
19.8148
2.83333
-0.833333
-0.185185
7.12963
-2.7037
-6.48148
-3.81481
16.963
30.2963
27.463
10.7778
-7.87037
-5.5
0.740741
1.14815
-16.9259
-22.4444
30.963
-17.3889
-49.4259
-51.4074
-32.5556
-10.5926
4.55556
14.7593
19.7593
17.7963
14.2407
6.11111
5.59259
5.09259
9.62963
5.59259
5.42593
4.94444
12.9444
16.8148
14.4074
3.44444
-9.85185
-8.74074
-1.31481
5.61111
-4.11111
-9.68519
33.0741
-9.88889
-40.4074
-43.3889
-27.5556
-9.35185
1.66667
8.87037
11.1481
11.1296
9.90741
8.81481
7.90741
7.03704
7.14815
8.33333
9.85185
10.0926
10.5556
10.2963
5.98148
-3.59259
-13.6852
-9.24074
4.25926
15.0185
8.03704
-2.44444
32.0556
-5.98148
-36.3333
-39.6111
-23.2593
-5.12963
3.25926
4.74074
4.55556
5.87037
7.51852
8.22222
7.62963
6.90741
7.18519
8.62963
10.3889
10.3889
9.66667
6.07407
-0.407407
-9.96296
-14.537
-6.2963
9.22222
19.3333
14.0926
4.16667
31.0741
3.22222
-27.8889
-38.5926
-28.7963
-8.5
8.31481
12.463
7.88889
1.90741
1.11111
3.59259
5.68519
6.2963
7.16667
8.81481
9.85185
6.88889
3.33333
0.777778
2.27778
-0.796296
-6.37037
-8.46296
0.814815
14.7222
19.0185
13.3889
27.5556
9.40741
-17.7222
-30.6111
-32
-20.7593
-4.2037
9.64815
16.2222
13.7593
8.37037
3.55556
1.2963
0.611111
1.11111
2.22222
4.16667
6.48148
11.4074
14.3704
13.463
0.87037
-12.3333
-18.0185
-7.44444
9.59259
17.4815
15.5556
14.4074
4.88889
-10.6296
-17.963
-24.2037
-22.0741
-12.4815
-0.722222
8.12963
10.037
9.31481
8.85185
7.35185
4.01852
0.407407
1.59259
7.11111
12.6481
15.6111
12.5926
6
-7.27778
-16.5
-18.7963
-6.92593
8.05556
16.7593
12.963
2.61111
-5.12963
-8.83333
-7.66667
-11.6296
-14.7593
-12.8704
-7.24074
0.0740741
4.62963
7.72222
9.35185
8.42593
4.77778
2.24074
3.62963
8.55556
11.8889
13.0556
7.68519
-1.2963
-14.7407
-19.1111
-14.2778
3.98148
17.8333
21.4444
6.42593
-6.88889
-21.9444
1
36.8333
65.4444
64.2222
16.9444
-33.0556
-63.8333
-44.5556
-12.9444
9.05556
18.5
-1.33333
-23.5556
-39
-24.7222
-12.1667
-11.7222
-12.7778
3.83333
21
33.8889
29.7222
28.8889
22.0556
13.5
8.38889
-4.72222
-7.61111
-8.61111
8.22222
-1.05556
-41.7222
-53.8333
-18.5
27.5556
52.3333
34.1667
3.72222
-14.5
-9.05556
6.05556
26.8333
37.7222
26.3889
3.38889
-19.1667
-20.8889
-23
-27.1111
-34.4444
-34.2778
-28.0556
-18.1111
-9.61111
1.44444
16.1111
26.9444
30.5556
15.1667
3.55556
1.05556
15.8333
12.3333
-43.5
-83.0556
-60.5
-10.9444
18.3889
23
27.1111
44.6111
55.5556
46.6667
40.5
26.7222
13.5
-9.77778
-26.1111
-21.1667
-13.6667
-6.38889
-10.7778
-15.8333
-23.7222
-34.7778
-45.6111
-47.4444
-33.5556
-8.55556
16.0556
26.9444
25.9444
23.1111
22.4444
4.22222
-12.6111
-28.4444
-44
-27
-12.7222
27.8889
63.6111
87.7778
67.3889
28.7778
-0.833333
-21.9444
-30.6667
-36.3889
-26.6667
-11.7222
2.27778
11.5556
14.6667
15.3333
12.5556
2.33333
-17.8889
-44.3889
-62.7778
-58.1111
-27.8333
13.6111
40.9444
42.3889
23.9444
-1.27778
21.8333
18.4444
-17.3333
-23.0556
-5.38889
38.8333
56.3333
46.6667
10.3333
-26.3333
-48.7222
-55.2222
-50
-41.1667
-26.7222
-11.0556
5.22222
18.7222
30.6667
42.2222
51
50.0556
35.7222
5.88889
-32.9444
-64.6667
-66.3333
-32.7222
12.6667
36.3889
28.0556
-10.7778
26.8889
27.3333
6.55556
1.88889
22.7222
37.5
17.3889
-23.0556
-56.1667
-75.7222
-71.8333
-58.0556
-39.2222
-26.3333
-14.8333
-5.61111
2.77778
10
18.6111
31.1667
49.7222
67.1667
75.8889
64.6667
31.6111
-18.3889
-61.2778
-68.5
-35.6111
6.94444
24.7222
9.05556
9.83333
-4.61111
8.16667
24.8333
34.2222
6.11111
-40.2222
-79.4444
-88.2222
-76.6667
-48.4444
-20.5
3.83333
13.8333
14
5.11111
-4.16667
-12.2222
-14.0556
-7.77778
10.2778
36.2778
65.5556
83.7222
81.1111
46.8889
-9.33333
-62.1667
-73.8889
-40.9444
7.11111
10.6667
-12.0556
-10.1667
28.3889
44.7222
17.3889
-40.4444
-81.4444
-92.8333
-70.2778
-33.7222
5.38889
25.2222
29.0556
22.6667
14.3889
5.38889
-3.94444
-12.3889
-20.1111
-26.8333
-27.5
-14.3333
16.7222
55.5
85.1667
86.6111
49.2778
-16.6111
-67.7222
-67.4444
-17.5
-2.83333
-15.1667
12.3333
47.9444
35.1667
-21.3889
-76.7222
-92.0556
-65.5556
-22.8889
20.2778
38
38.9444
29.9444
22.5
14.0556
5.16667
-3.55556
-11.3333
-18.7778
-26.9444
-36.9444
-41.0556
-30.1111
5.33333
50.5
85.5
83.7778
37.6111
-27.8889
-64.5556
-42.6667
-25.3333
4.61111
57.9444
59.1667
5.55556
-59.6667
-88.4444
-69.2778
-21.7778
25.3889
50.1111
45.0556
28.7222
12.6111
4.11111
0.0555556
0
0
-0.277778
-3.16667
-10.1111
-23.2778
-39.3889
-49.8889
-36.2222
3.72222
54.1667
84.0556
72.3889
18.3333
-36.6667
-54.6111
-19.6111
26.5
65.6667
33.5
-31.2222
-80.1667
-75.8333
-31.7778
22.7222
51
46.8333
21.8889
7
0.333333
0
0
0.111111
0.611111
1.66667
2.83333
2.83333
-1.94444
-14.5
-37.0556
-51.4444
-37.2778
7.94444
58.2222
80
50.0556
-5.27778
-50.3889
8.72222
49.2222
57.8333
3.11111
-54.3889
-75.5
-43.7778
16.3889
52.3889
53.7778
25.4444
5.66667
-2.11111
-6.05556
-9.61111
-8.77778
-1.05556
8
13.6667
10.3889
4.05556
0
-3.44444
-16.6111
-43.3333
-54.9444
-32.4444
20.7778
64.2222
61.7778
17
-33.2778
36.7778
56.5556
27.6667
-26.8333
-60.8889
-55.1667
-9
38.5556
51.8889
32.1667
6.83333
-1.61111
-0.333333
-3.44444
-7.55556
-10.1667
0.444444
10.3889
17.3333
7.05556
-0.388889
-3.77778
1.27778
0
-20.6667
-45.8333
-48.0556
-11.8333
37.3333
57.3333
28.5556
-13.0556
54.7778
61.7778
13.7778
-35.2778
-53.7778
-30.5556
20.6667
49.8333
44.5
17
0.222222
0.666667
4.94444
1.05556
-7.61111
-16.0556
-1.16667
18.9444
31
14.0556
-1.33333
-8.05556
-0.111111
6.72222
-6.66667
-38.8889
-61.8889
-44.8333
4.94444
42.5
31.1111
0.333333
50.7222
48.1111
-0.5
-34.5
-39.4444
-7.72222
40.8333
54.0556
33.3889
3.72222
-5.61111
1.27778
9.94444
10.6667
-0.333333
-13.3333
-6.11111
18.3333
29.5
17
3.61111
-1.22222
4.61111
9.61111
-0.888889
-34.7222
-69.2778
-66.8333
-21.2778
22.9444
26.3889
5.05556
36.1667
30.6667
-2.83333
-23.1667
-23.9444
8.61111
51.9444
67.4444
44.7222
17.0556
1.94444
4.22222
5.72222
3.27778
-16.2778
-25.5556
-18.1111
26.3333
43.5
41.0556
17.3333
5.94444
1.5
-1.27778
-18.6111
-52.8889
-83.1667
-76.8889
-33.7222
7.72222
17.7222
4.94444
8.16667
9.5
-2.16667
-10.1111
-9.44444
13.2222
42.1667
57.0556
38.2778
12.5
-5.77778
-7.05556
-5.33333
-3.77778
-15.3889
-18.8333
-15.9444
12.4444
19.3889
14.2778
-2.94444
-6.88889
-3.94444
2.16667
-3.5
-18.8333
-39.1111
-37.2778
-18.3333
1.61111
6.11111
2.05556
-18.0556
-9.55556
0.555556
3.5
4.38889
6.77778
9.27778
10.6111
2.55556
-9.88889
-14.1667
-12.5556
-2.22222
3.16667
6.77778
-0.666667
-2.72222
-7.11111
-8.55556
-20.5
-23.8333
-19.7222
-5.66667
9.44444
16.5
21.5
15.8889
15.8333
7
0
-5.94444
-1.66667
-47.3889
-34.4444
-3.88889
15.5556
18.2222
-3.77778
-34.9444
-50.8889
-45.1667
-34.2778
-20.1667
-14.4444
0.222222
10.2778
32.6667
27.7778
16.6111
-30.4444
-47.5556
-58.6111
-37.9444
-22.0556
-2.44444
16.8333
39.8333
70.1667
80.9444
70.2778
28.3333
-7.05556
-19.5
-6.66667
-54.1111
-57.0556
-13.0556
25.1111
35.1111
0.611111
-55.0556
-81.3889
-67.1667
-31.3333
-4.72222
1.27778
6.5
10.8889
31.0556
32
16.6667
-30.7778
-47
-37.3889
-8.33333
3.55556
3.05556
-0.722222
13.3333
48.7778
78.2222
72.4444
25.9444
-18.0556
-24.1667
-6.55556
-40.0556
-69.2778
-23.7222
29.1667
51.5556
14.5556
-49.6667
-80.5
-57.1111
-9.61111
14.5
10.8889
-5.16667
-7.61111
3.33333
22.6111
9.72222
-19.3889
-34.6111
-6.88889
16.1667
20.7222
0.777778
-18.2778
-11.9444
17.2778
48.7222
41.6111
10.2778
-18.6667
-6.55556
8.22222
-10.3889
-60.3333
-31
25.6667
62.1667
43.0556
-13.5
-54.8333
-46.8889
-10.7778
12.9444
11.6667
-5.61111
-10.1111
-8.83333
7.94444
1.05556
-6.27778
-13.2778
10.5
21
19.8889
-0.333333
-18.3333
-16.5556
-8.38889
-1
-12.4444
-19.2222
-11.1111
20.9444
38.1111
9.55556
-48.9444
-48.9444
7.61111
58.6667
67.3333
26.2222
-25.4444
-42.2222
-29.4444
-7
1.38889
-6.27778
-8.16667
-8.05556
2.88889
0.333333
-1.22222
-5.05556
6.22222
9.16667
8.16667
1.77778
4.05556
15.4444
9.27778
-14.9444
-46.1111
-52.5556
-18.0556
28.6667
62.2778
1.5
-40.5
-60.6111
-12.2778
49.1111
85.7222
67.2778
16.6667
-29.0556
-48.4444
-37.3889
-16.7222
-5.05556
-0.666667
-0.166667
0.166667
0.166667
0.166667
0
0
0
4.22222
16.6111
36.3333
49.5
32.0556
-8.61111
-56.2778
-78.1667
-41.1667
15.6667
66.6667
-4.72222
-25.5
-53
-30.1111
25.6667
79.1667
89.6667
59.5
7.61111
-34.5556
-50.7778
-40.4444
-22.2222
-8.66667
-2
-0.166667
0
0
0
1.33333
7.83333
21.7222
41.3889
55.7222
53.3333
30.8333
-6.38889
-54.0556
-78.4444
-47.8889
9.38889
44.2222
-9.94444
8.88889
-4.88889
-28.9444
-9.94444
39.8889
86.2222
89.7222
54.8333
7.11111
-29.3333
-41.9444
-37.9444
-28.9444
-19.8333
-10.9444
-3.66667
2.27778
10
19
28.9444
38.0556
43.8889
35.6111
13.8889
-12.1111
-33.1111
-51.5556
-39.5556
-4.38889
31.5556
17.3889
8.5
48.7222
35
-28.2222
-60.6111
-26.3333
43.4444
88.7778
89.0556
58.3333
17.3889
-15
-28.8333
-28.1667
-20.3889
-11.8333
-5.11111
1.05556
9.44444
19.7222
30.4444
31.2778
18.1667
-11.3333
-42.6667
-60.1667
-58.8333
-30
20.7222
53.1667
42.8889
-11.9444
9.44444
63.2222
53.5
-12.7222
-79.7778
-81.6111
-24.6111
40.7222
83.2222
88.9444
70.2222
38.2222
7.27778
-11.5556
-16.6111
-12.1667
-6
0.111111
9.05556
17.2222
15.6111
-3.22222
-33.8889
-65.6111
-82
-77.5
-40.8333
18.8889
68.0556
65.3333
15.1111
-32.1111
8.38889
34.7778
19.2778
-5.27778
-53.6667
-79.9444
-74.4444
-30.7778
25.9444
66.6111
81.1111
72.2222
52.8889
34.2222
20.1667
9.16667
0.722222
-5.16667
-11.2222
-18.1667
-28.9444
-46.6667
-67.4444
-78.6111
-66.1667
-31.6667
19.5556
61.6667
64
21.2778
-26.8333
-38.5556
-3.72222
2.05556
-0.444444
16.1111
5.22222
-27.5556
-67.0556
-73.3889
-41.5
-0.444444
34.4444
52.5556
58.5556
51.1667
36.7778
20.5556
7.44444
-4.27778
-18.6667
-35.5556
-50.5556
-55.5556
-48.0556
-32.8889
-4.44444
28.2222
63.6111
62.3333
22.4444
-32.1111
-54.1667
-35.7222
8.05556
-5.55556
-9.66667
15.3333
33.3333
25.8889
-15.4444
-56.0556
-70.2222
-55.6111
-22.5
6.44444
24.4444
29.6667
28.2222
23.7222
14.6111
0.833333
-18
-31.0556
-32.3333
-20.6667
-2.16667
20.5556
45.7222
60.0556
52
14.7222
-24.6667
-46.5
-36.9444
-20.7778
15.3889
5.38889
5.5
12.7778
27.2778
34.8889
23.9444
-2.5
-34.4444
-56.7778
-58.8889
-43.0556
-21.4444
-4.22222
6.72222
12.5556
12.2222
5.38889
-2.77778
-7.11111
-1.38889
19.6111
46.4444
62.3333
52.5556
24.8333
-5.33333
-27.2778
-33.8889
-26.4444
-14.6111
-9.16667
-24.9
-13.82
3.46
26.08
42.48
44.94
46.62
42.22
23
3.68
-11.76
-29.98
-45.38
-47.12
-38.22
-24.64
-9.34
1.8
11.12
13.08
4.42
-8.02
-16.52
-24
-25.62
-14.34
1.66
18.1
-20.76
-17.9
7.88
31.74
42.9
44.34
44.62
21.12
-8.16
-25.08
-35.86
-46.4
-47.38
-40.74
-31.36
-19.36
-4.88
9.88
23.84
29.84
26.18
15.9
-1.1
-19.36
-28.48
-23.94
-12.44
6.22
-12.68
-7.6
10.64
24.92
26.64
22.64
10.48
-15.34
-37.26
-45.12
-49.12
-46.46
-39.14
-31.34
-22.7
-11.28
-0.36
12.08
27.24
38.86
43.16
38.42
24.74
3.08
-19.44
-30.26
-27.1
-14.22
3.98
3.78
8.34
12.92
-0.44
-14.5
-27.94
-45.3
-58.26
-57.68
-54.78
-46.8
-35.78
-23.96
-14.74
-3
7.18
17.34
28.28
41.24
51.84
55.66
48.78
31.98
6.38
-17.06
-29.86
-28.06
20.02
13.82
7.72
-4.24
-32.26
-55.66
-67.28
-74.96
-72.16
-57.58
-41.12
-25.54
-13.96
-6.38
-3.28
-1.12
0.68
6.46
16.62
31.66
49.06
63.94
68.44
59.42
37.08
7.42
-19.12
-32.54
36.28
28.66
9.42
-20.94
-56.76
-81.64
-89.14
-83.02
-61.52
-32.84
-11
2.94
9.84
9.62
3.66
-3.46
-9.86
-12.26
-8.48
2.78
22.62
47.8
68.98
76.38
65.12
37.4
4.78
-22.14
36.1
23.58
-11.44
-45.6
-76.28
-92.86
-87.32
-59.32
-25.68
1.56
18.04
24.08
21.1
13.4
5.52
-2.58
-10.34
-17.7
-22.36
-20.64
-8.92
13.44
42.06
66.88
74.54
59.52
31.08
0.16
35.46
10.32
-26.32
-53.84
-76.64
-79.1
-52.34
-16.34
10.78
28.68
33.26
26.44
17.54
11.2
5.78
0
-5.42
-13.88
-24.42
-33.06
-33.36
-20.5
4.24
35.08
62.08
66.74
48.72
22.64
31.92
-2.82
-34.76
-59.84
-69.74
-53.7
-16.46
13.06
35.78
44.74
39.24
26.98
19.7
12.32
6.78
1.26
-4.14
-15.02
-25
-36.08
-44.84
-41.6
-21.44
5.44
37.8
59.36
55.54
36.32
26.58
-8.8
-36.12
-54.24
-50.88
-20
14.18
37.08
51.68
47.76
30.3
15.94
10.22
4.86
5.7
10.16
12.18
3.64
-4.8
-18.06
-38.82
-52.04
-45.34
-29.88
-4.26
28.7
41.14
34.92
15.18
-13.08
-30.5
-36.54
-18.66
19.06
44.1
54.52
55.58
37.54
11.8
-0.52
-2.04
-3.08
3.64
18.38
25.72
19.84
14.24
2.44
-25.36
-51.86
-59.52
-58.54
-44.94
-9.98
14.44
21.06
13.38
-7.2
-14.34
-14.34
12.8
50.82
64.18
61.02
52.46
27.68
-1.48
-11.78
-9.3
-7.56
0.78
22.22
31.6
25.36
21.02
11.92
-17.5
-48.36
-61.94
-70.98
-70.2
-39.58
-9.72
3.74
4.48
-3.5
-5.82
-5.38
22.7
54.22
52.3
41.82
36.4
16.22
-5.92
-6.82
1.12
-1.94
0.72
18.1
22.72
12.72
13.28
14.06
-6.84
-31.56
-41.1
-53.38
-66.82
-46.44
-19.68
-7.64
-3.7
1.26
4.08
6.94
31.4
54.1
43.36
31.36
27.04
10.46
-8.18
-6.04
2.42
-2.14
-0.32
16.98
21.18
11.5
12.62
14.9
-3.42
-24.42
-32.98
-45.48
-63.28
-50.02
-28.16
-16.74
-9.18
1.06
7.32
12.48
27.56
38
27.96
16.6
11.56
1.36
-10.26
-8.56
-2.36
-5.48
-6.54
2.84
3.56
-3.68
-2.86
1.54
-5.32
-11.72
-11.38
-15.28
-25.6
-21.3
-13.52
-9.44
-9.48
-1.42
2.68
4.7
2.5
-2.78
-8.62
-13.42
-11.16
-6.54
-2.74
1.76
6.44
1.56
-5.18
-11.36
-16.68
-22.64
-20.18
-11.84
-3.84
6.76
17.42
22.58
20.58
16.94
9.46
4.92
-13.18
-6.16
-4.48
-5.68
-23.66
-44.42
-46.18
-43.84
-33.84
-14.7
5.12
12.68
16
9.62
-1.26
-22.34
-33.04
-36.96
-32
-20.44
0.8
23.64
39.54
49.88
54.22
43.26
27.14
19.7
-11.52
-3.54
-1.88
-2.08
-25.94
-56.02
-57.34
-49.04
-38.76
-16.04
7.86
13.12
9.36
6.24
-0.72
-21.06
-29.5
-24.42
-21.34
-18.12
1.24
21.98
29
39.42
51.58
38.3
25.18
25.62
-11.06
-0.48
2.18
4.18
-20.06
-56.58
-62.3
-52.7
-46.32
-23.4
4.06
9.02
0.16
3.4
-0.98
-21.28
-28.28
-16.22
-15.4
-13.44
9.28
30.6
33.3
42.8
51.52
31.94
19.48
21.98
-11.22
7.68
18.24
22.36
2.02
-38.6
-55.48
-55.38
-52.74
-31.78
-2.84
5.6
0.76
4.98
2.22
-14.12
-19.38
-7.02
-2.82
1.7
23.3
39.38
34.16
29.8
25.16
2.6
-3.04
6.08
-11.14
13.82
34.54
48.32
38.02
0.5
-27.38
-40.76
-51.54
-42.58
-20
-9.48
-10
-1.48
0.82
-6.6
-6.44
8.76
15.72
21.9
38.96
43.74
25.22
6.88
-8.86
-31.12
-28.32
-8.22
-11.86
16
43.34
66.22
69.66
44.74
12.38
-11.26
-35.56
-43.54
-35.94
-28.84
-27.54
-14.52
-4.28
2.24
10.96
29.5
37.06
39.8
46.84
41.06
14.4
-10.9
-32.62
-50.04
-43.62
-20.82
-19.02
3.86
34.56
61.66
77.44
72.3
47.28
17.2
-13.16
-31.7
-35.32
-31.8
-27.34
-14.94
-5.44
2.2
11.4
25.76
33.76
39.16
42.04
33.1
10.5
-17.24
-40.5
-48.14
-41.24
-26.18
-14.44
-4.56
21.06
48.7
68.02
78.5
72.3
46.94
15.98
-8.16
-21.5
-25.52
-21.42
-13.42
-5.44
2.26
10.88
20.64
27.74
26.74
20.76
6.6
-16.5
-41.1
-47.1
-40.98
-30
-13.46
-6.8
-12.96
-5.24
16.4
38.18
61.48
74.94
70.98
50.52
24.98
4.84
-7.88
-13.18
-11.54
-5.42
1.82
9.64
13.54
11.1
1.44
-11.82
-29.26
-43.08
-46.04
-34.74
-20.22
-6.98
4.38
-5.2
-18.4
-23.86
-17.1
0.26
30.36
55.54
67.12
65.32
51.74
34.5
19.26
8.94
2.38
-0.48
-1.58
-3.3
-7.9
-15.58
-27.94
-39.62
-46.68
-43.74
-31.82
-12.54
4.12
13.04
9.56
-1.66
-18.4
-29.68
-36.42
-30.9
-1.46
27.1
46.4
58.12
58.28
50
39.56
29.08
18.28
6.9
-4.28
-15.06
-25.14
-34.16
-42.34
-48.88
-48.54
-36.54
-21.02
-0.62
14.48
17.72
4.12
12.2
-3.92
-20.08
-33.92
-41.8
-28.32
-4.86
17.9
35.54
45.36
45.88
38.54
29.2
19.6
9.2
-1.56
-11.34
-22.08
-32.1
-40.12
-42
-36.24
-22.16
-5.38
12.44
17.46
10.84
-4.6