-6.625
-4.125
-1.25
0.5
3.625
4.375
4.125
6.375
6.875
7
6.75
3.875
2.25
0.25
-0.125
0.125
-0.125
0.5
0.375
0.75
1.75
3.375
5
6.125
5.75
3.25
1.625
-0.25
-0.25
0.875
5.75
10.25
9.75
13.125
0.375
2.5
2.75
2.5
3.875
5
6.75
8.75
9.25
6
0.625
-4.75
-8.25
-7
-3.75
-1.125
0.25
0.5
0.5
2.125
5
7.875
10
10.625
8.125
4.5
3.125
2.25
2.875
3.625
4.5
6.5
7.25
11.125
2.875
3.875
3.375
3.5
4.125
6.875
8.25
5.75
1.75
-8.125
-15.375
-16.625
-15.75
-8.625
-3
-0.875
1
0.875
1.125
2.625
4.125
4.625
5.125
5.5
4.875
4
4.375
6.625
6.625
9.5
8.375
5.25
5.75
4.75
3.625
3.875
3.625
3.625
2
1.375
-2.125
-7.625
-12.625
-18.875
-19.625
-14.625
-8
-0.125
4.625
5.5
6
6.125
6.875
6.625
3.875
0.625
-1.875
-1.875
1.875
3.5
5
8.5
5.875
7.875
6.625
2
2
-0.125
4.625
3.375
2.625
1.5
0.5
-1.75
-4.875
-7.25
-9.125
-9.375
-7
-1.125
5.625
11.625
13.5
13.875
12.75
11.875
13.5
13
10.5
7.125
3.875
1.75
3.375
3.25
3.25
5.875
3.125
3
2.625
-1.5
-2.125
-2.5
4.375
2.5
2.125
2.375
5.75
8.875
12.5
14.625
14.125
13.75
13.625
13.5
12.75
12.5
9
7.5
6.375
4.375
4.75
5
6.75
8.875
11.875
12
10
6.875
3
3.25
3.875
5.125
6.75
5.5
4.5
4.25
4.75
3.625
3.875
5.25
8.125
11.875
16.5
20.75
22.625
24
22
13.125
4.125
-3.25
-6.875
-7
-5.875
-5.75
-8.125
-9.25
-7.25
-3.25
2.625
7.625
7.625
6.375
3
1.75
3.875
5.5
7.75
9.875
10.375
10.75
2.5
2.625
3.375
4.25
3.25
2.75
2.75
5.625
7.75
8
4.125
-4.625
-10.25
-13.5
-10.625
-6.875
-3.625
-1.125
-2.875
-5.375
-7.5
-9.5
-11.125
-9.125
-7.375
-3.625
-0.875
0.125
1.75
1.5
2.75
4.5
5
5.5
-2.625
-1.375
0.375
2
1.625
-1
-3.875
-4.25
-5.375
-8.125
-10.625
-11.75
-8.875
-3.25
2.875
8.125
11.875
14.125
13.875
11.875
6.875
0.375
-6.25
-11.5
-12
-10.375
-7.375
-4.875
-4.25
-4.25
-4.125
-4.25
-4.75
-4.75
-4.875
-4
-2
0.5
1.625
0.125
-2.375
-5.25
-8
-10.125
-8.875
-3.375
4.75
13.625
19.375
23.25
25
25.5
25
24.25
21.25
16.25
10.375
2.625
-3
-8.375
-11.875
-12.125
-13.25
-13.5
-13.5
-15.375
-15.375
-13.875
-5.75
-5.25
-3.625
-0.25
0.875
2.375
1.25
-4.5
-7.625
-8.375
-4.5
6.375
15.125
20.25
22.625
20.875
18.5
16.75
16.125
16.25
17.25
18.375
16.375
13
7.125
-0.125
-6.625
-10.75
-14.25
-17.75
-19.5
-22.625
-21.625
-16.125
-5.75
-4.75
-3.75
-1.75
-1.375
-1.5
-3.875
-9.625
-11.875
-8.125
0.875
10.875
14.625
13.25
9.625
5.375
3.25
1.875
1.375
0
-1
1.5
4.5
8
10
7.125
1.25
-4.75
-8.75
-12.5
-16.125
-18
-18.375
-13.125
-2.625
-1.75
-2.375
-5.125
-7.375
-12.875
-16.75
-18.5
-16.625
-6
3.125
4.5
0.625
-7.125
-12.125
-10.625
-6.75
-4
-4.25
-8.125
-13.75
-17
-14.125
-6.25
2
6.5
5
-1.25
-3.75
-4.875
-6.625
-5.5
-8
-8.25
2.875
1.25
-1
-5.375
-8.75
-14.625
-17.5
-15.5
-9.25
-1.5
-1.625
-7.25
-15.25
-22.75
-24
-19.625
-14
-10.375
-9.75
-10.75
-11.75
-13.75
-13.625
-8.375
-3.375
3.5
9
5.75
2.25
1.375
0.875
1.75
0
-4.875
10
4.25
0.25
-2.375
-5.25
-8
-9
-5.875
0.875
0.25
-3.5
-6.25
-9.375
-7
-6.875
-9
-9.875
-13.625
-13
-7.125
-1.125
6.125
6.625
3.875
2.375
4.75
12.5
16.125
13.5
12.25
9.875
6.25
4.75
-2.75
12.625
7
2.5
0.75
-2.625
-4.375
-4.625
-2.625
2.625
3.125
4.625
7.625
10.25
14.25
11.125
4.375
-1.5
-8.5
-8.75
-2.75
1.5
9.375
11.625
6.5
5.625
6.5
11.375
18.25
19.125
19.125
16.375
12.25
10.375
5.875
7.875
6.75
5.625
3.625
0.75
-1.625
-3.25
-0.875
2.75
7.125
11.25
12.5
13.5
9.5
4.5
1.25
-1.625
-1.875
-2
-1.75
-1
1
3
0.75
2.875
4.875
5.875
9.375
9.5
11.125
13.375
15.625
16.125
17.125
-3.875
-0.125
3.875
3.625
3.625
1.5
-1.5
0.875
1.875
4.375
7
5.75
2
-2.625
-5.875
-6.625
-3.125
0
0.25
-0.75
-0.875
-1.125
-0.125
0.125
3.25
4.75
3.375
1.5
-1.5
0.25
7
13.75
17.125
18.625
-20.375
-11.25
-2.375
2.25
4.375
3.25
0.125
-0.375
-1.625
-1.5
0
0.75
-1.25
-0.25
-1.125
-4
-1.375
-1.625
-1.875
0
0.375
-1
-0.5
0.125
1.5
1.875
0.5
-2.75
-4.375
-3.75
0.125
5.625
7.875
7.75
-23.75
-14
-4.75
1.625
4
3.125
0.125
-2.625
-4.125
-4.375
-3.5
-1.375
3.125
6.375
8.125
6.25
1.75
0.5
-1.125
-0.875
1.125
-0.875
-1.125
-0.625
-4.25
-5.875
-4.875
-5.75
-1.375
-1.25
-3
-0.375
-2.625
-3
-11.375
-7.125
-3
0.375
2.75
1.875
-0.125
-4
-5.625
-5.875
-6.625
-6
-2.25
0.125
4.25
6.375
1.25
2.125
1
-2.375
-1.75
-5.875
-7.375
-4.625
-7.25
-9.125
-8.875
-7.75
-2.625
-1.5
-3
-2.75
-5
-4
-3.125
-3.75
-4.125
-3.875
-1.375
-0.375
0.125
-3
-6.375
-7.125
-11.125
-13
-14.5
-15.25
-11.25
-6.625
-4
0.5
3.625
0.625
-4.75
-11.25
-14.125
-10.75
-7.125
-7.875
-12.375
-12.125
-12.625
-10.25
-6.25
-6
-2.875
-0.25
-2.25
-5.5
-8.125
-10.375
-9.375
-4.875
-1.875
-1.25
-4.625
-6.25
-9.875
-11.625
-13.875
-18.375
-16.75
-9.875
-1.75
6.375
11.75
10.25
3.875
-0.125
-2.625
-1.5
-0.125
-3.375
-10
-14.5
-15.75
-12.625
-7.125
-5.125
-1
0.625
-1.5
-4.875
-8.125
-11.125
-11
-5.5
-1.875
0.625
-2.875
-6
-3.625
-1.125
2.5
4
5
8.375
10.625
12.375
13.5
14.25
15.75
18.25
18.375
14.875
7.375
-0.25
-6.875
-10.125
-7
-4
-1.5
-0.25
0.625
0.375
0.625
-1
-4.625
-6.5
-6.375
-2.75
1.125
2.25
-1.25
-7.125
-4.875
-0.625
7.25
18.25
22.125
20.875
16.375
9.25
5.5
6.625
11
15.5
15.625
8.625
0.125
-5.125
-7.25
-3.25
1
2.5
2.625
2
1.375
0
4.125
2
-2.5
-4.5
-6.75
-4.375
0.75
1.75
1.5
-4.125
-9.5
-10.75
-7.625
0.375
6.75
8.375
7.125
3.25
0.5
-0.5
-0.75
-1.5
-5.125
-9.5
-11.625
-9.25
-3.5
2.375
5
4.625
2.875
1.75
0.5
-1
0.375
-2.25
-5.75
-8.25
-11.5
-10.625
-6.25
-2.625
0.5
0.5
-5.25
-11.5
-15.625
-17.875
-15.875
-13.625
-11.25
-8.875
-7.875
-8.25
-9.75
-12.375
-14.875
-13.875
-10.75
-4.375
1.625
3.375
3.5
1.625
0
-0.125
-0.625
-0.25
-10.125
-10.125
-11.25
-12.125
-12.875
-13.875
-12.25
-8
-2.875
1.375
2.125
-2.25
-9.5
-16.75
-21.875
-24.5
-24.75
-23.25
-21.75
-19.875
-17.75
-15.75
-12.375
-7.75
-2.375
2.875
5.5
4.875
3.875
1.75
0.5
0.25
-0.125
1.5
-9.5
-8.125
-7.625
-7.375
-6.125
-7
-7.5
-7.125
-4.75
-1.625
1.25
2.625
-0.5
-5.625
-10.375
-15.25
-18.375
-19.625
-19.75
-18
-14.25
-10.875
-6.25
-0.5
4.375
9.125
12.625
14.875
15.125
12
7.75
3.125
0.5
1.875
-1.5
-0.75
0.125
0.25
0.75
0.25
-1
-3.375
-5.375
-5.375
-4.25
-0.625
2.875
3.125
2.75
0.75
-2.125
-3.5
-4
-3.625
-1.5
0.5
3.75
8.375
12.25
16.5
19.375
21.625
20.25
14.75
8.5
2.25
-0.5
0.25
0.875
0.875
1
1.25
0.875
0.25
-0.5
-1.75
-3.375
-4.5
-4.625
-4.125
-0.625
3.25
4.625
5.875
4
1.75
0.75
0.5
2.625
7.375
12.625
17.125
19.875
18.75
16.625
13.375
9.125
4.5
0.875
-1.125
-1.625
-2.625
-0.25
-1.125
-2.125
-2.25
-2.5
-2.5
-2.125
-0.75
1.125
2.375
3.375
1.875
0.625
2.375
2.25
1.875
0.25
-3.25
-5.625
-5.75
-1.375
5.5
13.125
18.25
17.375
11
2.625
-5.375
-11.375
-11.375
-9.125
-5.25
-2
-3.625
-2.125
-3
-4.25
-4.5
-4.5
-3.625
-2.625
0.625
4.75
8.625
12
11.625
8.375
6
3.375
-1
-3
-6.25
-8.75
-7.75
-4.375
0.25
3.875
4.125
-0.625
-8.375
-16.625
-22.375
-24.875
-20.125
-13.625
-6
-0.625
-0.75
-3
-3.25
-4.125
-4.375
-3.875
-2.625
-1.5
1.25
3.5
6.375
9.5
10.375
9.25
6.625
4
-0.375
-1.625
-3.875
-5.375
-4
-5.5
-6.75
-11.375
-17.25
-20.875
-23
-21.5
-19.625
-15.625
-10.875
-6.5
-1.5
0.75
1
-2.625
-2.375
-3
0.5
3.125
1.625
2.875
5.375
4.375
8.5
8.25
-9.125
-20.75
-20
-16.625
-7.625
-1.125
-1
0.875
4.25
4.75
3.125
1
-2.125
-3
8.75
21.875
4.5
-8.75
4.875
3.75
-2.75
1
-0.875
-2.125
-2.5
-0.25
3.5
4.625
3.5
4.5
5.75
3
3.5
1.625
-11.25
-18.75
-17.75
-14.75
-6.625
-1.25
-1.25
1
5.375
7.5
5.375
1
-2.625
-3.875
5.75
19.875
6.5
-6.625
5.375
6.5
0.5
-0.75
-2.875
-0.125
-1.875
0.375
4.25
5.375
5.125
5.25
2.75
-1.75
-2.125
-2.875
-10.125
-14.5
-14.625
-12.5
-5.375
-1.25
-1.125
1.625
6.375
8.375
5.625
1.625
-1
-3.125
3.25
17.375
9.125
-3.875
4.25
6.625
3
-0.5
-4.25
0.375
-2.875
-0.375
3.625
4.25
3.625
3.625
0.375
-4.125
-5.125
-6.875
-9.125
-7.5
-7.625
-8.875
-5.25
-1.75
-0.375
2.625
6.625
7.375
3.875
0.375
-0.875
-1.375
3.25
15.5
11.75
-1.625
0.875
3.875
2
0
-1.875
-1.125
-3.625
-0.125
3.75
4.5
5.75
4.875
-4.5
-12.125
-10.875
-7.5
-1.625
2.375
-2.375
-8.75
-7.625
-1.75
0.875
3
7.25
7
0.875
-2.625
-0.75
0.375
3
13.25
14.625
2.375
-1.25
1.625
-0.25
-2.875
-2.5
-1.375
-4
-0.875
4.375
6.75
7.125
3.75
-6.375
-13.125
-10.5
-5.375
0.25
1.75
-3.5
-9.25
-8.75
-2.625
0.625
2.75
6.75
6.25
1.625
0.875
2
0
0.625
10.25
15.75
5.375
-1.875
0.5
-0.75
-3.5
-2.5
-2.25
-5.125
-1.875
5
8.375
7.875
4
-3.25
-9.375
-11
-8.75
-4.125
-1.625
-3.5
-7.875
-8
-2.375
0.5
2.125
5.25
5.75
3
1.875
2.625
0.375
-0.125
8.5
15.75
7.875
-1.5
-0.5
-0.125
-2.875
-2.75
-2.5
-4.625
-1.125
6.5
10.5
10
6.25
-0.625
-9
-14.75
-13.625
-8.375
-5.25
-4.75
-6.375
-5.875
-1.125
0.375
0.375
3.375
6
4.75
2.625
2.375
0.125
0.625
9.625
15.875
9.5
1.25
0.25
-0.5
-3.25
-3
-3.625
-3.625
1.625
8.5
10.375
8
4.875
2.25
-5.625
-17.125
-18.375
-12.5
-8.125
-3
-0.625
-0.875
0.375
0.625
-0.875
-0.625
2.625
3.375
1.75
1.25
-0.25
1.125
9.125
15.375
11.25
3.25
0.125
-0.5
-1.5
-2
-5.375
-1.75
5.5
9.75
7.375
4.875
4.875
2
-8.25
-19.875
-18.875
-9.125
-0.75
4.125
3.375
1.5
1.75
1
-1.75
-2.75
-0.25
-1.25
-5.625
-4.875
-1.25
2.375
8.625
14.125
11.75
3
-1.25
-1.125
-1.375
0.125
-7
1.25
10.125
12
7.625
4.125
2.5
-4
-13.625
-18.625
-12.5
0.125
7.375
6.75
3.125
1.375
1.5
0.25
-2.375
-3
-1.75
-3.625
-7.875
-9
-5.625
-0.625
5.375
12
10.5
0.25
-4.25
-2.375
0.125
5.875
-5.25
3.75
10.25
11.75
8.625
2.75
-2.875
-9.375
-14.125
-11.875
-1.125
8.625
8.875
5.75
3.375
1.625
1
-0.375
-2.875
-4.5
-5.25
-6
-6
-7.25
-8.75
-7.125
-1.5
8
10.5
0
-7.625
-5.5
0.875
10.875
-2.375
4.25
7.875
10.625
9.375
0.375
-8.25
-12.75
-11.625
-1.25
8.375
8
3.625
1.125
1.625
4.125
4.25
0
-5
-7.375
-7.5
-6
-3.375
-1.25
-3.25
-8.75
-7.75
1.75
7.25
-0.125
-9.125
-7.5
1.5
14.75
-2.125
3.25
5.25
8.625
8.25
-3.125
-13.75
-12.5
-3
6.75
8.125
3.25
-0.25
-2
-1.25
4.625
9.25
2.375
-8.75
-9.5
-3.75
-2.5
-3.875
1.125
4.875
-4.5
-11.5
-4.25
3.75
0.125
-9.625
-10.75
-0.25
14.375
-6.5
-0.75
2.5
5.625
4.25
-8
-16.25
-7.875
6.375
12.5
5.75
-1.75
-2.125
-1.5
-2.875
1.25
11.125
4.875
-12.5
-9.875
2.375
0.875
-5.875
0.375
11.125
3.25
-9
-6.625
0.75
0.75
-9.125
-15
-5
10.5
-12.875
-5.25
2
4.25
-1.375
-13.125
-14.875
-1.625
13.625
15.625
1.125
-6.875
-1.25
-0.75
-8.125
-3.375
13.5
6.75
-16
-8.5
11.75
5.625
-11.125
-4.5
16.375
13
-4.875
-7.75
-1.875
0.125
-8.125
-17.25
-8.625
7.875
-19.125
-8.75
3.125
3.875
-6.75
-17.125
-13
4.125
19
14.625
-2.75
-5
2.75
-2
-14.25
-8.5
13.375
6.875
-18.25
-5.25
21
12.25
-12.75
-13.5
13.625
22.125
1.625
-9.625
-5.25
1.625
-2.875
-17.375
-13.625
5.375
-20.375
-8.125
7.125
4.625
-11.875
-20.75
-11.5
7.125
20.875
16.125
1
-1.5
-0.5
-7.875
-15.875
-10.125
11.375
7.25
-17.75
-4
22.625
12.875
-11.125
-13.375
13.75
26.5
3.625
-12.75
-7.5
4.75
3.25
-15.25
-15.875
4.375
-15.125
-1.75
14.875
7.25
-16.625
-24.75
-11.375
8.875
21.625
16.75
4.75
0.5
-3.75
-11.5
-16.625
-11
9.375
8.625
-15.125
-5.25
21.125
14
-9.75
-14.375
12.5
28.875
4.75
-16.5
-9.625
9.25
9.875
-11.125
-15.875
2.75
-9.75
4.75
23.25
11.125
-19.5
-27.875
-12.875
7.875
21.375
17.125
6.25
1.875
-4.125
-11.875
-15.125
-10.25
7
8.25
-12.875
-7.125
18.875
15.625
-8.875
-14.625
11.75
27.125
5.125
-16.5
-10.375
11.75
13
-7.875
-15.125
-0.75
-4.125
11.875
30.25
14.625
-19.5
-29.625
-15.625
4.25
18.625
18.375
8.375
1
-4.25
-6.875
-9.5
-13.125
-1
8.875
-5.5
-8.375
11
12.625
-6.125
-10.625
11
22.375
3.625
-13.25
-7.125
11.25
11.5
-5
-11.75
-2.5
-1.125
14.5
32.625
16.875
-17.375
-28.625
-17.375
0.25
15.125
18.875
8.375
-2.75
-3
-1.75
-8
-11.875
0.75
11.25
-1.875
-11.375
1.75
8
-3.375
-6.25
10.125
16.375
0.875
-9.875
-2.875
11.5
10.25
-2.5
-8.625
-3
-1
12.25
29.625
16.875
-14.375
-24.875
-16.125
-2.75
10.875
18.5
9.875
-4.625
-5.375
-1.875
-4.75
-3.375
6.25
11.125
0.5
-11.25
-5.625
1.625
-1.625
0.25
9.125
5.125
-6
-5.75
3
11.875
9.625
0.625
-5.75
-3.625
-0.75
9.875
24.625
15.125
-9.5
-17.75
-14.625
-7.125
4.875
15.5
13.125
-0.375
-5
-1.25
-0.25
0.625
5.875
9.875
3.5
-8
-9.75
-3.25
1.375
2.125
1.375
-4.25
-9.875
-3.375
7.5
13
11.75
4
-4.625
-3.125
-0.375
7
17.875
11.75
-5.625
-10.5
-9.875
-8.5
-0.5
9.875
12.375
5.125
0.25
0.5
1.625
5.375
9.125
7
0.25
-5.875
-7.75
-5.25
-1.375
-1.125
-4.125
-9.125
-10
-0.75
9.5
14.5
13.375
5
-4.625
-4.25
0.625
4
10
8.25
-2
-5.125
-5.5
-7.5
-4.5
3.375
10.75
10
5.375
4.625
6.25
7.125
5.375
2.25
0.25
-2.25
-5.5
-6
-4.625
-6.5
-10.125
-10.5
-4.5
4.625
10.5
13.375
12.125
4.5
-5.25
-5.75
1.875
2.75
4.25
4.5
0.5
-1.875
-3.25
-4.125
-2.75
-0.75
5.25
10.25
9.125
7.875
7.375
4.875
2.25
0.625
-0.375
-1.5
-3.5
-4.875
-6.125
-9.875
-10.75
-4.625
1.625
4.375
8
13.375
13
3.875
-6.125
-5.25
2.125
1.625
0.75
2.125
1.375
-0.625
-0.75
0
0.875
-0.625
-0.625
3.75
7
7.5
6.625
4.5
2.5
1
-0.5
-1.375
-2
-3.75
-7.125
-8.75
-4.125
2.625
5.5
5.125
7.375
12
9.75
1.5
-5.875
-4.25
2.25
1.125
-0.375
0.875
0.875
-0.25
0.25
2.125
3.25
1.625
-0.5
0.125
2.75
3.375
3.625
4
2.625
1.875
1.25
-0.5
-1.5
-2.875
-5.25
-3
3.125
7.625
8.375
5.625
5.625
7.5
4.5
-0.875
-5.5
-1.875
2
2.25
1.375
0.5
-0.25
-0.75
-0.25
2.375
5.375
4.375
1
-0.125
0.875
0.625
0.25
1.25
1.125
1.25
2
1.625
2
1.5
-0.5
1.875
7.75
10.75
8.625
4.125
3.5
3
-1.5
-3.5
-4.25
0
1.375
2.125
2.5
1
-0.625
-1
-1
0.75
4.375
5.75
3.125
0.625
1.375
2
0.375
-1.625
-2.75
-1
2
2.75
5.125
7.875
6.125
6.375
9.625
9.5
6.875
4.125
2.125
-2.75
-7.625
-5.125
-3.125
-0.375
1
1.875
2.125
0.75
-0.75
-1.25
-1.125
1
5.125
6.875
4.625
1.625
1.625
3.125
1
-4.125
-6.5
-2.75
1.875
3
8.875
15.5
12.375
8.5
7.625
5
1.125
-1.375
-2.125
-4.375
-5.375
-2.5
-2.25
-1.375
0.125
1.25
1.75
0.75
-0.25
-0.875
-0.875
2.875
8.75
8.875
4.75
0.875
0.125
3.5
1.875
-7.5
-11.25
-4.5
1.5
3.5
11.875
22
17.625
5.875
0.875
-0.875
-3.625
-4.875
-3.125
-0.375
0.625
1
-0.875
-2.75
-0.75
0
0.875
0.375
0.375
0.625
0.5
4.75
11.75
11.375
6.25
0.625
-3
0.875
2
-9.375
-15.125
-6.125
0.875
3.75
14
23.25
15.875
3
-1.125
-2.5
-5.5
-6.875
-3.625
3.875
7.5
4.75
-0.75
-4.5
0.444444
2.66667
4.11111
5.44444
7
7.66667
7.33333
4.27778
0.611111
-2.83333
-5.27778
-6.61111
-6.77778
-4.61111
-2.16667
-0.388889
0.944444
2.27778
3.61111
5.33333
6.88889
8.55556
8.94444
7.27778
6.5
6.44444
5.66667
5.05556
6.61111
9.5
9.66667
11
3.22222
4.5
4.55556
5.44444
5.5
3.94444
1.22222
-4.22222
-8.88889
-11.8333
-12.6111
-10.8333
-8.11111
-3.11111
1.38889
3.61111
4.94444
5.27778
5.72222
6
6.22222
6.83333
7.16667
5.77778
5.72222
8.16667
7.83333
7.83333
7.33333
9.05556
9
7.77778
5.33333
5.22222
4.38889
4.27778
2.5
-0.888889
-4.61111
-9.55556
-12.3889
-13
-11.0556
-6.27778
-2.16667
3.61111
7.83333
9.33333
10.1667
9.88889
9.5
8.27778
7.16667
6.55556
6.5
4.72222
4.94444
8.5
8.33333
8.83333
6.94444
6.77778
6.05556
2.94444
5.44444
4.5
4.33333
4.38889
3.94444
2.33333
0.333333
-1.66667
-2.66667
-1.61111
0.666667
4.44444
6.94444
10.1111
11.7778
11.8333
11.3889
10.1111
9.66667
8.55556
8.16667
7.55556
7.61111
6.16667
5.88889
8.5
7.55556
7.38889
6
6.22222
5.88889
3
5.77778
5.16667
6.44444
7.38889
8.66667
10.4444
11.6111
12.1111
12.0556
11.2778
10.2222
9.5
8.33333
7.77778
6.66667
6.16667
5.77778
5
5.55556
5.77778
6.88889
7.61111
8.05556
7.55556
6.33333
7.22222
6.33333
6.05556
6.05556
6.72222
7.33333
5.94444
4.77778
5.38889
7.27778
8.38889
10.8889
15.1667
17.8889
18.8333
17.6667
14.8889
10.6111
5.38889
2.05556
-0.833333
-2.33333
-1.94444
-1.94444
-2.77778
-2.94444
-2.05556
-0.777778
0.5
1.88889
3.88889
3.72222
3.94444
4.33333
4.77778
5.88889
7.22222
9.05556
9.83333
3.44444
4.05556
4.72222
5.5
6.66667
9.5
10.1111
9
7.22222
3.94444
0.666667
-3.55556
-4.33333
-3.66667
-1.61111
1.55556
2.94444
2.88889
1.44444
-0.388889
-2.94444
-4.66667
-5.05556
-4.22222
-4.72222
-3.83333
-1.66667
-0.222222
0.666667
1.38889
3.05556
3.77778
0.444444
1
0.777778
1.66667
2.27778
1.83333
-0.555556
-2.77778
-4.16667
-4.55556
-3.88889
-2.72222
1.05556
5.5
10.3333
14.0556
15.1111
14.6667
12.0556
8.5
3.11111
-1.83333
-4.88889
-7
-8.94444
-9.44444
-8.11111
-7.38889
-7.38889
-7.5
-6.44444
-5.5
-2.55556
-2
-1.77778
0
-0.333333
-3.44444
-7.05556
-9.5
-9.11111
-6.77778
-2.16667
4.38889
11.3333
18.0556
22.7222
25.2222
25.8333
25.5556
23.4444
19.9444
14.7222
8.77778
3.44444
-2.66667
-8
-11.2222
-13.4444
-15.7222
-18.1111
-19.6111
-19.2778
-18.5
-5.77778
-4.27778
-2.66667
-1.27778
-2.66667
-6.61111
-9.11111
-9.38889
-6.94444
-2
4.27778
12.5
19.0556
22.6111
23.5
22.3333
21.5
20.2222
18.2778
17.1111
15.4444
12.8333
8.72222
3.94444
-1.16667
-6.44444
-11.3889
-16.3333
-20.2778
-23.0556
-23.1667
-21
-6.66667
-5.16667
-3.55556
-4.94444
-8.72222
-12.2222
-12.1667
-10.0556
-6.66667
-1.94444
2.94444
7.88889
10.3333
9.83333
8.11111
6.61111
6.44444
5.72222
3.94444
3.05556
3.61111
5
5.11111
4.11111
2.27778
-1.38889
-5.88889
-12
-17.7778
-20.9444
-21.6667
-19.1111
-4.22222
-4.72222
-5.33333
-10.3333
-15
-17
-15.0556
-11.5
-8.77778
-4.94444
-2.05556
-1.5
-3.61111
-6.44444
-7.22222
-7.66667
-7.94444
-7.88889
-7.77778
-8.88889
-9.33333
-5.5
-1.11111
1.94444
2.88889
2.38889
1.88889
-1.83333
-6.83333
-9.94444
-11.3889
-10.6111
1.5
-2.05556
-6
-11.9444
-15.5
-16.1667
-13
-10.3333
-9.27778
-7.27778
-6.5
-8.72222
-14.6111
-17.4444
-16
-15.8889
-16.6111
-14.7222
-11.2778
-11
-13
-8.44444
-1.27778
2.77778
4.77778
6.44444
9.33333
8.77778
4.83333
1.44444
-1.22222
-3.55556
7.88889
2.05556
-4.33333
-9.05556
-10.7778
-10.1111
-7.27778
-6.16667
-4.83333
-2.27778
-0.333333
-2.27778
-8.55556
-10.3889
-8.77778
-11.2222
-14.7778
-12.8333
-6.66667
-3.66667
-5.61111
-2.16667
4.61111
7.77778
8.44444
10.2222
14.3333
17.7222
15.8889
12.2778
9.11111
4.77778
11.1111
5.44444
-1.22222
-4.16667
-4.55556
-3.88889
-2.33333
-1.33333
1.77778
5.11111
7.16667
6
1.44444
-0.5
-1.5
-6.05556
-10
-8.38889
-3.61111
0.833333
0.833333
2.61111
7.72222
10.3333
11.7222
12.2222
15.1111
20.7222
20.9444
18.1111
15.6667
13.6667
7.72222
5.33333
1.27778
-0.166667
-0.0555556
0.555556
0.0555556
1.94444
6.55556
10
11.0556
9.33333
6.94444
4.61111
1.55556
-2.38889
-4.61111
-3.77778
-1.27778
1.22222
2.33333
2.38889
6.11111
8.33333
9
8.77778
9.94444
15.5
17
16.7222
17.0556
19.0556
-1.5
0.666667
1
1.55556
2.33333
2.05556
-0.333333
1.44444
5.05556
7.11111
6.05556
4.61111
4.38889
1.77778
-1.33333
-2.83333
-2.05556
-1.94444
-1.77778
0.111111
1.44444
0.222222
2.38889
4.44444
5.05556
2.88889
2.77778
6.88889
9.44444
10.8889
12.8333
17.6667
-11.2778
-4.94444
-0.888889
2.05556
3.27778
2.05556
-1.22222
-0.666667
1.05556
1.83333
1.27778
1.77778
2.88889
1.05556
-1
-0.5
0.333333
-1.16667
-1.55556
-1.16667
-0.166667
-1.44444
-0.944444
-0.166667
-0.444444
-2
-1.83333
-0.944444
1.22222
3.94444
5.5
8.72222
-15.0556
-7.66667
-2
1.5
2.72222
0.444444
-2.66667
-3.83333
-4.55556
-4.94444
-3.61111
-0.388889
2.27778
1.11111
-0.0555556
2.22222
2.22222
-1.27778
-3.38889
-2.38889
-0.777778
-3.27778
-5.88889
-5.83333
-5.33333
-6.27778
-6.11111
-6.33333
-3.88889
-0.666667
-0.5
0.333333
-12.3333
-7.22222
-2.94444
-0.666667
0.111111
-2.05556
-4
-5.27778
-8.16667
-10
-8.66667
-5.83333
-3.72222
-3.16667
-2.05556
2.27778
2.88889
0.0555556
-3.05556
-5.16667
-4.5
-6.55556
-10.6111
-11.6111
-10.8333
-8.94444
-8.77778
-11.0556
-9.11111
-4.94444
-4
-4.83333
-9.16667
-7.66667
-5.11111
-4
-3.44444
-4.44444
-5.38889
-5.83333
-9.61111
-13
-14.2222
-13.1111
-10.7778
-9.22222
-6.5
-0.5
3.83333
3.88889
0.222222
-2.11111
-1.44444
-3.61111
-9.27778
-12
-11.9444
-10.6111
-12.8333
-15.2222
-13
-8.27778
-5.11111
-4.94444
-7.66667
-9.05556
-7.94444
-6.83333
-6.44444
-5.61111
-5.94444
-5.16667
-7.66667
-10.4444
-12.3889
-12.4444
-9.33333
-5.38889
-2.05556
2.27778
7.66667
10.8889
8.83333
5.77778
5.83333
5.11111
-0.944444
-6.11111
-8.38889
-8.88889
-12.5
-15.3333
-12.6667
-8.5
-4.27778
-3.61111
-7.44444
-9.5
-9.16667
-7.66667
-7.33333
-5.55556
-5.22222
-5.05556
-5
-6.22222
-6.83333
-5
0.777778
6.16667
7.55556
8.94444
12.8889
15.6111
14.2778
13.3889
14.3889
13.1111
6.44444
0.222222
-3.33333
-6.22222
-10
-10.6111
-7.16667
-4
-1.5
-1.16667
-4.72222
-6.61111
-6.83333
-6
-5.94444
-3.72222
-2.83333
-4.22222
-4.22222
-4.27778
-2.77778
0.388889
6.55556
12.5
13.7778
12.7778
12.8889
12.7778
11.7778
11
10.6667
8.66667
3.55556
-0.333333
-3
-4.61111
-5.33333
-3.44444
-0.0555556
1.05556
1.11111
0.0555556
-5.22222
-6.66667
-8.05556
-8.44444
-8.33333
-5.66667
-2.94444
-4.83333
-5.44444
-6.22222
-6.33333
-5.38889
-2.61111
1.16667
2.88889
2.66667
2.11111
1
0.111111
-0.5
-1.94444
-3.94444
-5.55556
-5.33333
-4.88889
-4.22222
-2.05556
1.27778
3.05556
2.61111
1.27778
0.611111
-7.33333
-8.66667
-10
-11.1667
-10.9444
-7.94444
-4.27778
-4.16667
-5.27778
-6.55556
-8.44444
-11.2222
-13.4444
-14.2222
-13.3333
-13.2778
-13.6111
-13.9444
-13.6111
-13.7222
-14.5556
-13.9444
-11.6667
-7.72222
-4.5
-1.05556
3
5.16667
5.11111
3.22222
1.72222
1.33333
-11.3333
-12.1667
-13.1667
-14
-13.6111
-11.5556
-7.61111
-5.33333
-4.66667
-5.05556
-7.55556
-12.2222
-17.3333
-21.4444
-23.3889
-24.3889
-24.3889
-23.2222
-21.5556
-20.1111
-18.1111
-14.2778
-8.83333
-2.83333
1.94444
6.11111
9.27778
9.27778
7.16667
4.33333
2.5
2.44444
-8.66667
-8.94444
-8.88889
-9
-8.72222
-8.77778
-7.11111
-4.77778
-3.61111
-3.11111
-3.5
-5.55556
-9.05556
-13.5556
-17.2222
-19.6667
-20.7778
-20.2778
-18.3333
-15.6111
-11.1667
-5.33333
0.833333
6.77778
11.7222
16.5
18.7778
16.3333
12.8333
9.27778
6.27778
3.55556
-4.38889
-4.33333
-4.27778
-4.27778
-4.33333
-5.72222
-6.16667
-5.38889
-4.44444
-3.5
-2.44444
-1.5
-1.77778
-3.61111
-6.16667
-8.22222
-9.88889
-10.6111
-9.22222
-6
-0.777778
5
10.7778
16.0556
19.7222
22.0556
21
16.8889
12.3333
8.33333
4.83333
1.22222
-0.666667
-0.722222
-0.888889
-1
-1.27778
-1.94444
-2.38889
-2.44444
-1.88889
-1.44444
0.277778
2.5
3.22222
2.77778
1.16667
0.0555556
-2.11111
-3.94444
-2.27778
1.94444
7.55556
12.8333
17.5
20.1667
19.9444
17.6111
13.3333
8.38889
4.22222
1.88889
0.111111
-2.5
-1.83333
-2.22222
-2.77778
-2.94444
-3.05556
-1.83333
-0.444444
0.888889
2.33333
3.27778
4.22222
5.38889
5.22222
3.44444
1.38889
-0.111111
-2
-4.61111
-3.5
1.38889
6.16667
9.5
11.6667
11.7778
8.16667
1.38889
-5.27778
-8.22222
-9.5
-8.66667
-7.05556
-5.72222
-3.55556
-4.05556
-4.55556
-4.16667
-3.77778
-1.38889
1.66667
4.61111
7.38889
8.77778
9.5
9.33333
7.72222
3.94444
0.444444
-2.33333
-4.38889
-6.44444
-5.94444
-2.88889
-1.16667
-0.555556
-0.833333
-3.38889
-8.5
-14.7222
-18.6667
-18.2222
-16.5
-12.8889
-9
-5.33333
-2.77778
-1.11111
1.88889
5
6.11111
5.55556
3.44444
2.61111
0.722222
-3.05556
-11.9444
-19.6111
-22.1111
-18.0556
-10.7222
-4.83333
-0.388889
3.16667
6.38889
7.77778
5.66667
1.77778
-1.61111
2.5
11.1667
14.6667
12
1.94444
3.83333
0.166667
3.44444
-2.88889
-1.77778
0.388889
3.22222
5.11111
5.05556
3.72222
1.44444
-0.222222
-2.22222
-4.83333
-10.2778
-15.2778
-17.4444
-15.3333
-9.83333
-4.61111
-0.0555556
3.61111
6.38889
7.11111
4.55556
1.38889
-0.944444
2.88889
10.8333
14.1667
12.5
3.05556
4.44444
1.05556
3.55556
-2.88889
-1.55556
0.888889
3.83333
6.27778
6.16667
3.77778
-1.16667
-5
-6.83333
-6.33333
-7.38889
-9.72222
-12.9444
-13.1667
-9.94444
-4.44444
0.277778
4.66667
7.27778
7.38889
4.05556
0.555556
-1.27778
1.61111
9.05556
13.1667
13.4444
4.72222
4.5
1.11111
3.05556
-2.72222
-2.22222
0.388889
4.66667
8.38889
8.38889
4.33333
-2.11111
-8
-10.1111
-9.61111
-8.55556
-8.88889
-10.9444
-11.3333
-9.66667
-4.72222
-0.277778
4.88889
8.11111
9.22222
6.61111
2.88889
-0.388889
-0.0555556
6.33333
11.8333
14.3333
6.83333
4.33333
0.333333
1.66667
-2
-3
0.0555556
5.33333
10.1667
9.88889
5
-3.61111
-11.3333
-14.7222
-13.1667
-9.44444
-7.27778
-8.33333
-9.11111
-8.44444
-4.16667
-0.222222
4.44444
7.44444
8.33333
6.55556
3.5
1.27778
1.11111
6.33333
12.1111
15.1111
9.38889
4.5
0.0555556
-0.333333
-2.61111
-2.77778
0.611111
5.83333
10.0556
9.22222
4.38889
-4.33333
-12.1667
-16.4444
-14.5556
-9.94444
-6.27778
-6.72222
-7.38889
-7
-3.16667
-0.0555556
3.33333
5.16667
5.72222
4.66667
3.16667
2.55556
3.22222
8.05556
13.3889
15.8889
10.6667
4.66667
0
-1.38889
-2.94444
-2.77778
2.05556
7.27778
9.94444
8.77778
4.5
-3.11111
-11.6667
-17.5556
-16.7222
-10.8889
-5.11111
-3.55556
-3.88889
-4.16667
-1.33333
0.166667
2.22222
2.44444
2.61111
1.5
0.333333
0.611111
1.77778
7.16667
12.9444
16.4444
12
5.22222
-0.0555556
-1.72222
-2.77778
-1.77778
4.22222
9.66667
11.7778
10.5
5.72222
-3.22222
-13.5556
-19.8333
-17.8889
-10.2222
-3.27778
-0.944444
-1.38889
-2.22222
-0.722222
-0.333333
0.888889
1.38889
1.83333
0.444444
-2.27778
-3.33333
-2.22222
3.72222
11.3333
16.1111
13.2778
6.16667
0.0555556
-2
-2.5
0.111111
7
12.4444
13.3333
10
4
-5.16667
-14.1667
-19.2222
-16.4444
-8.83333
-2.27778
0.444444
0.277778
-0.388889
-0.444444
-1.05556
-0.888889
-0.333333
0.722222
0.0555556
-2.55556
-5
-4.88889
0.222222
8.33333
13.6667
11.8333
4.77778
-1.05556
-1.83333
0.5
2.11111
8.5
12.5556
11.6111
6.55556
0.0555556
-8
-13.8333
-15.7222
-10.8889
-3.38889
1.72222
3.38889
2.61111
1.94444
0.888889
-0.833333
-2.66667
-3.94444
-4.11111
-4.22222
-4.83333
-5.72222
-5.27778
-1.72222
5.33333
10.7222
10.2222
3.5
-2.94444
-3.5
1.33333
3.44444
9.61111
12.6667
9.5
2.83333
-4.88889
-10.3889
-12.2778
-9.66667
-4.5
0.388889
2.55556
3.55556
4.27778
5.22222
4.05556
0.222222
-4.61111
-8.05556
-8.72222
-7.72222
-5.66667
-4.11111
-3.66667
-2.72222
1.05556
6.44444
7
2.11111
-4.72222
-4.44444
2.11111
2.77778
9.27778
11.5556
7.11111
-0.888889
-8.44444
-10.7222
-8.94444
-4.22222
-0.5
2.72222
3.5
3.94444
4.55556
6.44444
5.88889
0.944444
-5.55556
-8.55556
-8.11111
-7.55556
-6.72222
-4.88889
-3.38889
-4
-2.94444
1.33333
3.61111
-0.0555556
-6.72222
-6.72222
1.16667
0.0555556
7.05556
9.55556
4.72222
-3.83333
-11.0556
-10
-5
1.94444
3.94444
5.27778
4.05556
2.27778
1.33333
3.33333
4
0.166667
-6.05556
-6.5
-3.88889
-3.88889
-4.88889
-4.61111
-1.33333
-2.44444
-3.22222
-2
-0.222222
-3.38889
-9.77778
-9.88889
-0.888889
-3
4.27778
6.22222
0.722222
-8.22222
-12.8889
-7.05556
2.05556
9.16667
7.38889
4.88889
0.833333
-2.33333
-3.38889
0.666667
3.55556
0.111111
-6.5
-5.66667
-0.888889
-0.722222
-2.5
-1.61111
3.22222
2
-2.33333
-3.88889
-2.72222
-5.22222
-11.5
-13
-3
-6.66667
1.33333
2.11111
-4.83333
-13.2222
-13.3333
-1.66667
10.1111
14.5556
8
1.61111
-3.77778
-6.88889
-6.38889
0.5
5.16667
0.888889
-7.16667
-5.5
1.83333
1.83333
-1.27778
-0.166667
8
8.05556
0.333333
-5.33333
-4.16667
-3.83333
-8.88889
-13.5556
-6.11111
-7.38889
1.44444
0.5
-9.16667
-17.0556
-12.8889
3.05556
15.3889
16.6667
6.55556
-2.16667
-7.33333
-10.7222
-8.61111
-0.333333
6.38889
1.72222
-6.44444
-3.16667
6
4.33333
-1.72222
0.111111
12.2222
14.2222
2.44444
-7.38889
-6.38889
-2.44444
-5.5
-12.1667
-8.16667
-4.27778
5.33333
1.11111
-11.8889
-20.4444
-12.5
5.44444
18
17.0556
7.33333
-0.611111
-4.94444
-11.2778
-12.2222
-6
2.61111
0.722222
-4.5
0.888889
11.7778
7.88889
-2.55556
-3.72222
11
17.5
5.88889
-6.77778
-7.11111
-1.22222
-2.55556
-11.2778
-9.88889
0.611111
10.0556
2.88889
-14.0556
-23.7222
-13.8333
6.11111
19.8889
19.7222
10.7222
2.27778
-4
-12.2222
-14.9444
-9.55556
-0.388889
-0.777778
-4.16667
1.44444
12.8333
9.05556
-1.88889
-4.05556
10.2778
18.7778
7.66667
-4.5
-6.38889
0.777778
-0.944444
-9.94444
-10.5
7.16667
16
5.66667
-15.0556
-26.6111
-16.3333
5
20.3889
21.1111
12.2778
2.16667
-4.83333
-12.2778
-14.6667
-10.2778
-1.44444
-0.333333
-3.05556
0.166667
9.27778
7.55556
-1.27778
-1.77778
9.94444
18.3333
6.61111
-3.77778
-5
4
3.11111
-6.16667
-8.33333
12.7778
20.8889
9.16667
-14.2222
-27
-18.6111
2.55556
18.2778
20.0556
11.6667
0.333333
-6.05556
-12.0556
-11.9444
-7.05556
2.16667
2.66667
-1.94444
-2.94444
3.94444
4.16667
-0.222222
0.944444
10.6111
15.7222
3.38889
-5.22222
-3.72222
7.66667
7.83333
-1.66667
-6.27778
17.6111
24
12.1111
-12.5556
-25.2222
-19.4444
-0.0555556
15.0556
19.1667
12.3333
0.666667
-6.22222
-10.5556
-8.55556
-3.5
4.83333
5.16667
0
-4.11111
-0.555556
0.555556
-0.0555556
2.38889
8.22222
9.61111
-1.16667
-4.94444
-1
10.4444
9.83333
1.22222
-4.61111
19.1111
24.5
13.9444
-9.61111
-22.1111
-19.8333
-3.72222
10.6111
17.5556
14.2222
4.94444
-1.88889
-5.88889
-5.72222
-2.5
3.72222
4.88889
0.888889
-4.05556
-2.44444
-0.944444
-0.666667
-0.277778
1.44444
2.16667
-3.22222
-1.94444
3.22222
12.4444
10.7222
2.5
-3.5
16.6667
21.0556
13.2778
-6.66667
-17.6667
-18.2222
-5.88889
5.83333
14.1111
13.1111
7.61111
2.22222
-0.222222
-0.722222
1
4.5
4.22222
0.166667
-5.27778
-5.16667
-3.72222
-2.55556
-2.33333
-2.77778
-2.66667
-4.33333
0.777778
7.16667
14.2778
11.6667
3.61111
-2.61111
12.6111
15.6111
11.3889
-3.66667
-11.9444
-14.9444
-7.16667
1.11111
9
10.3889
7.66667
5.05556
4.44444
4.72222
5.22222
6.33333
5.33333
0.666667
-5.88889
-8.55556
-7.55556
-5.22222
-4.22222
-5.22222
-5.22222
-4.05556
2.66667
10.1111
15.5
13.1667
4.77778
-1.5
9
10
8.5
-1.88889
-6.66667
-9.66667
-5.05556
-0.0555556
5.55556
7.77778
6.88889
5.38889
5.27778
6.83333
8.88889
9.44444
6.33333
0.555556
-5.77778
-8.38889
-8.61111
-6.72222
-6.11111
-6.22222
-6.22222
-4
2.61111
10.8333
16.7222
14.8333
5.94444
-1.16667
6.22222
6.22222
6.11111
-0.277778
-2.94444
-5.38889
-2.94444
0.166667
4.5
6.88889
7.22222
5.88889
6.11111
6.88889
7.77778
6.5
3.94444
0.833333
-2.27778
-4.5
-6.22222
-7.05556
-7.88889
-7.61111
-5.16667
-0.833333
6.11111
12.0556
16
12.5556
4.38889
-2.11111
4.44444
3.83333
4.05556
0.555556
-0.944444
-2.88889
-1.83333
0.111111
3.33333
6.16667
7.88889
7.77778
7.22222
5.88889
4.72222
2.72222
1.61111
0.333333
-0.444444
-2.44444
-4.22222
-6.5
-6.5
-4.27778
0.611111
5
8.83333
11.1667
12.0556
8.44444
1.5
-2.66667
3.22222
2.16667
2.22222
0.333333
-0.277778
-0.888889
0.111111
1
2.16667
3.33333
5.61111
6.88889
7.38889
5.55556
4
2
1.33333
0.5
0.444444
-0.833333
-2.38889
-4
-2.27778
2.11111
7.16667
9.16667
9.55556
8.22222
7.16667
3.05556
-1.5
-3.33333
2.38889
1.22222
1.27778
-0.166667
-0.222222
0.0555556
1.94444
3.16667
3
2.38889
2.88889
4.38889
5.44444
4.27778
2.5
0.888889
0.888889
1.05556
2
2.33333
2.77778
2.55556
4.11111
7.05556
9.38889
9.05556
7.11111
4.33333
2.55556
-0.888889
-3.38889
-3.55556
2.44444
1.5
1
-0.444444
-0.611111
0.722222
4.16667
6.88889
6.66667
3.66667
1.61111
1.27778
2.11111
0.777778
-1.27778
-2.38889
-1.11111
1.38889
5.16667
8.61111
11.3333
10.2778
9.27778
8.05556
7.16667
4.27778
1.77778
0.388889
0.444444
-0.888889
-2.77778
-2.5
2.16667
1.77778
1.33333
-0.0555556
-0.5
1.05556
4.88889
9.11111
9.55556
6.27778
2.11111
0.611111
0.444444
-1.77778
-5.38889
-7
-4
0.833333
7.38889
13.0556
17.1667
15.0556
10.5556
6.11111
3.83333
1.72222
0.5
-0.222222
0.0555556
-0.777778
-1.94444
-1.72222
1.55556
1.27778
1.11111
0.166667
0
1.94444
5.55556
10.2778
11.1667
8.55556
3.61111
1.11111
-0.0555556
-3.16667
-7.77778
-10.1111
-6.27778
0
8.38889
14.8889
18.9444
15.7778
10.3889
5.5
2.94444
0.166667
-1.66667
-1.77778
-0.0555556
1
-0.111111
-0.888889
4.03125
5.84375
5.96875
4.90625
3.40625
-0.5625
-3.8125
-4.96875
-5.59375
-6
-5.90625
-4.5625
-2.25
2.1875
5.875
7.8125
8.78125
8.46875
8.8125
9.46875
9.84375
8.5625
8.1875
9.4375
8.75
9.34375
9.6875
9.53125
8.8125
10.75
6.40625
7.34375
6.78125
5.0625
2.9375
-0.34375
-2.5
-3.09375
-3.34375
-3.1875
-2.625
-0.78125
1.78125
5.59375
8.375
9.4375
9.53125
8.78125
9.28125
9.8125
10.3438
9.09375
8.5625
10.3438
10.0938
10.7188
10.1563
9.625
8.5625
9.90625
7.53125
7.375
6.875
5.9375
4.84375
3.09375
1.90625
1.5625
1.4375
2.125
2.4375
3.53125
5.0625
7.5625
9.28125
9.8125
9.625
8.625
8.875
9
9.28125
8.125
7.34375
9.1875
9
9.46875
8.8125
8.0625
7.15625
7.875
7.90625
8.34375
9.21875
9.96875
10.0313
9.625
9.34375
8.75
7.65625
7
5.9375
5.34375
5.59375
6.28125
6.375
6.21875
6.25
5.65625
6.0625
6.0625
6.09375
5.625
5.21875
7.03125
7.46875
8.3125
8.25
8.15625
7.84375
8.375
7.46875
7.5625
8.75
11
12.2813
12.875
12.6563
10.8438
8.9375
8.09375
7.25
5.34375
4.46875
4.09375
3.4375
3.59375
3.9375
3.875
3.5
2.96875
2.375
1.65625
1.1875
2.5
3.3125
3.84375
3.96875
4.625
5.125
6
4.59375
4.5625
5.625
8
8.875
8.53125
7.15625
5.375
4.65625
4.6875
5.03125
4.46875
5.28125
6.6875
7.78125
8.875
9.28125
8.4375
6
3.71875
1.3125
-0.65625
-2.65625
-3.0625
-3.40625
-3.53125
-2.96875
-2.375
-1.6875
-1
1.5
1.96875
2.75
4.1875
4.125
2.90625
1.5625
0.9375
1.4375
2.46875
4.4375
6.53125
9.46875
12.4375
14.3125
15.2188
15.0313
13.7813
10.5625
7.09375
3.625
0.34375
-2.96875
-5.28125
-7.03125
-8.8125
-9.59375
-10
-9.90625
-8.90625
-1.96875
-2.15625
-2.5625
-2.75
-3.75
-4.71875
-4.65625
-3.75
-1.5625
1.65625
6.25
11.125
15.875
19.6875
21.5625
22.0313
20.9063
19.0625
15.6563
11.8125
7.65625
2.8125
-2.3125
-6.1875
-9.21875
-12.8125
-15.9375
-18.2813
-19.4063
-18.3438
-5.1875
-5.6875
-6.84375
-8.84375
-10.3125
-10
-8.65625
-6.5625
-3.8125
-0.1875
4.875
11.1875
16.0313
18.4375
19.4688
18.875
17.4375
15.9375
13.5625
11.125
7.96875
4
-0.8125
-4.84375
-8.0625
-12.1875
-16.3438
-20.6563
-23.125
-22.4688
-5.84375
-7.4375
-9.53125
-12.0938
-12.7188
-11.3438
-9.09375
-7.21875
-5.5625
-2.625
1.46875
6.375
9.0625
9.0625
8.15625
6.96875
6.25
6.09375
5.9375
5.9375
5.28125
3.71875
1.34375
-1.40625
-3.71875
-6.9375
-11.3125
-16.375
-20.1563
-20.5313
-5.03125
-8.96875
-12.3438
-15.0625
-14.7813
-12.875
-10.75
-9.5625
-8.25
-5.28125
-2.5625
-0.0625
0.53125
-1.46875
-3.46875
-4.125
-4.0625
-3.59375
-2.65625
-0.6875
0.53125
2.03125
2.65625
1.8125
1.3125
0.59375
-1.75
-6.125
-10.2813
-12.6563
-2.21875
-7.59375
-11.6875
-13.75
-12.3125
-10.7813
-10.3125
-9.8125
-8.34375
-6.5
-6.25
-6.375
-7.96875
-11.3438
-13.5313
-13.4375
-12.3125
-11
-9.5
-6.625
-3.53125
1
4.875
5.6875
5.9375
7.5
8.15625
5.6875
1.71875
-1.90625
2.03125
-4.25
-8.5625
-9.34375
-7.3125
-7.21875
-7.65625
-6.65625
-4.1875
-2.5
-3.5
-5.71875
-8.1875
-11.1875
-13.4063
-12.875
-11.2813
-9.21875
-7.53125
-5.46875
-1.84375
4.28125
9.5
10.6563
10.5938
12.9063
15.5938
15.75
12.5938
8.53125
3.46875
-1.6875
-5.09375
-5.03125
-3.125
-3.1875
-3.40625
-1.53125
1.28125
3.0625
1.75
-0.9375
-3.21875
-6.0625
-8.65625
-8.625
-7.4375
-5.875
-4.375
-3.0625
0.375
6.28125
11.1563
12.125
12.5313
15.2813
18.9375
20.9375
19.2188
16.3438
1.5
-0.375
-1.5625
-0.21875
1.34375
1.25
0.90625
2.875
5.28125
6.1875
5
2.25
0.46875
-1.8125
-4.46875
-5.28125
-4.3125
-2.96875
-1.6875
-1.28125
1.71875
5.875
9.21875
9.40625
9.4375
11.7813
15.375
18.8125
18.25
17.5
-2.5625
-1.375
-0.5
1.53125
2.71875
2.3125
1.90625
3.5625
4.90625
5.71875
5.65625
3.78125
2.84375
1.84375
-0.46875
-1.9375
-1.28125
-0.4375
0.21875
0.25
2.1875
4.09375
5.875
5.40625
5.65625
7.125
10.1563
13.7188
14.1875
14.625
-8
-4.03125
-1.3125
0.71875
1.53125
1.25
0.375
0.59375
0.65625
1.84375
2.78125
1.90625
1.40625
1.53125
0.4375
-1.125
-1.28125
-2.46875
-2.53125
-1.9375
-0.84375
-1.84375
-1.84375
-1.875
-0.8125
0.40625
2.15625
5.0625
6.25
7.6875
-11.0625
-6.125
-2.71875
-1.09375
-0.625
-1.03125
-3.0625
-4.34375
-4.75
-4.15625
-3
-2.6875
-2.46875
-0.90625
0.1875
-0.65625
-1.75
-3.15625
-3.71875
-3.4375
-3.9375
-7.25
-8.8125
-8.5
-7.3125
-6.84375
-6
-3.78125
-1.96875
-0.03125
-11.2188
-7.21875
-4.625
-4.25
-4.25
-4.34375
-6.28125
-8.125
-9.28125
-9.46875
-8.125
-6
-5.0625
-2.34375
0.625
1.09375
0.03125
-0.96875
-1.5
-1.28125
-3.09375
-8.15625
-11.2813
-10.8438
-9.625
-9.78125
-10.0625
-9.4375
-7.125
-4.75
-10.3125
-7.375
-5.65625
-6.3125
-7.375
-6.9375
-7.71875
-9.125
-10.7813
-11.1875
-9.6875
-6.78125
-4.75
-1.5625
2.5625
4
2.9375
2.1875
2.15625
1.84375
-0.9375
-6.75
-11.875
-11.8438
-11.1875
-11.9063
-13.375
-13.1875
-10.3438
-7.21875
-9.40625
-7.4375
-6.65625
-7.78125
-9.625
-9.03125
-8.5
-8.53125
-9.71875
-10.9688
-9.59375
-5.59375
-2.15625
1.4375
5.71875
8.0625
7.78125
8.375
8.25
6.4375
2.40625
-2.90625
-8.28125
-9.75
-10.125
-11.3125
-12.6875
-12.75
-9.6875
-6.75
-8.03125
-6.8125
-6.4375
-7.65625
-10.1875
-9.75
-7.6875
-6.5
-6.9375
-7.53125
-5.59375
-1.875
1.8125
5.40625
9.15625
11.7813
12.5938
13.0625
12.1563
9.53125
5.5
1.53125
-3.03125
-5.125
-6.40625
-7.8125
-9
-8.6875
-5.6875
-3.53125
-8.5625
-7.6875
-7.25
-7.75
-10.0625
-10.25
-7.6875
-5.9375
-5.40625
-4.9375
-3.3125
-1.53125
1.1875
4.0625
6.625
8.375
8.96875
8.625
7.15625
4.28125
1.375
0.125
-2.28125
-3.9375
-5.21875
-6
-6.1875
-4.71875
-2.28125
-1.40625
-10.1875
-9.78125
-9.25
-9.03125
-10.0313
-10.25
-8.28125
-7.1875
-6.25
-6.21875
-5.96875
-6.0625
-5.53125
-4.09375
-2.65625
-1.5
-0.84375
-1.21875
-2.875
-4.625
-5.4375
-4.09375
-3.15625
-3.09375
-2.84375
-2.21875
-0.90625
0.75
2.09375
1.71875
-10.9063
-11.1563
-10.6563
-10.125
-10.125
-9.6875
-8.25
-7.78125
-7.375
-7.71875
-8.53125
-10.6563
-12.25
-12.8125
-12.5
-12.375
-11.8125
-12.0625
-12.5938
-11.875
-9.9375
-6.21875
-2.9375
-0.3125
1.53125
3.25
4.75
5.8125
5.9375
4.78125
-12.3438
-12.7188
-12.4063
-11.5313
-10.3438
-9.65625
-8.5625
-8.375
-8.34375
-9.1875
-10.9375
-13.9375
-17.0625
-19.1875
-20.3125
-20.9375
-20.5625
-19.8125
-18.2813
-15.125
-10.4688
-4.875
0.1875
4.28125
7.21875
8.96875
9.8125
9.5625
8.1875
6.28125
-10.1563
-10.5
-10.4375
-10.0938
-8.8125
-7.90625
-7.28125
-7.25
-7.40625
-8.28125
-9.84375
-12.1563
-15.3125
-18.0625
-19.6563
-20.5
-19.9063
-18.2813
-15.3438
-10.375
-4.4375
1.46875
7.1875
12.1875
15.1875
15.6875
14.9688
12.875
10.4063
7.75
-6.8125
-7.15625
-7.375
-7.34375
-6.59375
-5.71875
-4.84375
-4.28125
-3.90625
-3.78125
-4.28125
-5.6875
-7.96875
-10.4063
-12.375
-13.5
-12.7188
-10.6875
-6.78125
-1.40625
4.34375
9.40625
13.7813
17.5
18.125
16.6875
13.8125
10.5625
7.46875
4.5625
-4.6875
-4.875
-5.25
-4.84375
-3.90625
-3.03125
-1.78125
-1
-0.03125
1.21875
1.5625
0.375
-1.6875
-3.875
-6.1875
-7.3125
-6.6875
-4.5625
-1.03125
3.28125
7.53125
10.5938
13.0313
14.2813
13
9.78125
6.28125
3.53125
1.28125
-0.8125
-3.28125
-3.40625
-3.75
-3.0625
-1.9375
-0.40625
1.3125
2.46875
3.4375
5.0625
5.8125
4.40625
2.53125
0.15625
-2.34375
-3.75
-3.25
-2.28125
-0.5
2.125
4.09375
5.0625
5.4375
4.71875
2
-0.84375
-3.28125
-4.625
-5.46875
-6.21875
-0.59375
2.46875
4.96875
4.96875
3.84375
1.6875
-1.75
-3.65625
-6.15625
-11.5625
-15.3438
-17.6875
-18
-13.25
-6.8125
-1
4.15625
6.71875
6.4375
4.15625
1.46875
2.5
7.0625
9.9375
15.3125
13.4063
6.9375
5.84375
0.625
-1.4375
1.40625
4.96875
7.46875
7.125
4.4375
0.59375
-3.9375
-6.40625
-8.65625
-12.5625
-15.4375
-17.2188
-17.2188
-13.1563
-7
-1.125
4.34375
7.65625
8.28125
6.375
3.40625
3.03125
6.0625
8.59375
13.7813
13.5938
8.65625
7.25
2.125
-0.59375
2.09375
6.125
8.8125
8.6875
5.28125
-0.28125
-6.15625
-10.25
-12.625
-14.9375
-16.0625
-15.9688
-15.125
-11.375
-5.96875
-0.75
4.5
7.8125
8.875
7.625
4.59375
3.75
5.96875
8.1875
13.25
13.9063
10
8.3125
3.21875
0.375
2.40625
6.59375
9.46875
9.28125
5.34375
-1.6875
-9.21875
-14.375
-16.7188
-16.8125
-15.3125
-13.3438
-11.5313
-8.65625
-4.5
-0.28125
4.125
7.15625
8.1875
7.1875
4.53125
3.875
6.40625
9.21875
14.2188
15.3125
11.25
8.34375
3.21875
0.0625
3.28125
7.75
10.25
9.375
4.15625
-4.6875
-12.9063
-18.0938
-18.8125
-15.4063
-11.6875
-8.34375
-6.46875
-5.21875
-2.5
0.28125
3.125
4.75
5.125
3.90625
2
2.34375
5.4375
9.6875
14.625
16.5313
12.8438
8.3125
3.1875
-1
4.15625
8.625
10.375
8.4375
2.5
-6.78125
-14.5938
-18.5
-17.2188
-11.875
-7.03125
-3.71875
-2.90625
-3.0625
-1.65625
0
1.78125
2.5
2.0625
0.46875
-1.1875
-0.59375
2.90625
8.25
13.4063
15.9688
13.0938
7.5625
2.6875
-1.25
5.8125
10.5313
11.6875
8.4375
1.5
-8.03125
-15.1875
-17.625
-14.9375
-8.59375
-3.625
-1.03125
-1.15625
-2.3125
-1.6875
-0.71875
0.65625
1.15625
0.4375
-1.34375
-3.3125
-3.53125
-0.65625
4.96875
10.2188
13.375
11.4688
5.6875
1.53125
-0.78125
7.40625
12.0938
12.6875
8.4375
0.6875
-8.46875
-14.4063
-15.75
-12.25
-6.28125
-2.625
-0.5
-0.625
-1.875
-1.4375
-1.34375
-1.09375
-0.875
-1.09375
-2.125
-3.65625
-4.375
-3.125
1.5
6.90625
10.625
10.1875
5.09375
0.71875
-0.71875
8.1875
11.8125
11.4063
6.34375
-1.0625
-7.75
-11.9688
-12.9375
-10.4375
-7.3125
-4.5
-1.25
0.53125
1.3125
1.09375
-0.875
-3
-4.5
-4.3125
-3.3125
-2.90625
-2.5625
-1.8125
0.46875
4.4375
7.4375
7.34375
3.84375
0.125
-0.03125
7.40625
10
8.28125
2.84375
-3.34375
-8.09375
-10.5313
-10.6563
-8.4375
-5.6875
-2.65625
1.125
3.5625
4.4375
3.40625
0.15625
-3.5
-6.21875
-7
-5.875
-4.84375
-3.34375
-1.28125
0.46875
3.34375
5.1875
4.3125
1.0625
-1.96875
-1.53125
5.90625
7.96875
5.65625
-0.5
-5.71875
-8.4375
-8.75
-6.4375
-3.875
-1.03125
1
2.875
4.59375
3.90625
2.65625
0
-4.125
-5.84375
-6.84375
-6.75
-5.34375
-4.34375
-1.59375
0.5
2.375
3.59375
1.375
-2.5
-5.09375
-4.34375
3.40625
5.03125
2.25
-3.9375
-7.1875
-7.15625
-4.6875
-0.4375
1.78125
3.0625
2.625
2.5
3.15625
1.96875
1.34375
-0.5
-4.1875
-5
-5.75
-6.375
-5.03125
-4.5
-2.0625
0.0625
0.875
1.625
-1.21875
-5.5625
-7.65625
-6.65625
0.78125
1.9375
-1.25
-6.90625
-8.125
-5.15625
-0.21875
5.28125
6.25
4.625
1.4375
-0.78125
-0.3125
-0.6875
-0.15625
-0.8125
-3.84375
-3.03125
-3.09375
-3.71875
-2.09375
-2.46875
-0.375
1.03125
0.03125
-0.21875
-3.53125
-7.4375
-8.53125
-7.03125
-0.34375
-0.5625
-5.03125
-9.96875
-9.0625
-2.9375
4.90625
10.5313
8.84375
4.125
-2.375
-5.875
-3.59375
-2.8125
-0.59375
0.0625
-3.375
-1.75
-0.9375
-1.25
1.875
1.96875
3.59375
3.6875
-0.21875
-1.78125
-5.4375
-8.3125
-8.15625
-7.09375
0.1875
-2.375
-8.75
-12.9063
-9.90625
-0.375
9.71875
14.5625
10.7813
3.4375
-5.1875
-9.25
-6.09375
-4.75
-1.53125
0.53125
-2.8125
-0.46875
0.9375
0.15625
3.96875
4.75
6.84375
6.78125
1.5625
-1.03125
-5.3125
-7.3125
-7.0625
-7.25
1.75
-2.6875
-11.0625
-15.0938
-10.3438
1.0625
12.4063
16.6875
11.0938
2.53125
-6.65625
-10.9688
-7.84375
-6.21875
-2.78125
0.1875
-1.65625
1.25
3.09375
1.9375
4.6875
5.78125
9.125
9.21875
4.09375
0.875
-4.84375
-6.40625
-6.5625
-7.8125
4.3125
-1.65625
-11.9375
-16.6563
-11.4688
0.75
13.0625
17.5938
11.8438
4.03125
-5.28125
-10.8438
-9.15625
-9.09375
-5.6875
-0.9375
-0.78125
3.34375
5.34375
3
4.71875
5.28125
8.90625
10.5
5.6875
2.90625
-2.71875
-4.875
-5.125
-7.25
7.1875
0
-11.9063
-17.4688
-12.75
0.09375
13.125
18.2813
12.8125
4.21875
-5.375
-11.375
-9.78125
-8.78125
-4.8125
-0.09375
-0.6875
2.15625
3.65625
1.6875
4.8125
6.125
9.4375
10.875
5.625
3.46875
-0.6875
-1.96875
-1.96875
-4.46875
10.4688
2.28125
-11.25
-17.25
-13.375
-0.53125
13.0313
18.125
13.1563
3.40625
-6.25
-11.3125
-9.0625
-5.59375
-1.1875
2.15625
0.46875
0.59375
1.25
0.15625
3.59375
5.34375
7.65625
7.90625
3.125
2.65625
1.25
2.375
2.6875
-0.1875
14.0625
5.375
-9.40625
-16.0625
-14.4375
-2.875
11.0938
16.875
13.9688
5.625
-3.5625
-8.59375
-6.75
-3.5625
0.25
2.875
0.8125
0.0625
0.34375
-0.71875
1.8125
2.5625
3.5
3.34375
0.1875
1.96875
3.5625
6.4375
6.71875
3.28125
16.6563
7.875
-6.90625
-14.5313
-14.5
-5.09375
7.875
14.5938
13.9063
8.53125
1.21875
-3.59375
-2.90625
-1.5
0.78125
2.4375
0.21875
-1.3125
-1.5625
-2.8125
-1.21875
-0.71875
-0.03125
0.1875
-0.875
2.75
5.8125
9.375
8.9375
4.75
16.3438
8.75
-4.75
-12.4063
-13.625
-6.5
4.375
11.125
12.8125
9.90625
5.53125
2.0625
1.25
1.71875
2.21875
2.15625
-0.21875
-2.9375
-4.28125
-5.59375
-4.9375
-4.40625
-2.90625
-1.5625
0.09375
5.0625
8.5
11.625
9.625
5.03125
13.6875
7.75
-3.3125
-9.75
-11.125
-5.6875
3
8.5625
10.5313
8.75
6.3125
4.78125
4.375
5.1875
4.9375
3.0625
-0.09375
-4.25
-6.46875
-7.21875
-6.5625
-5.5
-3.84375
-2.5
0.15625
5.75
10.0625
13.4063
11.0938
6.34375
11
6.90625
-1.5625
-6.65625
-8.28125
-4.4375
2.15625
6.5
8.1875
6.96875
5.71875
5.25
5.78125
6.84375
6.53125
4.375
0.65625
-3.71875
-6.5625
-7.5
-6.5
-5.46875
-3.90625
-2.03125
0.84375
6.71875
11.7188
14.3125
11.8438
7.15625
8.03125
5.65625
-0.40625
-3.8125
-5.3125
-3
1.9375
5.46875
7.375
6.46875
5.78125
5.59375
6.3125
7.875
7.5625
5.1875
1.375
-3
-5.90625
-6.6875
-5.875
-4.46875
-2.5625
-0.5625
2.71875
7.5625
11.625
13.25
10.1875
6.03125
5.78125
4.46875
0.28125
-2.03125
-3.21875
-2.09375
1.9375
5.0625
7.65625
8.1875
7.6875
7.1875
6.4375
6.375
5.4375
3.6875
1.875
-0.5625
-2.46875
-3.5625
-4.03125
-3.375
-1.4375
1.15625
4.96875
8.53125
10.6875
10.625
6.4375
3.15625
4.15625
3.25
0.5625
-0.90625
-1.75
-1.15625
1.84375
4.375
7.21875
9.15625
9.28125
8.46875
6.375
4
2.09375
0.9375
1.09375
1.28125
1.21875
0.9375
0.125
0.21875
1.5625
3.6875
6.5
8.125
8.53125
7.125
2.90625
0.625
2.375
1.84375
0.5625
0.03125
0.71875
1.59375
3.53125
4.71875
5.65625
6.90625
7.21875
6.75
4.96875
2.40625
0.25
-0.375
1.40625
3.3125
5.09375
6.21875
5.21875
4.71875
4.71875
4.6875
5.5
5.6875
5.375
4.5
1.46875
0
1.4375
1.125
0.5
1.09375
2.84375
4.84375
6.90625
6.75
5.84375
4.84375
3.875
2.8125
1.3125
-0.6875
-2.25
-1.4375
1.8125
5.625
8.96875
11.0313
9.78125
7.90625
6.28125
4.28125
4
3.84375
3.71875
3.78125
1.59375
0.6875
1.46875
0.96875
0.6875
1.9375
4.4375
7.46875
10.4375
9.78125
7.375
4.5625
1.3125
-1.15625
-2.90625
-4.90625
-5.71875
-3.125
1.9375
7.65625
12.5625
14.9375
13.3438
10.6875
7.9375
4.65625
3.1875
2.40625
2.21875
3.0625
1.71875
1.21875
-3
-2.70833
-1.875
-1.79167
-1.20833
0.166667
1.375
4.25
6.33333
7.83333
8.75
7
5.58333
3.125
1
0.0416667
-0.666667
-0.458333
-0.75
-0.708333
-0.333333
-0.125
-0.208333
-0.333333
-0.458333
-2
-2.45833
-3.41667
-1.625
-0.0833333
-0.208333
1.66667
-1.125
-0.5
0.375
0.875
2.91667
5.41667
7.95833
9.54167
9.04167
7.5
4.91667
1.79167
-1.04167
-3
-3.75
-3.375
-3.08333
-2.20833
-0.583333
1.25
2.79167
3.83333
3.625
3.08333
1.79167
-0.666667
-1.33333
-2.5
-1
0.5
1.04167
3.33333
-0.75
0.75
1.625
2.95833
4.20833
4.91667
5
2.70833
0.208333
-3.125
-6.5
-8.375
-8.91667
-8.45833
-7.625
-6.875
-5.91667
-5.16667
-4.25
-2.79167
-1.58333
-0.25
0.375
0.916667
0.916667
0.833333
1.125
1.83333
2.33333
2.83333
3.375
4
-0.0416667
0.416667
-0.958333
-2.04167
-4.66667
-7.45833
-10.375
-13.3333
-14.5
-14.3333
-12.4167
-10.125
-7.04167
-4.125
-1.45833
-0.166667
0.583333
0.625
-0.958333
-2.25
-3.875
-4.58333
-4.375
-3.91667
-2.25
-0.0833333
0.875
1.625
0.416667
-0.125
-0.625
-1.58333
0.25
-1.25
-3.25
-4.625
-6.83333
-10.5
-13.4167
-14.5
-13.9583
-10.7083
-5.79167
-0.208333
3.41667
7.375
10.0833
10.4167
10.125
9.83333
9.20833
6.91667
4.33333
2
0.583333
-1.54167
-1.5
-0.0833333
-0.0833333
-0.416667
-1.79167
-2.83333
-4.33333
-6.20833
0.416667
-0.333333
0.625
1.70833
3.04167
2.70833
3.16667
4.25
5.375
6.70833
7.58333
9.91667
9.79167
9.58333
7.75
5.70833
4.66667
4.375
5.95833
7.04167
9
9.58333
9.20833
7.08333
5.54167
4.5
2.25
1.25
1.08333
1.33333
0.791667
-0.208333
1.66667
2.375
4.125
4.66667
6
9.04167
12.2917
14.2917
14.7083
13.0417
9.83333
5.95833
2.125
-2.70833
-6.95833
-8.95833
-9.54167
-9.75
-8.41667
-5.125
-0.666667
3.25
5.45833
7.5
7.5
6.66667
5.20833
4.375
4.91667
5.79167
6.79167
7.33333
2.20833
2.625
2.58333
1.70833
1.45833
4.04167
6.04167
6.5
5.25
2.75
-0.666667
-6.16667
-10
-13.3333
-14.5417
-14.625
-14.2917
-14.1667
-14.125
-13.1667
-11.9167
-9.20833
-6.29167
-1.70833
1.33333
3.45833
5.875
7.20833
8.20833
8.5
9
9.58333
2.25
1.5
0.375
-0.583333
-0.5
0.291667
-0.208333
-1.25
-2.79167
-4.625
-6.5
-9.16667
-10.125
-8.95833
-6.66667
-4
-2.875
-2.58333
-3.54167
-5.75
-8.20833
-9.875
-9.16667
-7.70833
-5
-1.91667
1.70833
4.95833
6.5
7.625
7.58333
6.79167
2.04167
1.04167
-0.166667
0.5
2.25
2.25
0.541667
-0.916667
-2
-3.04167
-3.25
-2.25
-0.0416667
3.58333
7.25
10.375
11.125
11.5417
11.4167
9.33333
5.83333
1.875
-0.791667
-3.91667
-5.95833
-5.5
-4.25
-2.45833
-0.75
0.541667
1.125
-0.25
0
0.625
1.29167
4.91667
7.04167
6.45833
4.70833
2.5
1.75
2
3.54167
6.95833
10.3333
13.2917
14.5
13.25
12.2917
12.2917
13.25
14.5417
14.0417
11.7917
8.16667
4.20833
-0.166667
-3.16667
-5.5
-6.5
-6.16667
-6.66667
-6.16667
-5.95833
-3.16667
-0.958333
1.83333
4.54167
4.25
3
1.875
1.125
2.625
4.66667
7.29167
11.1667
14.7083
15.2083
12.2083
9.20833
8.45833
6.79167
4.58333
5.95833
8.75
8.16667
5.33333
3.58333
2.58333
-0.416667
-4.375
-6.5
-7.54167
-8.20833
-7.91667
-5.75
-5.375
-2.83333
-0.416667
-1.70833
-3.75
-5.04167
-5.375
-2.875
-0.833333
0.166667
0.541667
1.29167
3.25
1.70833
-0.625
0.916667
2.83333
1.41667
-3.08333
-6.25
-5.125
-5.16667
-6.125
-5.33333
-3.41667
-3.25
-4.95833
-7.66667
-8.79167
-7.75
-6.70833
-3.70833
-4.29167
-3.16667
-2.16667
-4.20833
-5.33333
-5.54167
-4.95833
-3.70833
-5.375
-7.08333
-9.16667
-11.75
-13.125
-13.5417
-11.25
-7.41667
-4.95833
-3.875
-3.95833
-7.125
-9.20833
-8.20833
-6.625
-5.45833
-5.58333
-4.66667
-3.83333
-6.41667
-7.75
-7.16667
-6.5
-5.83333
-0.458333
-2
-2.625
-2.95833
-3.08333
-2.83333
-1.45833
-3.25
-6
-6.95833
-7.16667
-7.08333
-9.16667
-8.08333
-5
-4.75
-5.20833
-4.375
-1.25
0.375
-1.25
0.583333
2.25
2.125
1
1.125
2.375
1.45833
0
-1.95833
-3.625
-7.41667
4.33333
1.33333
-1.375
-1.875
-2.20833
-2.20833
-0.666667
-1.33333
-0.916667
0.375
3.125
5.45833
4.5
4.45833
4.45833
2
-1.25
-1.83333
-0.416667
1.83333
2.125
3.125
3.375
3.08333
4
5.20833
6.33333
7.25
6.33333
4.125
1.41667
-2.58333
9.16667
5.54167
1.70833
-0.708333
-1.375
-0.625
0.5
1.70833
3.58333
4.91667
6.54167
5.125
4
3.79167
2.70833
1.125
-0.958333
-0.0416667
0.375
0.0416667
0.291667
0.25
0.875
1.625
2.54167
3.625
4.33333
6.375
6.5
5.95833
5.29167
5.45833
7.16667
4.5
2.20833
0.25
0
1.04167
1.33333
2.5
3.625
3.95833
1.5
-1.66667
-3.04167
-3.25
-3.625
-4.20833
-2.20833
-0.208333
0.375
0
-0.25
0.208333
2.41667
3.5
3.16667
2.70833
2.04167
3.75
4
3.875
5.875
8.54167
-1.91667
-1.04167
-0.333333
0.75
1.16667
1.54167
0.791667
1.58333
2.83333
3.33333
1.04167
0.25
-0.291667
-1.58333
-2.04167
-3.25
-1.58333
-0.666667
0.458333
1.83333
1.58333
2.16667
4.33333
4.70833
4
2.20833
1.45833
2.375
2.125
1.33333
2.625
4.625
-4.95833
-1.91667
-0.333333
1.5
1.91667
1.625
0.625
0.583333
2.66667
4.33333
6.5
7.66667
8.375
7.70833
5.875
3.79167
0.916667
0
1.375
2.95833
3.33333
3.375
3.91667
4.125
3.875
2.04167
3.33333
3.75
4
3.25
0.916667
0.708333
-0.5
2.08333
3.20833
3.20833
3.125
1.70833
1.16667
-0.25
0.166667
1.33333
4.45833
6.83333
7.5
6.625
4.375
3.54167
0.0416667
-3.75
-4.5
-3.79167
-2.54167
-3.375
-3.29167
-1.5
-0.291667
0.791667
2.66667
3.25
3.45833
3.5
0.958333
-0.541667
1
2.25
3
2.25
2.20833
0.666667
0.5
-0.541667
-3.5
-5
-5.83333
-5.75
-7.75
-9.625
-8.20833
-5.75
-5.375
-7.75
-9.625
-10.5833
-11.3333
-12.3333
-11.1667
-8.58333
-6.33333
-3.16667
-2.20833
-2.125
-3.08333
-2.54167
-1.54167
-1.66667
-1.375
-1.75
-1.75
-1.75
-1.41667
-1.41667
-1.70833
-0.166667
-2.08333
-4.375
-7.75
-11.2083
-13.9167
-14.9167
-12.125
-8.5
-4.79167
-1.5
-1.54167
-3.45833
-4.83333
-3.91667
-3.70833
-4.08333
-3.375
-2.45833
-3.20833
-5.75
-6.54167
-5.41667
-3.08333
-1.79167
-2.58333
-3.20833
-2.58333
-1.66667
-1.58333
-1.29167
-2.16667
-0.0833333
1.79167
2.29167
2.08333
1.5
2.66667
2.91667
1.29167
1.33333
3.625
6.625
7.375
7.91667
10.2917
11.7083
9.375
6
3.66667
0.958333
-2.45833
-5
-4.125
-2.70833
-1.29167
-0.375
0.416667
0.666667
1.75
2.95833
2.79167
1.875
0.791667
-0.166667
1.20833
2.875
5.95833
10.25
14.4583
16.9167
15.0417
12.6667
11.2917
9.83333
9.29167
10.4583
12.25
11.2917
8.45833
5.25
2.375
-0.208333
-2.54167
-1.95833
-0.375
0.75
1.08333
0.333333
5.08333
5
4.625
4.75
4.66667
4.20833
3.16667
0.375
-1.25
-1.79167
-0.541667
2.83333
6.83333
11
13.9583
14.5
13.625
11.75
10.0833
8.29167
5.41667
2.33333
-0.416667
-2.20833
-3.25
-3.25
-2.45833
-0.666667
0.625
1.29167
0.75
-0.666667
1.95833
1.25
0.166667
-0.791667
-0.916667
0.791667
1.29167
0.208333
-1.29167
-2.70833
-4.16667
-5.375
-4.875
-2.875
0.375
2.91667
4.125
4.45833
3.70833
1.875
-1.125
-3.58333
-5.29167
-5.875
-6.29167
-6.91667
-6.29167
-4.875
-3.83333
-3.5
-3
-1.75
-5.29167
-5.625
-5.91667
-6.33333
-6.16667
-4.04167
-1.29167
0.0416667
0.5
0.125
-1.66667
-5.04167
-8.54167
-10.5417
-11.3333
-11.0833
-10.3333
-9.33333
-8.54167
-8.08333
-8.16667
-8.125
-7.5
-7.20833
-7.375
-8.29167
-7.58333
-6.16667
-5.16667
-4.41667
-2.83333
-0.166667
-4.5
-4.5
-4.16667
-3.79167
-3.375
-3.29167
-1.75
0.0416667
0.916667
1.375
0.625
-1.125
-3.625
-6.625
-8.79167
-10.5
-10.5
-9.83333
-9.41667
-9.54167
-9.33333
-8.58333
-7.75
-6.58333
-5.04167
-2
0.541667
1.79167
2.41667
2.625
2.58333
2.79167
0.458333
0.666667
0.958333
1.20833
1.25
-0.333333
-1.95833
-2.20833
-2.375
-2.08333
-1.58333
-1.08333
-0.0416667
0.125
0.166667
-0.333333
-0.25
0.583333
-0.0416667
-1.625
-2.58333
-2.625
-2.29167
-0.5
3.04167
8.04167
11.375
11.5
10.625
8.70833
6.29167
3.79167
2.08333
2.375
2.45833
2.125
1.79167
0.291667
-2
-4.16667
-5.54167
-6.25
-5.70833
-4.29167
-2.41667
0.416667
2.16667
3.625
3.75
4.08333
4.08333
3.70833
4.33333
5.75
7.75
10
13.0833
15.2917
16.1667
13.875
11.0833
7.875
4.75
1.33333
1.08333
1.04167
0.958333
0.416667
-0.0416667
-0.333333
-0.5
-1.625
-2.54167
-3.20833
-3.16667
-2.375
-2.33333
-1.125
-0.5
0.666667
0.458333
-0.291667
1.45833
4
8
11.3333
14.2917
15.9167
14.6667
12
7.54167
3.91667
1.04167
-0.583333
-1.41667
-2.375
0.5
-2.20833
-3.375
-0.916667
0.0416667
0.291667
2.5
0.75
-1.16667
5.33333
8.875
3.5
-1.16667
-4.75
-6.125
-2.83333
-1.41667
-3.08333
-2.625
0.541667
2.91667
3
1.79167
-4.08333
-11.3333
-0.5
12.9167
1.58333
-5
3.04167
1.91667
-0.333333
-0.375
-3
-2.25
0.25
0.416667
0.666667
2.58333
1.16667
-0.458333
3.5
5.16667
2.29167
0.458333
-3
-5.375
-2.875
-1.70833
-3.08333
-2.08333
1.25
2.91667
2.08333
0.75
-3.41667
-9.45833
-1.66667
10.7917
3.125
-4.375
1.375
3.04167
1.20833
-0.875
-3.25
-1.875
-0.416667
-0.0416667
2.66667
5
1.95833
-1.29167
0.125
1.375
1.875
2.83333
-0.708333
-5.125
-3.625
-1.79167
-3.29167
-2.25
2.20833
3.79167
1.5
0.125
-2.20833
-8.08333
-3.91667
8
5.20833
-2.41667
-0.416667
2.875
2.875
-0.166667
-3.95833
-3.45833
-1.16667
0.833333
4.16667
6.125
2.79167
-0.75
-0.833333
-0.541667
0.625
2.33333
0.25
-3.70833
-3.66667
-2.29167
-3.5
-2.83333
1.375
3.375
2.04167
1.75
-0.291667
-7.5
-6.45833
5.375
6.75
-0.208333
-0.5
2
1.79167
0.25
-4.625
-4.75
-1.5
1.41667
5.25
7.45833
4.375
-0.0833333
-2.83333
-3.16667
-0.333333
2.29167
0.875
-2.79167
-3.45833
-2.25
-2.91667
-2.54167
0.916667
2.95833
1.375
0.958333
0.458333
-5.75
-7.20833
2.91667
7.45833
1.95833
0.0416667
1.79167
1.16667
-0.208333
-4.70833
-4.5
-0.916667
1.79167
4.95833
7.16667
5.125
0.625
-3.54167
-4.41667
-1.08333
2.16667
1.08333
-2.625
-3.16667
-1.45833
-1.875
-1.79167
0.791667
1.875
0.208333
-0.0416667
-0.0416667
-4.70833
-6.5
2
7.625
3.08333
0.333333
1.79167
0.916667
-2.45833
-5.25
-3.125
0.0416667
1.75
3.79167
6.16667
6.79167
2.58333
-4.08333
-5.91667
-2.79167
1
1.66667
-1.70833
-2.70833
-0.416667
-0.375
-1.16667
0.625
1.83333
0
-0.791667
-0.75
-4.375
-6.70833
0.208333
7.625
4.79167
0.416667
1.04167
0.958333
-4.04167
-5.625
-2.54167
0.458333
1.45833
4.04167
7.91667
8.25
1.875
-5.75
-6.79167
-3.29167
0.5
1.91667
-0.791667
-1.875
0.333333
0.0833333
-1.75
-0.0416667
2.83333
1.66667
-0.291667
-1.33333
-5.16667
-7.54167
-1.375
6.83333
5.95833
1.25
0.75
0.0833333
-5.125
-5.75
-2.375
1.79167
3.25
4.54167
7.16667
7.125
1.08333
-6
-6.5
-2.79167
0
0.916667
0.0833333
-0.25
0.625
0.291667
-1.41667
-1
1.79167
2.625
1.20833
-1.08333
-5.125
-7.54167
-2.41667
6.08333
6.625
1.25
-1.16667
-2.33333
-5.20833
-4.58333
-1.41667
3
4.625
4.5
5.29167
4.58333
-1.125
-6.79167
-5.375
-1.375
0.333333
0.708333
0.375
0.625
1.625
1.54167
0.166667
-0.416667
0.333333
0.75
0.583333
-0.541667
-3.70833
-6.5
-3.625
4.41667
7.5
2.54167
-2.375
-5.125
-5.75
-4
-0.208333
4.41667
6.16667
4.45833
2.83333
0.375
-3.875
-4.875
-1.95833
-0.291667
-0.416667
-0.833333
-0.75
1.5
4.16667
3.66667
0.875
-0.583333
-0.833333
-1.70833
-1.33333
0.833333
-0.166667
-4.91667
-5
2.5
7.45833
3.33333
-3.29167
-7.33333
-6.04167
-3.70833
0.333333
5.54167
7.375
3.625
-0.75
-2.875
-3.375
-2.45833
-1.20833
-0.333333
0.458333
-0.666667
-2.54167
0.958333
6.83333
5.04167
-1.54167
-1.91667
1.75
-0.333333
-4.04167
-0.0416667
3.45833
-2.54167
-6.5
0.5
7.33333
4.29167
-3.54167
-9.125
-6.375
-3.83333
-0.0416667
6.16667
8.25
2.58333
-3.875
-6.125
-2.95833
0.291667
-0.458333
0.291667
2.75
0.708333
-4.25
-0.958333
8.08333
4.79167
-5.20833
-3.25
4.25
2.08333
-5.125
-2.08333
4.70833
0.5
-4.95833
-0.416667
6.20833
5.25
-3.08333
-11.3333
-6.54167
-3.91667
0.333333
7.16667
8.29167
-0.291667
-8.58333
-8.45833
-0.5
4.29167
1.45833
1
4
0.708333
-7.375
-2.91667
10.2917
5.375
-8.58333
-4.625
6.16667
2.91667
-7.125
-3.95833
6.66667
4.33333
-3.58333
-1.91667
5.25
6.95833
-2.25
-13.0833
-7.45833
-4.625
2.25
8.79167
6.54167
-5.33333
-13.2083
-8
3.75
7.91667
2.83333
0.916667
3.83333
-0.458333
-10.5
-4
13.4167
6.625
-12
-6.625
8.375
5.08333
-9.375
-8.25
7.5
9.875
-1
-5.16667
1.75
8.79167
1.75
-12.1667
-10.0417
-5.29167
6.125
11
3.41667
-9.70833
-15.2917
-6.70833
7.58333
10.25
2.625
0.833333
3.75
-1.29167
-12.4167
-5.5
15.25
7.41667
-15.7917
-8.04167
12.75
8
-13.25
-13.2917
9.25
15.5833
1.20833
-8
-2.29167
9.125
5.66667
-10.2083
-12.9583
-4.70833
10.9583
13.4167
0.625
-13
-16
-4.91667
9.33333
8.79167
0.791667
2
6.375
1.54167
-12.0417
-8.875
13.1667
6.95833
-18.125
-9.20833
15.9167
13.125
-12.5
-19
5.79167
19.125
4.83333
-9.625
-5.75
9.58333
9.04167
-8.54167
-15.0833
-4.25
15.5833
16.25
-1.25
-15.3333
-16.4167
-5.125
8.25
8.20833
2.125
3.83333
7.33333
2.375
-11.25
-9.83333
10.9167
6.54167
-17.5
-9.875
15.375
14.2083
-11.0833
-19.75
3.41667
18.9583
6.66667
-9.875
-7
9.875
10.25
-7.08333
-15.9167
-3.41667
19.4167
19
-1.58333
-16.5833
-17.0833
-5.91667
6.95833
8.95833
4.41667
3.625
5.33333
2.54167
-8.66667
-10.125
7.04167
7.45833
-12.5417
-10.0417
11.3333
12.6667
-9.41667
-18.2917
3.25
18.4583
5.83333
-10.875
-7.75
8.95833
10.875
-4.5
-16.3333
-2.91667
21.6667
20.375
-1.08333
-15.5
-16.625
-7.16667
5.66667
9.95833
5.625
2.54167
3.125
1.20833
-8.125
-9.83333
6.29167
9.875
-7.75
-9.79167
6.83333
9.375
-8.58333
-15
5.25
17.4167
3.45833
-12.5
-8.75
8
11.7917
-1.66667
-15.75
-2.04167
22.3333
20.3333
-0.875
-13.2917
-14.3333
-8.5
2.41667
9.95833
7.70833
2.08333
0.5
-0.125
-6.5
-8.58333
4.54167
10.375
-3
-7.66667
3.33333
5
-7.29167
-8.75
6.83333
12.1667
-0.458333
-11.75
-7.16667
7
10.5833
0.458333
-14.375
-1.75
20.625
18.75
0.583333
-9.58333
-12.125
-9.66667
-1.125
7.625
7.66667
2
0.625
1
-4.20833
-7.125
2
8.75
0.375
-5.83333
0.416667
3.66667
-2.79167
-4.33333
3.79167
5.58333
-2.83333
-9.5
-4.83333
6.20833
9.33333
1.83333
-12
-2
16.75
15.75
1.58333
-6.04167
-9.20833
-9.41667
-2.95833
5.125
5.625
1.16667
0.583333
1.08333
-2.5
-4.125
1.83333
7.125
2.20833
-3.83333
-1.08333
1.83333
-1.08333
-1.20833
2.625
0.541667
-5.45833
-7.375
-2.54167
5.33333
8.29167
3.20833
-8.45833
-2.20833
11.4167
11.8333
2.29167
-2.79167
-5.54167
-7.70833
-4.45833
2.66667
3.95833
-0.25
-0.833333
0.916667
-0.458333
-2.04167
1.375
6.25
4.75
-0.958333
-2.70833
-0.541667
0.125
0.25
1.16667
-2.16667
-6.70833
-6
-1.5
4.41667
8.20833
4.125
-5.08333
-1.70833
7
7.70833
1.66667
-1.25
-3.08333
-4.91667
-3.66667
0.5
2.20833
0.25
-0.666667
-1.20833
-1.95833
0.166667
3.91667
5.33333
3.54167
0.458333
-1.5
-1.08333
-0.0416667
0.5
0.25
-2.70833
-6.16667
-6.58333
-2.625
4.75
9.20833
4.33333
-2.66667
-1.125
3.75
4.5
1.29167
-0.166667
-1.83333
-3.25
-2.875
-1.04167
1.33333
1.08333
-0.916667
-1.375
0.0833333
1.75
2.125
2
2.08333
1.41667
0.416667
0.583333
0.708333
-0.583333
-2.5
-4
-4.70833
-4.66667
-1.25
5.04167
8.25
3.58333
-0.916667
-0.375
1.66667
2.20833
1.20833
0.541667
-1.20833
-2.16667
-2.04167
-2.08333
-0.541667
1
0.5
0.375
1.5
1.41667
0.375
0.458333
1.08333
1.25
1.5
1.41667
-0.291667
-3.125
-4.16667
-2.41667
-1.54167
-2.125
0.0416667
4.375
6.5
2.125
0.208333
0.125
0.583333
1.29167
0.583333
-0.291667
-0.916667
-0.833333
-0.25
-1.125
-2.04167
-0.791667
0.958333
1.33333
1.29167
1.04167
0.291667
0.166667
0.333333
0.666667
1.83333
1.125
-2.625
-4.83333
-2.875
0.333333
0.791667
-0.166667
1.58333
3.58333
3.66667
0.583333
0.625
0.25
0.208333
0.958333
0.375
-1.16667
-1.75
-0.458333
1.04167
0.625
-1.25
-1.75
0.125
1.625
1.58333
0.5
-0.625
-0.208333
-0.166667
-1.04167
0.291667
0.791667
-2.125
-3.20833
-0.791667
1.875
1.91667
0.791667
1.91667
2.375
1.70833
-0.333333
0.0833333
0.666667
0.708333
0.708333
0.25
-1.70833
-3.58333
-1.58333
2.375
2.91667
0.541667
-1.20833
-0.416667
1.875
2.29167
-0.333333
-2.375
-1.41667
-2.16667
-4
-0.458333
2.75
0.458333
-0.75
1.54167
3.16667
1.375
-0.75
0.375
1.45833
1.41667
-0.208333
-0.666667
0.375
1.08333
0.625
0.166667
-1.45833
-4.25
-3.04167
1.95833
4.25
2.29167
-0.666667
-0.666667
3.04167
4.16667
-1
-4.75
-2.91667
-3.41667
-6.04167
-1.29167
5.125
3.75
0.875
1.45833
1.91667
0.416667
-0.625
0.458333
0.75
0.625
0.333333
-0.791667
0.166667
0.958333
0.291667
-0.166667
-1.45833
-4.125
-3.25
1.08333
3.91667
3.58333
0.375
-0.833333
3.75
5.625
-1.20833
-6.04167
-3.91667
-4.54167
-6.625
-0.5
6.20833
4.04167
0.791667
1.79167
2.625
0.791667
-1.45833
-1.33333
-0.208333
1.20833
1.75
-1.31481
-2.31481
-3.5
-5.40741
-7.46296
-8.31481
-8.7037
-8.46296
-8.33333
-7.98148
-7.05556
-5.7037
-3.53704
-1.38889
-0.574074
-0.296296
-0.5
-0.481481
-0.203704
-0.222222
0.0740741
0.296296
-0.0925926
0.0555556
0.148148
0.777778
0.888889
1.2037
-2.5
-5.07407
-7.35185
-9.81481
-11.2593
-10.8148
-9.66667
-8
-7.38889
-5.53704
-2.51852
0.444444
3.83333
6.24074
6.05556
5.12963
4.01852
3.87037
3.88889
3.12963
2.7037
2.61111
1.12963
1.07407
0.796296
0.333333
-0.314815
-1.22222
-0.388889
-2.24074
-3.38889
-3.92593
-3.57407
-2.09259
-0.537037
0.555556
0.740741
1.57407
3.27778
4.59259
5.83333
6.25926
5.33333
4.55556
4.31481
4.90741
5.46296
5.25926
5.44444
5.85185
4.98148
4.7037
4.25926
3.16667
2.31481
1.37037
3.72222
4.01852
4.14815
4.75926
6.14815
7.09259
7.03704
6.2037
4.66667
3.38889
2.05556
0.407407
-1.03704
-2.42593
-2.77778
-2.22222
-0.759259
1.12963
2.51852
3.64815
4.94444
6.44444
7.27778
7.77778
7.90741
7.12963
6.38889
5.94444
5.75926
7.72222
8.7963
9.88889
10.4259
9.53704
7.55556
5.03704
2.90741
-0.148148
-4.12963
-7.83333
-11.1481
-13.3333
-13.1111
-11.7407
-9.62963
-7.5
-5.37037
-2.7963
-0.148148
2.57407
5.74074
8.12963
9.96296
11.3148
12.0556
12.537
4.85185
6.83333
7.5
7.16667
5.72222
3.14815
0.87037
-0.981481
-2.55556
-4.7037
-8.01852
-10.1852
-11.4444
-11.4815
-10.1481
-9.33333
-8.7963
-8.22222
-7.27778
-5.83333
-4.40741
-2.27778
0.222222
2.75926
5.53704
8.44444
10.1667
10.5741
4
4.98148
5.18519
4.14815
1.98148
0.0185185
-0.333333
0
-0.111111
-0.962963
-1.96296
-1.37037
0.12963
2.14815
3.46296
3.12963
1.40741
-0.555556
-1.75926
-2.2963
-2.75926
-2.44444
-2.31481
-1.72222
-0.111111
2.35185
4.59259
5.42593
3.87037
3.85185
3.72222
2.59259
1.74074
1.77778
2.92593
4.62963
5.25926
5.87037
7.2037
10.0741
13.5185
15.8889
16.2778
15.5185
13.2593
9.85185
6.87037
4.37037
1.68519
-0.277778
-3
-5.18519
-6.5
-6.87037
-5.7037
-4.42593
2.24074
2.12963
1.68519
1.61111
2.94444
4.92593
6.57407
8.09259
9.35185
10.6852
12.9259
16.3704
18.963
18.963
17.4444
16.463
15.3333
12.2407
8.94444
6.18519
2.72222
-0.537037
-3.22222
-5.98148
-8.7963
-11.463
-11.6852
-9.68519
-1.61111
-1.72222
-2.24074
-1.40741
0.666667
2.09259
1.88889
1.40741
2.68519
4.64815
7
9.66667
10.2593
8.2037
6.11111
5.7963
6.68519
5.75926
3.68519
1.35185
-1.88889
-5.14815
-6.24074
-7.68519
-9.77778
-12.7963
-14.537
-13.2778
-5.40741
-5.22222
-5.55556
-4.85185
-4.03704
-4.09259
-5.09259
-6.35185
-5.18519
-3.35185
-1.57407
-0.388889
-1.01852
-2.66667
-3.22222
-3.51852
-2.46296
-1.40741
-1.98148
-3.55556
-5.62963
-7.48148
-7.03704
-7.53704
-8
-9.51852
-11.9444
-12.6296
-5.40741
-6.18519
-6.09259
-6.2963
-7.09259
-7.94444
-8.7963
-9.77778
-9.35185
-8.5
-7.37037
-8.09259
-8.7037
-8.14815
-6.92593
-6.72222
-6.46296
-4.51852
-3.81481
-4.14815
-3.83333
-3.5
-3.01852
-3.42593
-3.7963
-4.12963
-6.31481
-8.57407
-1.98148
-3.57407
-3.42593
-4.46296
-5.55556
-5.55556
-4.57407
-4.09259
-4.2037
-4.14815
-3.98148
-6.03704
-6.27778
-4.42593
-2.7037
-3.27778
-4.03704
-2.51852
-1.48148
-0.833333
1.22222
3.40741
3.44444
2.72222
1.92593
1.98148
0.777778
-1.62963
2.12963
-0.166667
-0.666667
-1.5
-1.68519
-0.685185
0.62963
1.35185
0.925926
0.592593
0.12963
-2.16667
-2.59259
-1.2963
-0.851852
-0.703704
-0.944444
-0.333333
0.814815
2.37037
5.05556
7.48148
7.11111
7.57407
6.72222
6.75926
7.09259
6.24074
3.62963
2.35185
1.74074
1.7037
2.48148
3.59259
4.18519
4.5
3.85185
3.7963
2.98148
1.14815
-0.0185185
-0.037037
-0.425926
0.111111
0.777778
1.48148
2.81481
4.14815
5.88889
7.40741
6.96296
8.05556
8.57407
8.90741
9.85185
9.64815
2.31481
2.85185
2.64815
3.2963
4.24074
5.01852
4.59259
5.01852
4.61111
4.2037
3.11111
2.09259
0.703704
-0.0555556
-0.666667
1.05556
1.61111
1.64815
3.38889
5.05556
6.33333
6.64815
6.12963
7.2037
7.81481
8.35185
9.68519
9.81481
0.555556
2.40741
3.44444
4.31481
4.72222
4.90741
4.81481
5.96296
5.98148
5.5
4.38889
3.51852
1.92593
0.722222
0.444444
0.648148
-0.148148
-0.314815
1.27778
2.83333
4.27778
4.68519
5.2037
5.03704
5.7037
6.48148
7.09259
6.46296
-0.111111
1.75926
3.25926
4.07407
3.27778
2.44444
2.35185
3.7963
4.35185
3.18519
1.92593
1.33333
0.0925926
-1.2963
-1.55556
-2.46296
-4.2963
-5.33333
-3.72222
-1.87037
-0.518519
0.222222
1.88889
1.74074
1.92593
2.94444
3.53704
3.18519
0.037037
0.722222
2.16667
3.12963
1.46296
-0.685185
-1.33333
-1.62963
-1.66667
-2.46296
-2.90741
-3.31481
-4.59259
-5.75926
-6.18519
-8.03704
-8.92593
-8.37037
-7.16667
-6.5
-6.46296
-5.61111
-3.33333
-2.74074
-1.62963
-0.518519
-0.740741
-1.14815
-0.925926
-1.14815
-0.333333
0.87037
-0.314815
-2.75926
-4.38889
-6.22222
-6.77778
-7.2037
-6.83333
-6.33333
-6.87037
-7.38889
-7.72222
-7.75926
-6.37037
-4.64815
-3.90741
-4.51852
-6.27778
-6.74074
-5.90741
-4.72222
-3.85185
-3.59259
-4.25926
-4.12963
-0.203704
-1
-1.12963
-0.0740741
0.314815
-0.740741
-1.42593
-3.38889
-3.90741
-2.88889
-1.35185
0.12963
0.537037
0.648148
0.407407
1.22222
3.59259
5.38889
4.25926
2.03704
-0.62963
-2.18519
-3.18519
-3.05556
-3.07407
-4.25926
-5.5
-5.12963
1.38889
0.537037
-0.518519
-0.759259
0.62963
1.48148
2.2037
2.33333
3.05556
4.83333
6.7963
9.2037
11.3333
12.0926
12.2407
13.3333
14.3704
13.4815
10.5741
7.77778
5.22222
2.77778
0.185185
-1.07407
-2.55556
-4.27778
-4.87037
-4.09259
4.5
3.75926
1.96296
0.277778
1.11111
2.55556
4.24074
5.85185
7.25926
9.03704
10.8889
13.3519
16.2963
17.7037
18.1111
17.8148
16.2778
13.037
9.11111
6.14815
4.07407
1.81481
-0.592593
-2.31481
-3.66667
-4.53704
-4.03704
-3.11111
2.05556
2.07407
0.962963
-1.18519
-1.37037
-0.425926
0.351852
1.85185
2.92593
3.59259
4.2963
5.62963
8
9.55556
10.1111
9.57407
7.31481
3.94444
0.962963
-1.18519
-2.87037
-4.96296
-6.72222
-7.22222
-7.33333
-6.48148
-5
-3.81481
-1.61111
-0.907407
-0.777778
-1.62963
-2.01852
-1.90741
-2.16667
-2.24074
-2.37037
-2.96296
-3.66667
-4.22222
-3.81481
-3.07407
-2.81481
-3.53704
-5.01852
-6.64815
-7.75926
-8.61111
-9.2037
-10
-9.90741
-9.09259
-7.59259
-5.72222
-3.92593
-2.48148
-5.46296
-4.62963
-3.81481
-3.42593
-3.59259
-3.46296
-4.25926
-5.44444
-6.33333
-7.38889
-8.57407
-9.87037
-10.7222
-10.9444
-11.5556
-12.1296
-12.2222
-12.0556
-11.4259
-10.4259
-9.40741
-8.53704
-7.14815
-5.33333
-3.09259
-1.05556
0.425926
1.88889
-3.31481
-3.33333
-3.14815
-2.7037
-3
-3.22222
-3.64815
-4.94444
-5.88889
-6.48148
-6.88889
-7.51852
-8.01852
-8.18519
-8.7037
-9.57407
-9.01852
-7.7037
-5.96296
-3.64815
-1
1.72222
4.22222
5.42593
7.14815
8.11111
8.38889
8.42593
-0.703704
-1.40741
-2.33333
-2.90741
-3.88889
-4.40741
-4.59259
-5.11111
-5.46296
-5.24074
-4.64815
-3.75926
-3.09259
-2.55556
-2.46296
-2.2963
-0.907407
1.25926
3.2963
6.12963
8.90741
11.7963
13.7037
14.0556
13.9444
13.0741
11.6667
10.1111
-3.98148
-0.259259
3.94444
6.09259
5.81481
4.01852
3.12963
3.25926
3.5
1.62963
-1.72222
-5.2037
-6.64815
-6.72222
-5.62963
-4.07407
-1.16667
1.90741
3.74074
2.16667
-2.64815
-6.2037
-5.92593
0.944444
3.92593
6.44444
2.33333
4.03704
-3.83333
0.037037
4.75926
7.51852
8.12963
5.62963
2.88889
0.611111
0.333333
-0.425926
-1.90741
-4.33333
-5.5
-5.7037
-4.88889
-3.7037
-1.31481
1.42593
3.11111
1.90741
-2.46296
-6
-6.2037
0.185185
3.74074
6.5
2.85185
3.94444
-3.5
0.425926
5.22222
8.62963
9.81481
7.01852
2.07407
-2.38889
-3.64815
-2.92593
-2.11111
-2.90741
-3.5
-4.12963
-3.44444
-2.77778
-0.518519
1.62963
2.96296
1.48148
-2.83333
-6.53704
-7.18519
-1.18519
3.64815
7.27778
4.42593
3.81481
-2.94444
1.51852
6.87037
10.7593
11.2593
6.14815
-1.51852
-6.90741
-6.55556
-3
-0.0555556
-0.537037
-1.75926
-3.09259
-2.61111
-1.88889
0.296296
2.2963
3.01852
1.09259
-3.44444
-7.33333
-8.05556
-2.55556
3.57407
7.74074
5.83333
3.66667
-1.7963
3.27778
8.68519
11.3889
10.0926
3.25926
-4.61111
-8.68519
-6.37037
-1.53704
1.59259
0.611111
-0.981481
-2.44444
-1.83333
-1.18519
0.759259
2.22222
2.74074
1.03704
-2.92593
-6.87037
-8.14815
-3.48148
3.24074
7.81481
6.27778
2.42593
-0.759259
4.77778
9.16667
10.4444
7.61111
0.981481
-5.62963
-7.98148
-5.05556
-0.481481
1.98148
0.925926
-0.388889
-1.31481
-0.481481
-0.111111
0.703704
1.11111
1.44444
1
-1.62963
-5.33333
-7.83333
-4.57407
2.03704
7.44444
6.44444
1.68519
-0.166667
5.75926
9.35185
9.37037
5.42593
-0.037037
-4.44444
-5.16667
-3.38889
-1.35185
-0.796296
-1.09259
-0.203704
1.03704
2.07407
1.2963
0.185185
-0.555556
-0.481481
0.259259
-0.481481
-2.88889
-6.09259
-4.88889
0.333333
6.35185
6.31481
1.59259
1.31481
6.68519
8.22222
6.48148
3.18519
0.5
-1.7963
-2.92593
-3.35185
-2.96296
-2.96296
-2.14815
0.185185
3.16667
3.83333
1.68519
-0.851852
-1.42593
-0.851852
-0.296296
-0.537037
-1.83333
-3.83333
-3.7963
-0.111111
5.07407
5.74074
1.12963
2.7963
7.18519
6.62963
3.55556
0.666667
-0.12963
-1.53704
-2.68519
-3.53704
-2.53704
-2.12963
-1.40741
0.574074
3.85185
4.33333
1.74074
-0.666667
-0.648148
0
-1.59259
-2.5
-2.92593
-2.16667
-1.75926
1.2037
5.2037
5.92593
0.87037
4.5
7.77778
4.87037
0.259259
-2.66667
-1.85185
-1.83333
-1.64815
-1.7037
-0.12963
-0.388889
-1.11111
0.037037
3.59259
4.33333
1.2963
-0.925926
-0.0740741
0.907407
-2.03704
-4
-3.48148
-1.01852
0.037037
2
5.25926
6.01852
0.555556
5.92593
7.94444
2.83333
-3.51852
-6.14815
-3.37037
-1.03704
0.814815
1.2037
1.98148
-0.0740741
-2.22222
-0.962963
3.55556
4.5
0.425926
-1.7963
0.148148
2.35185
-1.5
-4.40741
-3.42593
0.518519
1.46296
1.72222
3.7037
5.38889
0.648148
7.64815
8.31481
0.740741
-7.18519
-9.59259
-4.72222
0.481481
4.16667
5.09259
4
-0.037037
-4.03704
-2.48148
2.85185
3.96296
-0.722222
-3.12963
-0.0740741
2.74074
-1.53704
-4.66667
-2
3.59259
3.90741
1.09259
1.31481
3.7963
0.925926
10.5185
8.98148
-1.42593
-11.463
-12.9444
-5.55556
2.87037
7.68519
8.46296
5.46296
-0.0925926
-5.64815
-4.16667
1.57407
3.35185
-1.66667
-4.09259
-0.62963
2.96296
-1.66667
-5.16667
-1.2037
5.94444
6.5
0.981481
-0.407407
2.61111
1.59259
13.5741
9.44444
-4.66667
-16.1111
-15.7407
-4.7963
5.85185
10.6296
9.92593
5.81481
-0.481481
-6.38889
-4.98148
1.2037
3.25926
-2.25926
-4.94444
-1.05556
2.87037
-2.35185
-6.5
-1.2963
7.27778
8.46296
1
-1.01852
2.37037
3.46296
16.3519
10.3519
-6.59259
-18.9074
-17.0741
-3.51852
8.01852
11.7778
9.40741
5.07407
-0.240741
-5.85185
-5.35185
-0.0925926
2.18519
-2.55556
-4.72222
-0.462963
3.14815
-2.74074
-8
-2.03704
7.74074
10
1.46296
-1.64815
1.74074
4.25926
18.2037
11.1852
-7.35185
-19.8704
-17.1481
-2.92593
8.37037
11.1296
8.88889
5.25926
0.833333
-5.68519
-6.18519
-1.38889
2
-2.11111
-4
-0.185185
3.44444
-2.83333
-8.33333
-2.57407
7.62963
9.75926
0.925926
-2.81481
1.51852
5.2037
18.9444
11.7963
-7.27778
-19.6296
-17.6111
-4.09259
7.64815
11.8519
10.3148
5.66667
0
-6.7037
-6.74074
-1.61111
2.66667
-0.685185
-2.64815
-0.592593
2.44444
-2.66667
-6.72222
-1.59259
6.48148
7.53704
-1.18519
-3.90741
1.2037
6.07407
19.5556
12.7037
-6.12963
-18.4815
-17.7222
-6.05556
5.7963
11.3519
11.2407
6.24074
-0.0740741
-6.66667
-6.40741
-1.40741
3.05556
0.37037
-1.7963
-0.666667
1.77778
-1.48148
-4.7963
-0.555556
4.5
4.2963
-4.18519
-5.5
0.814815
7.07407
19.2593
13.1111
-4.27778
-15.8704
-16.3704
-7.07407
3.22222
8.87037
9.66667
5.48148
0.259259
-5.25926
-4.64815
-0.537037
3.53704
1.12963
-0.87037
-0.481481
1.77778
-0.666667
-3.62963
-0.777778
2.38889
1.64815
-6.18519
-6.57407
0.37037
7.96296
17.9074
13.0741
-2.44444
-12.6852
-14.4259
-7.42593
0.833333
5.83333
6.94444
4.12963
0.888889
-3
-2.75926
0.166667
3.77778
2.68519
0.796296
0.12963
0.759259
-1.07407
-3.38889
-1.18519
0.203704
-0.722222
-6.90741
-5.7037
1.01852
8.37037
15.7407
11.9444
-1.46296
-10.2963
-12.2963
-6.62963
-0.148148
3.83333
4.48148
2.94444
0.925926
-1.53704
-1.74074
0.648148
4.07407
3.77778
1.92593
0.333333
0.425926
-0.907407
-2.85185
-1.96296
-1.74074
-2.55556
-7.07407
-5.09259
1.44444
8.31481
12.6667
10.4815
-0.685185
-8.09259
-10.5926
-5.57407
-0.185185
3.33333
2.94444
1.5
-0.148148
-1.18519
-0.888889
1.42593
4.35185
4.38889
2.48148
0.259259
-0.592593
-1.33333
-2.27778
-1.72222
-2.87037
-4.18519
-7.05556
-3.55556
2.68519
8.35185
9.27778
8.53704
0.240741
-5.44444
-8.5
-5.22222
-0.814815
2.46296
2.31481
0.592593
-0.833333
-1.25926
-0.592593
1.64815
4.33333
5.2037
3.27778
0.314815
-1.83333
-2.24074
-2.2037
-1.51852
-2.81481
-4.37037
-5.83333
-2.59259
3.24074
7.22222
6.16667
6.40741
0.62963
-3.24074
-6.25926
-4.7037
-1.81481
1.12963
1.7037
0.648148
-0.925926
-1.25926
-0.222222
2.16667
4.11111
4.2963
2.7037
0.333333
-1.42593
-2.18519
-1.98148
-1.57407
-2.55556
-3.83333
-4.38889
-1.03704
3.66667
6.46296
3.77778
4.25926
0.611111
-1.90741
-4.46296
-4.18519
-2.66667
-0.296296
0.740741
0.925926
0.555556
1
1.35185
1.64815
1.46296
1.07407
0.592593
0.240741
0.185185
0.0555556
-0.592593
-1.61111
-2.90741
-3.14815
-2.59259
0.444444
3.62963
5.35185
2.2037
2.64815
0.185185
-1.75926
-3.53704
-3.12963
-2.2037
-0.833333
-0.166667
1.33333
2.64815
3.62963
2.44444
0.444444
-1.72222
-2.46296
-2.33333
-0.222222
1.51852
2.57407
0.87037
-0.703704
-2.09259
-2
-1.75926
0.111111
2.81481
4.33333
0.962963
0.777778
-1.14815
-2.59259
-2.66667
-1.11111
0.296296
0.333333
-0.277778
0.685185
2.72222
4.14815
2.53704
-0.296296
-3.31481
-4.35185
-4.12963
-1.09259
1.98148
3.57407
1.83333
0
-1
-0.851852
-1.2963
-0.444444
1.77778
3.59259
0.185185
-0.296296
-2.22222
-3.68519
-2.88889
-0.240741
2.62963
2.72222
1.37037
0.981481
2.40741
3.74074
1.7963
-1.44444
-5.07407
-5.7963
-5.12963
-1.2963
1.85185
3.46296
1.96296
1.01852
0.703704
0.666667
-0.777778
-0.814815
0.944444
3
-2.22222
-2
-2.11111
-2.77778
-2.33333
-1.44444
0.888889
5.05556
8.5
9.27778
4.5
-1.27778
-5.33333
-5.16667
-3.16667
-1.05556
-0.388889
-1.27778
-2.94444
-4
-3.33333
-2
0.388889
2.94444
4.05556
2.11111
-1.33333
-2.61111
-2.27778
-2.5
-2
-2.11111
-0.555556
-0.277778
-0.555556
-1.66667
-0.722222
1.16667
5.88889
10.4444
11.6667
7.16667
-2.05556
-9.72222
-10.8889
-7.44444
-2.5
-0.833333
-0.611111
-1.38889
-1.27778
-0.444444
0.444444
0.166667
-0.722222
0
0.944444
-0.277778
-2.05556
-3.05556
1.11111
0.833333
1.88889
-1.55556
0.444444
1.11111
1.27778
0.611111
1.61111
4
8.27778
10.4444
7.5
0.111111
-8.94444
-13.6111
-10.9444
-5.72222
-0.5
-0.555556
-0.833333
-1.55556
0.388889
2.72222
4.27778
2.55556
-0.944444
-1.83333
-0.944444
-1.05556
-1.77778
-2.94444
2.61111
3.33333
5.72222
1.38889
1.66667
0.5
-0.666667
-0.611111
0.0555556
2.66667
4.66667
5.55556
2.33333
-2.72222
-7.88889
-9.44444
-5.83333
-1.55556
2.11111
0.944444
0.277778
-0.444444
1.22222
2.55556
2.38889
0.888889
-1.61111
-0.388889
0.777778
0.722222
-1
-2.27778
1.77778
2.33333
3.77778
1.22222
1.77778
0.611111
-1.55556
-3.38889
-4.11111
-2.44444
-0.833333
0.666667
0.833333
1.16667
1.22222
1.72222
1.77778
1.22222
1.11111
0.388889
0.777778
0.555556
0.222222
-0.777778
-2.44444
-2.27778
-1.5
1.77778
3.55556
2.33333
-0.555556
-3.27778
-1.16667
0.166667
2
1.27778
0.777778
-0.833333
-3.27778
-4.38889
-4.66667
-4.61111
-5.11111
-3.27778
2.11111
8.11111
11.5
10.1667
4.72222
-0.0555556
-2.44444
-0.722222
1.16667
2.88889
1.72222
-1.05556
-4.88889
-5.16667
-2.88889
0.222222
1.94444
0.833333
-0.666667
-3
-2.77778
-2.22222
-1.27778
-1.16667
-1.11111
-2.16667
-1.94444
-0.944444
-0.444444
-2.83333
-3.66667
-1.88889
5.11111
9.83333
10.2222
5.66667
-1.55556
-5.88889
-7.61111
-4.33333
-0.722222
3.11111
4.44444
4.05556
2.72222
1.66667
0.611111
-1.44444
-1.61111
-1.83333
-1.11111
-2.88889
-2.66667
-1.94444
-0.388889
-0.444444
-3
-4.77778
-2.77778
1.77778
3.5
1.72222
0.444444
1.55556
4.27778
3.55556
-0.444444
-5.72222
-9.16667
-8.94444
-7.33333
-3.83333
-0.666667
3
5.83333
7.27778
8.55556
8.05556
6.11111
1.55556
-0.944444
-1.55556
-0.444444
-0.611111
-0.5
-0.166667
-0.333333
-1.38889
-3.66667
-5.55556
-3.33333
1.11111
3.88889
5
5.94444
5.27778
0.666667
-6.22222
-12.6111
-14.1667
-11.8889
-7.61111
-4.16667
-2
-0.166667
1.33333
3.77778
6.05556
9.5
10.8889
10.4444
7.88889
5.88889
4.22222
2.88889
1.83333
2.66667
3.27778
1.72222
-2.27778
-3.77778
-4.27778
-3.33333
-0.722222
2.66667
7.27778
8.55556
4.05556
-6.94444
-15.6667
-17.7222
-12.5
-5.38889
-0.611111
1.5
2.11111
1.72222
1.77778
1.94444
2.66667
3
3.5
5.72222
8.5
10.5
9.44444
6.83333
4.66667
4.38889
4.83333
2.16667
-3.66667
-2.22222
-0.611111
-0.222222
0.5
4.16667
8.88889
6.72222
-2.83333
-14.4444
-16.9444
-10.1667
-0.111111
4.66667
3.27778
-0.111111
-0.944444
0.111111
2.5
3.61111
3.27778
-0.388889
-4.66667
-5.33333
-0.111111
7.38889
11.8333
10.1111
6.88889
4.55556
4.94444
2.77778
-3.22222
1
3.27778
4.22222
5.11111
7
7.44444
-0.388889
-10.5
-15.6667
-9.72222
1.05556
8.38889
8.38889
3.33333
-2.66667
-4.33333
-1.83333
3.33333
4.44444
2.77778
-1.88889
-6.72222
-10.5556
-9.38889
-1.66667
7.05556
9.44444
6.38889
2.16667
2.38889
3.16667
1.61111
5.83333
5.72222
6.33333
7.61111
7.72222
3.83333
-6.55556
-12.8889
-10.7222
0.833333
9.05556
10.1667
6.5
1.88889
-2.88889
-5.22222
-2.72222
1.61111
0.611111
-2.88889
-3.33333
-3.44444
-6.83333
-12.4444
-9.77778
-0.888889
5.88889
5.77778
2.5
2
4.22222
5.88889
8.66667
5.94444
6.66667
8.27778
6.88889
-0.888889
-10.0556
-11.5
-4.38889
5.05556
5.66667
1.83333
1.22222
4.38889
4.66667
1.44444
0
-0.611111
-6
-11.1111
-6.61111
1.5
2.83333
-6.77778
-12.1111
-8.44444
0.222222
2.83333
2.77778
1.83333
5.77778
8.33333
8.44444
4.66667
5.22222
6.83333
5.33333
-2.55556
-8.66667
-8.55556
-3.11111
1.22222
0.0555556
-1.11111
2.44444
7.61111
8.61111
5.05556
1.88889
-1.72222
-7.5
-12.7222
-7.5
1.27778
5.83333
-2
-10.3889
-10.3333
-2.77778
1.38889
1.61111
-0.222222
3.66667
5.66667
1.61111
-0.111111
2.72222
6.27778
5.5
-2
-6.5
-7.5
-4
-3.44444
-1.61111
1.22222
6.5
8.05556
6.55556
2.83333
1.16667
-1.22222
-3.94444
-7
-4.88889
0.277778
2.11111
-1.11111
-6.88889
-4.77778
-0.5
0.388889
-3.44444
-6.27778
-1.94444
1.38889
-7.38889
-7
-1.55556
4.33333
5.33333
0.5
-2.44444
-4.44444
-3.5
-5
-0.166667
3.94444
7.72222
4.44444
2
-0.5
-0.611111
-1.38889
-0.555556
-1.55556
-2
-1.44444
-0.722222
-1
-3.38889
0.222222
2.66667
1.55556
-6.77778
-10.7778
-7.5
-1.44444
-15.7222
-13.3889
-6
2.38889
5.16667
3.05556
0.888889
-1.22222
-2.05556
-3.94444
-0.722222
1.33333
2.88889
0.944444
1.44444
0.5
-0.222222
-1.27778
0.555556
1.72222
0.277778
-0.666667
-1.94444
-0.277778
-0.333333
3
1.94444
0.833333
-6.22222
-7.72222
-7.27778
-1.27778
-16.1667
-14.4444
-7.88889
-0.388889
4.05556
5.44444
4.55556
2.5
-0.444444
-2.27778
-2.72222
-3.72222
-4.94444
-2
3.38889
5
0.888889
-2.16667
0.611111
3.72222
1.66667
-0.722222
-0.222222
3.38889
2.77778
0.611111
-3.11111
-1.77778
-3
-2.33333
-4.05556
-1.22222
-9.66667
-8.55556
-6.5
-2
1.22222
5.61111
5.33333
4.16667
0.5
0.666667
-0.777778
-2.83333
-6.94444
-4.72222
-0.944444
0.944444
-1.33333
-1.16667
4.38889
9.38889
5.72222
-0.888889
-3.94444
1.38889
5.16667
2.27778
-4.22222
-4.94444
-2.11111
0.388889
-2.11111
-2.16667
-1.27778
-0.555556
-3.22222
-3.88889
-3.66667
2.55556
5.27778
6.05556
2.61111
2.33333
2.33333
0.888889
-4.55556
-7.33333
-7.5
-5.72222
-5.72222
-2.88889
5
11.6667
8.22222
-1.16667
-4.5
2.33333
9.5
5.83333
-1.5
-6.22222
-3.44444
-3.05556
-3.88889
-4.61111
4.22222
5.94444
-0.388889
-5.05556
-8.55556
-1.94444
4.16667
7.27778
4
0.333333
-0.0555556
0.777778
-1.44444
-6.94444
-11.1667
-10.1667
-6.11111
-1.77778
3.61111
8
6.83333
0.111111
-1.27778
5.11111
13.3889
9.22222
1.27778
-6.44444
-5.44444
-5.27778
-4.61111
-3.61111
5.77778
8.38889
2.38889
-5.55556
-10.5556
-6
3.11111
8.27778
5.44444
-2.11111
-6.5
-5.44444
-4.88889
-6.5
-7.11111
-3.27778
-0.222222
-0.944444
-2.05556
-0.277778
2.16667
3.22222
7.22222
12
13.2222
5.44444
-1.77778
-5.94444
-4.5
-4.22222
-3.16667
-1.5
6.27778
8.94444
3.94444
-5
-9.61111
-7.05556
1.83333
7.88889
7.55556
-0.388889
-9.33333
-12.1667
-10.4444
-5.94444
-1.22222
4.22222
5.55556
2.22222
-3.22222
-3.66667
-0.111111
6.33333
11.1111
11.1111
5.33333
-2.94444
-6.11111
-4.88889
-1.61111
-0.277778
0.333333
1.5
5.88889
8.55556
5.83333
-2.66667
-6.88889
-8.22222
-2.83333
3.38889
8
6.11111
-1.88889
-8.05556
-9.72222
-5.61111
-0.222222
4.44444
4.66667
2.11111
-1.88889
-2.05556
0.833333
5.94444
7.11111
2.55556
-5
-8.44444
-5.83333
-1.16667
1.16667
1.16667
1.16667
1.27778
4.66667
6.44444
4.77778
-0.833333
-4.16667
-6.83333
-6.05556
-2.61111
4.16667
8.33333
6.88889
1.77778
-1.44444
-1.11111
0.333333
1.27778
0.5
0.277778
-0.944444
-0.388889
0.333333
1.27778
-1.66667
-7.16667
-10.7222
-8.94444
-3.55556
1.05556
2.77778
3.33333
2.38889
1
1.88889
2.83333
3.38889
0.777778
-1.38889
-5
-7.16667
-6.88889
-1.88889
4.61111
9.11111
9.44444
7.66667
4.77778
1.72222
-0.611111
-1.83333
-1.88889
-2.22222
-2.44444
-3.22222
-5.05556
-8.83333
-12.0556
-11.1667
-6.11111
-0.0555556
3.83333
5.05556
5
2.94444
-0.333333
-0.111111
-0.722222
0.444444
0.444444
0.5
-0.555556
-2.33333
-4.44444
-4.61111
-1.66667
3.16667
6.55556
7.61111
6.88889
5.11111
3
0.333333
-2.05556
-4.33333
-5.5
-7.05556
-8.66667
-10.9444
-10.8889
-8.38889
-4.72222
-1.11111
3.77778
8.38889
10.6111
6.27778
0.888889
-0.833333
-1.44444
0.0555556
0.722222
1.44444
1.38889
1.16667
-0.388889
-2.66667
-3.83333
-2.55556
-0.277778
2.11111
3.72222
4.94444
4.33333
2.55556
-0.5
-3.33333
-6.44444
-9.33333
-10.8889
-10.3333
-7.5
-3.83333
-0.944444
2.55556
6.66667
10.6667
10.1111
5.38889
0.444444
0.111111
-0.5
-0.333333
0.222222
1.05556
1.38889
1.16667
0.111111
-1.44444
-2.11111
-2.83333
-2.94444
-2.55556
0.333333
4.27778
5.72222
4.55556
0.833333
-3.38889
-8.61111
-12.3333
-11.7222
-6.94444
-0.277778
4.61111
6.83333
7.11111
6.94444
6.55556
4.33333
1.33333
0.166667
1.16667
1.11111
0.444444
-0.0555556
-0.277778
-1.38889
-2.44444
-3.66667
-2.77778
-1.27778
0.333333
-0.277778
-0.666667
0.444444
4.27778
6
5
1.72222
-2.61111
-8.38889
-12.5
-10.3889
-1.88889
6.88889
11.7222
12.1667
10.1667
4.66667
-1.27778
-6.77778
-5.83333
-2.5
1.66667
1.38889
0.111111
-1.05556
-1.66667
-3.27778
-4.77778
-6.72222
-5.5
-2.33333
1.83333
3.55556
3.38889
3.72222
5.33333
6.66667
4.61111
1.55556
-3.05556
-6.11111
-6.83333
-2.33333
4.05556
9.05556
10.2778
9.83333
6.22222
-0.555556
-8.05556
-12
-8.66667
-3.11111
-2.1
-1.02
0.88
4.26
7.74
8.5
7.42
4.16
-1.42
-5.9
-7.48
-7.6
-5.78
-3.46
-1.58
-0.6
-0.38
-0.98
-1.12
-0.24
-0.12
-1.28
-0.08
0.26
-1.78
-2.56
0.9
-0.54
-1.08
-0.9
0.1
2.8
5.3
6.26
5.94
3.54
-0.76
-4.46
-6.18
-6.54
-4.86
-2.8
-0.74
0.72
1.3
0.84
0.26
0.5
0.14
-1.52
-1
-0.38
-1.64
-2.32
0.94
0.14
-2.28
-2.98
-2.16
0.46
2.92
5
6.24
4.88
1.5
-1.46
-4.02
-5.6
-4.42
-2.76
-0.92
1.08
2.26
2
1.74
1.96
1.72
0.14
-0.12
-0.36
-1.6
-2.72
-0.2
-0.06
-3.42
-4.14
-3.02
-0.76
1.1
3.4
5.4
4.62
2.18
0.02
-2.88
-5.06
-4.4
-2.14
-0.2
2.28
4.08
4.18
3.24
3.12
3.06
1.52
0.88
0.52
-0.56
-2.48
-1.28
-1.26
-2.88
-2.72
-1.28
0.5
1.54
2.42
2.98
1.6
-0.98
-3.3
-5.76
-7.18
-6.38
-3.4
-0.42
3.02
5.98
7.38
7.1
6.92
6.78
4.64
3.22
2.72
1.88
-0.22
0.2
-0.38
-3.06
-1.72
0.34
2.3
2.3
1.3
-0.52
-3.48
-6.46
-8.02
-9.02
-8.8
-6.68
-3
0.58
4.18
7.38
9.22
9.46
9.26
9.4
7.96
6.36
5.74
4.96
2.7
1.8
0.52
-1.56
0.74
3.1
4.16
2.44
-0.48
-4.4
-7.96
-10.24
-10.54
-10.54
-9.34
-7.08
-3.5
0.18
4.26
7.7
9.54
9.8
9.7
9.94
9.48
9.18
9.44
8.88
6.6
4.7
2.26
1.3
3.94
5.76
5.46
2.02
-2.88
-8.48
-11.5
-12.28
-11.48
-9.7
-6.68
-4.7
-2.2
0.56
3.74
5.9
6.7
6.38
6.56
7
7.24
8.86
10.94
11.56
10.18
8.22
4.84
5.36
7.06
7.46
5.76
0.68
-5.84
-11.62
-13.18
-12.18
-9.66
-6.36
-2.54
-1.02
-0.72
0.56
2.56
3.06
2.3
1.9
1.64
1.8
2.68
5.68
9.14
11.48
11.82
10.84
8.02
9.62
9.78
7.8
3.64
-3.3
-9.7
-13.84
-12.64
-8.58
-4.04
-0.82
2.66
3.08
0.92
0.38
1.86
0.82
-1.7
-2.74
-3.38
-4.2
-3.18
0.48
4.62
7.98
9.68
9.7
8.54
12.44
11.04
6.84
0.94
-5.58
-10.62
-12.16
-7.84
-1.86
2.4
4.62
6.66
5.02
0.5
-1.58
-1
-2.84
-6.16
-7.06
-7.16
-8.06
-7.9
-4.2
0.16
3.86
6.3
7.62
7.54
12.28
10.24
5.24
-0.76
-6.08
-10.48
-10.28
-5.24
0.76
4.96
7.82
9.44
8.1
2.56
-1.4
-2.9
-6.02
-9.96
-10.16
-9.42
-9.56
-9.78
-7.26
-3.86
-0.3
2.18
4.32
5.5
9.48
8.56
4.3
-1.36
-6.02
-10
-9.44
-5.42
0.44
5.52
8.82
9.92
9.6
4.42
-0.36
-3.04
-6.1
-9.42
-9.34
-9.06
-8.86
-8.98
-8.62
-6.74
-3.66
-1.64
-0.04
2.04
4.22
5.84
3.38
-1.38
-4.78
-8.08
-7.88
-5.04
0.2
4.74
7.82
8.4
8.34
4.56
0.3
-2.34
-4.22
-6.42
-6.74
-6.06
-6.04
-6.36
-7.32
-6.52
-5.44
-4.64
-4.38
-2.3
-2.3
1.86
2.26
0.24
-1.08
-3.68
-4.18
-3.5
-0.6
2.78
5.5
5.02
5.66
4.14
0.52
-2.58
-2.9
-3.76
-4.68
-3.86
-2.72
-2.64
-4.3
-4.08
-4.52
-5.42
-6.7
-5.7
-8.08
-1.56
1.28
1.82
1.9
0.06
-1.84
-3.2
-2.04
0.16
1.94
1.16
2.54
2.86
0.76
-0.96
0.3
0.34
-1.08
-0.8
-0.3
0
-1.48
-1.66
-3.26
-5.12
-7.52
-7.2
-10.7
-3.56
0.52
2.44
3.46
3.02
0.18
-2.1
-2.18
-1.74
-1.82
-2.86
-2.42
-0.62
-0.3
-0.46
2.32
4.18
2.92
2.58
2.92
3.32
1.92
0.64
-2.18
-4.86
-7.9
-8.2
-10.04
-4.22
-0.56
2.62
4.5
5.22
2.28
-0.32
-2.56
-4.3
-5.78
-6.9
-7.16
-3.92
-1.34
-0.06
3.32
6.34
5.66
5.62
5.94
6.42
5.6
3.34
-1.12
-4.66
-7.56
-8.48
-7.72
-4.76
-1.98
2.04
4.86
7
4.82
1.4
-3
-6.6
-9.36
-10.72
-10.64
-6.54
-2.54
-0.44
3.1
7.32
7.9
7.64
8.72
9.28
8
4.54
-0.22
-4.68
-7.18
-8.72
-4.4
-4.56
-3.58
-0.16
3.04
6.4
5.4
2.32
-2.82
-8.06
-11.58
-12.54
-12.82
-8.96
-3.54
-0.3
2.8
7.5
9.92
9.78
10.32
10.54
9.14
4.28
-0.6
-4.56
-6.32
-7.48
-0.6
-4.08
-4.68
-2.48
-0.12
3.5
4.46
1.86
-3.7
-8.2
-10.92
-11.54
-11.48
-7.34
-2.84
-1.04
0.58
5.22
8.42
8.94
10.4
11.2
8.92
3.2
-1.12
-4.4
-5.8
-6.36
1.66
-3.66
-5.32
-3.86
-1.94
1.22
3.66
1.94
-3.2
-6.7
-8.18
-8.22
-7.16
-3.38
-0.58
0
0
2.84
5.08
5.56
6.38
6.62
3.88
-0.58
-3.06
-4.48
-4.44
-3.72
2.86
-3.1
-5.22
-5.16
-3.5
-0.22
3.54
3.44
0.24
-2.7
-4.1
-4.64
-4.24
-1.9
-0.38
-0.2
-0.54
0.84
1.68
1.08
0.26
-0.9
-3.24
-5.3
-4.64
-3.28
-1.32
0.16
3.14
-2.08
-4.44
-5.48
-4.74
-2.12
1.8
3.34
2.58
1.28
0.66
0.28
-0.28
0.26
-0.04
-0.98
-2.52
-3.08
-3.76
-4.88
-6.66
-7.86
-8.54
-7.7
-4.4
-0.32
2.96
5.14
2.78
-1.28
-3.38
-4.9
-5.18
-3.96
-0.42
2
3.2
4.24
5.1
5.1
4.66
3.98
1.4
-1.94
-5.3
-8.32
-11.02
-12.38
-13
-12.54
-10.84
-6.78
-1.4
3.48
6.74
8.28
1.9
-0.5
-2.24
-3.8
-4.16
-3.94
-1.88
0.72
3.2
5.12
6.8
7.68
7.56
6.14
2.42
-2
-6.66
-11.66
-15.76
-16.58
-16.16
-14.32
-10.08
-3.76
1.92
6.42
9.46
10.04
1.5
0.06
-1.42
-3.26
-4.1
-4.38
-3.12
-1.06
2.04
4.64
6.64
7.62
7.82
6.34
2.46
-2.36
-7.2
-12.4
-16.42
-16.62
-14.42
-10.78
-5.04
1.28
5.96
8.4
9.34
8.06
0.76
-0.28
-1.68
-3.24
-4.46
-5.34
-4.56
-3.16
-0.24
3.36
6.04
7.68
9.1
7.96
3.56
-1.74
-6.98
-12.34
-15.48
-14.12
-9.94
-4.76
1.06
6.04
8.24
7.98
6.42
4.48