-6.125
-5
-4
-3.375
-3.25
-5.25
-5.25
-3.125
0.75
5.625
9.25
9.125
5.625
0.875
-5.5
-9.625
-11
-11.375
-11.125
-11.75
-12.5
-11.875
-8.5
-6.25
-4
-1.5
-0.125
3.75
6.875
7.875
7
5.125
3.5
2.5
-1.75
-1.125
-0.375
0.125
0
-2.125
-2.875
-1.875
0.625
4.625
6.25
6.125
4.375
1.375
-1.875
-5.875
-9.75
-13
-15.125
-16
-15.375
-13.125
-8.875
-5.75
-2.75
-0.25
0.875
2.75
3.25
2.875
2.25
1.5
1.25
0.625
0.5
-0.5
-0.75
-0.75
-0.75
-1.875
-2.25
-0.875
2
5.625
6.625
7.25
7.5
7.625
8.625
5.875
0.75
-4.25
-9.75
-12.5
-12.75
-11.25
-7.75
-4.875
-2.75
-2.125
-3.375
-4.125
-4.5
-3.875
-1.625
0.125
1.625
1.875
1
-1.125
-2.375
-2.5
-1.875
-2.125
-1.625
-0.25
2.25
5.375
6.375
7
7.875
9.5
12.375
12.875
10.75
7
1.375
-3
-5
-4.375
-1.75
0.5
1
0.125
-1.25
-2.25
-2.5
-2.25
-1.125
0.375
2.375
3.5
0.25
-1
-2
-2.25
-1.375
-1.25
-1.25
-0.75
0.875
3.25
4.625
4.5
4
4.625
6.875
10.375
12.625
12
8.25
3.875
1.25
1.5
3.75
5.25
4.75
3.5
3.625
3.5
3
1.75
-0.375
-0.5
0.5
1.625
-0.125
0.125
-0.5
-1.25
-0.75
-0.625
-1.75
-2.5
-1.75
-0.125
1.875
2.375
1.25
0.125
-0.25
2.125
6
9.625
10.5
9.375
7.375
5.75
5.625
5.75
5.25
4.25
4.75
4.375
3.125
1.125
-1.75
-3
-3.5
-3.375
0.875
1.375
0.5
-0.5
-0.5
-0.375
-1.75
-3.625
-4.625
-3.875
-1.875
0.375
1
-1.125
-4.125
-5.375
-3.125
2.875
9.875
14
14.5
11.75
8.25
6.75
6.5
6.375
6.625
5.5
3
0.125
-2.75
-5.375
-7
-7.625
1.5
1.625
0.75
-0.125
-0.75
-0.375
-1.75
-4.125
-6.25
-6.625
-5
-2.625
-1.375
-2.75
-4.25
-5.25
-4.25
-0.375
6.375
12.125
15.375
15
11.75
9.5
9.125
9.625
8.875
6.875
3.25
-0.625
-3.625
-6.625
-8.625
-9.375
2.875
2.5
1.25
-0.125
-1.5
-1.625
-3
-5.625
-8.375
-9.25
-8.25
-6.25
-4
-2.875
-1.125
0.375
0.75
0.375
2
5.25
8.875
11.875
12.375
11.375
10.875
10.5
8.25
5.375
1.75
-1.875
-4.25
-6.5
-8.125
-8.5
5.875
4.75
2.75
0.375
-1.75
-3.125
-4.625
-7.125
-10.5
-12.25
-12.5
-10.875
-7.75
-4.75
0.5
6.375
10.375
10.625
7.125
4.375
3.75
6.25
9.375
10.5
10
8.5
5.875
2.875
0
-2.5
-3.875
-4.5
-4.875
-4.25
7.5
6
4.125
1.75
-0.875
-2.875
-4.75
-7
-10.375
-14
-15.125
-15
-13.75
-10.125
-0.625
12.25
24.125
29.625
22.875
13.25
6
4.25
5.875
7.125
6.75
5.125
3.625
1.75
-0.375
-2.125
-3
-2.5
-1.75
-0.625
6.125
5.25
4.125
2.375
0.125
-1.75
-3.625
-5.875
-9
-12.5
-13.375
-13.75
-12.375
-6.5
4.875
19.25
31.75
37
30.375
19.875
10.75
5.5
4
3.25
2.25
0.75
-0.25
-0.375
-1.125
-2.125
-2.625
-3.125
-2.75
-2.125
3.875
4.25
4.125
3.375
2
0.625
-0.75
-2.375
-4.5
-6.75
-7.875
-7.875
-4.75
3.25
11.5
20.75
28.25
30
27.625
22
15.125
8.25
4.75
1.5
-1.125
-2.625
-3.875
-3.375
-3.125
-3.5
-4
-5.25
-5.375
-5.25
2
4
5.5
6.5
6.125
5.75
5.5
4.875
4
2.375
-0.375
-1.25
1.125
7.125
11.125
15.125
19.25
21.625
25
24.5
19.25
11.25
5.875
1.875
-0.5
-1.75
-3.125
-4.125
-4.75
-5.125
-5.75
-5.625
-4.625
-4
0.375
4.25
7.125
9
9.25
9.5
9.625
9.25
8.625
7.75
4.125
2.375
3.5
6
9.125
10
10.75
14.5
21.5
24.625
21.625
13.625
5.875
2.375
1.75
1.5
-0.125
-2.5
-3.75
-4
-4.125
-3
-1.375
-0.375
1.25
5.5
7.875
8.125
7.25
6.75
5.875
5.375
5
4.125
1.5
1.5
4.25
6.125
7
4.5
1.375
4.25
15.25
23.375
24.875
19
9.5
3.625
1.875
2.5
1.5
0.125
0.125
0.75
1
1.125
0.875
0.375
5
6.75
6.625
4.625
2.625
1.125
0
-0.125
0.5
-0.125
1.125
5.25
10
11.25
6
-1.875
-7.875
-5.75
6.25
18.75
25.625
24.5
16.625
8.125
2.625
1.25
1.375
1.875
2.875
3.75
4
3.125
1.625
0.375
9.625
8.625
6.5
3.5
1
-1.125
-1.75
-0.75
1.25
2.75
7.25
13.375
17.75
17
8.5
-2.125
-9.5
-9.5
-2.375
8.25
17.875
23.625
21.375
15.625
8.625
3.25
2.5
2.25
1.5
0.5
0.375
0.625
1
1.75
11.625
10.125
7.875
4.75
1.375
-0.75
-0.875
1
3.75
6.125
9.125
14
18.25
18
10.875
0.75
-9.125
-15
-13
-7
3
15.125
19.875
19.875
15.375
8.875
6
2.875
-0.75
-4
-5.25
-3.25
-0.625
2
7.125
5
2.625
0.5
-1.375
-1.375
-0.125
1.5
3
2.75
5.875
11.625
17.125
18.25
9.625
-4.5
-19.75
-30.375
-34.375
-29.25
-16.25
0.5
13.5
17.375
15.625
11.25
8.125
4.75
0.875
-2.875
-5.5
-4.25
-2
0.375
-2.875
-4.375
-4.875
-3.875
-2.125
-1
0.875
1.5
0.875
1.25
8.125
15.5
19.875
17.875
6.875
-9.75
-26.25
-38
-50.625
-49.75
-36.625
-17.125
4.5
13.625
14.75
11.625
8.25
7.125
5.375
2.375
-1
-2.5
-2.625
-1.5
-8.125
-6.375
-3.25
0.5
3.75
3.625
4.625
4.375
3.125
7.875
15.25
20.25
21.125
15.75
11
4.5
-2
-9
-24.625
-34.625
-33.375
-22
-2.125
12.5
17.875
14.75
8.375
6.625
6.25
5.5
3.625
1.125
-0.625
-1.25
-2.375
0.375
3.25
5.5
6.875
7.125
8
8
7.875
13.25
17.625
19.25
19
16.625
21.625
29
36
38.25
30.25
16.125
2.875
-4.75
-0.5
11
18.625
17.875
9.625
3.875
2.25
4
5.75
5.375
4.125
1.875
3.375
4.75
5
4.25
3.25
4.625
6
7
8.875
13.75
16.75
17.125
16.875
17.625
24.5
37
49.375
54.75
56
47.75
31.625
14
3.625
6.375
13.375
17.625
13
5.125
0.5
1.5
5.875
7.875
8
5.375
4.625
5.5
4.875
3.25
1.5
2
2.375
5.125
11.375
18.375
20.625
18.25
13.75
12.125
16.25
26.125
35.375
38
42.625
42.75
35.875
24.625
11.125
5.5
7.5
12.625
12.25
7.5
2.625
1.625
7.25
9.625
9.75
7.25
6
7.25
7.75
7.625
7.125
6.5
4.75
7.375
14.875
19.5
18.625
12.125
2
-2.75
-1.5
2
4.875
5.25
8
12.125
14.5
13
5
-3.875
-7
-4.875
-2.25
0.5
1.375
2.375
7.625
9.375
8.625
6.625
6
7.125
8.5
10.375
12.5
12.75
10.25
8.375
7
1.125
-4.875
-13.125
-23.25
-27.75
-30.75
-33.25
-35
-35.875
-35.5
-33
-30
-28.75
-31
-34.75
-35.25
-31.125
-21.75
-12.375
-4.375
1
3
4.5
3.75
2.75
4
4.125
4.375
6.125
9.25
9.75
7.625
1.375
-9.75
-23.25
-36.125
-47.25
-55.125
-59
-62.125
-64.375
-66
-66.375
-65.25
-62.875
-59.875
-57.25
-55.75
-53.875
-50.375
-42.5
-27.75
-16.625
-6.75
-1
-2.875
-2.5
-3
-2.875
1
-0.5
-1.75
-1.375
0.625
0.5
-0.25
-5.375
-15.375
-26.125
-40.125
-51.375
-56.5
-58.25
-57.375
-56
-55.25
-54.5
-52.5
-49.625
-45.5
-40.5
-36.375
-32.5
-28.875
-22.875
-12
-5.25
-0.75
-0.5
-6
-8.5
-8.75
-6.875
-0.75
-3.75
-6
-7.375
-7.375
-6.25
-4.25
-3.75
-5.5
-10
-17.125
-22.5
-23.25
-20.75
-18
-15.75
-14.5
-14
-13.125
-12.5
-10.75
-7.625
-4.625
-1.125
1.375
3.375
6.125
7.125
5.75
1.375
-5
-9.25
-9.25
-6.375
0.375
-2.375
-5.375
-8.875
-11.75
-10.875
-8.25
-5.125
-3.25
-5.5
-8.375
-9.75
-8.375
-4.875
-1.875
-0.125
0.375
0.5
0.375
-0.125
-0.625
-1.25
-1.5
-0.875
0.375
1.5
1.375
2.25
1.625
-0.25
-2
-4.25
-4
-2.5
1.5
0.625
-2.125
-6.5
-11.875
-16.125
-17.5
-17.125
-16.625
-17.375
-17.75
-15.625
-12
-8.375
-4.375
-2.125
-1
0.375
-0.25
-2.25
-5.875
-10.25
-12.25
-13.125
-11.625
-9.375
-9.25
-7.75
-6.625
-5
-2.125
-1.125
-0.5
-0.625
-0.375
1.125
1.125
-1
-5.5
-12.375
-17.25
-19.875
-21
-20.625
-18
-12.5
-6.125
-0.875
3.125
4.75
6
8.375
7.125
3.25
-3.125
-10.125
-12.625
-12.875
-11
-9
-9.5
-9.875
-9.75
-8.375
-5.125
-2.5
-1.625
-1.875
-4
-0.5
3.625
6.25
6.5
5
2
-1.375
-4.375
-6.625
-6
-2.875
2
7.875
10.75
10.75
9.625
8.875
7.5
5.125
1.375
-3.875
-7.125
-7.875
-7.5
-7.25
-7.75
-8.625
-9.125
-8.625
-7
-4.625
-3.5
-3
-16.375
-3.75
2
3.625
6.25
12.25
16.5
13.375
10
8.125
7.25
6.375
-0.625
-8.375
-11
-8.625
-3.25
0.375
4.375
6.5
-0.75
-11.125
-16.25
-10
1.75
4.25
4.625
12
20.625
21.875
12.75
1.875
-2.75
-2.25
-16.75
-3.375
3.625
4.375
5
9.875
15.875
17.625
16.625
12.375
8.25
5.375
-3.625
-12.875
-15.375
-12.375
-6.25
-1.25
3.375
5
-1.375
-9.125
-11.375
-6.25
1.5
4.5
6.875
14.25
22.75
23.125
12.75
1
-3.75
-2.625
-17.75
-4
4.25
5.25
4.75
7.625
14.5
21.125
22.25
15.625
8.125
4
-4.25
-13.875
-17.375
-15.375
-10.25
-4.75
0.75
3
-1.5
-6.5
-6.5
-2.625
1.5
4.375
8.125
15.125
23
23.125
13.375
1.875
-3.625
-3.125
-19.5
-5.625
4.375
6.5
5.125
5.875
13.125
23.75
26.75
18.375
7.875
2.5
-3.625
-12.25
-17.125
-16.875
-14
-9.75
-3.625
0.5
-1
-3.125
-2
0
1
3.375
8.75
16
22
21.5
13.875
3.875
-2.375
-3.25
-20.25
-8
3.25
7.75
6.375
5
11.5
25.25
31.625
22
7.125
0.5
-3
-9.875
-14.625
-15.375
-15.125
-13.25
-9.25
-4.875
-1.5
0.25
1
0.75
0
2
7.875
15.5
21.5
21.25
14.375
5.5
-0.5
-2.875
-21.125
-10.375
2.25
8.5
7.5
4.875
10
24.75
33.75
25.375
8.625
-0.375
-3.5
-9.125
-14.25
-14.625
-12.25
-10.375
-10.25
-9.125
-3.875
1.5
2.375
0.25
-1
1.25
8
15.875
19.875
18.375
12.5
5.5
0.75
-2.125
-20.875
-12.125
1.25
8.75
8
5.125
8.75
22.375
33.625
28.625
11.625
-0.625
-5.25
-10.125
-14.625
-13.625
-8.375
-5.125
-7.375
-10
-5.75
0.75
1.5
-1
-1.25
1.625
8.125
15
17
14.625
9.75
4.375
0.75
-1.875
-19.75
-13.375
-0.25
8.375
8.25
5.375
7.25
18.625
32
31.375
15.25
0.125
-7.125
-12
-15
-12.25
-5.25
-0.375
-2.125
-6.875
-6.125
-1.5
-0.75
-2.25
-0.875
2.375
7.125
12.125
13.5
11.375
7.125
2.375
-0.625
-2.125
-18.875
-14.75
-2.75
6.875
8.25
5.625
5.75
14.625
28.375
32.5
19.75
2.75
-6.25
-11.625
-15.875
-13.125
-4.25
2.625
2.75
-1.75
-4.375
-3.125
-2.625
-2.625
-0.375
2
4.75
8.625
10.25
8.375
4.75
0.5
-2.375
-2.25
-18.375
-16
-5.5
4.875
7.5
5.125
4.125
11.125
24.75
31.25
21.75
5.625
-5.25
-11.5
-11.5
-4.125
1.125
0.625
-1.125
-1.625
-1.5
-2
-3.375
-3
-0.25
1.25
2.125
4.875
7
5.75
2.875
0
-2.375
-2.25
-18
-17
-8.625
2.25
6.375
4.125
2.25
8
20.875
28.5
22.625
8.75
-3.5
-9.375
-2.625
10.25
9.125
-3.375
-10.625
-7.25
-1
0
-2.625
-3.375
-1
-0.125
-0.375
2.25
4.875
3.625
1.5
0.25
-1.75
-2.125
-17.875
-18
-11.125
-0.375
4.625
2.75
0.375
5.375
17.25
25.25
22.875
11.75
-0.625
-4.25
9.375
25.5
17
-7
-21.625
-17.375
-4
1.25
-2
-4.25
-2.75
-2
-2
1.375
4.375
2.125
0.125
0.625
-0.75
-1.625
-17.875
-17.75
-11.875
-2.125
2.5
1.125
-0.5
3.875
14.25
21.25
21.125
13.875
2.5
1.5
20.75
39.25
27.25
-5.75
-30.625
-29.25
-10.375
-0.75
-3.75
-6.5
-4.875
-3.125
-2.375
1.125
3.625
0.75
-0.75
1
0.375
-1
-16
-15.5
-11.5
-3.25
1.625
0.75
-1
2.375
11.75
19.125
19.625
13
5.125
10.125
30.875
44.875
30.5
-2.125
-30.75
-36.5
-20.25
-7.25
-5.875
-7.375
-7
-5
-2.875
0.875
2.75
-0.125
-0.75
1.375
1.125
0.25
-12.375
-12.5
-10.375
-3.5
1
0.25
-1.375
1.5
10.375
17.75
17.125
10.875
9
19.25
36.125
43
30.25
4.25
-23.5
-37.125
-29.875
-17.625
-10.375
-7.625
-8.25
-7
-3.625
0.25
2
0
-0.375
1
1.375
1.625
-7.5
-9.5
-9.875
-4.125
0
-0.5
-1.375
1.375
9.75
16.375
13.75
9.5
15.25
26.625
33.5
34.75
30.375
14.25
-11
-30.875
-36.125
-30.5
-18.75
-8.875
-8.125
-8.25
-4.75
-0.625
1.625
1
0.25
0.125
1.125
2.375
-4.25
-8.25
-10.125
-5.125
-1.125
-1.125
-1.5
1.375
10
16.375
13.625
12.25
20.75
27.5
26
25.625
28.125
22.25
3.5
-20.5
-37.375
-39.5
-27.625
-13.375
-9.125
-9
-5.875
-1.125
2.125
1.75
0.25
-0.375
1.125
2.875
-2.125
-8.375
-11.75
-7.75
-4.25
-2.875
-1.25
2.75
11.75
17.25
14.25
16.625
28
27.75
14.25
12.875
26
28.5
14.375
-8.25
-31.625
-42.125
-35.125
-20.625
-12.125
-10
-7.25
-2.25
1.75
1.5
-0.125
0.125
2
2.75
-2.125
-10.125
-14.375
-10.75
-7.375
-4.5
-0.125
5.25
13.75
17.625
15.875
24.25
36.5
25.5
-1.125
-2.75
21.375
31
20.5
3.25
-19
-35.375
-38.125
-29.125
-17.125
-11.125
-8.5
-4.375
-0.5
0
-0.5
1.5
4.125
3.5
-4.375
-13.75
-17.125
-12
-8.375
-5.125
1.375
8.25
15.25
16.5
19.625
36.875
44.375
17.75
-18.875
-19
11.75
27.125
21.125
12
0
-17.25
-33.5
-36.625
-24.375
-12.5
-8.625
-7.25
-5.125
-2.875
-0.75
3.25
6.75
5.375
-5.625
-13.625
-16.625
-12.125
-8.875
-5.75
2.125
10.75
16.125
17
26.125
47
47.125
9.125
-32.125
-31.25
-0.75
15.5
14.375
15
17.125
7.625
-16.25
-36.625
-33.25
-16.625
-8.25
-9.375
-10.375
-6.625
-1.5
4
8.125
7.25
-6.625
-12.875
-14.5
-10.5
-8
-5.375
3.125
12.125
15.125
17.375
34.75
57.25
46.375
-0.5
-38.5
-34.75
-11
3.5
6.625
11.125
23.875
26
3.625
-28.5
-39.375
-24.5
-10.625
-9.875
-12.5
-9
-2.375
3.625
7.625
7.25
-6.625
-10.875
-12
-9.25
-7.125
-4.125
4.5
12.5
13.625
20.25
45.625
64
40.75
-8.125
-36.125
-29.25
-15.5
-5.5
-1
2.125
19.125
32.25
19.5
-14.75
-39.625
-33.625
-17.375
-10.875
-11.5
-9.75
-3.25
3.625
6.625
5.125
-5.125
-6.75
-9.5
-10.25
-7.75
-2.125
6.5
12
13.125
27.75
56.75
62.625
30.375
-9.875
-25
-17.25
-12.625
-9.75
-7.75
-8.25
5.125
24.25
25.625
0.125
-31.625
-39.625
-28.25
-15.375
-9.5
-8.25
-2.625
4.875
5.75
1.125
-2.875
-5.5
-9.875
-11.75
-9
-1.25
8.375
13.625
18.625
37.625
59.625
52.5
21.25
-5.375
-11.5
-5.625
-6.625
-8
-8.375
-12.75
-7.625
8.125
18.125
6
-22.75
-40.375
-38.5
-23.25
-7.375
-3.125
0.75
6.375
3.5
-3.5
-1
-4.5
-10.25
-12.625
-9.375
-0.5
8.5
13.625
24.125
45
57.375
41.375
13.25
-3
-3.75
0
-2.625
-6
-8
-12.125
-12.5
-4.75
5.75
4.625
-14
-33.875
-41.5
-28.25
-5.125
2.875
4.625
7.125
1.625
-6.375
0
-4.125
-10
-12.125
-8.25
0.25
6.25
10.875
26.5
46.375
49.125
29.375
6.5
-3
-1.75
0.5
-1.5
-4.875
-6.75
-8.25
-10.5
-10.25
-4.75
-0.75
-7.75
-22.875
-35.25
-27.125
-2.875
8.25
8.25
6.5
-0.75
-7.75
0.25
-4.875
-9.375
-9.875
-6
-0.75
1.125
6.375
24.25
39.75
34.625
15.25
0.375
-3.5
-1.375
-0.125
-2.5
-4.625
-4.25
-3.125
-4.375
-7.25
-7.75
-6.375
-7.125
-12.5
-21
-18.375
-1
10.5
10.625
5
-3.5
-7.375
-1
-7.5
-9.25
-6.375
-2.625
-1.25
-2.5
2.125
16.875
27.125
22.125
9.125
-1.25
-4.25
-2.375
-1.5
-3
-4
-3
-1.375
-1.75
-3.75
-5.375
-5.25
-3.875
-5.125
-8.75
-8.5
-0.75
7.75
8.25
2.5
-2.75
-3.875
-2.75
-11.75
-11.25
-4.625
-0.625
-1.25
-2.75
1
9.5
14.25
11.375
4.25
-1.5
-2.5
-1.25
-1.5
-3
-3.5
-1.625
0.75
0.75
-0.625
-2.625
-3.125
-0.875
0.125
0.125
-1.375
-1.5
3.375
4.25
0
-1.5
0.125
-4.375
-15.625
-14.375
-5.625
-1.5
-2.125
-1
2.875
5.25
5.25
3.875
1.5
0.625
1.375
1.375
-0.125
-2.375
-3.25
-0.875
2.125
2.125
0.75
-1
-1.375
1.125
3
4.125
1.75
-2.125
-0.25
0.75
-1.5
0
3.5
-6.25
-17.375
-16.625
-9.75
-6.375
-4.625
0.5
5.875
5.875
2.875
2.25
4.875
7.25
5.875
2.875
1.375
-0.25
-2.125
-2.25
-1.75
-1.875
-1.25
-0.25
1.125
3.375
4.125
3
0
-2.125
-1
-1.375
-2.375
1.5
5.875
-5.875
-15.625
-17.125
-14.25
-11.75
-6.875
1
5.875
4.5
1.125
2.5
9.5
13.875
9.875
3.875
1.75
0.25
-0.875
-2.375
-6
-7.625
-5.625
-1.625
2.625
5.25
5.25
2.5
-0.625
-0.5
1.125
0.125
-1
2.125
5.375
-3.75
-11.5
-15.125
-16
-14.75
-9.25
-1.25
3.125
2.125
0.125
3.25
13.125
20
15.625
6.5
0.75
-1.625
-0.875
-2.25
-9.375
-13.625
-10.625
-3.375
3.625
6.75
6
1.75
-1.625
0.375
3.375
2.75
1.125
2.5
4.5
-2.77778
-2.66667
-3.11111
-4.33333
-3.72222
-2.27778
-0.0555556
2.5
5.22222
8.5
9.38889
7.83333
4.5
0.111111
-4.55556
-9
-13.0556
-16.3333
-18.1667
-17.6667
-14.6667
-12.5
-9.61111
-5.88889
-2.27778
0.166667
0.555556
2.05556
3.44444
3.77778
3.55556
2.94444
-0.888889
-1.16667
-1.77778
-3.33333
-2.94444
-1.11111
1.16667
3.11111
4.61111
7.94444
10.1111
10.3333
9.33333
7.05556
4.5
0.5
-4.55556
-9.11111
-12.5556
-13.2222
-11.4444
-9.44444
-6.72222
-3.94444
-2
-1.22222
-1.83333
-1.55556
-0.5
0.333333
1.27778
1.66667
-0.555556
-1
-1.66667
-3.11111
-2.77778
-0.944444
1.44444
3.11111
4.11111
6.72222
9.16667
10.3889
10.8889
10.9444
10.7222
8.77778
4.55556
0.388889
-3.11111
-4.66667
-4.55556
-3.66667
-1.72222
0
1
0.555556
-0.722222
-1.44444
-1.05556
-0.222222
0.5
1.05556
-0.833333
-1.05556
-1.61111
-2.83333
-2.83333
-1.66667
0.277778
1.83333
2.66667
4.33333
6.44444
8
8.66667
9.66667
11.3889
12.2222
10.4444
8.11111
6.33333
5.11111
3.66667
2.83333
3.5
4.27778
4.61111
3.55556
2.11111
0.666667
-0.0555556
-0.111111
-0.444444
-0.611111
-0.5
-0.222222
-0.722222
-1.72222
-2.44444
-2.66667
-1.83333
-0.611111
0
0.5
1.77778
2.83333
2.72222
3.22222
5.38889
8.44444
9.88889
10.7778
11.9444
12.1667
10.5556
8.61111
8.16667
8.11111
7.94444
6.66667
5.16667
3.05556
0.777778
-1
-3.05556
-4.33333
0.277778
0.611111
0
-0.777778
-2.27778
-3.77778
-4.38889
-3.66667
-3.27778
-3.27778
-2.27778
-1.27778
-1.55556
-2.11111
-0.666667
2.83333
6.88889
10.5
14
16
15.6111
13.8889
12.3333
11.2778
10.2778
8.77778
6.94444
4.11111
0.555556
-3
-6.11111
-8.16667
1.27778
1.27778
0.444444
-0.555556
-2.77778
-5.11111
-6.83333
-6.77778
-6.83333
-7.11111
-6.11111
-4.5
-3.33333
-3.5
-2.72222
-0.277778
4.11111
8.61111
12.3889
14.8889
16.2778
16.3889
15.1667
13.6111
11.7222
9.77778
7.11111
3.61111
-0.555556
-4.88889
-8.27778
-10.2778
3
2.22222
0.833333
-0.777778
-3.61111
-6.38889
-9.11111
-10.3333
-11
-11.4444
-10.6667
-8.55556
-4.61111
-1.5
0.833333
2.77778
6.33333
10.3333
12.3889
13.2778
14.4444
16
16
14.6667
12.4444
10.0556
6.77778
2.83333
-1.22222
-5.05556
-7.83333
-9.38889
5.11111
3.5
1.61111
-0.944444
-4.27778
-7.38889
-10.7778
-13.2778
-14.7222
-15.3889
-14.9444
-12.3889
-5.22222
2.72222
8.55556
11.6111
13.7778
16.2222
15.2222
12.7222
11.1667
12.1667
13.3889
12.6667
10.4444
7.88889
4.72222
1.05556
-2.22222
-4.5
-6.05556
-6.77778
6.66667
4.61111
2.38889
-0.388889
-3.83333
-7.11111
-10.9444
-14.6111
-16.4444
-17.6111
-17.8333
-15
-5
7.66667
17.4444
23.4444
26.2222
27.3333
23
16.5556
10.8889
8.77778
9.16667
8.61111
6.72222
4.55556
2.16667
-0.555556
-2.72222
-3.72222
-4.22222
-4.61111
7
5.27778
3.44444
1.22222
-1.61111
-4.72222
-8.38889
-12
-13.8889
-15.2778
-15.2222
-11
-0.833333
12.3333
23.5556
31.6111
34.8333
34.1667
28.7778
20.8333
12.9444
7.44444
5.5
4
2.22222
0.555556
-1.27778
-2.83333
-3.88889
-4.38889
-4.61111
-4.94444
6.16667
5.88889
5.27778
4.5
2.77778
0.444444
-2.33333
-5.11111
-7.16667
-8.83333
-8.33333
-3.27778
4.72222
14.7222
24.8889
33.7778
37.7222
35.7778
30.8889
23.8889
16.3333
8.61111
3.83333
1.05556
-0.722222
-2.11111
-3.88889
-4.83333
-5.27778
-5.72222
-5.72222
-5.77778
5.5
7.11111
8.05556
8.55556
7.83333
6.5
4.83333
3.05556
0.444444
-1.16667
-0.0555556
4.5
8.16667
13
20.8333
28.9444
33.1667
31.6111
29.3889
25.2222
19.6667
11.7222
4.83333
0.666667
-1.22222
-2.61111
-4.5
-5.33333
-5.77778
-6.22222
-6
-5.38889
5.16667
8.22222
10.1111
10.9444
10.3889
9.61111
8.72222
7.55556
4.55556
3.33333
5.05556
8
8.44444
9.16667
14.2222
20.7778
25.9444
26.6667
26.8333
25.3889
22.5556
15.8889
7.44444
2.11111
0.0555556
-0.888889
-2.33333
-3.11111
-3.61111
-3.88889
-3.33333
-2.33333
6.05556
8.66667
9.61111
9.44444
8.55556
7.83333
7.16667
6.22222
4.83333
5.72222
8.55556
9.77778
7.66667
6
7.55556
10.6667
15.3889
19.6667
23.8889
25.6111
24.9444
20.3333
11.9444
5.27778
1.94444
1.05556
0.611111
0.277778
-0.111111
-0.333333
0
0.444444
8.44444
9
8
6.22222
4.66667
3.66667
3.33333
3.22222
4.27778
7.83333
12.2222
12.7778
9.11111
5.88889
4.05556
2.88889
5.16667
11.1111
18.9444
24.1111
25.5
23.6667
17.1667
10.2222
5.16667
3.05556
2.77778
2.22222
1.77778
1.77778
1.94444
1.83333
10.8333
9
6.11111
3.38889
1.77778
1.05556
1.33333
2.11111
5.88889
11.9444
17.1667
17.1667
12.3333
7.83333
2.33333
-4
-6.5
-1.55556
8.66667
17.5556
21.3333
23.0556
21.0556
16.1111
9.88889
5
3.38889
1.83333
0.666667
0.5
0.611111
0.777778
10.3889
7.66667
4.33333
1.55556
0.388889
0.555556
1.33333
2.33333
7.11111
14.1667
19.6111
19.3333
14.1111
8.44444
-0.555556
-11.9444
-20.2222
-18.6667
-8.72222
2.94444
10.8889
17.3333
21.2222
20.3333
15.1667
8.05556
4.11111
1.33333
-0.888889
-1.77778
-1.94444
-0.777778
4.94444
3.11111
1.11111
-0.222222
0.222222
1.22222
1.88889
2.83333
8.88889
16.3889
20.5556
19.4444
15.3889
8.33333
-5.55556
-21.8333
-35.4444
-38.1111
-31.3333
-18.2222
-5.27778
5.66667
15.8889
20.6667
18.7778
11.4444
5.66667
2.72222
0.111111
-2.11111
-3.33333
-2
-0.888889
-1
-0.777778
-0.277778
1.72222
2.94444
3.11111
4.55556
11.2222
17.9444
20.3889
19.2778
18.4444
11.8889
-3.27778
-19.3889
-33.9444
-40.0556
-39.2778
-28.9444
-14.2778
-2.33333
10.1111
18.2778
20.1111
14.9444
8.16667
5.11111
3
0.666667
-1.5
-1.33333
-3
-1.77778
0.5
2.83333
5.44444
5.83333
5.83333
9.55556
16.3333
20.9444
21.3333
21.7222
25.5556
21.6111
10.8889
1.22222
-8.16667
-16.5556
-23.6111
-20.8333
-10.5556
-2
7.22222
15.3889
19.5556
17.6111
10.7778
6.72222
5.11111
4.05556
2.22222
0.666667
-0.0555556
1.22222
3.55556
6.16667
7.94444
7.83333
8.61111
14.3889
19.8889
21.5556
21.5
24.8889
32.1667
33.1111
31.9444
32.9444
32.8333
25.9444
14.1111
6.72222
7.11111
9.16667
10.7778
13.6111
16.6111
18
13
7.38889
5.44444
6.33333
6.5
4.16667
4.05556
4.77778
5.83333
7.5
7.77778
8.11111
11.1111
18.6667
22.6111
22.1667
22.3333
26.9444
32.8889
35.6111
41.3333
49.1111
55.8889
53
42.7778
30.6667
23.1667
20.2778
16.4444
14
13.0556
15.2222
13.3889
8.5
6.22222
7.05556
9.22222
7.61111
7.11111
7.55556
7.66667
8.27778
7.5
8.55556
13.1111
19.2778
20.6667
18.5
18.2778
20.8333
21.4444
22.6667
29
37
44.9444
46.2222
41.6111
31.2222
21.1111
16.3333
11.4444
6.66667
3.11111
5.38889
8.16667
7.38889
6.44444
6.88889
10.0556
9.94444
9.05556
10.1111
10.5
10.6111
9.27778
10.3333
14.1667
15.9444
12.8889
8.05556
5
2.11111
-3.77778
-6.55556
-4.22222
-0.388889
4.38889
7.22222
7.83333
3.94444
-2.55556
-6.33333
-8.61111
-10.7222
-12.7222
-10.1111
-3.27778
2.16667
4.72222
5.33333
7.88889
9.11111
8.72222
10.4444
12
12.1667
10.7778
9.72222
8.61111
2.72222
-6.88889
-16.5
-24.6111
-32.6667
-41.7222
-46.3889
-47.6667
-47.4444
-45.8889
-43.4444
-40.7778
-40.0556
-41.7778
-42.4444
-41.0556
-38.2778
-33.4444
-27.1667
-16.7778
-6.77778
-0.611111
1.88889
2.72222
4.38889
5.55556
7.22222
8.5
8.11111
7.44444
5.44444
0.222222
-10.5
-23.7222
-35.8333
-47
-57.1111
-65.3333
-69.2222
-70.7778
-71.1111
-70.5556
-68.6667
-65.3889
-61.8889
-59.6667
-57.2778
-53.2778
-46.7778
-37.1111
-29.1667
-19.2778
-9.94444
-3.94444
-1.94444
-3.44444
-2.22222
0.611111
1.11111
0.944444
-0.277778
0.166667
-1.44444
-8
-18.8889
-31.2222
-42.5
-53.4444
-61.9444
-66.7222
-68.1111
-67.8333
-66.9444
-65.7778
-64.0556
-60.9444
-57
-53.2222
-48.9444
-44.0556
-36.8889
-26.6667
-19.3889
-12.6667
-7.44444
-4.5
-4.38889
-7.27778
-7
-2.94444
-4.27778
-6.72222
-8.61111
-7.44444
-7
-10.5556
-16.8333
-23.0556
-28.8889
-35.0556
-39.3333
-40.2778
-38.6667
-36.3889
-34.5
-33.1667
-32.1667
-30.3889
-27.8889
-25.1667
-22
-18.5556
-13.7778
-8.05556
-4.16667
-1.83333
-1.44444
-2.55556
-4.61111
-6.83333
-7.38889
-3.16667
-6.61111
-10.6111
-13.3889
-14
-14.5
-16.2778
-18.7222
-20.3889
-21.5556
-22.7222
-23.0556
-21.0556
-17.3333
-13.6667
-11.4444
-10.6667
-10.5
-10.8889
-11.4444
-11.3889
-10.8889
-9.55556
-7.5
-5.33333
-2.83333
-1.83333
-2.16667
-3.44444
-4.66667
-4.72222
-5.11111
-1.66667
-5.38889
-9.27778
-12.2778
-15.0556
-17.8333
-19.6111
-20.6111
-19.7222
-17.4444
-14.4444
-11.5
-7.5
-2.5
1.61111
3.77778
3.38889
2.11111
-0.666667
-4.05556
-6.77778
-9.33333
-9.94444
-9.66667
-9.27778
-7.5
-6.61111
-6.16667
-6.16667
-5.66667
-3.94444
-3.5
-0.166667
-1.83333
-3.5
-5.66667
-9.44444
-14.2222
-17.6111
-19.5
-19.5556
-17.1111
-12.8333
-8.05556
-3.16667
1.61111
5.55556
7.77778
6.83333
4.05556
-0.0555556
-4.5
-8.38889
-12.5
-14.3333
-14.6111
-14.3889
-13.1111
-12.1667
-10.7778
-9.33333
-7.72222
-5.66667
-4.27778
-9.88889
0.777778
6.44444
10.5556
15.3889
21.0556
23.6111
22.0556
17.6667
11.6111
5.61111
-3.27778
-11.5
-17
-16.3333
-11.6667
-4.5
0.888889
2.5
-2.88889
-9.77778
-12.2778
-8.05556
-0.333333
5.27778
11.7222
19.7778
27.6111
28
19.3333
7.44444
-0.833333
-10.4444
1.27778
7
10
14.5
21.6667
27.8333
27.8889
22.6111
13.2778
4.77778
-5.55556
-14.1111
-19.8333
-19.2778
-14.9444
-8.22222
-3
-0.444444
-3.22222
-6.66667
-7.88889
-4.72222
0.388889
5.77778
13.1111
22.0556
29.1111
28.3889
19.2222
7.5
-0.666667
-11.2222
1.33333
7.44444
9.66667
13.4444
21.3889
30.6667
32.5556
26.6667
14.2778
3.5
-7.27778
-15
-20.1667
-19.9444
-16.8889
-11.8889
-7.61111
-4.11111
-3.55556
-3.55556
-3.66667
-1.94444
1
6.11111
13.8889
22.8333
28.7778
27.3889
18.7778
7.94444
-0.0555556
-12.5
0.833333
7.72222
9.61111
12.5
20.5556
31.9444
35.8333
30
15.8889
3.33333
-7.66667
-15.4444
-20.7778
-20.9444
-17.6667
-13.1111
-9.55556
-6.55556
-4.22222
-2.11111
-1.05556
-0.277778
1.38889
6.05556
13.7778
22.3333
27.2222
25.6111
17.7778
8.22222
0.5
-14.0556
-0.333333
7.72222
9.94444
12.1111
19.6667
32.2778
38.1667
33
17.9444
3.88889
-7.38889
-15.1667
-20.5556
-20.7222
-17
-12.4444
-9.77778
-7.94444
-5.38889
-2.44444
-0.611111
-0.0555556
1.22222
5.27778
12.4444
20.3889
25.1667
23.8889
16.8889
8.16667
0.888889
-15.5
-1.61111
7.44444
10.3333
11.7222
18.3333
30.9444
38.7778
35.2778
20.3889
4.72222
-7.61111
-15.2222
-19.4444
-18.6667
-14.3889
-10
-8.05556
-7.33333
-5.55556
-2.94444
-1.11111
-0.666667
0.611111
4.61111
11.3333
18.1667
21.6667
20.1111
14
6.77778
0.611111
-16.8333
-3.5
6.33333
10.1111
11
16.3333
28.2778
38
36.8333
23.3333
6.44444
-6.83333
-14.7778
-18.0556
-16.6111
-11.7222
-7.44444
-5.83333
-5.72222
-4.44444
-2.61111
-1.38889
-1.38889
-0.166667
3.5
9.55556
15.2222
17.7222
15.8889
10.6667
4.72222
-0.0555556
-18.1111
-5.88889
4.5
9
9.61111
13.7222
24.7778
35.7778
37
25.4444
8.33333
-6.11111
-13.6111
-14.3889
-10.0556
-5.44444
-4.11111
-5.55556
-6.38889
-4.5
-2.77778
-1.88889
-2.22222
-0.666667
2.33333
7.16667
11.4444
13.6111
12
7.83333
2.94444
-0.5
-19.5556
-8.61111
2.05556
7.27778
8.05556
10.9444
20.5556
32.0556
35.8333
27.2778
11.1667
-3.83333
-10.2222
-8.05556
-0.888889
1.83333
-1.33333
-7
-8.77778
-6.16667
-3.94444
-2.83333
-3.05556
-1.22222
1
4.66667
7.72222
9.72222
8.44444
5.27778
1.38889
-1
-20.7778
-11.1667
-0.5
5.16667
6.16667
8.11111
16.3889
28.0556
34
28.2778
13.8333
-0.222222
-3.33333
2.66667
11
8.33333
-2
-12.2222
-13.5556
-8.77778
-5
-3.77778
-4.16667
-2.72222
-0.833333
2.33333
4.83333
6.66667
5.5
3.16667
0.222222
-1.27778
-21.5556
-13.1667
-2.88889
2.88889
4.16667
5.72222
12.9444
24.1111
31.2222
28.0556
16.4444
5
5.05556
14.2222
22.7778
15.7222
-2.38889
-18.2778
-20.7778
-13.2778
-7.16667
-5.22222
-6.05556
-5
-3.11111
0.111111
2.61111
4.38889
3.33333
1.72222
-0.277778
-1.05556
-21.0556
-14.1111
-4.61111
1.05556
2.66667
3.77778
10.1111
20.5556
28.0556
26.6111
17.7778
10.1667
14.1667
26.0556
34.2222
23.3333
-1.38889
-23.5556
-29.5556
-21
-11.8889
-7.38889
-7.61111
-7.05556
-5.5
-2.22222
0.666667
2.72222
2.05556
1.27778
0.388889
0.333333
-19.0556
-13.8889
-5.61111
-0.555556
1.16667
2.16667
7.83333
17.5
24.5556
24.1667
18.0556
14.7222
22.7222
37
44.8333
31.5
2.38889
-25.3889
-36.7222
-30.7778
-20.2222
-12.5
-9.94444
-8.77778
-7.11111
-3.94444
-0.722222
1.55556
1.33333
1.11111
1
1.38889
-16.5
-13.4444
-6.77778
-2.16667
-0.277778
0.944444
6.16667
15.3333
21.7778
22.5556
19.5
20.7778
30.1111
42.8333
47.7778
35.4444
8.27778
-20.2222
-37.2778
-38.5
-30.5556
-21
-14.1111
-11
-8.38889
-5.11111
-1.11111
1.44444
1.38889
0.777778
0.666667
1.11111
-14.7222
-13.1111
-7.83333
-3.55556
-1.55556
0.388889
5.61111
14.5556
20.8333
23.1667
22.8889
26.2222
33.1111
41.4444
44.1111
36.4444
15.6111
-10.4444
-32.3333
-41.6111
-39.1667
-30.4444
-20.7222
-14.7222
-10.1667
-5.94444
-1.27778
1.61111
1.44444
0.444444
0.333333
1
-13
-13.4444
-9.77778
-5.77778
-2.88889
0.444444
6.44444
15.3333
20.8333
24.0556
26.1111
31
33.4444
35.6667
36.1667
35.3333
23.1667
1.11111
-24.0556
-40.5556
-44.2778
-38.1111
-27.5
-19
-12.9444
-7.94444
-3.11111
0.333333
0.888889
0.777778
1.27778
2.27778
-12.2778
-14.7778
-12.2222
-8.05556
-4
0.833333
7.77778
16.5556
21.6667
26.1667
30.8333
35.6111
32
26.2778
24.3333
29.5556
27.2778
11.7778
-12.6667
-34
-43.7778
-42.1667
-33.0556
-23.4444
-16.2222
-10.5556
-5.83333
-1.94444
-0.222222
1.05556
2.61111
4.11111
-13.8333
-17.3333
-14.6667
-9.88889
-4.72222
1.66667
9.44444
17.3333
23.1111
30.7222
39.7222
41.1111
27.4444
10.8889
7.11111
19.0556
26.8889
20.5556
1.5
-19.5
-35.3333
-41.7778
-38.2222
-28.7778
-19.3889
-12.5
-8.11111
-4.66667
-2.11111
0.444444
3.05556
5.22222
-14.8333
-18.2222
-15.8889
-11.3333
-5.33333
2.33333
11.2222
18.9444
27.2222
38.2778
49.2222
43.6667
19.5
-6
-10.2222
5.83333
20.3333
22
12
-1.55556
-17.9444
-32.4444
-39.3333
-34.6667
-24
-14.6667
-9.88889
-7.61111
-5
-1.22222
2.88889
6.11111
-15.3333
-18.1111
-16.1111
-11.8333
-5.16667
3.38889
12.8889
20.8889
32.2222
46.5
57.3889
44.3889
12.5556
-18.1111
-21.8333
-5.16667
11.5
17.2778
14.8333
10.8333
-0.611111
-18.3333
-35.3333
-39.2778
-30.7778
-19.5
-12.8333
-10.4444
-7.55556
-2.33333
3.27778
7.22222
-14.6667
-17.6667
-16.2778
-12.0556
-4.44444
4.83333
14.3889
23.1111
37
53.7222
63
44.8333
9
-23.2778
-27.3333
-12.8889
2.61111
9.44444
11.8333
15.2778
11.3333
-4.44444
-26.6667
-40.0556
-37.3333
-26.8333
-17.6667
-13.3889
-9.22222
-2.61111
4
8
-13.9444
-17
-15.8889
-11.1667
-2.72222
6.72222
15.6111
25.3889
42.5556
61.3333
67.6111
43.8889
6.05556
-25
-28.3889
-17.1667
-4.72222
1.61111
6.66667
14.6111
16.4444
4.94444
-17.3333
-36.6111
-40.8333
-33.8889
-23.5556
-16.0556
-9.66667
-2
4.38889
7.38889
-12.5
-15.6667
-15.1667
-10.6111
-1.88889
8.44444
18.6667
31.3333
49.9444
66.6111
66.4444
39.0556
3.66667
-22.3889
-24.6667
-17.8889
-9.77778
-5
1.33333
11.8889
17.6111
9.61111
-11.5556
-34.1111
-43.5
-39.6667
-28.7222
-17.2778
-8.33333
-0.277778
4.22222
5.05556
-9.44444
-13.1111
-14.1111
-10.2778
-1.83333
8.88889
20.4444
36.3889
55.5556
68.1667
60.5
31.8333
2.11111
-16.1111
-17
-14.7778
-12.0556
-11.1111
-6.5
3.55556
12.7778
10.2222
-6.66667
-30
-43.6667
-42.5
-30.8333
-15.6111
-5
2.55556
4.38889
2.83333
-7.94444
-12.3333
-13.6111
-9.38889
-1.5
8.55556
19.8333
37.2778
55.3333
63.9444
51.8889
25.3333
2.22222
-9.22222
-9.11111
-9.16667
-9.83333
-12.2222
-11.9444
-6.83333
1.66667
4.44444
-4.38889
-23.5
-39.2778
-41.1111
-29.8333
-11.9444
-0.166667
6.22222
5.11111
1
-7.61111
-12.3333
-13.1111
-8.61111
-1.88889
6.38889
16.7222
34.1667
49.8889
54.5
39.9444
17.6667
1.27778
-4.38889
-3.88889
-5
-7
-9.88889
-11.2222
-10.2778
-5.66667
-2
-4.61111
-16.5
-30.1111
-33.9444
-25.4444
-8.55556
3.5
8.77778
5.72222
-0.388889
-8.55556
-12.4444
-11.8333
-7.44444
-2.33333
4.44444
14.5556
30.7222
42.9444
43.3889
28.6667
11.2222
0.333333
-2.11111
-1.88889
-3.22222
-5.11111
-6.88889
-7.72222
-8.44444
-7.55556
-5.72222
-5.83333
-11.2222
-20.7778
-25.2778
-20.6111
-7.05556
4.05556
8.38889
5
-1
-10.2778
-13.1111
-10.8333
-6.38889
-2.5
3.22222
12.6667
25.8889
33.4444
30.5
17.7778
5.72222
-0.388889
-1.33333
-1.72222
-3.38889
-4.44444
-4.38889
-3.5
-3.88889
-5.11111
-6.16667
-6.94444
-8.55556
-12.7778
-15.3889
-13.1111
-4.33333
3.83333
6.38889
3.38889
-1.11111
-12.5
-14.7222
-11.1667
-5.94444
-2.33333
1.88889
8.55556
17.1667
21.7222
19.2222
11.3889
3.77778
-0.0555556
-1.22222
-2.05556
-3.61111
-4.16667
-3.27778
-1.83333
-2
-3.61111
-4.66667
-4.55556
-3.66667
-4.5
-5.72222
-4.83333
-0.888889
3.44444
4.05556
2.16667
-0.166667
-15.0556
-17.3889
-13.9444
-8.61111
-4.55556
-0.388889
4.94444
10.2778
12.7222
11.6667
8.61111
5.38889
3.05556
1.11111
-0.333333
-2.11111
-3
-3.16667
-2.55556
-2.66667
-3.16667
-2.77778
-1.11111
1.16667
2
0.833333
0.166667
0.5
2.55556
2.11111
1.38889
0.555556
-16.3333
-19.0556
-16.6111
-11.8333
-7.16667
-1.94444
3.05556
5.94444
6.94444
7.77778
9.33333
9.72222
8.05556
4.38889
1.5
-0.777778
-1.94444
-3.33333
-4.55556
-5.05556
-4.22222
-1.77778
1.27778
4
5.16667
3.5
1.61111
0.0555556
1.16667
0.888889
1.38889
1.72222
-15.7222
-19.1667
-17.9444
-13.8889
-8.66667
-2.33333
2.61111
4.05556
4.55556
7.33333
12.9444
16.1667
14.3889
8.05556
2.11111
-1.33333
-2.72222
-4.72222
-7.83333
-9.5
-7.61111
-2.72222
2.44444
5.5
5.61111
2.88889
0.388889
-0.777778
0.222222
0.5
1.77778
3.27778
-2.75
-4.3125
-4.625
-3.1875
-0.125
2.46875
4.03125
5.625
7.5625
10.2188
11.4375
10.1563
6.9375
3.21875
-0.9375
-5.09375
-8.40625
-10.1875
-10.6563
-10.9063
-10.375
-8.78125
-5.875
-2.9375
-0.96875
-0.09375
0.03125
0.96875
2.03125
2.4375
-1.09375
-2.5625
-3.375
-2.75
-0.28125
2.0625
3.25
4.40625
6.1875
8.9375
10.875
11.125
9.78125
7.78125
5.1875
2.34375
-0.0625
-1.375
-2.15625
-2.90625
-3.375
-2.96875
-0.90625
0.90625
1.46875
0.9375
0.34375
0.46875
0.96875
0.9375
-0.53125
-1.46875
-2.6875
-2.9375
-1.21875
0.875
1.875
2.65625
3.90625
6
8.0625
9.46875
9.84375
9.59375
8.71875
7.625
6.78125
6.53125
6.15625
5.40625
4.375
3.6875
4.625
5.1875
4.4375
2.75
1.34375
0.53125
0.03125
-0.6875
-0.46875
-0.75
-2.375
-3.625
-2.90625
-1.3125
-0.4375
-0.0625
0.375
1.375
3.1875
5.25
6.875
8.21875
9.09375
9.9375
10.9063
12
12.5
12.3438
11.4375
10.0938
9.59375
8.71875
6.90625
4.40625
2.21875
0.28125
-1.5625
-3.3125
0.25
0.15625
-1.875
-4.25
-5.15625
-4.34375
-3.78125
-3.65625
-3.6875
-3.5625
-2.46875
-0.25
2.28125
4.40625
6.875
9.28125
11.5625
13.75
15.6563
16.8125
16.9375
15.9063
14.4375
12.5
9.84375
6.71875
3.75
0.53125
-2.71875
-5.5
1.1875
0.90625
-1.53125
-4.75
-7.1875
-7.53125
-7.625
-7.90625
-8.5
-8.9375
-7.21875
-3.9375
-0.34375
2.34375
5.53125
9
12.4375
15.375
17.2188
18.3125
18.8438
18.5
16.7188
14.0625
10.7813
7.34375
3.875
0.0625
-4
-7.25
2.4375
1.46875
-1.34375
-5.21875
-9.03125
-10.7188
-11.5
-12.25
-13.125
-13.3438
-10.125
-4.875
0.4375
4.0625
7.4375
11.3438
15.1875
18.25
18.9063
18.5938
18.3125
18.0625
16.4063
13.6563
10.2813
6.6875
3.125
-0.71875
-4.71875
-7.75
3.8125
2
-1.0625
-5.3125
-10.0938
-13
-14.5
-15.5938
-16.375
-15.5938
-10.4375
-2.84375
4.75
9.78125
13.1563
16.875
20.4688
22.7188
21.375
18.625
16.25
15.0938
13.7188
11.5
8.375
4.90625
1.59375
-1.625
-4.75
-6.9375
5.125
3
0.09375
-3.8125
-8.71875
-12.6875
-14.9063
-16.5313
-17.4688
-15.9688
-9.3125
0.375
10.25
17.4375
21.125
24.8438
28.3125
29.5625
26.0625
20.2188
14.8125
11.6875
10.125
8.15625
5.28125
2.125
-0.65625
-2.8125
-4.78125
-6.15625
6.1875
4.59375
2.53125
-0.59375
-4.96875
-8.9375
-11.5
-13.4063
-13.9688
-11.375
-4.5625
5.09375
15.4375
23.9063
28.5625
32.1563
34.4063
33.6875
29.0313
21.875
14.625
9.1875
6.375
4.21875
1.75
-0.90625
-3.15625
-4.59375
-5.5
-6.09375
7
6.65625
5.71875
3.75
0.40625
-2.96875
-5.84375
-7.71875
-7.625
-4.34375
1.1875
8.84375
17.9063
26.625
32.7813
36.4063
37.3125
34.625
30.2188
23.5938
16.0313
8.9375
4.25
1.25
-1.03125
-2.9375
-4.84375
-5.875
-6.0625
-6.15625
7.75
8.8125
9.0625
8.1875
5.90625
3.21875
0.15625
-1.375
-0.46875
2.5625
5.375
9.8125
16.4375
24.5938
32.4375
36.5625
36.4375
32.875
30.2188
25.7188
19.3125
11.6875
5.0625
0.53125
-1.84375
-2.96875
-4.53125
-5.4375
-5.40625
-5.34375
8.1875
10.0625
10.875
10.5
9.09375
7.34375
5
4.53125
6.375
8.78125
9.3125
10.25
13.5313
19.9375
28.1563
32.2188
31.4688
28.3125
27.5
26.0938
22.25
15.4063
7.59375
1.96875
-0.6875
-1.53125
-2.75
-3.65625
-3.5625
-3.34375
8.9375
10.4375
10.8125
10.2813
9.21875
7.875
6.34375
7.5
10.6563
12.4375
10.875
9.28125
9.96875
14.25
21.6875
25.375
24.8438
23.375
24.8438
26.0625
24.6875
19.8438
12.1563
5.78125
2.21875
0.84375
-0.25
-1.09375
-1.21875
-1.15625
9.46875
9.71875
9.25
8.25
7.3125
6.15625
6.0625
9.21875
13.7813
15.0313
11.875
8.46875
6.90625
8.625
13.25
15.5313
15.4375
16.4375
20
23.4063
24.5625
22.6563
16.9063
10.6563
5.90625
3.09375
1.8125
1.03125
0.625
0.46875
8.875
7.71875
6.4375
5.25
4.59375
3.875
6.03125
11.3125
16.8438
17.6875
13.875
8.90625
4.875
3.3125
2.4375
1.59375
1.75
5.40625
10.4688
15.7188
19.7813
21.75
20.0938
15.4063
9.6875
4.78125
2.71875
1.875
1.21875
0.78125
7.15625
5.3125
4.15625
3.40625
3.03125
3
6.65625
13.0313
18.8125
19.625
15.5313
9.65625
3.5
-2.15625
-8.9375
-13.7813
-14.3438
-9.03125
-2.375
4.125
10.7813
17.0625
20.625
19.0625
13.7188
7.1875
3.53125
2.21875
1.125
0.25
4.4375
3
2.78125
2.90625
3.09375
3.96875
9.21875
15.875
20.875
21.3438
18.25
12.5625
5.53125
-2.5
-14.25
-22.875
-24.75
-19.1563
-12.375
-5.5
2.4375
10.7813
18.3438
20.3125
16.8125
10.1875
5.03125
2.90625
1.46875
0.375
1.875
1.53125
2.5625
3.625
4.34375
6.5625
12.9688
19.0625
22.5938
23.0625
22.3125
18.625
12.8438
4.40625
-9.4375
-20.0313
-23.25
-19.1563
-13.9063
-8.0625
-0.96875
6.53125
15.125
19.7813
18.9375
13.6875
7.65625
4.53125
2.625
1.40625
0.90625
1.875
4.0625
5.75
6.875
10.6875
17.0625
21.625
23.5938
24.9063
27.3125
27.6875
25.4688
18.4375
7.125
-2.3125
-6.4375
-5.78125
-3.6875
-0.5
3.34375
7.21875
12.6875
17.9688
19.6563
17
11.375
7.25
4.65625
3.21875
2.53125
4.28125
6.4375
8.25
10.2813
15.3438
20.8125
23.7188
24.9063
27.3438
32.5938
36.6563
38.1875
34.9375
29.7188
24.9063
21.5313
18.625
16.7813
16.5938
16.125
14.5
13.5938
15.875
18
18
14.375
10.0625
6.96875
5.375
5.5
7.4375
8.96875
10.5938
13.2813
18.5625
22.1875
23.0938
23.1563
25.7813
31.4688
36.7813
39.625
38.5
38.4688
38.375
36.5
31.1875
26.375
23.5938
20.5
16.0313
10.5625
9.6875
11.5625
14
13.7813
10.9063
8.15625
6.75
8.8125
10.5938
11.125
12.25
15
18.75
19.25
17.3125
15.2188
16.0625
19.3438
22.6563
23.75
22.875
25.8438
29.1563
29.0938
23.5313
17.6875
13.9688
10.75
6.9375
0.78125
-1.5625
0.375
5.0625
8.90625
8.90625
7.625
6.84375
11.5313
12.6875
12
12.1875
13.9063
14.2188
10.25
4.3125
-1.34375
-4.34375
-5.6875
-7.3125
-10.2813
-12
-8.46875
-3.5625
-1.53125
-4.59375
-8.84375
-11.5313
-12.5625
-12.9688
-15.3438
-16.4375
-13.625
-7.34375
-0.25
3.40625
4.6875
5.25
11.1875
11.8125
10.6875
9.78125
9.28125
5.625
-1.65625
-10.7188
-19.8125
-26.7813
-32.9688
-38.9375
-44.7813
-47.4688
-45.875
-42.3125
-39.875
-40.4063
-42.0313
-42.3438
-40.375
-36.4688
-32.625
-29.75
-24.6875
-17.3438
-9
-3.09375
0.40625
2.25
7.875
7.875
6.5625
4.71875
2.03125
-4.3125
-13.75
-24.625
-35.4063
-44.625
-53.625
-61.8438
-68.2813
-70.75
-69.8438
-67.1563
-64.4063
-62.6563
-61.6875
-59.7188
-55.5938
-48.9063
-40.6875
-34.5938
-28.1875
-21.1875
-13.6875
-7.625
-3.25
-0.9375
2.59375
1.65625
0.28125
-2.1875
-6.25
-13.4375
-23
-33.2813
-42.9063
-51.4375
-60.2188
-67.75
-72.4375
-73.375
-71.875
-69.4375
-66.6875
-63.8438
-61.3438
-58.25
-53.5625
-46.5938
-37.4063
-30.3125
-24.2188
-18.9063
-13.8438
-9.34375
-5.5
-3.4375
-3.34375
-5.40625
-7.03125
-9.59375
-13.6875
-19.875
-26.625
-32.7813
-37.75
-42.375
-47.6563
-51.4688
-52.4063
-50.7188
-48.5625
-47.0313
-45.8125
-44.1875
-42.25
-39.8438
-36.625
-31.9688
-25.5
-19.8438
-15.2813
-12.0938
-9.9375
-8.0625
-5.96875
-4.875
-6.75
-9.4375
-11.3438
-13.9063
-17.8125
-22.8438
-27.2188
-29.7188
-30.5625
-31.6563
-33.2188
-33.7188
-31.9688
-28.5
-25.6563
-24.5313
-24.5938
-24.5625
-24.1563
-23.4375
-22.25
-20.5
-17.6875
-14.4375
-11.5938
-9.5625
-8.46875
-7.53125
-6.40625
-5.78125
-6.59375
-9.125
-10.9688
-13.375
-16.9375
-21.2188
-23.9688
-24
-22.0938
-20.25
-18.6563
-16.4688
-13.0313
-8.5
-5.53125
-5.28125
-7
-9.09375
-10.5938
-11.7813
-12.625
-13.6563
-14.0938
-13.0625
-11.5
-9.96875
-9.09375
-8.28125
-7.59375
-6.96875
-3.375
7.0625
14.625
21.125
27.5625
31.1563
31.4063
26.4375
16.6875
6.40625
-4.625
-13.4063
-18.3125
-19.7813
-16.8125
-12.0313
-7.59375
-5.125
-6.15625
-7.34375
-7.75
-5.78125
0.1875
7.6875
17.2188
26.0938
30.9688
30.2813
23.2813
13.1875
-3.40625
6.6875
14.1875
21.1875
28.6563
34.3125
35.875
30.7188
19.25
6.4375
-6.75
-16.5
-21.2188
-21.9063
-18.375
-13.5938
-9.375
-6.875
-6.59375
-6.34375
-5.6875
-3.46875
1.71875
8.90625
18.2188
26.875
31.3438
29.9063
22.5313
12.4375
-3.71875
6.15625
13.5625
20.75
28.7813
36
38.6875
33.8438
21.4688
6.75
-7.8125
-18.4063
-23.0313
-22.9688
-18.9688
-13.9375
-9.78125
-7.40625
-6.53125
-5.53125
-4.25
-1.75
2.9375
9.625
18.1875
26
29.8438
27.9688
20.8438
11.3125
-4.40625
5.5
12.8125
19.9375
28.2188
36.4375
40.25
36.125
23.5625
7.6875
-7.625
-18.75
-23.5625
-23.1563
-19.0938
-13.9375
-9.46875
-6.875
-5.6875
-4.46875
-3.125
-0.84375
3.34375
9.34375
16.8438
23.7188
26.9688
25.0313
18.625
10
-5.875
4.28125
11.75
18.9375
27.2813
36.2188
41.0313
38.0313
26.125
9.875
-5.53125
-17.0625
-22.4063
-22.2813
-18.9375
-14.0938
-9.5625
-6.6875
-4.96875
-3.5625
-2.375
-0.65625
2.5625
7.5625
14.1563
20.4688
23.8125
22.3438
16.7813
9.125
-7.75
2.59375
10.2188
17.3125
25.4375
34.5938
40.375
38.5938
27.625
11.625
-3.21875
-13.6875
-17.8438
-16.9688
-14.8438
-12.25
-9.8125
-7.9375
-5.78125
-3.625
-2.15625
-0.875
1.65625
5.75
11.4688
17.0313
19.8125
18.625
14
7.6875
-9.8125
0.53125
8.09375
14.9688
22.7188
31.7813
38.5625
38.1875
28.5625
13.4688
-0.125
-8.5625
-10.625
-8.6875
-8.4375
-9.40625
-10.5
-10.5625
-8.15625
-5.03125
-2.8125
-1.625
0.53125
3.96875
8.78125
13.5625
15.6875
14.5938
10.8438
5.875
-11.875
-1.8125
5.5
12.0625
19.3438
28.1875
36.0625
37.2813
29.4375
16.0313
4.25
-1.84375
-1.8125
0.71875
-1.46875
-6.4375
-11.4688
-14.0313
-11.6875
-7.8125
-4.8125
-3.21875
-1.21875
1.9375
6.125
10.2188
12.0313
10.875
7.75
3.9375
-13.8125
-4.0625
3.03125
9.1875
15.9688
24.375
32.8438
35.6563
30.1563
19.2188
9.5625
5.625
7.25
9.75
5.75
-2.78125
-11.875
-17.25
-15.9375
-11.9688
-8.1875
-5.8125
-3.625
-0.40625
3.34375
6.875
8.53125
7.375
4.96875
2.21875
-14.8125
-5.59375
1.09375
6.71875
12.9688
20.8125
29.375
33.2188
29.7813
21.5625
15.125
14.1563
17.5625
19.6563
12.6875
-0.09375
-13.4688
-21.75
-21.1563
-16.75
-11.875
-8.4375
-6.125
-3.03125
0.25
3.34375
5.21875
4.59375
3.1875
1.59375
-15.25
-6.90625
-0.84375
4.25
10.0938
17.4063
25.7813
30.4063
29.0625
23.8438
21.0625
23.1563
27.9688
29.3125
19.5313
2.65625
-14.9375
-26.375
-27.2188
-22.6563
-16.5313
-11.6875
-8.875
-5.6875
-2.59375
0.375
2.71875
2.75
2.1875
1.40625
-15.6875
-8.5625
-3.1875
1.6875
7.40625
14.3438
22.4063
27.8125
28.7188
26.625
27.1875
31.5625
36.9375
37.5313
26.25
6.625
-14.5
-29.625
-33.4063
-29.9688
-23.125
-16.4375
-12.3125
-8.21875
-4.59375
-1.40625
1.40625
1.9375
1.78125
1.34375
-16.1875
-10.125
-5.3125
-0.5
5.40625
12.0313
20.3125
26.6563
29.25
29.7188
32
37.25
43.0313
43.8125
32.5938
12.0313
-11.6563
-30.8125
-38.5
-37.5313
-31.125
-23.0313
-16.9063
-11.0313
-6.1875
-2.40625
0.6875
1.40625
1.5625
1.40625
-16.8125
-12
-7.6875
-2.53125
4.09375
11.125
19.6563
26.875
31.0938
33.375
36.3125
40.7813
44.9688
44.9375
35.4375
16.4375
-7.03125
-28.125
-40.2813
-42.875
-38.25
-30.0938
-22.3438
-14.8438
-8.71875
-4.09375
-0.5
0.71875
1.46875
1.84375
-17.5938
-13.8438
-9.75
-4
3.6875
11.1563
19.9375
28.1563
33.9063
37.5938
39.75
41.2188
41.7813
40.125
33.8125
19.2188
-0.8125
-21.375
-37.3125
-44.1563
-42.8125
-36.1563
-27.8438
-19.2813
-12.0313
-6.59375
-2.5
-0.40625
1.3125
2.53125
-18.5625
-15.2813
-10.9375
-4.4375
4.15625
11.625
20.8438
30.4375
37.8438
42.5
41.8125
37.7188
32.75
29.3125
27.25
19.9063
6.5625
-11.0313
-28.5938
-39.9688
-43.2813
-39.875
-32.6563
-23.7188
-15.6875
-9.59375
-5.21875
-2.0625
0.84375
3.15625
-18.3438
-15.8125
-11.5313
-4.71875
4.34375
12.6875
23.1563
34.5313
43.375
47.125
42.3438
31.7188
20.75
15.7813
16.625
16.0938
10.7188
-1.28125
-16.625
-29.8125
-37.5938
-39.375
-35.6875
-27.9375
-19.7188
-12.875
-7.96875
-4.15625
-0.375
3.125
-18.375
-16.5
-12.2188
-4.96875
4.59375
14.0313
26.1563
39.5
49.8125
52.4063
43.375
26.625
10.2188
3.875
6.6875
11.25
12.3125
5.40625
-6.5
-19.625
-30.5625
-37.2188
-38.0938
-32.5625
-24.5
-16.5625
-10.4688
-5.84375
-1.53125
2.5
-19
-17.4063
-12.75
-4.875
5.40625
16.1875
30.1563
45.4375
56.9063
57.9375
44.6875
22.75
2.15625
-5.28125
-1.5
6.09375
11.25
8.28125
0.28125
-11.1875
-23.4688
-33.9063
-39.5
-37.1563
-30.125
-21.25
-13.4063
-7.40625
-2.1875
2.28125
-19.7188
-18.0625
-12.75
-4.125
7
19.375
35.25
52.0625
63.9688
62.7813
45.5
19.75
-3.46875
-11.8125
-8.0625
0.5625
7.75
7.96875
3.9375
-4.6875
-16.6563
-29.5313
-39.1875
-40.8438
-36.0938
-27.125
-17.375
-9.1875
-2.21875
2.90625
-19.8438
-18.4688
-12.9375
-3.375
9.46875
24.0938
41.4375
58.2813
68.6563
64.3438
44.7188
17.5313
-6.5625
-15.625
-13.0938
-4.90625
3.53125
6.9375
6.71875
0.78125
-10.6875
-25.625
-39.2188
-44.3125
-41.8125
-33
-20.75
-10.4375
-1.90625
3.6875
-18.625
-17.375
-11.9688
-2.28125
11.2813
27
45.5625
62.2813
70.7813
64.0313
42.2813
14.2188
-9.625
-18.875
-17.7188
-10.1875
-1.25
4.1875
7.6875
4.40625
-5.8125
-21.2188
-37.375
-44.6875
-43.8125
-35.1875
-21.2813
-9.90625
-0.96875
4.0625
-16.5
-15.4063
-10.5
-1.4375
11.5625
27.375
46.4375
62.5
69.2188
60.5625
37.8438
10.5938
-11.375
-19.75
-19.9063
-13.9063
-5.96875
-0.15625
6.0625
5.59375
-2.3125
-16.375
-33.1563
-41.625
-41.75
-33.5
-19.0938
-7.71875
0.375
4.03125
-14.0938
-13.6875
-9.6875
-1.875
9.71875
25.3438
43.4375
57.8125
62.7188
52.4688
31.625
8.4375
-9.28125
-15.625
-17.1563
-14.375
-9.59375
-5.03125
1.84375
4.09375
-0.5625
-11.9063
-27.2188
-36.0625
-36.9375
-29.3438
-15.5625
-4.84375
1.9375
3.9375
-13.4375
-12.9375
-9.125
-1.84375
8.90625
23.4375
39.6563
51.7188
54.75
44.5938
26.9688
8.8125
-4.34375
-8.96875
-11.125
-11.3125
-10.4375
-8.96875
-4.34375
-1.15625
-2.625
-9.90625
-21.9375
-30.5
-32.3125
-26.0938
-13.625
-3.40625
2.65625
3.75
-14.1875
-13.125
-8.9375
-1.53125
8.78125
21.6875
35.4375
44.6875
45.7188
36.25
21.8125
8.28125
-0.96875
-4.5
-6.46875
-7.96875
-9.15625
-9.40625
-7.5
-5.15625
-5.09375
-9.03125
-17
-23.9063
-26.0625
-21.6875
-11.4375
-2.5
2.8125
3.5625
-15.7188
-14.2813
-9.65625
-1.9375
8.125
19.3125
30.4375
36.9688
36.2188
27.9375
16.7188
7
0.625
-2.25
-3.9375
-5.5
-6.875
-7.46875
-7.53125
-6.8125
-6.625
-8.40625
-12.5313
-16.8125
-18.4688
-15.6563
-8.03125
-1.09375
3.0625
3.4375
-17.5938
-16.7188
-12.2813
-4.53125
5.25
15.4375
24.6875
29.4063
27.875
21.3125
13.4063
6.53125
1.96875
-0.46875
-2.625
-4.28125
-5.5
-6.25
-6.75
-6.78125
-6.5
-6.84375
-8.375
-10.0938
-10.7188
-8.90625
-3.75
0.8125
3.34375
3.3125
-18.5
-18.125
-14.1563
-7.21875
1
9.03125
16.4688
20.7813
20.8125
17.7813
12.8438
7.53125
3.21875
0.3125
-2.34375
-4.21875
-5.71875
-7.25
-7.78125
-7.1875
-5.5
-3.625
-2.625
-2.875
-3.09375
-2.3125
-0.09375
2.53125
3.71875
3.34375
-18.6563
-18.75
-15.2813
-9.375
-2.9375
3.03125
8.46875
12.5625
14.8438
15.5625
14.2188
10.7188
6.09375
1.8125
-1.96875
-4.53125
-6.3125
-8.21875
-8.90625
-7.65625
-4.75
-1.03125
1.90625
2.4375
2.125
1.71875
1.65625
2.90625
3.46875
3.40625
-2.29167
-2.08333
-1.83333
-1.41667
-1.08333
-1.33333
-1.16667
-0.541667
0.625
0.416667
-0.791667
-2.04167
-3.66667
-4.75
-5.58333
-5.04167
-3.5
-2.25
-0.791667
-0.0833333
0.166667
-0.333333
-0.75
-0.125
1.16667
2.5
3.29167
4.25
4.45833
3.95833
2.83333
1.83333
-0.0833333
0.375
0.458333
0.5
0.416667
-0.166667
-0.75
-0.625
-0.25
-0.458333
-1.5
-2.79167
-4.45833
-6.45833
-8.29167
-9.16667
-8.79167
-8.08333
-7
-5.83333
-4.33333
-3.5
-2.75
-1.625
-0.166667
1.08333
1.54167
2.16667
2.20833
1.58333
0.458333
-0.458333
0.375
0.416667
0.333333
0.0416667
-0.0416667
0.208333
0.291667
0.333333
0.416667
1.33333
1.79167
1.375
0.625
-0.958333
-2.83333
-4.95833
-6.54167
-7.41667
-8.08333
-7.70833
-6.41667
-5.375
-4.58333
-4.125
-4.08333
-3.66667
-3.25
-2.625
-2
-1.58333
-0.541667
0
0.0416667
-0.541667
-0.666667
-0.791667
-0.291667
0.625
1.29167
1.45833
1.58333
2.66667
3.45833
3.83333
4.45833
4.41667
3.54167
1.41667
-0.791667
-2.83333
-4.79167
-5.54167
-4.83333
-3.70833
-3.16667
-2.79167
-2.70833
-2.54167
-2.58333
-2.16667
-1.08333
-0.0416667
1.375
2.33333
-0.541667
-0.833333
-0.791667
-0.833333
-0.166667
0.916667
1.875
2.125
2.29167
2.58333
2.70833
3.08333
4.125
5.45833
5.79167
4.75
2.58333
0.166667
-2.29167
-3.91667
-4.16667
-3.375
-2.33333
-1.5
-0.75
-0.625
-0.833333
-0.458333
0.625
1.95833
2.66667
3.29167
-0.666667
-0.416667
-0.291667
-0.541667
-0.125
0.625
1.625
2
2.16667
2.375
2.5
2.41667
2
2.66667
3.625
4.08333
2.5
0.791667
-0.375
-1.45833
-2.95833
-3.79167
-3.04167
-2.33333
-1.66667
-1.54167
-1.04167
-0.5
0.25
1.45833
2.04167
2.33333
-0.541667
-0.208333
-0.0416667
0.125
0.541667
0.833333
1.45833
2.04167
2.33333
2.625
2.70833
1.95833
0.0833333
-1.08333
-0.708333
0.583333
1.04167
1.25
2.16667
2.45833
0.958333
-1.125
-1.91667
-1.83333
-1.45833
-1.04167
-0.125
0.375
0.5
0.708333
0.791667
0.625
-1.41667
-0.833333
-0.375
0.541667
1
1.20833
1.70833
2.58333
3.16667
3.04167
2.875
2.25
0.166667
-2.70833
-4.5
-4.16667
-2.20833
-0.791667
0.958333
2.625
3.45833
2.54167
0.916667
0.416667
0.583333
0.958333
1.20833
1.375
0.958333
-0.125
-1.04167
-1.66667
-1.95833
-1.25
-0.75
-0.125
0.166667
0.375
0.875
2.08333
2.66667
2.875
3.54167
4.04167
1.83333
-2.66667
-6.54167
-8.625
-8.375
-7.75
-5.41667
-2.125
1.58333
3.41667
2.91667
2.33333
2.16667
2.08333
1.45833
1
0.375
-1.04167
-2.20833
-2.83333
-0.625
-0.5
-0.541667
-0.791667
-0.875
-0.75
-0.583333
-0.0416667
0.0416667
0.666667
1.29167
0.958333
-0.916667
-3.70833
-6.125
-8.79167
-10.2083
-9.45833
-7
-4.25
-1.29167
1.75
3.33333
3.5
3.08333
2.58333
1.91667
0.958333
0.0833333
-0.458333
-0.833333
-0.833333
0.708333
0.0416667
-0.458333
-1.16667
-1.83333
-2.08333
-2.41667
-3.04167
-3.29167
-3.29167
-4.08333
-5.95833
-5.375
-3.70833
-3.04167
-3.70833
-3.95833
-2.16667
-2.04167
-2.20833
-2.20833
-0.166667
2.16667
3.29167
3.33333
2.875
2.70833
1.875
1.04167
1.20833
1.41667
1.70833
0.583333
-0.666667
-1.66667
-2.79167
-3.83333
-4.66667
-5.54167
-6.375
-6.16667
-6.33333
-7
-7.33333
-3.91667
0
1.5
1.95833
2.375
3
0.75
-1.33333
-2.41667
-1.66667
-0.125
1.04167
1.375
1.5
1.70833
1.58333
1.5
1.5
1.375
0.958333
0.375
-1.16667
-2.625
-3.66667
-4.25
-5.04167
-6
-6.625
-5.83333
-5.5
-5.29167
-3.66667
-0.666667
2.91667
4.54167
4.91667
4.125
2.95833
1.58333
-0.458333
-2.08333
-2.5
-1.41667
-0.958333
-1.16667
-1
-0.833333
-0.5
-0.166667
-0.375
-0.916667
-1.83333
0.0833333
-0.708333
-1
-0.666667
-0.291667
-0.375
-0.541667
-0.708333
-0.541667
-0.958333
-1.45833
-0.208333
1.16667
3.16667
5.125
6.5
5.45833
3.20833
1.875
0.375
-1.70833
-3.16667
-2.16667
-1.41667
-1.375
-2
-2.58333
-2.79167
-2.83333
-2.83333
-2.875
-2.83333
-0.958333
0.166667
1.79167
3.25
3.79167
4.125
4.33333
4.41667
2.58333
0.375
-1.04167
-0.458333
0.916667
1.70833
4.16667
7.25
8.16667
5.41667
1.79167
-0.333333
-1.625
-3.25
-3.58333
-2.20833
-0.791667
-1.08333
-2.20833
-2.875
-3.20833
-3.20833
-2.70833
-1.66667
-2.20833
0.125
1.95833
3
3.125
3.20833
2.75
1.91667
-0.875
-3.375
-4.29167
-3.75
-2.625
-1.625
1.25
4.79167
7.75
7.04167
4.08333
1.04167
0.166667
-1.54167
-4.04167
-4.25
-2.5
-0.708333
-0.541667
-0.166667
-0.0416667
-0.291667
-0.25
0.0833333
-2.16667
-0.75
-0.0416667
0.208333
0.333333
0
-0.708333
-1.83333
-2.75
-3.54167
-3.75
-3.70833
-3.29167
-2.33333
-0.666667
2.29167
5.875
8.5
8.5
6.29167
4.375
1.5
-2.16667
-4.83333
-4.70833
-1.95833
0.125
1.66667
2.625
2.70833
2.41667
1.45833
1.70833
1.41667
1.20833
0.875
0.333333
-0.541667
-0.666667
-0.125
0
-0.0416667
0.0833333
0.208333
0.208333
0.75
3.04167
6.58333
10.6667
13.6667
14.7917
13.5
9.875
6.125
1.79167
-1.66667
-3.375
-2.41667
-0.625
0.0416667
0.916667
1.875
2.25
1.33333
6.375
5.16667
3.875
2.625
0.958333
0.166667
0.583333
1.375
0.125
-0.416667
0.625
1.58333
0.5
1.45833
6
9.75
13.5833
15.6667
17.875
17
13
10.0833
5.54167
1.83333
-0.958333
-2.08333
-1.625
-2.375
-2.58333
-1.41667
-0.208333
0.208333
4.5
3.125
0.833333
-1
-2.16667
-1.625
-1.16667
-2.70833
-3.58333
-2.83333
-0.916667
-0.916667
-4
-4.125
-3.70833
-5.16667
-5.91667
-3.16667
2.45833
5.33333
5.20833
5.58333
4.95833
2.375
-0.583333
-2.54167
-2.04167
-2.04167
-2.875
-3.16667
-2.41667
-0.875
-2.08333
-2.75
-3.79167
-4.66667
-4.29167
-3.33333
-3.41667
-5.54167
-4.45833
-1.875
-0.75
-2.95833
-7.04167
-10.7917
-18.3333
-27.125
-34.2917
-33.1667
-26.5833
-18.3333
-11.875
-6.875
-0.916667
1.54167
0.833333
-1.66667
-1.54167
0.125
-0.125
-2.20833
-3.33333
-2.08333
-4.04167
-3.45833
-2.375
-1.83333
-0.666667
-0.625
-1.54167
-2.54167
-1.33333
0.75
0.333333
-2.29167
-3.91667
-8.125
-16.2917
-24.5833
-32.2083
-34.9583
-33.4583
-25.75
-17
-11.6667
-5.08333
0.75
3.125
0.833333
-1.25
0.0416667
0.875
-0.458333
-2.58333
-2.66667
-1.625
-0.833333
0.541667
1.58333
2.58333
1.83333
-0.0833333
-0.875
-0.208333
0.458333
-0.208333
-0.333333
2.75
3.125
1
-0.583333
-3.125
-7.25
-11.7917
-11.3333
-7.20833
-5.5
-3.95833
-0.708333
2.91667
3.08333
-0.208333
-1.75
-1.29167
-0.0833333
-1.20833
-2.33333
-1.54167
-1.83333
-1.54167
-0.75
-0.25
-1.125
-2.625
-1.54167
0.416667
1.16667
1.91667
5.375
11.0833
14.75
17.375
20.2083
22.125
19.8333
14.4167
8.875
6.83333
6.75
5.20833
4.5
6.20833
7.95833
5.375
0.791667
-1.16667
-0.0416667
0.0833333
-1.16667
-1.66667
-2.58333
-3.66667
-3.91667
-3.83333
-3.125
-1
4.20833
8.33333
10.9167
13.9583
18.5833
22.5417
24.9583
28.9167
32.75
36.25
36.9167
35.2083
30.75
26.8333
25.7083
23.4167
20.0833
16.2083
14.5417
11.7083
6.875
3.375
1.66667
2.375
1.75
1.16667
0.875
-0.0833333
-0.416667
-0.458333
1.83333
7
13.3333
18.5
22.7083
27
30.0833
30.5
30.5833
32.375
34.1667
35.875
36.8333
36.9583
35.4583
32.5
29.625
27
23
16.2083
11.9167
9.45833
7.45833
5.25
3.33333
4.83333
4.91667
3.83333
4.33333
5.20833
6.20833
5.66667
6.375
9.25
11.375
13.4583
15.0417
16.8333
16.9583
14.875
13.5417
11.8333
10.4167
9.45833
8.91667
8.125
6.75
4.5
1.95833
0.333333
-1.54167
-3.91667
-4.33333
-2.66667
-0.291667
1.20833
2.75
4.75
5.29167
3.83333
4.875
6.75
7.58333
6.20833
3.95833
1.875
-1.33333
-5.66667
-9.625
-12.7083
-15.7917
-18.9583
-21.4167
-23.5417
-25
-25.7083
-25.4583
-25.2083
-25.3333
-25.5833
-25.5833
-25.0833
-23.8333
-20.5
-16.9583
-12.2083
-7.04167
-2.54167
0.583333
1.16667
2.04167
1.33333
2.875
4.20833
4.04167
3.79167
2.16667
-1.04167
-5.33333
-10.9167
-15.5
-19.75
-23.0417
-25.375
-27.25
-27.7083
-27.5
-26.9583
-25.9583
-24.1667
-21.9583
-20.0417
-18.1667
-16.2917
-13.5833
-9.54167
-7.58333
-5.45833
-3.125
-1.125
-0.875
-2.58333
-2.08333
-1.33333
0.125
0.791667
1.41667
3.83333
6.04167
5.79167
4.16667
2.54167
0.458333
-2.375
-4.41667
-5.70833
-6.54167
-7.08333
-6.91667
-6.25
-5.83333
-4.16667
-1.5
0.791667
2.95833
4.45833
6.16667
7.54167
7.04167
6.04167
4.29167
2.25
0.0833333
-2
-2.58333
-1.75
-1.91667
-2.25
-1.375
1
4.16667
5.83333
6.29167
6.29167
4.58333
2.08333
0.0416667
-1.29167
-2.08333
-3
-3.5
-2.79167
-1.875
-0.5
1.08333
2.79167
4.75
5.54167
5.70833
5.58333
5.83333
5.625
4.41667
2.83333
1.75
1.20833
0.166667
-0.333333
-3.29167
-5.875
-7.625
-8.66667
-8.91667
-8.04167
-6.95833
-6.45833
-6.125
-6.20833
-7.125
-7.41667
-6.83333
-5.83333
-5.70833
-5.33333
-3.875
-3.20833
-3.54167
-3.5
-2.79167
-2
-1.79167
-1.58333
-0.375
0.541667
1.16667
1.41667
1.5
2.04167
1.66667
-9.91667
-4.45833
-1.58333
-2.66667
-4.70833
-3.58333
-0.416667
2.70833
4.5
3.29167
4.08333
7.33333
6.20833
1.25
-2.83333
-4.29167
-4.875
-4.125
1.33333
6.66667
5.41667
-1.08333
-6.75
-5.25
-1.70833
-4.25
-8.08333
-5.125
3.83333
10.0833
8.33333
2.70833
-10.9583
-5.25
-1.04167
-1.375
-4.45833
-6.16667
-3.625
2.625
7
5.66667
5.25
7.70833
6.29167
1.29167
-2.66667
-4.04167
-4.54167
-3.95833
0.25
4.04167
2.79167
-1.25
-4
-3.5
-3.04167
-5.66667
-7.70833
-3.95833
4.45833
9.95833
8.08333
2.66667
-11.375
-6.33333
-1.04167
-0.0833333
-3.66667
-8.04167
-6.70833
1.95833
9.29167
8.33333
6.04167
7
5.5
1.16667
-1.95833
-2.95833
-3.29167
-3.29167
-1.45833
0.666667
0.583333
-0.75
-1.58333
-2.25
-4.08333
-6.41667
-6.75
-2.75
4.375
8.91667
7.45833
3.125
-11.5833
-7.66667
-1.41667
0.958333
-2.66667
-9
-9.08333
0.708333
10.4583
10.5417
6.58333
6.20833
5.70833
1.91667
-2.08333
-3.45833
-2.79167
-1.95833
-1.66667
-1.66667
-1.20833
-0.333333
-0.166667
-1.54167
-4.33333
-6.66667
-5.95833
-1.66667
4.04167
7.58333
6.75
3.45833
-11.1667
-8.95833
-2.41667
1.41667
-1.54167
-8.95833
-10.875
-1.125
10.9167
12.4583
7.08333
5.58333
5.875
2.33333
-2.33333
-4.125
-2.66667
-0.458333
-0.916667
-2.79167
-2.16667
-0.125
0.166667
-1.375
-3.875
-6.125
-5.70833
-1.70833
3.625
6.83333
6.16667
3.41667
-10.6667
-9.91667
-3.41667
1.45833
-0.5
-8
-11.625
-3.375
9.79167
13.75
8.75
5.66667
5
1.54167
-2.875
-4.29167
-2.375
0.291667
0
-2.45833
-2.33333
-0.0416667
0.333333
-1.45833
-3.91667
-5.66667
-4.54167
-0.75
3.25
5.58333
5.16667
2.95833
-9.41667
-10.4583
-4.54167
1.125
0.416667
-6.54167
-11.6667
-5.83333
7.45833
14.375
10.5833
5.83333
4.33333
1.16667
-3.45833
-4.66667
-1.95833
0.75
0.166667
-2.04167
-1.66667
0.375
0.333333
-1.45833
-3.58333
-5.04167
-3.625
0
3
4.45833
4.16667
2.375
-7.91667
-10.5833
-5.5
0.666667
1.125
-5.04167
-11.4167
-7.79167
5.16667
13.7917
11.75
7
3.29167
-2.08333
-5.25
-2.66667
1.41667
2.20833
-0.666667
-2.75
-0.916667
1.04167
-0.208333
-1.83333
-2.54167
-3.66667
-3.16667
-0.125
2.70833
3.625
3.08333
1.83333
-6.45833
-10.125
-6.375
-0.125
1.54167
-3.5
-10.375
-9.04167
2.16667
11.875
12.4167
8.16667
1.70833
-6.04167
-6.41667
1.125
5.875
3.625
-1.54167
-3.5
-0.791667
1.16667
-0.708333
-2.04167
-1.45833
-2.41667
-2.91667
-0.25
2.375
2.70833
2.29167
1.41667
-5.125
-9.5
-6.91667
-0.791667
1.75
-2.25
-9.33333
-9.79167
-0.458333
9.66667
12.5417
8.08333
-1.91667
-10.2083
-4.75
7.95833
11.1667
4.16667
-3.75
-5.125
-0.916667
1.375
-0.541667
-1.875
-1.16667
-1.91667
-2.70833
-0.166667
2.20833
1.79167
1.54167
1.16667
-4.04167
-8.70833
-7.08333
-1.16667
1.66667
-1.70833
-8.29167
-9.54167
-2.16667
7.08333
11.1667
6.79167
-4.875
-12.5833
-3.54167
13.1667
17.6667
6.95833
-6.04167
-7.95833
-1.45833
1.70833
-0.208333
-1.70833
-1.29167
-2
-2.66667
0
2.04167
0.958333
0.791667
0.958333
-2.91667
-7.41667
-7.04167
-1.66667
1.66667
-1.16667
-7.41667
-9.125
-3.04167
5.41667
9.125
3.91667
-7.91667
-13.75
-1.875
16.9583
22.875
11.5
-5.5
-10.7083
-3.91667
0.833333
0.125
-1.08333
-1.25
-2.375
-2.91667
-0.0416667
1.75
0.125
-0.125
0.708333
-1.75
-5.91667
-6.5
-1.79167
1.5
-0.916667
-6.75
-8.5
-2.95833
4.25
6.45833
0.583333
-10.5417
-14.4583
-0.583333
19.2917
26.125
15.9583
-1.79167
-10.4583
-6.70833
-2
-0.666667
-0.708333
-1.29167
-2.625
-2.95833
-0.25
1.33333
-0.25
-0.666667
0.291667
-0.0416667
-4.33333
-5.875
-1.91667
1.08333
-0.875
-6.16667
-8.08333
-2.79167
3.41667
3.04167
-3.33333
-10.0833
-10.4583
0.5
16.375
24.2083
18.4583
4.5
-5.375
-7.33333
-6.16667
-3.04167
-0.666667
-1.5
-3.25
-3.20833
-0.416667
1.29167
0.166667
-0.5
-0.333333
1.04167
-3.33333
-5.08333
-1.875
0.416667
-1.25
-5.91667
-7.70833
-2.79167
1.875
0.0833333
-4.33333
-6.33333
-5.41667
-0.333333
9.75
19.2917
19.9167
10.7917
0.791667
-5.25
-8.125
-5.83333
-2.08333
-2.16667
-3.83333
-3.58333
-0.5
1.54167
0.541667
-0.583333
-0.916667
2.54167
-1.75
-4.29167
-2.25
-0.75
-2.16667
-6.125
-7.33333
-2
1.125
-3.29167
-5.125
0
1.125
-3.25
0.916667
13.875
20.2917
15.7083
6.79167
-2.08333
-8.16667
-7.79167
-3.875
-2.625
-3.83333
-3.79167
-1.04167
0.958333
0.0833333
-1.125
-0.916667
4.33333
-0.5
-4.04167
-2.79167
-1.91667
-3.25
-6.45833
-6.83333
-1.375
-0.416667
-6.625
-3.95833
8.08333
7.54167
-5.91667
-6.95833
7.125
17.375
18.125
11.9167
1.875
-6
-8.04167
-5.58333
-3.33333
-3.45833
-3.625
-1.83333
-0.125
-0.666667
-1.83333
-1.04167
5.70833
-0.833333
-4.41667
-2.875
-3.04167
-4.79167
-6.54167
-5.25
-1.625
-5.41667
-10.0417
2.08333
19.5833
13.375
-9.83333
-14.6667
0.666667
12.0417
15.0417
14.125
8.625
0.25
-6.45833
-7.91667
-5.375
-3.04167
-2.5
-2.20833
-1.33333
-1.375
-2.375
-1.41667
5.375
-0.833333
-3.875
-2.75
-4.04167
-6.33333
-6.66667
-4.375
-3.875
-10.4167
-9.625
11.0833
29.125
15.9583
-12.75
-18.75
-3.66667
6.29167
7.75
9.75
12.375
9.95833
0.541667
-8.54167
-8.95833
-3.83333
-1
-1.5
-2.20833
-2.66667
-3.20833
-1.79167
4.375
-0.75
-3.16667
-2.75
-4.91667
-7.375
-6.41667
-4.08333
-7.20833
-14.4583
-6.66667
19.8333
34.375
15.25
-13.4583
-18.6667
-5.79167
2.70833
1.58333
1.95833
10.4583
17.2083
10.0833
-5
-11.0833
-6.16667
-1.04167
-0.791667
-2.875
-4.41667
-4.16667
-1.375
4.16667
0
-2.66667
-3.16667
-5.91667
-7.95833
-5.66667
-4.41667
-10.8333
-16.375
-2.625
25.1667
35.4583
13.9583
-12.0833
-16
-5.91667
0.583333
-2.20833
-4.45833
5
18.375
17.8333
2.16667
-9.66667
-8.41667
-2.91667
-1.25
-3.5
-5.83333
-4.83333
-0.458333
3.95833
0.541667
-2.5
-3.95833
-6.79167
-7.625
-4.41667
-5.66667
-15.3333
-17.25
3.33333
29.9583
33.4583
10.875
-10.0417
-11.9583
-4.83333
-0.708333
-4.58333
-8
0.625
15.4583
20.2917
8.875
-4.875
-8.54167
-5.75
-3.33333
-4.25
-6.20833
-4.45833
0.708333
3.625
1.04167
-1.83333
-4.16667
-7.41667
-8.04167
-5.45833
-8.25
-16.8333
-13.1667
10.0417
30.7917
27.5
6.625
-6.875
-6.70833
-3.375
-1.375
-5.66667
-10.0833
-2.58333
12.75
21.1667
12.9167
-0.833333
-7.29167
-8.70833
-6.75
-4.91667
-5.33333
-2.58333
2.16667
3.20833
2.54167
-0.541667
-4.5
-7.625
-7.625
-7
-11.7917
-16.8333
-6.45833
16.2917
28.25
18.9583
2
-3.625
-1.29167
-0.875
-0.291667
-3.95833
-10.25
-6.79167
7.625
19.7083
15.875
3.33333
-6.29167
-12
-9.70833
-4.66667
-3.79167
-0.666667
3.83333
3.83333
3.16667
-0.666667
-5.16667
-7.08333
-6
-7.75
-14.1667
-15.0417
-0.708333
18.5833
23.3333
11.7917
-0.666667
-1.70833
1.375
0.875
1.54167
-0.0416667
-6.25
-8.04167
0.458333
13.1667
16.2083
7.83333
-4.58333
-14.4167
-12.125
-4.25
-1.70833
1.375
5.375
4.54167
3
-1.45833
-5.29167
-5.45833
-4.16667
-8.125
-15.0417
-12.25
4.20833
18.625
16.9583
5.75
-1.66667
-0.5
2.29167
1.625
1.33333
1.20833
-1.66667
-5
-3
5.75
12.25
9.33333
-1.70833
-13.0417
-12.6667
-4.75
-0.166667
3.58333
6.04167
4.58333
1.20833
-2.41667
-4.16667
-3.58333
-3.625
-8.875
-14
-7.91667
7.41667
16.2083
11.2083
2.25
-1.33333
0.208333
2.04167
1.45833
0.291667
0.625
0.75
-1.25
-2.41667
0.958333
6.58333
8.20833
1.41667
-9.41667
-11.7917
-5.16667
0.875
4.375
4.79167
4.58333
-1
-3.5
-2.91667
-2.16667
-3.66667
-8.875
-10.9583
-2.91667
8.5
11.7917
6.33333
0.416667
-0.791667
1.08333
1.875
0.291667
-1.20833
-0.458333
1.04167
1.16667
0.416667
0.0416667
1.54167
4.125
2.29167
-5.20833
-8.91667
-4.29167
1.70833
4.04167
2.54167
4.83333
-2.25
-4.66667
-2.83333
-1.45833
-2.70833
-6.41667
-6.95833
-0.916667
5.5
6.875
4.08333
0.625
-0.25
1.16667
1.625
-0.208333
-1.83333
-0.791667
1.16667
1.58333
0.458333
-1.16667
-0.708333
1.58333
1.54167
-1.95833
-4.75
-2.5
1.875
2.54167
0.416667
4.91667
-2.25
-4.58333
-2.95833
-1.79167
-2.95833
-4.70833
-3.58333
0.0416667
2.33333
2.25
1.83333
1.54167
0.833333
0.916667
1.45833
0.5
-0.833333
-0.416667
0.625
0.541667
-0.666667
-2.04167
-1.58333
0.291667
1.54167
0.791667
-1.95833
-1.75
1.70833
1.625
-1.20833
5
-1.91667
-3.625
-2.5
-3
-4.33333
-3.29167
-0.583333
0.291667
-1.04167
-1.79167
0.291667
2.83333
2.54167
1.5
1.125
0.583333
0.875
1.125
-0.0416667
-1.33333
-2
-2.33333
-1.66667
-0.0416667
1.95833
2.375
-0.583333
-1.66667
1
0.708333
-2.08333
5.16667
-1.16667
-2.5
-2.125
-4.29167
-5.41667
-2.29167
1.16667
0.166667
-4
-5.20833
-0.75
4.33333
5.29167
3.41667
0.916667
-0.0833333
2.125
3.29167
0.0833333
-3.375
-4.04167
-3.125
-1.29167
1.16667
2.875
1.91667
-0.958333
-1.20833
0.625
-0.583333
-2.70833
-0.574074
0.203704
1.01852
1.33333
1.5
1.92593
2.51852
3.05556
3.75926
2.77778
0.685185
-1.72222
-3.53704
-5.11111
-6.88889
-8.46296
-9.14815
-9.94444
-9.77778
-8.83333
-7.55556
-6.27778
-4.85185
-3.31481
-1.74074
-1.05556
-0.0925926
0.685185
-0.592593
0.37037
1.55556
2.14815
2.48148
2.94444
3.75926
4.81481
6.48148
6.66667
5.33333
2.98148
0.722222
-1.01852
-2.55556
-4.03704
-5.27778
-7.01852
-8.31481
-8.57407
-7.62963
-6
-4.46296
-3.16667
-1.96296
-0.925926
0.425926
1.75926
-0.62963
0.37037
1.72222
2.7037
3.25926
3.7037
4.33333
5.22222
6.48148
7.11111
6.81481
5.5
3.57407
1.88889
0.648148
-0.333333
-1.55556
-3.01852
-4.7037
-5.92593
-5.88889
-4.51852
-3.05556
-1.98148
-1.27778
-0.12963
1.24074
2.59259
-0.425926
0.462963
1.83333
3.24074
3.92593
4.25926
4.53704
4.77778
4.59259
4.42593
4.2037
3.72222
2.48148
1.25926
0.462963
-0.0925926
-0.888889
-1.18519
-1.7037
-2.44444
-2.92593
-2.40741
-1.57407
-0.962963
-0.666667
0.203704
1.12963
1.88889
-0.333333
0.333333
1.53704
3.24074
4.14815
4.68519
4.85185
4.57407
2.7037
0.962963
-0.12963
-0.37037
-0.648148
-1.14815
-1.74074
-2.16667
-2.35185
-1.01852
0.611111
1.46296
1.12963
0.425926
0.296296
0.407407
0.444444
0.481481
0.537037
0.314815
-0.537037
-0.12963
0.703704
2.38889
3.35185
4.11111
4.48148
4.01852
1.31481
-1.68519
-4.03704
-5.16667
-5.5
-5.42593
-5.72222
-6.14815
-5.74074
-3.18519
0.222222
2.96296
3.85185
2.96296
2.14815
1.74074
1.5
0.777778
-0.037037
-0.925926
-1.05556
-1.16667
-1
-0.0740741
0.703704
1.37037
1.48148
0.518519
-1.59259
-4.01852
-6.31481
-8
-8.57407
-8.38889
-8.33333
-8.05556
-6.62963
-3.88889
-0.462963
2.74074
4.68519
4.61111
4
3.46296
2.94444
2.01852
0.759259
-0.37037
-1.98148
-2.83333
-3.62963
-3.88889
-3.51852
-3.18519
-3.38889
-4.64815
-5.12963
-5.53704
-6.35185
-7.75926
-8.64815
-8.64815
-8.16667
-7.05556
-5.03704
-3.25926
-1.46296
0.666667
2.94444
4.25926
4.35185
3.92593
3.27778
2.7963
1.64815
0.740741
-3.14815
-4.72222
-6.24074
-7.46296
-7.33333
-7.48148
-8.24074
-9.33333
-7.64815
-5.35185
-3.92593
-4.05556
-4.66667
-5.12963
-4.2963
-2.31481
-0.351852
-0.648148
-1.44444
-1.35185
0.185185
2.38889
3.2963
3.07407
2.46296
2.40741
1.75926
1.2037
-3.44444
-5.12963
-6.72222
-8.05556
-8.01852
-8.42593
-9.22222
-9.24074
-6.57407
-3
-0.12963
0.888889
0.259259
-0.592593
0.277778
2.24074
3
1.16667
-1.44444
-3.07407
-2.61111
-0.240741
0.851852
0.611111
-0.0185185
-0.037037
-0.222222
-0.462963
-2.07407
-3
-3.81481
-4.55556
-4.90741
-5.85185
-6.77778
-5.90741
-3.14815
0.277778
3.33333
5.01852
4.44444
3.46296
4.03704
5.33333
4.81481
2.09259
-1.16667
-3.72222
-4.55556
-3.16667
-2.05556
-1.94444
-2.31481
-2.64815
-2.55556
-2.53704
0.111111
0.351852
0.462963
0.259259
-0.666667
-2.18519
-3.35185
-2.42593
-0.62963
1.57407
3.98148
6
6.03704
5.68519
5.85185
6.03704
4.7963
2.33333
-0.444444
-3.09259
-4.96296
-5.18519
-4.46296
-3.66667
-3.33333
-3.81481
-3.62963
-3.48148
1.51852
2.5
2.98148
2.90741
1.24074
-0.87037
-2.25926
-1.88889
-0.833333
0.481481
2.35185
4.92593
6.74074
7.96296
8.09259
7.12963
5.81481
3.83333
1.75926
-0.666667
-3.44444
-5.64815
-5.5
-3.87037
-2.27778
-2.53704
-2.37037
-2.14815
1.7037
2.51852
2.7963
2.64815
0.907407
-1.03704
-2.31481
-2.42593
-1.98148
-0.888889
1.18519
4.55556
8.25926
11.1111
11.7037
10.3519
9.05556
7.7037
5.98148
3.38889
-0.240741
-3.85185
-4.88889
-3.51852
-1.31481
-0.814815
-0.592593
-0.351852
2.22222
2.24074
1.92593
1.35185
-0.666667
-2.14815
-2.51852
-2.27778
-2.31481
-0.944444
1.72222
5.61111
10.8889
15.6667
17.2963
15.9444
14.2037
13.7037
12.1296
8.98148
4.51852
-0.388889
-3.16667
-3.22222
-1.42593
0.0185185
0.277778
0.462963
2.57407
1.7963
1.11111
-0.037037
-1.90741
-2.48148
-1.83333
-1.2037
-2.14815
-1.40741
0.592593
3.24074
8.12963
13.4074
15.8333
15.1667
13.1667
13.7407
13.1296
10.8148
7.2963
2.7037
-1.25926
-3.33333
-3.14815
-1.11111
-0.462963
-0.240741
1.72222
0.537037
-0.555556
-2.66667
-4.09259
-3.62963
-2
-1.53704
-3.94444
-5.37037
-6.14815
-6.51852
-3.61111
0.833333
3.27778
3.12963
1.7963
3.74074
5.44444
6.2963
6.2037
3.96296
0.277778
-3.01852
-4.48148
-2.7963
-1.62963
-1.18519
-1.01852
-1.87037
-2.72222
-4.77778
-4.81481
-3.37037
-1.96296
-2.87037
-6.18519
-10.463
-15.1111
-19.3889
-20.8704
-20.5556
-19.6111
-18.463
-17.4259
-14.963
-10.9074
-5.7037
-0.62963
2.11111
1.48148
-1.37037
-4.37037
-4.38889
-2.74074
-1.64815
-2.90741
-3.2963
-4.22222
-5.74074
-4.42593
-2.44444
-1.62963
-3.64815
-6.44444
-11.6296
-17.5741
-22.6111
-26.8704
-30.8704
-32.3889
-30.8519
-27.5
-25.3333
-21.0741
-14.5741
-7.2037
-1
1.77778
0.888889
-2.27778
-4.22222
-3.24074
-1.87037
-3.25926
-3.12963
-3.83333
-3.77778
-1.61111
0.407407
0.87037
-0.444444
-0.648148
-3.44444
-6.74074
-9.09259
-13.5926
-19.9259
-23.2037
-21.8148
-17.5926
-16.5741
-14.6481
-10.9815
-5.7963
-0.037037
4.2037
4.94444
2.25926
-1.37037
-2.2963
-1.72222
-2.59259
-2.35185
-2.90741
-1.33333
1.53704
4.07407
5.87037
7.55556
10.5556
12.3333
14.4259
17.037
15.8704
11.463
8.14815
7.75926
10.0556
10.2222
9.11111
7.51852
6.81481
7.64815
9.24074
9.87037
8.42593
4.62963
1.18519
-0.462963
-1.87037
-0.907407
0.444444
4.2963
8.14815
11.7222
15.6667
21.0185
26.8704
32.6296
38.3519
43.0741
44.2778
43.3333
41.8333
40.5556
40.1296
39.1111
36.1111
31.0926
25.1481
20.7593
18.037
16.3519
14.8148
11.1667
6.40741
2.66667
0.444444
1.94444
5
9.61111
13.6111
17.463
22.0926
28.2037
33.8704
40.2222
45.8333
49.2037
50.6667
51.7037
51.4259
49.5
46.7778
44.8148
41.6111
36.2593
28.7963
22.5185
17.6296
14.9259
14.037
12.2778
8.75926
5
4.2963
5.96296
9.72222
13.3519
15.8519
18.1481
20.7778
24.1296
27.0741
30.8333
33.1296
32.9444
32.5556
33.1852
33.1481
31.6667
28.6667
26.1667
23.8519
20.7037
15.6111
11.3704
8.03704
6.44444
6.61111
7.05556
6.46296
4.92593
7.5
8.01852
9.57407
10
9.18519
7.87037
6.07407
4
2.16667
1.35185
-0.148148
-2.83333
-4.68519
-5.14815
-5.42593
-6.18519
-7.90741
-9.16667
-9.61111
-9.55556
-9.57407
-9.61111
-9.12963
-7.48148
-4.90741
-1.85185
0.425926
1.81481
8.14815
8.05556
7.74074
6.35185
3.85185
0.166667
-4.55556
-9.66667
-14.1852
-18.0926
-21.8333
-25.2222
-27.2593
-27.9444
-27.5926
-26.8148
-26.5741
-25.9259
-24.537
-22
-18.2963
-15.6296
-13
-10.3519
-7.88889
-5
-2.40741
-0.0925926
5.53704
5.2963
3.94444
2.27778
-0.259259
-4.42593
-9.62963
-14.9259
-19.7963
-24.6667
-28.8704
-31.8704
-33.2593
-33.1481
-31.537
-29.3148
-27.537
-25.3333
-22.7593
-19.0741
-13.7593
-10.2222
-7.5
-5.66667
-4.55556
-3.16667
-1.66667
-0.0185185
0.944444
1.09259
0.37037
-0.203704
-0.925926
-2.92593
-5.64815
-8.25926
-11.0185
-14.2963
-17.3148
-19.3704
-19.8704
-19.1667
-17.2037
-14.6852
-12.4815
-10.1667
-7.85185
-4.90741
-1
1.62963
3.03704
3.05556
2.2037
1.72222
1.77778
2
-6.62963
-6.57407
-9.37037
-9.33333
-3.61111
6.53704
13.8519
17.1667
15.3704
12
5.7963
-0.722222
-5.81481
-6.72222
-4.66667
-1.51852
0.407407
0.722222
-0.666667
-3
-5.44444
-8.16667
-10.2963
-10.4815
-6.12963
1.94444
9.62963
12.5185
-6.42593
-6.12963
-9.72222
-10.963
-5.62963
5.72222
14.9815
19.2593
17.0926
12.5
5.5
-1.35185
-6.38889
-7.07407
-4.72222
-1.48148
0
-0.0185185
-1.25926
-2.74074
-4.7963
-7.38889
-9.57407
-9.38889
-5.07407
2.35185
9.09259
11.5926
-6.57407
-5.68519
-9.61111
-12.0185
-7.46296
4.31481
15.0556
20.0556
17.9815
12.8333
5.92593
-0.833333
-5.87037
-7.05556
-5.24074
-2.44444
-0.944444
-0.574074
-1.09259
-1.92593
-3.72222
-6.2963
-8.55556
-8.31481
-4.38889
2.2037
8.01852
10.3148
-7.09259
-5.37037
-9.27778
-12.537
-8.90741
2.87037
14.4259
20.0556
17.8148
11.9259
4.53704
-1.11111
-4.18519
-3.85185
-2.87037
-2.37037
-2.55556
-2.18519
-1.37037
-1.27778
-2.48148
-5.07407
-7.35185
-7.68519
-4.38889
1.37037
6.7963
9
-7.61111
-5.11111
-8.57407
-12.4259
-10.0741
1.01852
13.0185
19.5741
17.037
9.85185
1.42593
-2.31481
-1.75926
1.46296
1.64815
-1.16667
-4.07407
-4.18519
-1.94444
-0.87037
-1.64815
-4.46296
-6.53704
-6.75926
-3.61111
1.2037
5.59259
7.2037
-7.92593
-4.7963
-7.62963
-12.0556
-11.1481
-1.27778
11.037
18.463
15.7037
7.09259
-1.98148
-3.33333
1.33333
7.40741
6.83333
0.740741
-5.01852
-5.96296
-2.77778
-0.814815
-1.25926
-4.2037
-6.07407
-5.98148
-2.72222
1.38889
4.7963
5.62963
-8
-4.55556
-6.77778
-11.5185
-11.7963
-3.35185
8.7037
16.5185
13.9074
4.53704
-4.7037
-4.55556
3.59259
12.3889
12.3333
3.77778
-4.51852
-6.94444
-3.57407
-1.37037
-1.59259
-4.27778
-5.61111
-5.2037
-2.11111
1.2963
3.98148
4.2963
-7.98148
-4.27778
-5.74074
-10.5556
-11.963
-5.24074
6.22222
13.9074
11.4815
1.85185
-6.74074
-5.03704
5.51852
16.2963
17.1667
7.83333
-2.53704
-7.25926
-5.18519
-2.83333
-2.16667
-3.90741
-4.87037
-4.57407
-2
0.796296
2.92593
3.01852
-7.7037
-4
-4.96296
-9.68519
-11.7778
-6.48148
4.03704
10.7778
8.01852
-1.51852
-8.53704
-4.5
8.22222
20.1481
21.2037
11.5741
-0.185185
-6.81481
-6.72222
-4.57407
-3.14815
-3.61111
-4.25926
-4.14815
-2.2037
0.0740741
1.87037
1.92593
-7.33333
-3.96296
-4.61111
-9.05556
-11.4074
-7.37037
1.61111
6.92593
4.25926
-4
-8.90741
-3.5
10.037
22.463
24.3889
15.5741
3.33333
-5.16667
-7.72222
-6.57407
-4.72222
-3.90741
-4.25926
-4.33333
-2.74074
-0.425926
1.38889
1.42593
-7.01852
-4.22222
-4.75926
-8.77778
-11.2407
-8.35185
-1.11111
3.48148
1.85185
-4.38889
-8.22222
-3.14815
10
23.1852
26.9259
19.3889
7.2037
-2.74074
-7.27778
-7.83333
-6.5
-5.38889
-5.16667
-5
-3.14815
-0.759259
1.05556
0.851852
-6.61111
-4.87037
-5.64815
-9.12963
-11.1111
-8.7963
-3.07407
0.518519
-0.12963
-4.25926
-6.96296
-2.94444
9.03704
22.6852
28.6296
22.9815
11.1852
0.166667
-6.11111
-8.42593
-8.01852
-7.07407
-6.24074
-5.66667
-3.55556
-1.42593
0.148148
-0.148148
-6.42593
-5.83333
-6.7963
-9.64815
-10.9815
-9.25926
-5.2037
-2.5
-1.05556
-1.51852
-2.25926
-1.01852
6.68519
18.0741
26.0926
24.0741
14.9259
4.38889
-3.12963
-7.44444
-8.83333
-8.64815
-7.44444
-6.2037
-3.94444
-2.2037
-1.09259
-1.31481
-6.62963
-6.75926
-7.75926
-9.90741
-10.8148
-10.0926
-8.2037
-5.31481
0.0740741
5.05556
5.57407
1.77778
2.42593
9.77778
19.4815
21.6852
17.1111
9.14815
2.09259
-4.11111
-8.35185
-9.90741
-8.77778
-6.57407
-4.2037
-2.87037
-2.42593
-2.57407
-6.22222
-7.2037
-8.74074
-10.4815
-11.4444
-11.537
-10.7963
-6.11111
3.74074
13.1667
13.1667
3.94444
-2.11111
1.66667
11.8519
16.6111
15.537
11.2593
7.40741
1.75926
-4.98148
-9.66667
-10
-7.11111
-4.37037
-3.37037
-3.77778
-4.03704
-5.87037
-7.59259
-9.5
-11.0926
-12.5185
-13.537
-13.1111
-5.87037
7.90741
20.4259
19.0926
5.96296
-5.37037
-4.25926
5.55556
12.1667
13
11.0741
10.0741
7.03704
0.12963
-7.12963
-10.537
-8.61111
-5.64815
-4.22222
-4.74074
-4.96296
-5.83333
-8.46296
-10.5556
-12
-13.8704
-15.963
-15.3333
-5.09259
12.6111
27.1296
23.8519
7.2037
-7.77778
-8.33333
1.05556
8.62963
10.463
10.0741
11.1667
10.9074
5.09259
-3.53704
-10.0556
-10.2407
-7.59259
-5.57407
-5.51852
-5.46296
-6.35185
-9.81481
-11.7778
-13.0556
-15.5926
-18.5926
-16.963
-3.2037
17.8148
32.9259
27.1667
7.72222
-9.25926
-10.7222
-2.05556
5.48148
7.96296
8.81481
11.4815
13.0741
9.03704
0.444444
-7.90741
-11.037
-9.87037
-8
-6.85185
-5.81481
-6.62963
-11.1296
-13.7778
-15.5185
-17.8704
-19.7778
-15.5185
0.796296
22.4444
35.8704
27.9815
7.94444
-9.03704
-11.1481
-4.55556
1.25926
3.94444
7.05556
12.8148
16.3148
13.0741
3.72222
-5.94444
-11.6667
-12.2222
-11.0556
-8.51852
-5.87037
-6.53704
-11.6852
-14.9444
-17.2778
-19.5556
-20.1481
-13.463
4.38889
25.4074
36.7778
27.8148
8.51852
-7.53704
-10.3704
-6.2037
-2.59259
-0.425926
4.2037
12.463
18.2963
16.3704
6.96296
-4.01852
-12
-14.2407
-13.4259
-9.51852
-5.33333
-6.31481
-11.1852
-14.4074
-17.3333
-20.2407
-20.3704
-12.0741
7.27778
27.4444
36.7222
26.3704
8.37037
-6.07407
-8.98148
-7.01852
-5.62963
-4.22222
1.11111
10.9444
18.5741
17.9815
9.09259
-2.59259
-11.7963
-15.0741
-14.0926
-9.14815
-3.96296
-5.75926
-9.74074
-12.6667
-16.2593
-20.0741
-20
-10.2778
9.51852
27.5926
33.6852
22.5185
7.24074
-4.16667
-6.44444
-6.44444
-7.16667
-6.92593
-1.83333
8.5
17.4259
18.1481
10.1481
-1.68519
-11.037
-14.6852
-13.3333
-7.98148
-2.22222
-5
-8.44444
-11.4444
-15.6667
-19.5556
-18.4815
-7.18519
11.4815
25.8704
27.7778
16.8889
5.59259
-1.44444
-2.18519
-3.2963
-5.72222
-7.94444
-5.01852
4.05556
14.3148
17.5741
11.5185
-0.037037
-9.90741
-13.9074
-12.3889
-6.96296
-1.33333
-5.59259
-8.42593
-10.6111
-14.4259
-17.3704
-15.5185
-4.16667
11.5185
21.8519
20.8889
11.6852
4.16667
0.555556
0.907407
0.037037
-2
-5.11111
-5.11111
-0.0925926
8.64815
14.0556
11.4815
1.87037
-8.38889
-13.0556
-11.6111
-5.92593
-0.462963
-6.44444
-8.98148
-10.3704
-13.3333
-14.8704
-12.1296
-1.42593
10.8333
17.5556
14.9074
7.85185
3.22222
1.81481
2.2963
1.51852
0.314815
-1.90741
-3.05556
-1.72222
3.44444
8.87037
9.38889
3.25926
-6.09259
-11.2963
-10.5185
-4.96296
0.259259
-6.40741
-9.16667
-10.6481
-13.037
-13.2037
-9.27778
0.388889
9.44444
13.3704
10.5185
5.66667
2.94444
2.46296
2.83333
2.18519
1.51852
0.203704
-1.14815
-2.03704
-0.277778
3.81481
6.25926
3.77778
-3.51852
-8.94444
-9.05556
-4.01852
1.07407
-5.51852
-8.53704
-10.4444
-12.3333
-11.2593
-6.7037
0.87037
6.7963
8.92593
7.5
5.01852
3.57407
2.7963
2.62963
2.18519
1.85185
1.01852
-0.388889
-1.81481
-1.85185
0.407407
2.83333
2.55556
-1.83333
-6.22222
-6.66667
-2.77778
1.53704
-4.66667
-7.07407
-8.40741
-9.42593
-8.53704
-5.59259
-1.53704
2.01852
4.25926
5.7037
5.96296
5.2963
3.62963
2.38889
2.12963
2.31481
1.57407
-0.777778
-3.2963
-4.18519
-2.33333
0.62963
1.81481
-0.166667
-3.35185
-3.88889
-1.66667
1.22222
-0.444444
-1.55556
-0.666667
2
2.61111
-0.166667
-6.27778
-8.83333
-7.33333
-2.27778
1.94444
4.72222
6.27778
7.33333
7.66667
7.22222
5.83333
4.11111
1.94444
-1.22222
-5.77778
-7.61111
-6.83333
-3
-2.61111
-2.94444
-3.44444
-1.72222
-0.333333
0.222222
0.222222
0.833333
1.55556
0.0555556
-0.777778
0.888889
1.72222
0.111111
-5.38889
-7.77778
-5.83333
-1.38889
0.777778
0.111111
0
2.27778
5.72222
8.83333
9.33333
7.88889
4.22222
-0.666667
-5.55556
-7.33333
-5.83333
-1.94444
-0.111111
0.333333
-0.166667
-0.333333
-1.05556
-2
-2.5
-1.11111
2.88889
1
-0.888889
-0.333333
0.777778
0.166667
-4.22222
-6.66667
-5.22222
-1.05556
0.611111
-1.05556
-3.11111
-2.38889
0.722222
5.22222
8.77778
9.61111
6.66667
0.444444
-4.66667
-6.11111
-3.38889
0.111111
1.44444
1.11111
0.611111
1
0.5
-1.11111
-2.94444
-2.61111
3.05556
1.5
-0.611111
-1.05556
0.277778
0.666667
-2.05556
-4.94444
-5
-2
0.333333
-0.333333
-2.33333
-3.55556
-3.05556
-1.22222
2.77778
6.33333
7.11111
2.55556
-1.88889
-3.61111
-0.944444
1.27778
1.83333
0.888889
0.888889
2.11111
2.72222
1.33333
-1
-2.16667
2.05556
1.55556
0.0555556
-0.833333
0.666667
1.88889
0.944444
-2.5
-4.55556
-3.27778
0.111111
1.72222
1.05556
-1.55556
-4.27778
-6.77778
-5.11111
-1.11111
3.27778
2.83333
1.33333
0.0555556
1.16667
1.11111
0.611111
0.333333
1.83333
4.27778
5.55556
4.33333
1.83333
-0.444444
1.38889
1.94444
0.888889
-0.333333
0.944444
2.88889
3.94444
0.444444
-3.38889
-5.05556
-1.83333
1.38889
3.33333
1.66667
-2
-7.72222
-10.6667
-9.16667
-3.44444
1.55556
4.05556
3.55556
2.11111
0.277778
0.0555556
1.44444
4.05556
6.11111
6.77778
5.88889
4.11111
1.94444
1.27778
2.83333
2
0.555556
1.22222
3.55556
5.72222
2.77778
-1.83333
-5.44444
-3.44444
-0.5
1.66667
0.833333
-1.27778
-4.72222
-8.44444
-10.0556
-7.94444
-2.33333
2.38889
3.94444
2.05556
0.277778
0.722222
3.33333
6.22222
7.38889
7
5.77778
4.5
2.72222
2
4
3.16667
1.77778
1.83333
4.05556
6.55556
4.88889
0.555556
-4.22222
-4.55556
-3
-2.61111
-4.61111
-6.38889
-4.77778
-3.22222
-3.11111
-4.83333
-3.72222
-1
1.22222
1
0.777778
2.33333
4.94444
7.11111
7.27778
6.33333
4.72222
3.38889
1.83333
2.66667
5.05556
4.5
3.38889
2.72222
4.5
6.44444
6.27778
2.83333
-1.83333
-4.61111
-5.16667
-8.33333
-13.0556
-15.7778
-8.5
2
8.11111
4.88889
-0.944444
-3.05556
-1.83333
0.277778
1.55556
3.55556
5.22222
6.38889
5.83333
4.88889
2.83333
1.27778
-0.333333
2.66667
4.83333
4.83333
4.38889
3.61111
4.66667
6.16667
7.16667
4.66667
0.5
-3.94444
-6.11111
-13.1111
-21.5556
-26.3333
-15.3333
3
16.4444
15.7778
6.66667
0
-1.55556
0.722222
2.27778
3.61111
3.88889
4.16667
3.66667
3.38889
1.72222
0
-1.5
1.44444
3.27778
4.22222
4.33333
3.61111
3.94444
5.27778
6.77778
5.22222
1.61111
-3.55556
-8.11111
-16.0556
-24
-26.4444
-16.3889
1.5
15.8333
19.2222
12.5
5.38889
2.11111
2.83333
3.55556
3.11111
2.11111
1.72222
1.94444
2.33333
1.38889
-0.166667
-1.27778
-1.16667
0.444444
2.16667
2.83333
2.66667
2.66667
4
5.22222
4.94444
2.5
-2
-8.83333
-16.0556
-21.0556
-19.3333
-13
-1.94444
8.44444
15.8889
15.7778
11
6.38889
4.27778
4.27778
2.94444
1.66667
0.666667
1.16667
1.5
1.16667
-0.277778
-1
-4.38889
-2.11111
0.277778
1.33333
1.38889
1.27778
2.38889
3.38889
4.77778
3.61111
-0.277778
-8.83333
-12.9444
-12.7778
-7.5
-7.83333
-7.38889
-3.27778
7.38889
15.3333
15.2222
10.2778
5.05556
3.77778
2.66667
2.38889
1.38889
1.44444
0.777778
0.333333
-0.777778
-1.16667
-6.5
-3
-0.333333
0.722222
0.833333
0.833333
1.5
2
4.22222
3.88889
0.5
-7.66667
-9
-4.61111
1.44444
-3.33333
-12.1667
-13.8889
-2.72222
12.7222
18
13.6667
5.22222
2.44444
2.16667
3.11111
2
1
-0.388889
-0.444444
-0.777778
-0.888889
-5.16667
-1.44444
1.05556
1.77778
1.55556
0.722222
0.5
0.777778
2.27778
0.944444
-3.11111
-7.22222
-2.88889
5.66667
9.44444
-0.111111
-15.0556
-21.5556
-13.1111
4.83333
16.2778
16.6667
8.83333
3.38889
1.72222
2.05556
1.27778
-0.0555556
-0.888889
-0.333333
0.333333
0.333333
-1.66667
1.66667
3.88889
3.88889
2.66667
0.444444
-1
-1.22222
-1.05556
-3.5
-7.77778
-7.44444
2.22222
14.1111
16.1667
4
-13.3889
-23.2222
-20.0556
-5.55556
8.83333
15.3333
12.5
6.44444
3.16667
1.61111
1
-0.222222
-0.333333
0
0.5
0.277778
2.27778
4.33333
5.77778
5.16667
2.88889
-0.722222
-3.11111
-3.22222
-4.11111
-7.5
-11.8333
-7.16667
7.11111
21.1667
22
9.22222
-6.83333
-18.1111
-21.8889
-17.2222
-4.77778
7.5
13.7222
10
5.66667
2.33333
2.72222
2.38889
2
0.166667
-1.16667
-2.11111
4.27778
5.66667
5.77778
4.55556
1.61111
-2
-4.33333
-3.55556
-4.55556
-8.5
-13.7222
-7.66667
8.55556
24.8889
27.5556
17.5
3.77778
-9.44444
-20.7222
-26.9444
-20.1111
-5.33333
8.66667
10.6667
7.5
4.5
5.55556
6.33333
4.44444
0.333333
-3.05556
-4.55556
3.5
3.11111
2.22222
1.66667
-0.222222
-2.33333
-3.77778
-2.38889
-5.33333
-10.7222
-15.3333
-5.22222
11.7222
27.5556
30.2222
25.5
16.2222
2.33333
-16
-33.4444
-35.1667
-21
-0.666667
9.22222
7.88889
5.11111
5.77778
8.16667
6.22222
2
-2.11111
-4.11111
0.777778
-1
-1.88889
-1.38889
-1.72222
-1.83333
-2
-1.11111
-6.44444
-12.8333
-14.7222
-1.61111
12.3333
23.2222
24.1667
25.5
22.6111
12.6111
-5.61111
-27.6111
-38.3889
-31.3333
-11.4444
5.83333
8.88889
6.61111
4.27778
6.11111
5.33333
3.22222
0.5
-1
-3.44444
-5.33333
-4.16667
-2.38889
-1.88889
-1.16667
-0.611111
-2.22222
-9.33333
-14.5
-9.55556
3.94444
9.88889
9.27778
6.88889
14.4444
20.5
20.5556
10.3889
-7.83333
-26.5556
-32
-20.2222
0.611111
10.4444
9.83333
4
2.38889
2.66667
2.72222
2.11111
1.77778
-4.38889
-4.33333
-2.22222
-1.83333
-2.38889
-2.05556
-0.611111
-4.05556
-10
-12.3333
-3.05556
5
1.72222
-8.55556
-12.0556
-2.5
8.83333
18.0556
21.3333
17.2778
0.777778
-16.3889
-21.3333
-7.27778
8.94444
14.1111
7.88889
0.277778
-1.55556
-1.22222
0.611111
2.83333
-3.61111
-1.44444
0.944444
0.166667
-1.55556
-3.22222
-3.77778
-9.33333
-11.2778
-7.27778
5.66667
6.94444
-3.44444
-18.9444
-21.3333
-12.7778
-1.33333
9.66667
19.1111
26.5556
20.1667
3.38889
-12.3333
-11
3.83333
13.5556
11.6111
0.722222
-4.55556
-5.27778
-1.44444
3.16667
-1.77778
0.777778
2
0.611111
-0.722222
-2.88889
-5.44444
-11.0556
-9.22222
0.0555556
12.0556
9.05556
-3
-16.4444
-17.2222
-12.5556
-5.83333
0
7.94444
19.5556
25.1111
17.3333
0.222222
-10.6667
-4.11111
5.83333
9.16667
-0.166667
-6.88889
-7.88889
-2.5
3.38889
-1.61111
-0.333333
-0.0555556
0.0555556
1.16667
0.222222
-3.61111
-7.83333
-2.77778
9.72222
18.7778
13.5556
2.11111
-7.22222
-7.22222
-5.5
-3.72222
-4.22222
-2.72222
4.16667
14
16.8889
8.38889
-5.83333
-10.5
-6.88889
-1.61111
-4.38889
-7.94444
-7
-1.33333
3.55556
-1.27778
-1.88889
-3
-2.16667
1.55556
5.27778
5.72222
6.5
11.3333
19.3889
20.8333
14.4444
5.83333
0.944444
0.555556
-0.111111
-1.44444
-4.77778
-6.55556
-4.38889
3.11111
8.22222
5.38889
-6.61111
-17.2222
-19.2778
-14.8889
-9.44444
-7.27778
-3.77778
-0.0555556
2.27778
0.888889
-1.44444
-4.27778
-3.44444
1.22222
7.33333
11.3333
16.7222
21.8333
24.7222
19.7778
11.5556
4.77778
2.44444
2.11111
1
-1.11111
-4.22222
-6.72222
-7.55556
-4.77778
-1.38889
-1.05556
-8.11111
-18.7778
-23.0556
-19.3889
-8.38889
-2.16667
2.05556
1.88889
0.444444
3.94444
1.11111
-2.72222
-3.05556
-0.166667
5.11111
10.7778
19.2222
24.6667
23.7222
15.3333
6.05556
0.5
-0.666667
-0.166667
-0.277778
-1.66667
-3.61111
-5.72222
-7.11111
-7.22222
-6.27778
-5.83333
-9.11111
-16
-18.8333
-15.1111
-3.22222
3.94444
6.83333
3.05556
-1.44444
6.16667
4.27778
1.05556
-0.5
-1.11111
-0.777778
2.44444
10.5
16.8333
15.8889
7.72222
-0.555556
-4.5
-4.11111
-2.38889
-1.27778
-1.38889
-1.83333
-2.83333
-3.88889
-5.16667
-5.55556
-5.44444
-6.22222
-8.38889
-8.94444
-5.72222
1.77778
7.33333
8.5
3.61111
-2.5
5.61111
6.38889
6.38889
4.61111
1
-2.5
-1.72222
3.72222
8.38889
7
0.277778
-5.72222
-7.5
-5.66667
-3.66667
-2.11111
-1
0.5
1.55556
1.77778
0.388889
-1.55556
-3.66667
-4.27778
-4
-3.05556
-1.38889
0.833333
3.66667
4.22222
1.72222
-2
2.11111
4.83333
8.5
8.5
4.83333
0.0555556
-1.16667
0.722222
1.83333
-1
-6.88889
-10.0556
-8.94444
-5.05556
-3.05556
-2.33333
-0.833333
2.55556
6.77778
8.27778
6.33333
1.88889
-2.38889
-3.44444
-1.94444
-0.0555556
0.388889
-1.16667
-1.27778
-1.33333
-1.05556
-1.38889
-2.94444
0.166667
5.72222
8.44444
7.44444
5
3.5
2.61111
0.333333
-4
-9.27778
-11.8333
-9.94444
-5.16667
-1.77778
-1
-0.0555556
3.27778
8.83333
11.3889
9.16667
3.61111
-1.55556
-2.94444
-1.72222
0.333333
0.5
-1.88889
-4.11111
-4.94444
-3.22222
-0.944444
1.46
0.36
-1.74
-4.18
-7.04
-8.7
-8.44
-5.96
-2.94
0.02
2.48
4.3
5.78
7.02
7.66
7
4.98
1.36
-2.3
-4.6
-5.14
-4
-2.26
-0.48
0.84
1.6
1.28
0.86
1.82
1.32
-0.12
-2.14
-4.1
-5.8
-6.44
-5.34
-3.32
-1.96
-0.84
-0.02
0.78
1.4
2.34
2.82
2.7
1
-0.96
-2.14
-2.22
-1.36
0.56
2.66
4.26
5.26
5.08
3.96
2.56
2.78
1.9
0.18
-1.22
-3.26
-4.9
-5.02
-3.74
-3.38
-3.02
-2.94
-2.96
-3.5
-2.96
-1.96
-0.52
-0.38
-0.3
-0.06
0.6
1.32
3.32
5.52
7.28
8.26
8.2
6.68
3.78
4.5
4.26
2.98
1.9
-0.42
-2.96
-4.44
-4.38
-5.16
-5.72
-6.48
-7.54
-8.66
-8
-6.08
-3.22
-1.06
0.6
1.76
2.78
3.42
5.38
7.76
9.7
10.64
10.74
8.96
5.16
6.4
6.8
6.1
5.18
2.88
-0.22
-3.1
-5.24
-7.8
-9.92
-11.62
-12.98
-12.78
-10.56
-7.24
-3.7
-0.62
1.34
2.4
3.32
4.38
6.58
9.16
11.34
12.42
12.58
10.54
6.66
8.2
9.14
8.92
7.94
5.64
2.02
-2.54
-7.42
-12.12
-15.82
-17.98
-18.18
-15
-9.92
-4.66
-0.6
2.18
3.22
3.32
3.86
5.12
7.48
9.98
11.86
12.42
12.34
10.2
7.82
9.38
10.6
10.86
9.86
7.72
3.78
-2.22
-9.6
-16.58
-22.1
-24.62
-23.04
-16.84
-8.42
-0.3
4.92
6.96
6.96
5.9
5.28
5.94
8.1
10.1
11.24
11.06
10.5
8.3
7.4
8.98
10.52
11.48
10.88
9.36
5.76
-0.92
-10.44
-19.68
-27.46
-31.32
-28.9
-19.66
-7.7
3.82
11.44
13.94
12.78
10.08
7.74
7.02
8.14
9.42
9.88
9.18
8.08
5.84
5.68
7.56
9.44
10.78
10.76
9.82
6.48
-0.6
-10.6
-20.84
-29.66
-34
-30.66
-20.42
-7.08
6.1
15.44
18.9
17.86
14.48
10.88
8.86
8.26
8.2
7.96
7.12
5.58
3.56
3.54
5.84
7.92
9.28
9.86
9.12
5.78
-1.16
-9.78
-19.48
-27.62
-31.4
-28.1
-20.12
-8.34
4.46
14.66
20.04
21.22
18.9
14.7
11.44
8.68
6.9
5.78
5.04
3.34
1.86
1.52
3.98
5.9
7.06
7.86
7
3.82
-1.78
-7.72
-15.06
-20.94
-23.72
-22.08
-18.72
-11.24
-1.02
9.14
16.8
21.54
21.84
18.3
14.14
9.72
6.38
4.44
3.58
1.84
0.64
0.56
3
4.42
4.92
5.42
4.02
0.88
-2.98
-5.86
-10.12
-12.66
-13.58
-14
-15.18
-12.86
-7.26
0.9
10.36
18.02
21.24
19.94
16.28
11.1
6.98
4.52
3.18
1.28
0
1.54
3.56
4.02
3.32
2.76
0.2
-3.4
-5.82
-5.58
-5.86
-3.62
-0.9
-2.18
-8.22
-12.12
-12.96
-9.56
-0.56
9.9
16.86
18.98
17.34
12.74
8.36
5.44
3.56
1.58
0.24
3.4
4.34
3.58
1.86
-0.3
-4.14
-8.04
-8.92
-6.46
-1.92
5.78
12.54
11.26
1.86
-8.4
-16.64
-19.46
-13.64
-2.16
8.3
14.68
16.14
13.84
10.3
7.22
4.62
2.46
0.86
4.34
4.16
2.56
0.18
-3.86
-8.68
-12.38
-11.84
-7.64
1.88
14.42
24.48
24.52
15.02
0.1
-15.36
-25.1
-25.26
-16.88
-5.14
5.9
11.76
13.5
12.52
10.26
6.9
4.18
1.84
4.12
3.38
1.56
-1.18
-6.28
-11.3
-14.76
-13.9
-9.12
2.82
17.7
29.9
32.4
25.74
10.22
-9.1
-24.48
-30.76
-27.9
-17.84
-4.34
6.12
12.04
14.2
13.26
9.7
5.98
2.84
2.44
1.38
-0.1
-2.8
-8.38
-13.02
-15.98
-15.46
-10.96
2.4
17.88
30.36
35.28
32.58
18.62
-1.16
-19.1
-30.34
-33.06
-26.26
-13.08
0.16
9.46
14.26
14.66
11.64
7.38
3.88
-0.26
-1.32
-2.3
-4.9
-10.4
-14.18
-16.36
-16.24
-11.96
1.24
14.84
25.38
31.78
33.32
23.38
7.1
-9.42
-23.1
-30.86
-28.76
-18.44
-5.06
6.26
13.1
14.74
12.34
8.1
4.4
-2.72
-3.26
-4.14
-7.36
-12.2
-14.84
-15.68
-15.04
-10.12
0.1
8.74
14.9
20.82
25.84
22.5
13.56
2.24
-9.96
-21.06
-23.94
-17.84
-6.58
4.2
11.72
13.94
11.54
7.54
4.04
-3.74
-3.84
-4.9
-8.34
-11.44
-12.7
-12.28
-11.08
-6.62
-1.34
1.28
2.4
6.16
12.28
15.52
15.82
12.48
5.36
-4.78
-11.18
-11.14
-5.18
2.28
8.08
9.7
7.44
4.42
1.88
-3.68
-3.5
-4.66
-7.48
-8.58
-8.46
-6.6
-4.34
-0.3
1.04
-1.04
-4.18
-3.42
0.94
7.12
13.6
16.74
14.6
7.7
0.22
-4.56
-4.8
-1.78
1.34
2.32
0.86
-0.06
-0.76
-2.78
-2.08
-2.84
-4
-2.52
-0.52
2.9
6.36
9.7
7.08
0.88
-5.58
-8.18
-7.34
-1.12
7.78
14.3
15.92
12.86
6.28
-0.92
-5.96
-7.36
-7.08
-6.54
-6.48
-5.02
-3.48
-1.94
-0.84
-0.84
0.12
4.08
8.06
13.08
17.58
19.36
13.68
5.06
-3.5
-8.88
-10.88
-6.5
1.2
8.06
11.58
11.26
6.66
-0.32
-7.54
-12.28
-14.1
-13.5
-11.64
-8.36
-4.86
-1.32
-0.08
1.5
5.58
12.04
18.12
23.84
27.38
26
18.62
9.34
0.52
-5.82
-9.52
-7.9
-3.18
1.82
4.88
5.86
2.52
-4.6
-12.86
-18.94
-21.7
-20.28
-15.54
-10.34
-5.42
0.16
1.26
3.96
9.8
17.46
24.98
30.78
32.82
29.12
20.92
11.66
3.52
-2.58
-6.76
-7.46
-6.2
-4.3
-2.94
-2.18
-4.54
-10.52
-17.68
-23.3
-25.58
-22.92
-15.84
-9.56
-4.16
3.12
3.92
6.74
12.36
19.24
26.34
30.92
31.02
25.58
17.12
8.44
1.66
-3.04
-5.72
-6.48
-6.64
-6.56
-6.5
-6.8
-8.94
-13.64
-18.74
-22.86
-23.88
-20.34
-12.54
-6.68
-2.08
5.12
5.44
7.44
11.32
16
21.02
23.48
21.78
15.46
8.24
1.74
-2.7
-4.78
-4.36
-3.56
-3.3
-3.2
-3.8
-5.5
-8.22
-12.12
-15.74
-18.14
-17.7
-13.84
-7.36
-2.96
-0.04
6.22
6.66
8.24
10.82
13.72
16.46
16.46
12.78
6.08
-0.3
-5.04
-7.12
-6.5
-3.68
-0.92
0.92
1.88
1.4
-0.82
-4.24
-8.5
-11.92
-13.64
-12.9
-9.84
-5.3
-2.24
-0.6