-23.125
-16.125
-8.75
-5.375
-4.75
-6.625
-11.625
-19.75
-34
-51.125
-65.125
-72.375
-73.875
-73.375
-71.125
-65.5
-54.125
-41.5
-30.25
-21.5
-17.125
-14.625
-15
-18.25
-21.125
-19
-12.625
-5.75
0.375
4.625
6.125
7.875
8.625
5.5
-28.25
-18.375
-8
-0.625
5.125
6.875
5.375
0.375
-12
-22.875
-31.5
-36.125
-35.375
-34.5
-33.375
-32.75
-31.125
-28
-23.5
-18.625
-13.75
-8.25
-6.25
-2
-0.625
2.875
12.5
18.75
28.375
31
26.75
21.25
13.125
6.125
-19.875
-12.875
-4.625
3.25
11.5
18.875
25.875
30.5
29.5
27.75
24.875
21.625
20
18.25
17.25
14.25
7.375
4
2.25
2
6.875
12.75
15.875
23.25
28.25
30.75
39.625
50.125
62.625
66.25
57.125
39.875
20.875
7.75
0.125
-1
0
3.75
8.5
16.125
25.25
31
34.625
35.625
35.125
32.875
28.375
23.5
20.375
18.75
14.5
13.875
11.375
8.125
9.625
9.75
13.875
18.625
24.75
28.375
32.125
44.375
54.25
61.125
55.5
38.875
21.75
7.5
14.75
11.5
6
3.125
2.5
5.75
10.75
12.75
14.375
14.375
13.875
13.125
10.125
6.375
4.125
3
2.625
3.125
1.75
-0.125
-0.875
-2.125
1
2.375
6
9.125
9.5
17
24.625
32.75
33.625
26.75
16.375
5.625
27.5
22.375
12.5
4.375
0.5
0.625
1.75
2
1.875
1.125
0.75
1
0.75
0.25
-0.625
-3.125
-3.5
-6.375
-8.5
-7.75
-8
-6.125
-4.125
-3.75
-3.125
-1.75
-1.375
0.625
6.75
13.625
17
17
11.125
3.625
31
24.625
16.5
7.125
1.375
0.5
-1
-1.625
-2.625
-3.75
-3.25
-1.75
0.125
1.5
0.25
-2.75
-4.875
-8.375
-9.75
-7.625
-6.125
-4.5
-2.75
-3.5
-4.5
-3.375
-3.625
-4.125
-2
2.375
5.125
7.625
6.125
1.5
13
13.375
13
6
-0.625
-2
-4.125
-4
-3.875
-3.875
-2.625
0.125
3.5
5
2.5
-1.125
-2.375
-3.125
-1
2.375
2.5
1.875
2.25
0.25
-1.75
-1.375
-2.625
-4.5
-4.625
-3
-1.25
1.125
0.875
-0.625
3.75
5.25
6.5
1.875
-4.5
-6.5
-6.625
-4.75
-2.5
-0.875
0.125
1.625
3.875
3.625
-1.375
-4.375
2.875
6.875
11.875
14.375
6.625
4
4.375
3.875
1.75
0.5
-1.125
-4.125
-4.5
-4.25
-3.125
-1.625
-2.625
-2.5
6.875
8.5
6.125
1.125
-5.375
-8.375
-5.75
-2.75
0.25
2.625
2.375
1.625
0.5
-4.125
-9.5
-5.25
13
27.125
33.625
27.125
9.75
1.875
1.625
4.75
4.5
2
-0.125
-3.625
-4
-4
-3.375
-1.75
-2.5
-2.875
15.25
18.125
13
5.75
-2.25
-7.25
-4.625
-1.875
0.125
1.75
1.5
-0.75
-5.75
-12.5
-13.125
1.375
23.5
46.75
54.5
39.75
19.375
3.375
-2.25
0.875
4.25
3.125
0.25
-3.375
-3.5
-3.5
-2.125
1.5
2.125
0.875
28.375
25.625
19.875
12.875
4
-3.375
-3.25
-2
-1.5
-1.75
-2
-5.375
-11.75
-14.125
-7.5
9
25.75
43.875
51.25
42.875
28.25
9.375
-3.5
-6.875
-1.875
2.125
0.75
-2
-2.125
-2.375
0.875
6.625
8.625
7.625
17.375
15.25
14.375
13.125
7.875
1.125
0
-0.25
-1
-2.375
-4.25
-7.625
-11.625
-9.375
1.375
13
21.75
27.125
31.125
33.25
28.25
14.5
-1.75
-11.625
-10.375
-2.75
0.5
-0.625
-0.875
-1.5
2.875
9.25
11.75
11.625
-23.625
-19.75
-12.25
-3.25
2.5
3
2.5
1.375
0.25
-0.875
-1.75
-4.875
-7.375
-4.375
5
14.375
16.5
15
13
16.125
21.375
15.125
2.625
-8.125
-12.25
-6.5
-0.625
0.125
0.25
-1
3.75
9.75
12
12.75
-70.625
-64.625
-46.5
-24.375
-6.125
2.75
3
0.875
-0.375
-0.5
-1.375
-6
-6.5
-0.5
9.125
16.5
11.25
1.25
-8.125
-4.5
9.625
12.375
7.625
-1.25
-9.5
-8.125
-3
-1.375
-0.5
-4.75
-3.125
0.625
1.875
6
-80
-75
-52.75
-26.375
-6.625
3
3.375
0.5
-1.625
-2.375
-8
-12.75
-7
5.625
18.25
15.25
-0.375
-23.875
-37.125
-24.25
-2.25
13.125
14.375
5.25
-7.75
-12
-8
-7.125
-10.125
-20.625
-26.5
-25.875
-21.375
-10.375
-41.875
-39.375
-27.25
-12.5
-2
2.625
3
1
-1.75
-5.375
-12.875
-13.125
-2.25
13.375
23.625
9.5
-11.75
-36.5
-47
-30
-6.375
17.75
23.375
14.125
-1.875
-14.625
-14.375
-14.625
-26.75
-42.75
-53.625
-53.375
-39.125
-22.125
-10.25
-8.875
-6
-2.875
-0.75
-0.5
-0.25
-0.125
-1.75
-7
-11.375
-7.125
4.125
18.5
24.5
11.875
-1.25
-13.25
-19.5
-14.25
-5
15.125
26.5
22.875
9.875
-9.875
-18.75
-21
-37.125
-53.375
-64.75
-63.375
-42.625
-23.75
-3.75
-2.5
-0.375
0.625
-0.375
-2
-3.125
-2.875
-2.125
-7.25
-8.75
-2.5
7.125
19.75
24.125
18.125
12.875
11.5
9
2.75
-2.875
4.875
19.625
25.125
19.25
0.375
-17.875
-25
-35.25
-43.125
-49
-46
-29.125
-15.125
-4.375
-5.125
-4.125
-3.375
-4.75
-5.625
-6.25
-6.375
-5.25
-9.875
-7.625
2.375
12.5
22.875
23.125
16.375
9.25
11.5
13.375
6.75
-1.375
-4.5
6.25
18.375
21.75
10.875
-9.25
-21.25
-24.625
-22
-19.375
-16.125
-9.625
-4.875
-3.25
-4.875
-6
-7.125
-8
-7.75
-7.125
-7.875
-11
-13.625
-4.125
11
23.375
28.75
21.375
11.125
3.75
8.25
12.5
7.5
-1
-8.75
-4.125
10.375
22.25
19
3.25
-9.875
-13.375
-9.125
-3.75
-2.5
-2.5
-2
3.375
5.875
7.625
7.625
7.625
5.75
1.5
-4.75
-13.125
-11.125
3.5
19.25
30.125
27.5
15
6.125
1.375
6.625
11.25
7.125
0.375
-6.375
-4.75
9
23.125
23.5
12.5
-0.75
-7.25
-5.375
0.625
3.75
5.375
7.5
6.875
12.25
17.625
19.375
18.625
13.375
4
-5.125
-11.75
-3.25
11.625
23.375
28.625
19.625
7.5
2.25
-1.375
1.375
7
7.25
6.25
2.875
0.25
9.375
21.875
25.25
19.125
5
-4.375
-3.125
6.875
17.75
25.875
32.125
2
4.25
7.5
9.25
8
4.25
-2
-7.75
-7.5
3.75
15.875
23.375
23.125
11.875
1.125
-1.125
-2.5
-1.125
4.375
6.875
8.5
5.875
1
3.75
14.875
24.5
24.625
13.375
2.625
3.625
15.875
32.625
43.875
48
-5.25
-8
-9
-6.125
-3.75
-2.125
-3.125
-6.875
-3.875
5.625
12.875
16.5
12.375
0.375
-7.5
-4.75
-1.125
0.75
2.75
2.5
3.875
0.625
-2.125
-5.5
-1.75
11.875
19.125
15.25
6.5
4.375
7
16.25
21
14.5
-9.75
-14.875
-17
-13.875
-8.875
-6.375
-7.75
-10.625
-8.625
-1.25
-0.625
-4
-12.875
-24.75
-25.125
-16.5
-8.125
-7.375
-8.875
-9.375
-6.5
-6.125
-10.125
-19.75
-29
-20.625
-7
-3
-7.125
-14.75
-27.125
-33
-34.75
-41.875
-9.625
-12
-12.375
-11
-9.5
-11.75
-15.625
-16.75
-15.75
-16.875
-25.625
-39.875
-55.25
-63.375
-60.375
-51.25
-42.125
-41.75
-43.625
-43.625
-41.5
-38.375
-42.625
-52.25
-62.75
-59.625
-44
-29.625
-23.25
-29.125
-40
-47.875
-47.125
-40
3.75
5
5.125
2.75
-3
-9.875
-14.625
-15.125
-15
-25.375
-39.875
-58
-73.5
-76.375
-75.25
-70.125
-64
-62.25
-62.375
-62.625
-61.875
-58.625
-57.875
-60.625
-61.75
-58.625
-47
-28.25
-15.125
-13.625
-10.5
-8
-0.375
16.5
32.625
31.625
27.25
18.375
6.625
-1.875
-4.875
-3.25
-1
-6.75
-15.125
-23.875
-29.375
-28.375
-27
-24.875
-25.125
-27.25
-28
-26
-19.25
-10.25
-2.5
1
3
4.625
8.5
17
23.125
24.75
28.375
30.5
33.75
39.75
40.5
35
26.125
14.75
4.75
0.25
3.5
11.625
19.375
24
25.75
26.75
29.75
33
34.375
33.5
26.125
16.125
10.875
12.875
24.5
39.875
52.625
58.5
58.625
56.875
54
52.375
50.5
46
37.5
25.875
12.75
0.5
3
-2.375
-7.125
-10.75
-9.75
-3.625
7
19.875
30.125
37.375
41.125
43.875
46.5
47.25
45.75
40.625
32.375
21.875
14.375
12.25
16.25
25.875
34.75
39.375
39.625
36.5
32.25
29.25
26.5
21.375
9.625
-7
-25.5
-41.5
-22.875
-22.875
-20.875
-17.125
-8.125
3.875
15.875
26.25
31
31.125
27.875
24.75
20.875
16.375
12
6.375
4.25
2.625
0.25
-3.375
-10.375
-14.875
-16.75
-16.5
-15.375
-15.75
-15.75
-14.875
-13.5
-12.125
-15.25
-21.75
-28.875
-36
7.375
10.5
12
13.75
18.75
23.5
26.125
25.25
18
8.25
-1.125
-9.625
-16.875
-21.875
-24.625
-23.875
-17.25
-7.75
-0.875
-0.875
-10.625
-25.125
-36.75
-42.875
-42.5
-37.125
-29.875
-22.25
-15
-8.625
-3.75
0.125
3.625
3.625
33.375
32.375
29.875
27.75
25.875
22
14.625
4.5
-7.375
-17
-23
-27.625
-30.625
-31.375
-28.375
-19.875
-7
8.125
18.875
21.25
14.5
-0.5
-16.25
-27.125
-30.125
-24
-12.75
-1
8.625
15
20
23.75
26.125
24.5
-11.625
-75.625
-52
-10.625
-5.5
-16.875
-14.125
6.5
30
31.875
12.375
-1.625
-2.125
-0.625
-5.125
-14
-19.875
-17.75
-10
-3.75
0.375
3.625
5.5
7
6.875
-3.5
-16.875
-4.25
26.875
39.875
20.875
-14.875
-27.375
-1.25
-5
-66.625
-42
-6.625
-7.375
-16.125
-11.375
2.875
16.25
15.375
4.25
-1.625
-1.375
-1.5
-3.875
-9.5
-15.375
-12.25
-1.25
4.125
3.75
6.75
7.5
4
3.875
-0.625
-5.5
8.5
32.625
39.75
16
-23
-35.125
-6.875
-0.125
-57.375
-33.875
-2
-3.5
-11.125
-8.625
-0.75
5.75
5
0.875
-2.125
-4.25
-4.5
-3
-6.25
-14.875
-11.75
3.75
8.25
4.375
9.25
12.625
8.25
6
2
3.875
22.875
42.125
39.25
5.875
-37.375
-46.125
-13.25
4.375
-52
-31.25
1.25
3.5
-4.125
-5.25
-0.75
2.125
0.375
-0.625
-2.625
-7.125
-8.25
-4.125
-5.75
-18.75
-16.125
6.625
11.625
3.875
11.25
19.125
14.625
8.75
3.375
10.125
36.375
55
40.875
-6.75
-56.125
-59.75
-20.25
6.25
-53.25
-33.75
1.625
9
3.5
1.5
3.25
2.875
-0.125
-1.375
-4.375
-10.625
-12.375
-5.375
-5.75
-23.875
-22.375
6.75
13.625
3.375
12.625
24.5
19.875
11.5
4.625
13.25
47.5
70.875
46.5
-19.375
-77
-74.375
-26.875
0.5
-62.375
-42.5
-1.625
11.25
7.375
5
4
1.375
-0.625
-0.5
-4.5
-14
-16.5
-6.625
-5.625
-25
-24.375
4.75
12.75
4.5
13.375
26.625
23.75
13.125
6
14.875
52.125
80.5
54.875
-20.75
-89
-85.375
-32.125
2.75
-70.375
-53.5
-7.125
10.125
8.25
6.25
3.375
0.125
-0.75
0.25
-3
-12.625
-17.25
-9.25
-8.5
-26.625
-25.125
3.75
13.875
7.375
13.5
25.75
24.5
13.5
6.875
15.625
52.375
85.25
63.875
-17.625
-95.125
-92.375
-36
7.25
-75.625
-64.25
-13.75
7.375
7.75
6.625
3
0.125
-0.375
0.875
-0.875
-9.25
-16
-13.75
-15.625
-25.625
-19.625
1.75
12.125
11.5
15.125
23.25
22.75
13.5
7.375
15.375
50
86.125
71.5
-12.75
-98.125
-97.125
-38.125
11.25
-77
-73.75
-21.375
4.25
7.5
7.625
3.75
1.25
0.625
1.125
0.125
-6.375
-15.125
-20.625
-22.875
-16.125
-5.125
-2.625
2.125
12.125
18
22.125
20.875
12.75
7.25
14.375
46.625
84.75
76
-8.625
-99.375
-99.875
-38.75
24.625
-73
-82.375
-31.125
0.375
7.625
9.75
6.75
3.25
1.375
1.125
0.375
-5.25
-18.125
-28.75
-20.75
7
15.875
-8.875
-17.875
1.75
19.375
24.625
19.75
11
6
12.375
42.625
83.25
80
-5.875
-100.25
-101
-38.875
28.75
-70.375
-90.75
-43.75
-5
8.5
12.375
9.875
5.375
2
1
-1.25
-9.75
-23.5
-29.875
-8.625
34
37.25
-12.75
-39.75
-18.125
13.125
28.5
23.125
10.25
3.875
10
38.875
82
83.5
-3.125
-99.25
-100.625
-40.375
30.375
-65.375
-97.375
-58.875
-12
9.625
14.5
11.75
6.25
2
-0.25
-4.875
-15.5
-27.375
-24.25
10.5
58.25
51.875
-14
-54.875
-40
-2.375
26.5
28.125
13.625
3.875
7.75
35
81.125
86.875
-0.125
-95.875
-98.125
-43.375
31.625
-57.5
-98.875
-71.125
-18.625
10.875
15.75
11.5
5.75
1.875
-1.25
-8.875
-22.125
-29.375
-11.875
33.5
73
54.625
-11.375
-58
-57.5
-23.75
16.25
31.375
20.375
6.75
6.75
31.625
80.125
89.75
3.875
-89.75
-94.5
-48.125
25.875
-49.75
-90
-70.75
-20.5
11.5
15.75
9.625
4.5
2.125
-1
-12.625
-30.125
-27.875
7
52.875
71.75
45
-5.5
-47.875
-63.125
-43.875
-0.875
30.125
27.75
12.5
7.875
28.875
79
91.5
8.5
-80.75
-90.75
-54.5
21.375
-33.875
-67.5
-56.625
-16.125
11.5
14.5
7.625
2.625
2.25
-2.375
-20
-33.5
-14.5
28.125
58
55.5
29
-3.875
-32
-50.125
-51.625
-23.125
19.5
34
20.625
10.5
26.625
77.5
90.5
7.625
-74.375
-84.375
-55.75
17
-20.25
-42.5
-35.125
-7.125
11.5
12.375
5.5
0.625
1.125
-5.5
-26
-30.25
4.375
44.75
49
26.875
10.375
-0.875
-12.5
-24.5
-42.875
-41.625
-2
31.5
29
15.5
23.875
70.125
81.875
4.5
-65.625
-73.375
-51.125
13.125
-9.375
-20.5
-14
2.5
11.125
10
4.5
-1
-2.375
-10.875
-28.625
-19.5
26.125
55.625
30.5
-5.25
-4.75
2.25
2.5
2.125
-21.5
-47.625
-27.875
16.125
32.375
22.375
21.625
55.75
64
-0.125
-53.125
-57.125
-40.375
12
1.375
-6
-2.125
7.75
10.25
8
4.625
-1.5
-7.75
-19.375
-27.625
0.125
50
60
6.375
-32.75
-11.25
3.75
7.75
20.25
3.625
-38.25
-48.625
-10.625
25.625
28.75
21
36.375
38.875
-5.75
-37.875
-35.875
-23.75
11.75
4.25
-1.125
2.375
8.375
7.25
6.375
5.875
-1.125
-14.5
-28.5
-19.5
24.625
65.75
54.375
-14.625
-50.625
-12.25
8.5
7.75
24.625
23.125
-17.875
-55.875
-39.25
6.875
28.125
21.75
20.25
17.625
-5.25
-20.25
-17.625
-11.125
11.125
4.875
-0.625
2.125
7
6.125
7.75
8.375
-1.75
-21.875
-31.125
-1.375
47.5
69.875
43.625
-26.625
-56
-8.25
12.875
-1
10.875
30.5
10.25
-44.875
-60.25
-18.375
18.75
21.75
12.625
5
-4.375
-8.125
-5.375
-2.625
10.75
5.875
0.5
1.625
4.75
4.75
8.125
7.375
-5.75
-26.125
-23.625
21.5
63.125
64.75
30.875
-32.875
-56
-3.5
18.75
-10.5
-11
27.25
37.125
-20.625
-68.25
-44.5
1
18.875
13.375
3.125
-2.5
-2
0.75
2
11.625
8.375
3.375
2.125
2.375
2
4.75
1.25
-12.375
-24.625
-6.25
44
69.375
53.25
17.25
-37.875
-57.125
-1.375
28
-12.125
-29.875
16.875
53.5
7
-60.125
-63.25
-23
10.25
19.25
11.125
2.125
0.75
2.625
3.5
14.625
12
4.625
0.375
-0.375
-0.625
-0.5
-5.875
-16.75
-16.75
17.625
63.375
66.375
36.875
4.5
-40
-56.125
-0.125
36
-8.75
-42.5
4.875
59.5
27.375
-42.625
-68
-46.375
-6.75
20.625
21.375
11.125
7.25
7.375
7.625
16.75
16
8
1.25
-1.75
-4
-7.25
-15.25
-20.5
-3
41.875
72.375
55.125
21.625
-5.625
-40.625
-51.5
1.875
39.125
-6.875
-47.75
-2.875
58.75
40
-23.625
-61
-60.375
-27.375
14.875
34.375
27.625
15.625
9.875
7.75
15.5
16.75
10.75
4.625
-0.25
-6.875
-14.625
-22.875
-19.125
14.625
60.125
69.5
40.375
10.875
-10.5
-36.5
-43.625
1
35.75
-2.25
-41.875
-7.875
46.875
40.5
-8
-47.875
-62.875
-43.75
1
39.375
42.5
22
9
5.5
11.25
14.375
11.75
8.875
3.125
-9.125
-21
-26.375
-13.125
29
65.875
57.25
26.125
4.5
-10.875
-28.25
-32.875
-1.375
26.625
2.375
-28.75
-9.875
28.625
31.25
1.5
-32.375
-53.75
-49.5
-13.875
35
49.625
25.75
8.25
4.125
7.375
11.25
12.375
13
6.25
-12
-26.625
-27.5
-8
31.625
55.875
40.375
14.5
0.375
-9.625
-19
-19.875
-1.5
14.375
0.125
-17.25
-6.875
15.125
19.5
4
-16.875
-35.25
-41.375
-18.5
26.625
45.75
27.875
12.625
5.75
5
8.5
12.125
13.5
2.75
-18.875
-31.125
-26.125
-4.25
27.875
40.125
23
6
-0.375
-4.75
-8.875
-10.75
-3.75
5.375
2.375
-4.625
-2.625
4.875
8.375
2.5
-8.375
-18
-25.5
-17.875
13.875
38.25
34.25
22.125
11.25
4.125
5.625
7.5
6.375
-6.625
-26.375
-31.375
-19.5
0.5
20
23.375
11.875
3.125
0.875
-1
-3.875
-8.375
-9.5
-1.5
7.5
9.5
6.75
4
3.25
0.5
-4.375
-7.5
-11.5
-10.875
5
26.625
36.5
30
14.25
2.75
2.25
1.375
-2.75
-16
-29.75
-25.25
-9.125
5.375
13
12
8
4.5
2.5
-0.375
-5
-12.125
-17.125
-6.875
12.125
21.75
18.625
10.625
3.75
-1.125
-3.375
-4.25
-4.625
-3.25
1.25
15.25
32.375
30.5
12.25
-1.5
-1.875
-2.375
-7.75
-20
-25.375
-12.75
1.625
8.875
12.875
11.875
8.375
5.75
3.25
-2
-9.375
-18.875
-25.125
-11.875
14.75
30.5
28.875
18.25
5.875
-3.375
-6.25
-5.5
-4.5
-4
-2.125
8.125
21
18.75
4.5
-2.625
-3.875
-5.625
-11.125
-17.625
-14.875
-0.875
9.75
12
11.375
8.625
6
4.875
2.375
-5
-14.375
-23.5
-28.875
-14.75
14.625
32.625
31.625
21.5
7.75
-4.625
-8.25
-5.75
-3.375
-3
-3.625
0.25
7.5
7.125
-2.5
-2.875
-5
-6.5
-9.75
-11.75
-6.5
3.125
8
8
7
4.625
2.875
2.625
-0.125
-7.375
-14.625
-19.5
-22.5
-12.875
9.375
23.625
23.625
17.5
6.875
-3.5
-4.375
-0.125
1.25
-0.25
-2.125
-1.25
1.375
0.375
-6.875
-3.125
-5.875
-6.625
-8
-7.875
-2.75
2.125
2.5
2.125
2
-0.25
-1.625
-0.875
-2.125
-5.875
-8.375
-9
-10.625
-7.375
3.5
10.25
9.5
6.75
1.625
-2.375
1.75
9
10.5
5.875
1.25
1
1.75
-1.125
-10.25
-21.1667
-13.0556
-4.16667
3.27778
7.22222
5.11111
-3.11111
-11.4444
-20.3889
-29.7778
-39.1111
-44.7778
-44.1667
-42.5
-41.2222
-37.3889
-30.8889
-24.5556
-19.1667
-12.2222
-6.38889
-2.27778
-0.833333
4.22222
13.1111
20.8889
29.8333
36.3333
40.6111
39.0556
31.8333
22.6667
-14.8333
-7.38889
2.77778
12
18.9444
22.9444
23.5556
22.7222
19.3889
14.4444
8.38889
3.77778
2.83333
0.833333
-3.66667
-4.77778
-3.61111
-3.05556
-3.11111
0.666667
7.5
13.2778
17
23.3333
33.8889
45.5556
57
62.5556
63.0556
58.7778
48.3889
33
-1.22222
2
7.38889
13.4444
19.3889
25.0556
30
32.6111
33.2778
31.3333
27.1111
23.1667
21.1111
18.0556
11.8889
9
8.16667
6.83333
4.55556
5.05556
11
14.8889
18.8333
23.9444
32.3333
44.2222
54.5
61.5
61.0556
57.2222
48.5556
33.7222
14.2222
12
10.2778
10.7778
13.3333
17.1667
21.7222
24.6667
26.4444
25.5
22.5
19.6667
17.7222
14.7778
10.2222
7
5.33333
3.88889
1.77778
1.11111
4.61111
6.94444
10.3889
13.6667
18.5
27.3889
35.6667
43.6111
44.2222
42.4444
37.6111
27.5
23.2222
18.6111
12.2222
7.11111
4.61111
4.83333
5.88889
6.66667
7.44444
7.16667
6.16667
5.33333
4.33333
2.38889
0.333333
-2.72222
-4.72222
-5.33333
-5.66667
-5.94444
-4.66667
-3.22222
-0.944444
0.388889
1.61111
5.61111
11
18.3889
20.6111
20.9444
20.1111
16.7778
25
19.5
12.8333
5.66667
0.333333
-1
-1.77778
-1.55556
-1.16667
-0.555556
0.777778
1.55556
0.388889
-1.44444
-1.44444
-4.16667
-7.22222
-7.66667
-5.72222
-4.61111
-5.22222
-4.16667
-2.55556
-2.5
-3.66667
-3.38889
-0.666667
4.38889
6.44444
7.11111
7.55556
7.94444
16.0556
13
9.44444
3.05556
-3.16667
-4.66667
-5.22222
-4.44444
-3.61111
-1.77778
1.16667
2.16667
-0.388889
-1.83333
1.94444
1.27778
-1.66667
-1.38889
2.77778
4.5
0.611111
-0.333333
0.222222
-0.444444
-2.94444
-5
-4.38889
-1.94444
-0.888889
-0.888889
-0.333333
1.83333
9.33333
7.38889
5.61111
0.444444
-5.11111
-6.22222
-5.27778
-3.38889
-1.83333
0.222222
2.22222
1.11111
-3.22222
-2.72222
7.05556
11.1111
9.88889
10.8889
16.3889
16.8333
7.38889
2.66667
2.44444
2.55556
0
-3.61111
-4.27778
-3.83333
-3.88889
-4.44444
-4.11111
-1.66667
9.88889
7.33333
5
0.0555556
-5.33333
-7.11111
-5
-2.5
-0.555556
0.611111
-0.0555556
-3.5
-7.11111
-2.38889
11.8889
22.3333
26.4444
28.8889
31.7778
27.9444
14.6667
5.16667
2.16667
2.88889
1.94444
-1.83333
-2.94444
-3.66667
-3.94444
-4.05556
-3.16667
-1.11111
18.6667
13.4444
9.5
4.27778
-1.83333
-5.72222
-3.88889
-1.66667
-0.444444
-1.22222
-5
-9.38889
-9.55556
-0.222222
14.8889
30.2778
41.0556
45.4444
43.3333
33.5556
19.4444
6.77778
0.0555556
-0.222222
0.722222
-1.38889
-1.94444
-2.94444
-2.66667
-1.33333
0.555556
2
24.3333
16.1667
12.5
8.88889
2.38889
-3.61111
-2.94444
-1.77778
-1.94444
-4.83333
-9.66667
-11.8333
-7.27778
3.5
14.8333
30.5556
46.2778
52.7222
45.7778
32.1111
21.0556
9.05556
-1.11111
-4.83333
-3.27778
-1.94444
-1
-1.55556
0.0555556
3.05556
5.94444
7.05556
9.27778
4.72222
5.44444
6.94444
4.38889
-0.555556
-0.944444
-0.888889
-2.22222
-6.33333
-10.6667
-9.94444
-2.33333
6.94444
12.9444
24.5556
39.2778
46.1667
38.8889
25.2778
17.3333
9.05556
-0.611111
-7.16667
-7.77778
-4.5
-0.888889
-0.611111
2.33333
6.22222
9.44444
10.6667
-25.8333
-22.8333
-14.0556
-3.72222
1.72222
1.27778
0.555556
-0.111111
-2.22222
-7.38889
-9.83333
-5.33333
3.72222
8.72222
9.38889
15.3889
24.1111
28.2222
23.3889
14.4444
10.5
7.27778
1.33333
-5.94444
-10.0556
-7.33333
-2.11111
-2
0.722222
3.83333
6.5
8.11111
-59.8333
-48.4444
-32.6667
-15.3333
-2.22222
2.5
1.72222
0.0555556
-3.22222
-8.33333
-8.11111
-0.555556
8.05556
7.88889
4.22222
4.27778
4
3.38889
3.22222
3.33333
4.11111
5.27778
4.5
-1.5
-9.66667
-11.6667
-8.22222
-10.0556
-9.66667
-8.77778
-7.05556
-4.44444
-69.2222
-56.0556
-37.7778
-18.8333
-4.27778
2.22222
1.38889
-1.66667
-7.22222
-11
-6.72222
3.83333
11.1667
5.77778
1.27778
-4.05556
-12.8333
-18.7222
-15.1111
-3.61111
1.66667
5.72222
7.83333
3.22222
-7.61111
-16.5556
-19.8889
-25.7222
-29.4444
-31.6111
-31
-26.7778
-48.5
-39.0556
-26
-13.3333
-3.44444
1.5
0.555556
-4.27778
-10.4444
-10.4444
-2.77778
7.66667
12.7778
6.77778
3.88889
-4.44444
-18
-27.1111
-21.7222
-1.77778
6.72222
9.5
11
8.05556
-2.83333
-19.7222
-34.6111
-44.3889
-50.5556
-54.2222
-54.0556
-47.9444
-22.8333
-18.1667
-11.7778
-6.22222
-2.05556
0.111111
-1.11111
-7.22222
-11.8889
-7.77778
1.66667
10.4444
14
12.1111
12.8333
5.5
-7.77778
-18.4444
-15.7778
4
14.2778
14.3333
12.1667
10.1111
2.38889
-17.6111
-42.0556
-54.5556
-59.8333
-61.8333
-61
-54.0556
-7.83333
-6.88889
-6.16667
-5.5
-4.44444
-3.77778
-5.05556
-10.9444
-10.9444
-2.77778
6.72222
13
16.3889
20.6667
22.3333
17.6111
8.11111
-2.11111
-4.83333
7.61111
18.7222
17
11.7222
10.2222
7.22222
-9.83333
-37
-50.3333
-53.3889
-52.0556
-49.6111
-43.5
-4.11111
-4.61111
-5.44444
-5.5
-5.38889
-6.33333
-8.77778
-13.2778
-8.83333
1.44444
10.3333
15.6667
19.8333
26.2222
24.7778
21.1111
15.7222
7.5
0.444444
4.11111
15.5556
16.3333
11
9.11111
9.55556
0.222222
-20.8889
-33.7222
-35.4444
-31.2778
-26.8333
-22.4444
-1
-1.77778
-2.16667
-2.33333
-3.61111
-6.94444
-11.4444
-12.9444
-4.61111
6.44444
14.4444
19.5
24.8333
29.0556
22.2222
17.8333
15.6111
10.1667
1.88889
0.444444
9.94444
13.6667
11.5
10.6667
12.6667
9.27778
-3.55556
-15.2222
-18.5
-14.3889
-8.44444
-4.55556
6.55556
7.38889
8.27778
7.44444
3.55556
-3
-9.77778
-8.22222
1.11111
10.7778
17.6111
22.5
27.1667
26.1667
15.0556
10.0556
10.4444
8.83333
2.88889
0.0555556
7.05556
13.6667
15.2778
15.1111
16.1111
14.8333
8.83333
-0.833333
-4.77778
-0.5
8.22222
15.3889
9.72222
11.7778
13.5
12.3889
7.22222
-0.444444
-6.5
-1.88889
7.05556
14.2222
19.5
23.5
25.3333
20.2222
8.77778
4.38889
6
7.33333
5.33333
1.83333
4.94444
11.5556
17.0556
19.2222
19.1667
17.8889
16.3333
11.3889
7.83333
11.7222
22.2222
33.0556
4.72222
6.55556
7.94444
7.16667
2.88889
-2.72222
-4.88889
2
8.77778
13.1111
16.7778
19.1111
17.2778
10.4444
2.5
-0.777778
1.27778
6
8.55556
3.83333
2.66667
8
14.7778
17.5
16.1111
14.6667
15.4444
15.2778
12.8889
14.3889
22.3333
33.1667
-5.94444
-5.27778
-4.5
-4.16667
-5.72222
-7.77778
-5.88889
0.722222
3.55556
3.88889
4.38889
3.77778
-1.16667
-6.72222
-9.11111
-10.6667
-9.22222
-2.94444
2.83333
-3.61111
-9.33333
-7.55556
-1.77778
1.77778
1.22222
1.55556
3.55556
7.38889
5.61111
2.05556
1.72222
5.94444
-13.3333
-13.2778
-13.3889
-14.1111
-14.8333
-14.2222
-11.3889
-9.38889
-13.0556
-17.5
-21.8333
-27.7778
-35.2222
-38.1667
-35.3333
-35.3889
-33.5
-25.9444
-19.1667
-25.5
-34.1667
-34.8333
-32.6111
-30.8889
-29.8889
-25.9444
-21.7778
-17.6667
-17.7778
-22.7222
-28.4444
-30
-7.22222
-7.83333
-10
-13.1667
-15.1667
-15.2778
-15.5
-20.3889
-29.4444
-38.5556
-48.1667
-59
-68.2222
-68.7778
-63.6667
-62.2778
-59.8889
-53.1667
-47
-50.8333
-58.1667
-59.2778
-58.3889
-56.7222
-52.8333
-44.3889
-36.7778
-31.9444
-27.7222
-27.3889
-30.4444
-32.2778
11.8333
8.61111
2.44444
-4.5
-9.05556
-11
-13.7778
-22.3333
-31.5
-40.8333
-51.7222
-63.8333
-72.6667
-71.5556
-68
-67.4444
-65.7778
-60.7778
-55.3889
-54.7222
-55.9444
-53.4444
-50.2222
-47.5556
-42.3333
-32.0556
-22.5556
-18.3333
-11.9444
-6.16667
-3.88889
-4.16667
30.1111
22.8889
13.3889
5.55556
1.11111
-1
-2.88889
-6.88889
-9.55556
-13.9444
-20.4444
-27.5
-32.2222
-31.1667
-31.2778
-33.5556
-34.5556
-32.4444
-27.7778
-23.2222
-17.2222
-9.72222
-3.05556
1.22222
5.38889
12.0556
17.3889
19
22.0556
24.9444
24.8889
21.3333
26.3333
17.7778
9.55556
5.05556
5.11111
7.77778
11.8333
16.2778
21.2222
23.5556
23.1667
21.5
19.9444
19.3889
15.4444
8.88889
3.55556
1.88889
4.55556
10.0556
19.0556
29
37
41.1667
42.6667
43.8889
43.6667
41
36.3333
30.0556
21.3889
10.1111
6.66667
1.5
-0.444444
1.94444
8.05556
15.8889
24.3889
33.6667
40
43.1667
43.6667
42.7222
40.7778
37.2778
32.5556
25.5556
19.1667
15.0556
14.3333
16.9444
21.7778
27.5
31.7222
34
34.3889
33.3333
31
27.8333
20.9444
10.9444
-0.944444
-14.0556
-3.16667
-3.44444
0.166667
6.33333
13.8333
21.3889
28.1111
33.3333
33.8333
32
28.6667
24.6111
20.3333
16.3889
14.6667
12.4444
9.72222
6.61111
3.66667
1.55556
-1.55556
-4.44444
-6.05556
-5.72222
-3.83333
-2
-0.222222
1.33333
-0.777778
-6.22222
-13.2778
-21.6111
9
10.5556
14.5
18.3333
20.7222
22.1111
21.8333
19.0556
11.9444
3.94444
-3.44444
-9.72222
-13.8333
-14.6667
-10.6667
-4.44444
0.777778
2.77778
0.611111
-5.16667
-14.8333
-25.5556
-33.2778
-35.3889
-31.9444
-25.3889
-17.7778
-9.88889
-3.77778
-0.666667
0.166667
-1.88889
-48.5
-55.5
-28.1667
-12.1667
-10.5556
-7.33333
7.88889
21.8889
23.8333
13.3333
2
-3.88889
-5.72222
-10.2778
-19.1111
-24.2778
-21.4444
-10.1111
-0.944444
6.11111
9.38889
13.7222
12.9444
7.88889
0.222222
3.33333
20.9444
41.1111
38.5
8.16667
-26.8333
-34.5556
-42.0556
-49.1667
-23.7778
-8.66667
-6.83333
-5.16667
4.11111
11.6111
11.7222
5
-2.38889
-6.88889
-7.83333
-9.61111
-15.5556
-18.8889
-15.6111
-3.5
4.33333
10
12.1667
16.1667
14.4444
9.33333
5.44444
14.3333
34.8889
52.1111
40.3889
1
-40.5
-47.7778
-37.8889
-45.6667
-20.3889
-4.22222
-2.27778
-3.05556
0.777778
4.05556
3.61111
0.111111
-5.44444
-9.5
-10.2222
-10.0556
-14.5556
-17.6667
-14.1667
-1.05556
7.11111
12.8333
15.3333
20.6667
18.7222
13.5
10.8889
24.1111
47.9444
63.6111
43.5
-6.55556
-55.3333
-62.5
-39.6667
-47.4444
-19.5
0
3
0.166667
0.277778
1
0.111111
-1.94444
-6.94444
-11.3333
-12.6111
-12.4444
-17.5556
-21.3333
-17.1111
-1.33333
9.11111
16.2222
19.5
25.7222
23.5
17.4444
15.1667
31.5
59
74.5
46.8889
-13.8889
-70.7222
-77.6111
-42.3333
-52.2778
-21.6667
2.33333
8.61111
5.5
3.44444
2
0.111111
-2.16667
-7.61111
-13
-15.1111
-15.7222
-21.8889
-26.2778
-21.0556
-2.22222
10.4444
18.5
22.1111
28.8889
27.2778
20.2778
18.1667
36.6111
68.2222
84.8333
50.6111
-20.6111
-85.6667
-91.8889
-47.5556
-60.5
-27.6111
0.777778
10.7778
8
4.88889
2.33333
0.611111
-1.44444
-6.88889
-13.8889
-17.9444
-19.8889
-24.4444
-26.6111
-20
-2.44444
10.0556
18.1667
23.3333
29.6111
29.2222
21.1667
19.8889
38.1667
72.6667
91.8333
56.1111
-20.7778
-93.3333
-100.944
-52.7222
-70.1111
-36
-3.38889
10.8333
9.44444
6.33333
3.22222
1.16667
-0.777778
-5.72222
-13.3889
-20.1667
-24.3889
-25.1667
-22.8333
-14.4444
-3.38889
6.88889
15.5
24.2778
30
29.2222
20.6667
19.8333
37.5556
73.8333
95.9444
61.7778
-18.4444
-96.5556
-106.5
-55.6667
-80.0556
-46.2778
-9.33333
9.88889
10.8889
8.16667
4.5
1.72222
-0.111111
-5
-13.7778
-23.4444
-27.0556
-20.1667
-10.6667
-4.22222
-5.77778
-2.83333
7.38889
22.8333
30.8889
29
19.7778
18.3333
35.3889
72.5
97.6111
66.5556
-15.1111
-97
-109.444
-59
-89.7778
-57.7778
-16.9444
8.22222
12.2222
10.1111
5.83333
2.77778
0.166667
-5.61111
-16.2778
-26.3333
-25.7222
-9.66667
6.66667
8.88889
-6.44444
-15.3333
-6.61111
15.5556
29.9444
30.2778
19.8889
16.8333
32.2778
69.9444
97.3333
69.7222
-11.3889
-95.1667
-110.222
-57.7778
-96.3333
-69.5
-25.7222
5.61111
13.6111
12.2222
7.33333
3.33333
-0.555556
-7.55556
-18.7222
-27.3333
-20.7778
4.22222
25.8333
23.3889
-5.55556
-27.2222
-23.6667
2.44444
24.4444
30.6111
21.7778
16.7222
29.5
67.0556
96.3889
72.6667
-7.55556
-91.8889
-110
-56.5556
-99.8333
-78.6111
-32.7778
3.38889
15.2778
14.0556
8.55556
3.38889
-2.38889
-11.3333
-22.3889
-27.0556
-12.5
21.0556
45.1111
36.6111
-5.27778
-38.1111
-40.6667
-12.8333
15.7222
29.4444
24.7222
18.5
28.0556
64.5556
95.3333
75.6111
-3.27778
-87.5
-109.278
-53.3889
-97.2778
-80.2222
-34.7222
2.72222
16.5556
14.9444
8.88889
3.33333
-4.44444
-16
-27.5
-25.4444
-0.0555556
39.8333
62.1111
44.3889
-5.72222
-47
-54.6111
-28.2222
5.16667
26.6111
27.3889
21.5556
28.0556
62.8889
94.1667
78.6667
1.66667
-81.4444
-108
-44.1667
-84.5
-72.3889
-31.6111
3.05556
16.6111
14.2222
8.22222
2.11111
-7.83333
-21.5
-29.5556
-17.2778
16.5
54.0556
67.2778
42.7778
-6
-47.6111
-60.2222
-40.8333
-7.83333
20.5556
28.9444
25.6111
29.4444
62
91.8889
79.5
4.05556
-75.3889
-104.778
-34.8333
-67.8889
-59.5556
-25.4444
3.88889
15.2778
11.9444
6.16667
-0.666667
-12.2222
-25
-25.5556
-3.27778
30.3333
55.6667
55.3889
32.6667
-2.83333
-34.2222
-51.5556
-46.2222
-22.8333
8.27778
26.6111
29.7778
32.2222
59.7778
85.3889
75.4444
5
-67.0556
-96.8889
-23.1111
-48.7222
-43.5556
-16.9444
5.61111
13.8889
9.5
3.33333
-5.11111
-16.7778
-25.2778
-15.7222
13.0556
39.3333
48.3889
35.2778
18.7222
-1.05556
-16.8889
-33.7222
-41.3333
-33.9444
-8.72222
17.5556
30.5
35.1111
55.8889
74.2778
65.5556
4.05556
-56.7778
-83.8889
-11.5
-29.2778
-25.8889
-7
8
12.9444
7.77778
0.611111
-9.66667
-20.3333
-22.1111
-2.77778
29.5556
45.2222
38.2222
14.8889
4.66667
-2.33333
-4.5
-15.5556
-28.3889
-35.8333
-24.4444
1.38889
23.9444
35.0556
50.7222
60.0556
51.1111
1.66667
-44.7222
-66.3889
-1.27778
-10.9444
-8.66667
2.11111
9.27778
11.4444
6.55556
-2.11111
-14.5556
-23.5556
-16
13.3333
46.2222
47.7778
23.9444
-6.38889
-8.55556
-3.22222
5.22222
0.777778
-12.3889
-30.1111
-34.7222
-17
10.1667
29.2778
44.5
47.6667
38.1667
-0.0555556
-32.7778
-48.6111
5.38889
0.666667
1.27778
7.27778
10.4444
11.4444
5.94444
-5.38889
-19.2778
-23.3333
-3.94444
33.4444
60.9444
44.4444
6
-26.6111
-17.5556
-3.11111
11.5
11.2778
1.94444
-19.6667
-38.1667
-32.6667
-6.88889
18.6111
35.7778
36
25.6111
-2.61111
-23.0556
-31.3889
7.33333
3.72222
3.44444
7.94444
9.83333
10.2222
3.44444
-9.94444
-21.3889
-16.7778
13.5556
51.5556
67.6111
35
-10.7778
-39.1111
-20.3889
-1.61111
11.5556
14.1111
12.7778
-4.77778
-34.4444
-44.8889
-26.2222
3.55556
24.3333
25.3889
16.1111
-1.94444
-12.8333
-15.7778
10.1111
5.88889
3.72222
6
6.72222
6.16667
-1.33333
-14.0556
-18.9444
-4.44444
32.2222
64.1667
67.2778
24.6111
-21.7778
-42.9444
-18.7222
-0.833333
4.55556
7.55556
17.7222
12.4444
-22.2778
-50.5556
-45.3333
-15.1667
11.6667
18.3333
12.6111
2.16667
-3.11111
-3.33333
13.4444
8.05556
3.27778
2.44444
1.66667
0.555556
-6
-14.8889
-11.4444
11.4444
49.0556
70.9444
61.7222
13.9444
-29.6111
-43.2778
-15.3333
1.83333
-1.44444
-1.83333
16.0556
25.8889
-5.72222
-47.2222
-59.7778
-35.8333
-3.16667
14.3889
16.8889
11.9444
8.33333
7.38889
15.7222
10.4444
3.94444
0.833333
-2.22222
-5.11111
-11.6111
-14.8889
-1.05556
29.2222
63.5
72.1667
51.1111
1.66667
-37
-42.2778
-11.7778
5.88889
-5
-10.2778
10.9444
33.8889
12.0556
-35.2222
-64.0556
-52.8889
-18.2222
12.1667
26.8333
25.6111
18.1111
11.7222
16.0556
11.7778
5.38889
1.16667
-4.66667
-10.9444
-17.6667
-12.8889
12
47.7778
73.2222
67.6667
37.6111
-8.11111
-39.1667
-38.3333
-8.61111
8
-6.66667
-15.1667
5.33333
34.8889
22.4444
-22.6111
-60.6667
-62.2222
-32.5556
4.94444
30.1111
34.5
24.1111
13.3889
17.0556
14.6111
8.61111
1.5
-9.16667
-19.3333
-24
-9.38889
23.8889
59.7778
73.0556
57.2222
24.7222
-12.6111
-36.2222
-32.8889
-7
8.38889
-5.5
-14.9444
1.33333
30.3333
24.4444
-13.3333
-53
-63.1111
-41.5556
-3.16667
28.6111
39.5
29.2778
16.1667
18
16.9444
10.8333
0.444444
-14.8333
-26.7778
-27.3889
-5.94444
29.2778
59.6111
63.5
43.5556
14.1111
-13.9444
-30.6667
-26.3889
-5.72222
7.5
-3.72222
-12.5
-1.27778
23.1667
22.3889
-5.44444
-40.7778
-55.7222
-41.7778
-6.66667
27.7778
43.6111
37
23.7778
16.6667
16.6111
9.77778
-2.94444
-20.5
-31.2778
-27.9444
-3.16667
29.6667
53
50.5
30.7778
6.88889
-12.3333
-23.5556
-19.7222
-4.66667
6.38889
-0.666667
-7.5
-1.38889
16.0556
18.1667
0.388889
-27.2778
-44.0556
-37.6667
-8.38889
26.8333
47.9444
46
32.3889
11.7222
12.1667
5
-7.72222
-24.8333
-32.4444
-25.7778
-0.555556
27.8333
44.2778
38.5
21.1667
3.33333
-9
-17.2222
-15.7778
-7.33333
2.77778
2.94444
2.05556
5.38889
13.4444
13.7778
2.11111
-16.2222
-30.9444
-30.2222
-9.77778
20.6111
43.0556
44.6667
32.2778
6
6.22222
-0.722222
-12.8889
-27.4444
-30.4444
-19.7778
4.11111
25.5556
34.8333
27.4444
14.6111
2.88889
-4.94444
-13.0556
-16.6667
-13.4444
-1.88889
8.55556
14.5556
15.1111
13.2778
8.38889
-0.111111
-10.8333
-19.9444
-21.8333
-10.7778
10.1667
30.2778
36.2222
28.4444
2.11111
2
-4.77778
-15.6111
-25.8889
-23.7778
-10.8333
8.16667
21.4444
24.5556
18.2778
9.72222
2.05556
-4.5
-13.2222
-20
-19.4444
-7
10.5556
22.8333
24.1667
17
7.22222
-1.61111
-8.11111
-12.2222
-13.2222
-8.33333
4.11111
19.2778
27.8333
24.3333
0.333333
-1.94444
-9.33333
-17.3889
-21.8333
-15.2222
-2.94444
8.77778
14.2222
13.1667
9.77778
5.16667
0.222222
-6.5
-15.5556
-22.6667
-22.1667
-9.16667
10.6667
25.7222
28.8889
20.8333
9.38889
-0.777778
-5.61111
-6.77778
-5.33333
-2.94444
4.16667
14.5
23.5
21.5
-3.27778
-7.11111
-13.8333
-18.6667
-18.6111
-10.5
-0.666667
6.77778
9.5
8.55556
6.55556
3.5
-0.777778
-7.05556
-15.6667
-22.2222
-21.3889
-8.5
11.1111
25.6667
28.7778
20.6667
9.83333
0.5
-2.5
-2.22222
-0.777778
-0.333333
3.66667
10.7778
17.0556
13.3889
-7.66667
-11.7778
-16.2778
-17.7778
-14.6111
-6.44444
1.61111
6.38889
7.38889
5.94444
4.44444
2.38889
-0.722222
-5.66667
-12.8889
-18.8889
-18.6667
-7.44444
10.1667
22.6111
24.1667
15.6667
6.27778
-0.0555556
0.5
3.5
5.33333
3.44444
2.44444
4.22222
6.5
1.66667
-6.84375
1.625
9.71875
14.5625
15.0313
13.9063
12.3438
9.5
3.90625
-2.9375
-8.5
-12.5
-15.125
-15.2188
-14.125
-12.9063
-10.25
-5.40625
-1.5625
3.25
9.28125
15.0938
23.4688
35.5313
47.9063
55.375
57.5313
56.4688
54.25
49.125
5.53125
10.4375
15.5313
18.9063
20.4375
22.3125
24.2813
23.75
20.3125
15.5625
11.5625
8.0625
4.125
1.53125
-0.625
-2.125
-2.03125
-0.375
2.03125
5.34375
10.8125
15.75
23.1875
34.9063
47.3438
56.1875
57.5313
56.0313
52.8438
47.9063
14.625
16.4063
17.5625
17.75
18.375
20.9063
23.9375
25.125
24
21.3125
18.7813
15.9063
12.0313
8.59375
5.4375
2.90625
1.6875
1.46875
2.78125
4.65625
8.6875
12.4063
17.5313
26.125
36.4063
44.9375
46.125
45.25
42.4063
38.6563
19.25
18.125
15.6563
12.375
10.8438
12.3438
14.6563
16.5
16.9688
15.75
13.9063
11.5938
9.625
6.75
3.75
1.59375
0.3125
-0.65625
0.3125
1.59375
3.21875
5.71875
8.65625
13.125
19.9688
27.2188
28.75
28.7813
27
24.875
20.3125
16.5625
11.9063
6
1.84375
1.5625
2.40625
4
5.21875
4.75
2.6875
1.09375
2.5
1.5625
-0.65625
-1.96875
-2.6875
-3.46875
-1.5
-0.4375
-1.9375
-1.0625
0.25
0.96875
3.71875
9.03125
10.4688
11.25
10.5313
9.84375
13.5625
11.4688
8.09375
2.1875
-2.9375
-3.9375
-3.59375
-1.46875
0.65625
0.53125
-1.8125
-1.9375
3.25
5.15625
4.5
3.375
2.875
3.5
6.28125
6.40625
1.15625
-0.75
-1.1875
-2.625
-2.15625
0.28125
1.09375
1.375
0.96875
0.78125
10.9688
8.375
5.90625
0.90625
-4.34375
-5.875
-5.09375
-3.0625
-1.34375
-1.875
-4.28125
-2.34375
6.625
12.0938
13.2188
12.6875
12.7188
14.75
18.0625
16.5
7.4375
1.90625
-0.46875
-2.65625
-2.8125
-2.21875
-2.21875
-2.46875
-2.875
-3.0625
11.9375
8.46875
6.5625
2.40625
-3.0625
-5.625
-4.6875
-3.375
-3.03125
-4.4375
-5.96875
-1.15625
10.5313
19.4063
23.375
24.2188
24.9063
27.5
29.875
25.5938
13.9063
4.9375
-0.03125
-2.71875
-2.34375
-2.15625
-2.3125
-2.375
-2.5625
-3.03125
12.625
9.21875
7.75
4.4375
-1.09375
-4.90625
-4.25
-4.0625
-5.625
-7.625
-6.84375
0.96875
13.0938
24.1875
31.4375
34.625
36.3125
38.1875
37.5313
30.2813
18.375
7.3125
-0.5
-4.375
-3.125
-2.1875
-1.15625
-0.21875
0.25
-0.46875
11.2813
6.96875
5.96875
4.5625
0.65625
-3.46875
-3.28125
-4.84375
-8.21875
-9.625
-5.71875
3.28125
12.6563
23.2813
32.4063
39.0313
42.1563
41.4063
36.5938
27.9688
19.0313
8.875
-0.5
-6.15625
-4.875
-2.5
0.71875
3.4375
4.6875
3.84375
-3.3125
-4.5625
-1.59375
1.53125
1.28125
-1.4375
-2.5
-5.875
-9.4375
-8.8125
-2.40625
5.46875
10.6875
17.625
26.8438
36.4063
40.9375
36.75
27.625
19.5313
14.875
8.5625
0.03125
-7.40625
-7.9375
-5.4375
-0.3125
3.65625
5.4375
4.71875
-24.125
-20.8125
-13.0625
-4.6875
-0.0625
-0.0625
-2.09375
-6.65625
-9.03125
-5.78125
1.8125
6.28125
6.21875
8.1875
15.2188
25.9688
31.7813
25.6875
14.0625
8.25
8.65625
7.46875
1.90625
-6.6875
-11.4688
-11.9688
-6.65625
-2.15625
-0.125
-0.5625
-43.0313
-36.0313
-24.2188
-11.4063
-2.46875
0.125
-2.71875
-7.5625
-7.59375
-1.4375
5.84375
5.6875
1.40625
-0.96875
2.78125
12.4375
18.4063
12.5313
1.1875
-1.4375
2.46875
5.84375
4.25
-4.5
-14.9688
-21.8438
-19.2188
-15.2188
-13.0625
-13.0625
-51.3438
-42.5313
-28.6875
-14.1563
-4.0625
-1.03125
-5.03125
-8.8125
-5.5
3.1875
9.21875
4.8125
-0.6875
-5.15625
-3.6875
2.53125
6.59375
2.625
-5.71875
-5.34375
-1.5
4.03125
5.625
-2.46875
-18.75
-34
-37.3438
-35.125
-32.625
-31.8438
-42.1563
-34.9688
-23.875
-12.1875
-4.125
-3.125
-7.5
-8.6875
-2.46875
6.875
11.1563
4.71875
-0.8125
-3.5625
-3.15625
-2.03125
-1.34375
-1.875
-4.78125
-2.40625
0
3.9375
6.09375
-0.875
-20.8125
-42.5938
-52.25
-51.9375
-48.6875
-46.6875
-29.4375
-25.375
-18.0625
-10.4063
-5.8125
-7.46875
-10.4375
-7.6875
0.84375
9.8125
13
7.6875
5.03125
6.65625
6.90625
2.34375
-1.8125
0
2.71875
5.84375
5.03125
4.5
4.71875
-0.25
-18.8125
-42.5625
-57.5313
-59.7813
-56.3125
-53.0313
-15.8438
-14.5938
-11.0938
-7.75
-6.9375
-10.6563
-11.2188
-4.9375
4.59375
12.0313
14.6875
12.4375
13.2813
19.0938
19.1875
9.96875
1.15625
3.375
10.5
14.4375
11.4375
5.96875
2.90625
0.0625
-12.9375
-33.25
-50.5625
-55.5938
-52.625
-48.125
-4.5625
-4.8125
-4.46875
-4.90625
-7
-10.9688
-8.59375
-0.1875
8.46875
13.4688
15.6563
16.9063
19.4688
27.0313
26.0625
14.2813
2.8125
4.03125
13.1875
18.75
17.2813
8.78125
2.375
1.09375
-4.28125
-16.8438
-31.9063
-39.0313
-37.5313
-32.1875
-0.28125
-1.03125
-2.03125
-4.5
-8.40625
-10.4688
-4.6875
4.78125
11.6563
14.7813
17.25
21.375
25.375
31.5625
28.8438
16.9063
5.09375
4.90625
13.1563
20.0625
21.75
13.4688
4.84375
3.875
4.8125
-0.21875
-10.4688
-18.25
-18.6563
-12.875
5.71875
5.25
3.34375
-0.625
-5.125
-4.5625
2.5
10.1563
14.2188
15.3438
17.375
22.9375
26.3438
28.3438
23.625
13.8438
4.34375
3.0625
9.5
17
22.6875
17.75
9.53125
7.6875
11.5938
13.3125
9.53125
3.65625
2.125
7.25
7.6875
7.125
4.5
0.125
-3.21875
0.59375
7.4375
12.3125
13.6563
13.4688
15.2188
21.2813
23.2188
20.0313
14.5313
8.84375
3.8125
2.34375
5.875
12.0313
19.9063
19.75
13.7188
9.75
12.1563
17.5938
19.4063
16.1563
13.6563
16.4375
3.09375
1.84375
-1.15625
-4.65625
-5.5
0.75
6.09375
7.78125
6.6875
5.40625
6.6875
12.3438
12.9375
5.875
0.8125
-0.28125
-0.21875
-0.9375
-0.4375
2.0625
8.6875
12.7813
10.4688
4.9375
3.6875
9.75
15
14.75
12.3125
12.1875
-2.90625
-4.59375
-7.65625
-9.875
-8.40625
-2.875
-1.53125
-4.78125
-9.28125
-12.9688
-14.0313
-10.5
-11.9063
-20.4688
-24.75
-22.4688
-18.3125
-18.2813
-19.4375
-21.3125
-17.9688
-11.2188
-8.3125
-12
-14.75
-8.53125
-1.4375
2.0625
1.53125
-0.59375
-6.625
-9.71875
-13.375
-14.9688
-13.125
-10.625
-14.3438
-21.6875
-28.9688
-34.5313
-37.4063
-36.7188
-39.7188
-48.0313
-50.0313
-44.6875
-37.2813
-35.7813
-38.2188
-42.7188
-42.8125
-35.0938
-28.375
-29.3125
-32.9063
-28.7188
-21.3125
-15.5625
-13.1875
-14.6875
-2
-6.96875
-11.4375
-13.3438
-13.125
-15.5938
-23.1875
-32.6875
-40.9688
-47.4063
-52.1875
-54.8125
-59.5
-66.1875
-66.9375
-60.7188
-52.2188
-49.0938
-50.5938
-54.9375
-55.6563
-47.2813
-37.5625
-34
-35.2813
-32.9688
-26.25
-19
-14.0938
-13.7188
7.03125
1.0625
-3.53125
-5.71875
-7.34375
-13.4688
-22.0313
-30.625
-37.3438
-43.125
-48.9688
-54.125
-60.0313
-65.0625
-66
-61.25
-53.9375
-49.8125
-49
-51.0625
-49.9063
-41.125
-30.0625
-22.4063
-20.1875
-19.25
-14.4063
-7.5625
-2.40625
-1.09375
13.1563
7.4375
4.15625
2.90625
1.59375
-3.03125
-8.28125
-11.7813
-13.7813
-16.4688
-20.8438
-26.0313
-31.875
-36.8125
-38.4688
-35.9375
-30.9375
-26.8438
-24.5313
-23.5625
-20.2188
-11.7188
-1.90625
5.6875
8.09375
6.96875
7.90625
9.9375
11.0938
9.9375
15.0625
11.6563
11.1875
12.375
13.2813
12.0625
11.9375
13.6563
15.4063
14.9375
11.25
5.875
-0.15625
-5.34375
-8.71875
-9.25
-7.6875
-5.28125
-2.4375
-0.09375
4.21875
11.4063
18.9688
25.375
28.125
26.4063
23.625
20.9063
17.1563
11.9375
12.9688
12.9375
15.0625
18.0938
20.7813
22.6563
25.3125
29
31
30.125
26.4688
21.6875
17.2813
13.25
9.9375
7.53125
6.25
6.28125
7.53125
8.625
10.5938
14.2188
18.3438
22.5313
25.2188
24.8438
21.75
17.4688
11.875
4.8125
10.625
12.9063
16.0313
19.2188
22.0938
24.8125
27.0938
29.3125
28.7188
25.9063
22.125
18.75
17.125
15.9688
15.0625
13.4375
11.4688
9.78125
8.28125
6.4375
4
2.75
3.15625
5
7.46875
9.53125
9.1875
6.9375
3.3125
-2.5625
-43.3438
-40.0625
-22.8438
-6.5
2.78125
9.46875
16.0313
16.8125
10.5313
1.6875
-6.25
-12.9375
-19.375
-23.1563
-25.3125
-22.5313
-11.625
-1.03125
8.5625
17.3125
20.5313
17.7813
15.7813
18.0938
27.2188
43.5
48.3438
31.0313
-0.25
-31.375
-42.4063
-38.5625
-20.7813
-4.71875
2.1875
4.9375
8.15625
7.5625
2.4375
-3.875
-9.375
-14.3125
-19.1875
-21.2188
-21.9375
-17.875
-6.28125
4.3125
13.5313
21.2188
23.375
20.25
19.375
24.7813
37.2188
55.3125
57.7188
34.4688
-4.21875
-42.0938
-41.375
-37.2188
-19.125
-3.0625
1.9375
1.65625
2.625
1.5
-2.1875
-6.9375
-11.2188
-15.8438
-20.7188
-22.0313
-21.9375
-16.5938
-3.6875
7.53125
17.3438
25.0938
27
24.2813
24.2188
31.4375
46.4688
65.625
65.625
37.25
-8.65625
-52.7813
-42.125
-37.25
-18.0938
-0.75
3.96875
2.03125
1.53125
-0.3125
-3.40625
-7.8125
-12.5938
-18.3438
-24.125
-25.6875
-24.5625
-17.2813
-3.0625
9.53125
20.375
28.4688
30.5938
27.9688
28.0938
36.3125
53.5938
73.9688
72.0625
39.2188
-13.6875
-63.625
-46.0625
-39.6875
-17.9688
2.3125
8.90625
6.375
4.28125
0.9375
-3.34375
-8.875
-15.0625
-21.9688
-27.25
-28.0625
-25.4688
-16.9688
-4.0625
8.65625
20.4375
29.4375
33.25
31
30.6875
39.6563
58.7813
80.6563
77.7188
40.6875
-18.6563
-73.9688
-53.25
-46.4688
-21.7188
2
11.4375
9.3125
6.15625
2.03125
-3.34375
-10.5313
-18.3125
-24.9375
-27
-23.9688
-18.875
-12.125
-5
3.5
14.9063
25.9688
33.2188
32.9375
31.6875
40.5625
60.5938
84.0938
82.0313
43.8125
-18.9688
-78.6563
-62.9688
-56.4375
-28.8438
-1.03125
11.9688
11.125
7.71875
2.875
-3.59375
-12
-20.6563
-25.7188
-23.3125
-15.7188
-8.34375
-4.6875
-5.34375
-3.25
5.9375
18.75
30.375
33.1563
31.8438
40.0938
60.5625
85.1563
84.8438
47.9063
-16.8125
-79.4375
-72.5625
-67.2188
-37.4375
-5.78125
11
12.125
8.625
3.0625
-4.28125
-13.3125
-21.7188
-24.4063
-17.0313
-5.34375
3.75
4.15625
-5.09375
-10.125
-4.875
8.40625
24.5313
31.4375
31.7813
39.5938
60.1563
84.9063
86.1875
51.9375
-13.4375
-77.7813
-79.1875
-75.2813
-44.5
-10.125
9.84375
12.8438
9.3125
2.875
-5.4375
-14.875
-22.4063
-21.7813
-9.15625
6.5625
16.8125
13.4375
-4.125
-17
-16.5938
-3.78125
16.125
28.1875
31.4375
39.625
60.0625
84.0625
86.5313
55.1563
-9.75
-74.8438
-78.5938
-76.8438
-46.7813
-11.8125
9.65625
13.8438
10.2813
2.78125
-6.84375
-16.75
-23.0938
-18.0313
-0.03125
19.7813
30.3438
22.0313
-2.84375
-23.7813
-28.3438
-16.2188
6.21875
23.4375
30.375
39.5938
60.375
83.25
86.8438
58.375
-6.0625
-70.9688
-71.875
-71.25
-43.4063
-10.7188
10.1563
14.8125
10.375
1.1875
-9.5
-19.0625
-22.4063
-11.9688
10.6875
31.75
40.1563
27.5313
-3
-28.9375
-36.9375
-26.5313
-3.3125
17.8125
28.5938
39.2813
61.1875
82.375
86
59.9688
-4.125
-67.3438
-62.875
-63.125
-37.8125
-8.625
10.375
14.6875
8.71875
-1.84375
-12.5938
-20.4063
-19.1875
-4.34375
20.0938
39.5625
43.9688
29.1563
-2.28125
-29.4375
-39.75
-32.9375
-12.4063
9.96875
24.5938
37.6875
60.7188
79.8438
82.5313
58.7188
-2.875
-62.1875
-52.5313
-53.7813
-31.4688
-6.28125
10.0313
13.375
5.78125
-5.625
-15.2813
-19.6875
-12.9063
5
28.4063
43.6563
42.5313
27.0625
-1.46875
-26.5938
-37.8125
-35.625
-20.4063
0.21875
17.6875
33.75
57.6563
74.8438
76.1563
54.4688
-2.0625
-55.125
-41.7188
-43.0938
-24.4375
-3.78125
9.4375
11.1563
2.34375
-9.3125
-16.9375
-16
-3.34375
15.8125
35.75
43.5938
35.8125
21.6563
-1.84375
-21.6875
-31.6563
-34.7813
-26
-9.78125
7.9375
26.9063
51.4375
67.0625
67.5313
48
-1.4375
-46.2813
-27.9688
-29.8438
-15.8125
-0.8125
8.875
8.375
-1.75
-12.625
-17.2813
-10
8.46875
26.5938
40.25
38.6875
24.2188
13.1563
-2.84375
-15.0625
-21.8438
-29.4063
-28.1875
-18.4375
-3.21875
16.75
42.4375
58.0938
59.125
42.5
0.125
-37
-14.5625
-15.9375
-5.8125
4.03125
9.75
6.15625
-4.6875
-13.75
-14.2813
-0.3125
21.5625
35.875
41.2188
30.2813
10.5313
3.28125
-4.6875
-9.3125
-11.6563
-21.2813
-26.2813
-23.875
-13.6563
5
30.625
47.1875
49.9688
36.4063
1.0625
-28.5938
-2.21875
-3.09375
3.15625
7.8125
9.1875
2.78125
-7.46875
-13.0625
-8.03125
12.0313
34.8125
43.0625
38.8438
19.4688
-3.75
-6.71875
-7.03125
-4.625
-1.8125
-11.25
-20.5
-25.8438
-22.8438
-8.0625
15.9375
34
39.75
29.9063
1.875
-20.375
7.125
5.5
7.59375
7.59375
5.4375
-2.09375
-10.1563
-10.625
1.09375
25.9063
47.6563
47.8438
33.5313
6.90625
-17.6875
-15.2813
-9
-0.21875
6.9375
-1.25
-12.4688
-25.0938
-30.125
-21.4063
-0.90625
18.7188
28.3438
23.5313
3.78125
-11.125
10.3438
7.09375
6.34375
4
0.46875
-6.15625
-10.1875
-4.65625
12.8438
39.7813
57.5
48.625
25.5
-4.75
-27.5313
-20.0938
-8.90625
3.40625
12.5938
6.625
-4.125
-22.5313
-35.0938
-33.9375
-19.375
1.96875
17.3438
20
10.5938
2.375
11.9688
7.4375
4.59375
0.1875
-4
-9.125
-8.3125
3.59375
25.4688
52.1563
63.5
46.6875
17.7813
-12.3438
-31.25
-21.9688
-10.0938
1.375
11.8125
10.625
4.3125
-15.375
-35.0938
-42.3125
-34.9063
-12.8125
9.15625
20.1563
19.625
14.875
13.3125
8.25
3.4375
-3.375
-8.34375
-11.1563
-4.9375
13.125
37.9063
61.5313
65.9688
43.2188
11.1563
-16.4063
-31.0938
-21.7813
-10.875
-2.15625
8.1875
11.4688
9.71875
-8.3125
-32.5938
-47.4375
-46.4063
-24.9063
1.71875
20.0313
26.0313
22.5
14.6563
9.40625
2.46875
-7.09375
-13.125
-13.25
-1.90625
21.2188
47.3125
66.1563
64.25
37.6563
4.5625
-19.3125
-29.75
-20.3438
-9.84375
-3.8125
4.875
10.625
11.75
-3.03125
-27.9688
-48.0625
-51.6875
-32
-3.5625
19.875
29.9375
26.6875
15.4688
9.34375
0.40625
-11.3125
-18.2813
-16.125
-0.78125
25.0313
50.7813
64.9063
57.5313
29.8125
-1.34375
-20.5938
-26.6875
-17.7188
-8.75
-5.21875
1.375
8.5625
12.7188
1.71875
-21.0625
-42.75
-49.9375
-33.2813
-5.125
20.75
33.9688
32.9063
15.75
7.78125
-4.0625
-18.0938
-25.125
-20.1875
-1.46875
25.9375
50.0938
59.2188
48.4688
22.0938
-5.46875
-19.9063
-22.5938
-14.4375
-6.40625
-4.09375
0.84375
8.21875
13.4375
5.46875
-14.25
-35.8125
-45.2188
-31.7188
-4.625
23.375
40.1875
41.75
12.3125
2.78125
-10.375
-24.4688
-29.375
-20.8438
0.0625
27.0625
47.9688
52.2813
39.75
16.125
-7.875
-19.375
-20.3125
-13.0313
-3.96875
0.21875
5.09375
11.6875
15.4688
8.53125
-8.625
-29
-39.5313
-29.5938
-5.25
23
41.8438
45.2813
6.84375
-2.5
-14.7188
-26.7813
-28.2813
-16.9688
4.03125
28.4375
44.6563
44.875
31.9688
11.5
-9.21875
-19.5
-20.375
-13.9375
-3.125
4.8125
11.25
16.75
17.9688
10.75
-4.5
-22.6563
-33.1875
-26.9375
-6.84375
19.125
37.8438
42.2188
3.03125
-4.375
-14.2188
-23.8438
-22.9063
-11.1563
7.53125
27.9688
39.1563
36.4063
24.1563
6.90625
-10.4375
-19.9375
-21.6563
-16.6875
-5.125
6.28125
15.5938
21.0625
20.1563
12.4063
-1.53125
-16.6875
-25.8438
-22.5938
-7.96875
13
29.1563
33.125
0.125
-6.09375
-13.8125
-20.375
-17.7813
-6.8125
8.0625
22.7813
29.0313
24.8125
15.1875
2.4375
-10.7188
-19.2813
-21.9063
-17.875
-6.25
7.59375
18.25
22.7813
19.6563
11.1563
-0.40625
-11.5
-17.625
-16.0313
-6.75
8.34375
21.3438
25.625
-3.78125
-9.75
-16
-20.1563
-16.5938
-7.21875
4.1875
14.3125
17.5625
14.3125
7.78125
-0.5625
-9.71875
-17.0625
-19.625
-16.4063
-5.875
8.03125
18.3438
21.9375
18.2813
10.4688
1.96875
-4.40625
-7.34375
-6.59375
-1.125
8.34375
17.5
21.5
-8.6875
-14.4063
-19.0313
-20.5938
-15.6563
-7.6875
0.90625
7.4375
8.65625
7.03125
3.1875
-1.5625
-7.5
-13.5313
-15.6875
-13.3125
-4.40625
7.90625
16.7813
19.3125
15.8125
9.3125
3.78125
2
2.15625
3.15625
6.5625
11.25
16.125
18.1875
-1.125
-3.08333
-6.75
-9.375
-12.5417
-18.75
-26.5417
-32.7917
-37.125
-41.5833
-45.3333
-46.5833
-45.4167
-41.875
-35.8333
-30.4167
-24.9583
-19.1667
-14.375
-12.9583
-14.75
-17.8333
-20
-21.7083
-24.1667
-27.3333
-30.4583
-28.4167
-24.7083
-21.4167
-17.125
-10.5417
-9.16667
-5.95833
-4.08333
-4.375
-6.33333
-10.375
-16.9583
-22.4167
-27.4167
-30.2917
-31.5833
-31.5417
-29.7917
-27.9583
-24.5833
-22.5
-20.1667
-17.5417
-14.4583
-11.3333
-11.6667
-10.4583
-11.2917
-10.9167
-10.4167
-13
-13.2083
-14.0833
-11.5417
-10.375
-9.54167
-6
-10.9583
-6.70833
-1.125
3
5.625
7.33333
7.45833
7.41667
6.29167
5.79167
5.70833
5.45833
5.625
5.08333
3.625
2.91667
2.5
1.83333
1.83333
4.125
5.875
8.5
9.08333
10.625
13.3333
14.5833
16.7917
14.8333
13.75
11.75
8.25
4.5
-9.16667
-6.66667
-1.45833
3.83333
7.79167
10.7917
13.625
15.5417
16.5833
16.25
15
13.625
12.6667
12.0417
9.54167
9.75
10.0833
9.58333
8.41667
7.75
10.0833
10.2917
11.0833
12.5
15.375
19.5833
20.9167
20.875
18.9167
16.8333
13.2917
7.58333
-6.20833
-4.375
-2.33333
0.416667
3.125
4.79167
6.83333
7.79167
8.45833
8
6.25
4.625
4.08333
3.875
3.04167
3.5
4.58333
4.75
3.5
2.375
3.33333
2.875
3.16667
4.04167
5.95833
9.125
10.7917
12.2083
11.9583
11.3333
9.83333
6.54167
4.45833
3.04167
0.583333
0.291667
1.58333
2.04167
2.66667
2.5
2.33333
1.45833
-0.208333
-1.08333
-0.625
-0.875
-1.70833
-2.45833
-2.20833
-2.66667
-4.16667
-4.45833
-3.95833
-2.91667
-2.125
-1.20833
-0.0416667
1.45833
3.79167
5.66667
6.5
6.875
6.79167
5.375
9.875
7.58333
4.5
2.95833
2.66667
2.16667
1.125
0.25
-0.416667
-1.29167
-2
-1.5
0.166667
0.208333
-3.45833
-5.45833
-5.79167
-6.41667
-8.25
-8.83333
-5.58333
-3.79167
-3.125
-2.79167
-2.16667
-0.958333
0.0833333
1.875
2.66667
3.41667
3.83333
3.20833
2.875
3
3.04167
2.375
1.375
0.958333
-0.625
-1.41667
-1.875
-1.66667
-0.166667
2.04167
3.5
1.875
-3.625
-7.54167
-9.04167
-9.41667
-10.0417
-8.91667
-3.70833
-0.833333
-0.583333
-1.79167
-2.125
-1.125
-1
0.0416667
0.666667
0.958333
0.958333
1.08333
-4.58333
-3.83333
-2.16667
-1.5
-1.41667
-0.5
-0.875
-1.08333
-1.125
0.0416667
3
5.25
3.66667
-1
-3.41667
-8.83333
-13.75
-14.8333
-11.5833
-6.70833
-4.66667
-0.541667
1.79167
0.875
-0.875
-1
-0.75
-0.375
-0.375
-1.16667
-1.875
-1.25
-9.66667
-6.5
-5.20833
-4.79167
-3.33333
-1.04167
-0.0416667
0.583333
1.25
2.95833
4.875
4.16667
0
-3.25
-0.833333
-3.75
-9.95833
-11.8333
-6.33333
-1.5
-4
-2.375
1.66667
3.70833
1.875
-0.416667
-0.666667
-0.708333
-1.66667
-3.16667
-4.08333
-3.66667
-2.75
-0.541667
-1.79167
-3.75
-3.58333
-2.04167
-0.958333
0.0833333
1.70833
3.04167
2.54167
-0.416667
-3.5
-2.20833
1.20833
3.83333
2.33333
1
3.08333
4
1.58333
-1.375
0.166667
3.79167
4.45833
1.41667
-0.541667
-1.04167
-2.08333
-3.125
-3.66667
-3.70833
19.1667
14
9.375
4.375
-0.0833333
-2.25
-1.91667
-1.29167
-0.666667
-0.291667
-1.45833
-3.41667
-4.25
-1.79167
1.70833
6.375
9.95833
10.375
8.16667
6.25
4.83333
1.16667
-1.125
0.208333
3
2.375
0.125
-0.666667
-1.41667
-1.54167
-1.45833
-1.66667
34.7083
26.1667
19.5833
12.4167
4.375
-0.833333
-0.916667
-0.708333
-1.25
-0.833333
-1.625
-3.29167
-3.625
-1.375
2.83333
5.875
11.1667
14.1667
11.625
7.75
4.54167
2.08333
-1.75
-3.04167
-0.5
1.625
1.25
1.5
1.79167
2.70833
3.375
3.125
22.375
18.1667
12.9583
7.95833
3.29167
0.0416667
0.0833333
0.75
2.33333
2.66667
0.25
-2.875
-2.70833
1.875
3.79167
7.45833
14.125
18.6667
16.0833
8.41667
4.58333
1.25
-2.125
-3.20833
-0.833333
3
5.25
7.79167
10.75
13.0417
13.9167
13.0833
-10.625
-8.375
-6.75
-3.95833
-1.04167
0
0.125
1.625
4.16667
2.33333
-1.29167
-2.95833
-1.125
3.04167
2.54167
7.25
13.25
16.1667
12.7083
3.125
0.333333
-1.54167
-2.79167
-3.20833
-1.20833
4.66667
11.2083
14.5833
18.1667
20.5
21.0833
19.5417
-26.0417
-21.4167
-14.75
-7.29167
-1.58333
0.833333
0.875
2.08333
1.5
-2.20833
-4.04167
-2.41667
-0.625
-2.625
-4.875
-4.08333
-2.79167
-1.66667
-1.875
-5.875
-7.125
-4
-1.875
-3.25
-4.45833
1.29167
11.1667
13.5417
14.1667
14.5
14.6667
13.375
-14.75
-12.125
-7.45833
-3
0
1.45833
1.625
2
-0.833333
-3.625
-3.54167
-1.41667
-1.125
-7.125
-10.375
-13.875
-16.6667
-15.9167
-11.375
-6.70833
-7.20833
-3.58333
0.25
-0.791667
-4.875
-4.41667
1.83333
3
0.625
-1.875
-2.66667
-2.79167
-2.08333
-0.916667
0.833333
1.54167
1.875
2.41667
2.625
2.33333
-0.708333
-2.45833
-2.16667
-1.20833
-1.41667
-4.91667
-4.41667
-6.29167
-9.58333
-10.4583
-6.08333
1.75
0.666667
-0.708333
0.916667
1.83333
-1.29167
-7.16667
-10
-10.125
-12.4583
-16
-17.8333
-16.5
1.29167
2.58333
2.95833
2.70833
2.79167
3.45833
4.04167
2.25
-1.29167
-2.95833
-2.70833
-2.41667
-3.33333
-2.75
1.875
3.16667
0.916667
-1.33333
0.333333
5.375
5.79167
2.5
0.5
0.75
-0.625
-7.08333
-14.7083
-15.5
-14.7083
-15.375
-16.5417
-14.8333
-4.5
-5.04167
-6.125
-6.08333
-4.5
-1.91667
0.416667
-2
-4.08333
-3.75
-2.875
-3
-4
-0.75
3.45833
4.25
2.58333
0.666667
0.166667
1.45833
3.625
2.16667
-1
-2.625
-3.04167
-5.29167
-10.4583
-11.2917
-9.25
-7.70833
-8.20833
-8.58333
-8.25
-10.5417
-11.875
-11.0417
-8.58333
-5.75
-3.75
-5.66667
-4.95833
-2.83333
-1.79167
-1.70833
-0.583333
3.58333
5.16667
4.70833
3
0.625
-1.875
-2.125
-0.166667
-1.33333
-3.58333
-4.29167
-3.04167
-2.41667
-5.125
-6.625
-6.70833
-7.08333
-9.29167
-13.0417
0.333333
-0.0416667
0.0416667
0.541667
1.04167
0.416667
-1.875
-3.875
-2.95833
-1.45833
-0.708333
0.333333
3.54167
5.91667
4.70833
4.29167
3.5
0.791667
-2.625
-2.20833
0.291667
-0.0416667
-2.16667
-2.625
-1.04167
-0.666667
-3.54167
-7.375
-8.875
-9.95833
-12.3333
-16.1667
9.08333
10.5
11.2917
9.91667
7.41667
4.33333
-0.208333
-1.54167
-0.458333
1.45833
2.83333
4.29167
7.16667
6.75
3.16667
2.20833
3.16667
1.91667
-1.04167
0.625
4.04167
6.66667
5.41667
3.5
3.25
2.5
1
-3.95833
-4.66667
-1.45833
2.625
5.33333
8.29167
9.125
9.41667
8.5
6.29167
3.70833
1.625
2.45833
6.16667
9.29167
11.7083
13.7083
14.5417
12.75
8.08333
6.66667
6.95833
5.95833
4.33333
5.54167
8.79167
11.7083
14.5417
15.1667
14.3333
13.1667
14.0833
13.4583
14.0417
20
29.75
37.9583
2.16667
1.95833
2.33333
4.20833
4.875
3.91667
5.16667
10.0833
15.7917
19.5
23.5417
28.0417
29.4583
27.5
24.375
23.4167
22.375
21.625
21.875
20.9167
22.2083
23.0417
26.75
29.375
28.125
25
23.1667
24.9583
23.4583
22.5417
24.8333
28.1667
-7.91667
-7.79167
-5.91667
-3.20833
-1.125
0.333333
3.58333
10.375
13.9167
17.1667
21.5
26.0833
28.5
27
27.0417
26.375
26.125
27.5417
28.7917
26
23.4167
22.875
21.875
20.9167
18.2917
13.7917
8.625
6.91667
1.83333
-7.20833
-16.1667
-20.9583
-19.75
-16.75
-12.9167
-10.875
-9.25
-6.70833
-4.625
-4.45833
-7.375
-8.75
-9.66667
-11.625
-13.5833
-14.1667
-11.8333
-11.125
-10.1667
-8.375
-8.125
-11.7083
-17.875
-21.2917
-24.8333
-27.25
-27.9583
-27.4583
-26.9167
-27.4583
-28.8333
-32.1667
-36.375
-38.5
-14.1667
-10.125
-7.66667
-7.25
-7.95833
-9.04167
-12.125
-19.7083
-27.25
-33.9167
-40.5
-47.25
-52.3333
-52
-48.6667
-45.125
-42.3333
-40.7083
-40.9167
-43.4167
-49.125
-54.2917
-56.625
-56.75
-54
-48.3333
-41.6667
-36.9167
-29.875
-21.125
-12.375
-4.70833
15.5
14.75
11.2917
6.875
1.66667
-4.29167
-10.5417
-17.5417
-22.5417
-27.4583
-31.875
-35.0417
-36.4167
-34.5833
-32.2917
-28.8333
-25.25
-22.125
-19.875
-19.0417
-18.5
-18.5417
-17.9583
-16.9167
-14.5833
-10.5833
-6.66667
-3
3.875
12.5417
21
28.1667
26.75
21.4167
14.3333
7.29167
1.5
-2.75
-5.20833
-5.70833
-3.5
-0.875
1.875
4.70833
7.83333
10.5417
9.875
8.54167
8.41667
10.4167
14.0417
17.75
24.25
30.9167
35.1667
36.5417
35.875
35.0833
33.375
30.9167
28.7917
26.75
24
20.6667
-5.5
-8.95833
-11.8333
-12.5417
-10.4167
-6.45833
-1.41667
5.33333
13.1667
20.4167
26.0833
30.1667
32.5833
32.2083
28.5417
22.2083
16.5417
13.5417
14.0417
17.7083
23.8333
31.0833
36.3333
37.875
35.5833
31.25
26.3333
20.4583
12.6667
4.33333
-4.08333
-11.75
-26
-24.625
-21
-14.7917
-6.83333
1.04167
8.70833
16.2083
21.4583
24.5417
25.4583
24.875
22.125
17.25
12.25
5.58333
-1.25
-6.875
-9.5
-7.95833
-5.16667
-1.5
1.625
3
2.125
-1.33333
-5.58333
-9.58333
-14.5417
-19.25
-22.9167
-25.125
19.25
-30.2083
-20.875
3
4.33333
-8.25
-15.9167
-8.29167
6.875
11.7917
5.54167
0.166667
0.583333
4.75
8.29167
3.20833
-8.58333
-10.4167
-3
-2.33333
-4.375
-1.20833
1.375
5.29167
7.70833
-5.95833
-22.3333
-14.1667
14.1667
34.8333
23.75
-11.4167
18.0833
-28.8333
-18.5833
2.75
2.66667
-6
-9.08333
-3.54167
4.58333
6.58333
4.04167
1.58333
-0.541667
0.791667
6.79167
4.125
-9.91667
-11.4167
-0.458333
-0.708333
-5.54167
-0.958333
3.58333
4.58333
2.83333
-10.75
-22.5833
-9.08333
21.7083
41.5
25.8333
-14.25
18.7917
-28.2083
-19
1.5
2.75
-2.91667
-4.04167
-0.958333
2.04167
3.16667
4.08333
2.95833
-1.75
-1.91667
6.75
5.41667
-11.125
-12.9167
0.458333
-0.125
-7.125
-2
4.70833
5.375
0.333333
-15.0417
-24.2083
-5.66667
30
50.125
28
-17.875
20.4583
-29.1667
-22.4583
-0.791667
3.66667
-0.333333
-1.375
0.541667
0.958333
1.375
4.5
4.25
-2.08333
-2.58333
8.04167
6.5
-13.1667
-15.6667
-0.208333
-0.25
-8.16667
-2.70833
5.58333
6.625
-0.75
-18.6667
-26.9583
-3.75
38.1667
59.7083
30.4167
-22.0417
24.5417
-29.625
-26.5833
-4.20833
2.75
1.16667
0.833333
1.54167
0.958333
1.375
5
5.25
-1.54167
-2.625
9.16667
7.5
-15.4167
-18.75
-0.75
0.25
-8.79167
-3.75
5.91667
7.66667
-0.916667
-21.375
-30.9583
-3.29167
46.4583
69.5833
32.5833
-26.5833
29.5833
-29.4583
-30.9167
-7.58333
1.58333
1.91667
2.29167
1.75
0.333333
1.08333
5.54167
6.66667
0.125
-2
6.91667
4.54167
-14.3333
-16.5417
-2.04167
-0.833333
-8.20833
-4.41667
5.625
8.16667
-0.916667
-21.9167
-33.4583
-5.83333
49.125
77.125
36.9167
-28.875
35.875
-28.2917
-34.875
-11.1667
-0.0833333
1.79167
2.875
2
0.458333
0.958333
4.875
7.25
3.41667
0.0833333
1.29167
-2.33333
-9.41667
-8.66667
-4.25
-5.08333
-7.70833
-3.29167
5.625
7.83333
-0.916667
-21.2083
-34.9167
-10
49.0417
83.0417
41.0833
-30.0417
44.25
-25.375
-38.4583
-15.5
-2.375
1.08333
3.25
2.70833
0.75
0.708333
4.45833
8.54167
6.75
-0.875
-8.75
-9.16667
0.583333
4.83333
-4.66667
-12.7917
-10.7083
-1.70833
6.66667
7.45833
-0.75
-19.875
-35.625
-14.7083
47.2917
87.4583
44.4583
-30.5417
51.0417
-20.2083
-40.9167
-21
-5.54167
0.625
3.625
3.04167
1
1.04167
5.5
10
6.91667
-5.375
-18.2917
-13.3333
10.375
18.9167
-0.0833333
-17.7083
-17.2917
-4.66667
7.66667
9
-0.25
-18.75
-35.75
-18.5
44.75
89.3333
46.75
-29.5
57.8333
-11.375
-41.4583
-27.4167
-9.33333
0.0833333
3.83333
3.45833
1.875
2.08333
6.125
10.1667
5.5
-11
-26.7083
-15.5
19.6667
31.4167
6.54167
-18.125
-23
-11.125
5.41667
10.3333
1.625
-16.9167
-36.0417
-22.2083
42.4583
90.0833
48.0417
-27.4167
60.625
-2.66667
-40.4167
-33.375
-12.8333
-0.0416667
4.16667
3.83333
2.83333
3.79167
7.54167
9.33333
1.125
-17.9583
-32.7917
-14.9167
28.8333
41.875
12.3333
-16.625
-26.1667
-18
0.166667
10.1667
4.33333
-14.3333
-36.1667
-25.5417
40.1667
89.875
48.9583
-24.2083
59.0417
2.25
-37.75
-35.75
-14.7083
0.125
4.83333
4.08333
2.83333
5.45833
10.7917
8.58333
-7.125
-27.6667
-34.2917
-7.875
35.4583
46.375
17.7917
-13.125
-27.5417
-23.8333
-6.125
8.20833
6.5
-11.125
-35.75
-28.4167
37.8333
88.3333
49.4167
-19.2917
52.3333
5.91667
-32.0417
-34.0833
-14.625
0.666667
5.45833
3.79167
2.625
8.29167
13.375
3.08333
-18.375
-32.125
-25.9167
2.25
34.6667
41.6667
20.25
-5.875
-22.9583
-27.4167
-14.5
4.08333
8.125
-7.625
-34.625
-30
36.9167
85.8333
47
-15.5
42
7.54167
-25.6667
-30.0417
-12.7083
1.79167
5.58333
3.125
3.20833
10.7917
12.25
-6.125
-27.3333
-26.75
-8.83333
9.58333
23.625
27.7917
17.9583
4.41667
-9.66667
-24.625
-23.5
-4.58333
7.41667
-3
-30.625
-29.0833
34.625
79.1667
42.2917
-11.7917
32
7.75
-19.5
-24.3333
-9.54167
2.625
5.5
3.5
4.66667
11.4583
6.83333
-16.3333
-30.625
-14.4583
8.79167
12.125
10.75
13.7917
10.5833
9
5.95833
-12.5417
-27.1667
-16.3333
2.16667
0.916667
-23.2917
-24.7917
30.4167
68
35.4583
-8.83333
22.4583
5.58333
-13.875
-17.0417
-5.95833
2.70833
5.25
4.95833
6.625
9.79167
-0.791667
-24.7917
-30
-0.5
24.125
11.7917
-0.791667
4.45833
3.625
5.75
14.125
3.75
-19.625
-24.625
-8.58333
0.791667
-13.8333
-17.0833
24.7917
53
26.7917
-6.5
13.125
2
-8.45833
-8.375
-2.5
1.33333
4.625
7.375
9.41667
6.375
-11.2917
-32.1667
-24.875
15.625
37.375
8.5
-13.1667
-2.54167
-0.5
0.416667
15.7917
17.2917
-6
-25.0417
-18.875
-4.29167
-7.54167
-9.25
20
38.625
18.3333
-4.66667
7.29167
1.45833
-5.04167
-3.95833
-0.875
0.416667
5
10.7083
11.1667
-0.958333
-23.6667
-34.9583
-13.6667
32.3333
45.9583
0.833333
-25.0833
-5.58333
-0.583333
-4.75
11.2917
25.1667
9.54167
-19.2917
-25.5417
-10.9167
-4.875
-2.625
16.7917
26.125
9.54167
-4.875
5.79167
1.58333
-3.79167
-2.66667
-0.458333
0.458333
6.16667
12.875
8.95833
-11.8333
-32.4583
-28.9167
0.666667
42.25
46.875
-7.33333
-33.9583
-4.20833
5.08333
-10.125
-1.08333
27.125
27
-8
-28.75
-18.2083
-5.08333
1.75
12.4167
14.75
3.70833
-3.95833
5.375
2.70833
-1.75
-1.45833
-0.25
0.958333
7.04167
12.125
2.54167
-22.125
-34.25
-17.75
12.375
44.75
42.9583
-13.25
-38.4167
0.416667
15.0417
-14.0417
-19.375
20.6667
42.625
9.125
-26.2917
-25.4167
-9.70833
1.95833
8.625
7.29167
0.666667
-2.58333
5.25
4.33333
0.875
0.333333
0.0416667
0.875
6.375
8.70833
-5.33333
-29.0833
-30.4167
-5.08333
20.7917
42.7083
37.2917
-16.5417
-41.375
2.75
25.625
-12.125
-34.7917
7.66667
49.2917
26.8333
-15.5417
-28.2917
-18.75
-4.5
4.54167
4.29167
0.583333
-0.541667
4.20833
5.20833
2.79167
1.91667
1.04167
2.29167
6.25
2.5
-15.5833
-32.7083
-21.5833
7.83333
26.5417
38.5417
30.3333
-19.2083
-43.125
3.66667
33.875
-7.45833
-43.7083
-6.54167
46.2083
39.125
-0.166667
-23.6667
-27.4167
-17.25
-1.5
6.79167
5.41667
2.45833
3.08333
5
3.04167
2.79167
3.66667
5.33333
5.16667
-6.41667
-26.5833
-31.7917
-8.16667
19.0417
27.5417
31.25
22.9167
-19.0417
-40.7083
3.54167
36.3333
-3.125
-44.8333
-15.3333
38.1667
42.375
12
-14.625
-29
-27.3333
-9.91667
7.91667
10.75
4.58333
1.29167
3.625
3.66667
5.875
8.04167
7.45833
1.25
-16.4167
-33.5833
-24.7083
5.20833
23.5833
23.4167
23.5
17.0833
-16.0833
-35.2917
1.58333
32.8333
0.541667
-38.7083
-18.1667
28.1667
39.1667
18.4583
-6.33333
-25.0417
-31.7917
-18.2083
6
14.125
6.45833
0.166667
2.33333
4.33333
9.70833
12.125
6.91667
-4.45833
-22.1667
-32.5833
-16.125
12.2917
22.6667
18.0833
16.625
11.75
-12.5833
-27.875
-0.125
26.25
2.79167
-29.5417
-17.0833
17.875
31
20.625
1
-20.2083
-32.4167
-22.1667
2.16667
12.7083
8.16667
-0.916667
1.45833
5.58333
12.6667
13.125
4.45833
-8.41667
-24.125
-28.3333
-8.20833
15
18.7083
12.75
11
7.54167
-8.75
-20.125
-1.95833
17.9167
3.875
-19.0833
-13.5
9.125
21.2917
19.0417
6.54167
-13.375
-30.0833
-25.9167
-3.45833
10.9583
11.0417
-1.375
0.875
6.08333
13.375
11.875
1.29167
-10.875
-23.2083
-22.75
-2.375
14.8333
13.875
8.29167
7.20833
5.16667
-3.875
-12.2917
-5
6.5
1.66667
-9
-6.66667
5.29167
13.125
13.4167
8.16667
-5.54167
-23.4583
-25.5833
-7.29167
8.375
12.125
-1.16667
0.375
6.20833
13.125
9.29167
-3.16667
-13.375
-19.7083
-15
2.08333
12.125
8.5
4.79167
5.25
5.70833
2.125
-6.83333
-11.0833
-5.66667
-0.291667
0.5
1.08333
4.625
7.875
7.25
5.29167
-0.291667
-13.1667
-20.125
-10.625
3.125
10.5417
-1.125
0.25
6.54167
11.75
4.91667
-7.41667
-13.1667
-13.4167
-7.16667
3.66667
7.75
4.83333
3.70833
5.04167
6.33333
5.16667
-3.75
-14.5
-13.75
-3.79167
4.125
6.70833
6.79167
5.58333
3.04167
1.79167
0.583333
-5.5
-12.375
-11.3333
-2
8.16667
0.25
2.04167
6.70833
7.91667
-0.5
-9.5
-10.0833
-6.20833
-0.875
3
3
2.33333
3.70833
5.66667
6.375
5.04167
-3.20833
-15.2083
-16.3333
-5.875
3.75
8.16667
8.79167
5.41667
1
-0.791667
-1
-1.83333
-5.83333
-10.25
-5.125
7.16667
1.5
3.04167
5.79167
3.95833
-4.04167
-8.70833
-6.29167
-3.16667
-0.333333
1.91667
1.70833
1.54167
3.58333
5.58333
5.79167
4.58333
-3.08333
-15.0833
-16.2083
-5.41667
3.83333
7.70833
8.58333
4.75
-0.791667
-1.875
0.0833333
0.333333
-3.83333
-8.04167
-3.20833
7.5
2.375
2.75
3.5
0.583333
-5.33333
-7.33333
-4.41667
-1.54167
0.583333
1.66667
0.958333
0.875
2.875
4.5
4.75
4.58333
-2
-13.75
-14.875
-3.95833
4.83333
7.375
6.875
2.25
-3.375
-3.33333
0.791667
3.04167
0.208333
-4
-1.54167
6.875
-4.68519
0.592593
4.2037
6.14815
6.27778
5.74074
4.72222
3.22222
2.07407
0.851852
-1.09259
-0.833333
-0.259259
0
0.5
2.31481
3.48148
5.16667
6.24074
8.98148
11.9444
15.2593
18.0556
19.037
18.1852
17.537
15.8704
14.6852
-0.222222
4.44444
8.75926
12.1296
13.9074
15.0556
14.3889
13.463
13.0741
12.2778
9.66667
8.85185
8.12963
6.81481
5.87037
6.72222
7.87037
8.2963
8.75926
11.1852
13.4815
17.463
21.4259
23.9074
23.7407
22.4815
20.7963
18.9259
4.44444
5.61111
7.77778
10.4259
11.963
12.8704
11.8889
11.1667
11.2407
10.463
7.44444
5.7963
4.51852
2.90741
1.81481
2.22222
2.94444
2.18519
2.37037
4.85185
7.05556
10.6852
14.537
17.7037
18.537
17.963
17.2778
15.8519
6.12963
4.2037
3.55556
4.2037
4.77778
4.7037
3.7037
3.40741
3.85185
2.66667
-1.14815
-3.62963
-4.51852
-5.09259
-5.81481
-6.24074
-6.57407
-8.11111
-7.35185
-3.57407
-0.666667
1.7037
3.92593
6.64815
8.40741
8.90741
9.37037
8.98148
5.16667
2.85185
1.35185
1.09259
1.59259
1.2037
1.38889
1.92593
1.98148
-0.481481
-4.88889
-8.7037
-10.1481
-10.0556
-10.1296
-11.6111
-13.2037
-14.3148
-12.037
-7.40741
-3.16667
-0.907407
-0.259259
0.87037
2.27778
2.94444
3.51852
3.68519
-0.222222
-0.685185
-1.31481
-1.2963
-0.037037
0.277778
1.98148
3.18519
2.14815
-1.38889
-4.7037
-8.94444
-11.3333
-11.3704
-11.1852
-13.1296
-14.8333
-14.3704
-10.7407
-7.12963
-2.74074
-0.0925926
-0.037037
-0.518519
-0.462963
-0.703704
-0.666667
-0.203704
-3.64815
-2.72222
-2.87037
-2.31481
-0.407407
0.962963
3.24074
3.88889
1.2963
-1.88889
-2.12963
-4.74074
-8.35185
-10.0926
-10.1852
-10.9444
-11
-8.22222
-5.09259
-5.03704
-2.61111
0.62963
1.85185
0.814815
-1.31481
-2.98148
-3.83333
-3.46296
-0.425926
-0.481481
-1.85185
-2.48148
-1.2963
0.518519
2.24074
1.81481
-1.14815
-2.35185
0.537037
1.12963
-1.5
-4.5
-5.83333
-5
-2.5
1.42593
2.53704
-0.796296
-1.85185
0.166667
2.57407
2.77778
-0.444444
-3.33333
-4.75926
-4.68519
10.9074
7.72222
3.25926
-0.518519
-1.61111
-0.0185185
0.425926
-1.48148
-3.83333
-2.31481
2.55556
6.42593
6.59259
3.66667
0.759259
2.44444
6.88889
10.6852
9.14815
3.74074
-0.611111
-1.22222
1.2037
3.72222
1.64815
-0.962963
-2.42593
-2.83333
20.6111
14.7593
8.2963
1.85185
-1.31481
-0.611111
-1.44444
-4.05556
-4.88889
-1.14815
4.25926
9.7037
13.2593
11.963
8.12963
8.96296
13.6667
16.0741
12.8519
7.31481
1.5
-1.88889
-0.37037
4.72222
6.5
5.61111
4.57407
3.81481
19.9815
14.3519
8.7963
3.42593
0.796296
0.574074
-1.59259
-4.64815
-4.2963
0.925926
5.61111
10.8889
15.5185
15.3148
12.1481
11.8704
15.4259
16.5
12.3148
7.96296
2.55556
-1.48148
0.12963
6.87037
13.2778
15.3519
14.9259
13.8148
5.61111
4.01852
3.27778
2.90741
2.62963
0.944444
-2.14815
-4.2963
-2.94444
1.83333
4.53704
7.55556
10.5
11.4074
11.0741
9.59259
10.1296
9.83333
6.62963
4.90741
2.05556
-0.314815
2.51852
8.92593
18.3148
23
22.9815
21.5926
-9.24074
-6.64815
-3.01852
1.51852
3.37037
0.740741
-2.40741
-3.35185
-1.96296
0.166667
-0.296296
-0.611111
-0.907407
1.03704
4.55556
3.2037
-0.0185185
-1.64815
-2.05556
0.037037
0.944444
1.25926
3.98148
6.85185
14.8889
21.1111
21.9444
20.3519
-14.963
-9.98148
-4.27778
1.72222
2.68519
-0.759259
-3.05556
-2.5
-1.57407
-3.2963
-6.33333
-10.1296
-13.1296
-9.27778
-2.25926
-2.55556
-8.96296
-12.1481
-9.46296
-4.59259
0.0185185
2.18519
2.27778
-0.518519
2.25926
7.90741
9.98148
9.05556
-9.98148
-5.77778
-1.48148
2.14815
1
-1.98148
-2.87037
-1.59259
-1.22222
-4.98148
-8.57407
-13.6111
-17.1111
-12.5926
-4.64815
-2.57407
-8.85185
-13.537
-10.6296
-5.98148
-0.259259
2.01852
-1.88889
-9.7037
-13.7037
-10.6852
-7.05556
-6.48148
-4.75926
-1.7037
1.2963
1.72222
-1.57407
-3.88889
-3.55556
-1.51852
-1.01852
-4.44444
-7.05556
-11.4444
-13.2593
-8.62963
-2.16667
1
-2.59259
-7.61111
-7.38889
-5.68519
-1.48148
-0.166667
-5.88889
-14.8333
-22.3519
-22.9444
-19.2222
-16.8889
-5.22222
-3.09259
-1.22222
-3.11111
-6
-6.03704
-4.09259
-1.44444
-0.5
-2.27778
-3.31481
-5.09259
-3.96296
-1.07407
1.44444
3.87037
3.74074
-0.388889
-3.31481
-5.12963
-4.03704
-3.57407
-7.88889
-14.3148
-22.037
-26.2037
-24.4259
-22.0185
-6.42593
-4.96296
-4.12963
-7.03704
-8.61111
-6.85185
-4.01852
-1.25926
0
-0.833333
-1.31481
-0.518519
3.01852
4.09259
2.62963
2.98148
4.83333
2.90741
-1
-4.61111
-6.14815
-6.14815
-7.62963
-10.5
-16.1852
-22.4815
-24.0926
-22.6296
-2.83333
-2.42593
-3.72222
-7.09259
-6.81481
-3.85185
-0.833333
1.07407
1.96296
1.27778
1.16667
4.53704
8.92593
6.92593
1.96296
0.925926
3.46296
3.90741
1.62963
-1.92593
-5.38889
-5.64815
-4.25926
-4.03704
-7.7037
-13.9444
-17.537
-17.1296
5.24074
4.7037
1.92593
-0.907407
0.333333
2.94444
5.42593
6.68519
7.5
6.96296
6.7963
11.1481
14.963
11.4259
5.22222
3.77778
6.01852
8.77778
9.68519
7.81481
3.27778
1.64815
3.85185
6.01852
5
1.5
-1.62963
-0.888889
10.9815
9.98148
7.55556
7.22222
10.2778
13.4815
16.4074
18.1111
18.9074
19.3333
20.3889
25.1111
27.0741
22.5
16.5
14.6667
16.3333
20.3889
24.1667
24.5
19.5926
16.1111
17.9444
21.9074
23.5926
22.9444
21.0185
20.5741
7.51852
6.96296
7
10.7593
15.9444
20.537
24.3704
27.0185
28.7222
31.1481
33.8148
37.5
37.2963
34
30.0185
27.7222
28.0556
31.4259
35.2778
36.6852
32.5
27.0185
25.7407
28.6481
30.5926
30.3333
27.6667
24.4444
-2.74074
-2.55556
0.0185185
6.90741
13
17.6296
20.5926
22.2963
23.7407
27.4074
31.5556
33.9259
31.7593
29.8889
28.2407
25.7407
24.5556
25.3889
26.2963
26.7037
23.8333
18.0926
13.9815
14.5556
15.1111
13.9074
10.4074
5.31481
-13.6667
-12.8519
-9.77778
-4.53704
-1.64815
-0.796296
-2.07407
-4.01852
-4.22222
-1.55556
1.40741
1.42593
-0.888889
-0.685185
-0.166667
-1.85185
-4.14815
-5.94444
-8.40741
-10.037
-11.3148
-14.8704
-19.3704
-21.037
-20.9259
-20.2778
-20.7222
-22.1296
-13.3704
-13.8889
-13.6481
-14.1481
-17.2037
-22.2407
-28.6111
-34.2037
-36.963
-36.7778
-35.8889
-36.8519
-37.537
-35.6667
-33.4444
-33.2963
-34.7963
-36.8889
-39.9444
-41.9259
-41.5556
-41.5741
-43.2593
-44.0185
-41
-35.3333
-29.4074
-23.9074
-4.92593
-7.7963
-11.2037
-17.0741
-24.037
-31.6667
-39.0926
-44.2778
-46.8704
-47.6481
-48.5926
-49.9444
-48.7407
-45.7222
-42.1111
-39.7407
-38.9815
-39.1111
-39.7778
-39.3889
-36.6852
-33.2222
-31.5556
-31.2593
-26.8519
-19.1852
-10.6852
-2.61111
2.03704
-1.53704
-5.53704
-10.9074
-15.9815
-20.3704
-23.1111
-23.3148
-22.7963
-22.5185
-23.8333
-25.3704
-24.463
-21.8704
-17.963
-14.4074
-11.6852
-9.61111
-7.61111
-4.24074
0.444444
5.03704
7.2037
6.75926
8.25926
11.3704
14.9259
18.3519
-1.51852
-2.14815
-2.2963
-2.2037
-1.18519
1.07407
4.94444
9.90741
13.3889
14.3519
12.2963
8.85185
6.7963
6.51852
8.16667
10.5556
13.1852
15.7778
18.8704
23.3333
28.5926
32.7222
33.963
31.4259
27.1667
22.2778
17.4815
13.2963
-27.5741
-13.0185
-4.90741
-4.40741
-4.11111
0.685185
6.05556
8.55556
7.07407
4.51852
4.68519
5.61111
2.68519
-7.5
-14.6111
-15.9074
-10.1296
-7.16667
-3.2037
1.37037
5.11111
-1.51852
-17.5556
-28.4074
-12.4259
27.2593
63.537
57.6852
-29.2778
-13.9444
-3.40741
-0.648148
-1.03704
0.888889
3.94444
6.35185
6.62963
5.22222
4.83333
4.40741
0.462963
-9.01852
-15.3519
-15.8333
-10.3519
-7.31481
-3.24074
1.51852
4.59259
-3.37037
-20.463
-30.537
-11.1481
33.1481
72.2963
64.5926
-32.2778
-16.3333
-3.38889
1.42593
1.07407
1.64815
3.5
5.77778
7.40741
7.01852
5.5
2.68519
-2.7037
-9.98148
-14.4074
-14.5
-11.5
-9.31481
-4.57407
1.74074
5.05556
-4.03704
-22.6852
-32.9074
-10.7407
38.4074
80.8333
71.3519
-36.8148
-21.2963
-5.55556
2.25926
3.33333
3.64815
4.98148
7.18519
9.2963
7.94444
3.2963
-2.46296
-6.51852
-7.87037
-7.98148
-9.68519
-12.7407
-14.1667
-8.40741
1.2037
6.22222
-3.68519
-24.5185
-35.7963
-11.3148
42.8519
89.037
77.8704
-41.6111
-27.037
-8.64815
2.14815
4.42593
4.75926
6.11111
9.2037
11.1481
7.35185
-1.83333
-10.037
-10.5926
-3.88889
2.2037
-0.722222
-11.037
-18.8148
-14.7037
-1.62963
6.27778
-2.07407
-24.8704
-37.8519
-13.7778
43.2778
93.2407
83.0741
-45.5
-33.0741
-12.5926
1.2037
5.12963
5.72222
7.09259
10.2407
11.537
5.44444
-7.14815
-16.6111
-13.7778
0.574074
12.037
9.09259
-7.33333
-21.1481
-20.5185
-6.2963
4.42593
-1.03704
-23.9815
-38.7963
-16.8519
41.5185
94.5
87.1296
-47.8704
-38.1111
-16.2593
0.0185185
5.48148
6.46296
8.01852
10.9444
11.0185
2.5
-12.6852
-22.1296
-15.6852
5.2963
20.8704
18.3889
-2.38889
-21.1667
-25.0926
-12.0926
0.611111
-1.09259
-22.3148
-38.463
-19.5926
38.5741
93.6111
89.9259
-48.1481
-40.4259
-18.2963
-0.592593
5.59259
7.12963
9.07407
12.2593
10.1852
-1.62963
-19.2963
-27.2593
-15.7222
10.6667
29.2778
26.1667
2.61111
-20.1852
-28.3519
-17.6296
-4.12963
-2.05556
-20.8148
-37.1667
-21.5556
35.3889
91.1852
91.4815
-44.6481
-39.4444
-18.5741
-0.962963
5.88889
8.25926
10.7593
12.5185
7
-7.48148
-24.4444
-28.4074
-13.0185
15.4444
34.037
30.9444
7.05556
-17.037
-29.0741
-22.2037
-9.61111
-4.33333
-19.8519
-35.2222
-22.2963
33.4259
88.1852
91.2778
-40.4444
-37.1852
-17.6481
-0.703704
6.85185
9.83333
12.1667
11.1111
2
-13.2037
-26.7407
-25.7407
-9.07407
18.1852
34.1296
31.5741
9.83333
-11.8148
-25.4259
-23.6852
-14.8889
-8.55556
-19.5926
-32.1111
-21.0556
31.5
83.0185
87.8148
-35.963
-34.3148
-16.0926
0.0925926
8.2963
11.4074
12.5741
7.90741
-4.2963
-18.5185
-26.7222
-20.3333
-3.75926
19.9259
31.8148
29.4815
10.9815
-6.61111
-19.3519
-21.9815
-18.4444
-13.7037
-20.4815
-28.463
-17.9444
29.4074
75.2037
80.537
-30.9444
-30.8704
-14.2778
1.12963
9.90741
12.7222
11.6852
3.09259
-11.5556
-23.2222
-24.7407
-12.6111
3.05556
21.3519
28.4074
25.8148
10.5741
-3
-12.9815
-17.4259
-18.8889
-18.0926
-22.7037
-25.463
-14.1296
27.1111
65.2593
70.2037
-24.6296
-25.7593
-11.9074
2.01852
11.0926
13.7407
9.48148
-3.51852
-20.0185
-26.1111
-18.3519
-0.333333
10.7037
19.1481
19.6111
19.1481
10.2037
1.85185
-6.05556
-11.5741
-17
-20.2963
-25.2407
-24.537
-12.1667
24.2222
55.5556
60.1852
-18.7407
-20.4815
-8.83333
3.88889
12.6852
13.5741
4.77778
-11.6667
-26.7407
-24.463
-7.94444
12.9259
16.4815
14.7778
9.24074
11.3889
8.25926
5.2963
0.425926
-4.64815
-12.7593
-20.3148
-26.9444
-24.6296
-11.4074
21.0741
46.7037
50.5
-12.7037
-14
-4.42593
6.2037
13
10.7407
-2.03704
-19.1481
-30.0556
-19.037
3.98148
24.8889
20.1667
9.12963
-0.537037
3.75926
4.92593
5.62963
5.2037
3.46296
-5.03704
-17.3704
-27.8333
-25.8704
-12.0926
17.3148
38.1667
41.0185
-6.31481
-6.7037
0.407407
7.94444
11.2593
5.38889
-9.88889
-25.1852
-30.1296
-11.0556
16.3889
35.0556
21.7407
2.42593
-9.44444
-2.94444
1.12963
3.5
7.88889
11.5926
5.2963
-11.3889
-27.0556
-27.7222
-14.463
12.0556
29.2222
31.5
-0.5
-1.14815
3.27778
7.66667
7.88889
-0.87037
-17.037
-29.8333
-28.0556
-1.5
29.2407
43.8519
20.8148
-5.74074
-18.5
-8.01852
-1.25926
1.66667
9.01852
17.6481
15.5741
-3.18519
-23.3333
-28.9815
-18.6481
3.96296
18.6852
21.4815
2.46296
1.81481
5.14815
7.07407
3.72222
-8.24074
-24.3519
-31.8704
-22
10.0556
39.5185
46.7037
16.2963
-12.963
-22.3148
-9.01852
-2.72222
-2.7037
6.5
21.2222
24.9074
6.51852
-17.3519
-28.7778
-24.0185
-6.81481
7.51852
13.8148
4.77778
4.62963
6.83333
5.51852
-1.87037
-16.1296
-29.6111
-30.3704
-13.6481
19.4444
44.3333
44.537
11.6481
-16.0741
-20.8148
-6.74074
-3.37037
-8.2037
1.35185
22.0185
32.3889
15.9074
-10.8704
-27.8704
-28.537
-16.3889
-1.64815
8.31481
7.2963
7.98148
8.48148
3.2037
-8.05556
-23.1111
-32.2407
-26.3148
-5.11111
25.6296
44.5741
39.537
7.74074
-16.5741
-17.2778
-3.44444
-2.81481
-12.3333
-4.37037
19.8704
36.5
23.4815
-4.75926
-26.6481
-31.8333
-23.2222
-7.7963
4.83333
10.3148
11.4815
9.77778
0.777778
-13.2222
-27.6296
-32.7593
-21.6111
1.74074
29.2222
42.3889
33.5
3.90741
-17.1111
-14.5556
-0.722222
-0.833333
-13.7778
-9.38889
14.7778
36.2037
28.5
0.722222
-25.2037
-34.5741
-27.5
-11.3148
3.18519
12.7963
13.6852
10.2222
-1.62963
-17.7222
-31.6296
-32.4074
-16.2593
8.5
31.1481
38.037
26.3889
0.407407
-16.6111
-11.9259
1.11111
0.666667
-13.8519
-12.5
9.46296
33.1667
30.6852
6.12963
-21.5185
-35.1296
-31.3333
-15.7222
0.722222
15.0926
14.7222
8.85185
-5.7037
-22.4444
-33.9815
-29.5741
-10.037
13.6852
30.463
32.8889
21.037
-0.407407
-15.4444
-12.037
-1.53704
-0.444444
-12.2222
-11.3704
7.2037
29.7222
30.6481
10.2593
-16.8333
-33.5
-33.2593
-19.1481
-1.40741
15.7222
13.9815
5.94444
-10.037
-25.4815
-33.1852
-24.2963
-3.90741
16.7778
28
27.963
17.6481
0.666667
-13.6296
-13.8333
-6.85185
-3.59259
-9.72222
-7.62963
7.07407
25.7963
28.6296
12.963
-11.5926
-29.8704
-32.9444
-20.8889
-2.90741
14.3519
11.7778
2.7963
-12.7593
-25.3148
-28.963
-17.5556
1.24074
17.7593
24.5
23.3333
15.1481
2.18519
-11.1667
-15.1667
-12.0741
-7.57407
-7.72222
-3.38889
7.85185
21.5
24.7593
13.7407
-6.57407
-24.7222
-30.3889
-20.8519
-3.74074
11.7963
9.03704
0.851852
-12.5185
-21.8704
-22.6667
-11.2593
4.16667
15.963
19.3519
17.963
12.1667
3.2037
-8.22222
-14.4444
-14.9074
-10.7593
-6.61111
-0.222222
8.66667
16.7593
18.8333
11.4444
-2.81481
-17.9074
-24.7963
-18.6296
-4.11111
9.92593
7.35185
-0.37037
-11.9074
-18.537
-17.0926
-6.55556
4.7963
12.1481
13.1481
12.3889
9.51852
4.2037
-5.2037
-13.2407
-15.9074
-11.5741
-4
3.33333
8.81481
11.2778
10.8704
6.81481
-0.518519
-9.96296
-16.7407
-15.1296
-5.09259
8.25926
4.96296
-2.51852
-11.3704
-14.6852
-11.2593
-3.05556
3.96296
7.33333
7.40741
7.51852
7.12963
4.57407
-2.7037
-11.0556
-14.8333
-10.7593
-1.83333
5.48148
8.22222
6.37037
3.38889
1.01852
-0.62963
-4
-8.61111
-10.3519
-4.59259
-18.0556
-16.7222
-11.5
-6.38889
-3.55556
2.22222
12.7778
22.2222
23.2778
13.8889
5.44444
1.11111
0.5
-2.05556
-4.66667
-7.27778
-9.55556
-12
-10.9444
-9.11111
-6.16667
-5.94444
-2.27778
-4.44444
-9.44444
-19.4444
-21.1667
-13.7778
-0.277778
11.9444
18.2778
18.2222
-13.8333
-13.8333
-12.6667
-13
-12.5
-7.5
1.44444
8.72222
11.0556
7.66667
5.61111
4.55556
3.94444
1.94444
2.88889
3.66667
2.5
-3.5
-5.33333
-6.77778
-7.05556
-11.0556
-9.55556
-8.77778
-9.55556
-19
-24.8889
-19.1111
1.5
23.1111
33.2778
28.5556
-2.77778
-3.55556
-6.38889
-11.8889
-13.8333
-11.2778
-4.66667
0.611111
3.05556
3.33333
4.88889
7.05556
6.88889
4.16667
4.22222
5.22222
5.72222
0.833333
-0.777778
-2.61111
-5
-9.55556
-11.1667
-7.94444
-7.88889
-14.2222
-22.6111
-21.2778
-2.61111
19.8889
34.2222
29.9444
9.22222
8.66667
2.83333
-5.77778
-10
-9.72222
-5.16667
-1.33333
0.444444
1.38889
3.5
6.33333
6.38889
4.22222
3.11111
4.33333
5.22222
3.22222
0.888889
-1
-3.94444
-6.05556
-8.27778
-5.11111
-5.5
-8.72222
-16.8889
-19.6111
-8.11111
10.1111
25.6111
24.8333
14.1111
16.9444
10.5556
2
-2.94444
-3.16667
-0.777778
0.888889
0.555556
-0.5
-0.388889
1.55556
3.33333
4.16667
3.44444
3.72222
2.94444
2.22222
-0.777778
-1.72222
-2.88889
-1.66667
-3.27778
-2.16667
-3.16667
-3.27778
-8.44444
-13.6111
-11.7222
-1.5
11.8889
15.5556
12.4444
18.3889
13.6111
6.88889
0.777778
0.222222
0.555556
1.11111
-0.0555556
-1.77778
-3.44444
-2.66667
0.833333
5.66667
5.66667
3.72222
0.111111
0.555556
-2.16667
-2.72222
-3
0.611111
0.666667
0.277778
-1.11111
0.166667
-2.11111
-6.94444
-10
-5.66667
3.77778
8.5
3.83333
14
13.6667
9.16667
2.16667
0.444444
-0.888889
-0.888889
-1.5
-2.55556
-4.72222
-4.27778
1.16667
7.72222
4.5
-2.83333
-7.88889
-1.16667
1.33333
1.72222
-0.833333
1.77778
2.55556
1.88889
0.833333
2.66667
2.05556
-1.83333
-6.77778
-5.55556
0.222222
4.05556
-0.777778
10.8333
14.0556
9.66667
1.66667
-2.22222
-3.94444
-3.38889
-2.16667
-1.55556
-2.22222
-0.777778
5
7.16667
-5.16667
-19.3333
-19.7778
1.33333
14.0556
12.8333
2.16667
-0.333333
1.55556
2.66667
3
4.5
4.16667
0.833333
-4.22222
-4
-0.555556
2
-1
10.8889
16.5556
10.8333
1.77778
-4.44444
-5.77778
-4.61111
-2.11111
0.166667
2.16667
5.05556
7.55556
0.166667
-20.4444
-37
-29
3.44444
27.5556
27.5
10.7778
-0.944444
-1.72222
1
4.16667
5.72222
4.83333
1.44444
-3.61111
-3.72222
-1.94444
0.777778
1.22222
12.2222
19.8333
13.1667
3.05556
-4.61111
-5
-3.22222
-0.666667
2.33333
6.55556
9.61111
6
-11.3333
-33.8889
-45.8333
-29.9444
3.33333
32.7778
37.4444
22.6667
3.77778
-3.94444
-3
2.27778
5.38889
4.72222
1.38889
-4.11111
-5.33333
-4.88889
-0.555556
1.66667
8.94444
18.2778
13.7778
4.83333
-2.16667
-1.94444
-0.666667
0.5
3.83333
8.55556
9.38889
-1.38889
-21.7222
-36.0556
-36.4444
-21.0556
-1.83333
21.2222
35.2222
33.5
15.5
-2
-7.61111
-3.16667
2.83333
3.77778
1.44444
-4.83333
-7.83333
-8.94444
-2.16667
-4.61111
-3.38889
5.88889
6.94444
3.72222
0.111111
0.944444
1.55556
1.55556
4.44444
8.22222
6.16667
-8.44444
-25.8333
-29.0556
-18.4444
-6.5
-4.16667
4.11111
20.5
33
25.7222
5.38889
-8.5
-8.88889
-1.5
2.22222
1.72222
-5.33333
-9.33333
-11.7778
-3
-14.8333
-24.0556
-16.9444
-7.27778
-0.5
1.61111
3
2.33333
1.88889
4.94444
7.38889
1.22222
-16.0556
-25.9444
-15.9444
4.38889
10.5556
-2.88889
-12.3889
-0.888889
20.6111
28.5
14
-4.16667
-11.1667
-5.33333
0.333333
3.11111
-2.72222
-6.27778
-11.6111
-4.66667
-23.3889
-40.8889
-37.3333
-21.1111
-5.33333
2.16667
4.05556
3.05556
3.55556
6
5.11111
-6.22222
-22.3889
-21.1111
1.44444
26.1667
25
-0.611111
-25.1111
-24.3333
-0.111111
23.0556
23.1667
5.72222
-8.11111
-7
1
8.5
5
-0.444444
-11.5
-10.2222
-25.6667
-45.1667
-42.5556
-24.7222
-6.61111
2.55556
4.5
4
6.88889
7.88889
1.05556
-17.9444
-30.0556
-13.5556
20.5
45.2778
32.1667
-0.5
-34.2222
-41.3889
-19.8889
13.3889
29.9444
18.3333
-0.0555556
-5.55556
4.77778
18.1667
18.4444
6.94444
-12.8889
-21.1111
-17.8333
-31.1667
-29.5556
-17.3333
-4.44444
2.05556
3.44444
5.27778
9.88889
7.55556
-6.77778
-28
-30.7778
-2.77778
31.7778
48
27.5556
-0.777778
-30.7222
-43.7778
-33.0556
-0.5
31
31.7222
12.8333
-0.277778
10.9444
28.7222
31.1111
8.66667
-19.0556
-33.7222
-10.1667
-16.0556
-13.5556
-6.44444
-0.0555556
1.66667
1.33333
5.22222
10.3333
5.33333
-14.1111
-32.6667
-27.1111
3.66667
30.2778
35.6111
16.2222
1
-14.3333
-28
-33.7222
-15.7778
19.8333
37.8889
27.7222
9.94444
14.2778
29.2222
32.2778
5.5
-22.7778
-38.0556
-2.83333
-4.22222
-2.27778
0.5
1.77778
-0.111111
-0.944444
4.72222
7.27778
-1.33333
-22.3889
-31.2222
-17.8333
8.44444
21.8889
16.6111
4.11111
2.55556
5.83333
-3.61111
-23.3889
-27.6667
-0.5
31.8889
37.4444
22.0556
15.3333
20.1111
21.5
-0.277778
-20.8333
-31.3889
-1
-1.83333
0.222222
2.38889
2.61111
0.666667
0.888889
5.27778
1.83333
-11.1111
-28.8889
-26.3333
-7.27778
13
17.2222
6
-2.5
0.0555556
14.6667
14.1111
-8.11111
-30.5556
-21
14.5556
37.3333
31.7778
15.4444
5.94444
3.88889
-5.05556
-12.8333
-16.8889
-1.22222
-0.777778
1.16667
2.55556
2.61111
3.61111
6.55556
6.72222
-5.94444
-24.4444
-34.1111
-18.1667
6.05556
19.5
15.4444
0.944444
-6.05556
-3.38889
15
21.2222
3.61111
-26.7778
-32.2778
-4.33333
27.7778
34.5
18.5556
0.111111
-6.72222
-7.72222
-6.88889
-7.22222
-5.22222
-3.16667
0.277778
4.33333
7
11
12.8889
4.77778
-15.1111
-33.4444
-30.6111
-6.27778
17.0556
22.0556
13.7222
0.0555556
-6.33333
-7.5
7.11111
16.7222
9.27778
-17.8889
-31.9444
-17.3333
15.4444
32.3889
23.6111
1.5
-12.7778
-14.2778
-10.5556
-7.38889
-7.38889
-4.88889
-0.722222
4.72222
9.44444
14.6667
14.1667
-0.333333
-22.1667
-34.8889
-21.0556
5.72222
23.7778
20.3333
9
-2.83333
-6.11111
-7.55556
1.88889
10.2778
9.94444
-8.11111
-25.5
-24.2222
0.5
24.6667
27.1111
7.27778
-14.6111
-22.5
-18.1111
-10.6111
-4.72222
-5.11111
-2.83333
2.27778
8.77778
13.5
9.77778
-7.88889
-25
-27.7778
-6.88889
14.6667
23.6111
13.2222
1.94444
-5.55556
-4.05556
-5.44444
-3.77778
1.5
8.77778
4.33333
-12.4444
-23.6111
-12.4444
12.5556
25.6667
13.2778
-10.7778
-24.6111
-20.3333
-9.5
1.61111
-3.38889
-5.61111
-3.38889
3.83333
8.88889
5.11111
-10.2778
-20.2222
-14.8889
6.61111
20
19.9444
4.5
-7.11111
-10.4444
-2
0.944444
-3.05556
-3.61111
5.44444
13.4444
1.77778
-16.5556
-22.2222
-5.11111
14.7778
16.0556
1.05556
-13.2778
-10.3889
-1.38889
5.11111
-1.61111
-6.16667
-4.33333
3.16667
7
1.61111
-8.61111
-8.16667
4.5
21.0556
22.8889
13.2222
-4.72222
-15.3333
-13.0556
0.0555556
5.94444
-3.16667
-8.05556
2.27778
18.8333
15.1667
-5.55556
-23.7778
-21.8333
-3.55556
11.5556
13.6667
4.5
-0.777778
-1.44444
4.11111
0.277778
-1.55556
1.83333
7.05556
6.83333
0.5
-1.83333
7.33333
22.5556
29.6111
22.2222
7.11111
-9
-17.5556
-13.0556
0.111111
7.05556
-2.22222
-9.16667
-2.05556
14.5
16.7222
0.611111
-20.9444
-30.7222
-20.5556
0.0555556
14.0556
11.1667
-1.55556
-9.5
3.72222
5.83333
9.22222
12.6111
11.8333
4.22222
-3.33333
1.44444
16.2778
30.3889
27.9444
16.0556
1.44444
-8.11111
-11.8889
-6.66667
2.33333
4.66667
-5.38889
-13.3889
-9.5
3.44444
8.88889
1.11111
-14.5556
-27.0556
-26.1111
-9.44444
6.94444
9.72222
-5
-14.7222
6.88889
12.3333
17.7222
17.6667
9.44444
-3.33333
-9.22222
-1.44444
11.8889
20.2778
15
6.05556
-2
-4.27778
-2.27778
3.33333
7.66667
3.44444
-9.11111
-19
-18.6667
-8.94444
-1.16667
0.222222
-6.16667
-13.9444
-16.3889
-7.44444
3.94444
8.83333
1.55556
-3.22222
10.4444
14.3333
16.1111
10.8333
-1.66667
-14.3333
-17.6111
-9.5
0.888889
5.88889
2.61111
-1.16667
-2.27778
1.16667
7.22222
13.3333
14.6667
6.33333
-9
-21.1667
-23.5
-15.4444
-5.77778
1.38889
1.77778
-1.11111
-3.88889
-0.111111
8.66667
17.5
19.7222
17.5556
7.66667
8.27778
5.11111
-2.94444
-14.8333
-21.4444
-19.5
-10.7778
-2.66667
0.722222
0.777778
-0.0555556
1.66667
5.61111
10.2222
13.5556
12.5
7.27778
-2.33333
-10.2778
-14
-10.8333
-4.5
1.77778
3.94444
2.88889
1.22222
2.61111
9.5
18.8333
26.1667
25.5
2.38889
1
-4.61111
-11.8889
-18.2778
-16.6111
-9.88889
-1.22222
4.16667
6
5.88889
5.05556
5.66667
6.38889
4.88889
2.22222
0.277778
3.16667
6.55556
7.88889
5
1.55556
-0.277778
-0.833333
-2.16667
-3.77778
-4.66667
-3
2.55556
10.6667
17.6111
18.2778
-0.666667
-0.555556
-4.61111
-8.66667
-9.61111
-3
5.16667
11.2778
13.1667
12.7222
11.2222
8.5
5.05556
0
-7.55556
-14.4444
-15.4444
-5.88889
9.38889
21.3889
23.5
16.7778
6.72222
-2.94444
-10.3889
-14.6111
-14.6667
-11.6667
-7
-2.44444
1.61111
5.11111
-10.88
-11.46
-9.04
-4.78
1.48
8.5
13.64
14.6
13.26
11.46
9.76
5.82
2.62
1.2
-1.34
-6.76
-9.4
-10.36
-12.48
-15.04
-16.86
-20.94
-27.02
-31.06
-27.88
-18.22
-1.96
17.26
-1.98
-4.74
-5.74
-5.42
-2.84
1.68
5.56
7.32
8.06
8.74
9.18
8.44
7.38
6.14
3.28
-0.66
-4.58
-7.26
-9.9
-12.04
-14.5
-17.12
-22.16
-25.74
-23.62
-16.22
-3.48
13.52
7.34
3.18
-0.88
-4.2
-5.1
-3.08
-0.7
1.6
3.88
6.1
6.98
8.34
8.54
6.52
3.14
2.24
-1.48
-4.62
-6.2
-6.78
-9.44
-10.76
-14.7
-18.1
-17.42
-13.2
-5.1
8.28
14.7
10.22
4.44
-1.42
-4.9
-4.7
-3.6
-0.88
2.48
4.36
3.26
3.98
3.58
0.34
-1.72
2.58
2.08
0.22
-0.12
0.02
-3.6
-4.58
-7.34
-10.12
-10.56
-9.3
-5.94
2.84
19.12
15.76
10.12
3.16
-2.48
-4.18
-4.1
-1.5
1.74
2.06
-1.96
-3.98
-6.52
-10.54
-9.56
0.7
5.64
7.34
8.68
8.02
2.82
1.54
-0.88
-3.22
-4.2
-5.36
-6.78
-2.38
21.76
17.96
12.32
5.16
-1.56
-4.18
-3.58
-0.56
2.42
0.76
-7
-12.6
-17.46
-21.5
-16.86
-0.44
10.2
15.34
17.74
15.42
8.02
5.02
2.56
0.78
-0.08
-2.4
-6.16
-4.3
21.86
17.4
12.24
5.8
-0.8
-3.6
-1.76
1.76
3.78
-0.58
-11.64
-21.6
-29.22
-32.02
-22.52
-1.26
15.32
24.6
27.46
22.4
12.48
6.88
3.38
1.88
1.44
-1.22
-5.78
-5.18
16.94
13.1
9.46
5.02
-0.16
-2.1
1.02
4.42
4.4
-2.52
-15.36
-29.4
-39.14
-39.14
-24.84
-2.26
19.16
32.52
35.38
27.66
16.44
8.3
2.86
1.14
0.56
-2.02
-6.58
-6.14
7.02
4.3
3.78
3.24
1.28
0.92
4.14
5.64
2.68
-5.64
-18.62
-32.84
-40.92
-37.56
-22.7
-2.38
18.76
33.32
37.02
29.86
18.84
9.72
2.38
-0.28
-1.42
-3.4
-7.3
-6.4
-6.72
-7.42
-3.72
0.54
3.12
4.78
7.06
5.48
-0.02
-8.68
-19.72
-29.64
-32.6
-27.02
-16.34
-2.2
13.54
25.08
29.9
27.8
20.08
11.44
4.12
1.04
-1.3
-3.08
-6
-5.88
-23.04
-20.46
-12.2
-3.1
4.06
7.72
8.26
3.38
-4.36
-12.08
-19.16
-22.7
-19.06
-11.4
-7.06
-2.38
5.48
11.98
17.12
21.72
20.74
14.92
9.12
6.56
3.22
0.86
-2.18
-4.62
-37.06
-31.64
-19.56
-6.5
4.2
9.4
7.82
-0.24
-9.74
-15.66
-18.48
-14.9
-4.02
5.56
3.2
-1.64
-2.74
-2.56
1.88
12.92
20.34
19.88
17.32
16.24
12.54
8.84
4.04
-2.92
-43.06
-36.46
-22.16
-7
5.5
10.38
6.06
-4.66
-15.24
-19.58
-18.06
-6.58
10.88
21.22
12.48
0.08
-10.56
-16.92
-13.04
3.74
18.64
25.12
27.34
27.8
24.08
18.6
10.94
-1.66
-38.36
-32.36
-19.46
-5.4
5.48
7.98
1.68
-9.78
-20.86
-22.86
-16.1
0.3
20.04
30.58
19.02
1.12
-14.96
-24.78
-22.64
-4.4
16.48
29.14
36.52
39.26
35.96
27.94
16.72
-1.92
-28.62
-23.72
-13.44
-2.04
5.02
4.02
-3.96
-15.3
-26.28
-25.58
-14.86
2.34
20.88
32.12
22.56
3.64
-13.1
-23.26
-24.22
-10.32
12.32
30.04
41.64
46.5
44.28
34.24
19.3
-3.42
-17.34
-12.9
-4.96
3.04
5.32
0.2
-9.64
-20.68
-30.24
-26.62
-12.92
3.1
18.3
29.06
23.42
6.46
-8.32
-17.14
-21.02
-14.06
6.26
26.66
41.4
47.9
46.56
35.2
17.6
-6.5
-6.6
-2.18
3.7
7.92
5.1
-4.14
-15.64
-25.74
-32.14
-24.86
-8.1
6.28
16.64
24.52
21.54
6.8
-4.96
-11.46
-16.68
-15.94
-0.24
19.44
35.92
43.62
42.36
30.1
11.54
-11.6
0.44
4.86
9.04
9.82
2.72
-9.2
-21.26
-29.84
-31.56
-20
-1.72
9.68
14.96
18.86
17.72
6.26
-0.74
-4.52
-11.42
-16.94
-7.1
9.06
25.14
34.82
35.02
23.16
5.1
-15.14
1.56
7.46
11.92
10.48
1.58
-11.18
-23.46
-30.44
-26.44
-13
3.72
12.12
13.42
12.28
11.98
4.74
1.66
-0.28
-6.74
-15.34
-11.48
0.32
14.98
24.94
26.58
17.14
0.98
-15.78
1.36
7.9
12.28
9.4
0.52
-11.14
-21.94
-26.02
-17.06
-4.22
9
14.66
12.4
5.94
5.16
1.62
1
0.56
-3.3
-11.36
-12.46
-5.98
5.96
14.72
17.34
11.5
-1.06
-14.4
1.76
7.12
10.54
7.3
0.1
-8.46
-15.26
-15.08
-3.74
6
13.84
15.98
10.3
-0.12
-1.5
-1.52
-0.5
0.32
-0.42
-6.46
-11.62
-11.02
-3.76
2.9
6.06
3.94
-3.98
-13.36
2.88
6.74
9.04
6.18
2.2
-2.16
-4.66
-1.08
10.12
14.62
15.54
13.56
5.7
-6.2
-7.04
-3.32
-1.08
0.32
1.76
-2.4
-10.76
-14.54
-12.06
-8.26
-4.42
-1.98
-4.76
-9.98
7.1
9.2
9.52
6.56
4.72
3.8
5.36
11.62
20.56
19.44
14.78
9.92
0.96
-10.36
-10.44
-5.58
-4.66
-3.6
0.62
-0.14
-8.7
-14.32
-14.6
-14.08
-10.84
-4.32
-1.28
-3
11.94
11.28
8.78
5.54
4.82
6.92
12.48
20.84
26.36
21.8
14.12
7.82
-0.8
-9.6
-9.44
-5.7
-7.5
-8.06
-3.72
-2.5
-9.54
-15.32
-17.56
-18.24
-15.7
-7.42
0.38
2.84
13.9
10.52
5.42
1.78
2.04
6.56
14.9
24.26
27.18
21.84
13.92
7.9
1.14
-4.44
-4.7
-3.6
-8.38
-11.44
-9.3
-7.78
-12.24
-16.5
-19.36
-19.5
-17.38
-9.36
0.84
6.96
13.64
8.38
1.08
-3.36
-2.5
3.2
12.1
21
23.26
18.92
12.62
8.36
4.26
1.06
-0.02
-1.72
-8.72
-13.6
-13.22
-11.6
-13.3
-14.68
-15.96
-15.66
-13.46
-5.64
5.06
12.7
12.12
5.34
-3.04
-7.32
-6.62
-0.98
7.7
15.68
17.38
14.78
10.84
8.5
6.32
4.72
3.24
0.04
-7.38
-12.28
-12.7
-11.4
-11.48
-11.5
-12.2
-11.52
-8.86
-1.2
9.92
19.32
6.06
-0.72
-8.12
-10.6
-8.42
-2.26
5.8
12.7
14.06
12.3
9.02
6.48
4.52
3.68
2.96
1.78
-1.62
-3.72
-4.4
-4.7
-6.16
-8.28
-11.24
-11.76
-9.62
-3.14
7.18
17.86