0.25
0.375
0
-0.125
0
0.25
0.875
1
0.875
0.5
0.125
0
0
-0.125
-0.25
-0.375
-0.375
-0.25
-0.125
0
-0.125
-0.125
-0.125
-0.125
-0.125
-0.25
-0.375
-0.5
-0.625
-0.875
-0.875
-0.875
-0.625
-0.25
-0.625
-0.875
-1.375
-2.125
-2.75
-2.75
-1.75
-0.625
-0.125
0.375
0.375
0.125
0.25
0.25
0.125
-0.125
-0.25
-0.375
-0.375
-0.25
-0.25
-0.25
-0.125
0.25
0.5
0.375
0.25
0.125
0
0
-0.25
-0.375
-0.375
-0.25
0.5
0.375
0.375
-0.5
-1.75
-2.25
-1.875
-1
-0.625
-0.25
-0.125
-0.25
0
0.375
0.375
0.375
0.25
0
-0.125
-0.125
0.125
0.375
0.625
0.75
0.75
0.625
0.5
0.625
0.75
0.625
0.375
0.25
-0.125
-0.25
0.625
0.5
0.5
0
-0.875
-1.375
-1.375
-1
-0.5
-0.125
-0.25
-0.25
-0.125
0.375
1
1.625
2
2
1.875
1.625
1.625
1.75
1.625
1.25
0.75
0.375
0.375
0.5
0.625
0.5
0.25
0.25
-0.125
-0.375
0.5
0.25
-0.25
-0.625
-0.75
-0.75
-0.625
-0.5
0.125
0.625
0.75
1.125
1.25
1.5
1.875
2.25
2.5
2.75
2.875
2.5
2.5
2.375
2.125
1.875
1.125
0.5
0.25
0.125
0.125
0.25
0.25
0.25
0.125
-0.125
0.375
0.25
-0.25
-0.625
0
0.5
0.75
0.875
1.125
1.375
2
2.75
2.875
2.375
1.625
0.75
0.125
0.125
0.125
0.375
0.875
1.5
2.125
2.25
1.875
1.125
0.5
0.125
0
0.25
0.5
0.625
0.625
0.375
-0.875
-0.625
-0.25
0.375
1.375
2
2
1.875
1.625
1.5
1.875
1.875
1.375
0.375
-0.5
-1.125
-1.25
-1.375
-1.5
-1
-0.875
-0.25
0.75
1.25
1.875
1.875
1.25
0.625
0.125
0
0
0
0.125
0.25
-1.625
-0.75
0.625
2.5
3.625
3.625
2.875
1.875
1.125
0.875
0.625
-0.375
-1.125
-1.375
-1
0.125
1.375
1.625
1.5
1.125
-0.125
-1.125
-1.25
-0.625
0.625
1.75
1.875
1.25
0.5
-0.125
-0.5
-0.625
-0.375
0.125
-1.125
-0.625
0.125
1.25
1.875
1.375
0.625
0
-0.25
-0.125
-0.25
-0.5
0.125
1.375
3
4.625
5.5
6
5.875
4.875
3.5
1.625
0
-0.5
-0.375
0.625
1.625
1.875
1.5
0.625
0
-0.125
-0.125
0
-1.125
-1.875
-2.625
-3.25
-3.625
-3.625
-3.125
-2.375
-1.625
-1
-0.25
1.5
3.5
5.375
6.625
6.875
6.5
6.5
6.625
6.25
6.25
5.75
4
2.125
0.375
-0.25
0.5
1.5
1.875
1.375
0.625
0.25
0.125
-0.125
-1.25
-2
-2.625
-3.375
-3.75
-3.125
-2.25
-1.5
-0.875
-0.375
1
3
4.125
4.625
4
3.125
2.875
2.5
2.5
2.625
2.875
3.75
3.75
2.75
1.25
-0.375
-0.75
-0.375
0.375
1
0.625
0.25
0.25
0.125
-1
-1.125
-1
-1
-0.875
-0.375
-0.25
0
0.5
1.125
2.25
2.125
1.125
-0.5
-2.375
-2.75
-2.375
-2.25
-2.375
-2.625
-3.125
-2.875
-1.25
0
0.5
0.125
-1
-1.5
-1
0
0.375
0.125
-0.125
-0.25
-1
-1
-0.75
-0.5
-0.375
-0.5
-0.875
-0.5
0.375
1.5
1.625
-0.125
-1.75
-3.625
-4.75
-4.5
-4.5
-4.125
-3.75
-3.5
-3.5
-4
-2.875
-1.375
-0.375
0.375
-0.375
-1
-1
-0.5
0.125
0
-0.375
-0.625
-0.375
-0.375
-0.25
-0.125
-0.375
-0.75
-1.125
-1
-0.25
0.625
0.125
-1.125
-1.375
-1.75
-1.625
-1.625
-3.125
-3.875
-3.375
-2
-0.125
0.25
0.25
0.375
0.25
0.5
0.375
0.125
-0.25
-0.125
0.375
0.25
0
-0.125
0.125
0.25
0.125
0.125
0
-0.125
-0.25
-0.5
-0.25
0.125
0
-0.25
-0.375
-0.5
-0.375
-0.5
-1.375
-2.375
-2.125
-0.875
0.875
1.875
1.75
1.5
1.25
1
0.75
0.5
0
0.125
0.75
0.75
0.5
0.375
-0.125
0
-0.25
-0.25
0.125
0.125
0.25
0.25
0.25
0.5
0.75
0.75
-0.625
-1.625
-2
-2.125
-0.5
0
0.25
0.625
0.25
0.5
0.625
0.75
1.125
1
0.625
0.125
-0.25
0
0.25
0.5
0.5
0.25
-0.125
-0.25
-0.375
-0.375
-0.25
-0.125
0.25
0.375
0.5
0.625
0.625
0.875
0.25
-0.125
-0.25
-0.5
0.375
0.625
0.375
0.125
-0.25
-0.25
0.125
0.375
0.375
0.375
0.25
0
0
0.125
-0.25
-0.25
-0.125
-0.125
0.375
0.375
0.25
0.125
-0.25
-0.25
0
-0.125
0
-0.125
-0.25
0.375
1.125
1.875
2.5
2.375
1.5
0.875
0.125
-0.375
-0.25
-0.25
-0.125
-0.125
-0.375
-0.5
-0.375
-0.25
0.125
0.125
-0.25
-0.375
-0.5
-0.25
0.5
0.5
0.375
0.25
0
0
0
-0.25
-0.5
-1.125
-1.125
-0.625
0.375
1.25
1.875
1.875
0.875
0.5
-0.25
-0.875
-1.125
-1
-0.875
-0.875
-0.75
-1.125
-0.75
-0.25
0.125
0.125
-0.125
-0.25
-0.25
-0.125
0
-0.25
-0.25
-0.25
-0.125
0.125
0.125
-0.125
-0.75
-1.5
-1.5
-1.125
-0.125
0.375
0.25
0.25
0.125
0.5
0.25
-0.625
-1.25
-0.875
-0.625
-0.5
-0.625
-1.25
-0.75
0
0.25
0.125
0
0
0.25
0.25
-0.125
-0.125
0
0
0
-0.125
-0.25
-0.5
-1.25
-1.5
-1.5
-0.75
0.375
1.125
1.25
1.5
2.5
3.625
4.25
3.625
2.75
2.125
0.875
-0.125
-1.125
-1.5
-0.75
0
0.375
0
-0.125
0.125
0.25
0.25
0
0.25
0.625
0.625
0.375
-0.125
-0.375
-0.625
-1.25
-1.5
-1.75
-1.125
-0.125
1.375
2.75
3.5
4.125
4.625
5.125
5.25
4.875
3.25
0.75
-1.375
-2.375
-1.625
-0.5
0.25
0.625
0.125
-0.125
0
0.125
0.25
0.25
0.5
0.625
0.5
0.375
0
-0.125
-0.25
-0.625
-1.25
-2
-2.375
-2.375
-1.375
0.125
1
1.375
1.25
1
1.25
0.75
-0.5
-1.75
-2.875
-2.375
-0.875
0
0.375
0.375
0
0.125
0.5
0.875
1.25
0.5
0.5
0.25
0.125
0.125
0
0
0.25
0.25
-0.375
-1.375
-2.625
-3.875
-4.375
-4.25
-4.125
-3.625
-3.5
-3.75
-3.875
-4.5
-4.375
-3.5
-2.5
-0.75
0.375
0.5
0.25
-0.125
-0.25
0.5
1.375
1.875
2.25
0.375
0.125
-0.125
-0.125
-0.125
-0.125
-0.125
0.125
0.375
0.25
-0.25
-1.125
-2.625
-4.125
-5.5
-6.625
-7
-7.125
-6.875
-6.875
-6.375
-4.75
-2.875
-0.75
0.75
1.125
0.875
0.5
0.25
0.25
0.75
1.5
2
2.25
0.25
-0.125
-0.375
-0.5
-0.625
-0.5
-0.5
-0.625
-0.5
-0.375
0
0.375
0.125
-0.625
-2
-3.375
-4.5
-5.125
-5
-4.625
-3.25
-1.625
-0.125
1.125
1.375
1.625
1.625
1.625
1.5
1
0.5
0.5
1
1.25
3.625
2.125
1.25
0.25
-0.75
-0.75
-0.75
-0.875
-0.875
-0.75
0
1
2.125
2.875
2.75
2.125
1
0.25
-0.25
0.125
1.125
1.375
1.625
1.25
0.625
1
1.125
1.375
1.125
0.375
-0.25
-0.75
-0.625
-0.5
12.625
9.625
6.75
3.875
1
-0.125
-0.25
-0.375
-0.375
0.125
0.75
1.5
2.5
3.125
3.25
2.875
2.125
1.5
1
1.125
1.125
0.625
0
-0.75
-1.125
-1.5
-1.625
-1.5
-1.375
-0.875
-0.75
-0.875
-1.25
-1.375
18.125
16.125
12.375
8.375
4.5
1.75
0.75
0.375
0.375
0.75
1.125
1.25
1.375
1.25
1
0.75
0.5
0.375
0.5
0.625
0.375
0.125
-0.375
-0.375
-0.125
-0.625
-0.75
-1
-0.625
0.625
1.375
1.875
1.75
1.5
8.875
10.625
10.375
8.875
7.125
4.25
2.125
1.375
1.25
1.125
1
0.5
0.125
0.125
0.5
1.25
1.875
2.375
2.875
3
3.25
3.5
3.875
5
6
6.5
6.625
6.375
6.5
7.5
8.75
9.625
10.125
10.125
-6.875
-3.125
0.625
3.625
6
6.125
4.875
4.125
3.875
3.875
3.75
3.625
3.625
4
4.875
6.25
7.625
8.625
9.375
9.625
10
10.625
11.75
13.25
14.875
16
16.875
17.875
18.75
20.25
21.75
22.875
23.75
24.5
-8.5
-8.375
-6.125
-2
3.25
7.625
10
10.75
10.625
10.75
11
11.75
12.625
13.5
14.5
15.875
17.625
19.75
21.875
23.875
25.75
28
30
31.375
32.5
33.375
35
37
38.875
40.125
40.75
41.375
41.875
42.5
2.75
-2.5
-5
-3.375
2.75
12.25
21.125
27.125
29.375
28.5
27.75
28
28.875
30.125
31.375
32.25
33.125
34.75
36.5
38.875
41.5
44.125
46
46.375
45.375
44.125
43.625
43.375
43.375
42.25
40.5
38.875
37.25
35.625
8.625
2.625
-1.5
-2
3.5
17.25
32.375
45.5
52.75
51.625
48.75
46.375
45.125
44.5
43.875
42.25
39.75
37.125
34.375
32.25
30.25
28
26
23.25
19.75
16.125
12.125
8.375
5.25
2
-1.125
-4.625
-8
-11.125
0.5
0.375
0.5
0.625
0.75
0.5
-1.125
-3
-2.375
-1
-0.875
-0.25
0.75
0.375
-0.25
-0.125
0.125
0.25
0.125
0
-0.375
-0.875
-0.625
0.125
0.625
0.5
-0.125
-0.5
-0.125
0.375
0.375
-0.125
-0.125
0.5
1.125
0.875
-0.125
-0.375
0.5
1
-0.5
-2.875
-2.875
-1.625
-0.875
0.125
0.75
0.25
-0.375
-0.375
0
0.375
0.375
0
-0.5
-0.75
-0.375
0.25
0.5
0.375
-0.25
-0.625
0
0.25
0
-0.125
0.125
0.75
1.5
1.125
-0.875
-1.5
0
1.25
0.375
-1.75
-2.625
-2
-0.875
0.25
0.75
0.375
-0.125
-0.375
-0.25
0.25
0.375
0.125
-0.375
-0.625
-0.125
0.25
0.25
0.125
-0.25
-0.375
0
-0.125
-0.375
0
0.375
0.5
1.875
1.25
-1.75
-2.5
-0.625
1.125
1.125
-0.5
-2
-2.125
-1
0.25
0.875
0.875
0.5
-0.125
-0.25
0.25
0.375
-0.125
-0.625
-0.5
-0.125
0
0
-0.125
-0.375
-0.25
0.125
-0.25
-0.75
-0.25
0.375
0.375
2.25
1
-2.5
-3.125
-1
1
1.375
0
-1.625
-1.875
-0.75
0.625
1.25
1
0.375
-0.25
-0.25
0.25
0.375
-0.25
-0.5
0.125
0.125
-0.625
-0.875
-0.5
-0.25
-0.125
0.125
-0.25
-0.75
-0.25
0.125
-0.125
1.875
0.25
-2.5
-2.875
-1
1.25
1.75
0.125
-1.375
-1.375
-0.5
0.75
1.375
0.625
-0.125
-0.25
-0.125
0.125
0.125
-0.125
0.125
0.75
0.375
-1
-1.625
-1.125
-0.5
-0.125
0
-0.25
-0.5
-0.125
-0.125
-0.625
1.625
0.125
-2
-2.125
-0.375
1.5
1.5
-0.375
-1.375
-0.75
-0.125
0.375
0.625
0.125
-0.25
-0.125
0.25
0.375
0
-0.25
0.125
0.75
0.75
-0.25
-1.375
-1.625
-1.25
-0.625
-0.125
-0.25
-0.5
-0.25
-0.125
-0.25
1.625
0.5
-0.625
-0.75
0.375
1.375
0.375
-1.375
-1.375
-0.375
-0.125
-0.125
0.125
0.125
0
0.125
0.625
0.625
-0.5
-0.875
-0.125
0.375
0.75
0.625
-0.375
-1.5
-1.875
-1.25
-0.5
-0.375
-0.5
-0.125
0.125
-0.125
1.125
0.875
0.375
0
0.625
1.125
-0.125
-1.5
-1
-0.125
-0.25
-0.25
0.625
1.125
0.75
0.625
1
0.75
-0.625
-1.375
-1
-0.625
0
0.5
0.125
-0.625
-1.375
-1.625
-1.25
-1.125
-1
-0.125
0.375
0
0.875
1.125
0.875
0.5
0.875
0.875
-0.375
-1.375
-0.875
0
0.25
0.75
1.75
2.125
1.625
1.125
1.25
0.75
-0.875
-1.75
-1.75
-1.5
-1
-0.625
-0.375
-0.25
-0.5
-1.25
-1.875
-1.875
-1.375
-0.25
0.625
0.375
0.5
0.75
0.875
0.625
0.75
0.875
0
-1
-0.625
0.375
1.25
2.25
2.625
2.125
1.5
1.375
1.625
0.75
-1.25
-2.375
-2.375
-1.75
-1.25
-1.5
-1.5
-0.625
0.25
-0.375
-1.875
-2.25
-1.625
-0.5
0.5
0.375
0
0.125
0.25
0.25
0.625
1.375
1
-0.25
0
1.375
2.5
2.875
2.125
1.25
0.875
1.25
1.875
0.75
-1.375
-2.375
-2.375
-1.625
-0.75
-1.25
-2.5
-1.875
0.25
0.5
-1.25
-2.25
-1.875
-0.875
0.125
0.25
0
0
0.25
0.5
0.625
1.25
1.125
0.25
0.875
2.25
2.875
2.125
0.75
0.375
0.25
0.75
2
1.125
-1.25
-2
-1.75
-1.5
-0.375
-0.125
-2.375
-3.375
-0.875
1
-0.25
-1.75
-1.875
-1.25
-0.125
0.375
0.125
0.125
0.25
0.625
0.625
1
0.875
0.25
1.75
3.625
2.875
-0.125
-0.875
1
0.125
-0.625
1.125
0.875
-0.875
-1
-0.375
-1
-0.5
1.125
-1
-4
-2.625
0.625
1
-1.125
-2.125
-1.5
-0.5
0.125
0.125
0.25
0.375
0.625
0.75
0.875
0.25
0.25
3
4.875
2.25
-2.5
-2.375
1.25
0.375
-1
1.125
1.375
-0.375
-0.125
0.625
-1.125
-1.25
1.75
0.5
-4
-4.25
-0.25
1.75
-0.375
-2
-1.5
-0.75
-0.375
0.125
0.25
0.25
0.5
0.875
0.875
0
0.25
3.5
5.5
2
-3.5
-2.875
1.375
0.5
-1.375
0.75
1.5
0
0.875
2
-0.75
-2.125
1.25
1.125
-3.75
-5.125
-0.875
2
0
-2
-1.75
-0.75
-0.25
0.125
0.25
0.125
0.375
1
1.125
0.25
0.125
3.25
5.875
2.375
-3.625
-3.25
1.125
0.75
-1.25
0.375
0.875
-0.375
1.375
3
-0.25
-2.375
1.125
1.375
-3.875
-5.75
-1.25
2.25
0.375
-2
-2
-0.875
-0.125
0.125
0.125
0
0.125
1
1.25
0.25
0.125
3.25
5.875
2.5
-3.125
-3.375
0.125
1
-0.125
0.75
0.875
-0.625
0.875
2.25
-0.75
-1.875
1.625
1.125
-4.25
-5.625
-1
2.125
0.375
-2
-2.125
-0.75
0
0
0
-0.125
0.25
1
1.25
0.75
0.25
2.5
5.125
2.625
-2.125
-2.375
0.5
0.875
-0.375
-0.125
-0.25
-1
0.625
2.125
0
-0.875
1.625
0.25
-4.625
-4.75
0
1.875
-0.375
-2.125
-2
-0.75
0.125
0
-0.25
-0.25
0.25
0.875
1.125
0.875
0.125
1.75
4.5
3
-0.875
-1.125
0.875
0.5
-0.5
0.125
0
-1.25
-0.625
1
0.625
0.125
0.75
-1.125
-4.5
-3.5
0.75
1.5
-0.875
-2
-1.5
-0.75
-0.25
0.125
-0.125
-0.25
0.25
0.75
0.875
0.75
0
1
3.5
3.25
0.75
0.375
1.375
0.5
-0.25
0.5
0.375
-1
-1.375
-0.25
0.375
-0.125
-0.875
-2.375
-3.75
-1.75
1.5
0.875
-1.5
-1.875
-1.125
-0.75
-0.5
0.25
0
-0.125
0.375
0.625
0.625
0.625
-0.125
0.25
2.5
3.25
1.875
1.625
2.125
1
0.25
0.875
0.625
-0.875
-1.75
-1.125
-0.5
-1.25
-2.375
-2.875
-2.375
0
1.75
0.125
-1.875
-1.625
-0.75
-0.625
-0.5
0.5
0
-0.125
0.25
0.375
0.25
0.375
0
-0.125
1.5
2.75
2.375
2.375
2.625
1.875
1.25
1.625
1.25
-0.75
-2.25
-2.25
-2
-2.5
-3.125
-2.625
-0.875
1.25
1.375
-0.625
-1.75
-1.125
-0.25
-0.375
-0.5
0.5
0.25
0
0.125
0.125
0
0.25
0.25
0
0.625
1.375
1.875
2.625
2.875
2.5
1.875
1.375
0.75
-0.5
-1.625
-2.5
-3.125
-3
-2.5
-1.5
0.375
1.75
0.75
-1.125
-1.5
-0.5
0.375
-0.125
-0.5
0.375
0.125
-0.125
-0.125
0.125
0.125
0.125
0.125
0.125
0.5
0.5
0.875
1.875
2.125
2
1.625
1.25
0.625
-0.625
-1.375
-2.125
-2.5
-1.625
-1
-0.5
0.875
1.625
0.25
-1.25
-1.25
-0.25
1
0.75
-0.25
0
-0.125
-0.375
-0.25
0.125
0.25
0.25
0.125
0.25
0.375
0
0.625
1.625
1.375
1
0.875
1
0.625
-0.75
-1.375
-1.25
-0.875
-0.125
-0.125
-0.125
1.375
1.875
-0.375
-2
-1.5
0
1.5
1.25
0
-0.625
-0.875
-2
-1.25
0
0.25
0.25
0.125
0.375
0.75
0.5
1
1.625
0.875
0
-0.375
0
0.25
-0.5
-0.875
-0.375
0.375
0.625
0
-0.125
1.5
1.875
-0.625
-2.125
-1.625
-0.25
1.5
1.625
0.25
-1.625
-2.625
-5.25
-3.875
-1
-0.125
0.25
0.125
0.125
1.125
1.75
2
1.75
0.625
-0.5
-1.375
-1.125
-0.25
-0.25
-0.375
0.125
0.625
0.5
-0.25
-0.375
1.25
1.875
-0.25
-1.875
-1.625
-0.5
1.125
1.75
0.625
-2.375
-4.375
-8.375
-7.375
-3.5
-1.25
0
0.125
0.125
1.25
2.375
2.75
2.125
1
-0.25
-1.75
-2
-0.625
0.25
0.125
0.125
0.125
-0.125
-0.375
-0.125
1.375
1.75
-0.5
-1.875
-1.125
0.125
1.125
1.25
0.5
-2.125
-4.625
-9.125
-9.375
-6.125
-3.25
-0.875
0.125
0.25
1.375
2.5
2.5
1.875
1.375
0.5
-1.25
-1.875
-0.625
0.375
0.25
0
0
0.125
0.5
1
1.25
0.625
-0.375
-0.5
0.25
1
1.375
1.125
0.375
-1.375
-4.375
-7.625
-8.375
-6.75
-4.375
-1.625
-0.125
0.375
1.625
2.75
2.625
1.875
1.5
0.875
-0.5
-0.875
0.125
0.875
0.625
0
0.125
1
1.75
2.125
1.75
0.875
0.625
1
1.75
2.25
2.125
1.5
0.75
-2.25
-4.375
-5.125
-5
-4
-2.625
-1.25
-0.25
0.375
1.5
2.5
2.75
2.625
2.5
2
1.125
1.125
2
2.625
2.375
2
2.5
3
2.875
2.75
2.375
2
2
1.875
2.125
2.75
2.875
1.875
0.5
-5.5
-6
-3.75
-0.875
2.5
6.25
6.375
2.125
-0.375
0.5
1.75
3
3.875
3.625
2.625
1.75
1.875
2.75
3.25
3.125
3.25
3.875
4
2.875
1.625
1.125
1.625
2.375
1.875
1.25
1.5
1.875
1
-0.625
-10.375
-9.375
-4.75
1.75
10
19.5
20.375
9
-0.25
-1.625
-0.5
1.625
3.625
3.5
1.625
0.25
0.5
1.625
2.125
2
2.25
2.75
2.75
1.25
-0.75
-1.125
0.375
1.375
0.5
-0.5
-0.375
0.125
-0.75
-2.125
-0.388889
-0.888889
-1.05556
-1.22222
-1.27778
-1.05556
-0.722222
-0.222222
0.166667
0.277778
0.111111
0.0555556
0.222222
0.111111
0
0
0
-0.111111
-0.166667
0.0555556
0.222222
0.333333
0.388889
0.333333
0.333333
0.277778
0.166667
-0.111111
-0.333333
-0.277778
-0.333333
-0.444444
-0.277778
-0.944444
-1.27778
-1.77778
-2.05556
-1.83333
-1.55556
-1
-0.388889
0.0555556
0.0555556
0.166667
0.444444
0.666667
0.722222
0.888889
1
0.833333
0.833333
0.888889
1
0.944444
0.833333
0.833333
0.777778
0.722222
0.611111
0.444444
0.277778
0.277778
0.0555556
-0.222222
0.111111
-0.388889
-0.833333
-1.38889
-1.61111
-1.44444
-1.16667
-0.666667
-0.166667
0.388889
0.611111
0.944444
1.27778
1.61111
1.88889
2.05556
2.11111
2
2.05556
2.16667
2.11111
1.88889
1.66667
1.44444
1.16667
0.777778
0.611111
0.555556
0.5
0.555556
0.222222
-0.0555556
0.333333
0.111111
-0.277778
-0.611111
-0.555556
-0.388889
-0.0555556
0.333333
0.777778
1.27778
1.61111
1.83333
1.83333
2.05556
2.16667
2.16667
2.11111
2.11111
2.38889
2.5
2.55556
2.33333
2.05556
1.83333
1.38889
0.888889
0.5
0.444444
0.5
0.5
0.277778
0.111111
-0.111111
0.0555556
0.111111
0.277778
0.666667
0.833333
1.22222
1.61111
1.83333
2
2.16667
2.16667
1.88889
1.5
1.22222
0.888889
0.666667
0.833333
1.05556
1.44444
1.77778
2.05556
2.22222
2
1.72222
1.22222
0.722222
0.444444
0.333333
0.333333
0.277778
0.277778
-0.111111
0.611111
1.27778
1.94444
2.38889
2.44444
2.44444
2.33333
2.11111
1.72222
1.61111
1.33333
1
0.666667
0.555556
0.5
0.444444
0.611111
0.555556
0.444444
0.555556
1
1.44444
1.5
1.55556
1.55556
1.16667
0.666667
0.222222
0.0555556
0.111111
0.222222
-0.555556
0.333333
1.16667
1.83333
2.11111
2.05556
1.88889
1.5
1
0.611111
0.722222
0.888889
1.11111
1.33333
1.94444
2.55556
2.77778
2.72222
2.22222
1.55556
0.944444
0.833333
1
1.16667
1.44444
1.72222
1.66667
1.16667
0.555556
0.111111
0
0
-1.05556
-0.5
-0.0555556
0.277778
0.5
0.555556
0.388889
0.0555556
-0.0555556
0.333333
1.11111
1.94444
2.88889
4.05556
5.22222
6.05556
6.33333
6.05556
5.44444
4.38889
3.05556
2
1.27778
1.16667
1.22222
1.33333
1.44444
1.33333
1
0.555556
0.166667
0
-2.05556
-2.38889
-2.66667
-2.66667
-2.44444
-2.16667
-1.83333
-1.33333
-0.388889
0.888889
2.11111
3.38889
4.61111
5.77778
6.44444
6.72222
6.83333
6.55556
6.16667
5.61111
4.61111
3.27778
2
1.5
1.27778
0.944444
0.888889
1.11111
1.22222
0.888889
0.388889
0.0555556
-2.27778
-2.77778
-3.11111
-3.05556
-2.72222
-2.27778
-1.77778
-0.833333
0.611111
1.77778
2.5
3.16667
3.66667
4.05556
3.77778
3.33333
3.22222
3.16667
3.11111
3
2.83333
2.38889
1.5
0.833333
0.611111
0.277778
-0.0555556
0.111111
0.5
0.666667
0.444444
0.222222
-1.88889
-2.22222
-2.44444
-2.38889
-2.22222
-1.72222
-1.05556
0
1.11111
1.38889
1.44444
1.11111
0.444444
-0.388889
-1.22222
-1.55556
-1.72222
-1.55556
-1.33333
-1.16667
-0.5
0.0555556
0.111111
-0.222222
-0.222222
0
-0.333333
-0.5
-0.277778
0.0555556
0.166667
0
-1.16667
-1.05556
-1
-1
-1.05556
-0.666667
-0.111111
0.611111
0.833333
0.277778
0.166667
-0.5
-1.88889
-3.33333
-4.16667
-4.16667
-4.5
-4.33333
-3.66667
-3.44444
-2.44444
-1.16667
-0.388889
-0.5
-0.722222
-0.0555556
-0.111111
-0.555556
-0.611111
-0.222222
0.111111
-0.0555556
-0.5
-0.388889
-0.388889
-0.555556
-0.833333
-0.666667
-0.111111
0.388889
0.0555556
-0.611111
-0.555556
-1.05556
-2.33333
-3.77778
-4.16667
-3.88889
-4
-3.61111
-2.66667
-2.16667
-1.38889
-0.277778
0.555556
0.333333
-0.277778
0.222222
0.444444
0.0555556
-0.277778
-0.0555556
0.277778
0.111111
-0.277778
-0.222222
-0.166667
-0.222222
-0.444444
-0.5
-0.0555556
0.333333
0
-0.444444
-0.444444
-0.5
-1.27778
-2.27778
-2.5
-2.55556
-2.5
-2.11111
-1.11111
-0.555556
-0.0555556
0.944444
1.66667
1.33333
0.444444
0.555556
0.777778
0.5
0.0555556
0.166667
0.5
0.388889
-0.166667
-0.166667
-0.111111
-0.111111
-0.111111
-0.166667
0.222222
0.5
0.388889
0.333333
-0.111111
-0.333333
-0.666667
-1.16667
-1.05556
-1.22222
-0.722222
-0.222222
0.222222
0.555556
0.555556
1.05556
1.44444
1.16667
0.666667
0.5
0.555556
0.444444
0.0555556
0.111111
0.333333
0.444444
0
0
-0.0555556
-0.0555556
0.0555556
0
0.166667
0.277778
0.444444
0.666667
0.333333
0.388889
0.555556
0.555556
0.5
0.111111
0.277778
0.277778
0.111111
0.0555556
0.111111
0.333333
0.444444
0.388889
0.388889
0.277778
0.166667
0.111111
-0.0555556
-0.0555556
-0.0555556
0.0555556
0.111111
0.0555556
-0.111111
-0.111111
0.0555556
0
-0.0555556
-0.222222
0
0.277778
0.277778
0.5
1.05556
1.44444
1.27778
0.944444
0.666667
0.277778
-0.444444
-0.611111
-0.444444
-0.555556
-0.722222
-0.611111
-0.111111
-0.166667
-0.333333
-0.277778
-0.0555556
0
-0.277778
-0.222222
0.333333
0.277778
0.0555556
0
0
-0.222222
-0.611111
-1
-0.833333
-0.555556
-0.111111
0.388889
1.16667
1.83333
1.77778
1.61111
1
0.333333
-0.388889
-0.388889
-0.388889
-0.944444
-1.27778
-1
-0.333333
-0.555556
-0.666667
-0.444444
0.0555556
0.166667
-0.222222
-0.333333
0.0555556
0
-0.0555556
-0.0555556
0
-0.166667
-0.777778
-1.33333
-1.27778
-1
-0.555556
-0.111111
0.722222
1.66667
2
2.22222
1.83333
1.33333
0.944444
1
0.444444
-0.666667
-1.27778
-0.944444
-0.5
-0.888889
-0.833333
-0.333333
0.333333
0.333333
-0.0555556
-0.166667
0.166667
0.222222
0.222222
0
-0.111111
-0.388889
-1.16667
-1.72222
-1.83333
-1.33333
-0.944444
-0.333333
0.722222
1.94444
2.94444
3.61111
3.94444
3.83333
3.61111
3.27778
1.88889
0.111111
-1
-0.944444
-0.833333
-1.22222
-0.833333
-0.111111
0.444444
0.277778
0.0555556
0.111111
0.222222
0.277778
0.333333
0.111111
0.0555556
-0.166667
-0.888889
-1.55556
-1.88889
-1.61111
-1.55556
-1
0.166667
1.5
2.5
3.27778
4
4.16667
3.72222
2.83333
1.5
-0.0555556
-1.16667
-1.33333
-1.27778
-1.16667
-0.555556
0.166667
0.611111
0.333333
0.277778
0.555556
0.555556
0.555556
0.5
0.222222
0.0555556
-0.166667
-0.611111
-1.22222
-1.88889
-2.05556
-2.44444
-2.44444
-1.88889
-1.11111
-0.333333
0.166667
0.888889
1.16667
0.5
-0.333333
-1.05556
-1.66667
-1.94444
-1.77778
-1.27778
-0.777778
-0.166667
0.333333
0.611111
0.555556
0.833333
1.33333
0.444444
0.333333
0.222222
0.111111
0.0555556
0.0555556
0
-0.5
-1.22222
-1.83333
-2.72222
-3.61111
-4.22222
-4.44444
-4.5
-4.66667
-4.5
-4.38889
-4.61111
-4.55556
-4.05556
-3.27778
-2.33333
-1.38889
-0.5
0.0555556
0.388889
0.555556
0.722222
0.944444
1.44444
2
0.277778
0
-0.166667
-0.222222
-0.388889
-0.333333
-0.166667
-0.333333
-0.777778
-1.22222
-1.88889
-2.94444
-4.22222
-5.16667
-5.83333
-6.61111
-7
-7.05556
-6.61111
-5.66667
-4.44444
-3
-1.44444
0.0555556
0.888889
1.16667
1.16667
1.11111
1.05556
1.16667
1.66667
2.05556
1.55556
0.722222
0.222222
-0.166667
-0.611111
-0.666667
-0.5
-0.388889
-0.222222
-0.166667
-0.277778
-0.666667
-1.55556
-2.55556
-3.66667
-4.66667
-5.38889
-5.66667
-4.94444
-3.83333
-2.55556
-1.33333
-0.166667
1
1.33333
1.38889
1.22222
1.05556
0.833333
0.722222
0.944444
1.05556
6.05556
4.05556
2.5
1.11111
-0.222222
-0.722222
-0.833333
-0.611111
0
0.555556
1.11111
1.61111
1.72222
1.27778
0.333333
-0.444444
-1.16667
-1.5
-1.27778
-0.833333
-0.222222
0.111111
0.444444
0.722222
0.611111
0.611111
0.444444
0.444444
0.222222
-0.0555556
-0.111111
-0.166667
12.8333
9.72222
6.83333
4.05556
1.66667
0.333333
-0.166667
-0.0555556
0.611111
1.16667
1.72222
2.38889
2.88889
2.66667
1.94444
1.55556
1.16667
0.833333
0.611111
0.611111
0.722222
0.666667
0.444444
0.0555556
-0.222222
-0.222222
-0.111111
0.0555556
0.111111
0.277778
0.333333
0.444444
15.5
13
9.94444
6.94444
4.27778
2.22222
1.11111
0.833333
1.05556
1.27778
1.55556
1.94444
2.38889
2.5
2.44444
2.61111
2.77778
2.77778
2.55556
2.44444
2.5
2.66667
2.77778
2.5
2.55556
2.83333
3.27778
3.77778
4.16667
4.88889
5.38889
5.83333
10.2778
10.2778
9.11111
7.72222
6.55556
5
3.83333
3.33333
3.22222
3.16667
3.27778
3.44444
3.72222
4.11111
4.61111
5.33333
6.11111
6.61111
7
7.38889
7.94444
8.83333
9.61111
10.1667
10.8889
11.7778
12.8333
13.7778
14.7778
16.1111
17.2222
18.1667
0.944444
3.22222
4.88889
6.44444
8.11111
8.72222
8.61111
8.44444
8.16667
8.22222
8.44444
8.88889
9.61111
10.8889
12.5
14.1667
15.8889
17.6111
19.3333
20.9444
22.6111
24.3889
26.1667
27.6111
29.1667
30.6667
32.0556
33.3889
34.7222
36.2778
37.3889
38.1667
-3.77778
-1.94444
1.5
6.61111
12.1667
16.9444
20.3889
22.5556
23.4444
23.5556
23.8889
24.4444
25.3333
26.7778
28.3889
30.0556
31.7222
33.7222
35.8333
38.0556
40.0556
41.6111
42.7778
43.7778
44.8333
45.5
46.0556
46.5556
47.2778
47.7778
47.6667
47.3333
-1.22222
-2.05556
1.44444
9.44444
18.7222
27.8889
35.7778
41.5
44.0556
43.7222
43
42.5
42.3889
42.7778
43.3889
43.8333
44
44.6111
45.3889
46.3333
47
47
46.5
45.6111
44.6667
43.2778
41.7222
40.1667
38.9444
37.3889
35.3889
33.1667
0.833333
0
-0.277778
0.111111
0.0555556
-0.833333
-2.38889
-2.77778
-2.38889
-1.05556
-0.111111
0.611111
0.444444
0.111111
-0.222222
-0.111111
0.111111
0.222222
-0.0555556
-0.388889
-0.666667
-0.333333
0.0555556
0.444444
0.222222
-0.0555556
-0.277778
-0.111111
0
-0.0555556
0
0.111111
0.833333
-0.5
-0.944444
-0.333333
0.166667
-0.388889
-2
-2.77778
-2.61111
-1.27778
-0.0555556
0.833333
0.777778
0.444444
0.0555556
0.111111
0.222222
0.166667
-0.166667
-0.555556
-0.666667
-0.5
-0.166667
0.0555556
0
-0.166667
-0.277778
-0.222222
-0.166667
-0.277778
-0.0555556
0.111111
0.333333
-1.27778
-1.72222
-0.611111
0.5
0.333333
-1.16667
-2.22222
-2.27778
-1.05556
0.166667
1.05556
0.833333
0.388889
-0.111111
0.0555556
0.222222
0.222222
-0.166667
-0.388889
-0.444444
-0.333333
-0.444444
-0.444444
-0.5
-0.333333
-0.277778
-0.222222
-0.277778
-0.333333
-0.111111
0.0555556
0
-1.88889
-2.27778
-0.833333
0.888889
1.05556
-0.388889
-1.66667
-1.88889
-0.722222
0.388889
1.05556
0.611111
0.0555556
-0.388889
-0.166667
0.111111
0.222222
0.0555556
0.0555556
0.111111
0
-0.5
-0.944444
-1.05556
-0.777778
-0.388889
-0.222222
-0.277778
-0.388889
-0.277778
-0.111111
0.222222
-1.72222
-2.22222
-0.833333
0.888889
1.05556
-0.333333
-1.5
-1.61111
-0.555556
0.277778
0.722222
0.333333
0.0555556
-0.222222
0
0.111111
0.166667
0.0555556
0.222222
0.444444
0.388889
-0.222222
-1
-1.38889
-1.22222
-0.722222
-0.444444
-0.444444
-0.555556
-0.388889
-0.166667
0.666667
-0.833333
-1.27778
-0.388889
0.611111
0.444444
-0.666667
-1.44444
-1.44444
-0.722222
-0.0555556
0.555556
0.666667
0.666667
0.555556
0.5
0.222222
-0.277778
-0.555556
-0.333333
0.111111
0.333333
0
-0.722222
-1.33333
-1.55556
-1.16667
-0.888889
-0.666667
-0.611111
-0.333333
-0.111111
0.555556
-0.444444
-0.722222
0.0555556
0.555556
0.277778
-0.666667
-1.05556
-1
-0.388889
0.277778
1.11111
1.33333
1.22222
0.944444
0.888889
0.444444
-0.388889
-1.11111
-1.11111
-0.611111
-0.277778
-0.333333
-0.722222
-1.11111
-1.38889
-1.44444
-1.38889
-1.22222
-0.888889
-0.444444
-0.111111
0.5
-0.0555556
-0.166667
0.611111
0.833333
0.333333
-0.722222
-0.944444
-0.5
0.555556
1.33333
1.94444
1.66667
1.27778
0.888889
0.833333
0.333333
-0.5
-1.22222
-1.16667
-0.944444
-0.777778
-1.16667
-1.27778
-1.33333
-1.22222
-1.44444
-1.66667
-1.66667
-1.11111
-0.5
0
0.722222
0.5
0.444444
1
1
0.388889
-0.722222
-0.777778
0.0555556
1.33333
2
2.05556
1.61111
1.33333
1.33333
1.16667
0.388889
-0.888889
-1.72222
-1.72222
-1.27778
-0.944444
-1.22222
-1.5
-1.5
-1.27778
-1.33333
-1.77778
-2
-1.55556
-0.722222
0.0555556
0.944444
1
1
1.27778
0.944444
0.277778
-0.555556
-0.166667
0.833333
1.77778
1.94444
1.72222
1.55556
1.72222
2
1.77778
0.555556
-1.27778
-2.55556
-2.66667
-1.83333
-0.944444
-0.833333
-1.27778
-1.61111
-1.38889
-1.27778
-1.66667
-2.16667
-1.88889
-1
0
0.777778
1
1.11111
1.16667
0.777778
0.388889
0.166667
0.888889
1.66667
2.05556
2
1.77778
1.77778
1.72222
2
1.88889
0.833333
-1.11111
-2.66667
-3.05556
-2.27778
-1.38889
-1.11111
-1.55556
-1.77778
-1.33333
-1
-1.38889
-2.16667
-2.05556
-1.27778
-0.222222
0.277778
0.388889
0.666667
1
1.05556
1
1
1.94444
2.72222
2.72222
2.27778
1.83333
1.77778
1.22222
0.944444
0.833333
0.388889
-0.555556
-1.44444
-1.88889
-1.66667
-1.61111
-1.61111
-2.27778
-2.38889
-1.61111
-0.777778
-0.888889
-1.94444
-2.22222
-1.66667
-0.611111
0.277778
0.388889
0.722222
1.11111
1.16667
1.11111
1.33333
2.72222
3.61111
2.94444
1.44444
0.388889
0.555556
0.555556
0.833333
0.888889
0.666667
-0.166667
-0.666667
-1.16667
-1.05556
-1.16667
-1.11111
-2.33333
-3.16667
-2.66667
-1
-0.277778
-1.16667
-1.94444
-1.83333
-0.888889
0.277778
0.444444
0.833333
1.22222
1.11111
1.05556
1.61111
3.55556
4.33333
2.66667
0
-1.38889
-0.611111
0.0555556
0.833333
1
0.944444
0.111111
-0.111111
-0.666667
-0.388889
-0.5
0
-1.77778
-3.44444
-3.66667
-1.44444
0.0555556
-0.611111
-1.83333
-2.05556
-1.16667
0.277778
0.5
0.888889
1.22222
1
1.05556
2
4.27778
4.72222
2.22222
-1.11111
-2.22222
-0.888889
0.0555556
0.611111
0.666667
0.833333
0.444444
0.666667
0
0
-0.388889
0.444444
-1.38889
-3.55556
-4.27778
-1.88889
0.222222
-0.277778
-1.66667
-2.22222
-1.33333
0.222222
0.333333
0.611111
1.05556
0.833333
1
2.05556
4.5
4.88889
2.22222
-1.22222
-2.05556
-0.555556
0.222222
0.277778
0
0.5
0.722222
1.44444
0.611111
0.111111
-0.666667
0.222222
-1.5
-3.61111
-4.5
-1.94444
0.222222
-0.166667
-1.72222
-2.27778
-1.38889
0.111111
0.277778
0.555556
1.22222
1.05556
1.11111
1.83333
4.11111
4.77778
2.38889
-0.833333
-1.83333
-0.388889
0.222222
0.0555556
-0.611111
-0.222222
0.277778
1.55556
1.16667
0.777778
-0.222222
0.277778
-1.72222
-3.77778
-4.5
-1.77778
0.277778
-0.166667
-1.77778
-2.27778
-1.44444
-0.111111
0.166667
0.5
1.33333
1.11111
1.11111
1.61111
3.77778
4.61111
2.77778
-0.333333
-1.61111
-0.722222
0.166667
0.666667
0.388889
0.333333
-0.222222
0.388889
0.388889
0.722222
0.166667
0.0555556
-2.11111
-3.88889
-4.11111
-1.44444
0.222222
-0.277778
-1.72222
-2.11111
-1.33333
-0.0555556
0.111111
0.5
1.16667
1.11111
1.05556
1.44444
3.11111
4.16667
3.11111
1
-0.222222
0.166667
0.444444
0.666667
0.333333
0.166667
-0.555556
-0.166667
-0.111111
0.333333
-0.444444
-0.944444
-2.83333
-3.61111
-3.11111
-0.722222
0.111111
-0.666667
-2
-2.05556
-1.27778
0.0555556
0.111111
0.333333
0.888889
0.888889
0.833333
1.05556
2.38889
3.61111
3.33333
2.16667
1.33333
1.5
1.27778
0.944444
0.277778
-0.0555556
-0.722222
-0.722222
-0.944444
-0.888889
-1.55556
-2
-3.05556
-2.94444
-1.88889
-0.0555556
0
-1
-2.05556
-1.83333
-1.11111
0.111111
0.0555556
0.222222
0.666667
0.722222
0.611111
0.666667
1.55556
2.77778
3.05556
2.77778
2.33333
2.5
2.05556
1.61111
0.722222
0.111111
-0.944444
-1.5
-1.94444
-1.94444
-2.27778
-2.5
-2.88889
-2.05556
-0.833333
0.444444
-0.277778
-1.16667
-1.88889
-1.27778
-0.888889
0.111111
0.111111
0.277778
0.555556
0.611111
0.5
0.5
1
1.88889
2.38889
2.66667
2.66667
2.77778
2.33333
2
1.27778
0.444444
-1.05556
-2.05556
-2.44444
-2.27778
-2.33333
-2.5
-2.33333
-1.16667
0
0.5
-0.555556
-1.16667
-1.33333
-0.611111
-0.555556
0.111111
0
0.111111
0.333333
0.388889
0.277778
0.333333
0.722222
1.44444
2.05556
2.38889
2.61111
2.44444
2.22222
2.05556
1.77778
0.944444
-0.833333
-2.16667
-2.66667
-2.38889
-2.27778
-2.33333
-1.72222
-0.388889
0.611111
0.5
-0.777778
-1.16667
-0.944444
0
0
0.0555556
-0.111111
-0.0555556
0.111111
0.277778
0.222222
0.277778
0.444444
1
1.66667
2.33333
2.83333
2.66667
2.27778
1.72222
1.27778
0.555556
-0.611111
-1.61111
-2.22222
-2.33333
-2.33333
-2
-0.833333
0.666667
1.27778
0.277778
-1.33333
-1.61111
-0.833333
0.444444
0.5
-1
-1.27778
-1
-0.388889
0.166667
0.222222
0.277778
0.388889
0.888889
1.5
2.16667
2.66667
2.44444
1.88889
1.11111
0.555556
0.0555556
-0.666667
-1.27778
-1.72222
-1.77778
-1.66667
-1.16667
0
1.22222
1.38889
0
-1.61111
-1.72222
-0.611111
0.833333
0.944444
-3.05556
-3.83333
-3.16667
-1.77778
-0.333333
0.166667
0.388889
0.5
1
1.55556
2.11111
2.27778
1.72222
0.944444
0.222222
-0.111111
-0.277778
-0.722222
-1.05556
-1.16667
-0.888889
-0.666667
-0.333333
0.388889
1.27778
1.16667
-0.111111
-1.55556
-1.44444
-0.277778
1.11111
1.16667
-5.05556
-6.61111
-6.16667
-4.05556
-1.66667
-0.333333
0.277778
0.722222
1.38889
1.94444
2.27778
2.05556
1.11111
0
-0.833333
-0.888889
-0.5
-0.388889
-0.388889
-0.388889
-0.0555556
0.111111
0.222222
0.722222
1.22222
1
-0.333333
-1.38889
-1.11111
0.166667
1.33333
1.33333
-5.5
-7.77778
-8.05556
-6.16667
-3.38889
-1.33333
-0.111111
0.722222
1.72222
2.38889
2.66667
2.27778
1.27778
0.0555556
-1
-1.16667
-0.666667
-0.222222
0.111111
0.222222
0.611111
0.666667
0.888889
1.16667
1.44444
0.944444
-0.166667
-0.888889
-0.5
0.666667
1.61111
1.61111
-5.5
-7.94444
-8.33333
-6.83333
-4.22222
-2
-0.388889
0.777778
2.11111
3.05556
3.5
3
1.94444
0.555556
-0.611111
-0.888889
-0.333333
0.277778
0.555556
0.5
0.722222
0.944444
1.5
1.94444
2.22222
1.66667
0.722222
0.222222
0.666667
1.66667
2.22222
2.05556
-6.72222
-8.33333
-7.66667
-5.66667
-3.11111
-1.5
-0.166667
0.777778
2.27778
3.33333
4
3.66667
2.83333
1.66667
0.722222
0.611111
1.33333
2.05556
2.33333
2.27778
2.38889
2.5
2.61111
2.61111
2.72222
2.44444
2.05556
1.61111
1.83333
2.38889
2.61111
2.16667
-8.77778
-8.72222
-5.83333
-1.05556
2.94444
4.16667
2.72222
1.33333
1.55556
2.88889
4.11111
4.33333
3.66667
2.44444
1.38889
1.38889
2.16667
3.05556
3.27778
3.38889
3.38889
3.38889
2.77778
2.11111
1.83333
1.83333
1.94444
1.66667
1.72222
1.88889
1.77778
1.11111
-10.2222
-7.94444
-2.33333
6
12.8333
14.3333
9.22222
3.27778
0.166667
0.722222
2.44444
3.61111
3.5
2.22222
0.833333
0.611111
1.22222
2.05556
2.27778
2.55556
2.66667
2.66667
1.83333
0.833333
0.222222
0.277778
0.611111
0.611111
0.722222
0.722222
0.5
-0.388889
-0.625
-0.90625
-0.75
-0.8125
-1.125
-1.09375
-0.71875
-0.21875
0.25
0.6875
0.75
0.8125
0.96875
1.15625
1.21875
1.21875
1.3125
1.375
1.4375
1.375
1.28125
1.125
1.03125
1.03125
0.875
0.53125
0.25
0.1875
0.0625
-0.0625
-0.875
-1.15625
-1.09375
-1.125
-1.125
-0.875
-0.46875
0.15625
0.71875
1.21875
1.40625
1.5625
1.6875
1.78125
1.8125
1.8125
1.9375
2.125
2.1875
2.09375
1.9375
1.75
1.6875
1.5625
1.28125
0.875
0.5625
0.5
0.3125
0.15625
-0.3125
-0.375
-0.375
-0.375
-0.15625
0.1875
0.53125
0.9375
1.28125
1.5625
1.71875
1.90625
1.96875
1.96875
1.9375
1.90625
2.0625
2.25
2.4375
2.40625
2.28125
2.09375
1.96875
1.8125
1.5
1.15625
0.78125
0.5625
0.34375
0.21875
0.625
0.875
0.90625
0.96875
1.40625
1.6875
1.84375
1.875
1.84375
1.8125
1.90625
2.03125
2.03125
1.90625
1.71875
1.6875
1.71875
1.875
2.0625
2.15625
2.09375
2
1.96875
1.78125
1.5625
1.3125
1
0.71875
0.46875
0.34375
0.375
0.75
0.84375
1.15625
1.75
2.03125
2.0625
1.90625
1.8125
1.78125
2.03125
2.25
2.40625
2.40625
2.40625
2.5
2.4375
2.375
2.34375
2.3125
2.1875
2.09375
2
1.78125
1.59375
1.4375
1.15625
0.84375
0.53125
0.3125
-0.09375
0.25
0.4375
0.84375
1.34375
1.5625
1.59375
1.4375
1.46875
1.78125
2.3125
2.84375
3.375
3.71875
4
4.1875
4.0625
3.71875
3.34375
3
2.59375
2.34375
2.09375
1.8125
1.59375
1.4375
1.21875
0.9375
0.71875
0.46875
-0.75
-0.5625
-0.40625
-0.03125
0.40625
0.625
0.84375
1.0625
1.5
2.15625
2.96875
3.78125
4.59375
5.21875
5.5625
5.65625
5.40625
4.96875
4.3125
3.59375
2.84375
2.375
2.0625
1.75
1.46875
1.25
1.09375
1
0.90625
0.65625
-2.34375
-2.40625
-2.3125
-1.96875
-1.53125
-1
-0.3125
0.46875
1.34375
2.21875
3.0625
3.96875
4.75
5.3125
5.5625
5.53125
5.3125
4.96875
4.46875
3.65625
2.78125
2.21875
1.84375
1.59375
1.28125
1
0.75
0.6875
0.75
0.5625
-2.65625
-2.75
-2.65625
-2.375
-1.90625
-1.1875
-0.34375
0.46875
1.25
1.90625
2.40625
2.9375
3.34375
3.46875
3.34375
3.25
3.125
3
2.9375
2.5625
1.875
1.34375
1.09375
0.9375
0.75
0.59375
0.28125
0.125
0.3125
0.4375
-2.3125
-2.40625
-2.40625
-2.1875
-1.65625
-0.8125
-0.09375
0.3125
0.875
1.125
1.15625
1.09375
0.75
0.1875
-0.3125
-0.3125
-0.375
-0.40625
0.0625
0.375
0.375
0.1875
0.15625
0.28125
0.3125
0.4375
0.15625
-0.15625
-0.125
0.125
-1.90625
-2
-2.0625
-1.8125
-1.21875
-0.375
0
-0.125
-0.03125
-0.09375
-0.40625
-0.96875
-1.8125
-2.8125
-3.25
-2.90625
-2.6875
-2.625
-1.84375
-0.9375
-0.375
-0.25
-0.25
-0.09375
0.03125
0.375
0.21875
-0.21875
-0.40625
-0.15625
-0.84375
-0.90625
-1
-0.8125
-0.3125
0.28125
0.25
-0.28125
-0.5
-0.6875
-1.09375
-1.875
-2.84375
-3.90625
-4.125
-3.53125
-3.0625
-2.96875
-2.25
-1.125
-0.25
0.0625
0.0625
0.09375
0.09375
0.46875
0.4375
0
-0.34375
-0.125
-0.375
-0.40625
-0.5
-0.4375
-0.0625
0.375
0.28125
-0.21875
-0.46875
-0.59375
-0.875
-1.4375
-2.28125
-3.25
-3.34375
-2.78125
-2.21875
-2.1875
-1.71875
-0.78125
0.125
0.5625
0.53125
0.5
0.375
0.65625
0.6875
0.3125
-0.125
-0.03125
-0.15625
-0.1875
-0.28125
-0.28125
-0.03125
0.1875
0.1875
0.03125
-0.3125
-0.40625
-0.4375
-0.6875
-1.03125
-1.53125
-1.46875
-1.15625
-0.625
-0.5
-0.34375
0.15625
0.5625
0.75
0.65625
0.46875
0.375
0.5
0.46875
0.25
-0.03125
0.03125
-0.03125
-0.03125
0
-0.09375
-0.0625
-0.03125
0.09375
0.21875
0.1875
0.1875
0.28125
0.3125
0.1875
-0.03125
-0.15625
-0.28125
-0.125
-0.0625
-0.125
-0.03125
0.125
0.25
0.40625
0.40625
0.34375
0.28125
0.15625
0.0625
0.03125
0.125
0.03125
0.0625
0.09375
-0.09375
-0.25
-0.375
-0.21875
0.0625
0.25
0.3125
0.5
0.8125
1.03125
1.1875
1
0.53125
0.28125
0.34375
0.125
-0.1875
-0.4375
-0.53125
-0.28125
-0.09375
0
-0.21875
-0.28125
-0.15625
0
0.09375
0.125
0.09375
0.09375
-0.125
-0.5
-0.84375
-0.78125
-0.4375
-0.09375
0.09375
0.40625
0.90625
1.5
2.1875
2.21875
1.6875
1.21875
1.28125
0.84375
0.125
-0.5
-0.875
-0.6875
-0.5
-0.40625
-0.75
-0.65625
-0.28125
0.0625
0.0625
0.0625
0
0.0625
-0.1875
-0.71875
-1.1875
-1.28125
-1
-0.5
-0.15625
0.1875
0.84375
1.65625
2.625
2.875
2.5
2
1.9375
1.28125
0.28125
-0.46875
-0.84375
-0.75
-0.625
-0.6875
-1.03125
-0.6875
-0.09375
0.34375
0.25
0.21875
0.125
0.09375
-0.1875
-0.8125
-1.40625
-1.6875
-1.5
-1.21875
-0.8125
-0.40625
0.34375
1.5
2.78125
3.4375
3.375
3.09375
2.9375
2.09375
0.90625
-0.0625
-0.5625
-0.78125
-0.96875
-1.03125
-1.21875
-0.625
0.15625
0.59375
0.4375
0.3125
0.15625
0.15625
0
-0.5625
-1.25
-1.75
-1.78125
-1.8125
-1.53125
-1.21875
-0.71875
0.125
1.25
2.0625
2.28125
2.1875
1.875
1.03125
0.0625
-0.53125
-0.71875
-0.96875
-1.25
-1.1875
-1
-0.25
0.53125
0.9375
0.78125
0.34375
0.1875
0.125
0
-0.375
-1
-1.59375
-1.875
-2.28125
-2.375
-2.4375
-2.4375
-2.1875
-1.6875
-1.15625
-0.96875
-0.96875
-1.15625
-1.53125
-1.84375
-1.8125
-1.4375
-1.34375
-1.34375
-0.9375
-0.46875
0.25
0.96875
1.34375
1.3125
0.3125
0.125
-0.03125
-0.09375
-0.3125
-0.8125
-1.34375
-1.6875
-2.25
-2.65625
-3.0625
-3.53125
-3.84375
-3.875
-3.78125
-3.8125
-3.75
-3.65625
-3.4375
-3.09375
-2.46875
-1.59375
-1.0625
-0.71875
-0.15625
0.34375
0.875
1.40625
1.6875
1.65625
1
0.46875
0.125
-0.09375
-0.34375
-0.625
-0.90625
-1.125
-1.5625
-2.0625
-2.65625
-3.4375
-4.28125
-4.875
-5.28125
-5.625
-5.625
-5.34375
-4.71875
-3.875
-2.78125
-1.5625
-0.75
-0.09375
0.4375
0.8125
1.0625
1.375
1.5625
1.53125
3.375
2.1875
1.25
0.40625
-0.3125
-0.53125
-0.46875
-0.4375
-0.5625
-0.875
-1.40625
-2.09375
-2.90625
-3.6875
-4.4375
-5
-5.09375
-4.8125
-4.125
-3.25
-2.25
-1.21875
-0.40625
0.25
0.59375
0.75
0.71875
0.875
1.03125
1.0625
7.15625
5.15625
3.46875
1.875
0.46875
-0.09375
0
0.21875
0.5
0.59375
0.46875
0.125
-0.375
-0.84375
-1.46875
-1.90625
-2.0625
-2.03125
-1.71875
-1.15625
-0.46875
0.15625
0.59375
0.90625
0.9375
1.03125
1
1.03125
1.09375
1.09375
10.7188
8.3125
6.15625
4.03125
2.125
1.125
0.90625
0.96875
1.3125
1.6875
1.875
1.875
1.71875
1.5
1.21875
1.0625
0.96875
0.84375
0.90625
1.3125
1.84375
2.0625
2.1875
2.40625
2.59375
2.96875
3.1875
3.34375
3.46875
3.84375
11.8125
10.0313
8.0625
6.15625
4.5
3.375
2.90625
2.78125
3.0625
3.5
3.90625
4.25
4.53125
4.75
4.9375
5.21875
5.375
5.46875
5.6875
6.1875
6.78125
7
7.28125
7.75
8.46875
9.40625
10.1875
10.7813
11.3125
12.2188
10.0938
9.625
8.84375
8.1875
7.8125
7.28125
6.9375
6.84375
7.03125
7.5
8.125
8.875
9.71875
10.7188
11.8438
13.0625
14.2188
15.4063
16.5938
17.9063
19.1875
20.125
21.0938
22.2188
23.4688
24.7813
26.0313
27
27.8438
28.9063
6.59375
8.40625
10.0625
12
14.1875
15.8125
17
18.0625
18.75
19.0938
19.625
20.5
21.5938
22.9375
24.4688
26.0625
27.6875
29.4688
31.2188
32.8125
34.2188
35.25
36.4375
37.6563
38.8125
39.7188
40.5
41.1563
41.6875
42.375
4.40625
8.3125
12.7813
17.8125
23.0938
27.75
31.5625
34.6875
36.4375
36.4688
36.2813
36.4063
36.8438
37.6563
38.5938
39.5625
40.4688
41.625
42.7188
43.5
43.9375
44.2188
44.6563
44.9375
45.0625
44.7813
44.4688
44.125
43.8438
43.4375
-0.375
-0.53125
-0.5625
-0.625
-0.9375
-1.84375
-2.34375
-2.09375
-1.3125
-0.1875
0.625
0.6875
0.53125
0.28125
0.09375
0.09375
0
-0.1875
-0.4375
-0.5625
-0.53125
-0.4375
-0.34375
-0.28125
-0.25
-0.28125
-0.1875
-0.1875
-0.1875
-0.0625
-0.6875
-0.78125
-0.59375
-0.375
-0.5625
-1.5625
-2.15625
-1.96875
-1.21875
-0.09375
0.59375
0.5
0.25
0.03125
-0.0625
0.0625
0.125
0.0625
-0.0625
-0.21875
-0.375
-0.5625
-0.75
-0.75
-0.65625
-0.5625
-0.3125
-0.25
-0.25
-0.09375
-0.75
-0.8125
-0.4375
-0.0625
-0.15625
-1.0625
-1.78125
-1.75
-1.15625
-0.25
0.34375
0.28125
0.15625
0.03125
0
0.15625
0.125
0.125
0.125
0.03125
-0.03125
-0.34375
-0.78125
-1
-1.0625
-0.96875
-0.65625
-0.5
-0.40625
-0.15625
-0.375
-0.5625
-0.34375
-0.03125
-0.15625
-0.9375
-1.59375
-1.6875
-1.15625
-0.3125
0.34375
0.53125
0.59375
0.46875
0.28125
0.1875
-0.15625
-0.3125
-0.25
-0.15625
0.03125
-0.125
-0.59375
-1.03125
-1.3125
-1.3125
-1.0625
-0.78125
-0.59375
-0.28125
-0.3125
-0.5625
-0.40625
-0.09375
-0.125
-0.71875
-1.25
-1.28125
-0.6875
0.21875
0.96875
1.25
1.21875
0.96875
0.59375
0.1875
-0.3125
-0.6875
-0.78125
-0.6875
-0.5
-0.46875
-0.75
-1.03125
-1.28125
-1.5
-1.40625
-1.21875
-1.03125
-0.5625
-0.15625
-0.3125
-0.125
0.15625
0.09375
-0.4375
-0.84375
-0.625
0.09375
1.09375
1.875
1.96875
1.8125
1.34375
0.75
0.1875
-0.5
-0.90625
-1.15625
-1.25
-1.21875
-1.34375
-1.40625
-1.4375
-1.46875
-1.5625
-1.65625
-1.5
-1.28125
-0.78125
0.0625
0.0625
0.28125
0.46875
0.34375
-0.1875
-0.34375
0.125
0.875
1.78125
2.21875
2.09375
1.90625
1.46875
0.9375
0.21875
-0.71875
-1.28125
-1.5625
-1.59375
-1.53125
-1.6875
-1.8125
-1.8125
-1.71875
-1.6875
-1.78125
-1.6875
-1.46875
-0.96875
0.46875
0.59375
0.75
0.84375
0.59375
0.125
0.25
0.78125
1.40625
1.96875
1.9375
1.71875
1.625
1.375
1
0.21875
-0.9375
-1.59375
-1.71875
-1.59375
-1.34375
-1.46875
-1.84375
-2.03125
-1.96875
-1.875
-1.875
-1.75
-1.5625
-1.125
0.90625
1.0625
1.03125
1
0.78125
0.5
0.84375
1.21875
1.625
1.84375
1.59375
1.5625
1.59375
1.53125
1.28125
0.4375
-0.875
-1.75
-1.9375
-1.8125
-1.4375
-1.34375
-1.78125
-2.0625
-2.0625
-2.03125
-2.03125
-1.9375
-1.75
-1.3125
1.1875
1.34375
1.15625
0.9375
0.84375
0.8125
1.34375
1.6875
2
2
1.65625
1.84375
1.6875
1.4375
1.1875
0.25
-0.8125
-1.59375
-1.875
-1.8125
-1.625
-1.4375
-1.84375
-2.15625
-2.125
-2.125
-2.09375
-2.09375
-1.9375
-1.5
1.15625
1.3125
1.125
1
1.09375
1.375
2.125
2.375
2.40625
2.03125
1.46875
1.71875
1.6875
1.5625
1.4375
0.53125
-0.5625
-1.4375
-1.90625
-2
-1.9375
-1.75
-2.125
-2.40625
-2.28125
-2.125
-1.96875
-1.96875
-1.90625
-1.65625
0.65625
1.03125
1.125
1.3125
1.75
2.28125
3.125
3.28125
2.9375
2.0625
1.09375
1.125
1.15625
1.15625
1.3125
0.71875
-0.125
-0.78125
-1.25
-1.5625
-1.875
-2
-2.625
-2.90625
-2.59375
-2.15625
-1.8125
-1.875
-1.90625
-1.875
0.625
1.09375
1.25
1.5
2.125
2.8125
3.71875
3.78125
3.03125
1.65625
0.3125
0.25
0.46875
0.625
1.03125
0.71875
0.09375
-0.25
-0.46875
-0.78125
-1.3125
-1.75
-2.84375
-3.4375
-3.0625
-2.28125
-1.625
-1.5625
-1.6875
-1.90625
0.59375
1
1.15625
1.40625
2.21875
3.125
4.125
4.03125
2.875
1.03125
-0.5
-0.4375
-0.03125
0.34375
0.84375
0.65625
0.1875
-0.0625
-0.03125
-0.21875
-0.6875
-1.125
-2.59375
-3.53125
-3.3125
-2.4375
-1.53125
-1.375
-1.59375
-1.96875
0.59375
1.03125
1.1875
1.40625
2.3125
3.28125
4.21875
3.96875
2.625
0.625
-0.84375
-0.625
-0.3125
0.03125
0.46875
0.34375
0.25
0.25
0.5
0.40625
-0.1875
-0.75
-2.40625
-3.53125
-3.40625
-2.46875
-1.46875
-1.3125
-1.53125
-2
0.46875
0.875
1.09375
1.28125
2.1875
3.1875
4.09375
4
2.8125
0.875
-0.5
-0.4375
-0.28125
0
0.375
0.34375
0.34375
0.46875
0.6875
0.5
-0.25
-1.09375
-2.65625
-3.65625
-3.4375
-2.34375
-1.40625
-1.28125
-1.5
-1.96875
0.4375
0.84375
1.09375
1.1875
2
2.90625
3.78125
4
3.15625
1.53125
0.28125
0.15625
0.125
0.1875
0.40625
0.25
0.21875
0.34375
0.40625
0.125
-0.8125
-1.75
-3
-3.6875
-3.21875
-2.0625
-1.28125
-1.28125
-1.5625
-2
0.4375
0.75
1
1.0625
1.71875
2.5625
3.40625
3.875
3.3125
2.03125
1.0625
0.84375
0.96875
1
0.9375
0.5625
-0.0625
-0.375
-0.59375
-1.03125
-1.71875
-2.34375
-3.0625
-3.3125
-2.6875
-1.65625
-1.1875
-1.28125
-1.59375
-1.9375
0.34375
0.625
0.90625
0.9375
1.5
2.15625
2.8125
3.4375
3.28125
2.5625
2.03125
1.84375
1.75
1.46875
1
0.3125
-0.53125
-1.0625
-1.34375
-1.78125
-2.3125
-2.625
-2.90625
-2.78125
-2.03125
-1.21875
-1.0625
-1.28125
-1.59375
-1.75
0.25
0.46875
0.71875
0.75
1.25
1.75
2.25
2.90625
3
2.71875
2.59375
2.46875
2.25
1.8125
1.0625
0.15625
-0.875
-1.5625
-1.90625
-2.25
-2.46875
-2.53125
-2.46875
-2.125
-1.4375
-0.875
-0.875
-1.09375
-1.375
-1.34375
0.15625
0.3125
0.5625
0.5625
0.9375
1.3125
1.71875
2.4375
2.71875
2.6875
2.6875
2.5
2.25
1.8125
1.09375
0.15625
-0.96875
-1.65625
-2.03125
-2.21875
-2.1875
-2.1875
-1.90625
-1.46875
-0.875
-0.53125
-0.75
-0.96875
-1.15625
-0.9375
0
0.25
0.46875
0.46875
0.75
0.9375
1.28125
2.0625
2.5625
2.84375
2.9375
2.65625
2.28125
1.75
1.03125
0.125
-0.9375
-1.59375
-1.9375
-2.09375
-2.03125
-1.84375
-1.375
-0.78125
-0.28125
-0.40625
-0.875
-1.15625
-1.125
-0.59375
-1
-0.59375
-0.1875
0.03125
0.46875
0.75
1.09375
2
2.6875
3.125
3.28125
2.8125
2.34375
1.6875
0.96875
0.1875
-0.875
-1.59375
-2.09375
-2.375
-2.28125
-1.8125
-1.0625
-0.28125
0.1875
-0.3125
-0.9375
-1.1875
-1.0625
-0.28125
-3.125
-2.5
-1.625
-0.90625
0.0625
0.59375
0.96875
1.9375
2.6875
3.25
3.46875
2.84375
2.15625
1.25
0.4375
-0.125
-0.90625
-1.5
-2
-2.4375
-2.3125
-1.59375
-0.65625
0.25
0.59375
-0.125
-0.84375
-1.0625
-0.84375
0
-5.59375
-5.09375
-3.78125
-2.375
-0.71875
0.28125
0.875
1.84375
2.5
3.03125
3.15625
2.4375
1.6875
0.71875
-0.03125
-0.34375
-0.875
-1.21875
-1.53125
-1.84375
-1.53125
-0.71875
0.09375
0.71875
0.75
-0.15625
-0.75
-0.71875
-0.34375
0.53125
-6.78125
-6.75
-5.53125
-3.84375
-1.6875
-0.1875
0.71875
1.71875
2.25
2.6875
2.75
2.0625
1.40625
0.5
-0.15625
-0.375
-0.71875
-0.78125
-0.71875
-0.625
-0.09375
0.625
1.0625
1.21875
0.84375
-0.03125
-0.375
-0.09375
0.46875
1.21875
-7
-7.15625
-6.125
-4.46875
-2.1875
-0.4375
0.84375
2.09375
2.6875
3
2.78125
1.875
1.09375
0.25
-0.125
-0.09375
-0.125
0.09375
0.3125
0.625
1.21875
1.8125
2.09375
2.0625
1.59375
0.84375
0.625
0.96875
1.5
2.09375
-7.40625
-6.875
-5.34375
-3.625
-1.625
-0.09375
1.0625
2.46875
3.34375
3.8125
3.625
2.6875
1.84375
1.09375
0.96875
1.3125
1.71875
2.21875
2.53125
2.71875
2.875
3
3.03125
2.90625
2.53125
1.90625
1.53125
1.6875
2.03125
2.40625
-8.28125
-5.46875
-1.9375
1
2.875
2.8125
2.5
2.875
3.5
4.46875
4.625
3.75
2.65625
1.6875
1.40625
1.875
2.5625
3.15625
3.53125
3.4375
3.15625
2.875
2.5625
2.34375
2.0625
1.59375
1.25
1.28125
1.375
1.5
-9.09375
-3.25
3.34375
8.5
10.7188
8.5625
5.375
3.1875
2.375
3.21875
3.78125
3.21875
2.09375
0.96875
0.46875
0.8125
1.46875
2.0625
2.46875
2.375
2.0625
1.59375
1.09375
0.75
0.5625
0.46875
0.40625
0.5
0.40625
0.25
0
0.291667
0.375
0.666667
1
0.958333
1
0.791667
0.5
0.208333
0.0833333
-0.0416667
-0.208333
-0.291667
-0.208333
-0.208333
-0.208333
-0.0833333
-0.0833333
-0.125
-0.25
-0.291667
-0.375
-0.458333
-0.458333
-0.5
-0.583333
-0.666667
-0.583333
-0.583333
-0.458333
-0.291667
-0.833333
-0.916667
-0.833333
-0.708333
-0.541667
-0.333333
-0.0833333
0.166667
0.291667
0.25
0.166667
0
-0.125
-0.5
-0.791667
-0.916667
-1
-1.08333
-1.125
-1
-0.833333
-0.625
-0.458333
-0.375
-0.25
-0.0833333
-0.0833333
-0.208333
-0.333333
-0.291667
-0.125
-0.0416667
0
-0.25
-0.125
-0.166667
-0.416667
-0.458333
-0.583333
-0.5
-0.375
-0.416667
-0.583333
-0.708333
-0.625
-0.75
-1.04167
-1.16667
-1.20833
-1.25
-1.33333
-1.20833
-0.958333
-0.708333
-0.458333
-0.291667
-0.0833333
0.125
0.25
0.208333
0.0833333
0.0833333
0.0833333
0
0.166667
0
-0.125
-0.333333
-0.625
-0.708333
-0.916667
-1.04167
-1.08333
-1.08333
-1.20833
-1.08333
-0.75
-0.291667
0.166667
0.541667
0.833333
0.791667
0.625
0.333333
0.0416667
-0.166667
-0.333333
-0.333333
-0.25
-0.125
0.0416667
0.0833333
0.0416667
0
-0.166667
-0.291667
0.208333
0
-0.458333
-0.958333
-1.125
-1.08333
-0.958333
-0.916667
-0.791667
-0.416667
-0.125
0.25
0.5
1
1.5
1.875
2
1.79167
1.83333
1.625
1.20833
0.625
0.125
0
-0.25
-0.416667
-0.333333
-0.125
0.0833333
0.125
0
-0.0833333
0.125
-0.416667
-0.958333
-1.33333
-1.25
-1.08333
-0.666667
-0.125
0.416667
1
1.375
1.45833
1.29167
1.04167
0.5
-0.0833333
-0.5
-0.458333
-0.0416667
0.583333
1.04167
1
0.833333
0.625
0.25
-0.25
-0.458333
-0.208333
0.166667
0.375
0.333333
0.25
-0.0416667
-0.208333
-0.166667
0.125
0.333333
0.416667
0.583333
0.958333
1.20833
1
0.541667
0
-0.583333
-1.45833
-2.41667
-3.25
-3.45833
-3.08333
-2.70833
-1.95833
-0.958333
-0.0416667
0.5
0.416667
0.375
0.166667
-0.208333
-0.375
-0.375
-0.208333
0
0.125
0.833333
1.70833
2.5
3
3
2.75
2.33333
1.70833
0.875
-0.291667
-1.20833
-1.95833
-2.58333
-3.16667
-3.20833
-2.95833
-2.75
-2.625
-2.79167
-3
-2.79167
-1.91667
-1
-0.625
-0.208333
0.291667
0.291667
-0.208333
-0.666667
-0.666667
-0.333333
-0.0416667
0.875
1.54167
1.95833
1.95833
1.79167
1.58333
1.25
0.5
-0.5
-1.08333
-1.04167
-1.08333
-1.04167
-0.666667
0.25
1.25
1.41667
1.16667
0.791667
0.0416667
-0.708333
-1.08333
-0.875
-0.375
-0.125
0.375
0.75
0.583333
0.208333
-0.0833333
-0.166667
-0.208333
-0.416667
-0.75
-1.08333
-1.33333
-1.33333
-1.29167
-1.25
-1.29167
-1.25
-0.416667
0.5
1.45833
2.45833
3.5
4.29167
4.58333
4.66667
4.5
4.41667
4.25
3.45833
2.29167
1.375
1.16667
0.833333
0.416667
0.583333
0.916667
0.958333
0.583333
0.166667
-0.0416667
-0.583333
-1
-1.25
-1.16667
-0.958333
-1
-1.04167
-0.833333
-0.0416667
0.916667
1.375
2.25
3.29167
4.08333
4.04167
3.41667
3.41667
3.375
3.25
3.45833
3.16667
2.54167
1.70833
1.16667
0.916667
0.166667
-0.0416667
0.291667
0.541667
0.5
0.291667
0.333333
-0.333333
-0.375
-0.291667
-0.0416667
0.166667
0.208333
0.208333
0.416667
1.04167
1.16667
0.75
0.5
0.541667
0.625
0.291667
-0.0416667
0.0416667
0
-0.458333
-0.708333
-0.708333
-0.666667
-0.708333
-0.625
-0.166667
-0.166667
-0.458333
-0.458333
-0.25
-0.0833333
-0.0416667
0.0416667
-0.458333
-0.375
-0.333333
-0.375
-0.291667
0.0416667
0.166667
0.291667
0.375
0.208333
-0.0833333
-0.75
-1.29167
-1.58333
-1.66667
-1.375
-1.375
-1.41667
-1.66667
-2
-1.875
-1.79167
-1.66667
-1.33333
-0.791667
-0.333333
-0.458333
-0.583333
-0.458333
-0.375
-0.375
-0.416667
-0.0833333
-0.0416667
-0.166667
-0.333333
-0.458333
-0.333333
-0.333333
-0.333333
-0.5
-0.666667
-0.125
0.0416667
-0.208333
-0.541667
-0.791667
-0.625
-1.16667
-1.375
-1.04167
-0.875
-0.416667
-0.208333
-0.125
-0.166667
-0.375
-0.125
0
-0.0833333
-0.0416667
-0.0416667
-0.0833333
-0.208333
0.166667
0.166667
0.166667
0.166667
-0.0833333
-0.291667
-0.25
-0.166667
-0.375
-0.666667
-0.291667
0
-0.166667
-0.5
-0.666667
-0.625
-0.791667
-0.708333
-0.25
0.0833333
0.333333
0.666667
0.875
0.625
0.125
0.125
0.333333
0.25
0.166667
0.25
0.375
0.25
-0.208333
-0.208333
0
0.0833333
0.0416667
0.0416667
0.25
0.416667
0.25
0.0416667
-0.416667
-0.875
-1.33333
-1.66667
-1.41667
-1.29167
-0.708333
-0.166667
0.25
0.458333
0.208333
0.416667
0.708333
0.625
0.375
0.291667
0.333333
0.291667
0.0416667
0.0833333
0.333333
0.333333
-0.333333
-0.291667
-0.208333
-0.208333
-0.0416667
0.166667
0.375
0.583333
0.625
0.708333
0.25
-0.0833333
-0.416667
-0.666667
-0.5
-0.541667
-0.166667
0.125
0.5
0.5
0.333333
0.5
0.666667
0.666667
0.375
0.333333
0.291667
0.25
-0.0416667
-0.166667
0
0.166667
0.166667
0.208333
0.0833333
0
0
0
0.166667
0.333333
0.458333
0.625
0.625
0.833333
0.958333
0.875
0.666667
0.458333
0.5
0.458333
0.25
-0.0416667
0.208333
0.458333
0.375
0.125
0
0.166667
0.166667
0
-0.166667
-0.208333
-0.208333
-0.0833333
0.25
0.166667
0.0833333
0.166667
0.125
0.0416667
0.208333
0.208333
0.25
0.0416667
0.125
0.166667
0.208333
0.0416667
-0.541667
-0.916667
-1.29167
-1.5
-2.04167
-2.08333
-1.33333
-0.708333
-0.416667
-0.458333
-0.0416667
0.25
0.0833333
-0.166667
-0.166667
0
-0.0833333
-0.208333
-0.166667
-0.25
-0.291667
-0.125
0
0.0833333
0.166667
0.166667
0.25
0
0
-0.333333
-0.75
-1.08333
-1.41667
-1.70833
-2.375
-2.70833
-2.625
-2
-1.5
-1.04167
-0.416667
0.0833333
0.458333
0.25
-0.0833333
-0.208333
-0.0833333
0.125
0.0416667
-0.125
-0.25
-0.208333
-0.208333
-0.208333
-0.166667
-0.0833333
-0.208333
-0.125
0.125
0.5
0.75
0.791667
0.708333
0.75
0.958333
1.04167
0.875
0.708333
1.25
1.75
1.375
0.833333
0.583333
0.75
0.458333
-0.166667
-0.291667
-0.166667
-0.0416667
-0.0833333
-0.25
-0.375
-0.0833333
0
0.125
0.0416667
-0.0416667
-0.208333
-0.5
-0.5
-0.25
0.333333
0.875
1.70833
2.58333
3.25
3.58333
3.91667
4.29167
4.375
4.375
3.91667
3.125
2.04167
0.875
0.208333
-0.333333
-0.5
-0.291667
-0.0416667
0
-0.291667
-0.541667
-0.708333
0.125
0.208333
0.25
0.166667
0.166667
-0.0416667
-0.333333
-0.541667
-0.583333
-0.5
-0.25
0.5
1.625
2.54167
3.125
3.70833
4.16667
4.33333
3.625
2.58333
1.75
0.833333
-0.0416667
-0.791667
-0.916667
-0.625
-0.375
-0.166667
-0.0833333
-0.291667
-0.458333
-0.458333
0.25
0.333333
0.291667
0.25
0.333333
0.416667
0.333333
0.0416667
-0.375
-0.75
-1.16667
-1.5
-1.375
-1
-0.416667
0.0416667
0.375
0.5
-0.0833333
-0.625
-1.04167
-1.25
-1.20833
-1.29167
-1
-0.791667
-0.625
-0.5
-0.291667
-0.0833333
0.0416667
0.291667
-1.04167
-0.583333
-0.291667
0
0.25
0.416667
0.583333
0.458333
-0.0416667
-0.5
-1.20833
-2.20833
-3.20833
-3.75
-3.79167
-3.95833
-3.83333
-3.75
-3.54167
-3.08333
-2.66667
-1.95833
-1.29167
-0.708333
-0.25
-0.208333
-0.0833333
-0.0833333
0.0416667
0.5
0.875
1.125
-4.625
-3.45833
-2.41667
-1.375
-0.583333
-0.291667
-0.0833333
-0.0833333
-0.291667
-0.541667
-0.791667
-1.25
-2
-2.45833
-2.75
-3.08333
-3.20833
-3.125
-2.45833
-1.75
-1.04167
-0.291667
0.375
1.20833
1.5
1.5
1.375
1.20833
1.08333
0.916667
1.04167
1.04167
-6.20833
-5.33333
-4.08333
-2.875
-1.875
-1.08333
-0.791667
-0.666667
-0.5
-0.333333
-0.0416667
0.291667
0.5
0.625
0.5
0.333333
0
-0.0833333
0.166667
0.291667
0.5
0.5
0.666667
1
0.875
0.875
0.583333
0.375
0.0833333
-0.541667
-0.833333
-1.08333
-0.208333
-1.375
-1.79167
-2.08333
-2.25
-1.625
-1.125
-0.75
-0.291667
0.166667
0.458333
0.833333
1.16667
1.04167
0.625
0.208333
-0.25
-0.583333
-1
-1.29167
-1.625
-2.20833
-2.75
-3.33333
-3.66667
-3.875
-4.08333
-4.20833
-4.45833
-4.70833
-5.125
-5.41667
8.625
5.66667
3.125
0.875
-1.08333
-2
-1.95833
-1.75
-1.45833
-1.33333
-1.33333
-1.41667
-1.58333
-2.125
-2.83333
-3.375
-3.79167
-4.20833
-4.75
-5.04167
-5.45833
-6
-6.79167
-7.58333
-8.125
-8.79167
-9.20833
-9.58333
-9.91667
-10.25
-10.6667
-10.9583
8.08333
6.70833
4.5
2.125
-0.333333
-2.75
-4.125
-4.70833
-4.95833
-5.375
-5.66667
-6.04167
-6.5
-7.04167
-7.58333
-8.08333
-8.66667
-9.54167
-10.4167
-11.375
-12.125
-12.5417
-12.9167
-13.375
-14.0833
-14.5833
-15
-15.4583
-15.9167
-16.2083
-16.125
-16.0417
-1.125
1.08333
0.875
-1
-3.33333
-6.375
-9.5
-11.5417
-12.4167
-12.4583
-12.5
-12.5833
-12.75
-12.9167
-13
-13.1667
-13.375
-13.9583
-14.6667
-15.6667
-16.2917
-16.2917
-15.7917
-15.2917
-14.7083
-13.625
-12.5833
-11.5833
-10.7917
-9.58333
-8.16667
-6.79167
-5.41667
-2.625
-1.91667
-4.25
-7.16667
-10.5417
-14.4167
-17.875
-19.6667
-18.875
-17.7917
-16.625
-15.4167
-14.0417
-12.5833
-10.875
-8.75
-6.5
-4.29167
-2.08333
-0.0416667
2
4.125
6.45833
9.08333
11.5417
14
16.4583
18.7917
21.125
23
24.7917
0.75
0.791667
-0.25
-0.708333
0.25
1.45833
1
-0.333333
-0.75
-0.791667
-0.791667
-0.166667
0.416667
0.333333
0.0416667
-0.208333
-0.208333
0.0416667
0.291667
0.375
0
-0.416667
-0.375
-0.0833333
0.291667
0.375
-0.0833333
-0.291667
0.0416667
0.166667
-0.0833333
-0.291667
1.16667
1.20833
-0.333333
-1.08333
-0.166667
1.29167
1.29167
0.0416667
-0.708333
-1
-0.958333
-0.25
0.375
0.375
0.0833333
-0.166667
-0.125
0.166667
0.375
0.25
-0.0833333
-0.25
-0.208333
-0.125
0.125
0.291667
-0.0833333
-0.208333
0.166667
0.0833333
-0.25
-0.291667
1.625
1.375
-0.625
-1.54167
-0.541667
1.04167
1.41667
0.375
-0.625
-1.04167
-0.958333
-0.208333
0.5
0.5
0.0833333
-0.291667
-0.208333
0.25
0.416667
0.0416667
-0.208333
0.0416667
0.166667
-0.0416667
-0.0833333
0
-0.125
-0.0416667
0.208333
-0.0416667
-0.291667
-0.125
1.91667
1.5
-0.75
-1.95833
-1
0.916667
1.58333
0.583333
-0.583333
-1.08333
-0.833333
0.0416667
0.625
0.458333
0.0416667
-0.333333
-0.291667
0.166667
0.25
-0.166667
-0.208333
0.333333
0.541667
0.166667
-0.125
-0.25
-0.333333
-0.0416667
0.291667
0
-0.291667
-0.0416667
1.95833
1.625
-0.708333
-1.95833
-1
0.916667
1.54167
0.458333
-0.666667
-0.916667
-0.5
0.125
0.375
0.25
0
-0.25
-0.125
0.166667
0.0833333
-0.25
-0.291667
0.25
0.75
0.5
0
-0.291667
-0.458333
-0.125
0.333333
0
-0.375
-0.0833333
1.5
1.20833
-0.458333
-1.33333
-0.5
0.916667
1.08333
0.125
-0.458333
-0.5
-0.5
-0.291667
0.0416667
0.166667
0
-0.0833333
0.375
0.541667
-0.0416667
-0.416667
-0.333333
0
0.458333
0.625
0.375
-0.125
-0.458333
-0.208333
0.166667
-0.125
-0.416667
0
1.08333
0.791667
-0.416667
-1
-0.166667
0.916667
0.708333
-0.166667
-0.291667
-0.25
-0.708333
-0.625
0.166667
0.416667
-0.0416667
-0.125
0.541667
0.916667
0.291667
-0.458333
-0.458333
-0.0416667
0.25
0.291667
0.25
0.166667
-0.0833333
-0.125
0
-0.333333
-0.5
0
0.708333
0.458333
-0.375
-0.875
0
1.125
0.708333
-0.416667
-0.625
-0.541667
-0.708333
-0.208333
0.541667
0.458333
-0.0833333
-0.0833333
0.625
0.875
0.208333
-0.375
-0.291667
0.208333
0.375
0
-0.208333
0.0416667
0.291667
0.166667
-0.166667
-0.541667
-0.583333
-0.0416667
0.25
0.291667
-0.166667
-0.666667
0.0416667
1.20833
0.75
-0.625
-1
-0.708333
-0.291667
0.291667
0.458333
0.0833333
-0.25
0.125
1.04167
1.04167
0.166667
-0.333333
-0.458333
-0.0833333
0.5
0.25
-0.375
-0.25
0.375
0.458333
-0.0416667
-0.583333
-0.791667
-0.333333
-0.0416667
0.125
-0.0833333
-0.333333
0.291667
1.08333
0.375
-0.916667
-1
-0.291667
0.25
0.208333
-0.0416667
-0.125
-0.333333
0.208333
1.54167
1.5
0.291667
-0.375
-0.791667
-0.708333
0.375
0.791667
-0.166667
-0.583333
0.208333
0.666667
0.208333
-0.541667
-0.958333
-0.541667
-0.208333
-0.125
0
-0.0416667
0.291667
0.625
-0.166667
-0.958333
-0.541667
0.166667
0.25
-0.125
0.0416667
0.208333
-0.458333
-0.0833333
1.54167
1.75
0.5
-0.291667
-0.708333
-0.833333
0.208333
0.916667
-0.208333
-0.958333
0.0833333
0.916667
0.416667
-0.5
-0.958333
-0.541667
-0.0833333
-0.125
-0.166667
-0.291667
-0.0833333
0.458333
-0.166667
-1.20833
-0.583333
0.791667
0.625
-0.5
0.166667
1
-0.208333
-0.416667
0.916667
1
0.166667
0.0416667
0.0416667
-0.416667
0.166667
1
-0.166667
-1.41667
-0.458333
1.04167
0.875
-0.333333
-0.916667
-0.583333
-0.0833333
-0.125
-0.208333
-0.375
-0.0416667
0.541667
-0.458333
-1.70833
-0.5
1.70833
1.54167
-0.5
-0.416667
0.666667
-0.416667
-0.625
1
0.833333
-0.291667
0.25
0.5
-0.666667
-0.0416667
1.79167
0.708333
-1.83333
-1.58333
0.666667
1.29167
0.125
-0.75
-0.666667
-0.0833333
-0.166667
-0.291667
-0.333333
0.166667
0.541667
-0.958333
-2.20833
-0.125
2.95833
2.375
-0.958333
-1.20833
0.458333
-0.541667
-0.875
1.08333
0.875
-0.666667
0.25
0.833333
-1.08333
-0.5
2.58333
1.875
-1.875
-2.625
0.166667
1.70833
0.583333
-0.708333
-0.833333
-0.0833333
-0.208333
-0.333333
-0.208333
0.291667
0.333333
-1.375
-2.41667
0.375
3.95833
2.58333
-1.75
-1.66667
0.75
-0.291667
-1
0.833333
0.541667
-1
0.458333
1.45833
-1.20833
-1.125
2.875
2.75
-1.75
-3.29167
-0.25
1.91667
0.875
-0.625
-0.875
0.0416667
-0.0833333
-0.375
-0.291667
0.291667
0.291667
-1.5
-2.58333
0.5
4.29167
2.45833
-2.125
-1.70833
1.08333
0.208333
-0.916667
0.291667
-0.0416667
-1.125
0.833333
1.95833
-1.08333
-1.41667
2.75
3
-1.70833
-3.54167
-0.333333
2.04167
0.958333
-0.666667
-0.916667
0.0416667
-0.0416667
-0.458333
-0.458333
0.208333
0.541667
-1.125
-2.66667
0.125
4.08333
2.5
-1.95833
-1.66667
1.08333
0.5
-0.541667
0.208333
-0.5
-1.5
0.625
1.95833
-0.75
-1.08333
2.79167
2.875
-1.91667
-3.58333
-0.125
2.08333
0.833333
-0.625
-0.833333
0.0416667
-0.166667
-0.541667
-0.5
0.25
0.625
-0.958333
-2.54167
-0.166667
3.5
2.5
-1.16667
-1.41667
0.375
-0.0833333
-0.541667
0.875
0.458333
-1.25
-0.166667
1.08333
-0.416667
-0.25
2.625
2.125
-2.08333
-3.08333
0.125
1.83333
0.666667
-0.583333
-0.708333
0.125
-0.208333
-0.541667
-0.333333
0.125
0.416667
-0.541667
-2.04167
-0.625
2.41667
2
-0.708333
-0.791667
0.541667
-0.0416667
-0.416667
0.833333
0.625
-0.916667
-0.458333
0.791667
0.166667
0.208333
1.91667
0.958333
-2.25
-2.16667
0.708333
1.58333
0.375
-0.583333
-0.708333
0.208333
-0.125
-0.416667
-0.25
0
0.333333
-0.208333
-1.70833
-1
1.5
1.375
-0.583333
-0.375
0.791667
0.333333
-0.0833333
0.625
0.541667
-0.375
-0.125
0.625
0.208333
0.208333
1.08333
-0.0416667
-2.125
-1.20833
1.16667
1.29167
0
-0.583333
-0.5
0.25
-0.0833333
-0.333333
-0.208333
-0.0416667
0.291667
0.0416667
-1.25
-1.125
0.625
0.75
-0.458333
-0.166667
0.75
0.458333
0.166667
0.75
0.833333
0.125
0
0.25
0.0833333
0.208333
0.375
-0.791667
-1.79167
-0.291667
1.45833
0.833333
-0.458333
-0.5
-0.125
0.166667
-0.125
-0.25
-0.0833333
-0.0416667
0.166667
0.125
-0.75
-0.875
0.0833333
0.125
-0.416667
0.0833333
0.625
0.208333
0.166667
1.04167
1.25
0.375
-0.208333
-0.125
0.166667
0.25
-0.291667
-1.20833
-1.125
0.458333
1.33333
0.25
-0.791667
-0.291667
0.291667
0.25
-0.0416667
-0.25
-0.0833333
0.0416667
0.0833333
0.0416667
-0.541667
-0.708333
-0.125
-0.125
-0.25
0.25
0.416667
-0.125
-0.0416667
1.16667
1.58333
0.625
-0.291667
-0.375
0.208333
0.208333
-0.791667
-1.41667
-0.5
1
1.08333
-0.0833333
-0.916667
-0.458333
0.416667
0.25
0.0833333
-0.208333
-0.125
-0.0416667
0.0416667
0.0833333
-0.333333
-0.5
-0.375
-0.541667
-0.25
0.375
0.5
0.208333
0.166667
0.75
1
0.541667
0.125
-0.0416667
0
-0.208333
-1.16667
-1.5
0.208333
1.75
1
-0.541667
-1.20833
-0.583333
0.416667
0.583333
0.166667
-0.666667
-0.5
-0.125
0.0416667
0.0833333
-0.291667
-0.416667
-0.375
-0.583333
-0.208333
0.416667
0.625
0.458333
0.166667
0.416667
0.625
0.333333
0.166667
-0.0416667
-0.208333
-0.291667
-1.08333
-1.25
0.666667
1.91667
0.791667
-0.708333
-1.375
-0.75
0.5
1.25
0.416667
-1.41667
-1.25
-0.458333
-0.166667
0.0416667
-0.208333
-0.416667
-0.416667
-0.416667
0.125
0.625
0.666667
0.375
-0.0833333
0.166667
0.5
0.166667
-0.125
-0.291667
-0.166667
0
-0.791667
-1
0.75
1.75
0.583333
-0.791667
-1.33333
-0.708333
0.541667
2.04167
1.04167
-1.70833
-2.125
-1.125
-0.458333
-0.166667
-0.416667
-0.5
-0.333333
-0.166667
0.416667
0.875
0.875
0.375
-0.416667
-0.375
0.166667
0.166667
-0.208333
-0.375
0
0.166667
-0.625
-0.75
0.875
1.58333
0.25
-0.916667
-1.16667
-0.583333
0.541667
2.41667
1.625
-1.16667
-2.20833
-1.75
-1
-0.375
-0.625
-0.791667
-0.333333
0.0833333
0.458333
0.791667
1.04167
0.625
-0.416667
-0.625
-0.0833333
0
-0.291667
-0.25
0.0416667
0
-0.458333
-0.291667
0.875
1.16667
0.0416667
-0.833333
-0.958333
-0.5
0.458333
2.5
1.41667
-0.875
-1.75
-1.83333
-1.375
-0.583333
-0.75
-1.08333
-0.583333
0.166667
0.583333
0.791667
1.125
0.791667
-0.375
-0.791667
-0.208333
0.125
-0.0416667
-0.208333
-0.25
-0.291667
-0.458333
-0.125
0.833333
0.916667
-0.0833333
-0.791667
-0.75
-0.166667
0.541667
2.08333
0.583333
-1.625
-1.875
-1.33333
-1
-0.5
-0.708333
-1.20833
-0.75
0.0833333
0.458333
0.625
0.958333
0.666667
-0.458333
-0.916667
-0.291667
0.208333
0
-0.25
-0.0416667
0.0833333
-0.125
-0.0833333
0.291667
0.5
0.166667
-0.416667
-0.583333
0
0.833333
1
-0.791667
-3.125
-4
-2.33333
0.875
2.125
0.333333
-1.16667
-1.08333
-0.5
0.166667
0.75
1.08333
0.625
-0.541667
-1
-0.333333
0.208333
-0.0416667
-0.291667
0.208333
0.708333
0.458333
-0.0833333
-0.25
0.166667
0.291667
-0.166667
-0.333333
0.208333
0.958333
-0.666667
-2.5
-4.66667
-6.875
-4.79167
2.58333
6.45833
3.25
-0.166667
-1.125
-1.29167
-0.625
0.708333
1.45833
0.791667
-0.5
-0.875
-0.25
0.0833333
-0.208333
-0.291667
0.25
0.875
0.833333
0.0833333
-0.458333
-0.125
0.208333
-0.0833333
-0.25
0.375
1.04167
-0.851852
-0.722222
-0.87037
-1.25926
-1.37037
-1.38889
-1.22222
-0.925926
-0.666667
-0.62963
-0.648148
-0.462963
-0.240741
-0.185185
-0.0925926
-0.111111
-0.240741
-0.351852
-0.425926
-0.407407
-0.407407
-0.388889
-0.277778
-0.277778
-0.259259
-0.166667
-0.111111
-0.0925926
-1.03704
-1.11111
-1.33333
-1.62963
-1.64815
-1.42593
-1.03704
-0.537037
-0.12963
0.0185185
0.0925926
0.296296
0.518519
0.685185
0.814815
0.925926
0.740741
0.5
0.277778
0.222222
0.166667
0.111111
0.0925926
-0.037037
-0.203704
-0.12963
-0.0925926
-0.0555556
-0.425926
-0.62963
-0.814815
-0.925926
-0.740741
-0.425926
-0.0555556
0.166667
0.240741
0.203704
0.148148
0.0925926
0.111111
0.037037
0.0740741
0.222222
0.37037
0.351852
0.222222
0.185185
0.185185
0.166667
0.185185
0.0555556
-0.111111
-0.222222
-0.222222
-0.148148
0.407407
0.277778
0.203704
0.351852
0.5
0.62963
0.574074
0.296296
-0.12963
-0.555556
-0.925926
-1.37037
-1.83333
-2.07407
-2.14815
-1.88889
-1.42593
-1.01852
-0.666667
-0.462963
-0.259259
-0.037037
0.0740741
0.148148
0.0925926
-0.111111
-0.240741
-0.259259
1.7963
1.87037
1.96296
2.03704
1.81481
1.27778
0.62963
-0.12963
-0.777778
-1.27778
-1.68519
-2.22222
-2.72222
-2.94444
-2.92593
-2.83333
-2.35185
-1.77778
-1.2037
-0.981481
-0.759259
-0.5
-0.277778
-0.0555556
0.185185
0.0925926
-0.0925926
-0.259259
1.62963
1.75926
1.85185
1.7963
1.24074
0.611111
0
-0.425926
-0.62963
-0.722222
-0.814815
-0.87037
-0.925926
-0.703704
-0.537037
-0.611111
-0.685185
-0.537037
-0.185185
0.0185185
0
0.0185185
0.037037
0.111111
0.314815
0.462963
0.37037
0.111111
0.833333
0.87037
0.851852
0.666667
0.296296
0.166667
0.148148
0.351852
0.777778
1.24074
1.68519
2.22222
2.81481
3.27778
3.38889
3.2037
2.59259
2.05556
1.72222
1.59259
1.33333
0.962963
0.648148
0.407407
0.296296
0.574074
0.685185
0.574074
-0.611111
-0.703704
-0.851852
-0.944444
-0.759259
-0.0740741
0.481481
1.14815
1.87037
2.55556
3.27778
4.12963
4.90741
5.18519
4.94444
4.92593
4.33333
3.44444
2.66667
2.31481
1.98148
1.48148
1.03704
0.722222
0.259259
0.333333
0.592593
0.722222
-0.87037
-0.925926
-1.01852
-0.962963
-0.333333
0.425926
0.944444
1.38889
1.81481
2.27778
2.85185
3.38889
3.75926
3.46296
2.94444
2.98148
2.85185
2.27778
1.46296
0.981481
0.833333
0.592593
0.425926
0.37037
0
-0.185185
0
0.314815
-0.833333
-0.759259
-0.703704
-0.537037
-0.037037
0.259259
0.462963
0.537037
0.592593
0.685185
0.796296
0.925926
0.833333
0.351852
-0.0925926
-0.148148
0.111111
0.0555556
-0.314815
-0.592593
-0.648148
-0.592593
-0.444444
-0.203704
-0.222222
-0.481481
-0.462963
-0.203704
-0.5
-0.388889
-0.222222
-0.0740741
0.0740741
-0.203704
-0.111111
-0.148148
-0.333333
-0.481481
-0.796296
-1.07407
-1.40741
-1.66667
-1.61111
-1.90741
-1.74074
-1.40741
-1.2963
-1.18519
-1.09259
-0.833333
-0.592593
-0.444444
-0.185185
-0.296296
-0.425926
-0.388889
-0.425926
-0.314815
-0.111111
0.037037
-0.148148
-0.574074
-0.592593
-0.685185
-0.907407
-1.11111
-1.48148
-1.81481
-2.05556
-1.85185
-1.40741
-1.55556
-1.5
-1.05556
-0.574074
-0.314815
-0.296296
-0.148148
-0.111111
-0.148148
0.0925926
0.185185
0.0185185
-0.166667
-0.240741
-0.203704
-0.0185185
0.166667
0.0185185
-0.259259
-0.388889
-0.518519
-0.759259
-0.907407
-1.07407
-1.42593
-1.62963
-1.31481
-0.740741
-0.648148
-0.611111
-0.148148
0.407407
0.592593
0.611111
0.648148
0.555556
0.333333
0.425926
0.518519
0.37037
0.0555556
-0.148148
-0.037037
0.203704
0.462963
0.407407
0.333333
0
-0.222222
-0.37037
-0.5
-0.555556
-0.888889
-1.07407
-0.814815
-0.462963
-0.185185
0
0.388889
0.833333
0.851852
0.814815
0.740741
0.592593
0.481481
0.518519
0.518519
0.333333
0.0925926
0.0555556
0.0925926
0.277778
0.5
0.537037
0.592593
0.351852
0.259259
0.222222
0.111111
-0.0185185
-0.425926
-0.703704
-0.666667
-0.611111
-0.5
-0.296296
-0.037037
0.240741
0.277778
0.388889
0.407407
0.388889
0.388889
0.425926
0.259259
0.0555556
-0.0925926
0.0555556
0.111111
0.296296
0.444444
0.518519
0.574074
0.518519
0.5
0.444444
0.222222
-0.166667
-0.685185
-1.07407
-1.2963
-1.44444
-1.48148
-1.22222
-1.01852
-0.814815
-0.62963
-0.314815
-0.037037
0.12963
0.277778
0.314815
0.0555556
-0.203704
-0.240741
0.0555556
-0.0185185
0
0.111111
0.259259
0.407407
0.537037
0.537037
0.37037
0.240741
0.037037
-0.240741
-0.648148
-1.09259
-1.35185
-1.31481
-1.05556
-0.87037
-0.796296
-0.740741
-0.481481
-0.111111
0.185185
0.296296
0.0925926
-0.166667
-0.351852
-0.37037
-0.111111
-0.148148
-0.185185
-0.12963
0.166667
0.388889
0.703704
0.814815
0.777778
0.814815
0.944444
1.12963
1.05556
0.666667
0.574074
0.62963
0.666667
0.592593
0.351852
0.166667
0.148148
0.277778
0.388889
0.222222
-0.185185
-0.407407
-0.481481
-0.444444
-0.0925926
-0.185185
-0.388889
-0.407407
-0.166667
0.12963
0.537037
0.907407
1.2963
1.77778
2.46296
3.27778
3.75926
3.85185
3.87037
3.7963
3.35185
2.75926
2.07407
1.51852
1
0.555556
0.203704
-0.203704
-0.62963
-0.685185
-0.592593
-0.518519
0.111111
0.0925926
-0.0925926
-0.277778
-0.240741
-0.166667
0.12963
0.574074
1.25926
1.7963
2.48148
3.37037
4.2037
4.68519
4.83333
4.51852
3.81481
2.88889
2.07407
1.44444
0.814815
0.0740741
-0.5
-0.87037
-0.907407
-0.814815
-0.62963
-0.518519
-0.037037
0.0925926
0.0555556
-0.0740741
-0.388889
-0.592593
-0.703704
-0.592593
-0.185185
0.185185
0.555556
1.05556
1.66667
2.24074
2.25926
2.07407
1.64815
1.05556
0.592593
0.203704
-0.222222
-0.740741
-1.09259
-1
-0.648148
-0.351852
-0.148148
-0.0555556
-1.12963
-0.592593
-0.166667
0.0185185
-0.314815
-0.685185
-1.16667
-1.57407
-1.81481
-1.98148
-2.18519
-2.37037
-2.31481
-2.12963
-2.12963
-1.94444
-1.72222
-1.51852
-1.33333
-1.22222
-1.09259
-1.01852
-0.777778
-0.37037
0.0740741
0.388889
0.555556
0.62963
-3.27778
-2.31481
-1.40741
-0.740741
-0.703704
-0.814815
-1.24074
-1.75926
-2.35185
-2.66667
-3.07407
-3.53704
-3.87037
-3.92593
-3.96296
-3.55556
-3.01852
-2.38889
-1.88889
-1.33333
-0.87037
-0.37037
0.037037
0.37037
0.518519
0.685185
0.796296
0.796296
-4.2963
-3.42593
-2.55556
-1.83333
-1.2037
-0.833333
-0.814815
-1.05556
-1.5
-1.88889
-2.27778
-2.72222
-3.12963
-3.44444
-3.51852
-3.37037
-3.09259
-2.74074
-2.42593
-1.90741
-1.5
-1.12963
-0.962963
-1.14815
-1.44444
-1.61111
-1.64815
-1.74074
-2.74074
-2.85185
-2.87037
-2.90741
-2.33333
-1.75926
-1.38889
-1.25926
-1.33333
-1.59259
-1.85185
-2.12963
-2.5
-2.88889
-3.22222
-3.61111
-3.96296
-4.37037
-4.61111
-4.61111
-4.72222
-4.90741
-5.38889
-6.05556
-6.72222
-7.27778
-7.59259
-7.96296
0.703704
-0.777778
-2.2037
-3.51852
-3.88889
-3.87037
-3.7037
-3.59259
-3.64815
-4.11111
-4.61111
-5.14815
-5.77778
-6.66667
-7.53704
-8.64815
-9.74074
-10.8148
-11.6111
-12.3333
-13.1296
-14.037
-14.8704
-15.6852
-16.3704
-17.037
-17.5741
-18.037
1.40741
-1.11111
-3.72222
-6.2963
-8.44444
-10.0185
-11.0185
-11.4259
-11.4815
-11.7593
-12.1852
-12.7407
-13.4259
-14.2778
-15.1481
-16.1852
-17.2037
-18.0741
-18.6667
-19.3889
-20.0926
-20.7593
-21.1481
-21.2407
-21.1667
-21.1667
-21.2037
-21.2593
-1.87037
-4.64815
-7.74074
-10.7963
-14.037
-17
-19.2222
-20.2222
-20.0556
-19.6296
-19.3333
-19.1852
-19.1296
-19.2778
-19.3333
-19.3704
-19.3333
-19.0185
-18.537
-18.1667
-17.7593
-17.2407
-16.2963
-15.0185
-13.6111
-12.2407
-11.0926
-9.94444
-0.740741
-0.666667
0.62963
1.40741
1.07407
-0.333333
-1.16667
-1.31481
-0.555556
0.037037
0.407407
0.148148
-0.0740741
-0.185185
0.0185185
0.111111
0.0925926
-0.0185185
0.0740741
0.259259
0.425926
0.333333
0.0555556
-0.222222
-0.314815
-0.166667
-0.111111
-0.0925926
-0.592593
-0.555556
0.611111
1.31481
1.01852
-0.203704
-0.981481
-1.2037
-0.685185
-0.203704
0.148148
0.0740741
0.0185185
0.12963
0.37037
0.37037
0.0740741
-0.277778
-0.277778
0.0555556
0.5
0.611111
0.314815
-0.0925926
-0.314815
-0.240741
-0.259259
-0.277778
-0.648148
-0.740741
0.351852
1.07407
0.981481
-0.0925926
-0.833333
-1.27778
-0.87037
-0.351852
0.259259
0.314815
0.277778
0.314815
0.574074
0.555556
0.203704
-0.259259
-0.333333
-0.0925926
0.296296
0.444444
0.351852
0.111111
-0.0555556
-0.166667
-0.333333
-0.481481
-0.648148
-0.777778
0.203704
0.962963
0.833333
-0.259259
-1.09259
-1.42593
-0.796296
-0.111111
0.518519
0.462963
0.444444
0.481481
0.740741
0.611111
0.240741
-0.12963
-0.0555556
0.0925926
0.185185
0.0185185
0.0185185
0.0925926
0.203704
0
-0.351852
-0.648148
-0.648148
-0.685185
0.240741
0.87037
0.592593
-0.5
-1.2037
-1.24074
-0.5
0.111111
0.481481
0.388889
0.5
0.777778
1.01852
0.722222
0.148148
-0.222222
0.0185185
0.296296
0.296296
-0.111111
-0.277778
-0.0555556
0.240741
0.148148
-0.314815
-0.703704
-0.592593
-0.462963
0.351852
0.685185
0.240741
-0.666667
-1
-0.703704
-0.0740741
0.222222
0.185185
0.0185185
0.351852
1.01852
1.46296
1.05556
0.0925926
-0.537037
-0.351852
0.296296
0.555556
0.185185
-0.296296
-0.277778
0.0925926
0.185185
-0.185185
-0.666667
-0.444444
-0.240741
0.407407
0.388889
-0.0925926
-0.722222
-0.62963
-0.203704
0.222222
0.296296
0.0740741
-0.111111
0.148148
0.888889
1.44444
1.14815
0.203704
-0.555556
-0.444444
0.259259
0.722222
0.407407
-0.240741
-0.425926
-0.037037
0.185185
-0.0925926
-0.648148
-0.222222
0.0185185
0.425926
0.111111
-0.425926
-0.740741
-0.296296
0.203704
0.259259
0.222222
0.0555556
0.12963
0.240741
0.740741
1.05556
0.925926
0.222222
-0.277778
-0.388889
0.259259
0.703704
0.648148
-0.12963
-0.5
-0.185185
0.222222
0.037037
-0.611111
0.0185185
0.240741
0.425926
-0.296296
-0.833333
-0.740741
0.277778
0.777778
0.37037
-0.166667
-0.37037
-0.0555556
0.259259
0.851852
1.16667
1.14815
0.462963
-0.111111
-0.537037
-0.0185185
0.611111
0.87037
0.0925926
-0.574074
-0.388889
0.148148
0.166667
-0.518519
0
0.240741
0.240741
-0.648148
-1.14815
-0.685185
0.685185
1.25926
0.592593
-0.203704
-0.537037
-0.185185
0.166667
0.851852
1.12963
1.18519
0.5
0.111111
-0.425926
0.0740741
0.574074
0.907407
0
-0.759259
-0.555556
0.185185
0.37037
-0.37037
-0.333333
-0.166667
-0.111111
-0.907407
-1.25926
-0.592593
1.05556
1.74074
1
-0.037037
-0.462963
-0.185185
0.0925926
0.555556
0.666667
0.814815
0.425926
0.425926
-0.0185185
0.481481
0.796296
0.944444
-0.259259
-1.16667
-0.796296
0.259259
0.685185
-0.166667
-0.425926
-0.259259
-0.222222
-1.07407
-1.48148
-0.62963
1.35185
2.31481
1.42593
0.0555556
-0.648148
-0.314815
0
0.425926
0.314815
0.5
0.222222
0.444444
0.037037
0.796296
1.25926
1.40741
-0.388889
-1.64815
-1.2963
0.296296
0.962963
0.111111
-0.407407
-0.259259
-0.240741
-1.22222
-1.59259
-0.481481
1.77778
2.81481
1.51852
-0.0740741
-0.907407
-0.314815
-0.0185185
0.351852
0.037037
0.185185
-0.111111
0.185185
-0.148148
0.981481
1.72222
1.98148
-0.277778
-1.88889
-1.62963
0.296296
1.14815
0.333333
-0.37037
-0.203704
-0.240741
-1.37037
-1.7037
-0.444444
2
2.94444
1.51852
-0.166667
-0.944444
-0.388889
-0.12963
0.296296
0.0925926
0.203704
-0.222222
0.0555556
-0.111111
1.12963
1.87037
2.01852
-0.296296
-1.96296
-1.7037
0.240741
1.16667
0.425926
-0.333333
-0.185185
-0.277778
-1.33333
-1.68519
-0.518519
1.68519
2.53704
1.27778
-0.0555556
-0.574074
-0.037037
-0.037037
0.166667
-0.111111
0.166667
-0.0185185
0.518519
0.351852
1.22222
1.44444
1.40741
-0.611111
-1.83333
-1.46296
0.37037
1.11111
0.407407
-0.333333
-0.166667
-0.148148
-1.11111
-1.64815
-0.814815
1.12963
2.05556
1.11111
0
-0.333333
0.259259
0.314815
0.37037
-0.0555556
0.185185
0.166667
0.814815
0.574074
1.03704
0.907407
0.796296
-0.814815
-1.61111
-1.12963
0.5
1.01852
0.314815
-0.333333
-0.185185
-0.111111
-0.888889
-1.40741
-0.814815
0.759259
1.59259
0.87037
-0.148148
-0.518519
0.0925926
0.462963
0.907407
0.648148
0.740741
0.388889
0.62963
0.259259
0.592593
0.462963
0.388889
-0.87037
-1.25926
-0.796296
0.555556
0.759259
0.185185
-0.333333
-0.203704
-0.12963
-0.685185
-1.11111
-0.722222
0.37037
0.981481
0.5
-0.12963
-0.277778
0.296296
0.666667
1.11111
0.907407
0.851852
0.333333
0.37037
0.0740741
0.388889
0.203704
0.0555556
-0.888889
-0.888889
-0.407407
0.592593
0.462963
0
-0.314815
-0.240741
-0.111111
-0.518519
-0.888889
-0.703704
0.037037
0.518519
0.296296
0
0.0185185
0.444444
0.703704
1.07407
0.981481
0.851852
0.240741
0.0925926
-0.037037
0.296296
0.111111
-0.222222
-0.907407
-0.592593
-0.0185185
0.648148
0.185185
-0.240741
-0.333333
-0.240741
-0.037037
-0.333333
-0.740741
-0.833333
-0.425926
0.0185185
0.148148
0.240741
0.37037
0.592593
0.703704
1.01852
1.05556
0.851852
0.203704
-0.0555556
-0.037037
0.166667
-0.185185
-0.648148
-0.833333
-0.037037
0.592593
0.685185
-0.240741
-0.62963
-0.648148
-0.462963
-0.166667
-0.185185
-0.611111
-0.87037
-0.814815
-0.37037
0.037037
0.518519
0.722222
0.777778
0.666667
0.907407
0.981481
0.796296
0.148148
-0.0555556
0.037037
0.0925926
-0.5
-1.01852
-0.759259
0.388889
1.01852
0.648148
-0.537037
-0.888889
-1.24074
-1.09259
-0.666667
-0.37037
-0.703704
-1.01852
-1.05556
-0.574074
0.12963
0.740741
0.981481
0.796296
0.574074
0.759259
0.981481
0.944444
0.388889
0.0925926
0
-0.222222
-0.925926
-1.2963
-0.666667
0.685185
1.18519
0.555556
-0.722222
-0.981481
-1.66667
-1.92593
-1.46296
-0.796296
-0.814815
-0.981481
-1.12963
-0.703704
-0.0185185
0.777778
1.2037
1.12963
0.685185
0.462963
0.481481
0.722222
0.592593
0.388889
-0.0555556
-0.611111
-1.25926
-1.25926
-0.296296
0.981481
1.18519
0.296296
-0.925926
-0.981481
-1.46296
-2.25926
-2.05556
-1.38889
-1.09259
-1
-0.981481
-0.666667
-0.111111
0.555556
1.11111
1.16667
0.814815
0.444444
0.314815
0.462963
0.351852
0.0925926
-0.425926
-0.851852
-1.11111
-0.685185
0.259259
1.12963
0.888889
-0.111111
-1.09259
-0.907407
-1.2963
-2.18519
-2.2037
-1.68519
-1.33333
-1.09259
-0.944444
-0.537037
0.0555556
0.685185
1.09259
0.981481
0.555556
0.222222
0.166667
0.277778
0.037037
-0.314815
-0.722222
-0.833333
-0.777778
-0.240741
0.5
1.05556
0.611111
-0.333333
-1.09259
-0.740741
-1.85185
-2.16667
-1.87037
-1.35185
-1.27778
-1.2037
-1.09259
-0.592593
0.12963
0.777778
1.11111
0.740741
0.166667
-0.277778
-0.259259
-0.148148
-0.240741
-0.37037
-0.333333
-0.222222
-0.185185
-0.037037
0.462963
0.925926
0.685185
-0.203704
-0.907407
-0.648148
-4.37037
-3.72222
-1.44444
0.481481
0.722222
-0.296296
-1.18519
-1.03704
-0.0925926
0.962963
1.48148
1.03704
0.12963
-0.666667
-0.759259
-0.574074
-0.37037
-0.185185
0.222222
0.5
0.407407
0.12963
0.240741
0.648148
0.666667
0.0555556
-0.592593
-0.481481
-8.03704
-6.59259
-1.74074
2.92593
4.40741
2.38889
-0.222222
-1.33333
-0.666667
0.759259
1.72222
1.53704
0.481481
-0.611111
-0.888889
-0.703704
-0.333333
-0.0740741
0.351852
0.611111
0.518519
0.203704
0.148148
0.425926
0.444444
0.037037
-0.425926
-0.222222
0.166667
1.11111
1.5
0.666667
-0.722222
-1.5
-1.16667
-0.333333
0.277778
0.166667
0
-0.166667
-0.111111
0
0.222222
0.333333
0.111111
-0.111111
-0.166667
-0.166667
-0.222222
-0.333333
-0.166667
0.111111
0.333333
0.277778
0.0555556
0.111111
0.333333
0.388889
0.111111
-0.222222
0.0555556
1.27778
1.83333
1.44444
-0.166667
-1.27778
-1.66667
-0.888889
-0.166667
0.0555556
-0.166667
-0.388889
-0.444444
-0.444444
-0.166667
0
0.111111
0.0555556
0.0555556
0
-0.222222
-0.166667
0.0555556
0.388889
0.333333
0.0555556
-0.166667
0
0.388889
0.5
0.388889
0.111111
0.333333
1.16667
1.38889
1.16667
0.0555556
-0.777778
-1.38889
-1
-0.5
-0.166667
-0.277778
-0.611111
-0.722222
-0.722222
-0.333333
-0.0555556
0.222222
0.222222
0.0555556
-0.277778
-0.333333
0.111111
0.777778
1
0.611111
0.111111
-0.166667
0
0.166667
0.222222
0.333333
0.388889
0.666667
0.777778
0.5
0.277778
-0.111111
-0.388889
-0.833333
-0.777778
-0.777778
-0.5
-0.5
-0.277778
-0.0555556
0.0555556
-0.0555556
-0.277778
-0.111111
0.111111
0.0555556
-0.277778
-0.555556
0
0.722222
1.27778
0.944444
0.444444
0.0555556
0
-0.0555556
-0.0555556
0.166667
0.444444
0.555556
-0.0555556
-0.555556
-0.944444
-0.555556
-0.166667
0
-0.388889
-0.833333
-0.777778
-0.166667
0.5
0.888889
0.833333
0.444444
0.111111
0
-0.0555556
-0.277778
-0.777778
-0.888889
-0.722222
0
0.666667
1.05556
1
0.611111
0.222222
-0.111111
-0.222222
-0.0555556
0.166667
-0.666667
-1.61111
-1.83333
-1.38889
-0.166667
0.666667
0.888889
0.222222
-0.333333
-0.166667
0.5
1.11111
0.888889
0.444444
-0.333333
-0.388889
-0.222222
0.277778
0.333333
0.222222
-0.222222
-0.777778
-1.22222
-0.722222
0.222222
1.11111
1.05556
0.666667
0.222222
0.0555556
-0.111111
-0.222222
-1.22222
-2.22222
-2.05556
-1.16667
0.444444
1.16667
1.11111
0.166667
-0.111111
0.166667
0.611111
0.222222
-0.666667
-1.22222
-1.27778
-0.777778
-0.222222
0.5
1.11111
1.44444
1.27778
0.277778
-0.888889
-1.5
-0.888889
0.166667
1
1.16667
1
0.555556
0
-0.444444
-0.833333
-1.61111
-1.5
-0.5
0.611111
0.888889
0.388889
-0.166667
-0.277778
-0.333333
-0.888889
-1.72222
-2.22222
-2.05556
-1.55556
-0.944444
-0.222222
0.722222
1.55556
2.16667
2.27778
1.88889
0.944444
-0.388889
-1.11111
-1
0.111111
1
1.33333
0.777778
0.166667
-0.333333
0.611111
0.277778
0.111111
0
-0.222222
-0.611111
-0.833333
-0.888889
-1.16667
-1.88889
-2.55556
-2.61111
-1.83333
-1.11111
-0.444444
-0.277778
0.0555556
0.333333
0.833333
1.16667
1.61111
2.05556
2.44444
1.5
-0.0555556
-1.38889
-0.888889
0.222222
1.11111
0.888889
0.5
0.0555556
0.833333
0.777778
0.333333
-0.0555556
-0.833333
-1.16667
-1.22222
-1.05556
-1.72222
-2.33333
-2.27778
-0.833333
0.444444
0.722222
0.222222
-0.111111
0.111111
0.388889
0.333333
0.111111
-0.0555556
0.388889
1.38889
2.05556
1.38889
-0.166667
-1.16667
-0.888889
-0.0555556
0.444444
0.555556
0.333333
0.555556
0.555556
0.222222
-0.0555556
-0.555556
-0.944444
-1.27778
-1.66667
-1.88889
-1.16667
0.222222
1.88889
2.11111
1.61111
0.444444
-0.111111
-0.277778
-0.111111
-0.111111
-0.277778
-0.944444
-1.27778
-1
0.666667
1.55556
1.11111
-0.555556
-1.27778
-0.833333
0.166667
0.611111
0.555556
-0.166667
-0.166667
-0.333333
0
0.166667
0
-0.888889
-1.83333
-1.5
0.5
2.27778
2.83333
1.66667
1.22222
0.833333
0.611111
-0.0555556
-0.666667
-1.11111
-1
-1.22222
-1.38889
-2.05556
-0.722222
0.944444
1.72222
0.333333
-1.11111
-1.16667
-0.222222
0.444444
0.611111
-0.166667
-0.166667
-0.0555556
0.222222
0.611111
0.333333
-0.666667
-1.83333
-1.05556
1.16667
2.77778
2.16667
0.555556
0.444444
0.944444
1
-0.222222
-1.5
-2.22222
-1.61111
-0.722222
-0.166667
-1.11111
-1
0.166667
1.44444
0.888889
-0.5
-0.944444
-0.388889
0.277778
0.555556
-0.0555556
0
0.0555556
0
0.222222
0.277778
-0.166667
-1
-0.777778
0.555556
1.77778
1.27778
0.277778
0.0555556
0.722222
1
0.166667
-1.11111
-2.44444
-2.11111
-0.944444
0.388889
-0.111111
-0.444444
0.111111
1.22222
1
-0.166667
-0.722222
-0.388889
0.166667
0.388889
0.166667
0.0555556
0.111111
-0.222222
-0.111111
-0.0555556
-0.111111
-0.5
-0.5
0
1.11111
1.22222
1
-0.0555556
-0.5
-0.444444
-0.388889
-0.333333
-1
-0.888889
-0.444444
0.166667
0
-0.166667
0.222222
0.944444
0.777778
0
-0.5
-0.333333
0.111111
0.111111
0.222222
0.222222
0.166667
-0.166667
-0.277778
-0.222222
-0.0555556
0.0555556
-0.222222
-0.444444
-0.111111
0.277778
0.555556
-0.111111
-0.388889
-0.111111
0.388889
0.611111
0.111111
-0.166667
-0.444444
-0.333333
-0.222222
0.166667
0.277778
0.388889
0.0555556
0
-0.0555556
0.166667
0.166667
-0.0555556
0.222222
0.166667
0.222222
0
-0.166667
-0.333333
-0.0555556
0.444444
0.333333
-0.277778
-0.944444
-0.833333
-0.5
-0.222222
0.0555556
0.611111
1
0.944444
0.777778
0.277778
-0.222222
-0.666667
-0.166667
0.388889
0.222222
-0.388889
-0.666667
-0.0555556
0.277778
0.333333
0.0555556
-0.111111
0.222222
0.277778
0.277778
0.111111
0
0
0.5
1
0.611111
-0.555556
-1.88889
-1.83333
-1.16667
-0.0555556
0.444444
0.722222
0.888889
1
1.27778
0.5
-0.277778
-0.722222
0.388889
0.888889
0.111111
-1.11111
-1.22222
0
0.5
0.388889
-0.222222
-0.111111
0.0555556
0
-0.0555556
0.0555556
0
0.166667
0.666667
1.33333
0.944444
-0.444444
-2.11111
-2.11111
-1.27778
-0.111111
0
-0.222222
-0.0555556
0.666667
1.5
0.888889
0.222222
0.111111
1.38889
1.16667
-0.277778
-1.77778
-1.27778
0.111111
0.555556
0.111111
-0.388889
-0.0555556
-0.166667
0
0
0.333333
0.333333
0.611111
0.833333
1.27778
0.833333
-0.666667
-2.05556
-2.33333
-1.38889
-0.833333
-0.944444
-1.5
-1.16667
0.0555556
1.5
1.83333
1.88889
2
2.44444
0.944444
-1.05556
-2.22222
-1.05556
0.333333
0.555556
-0.0555556
-0.5
-0.222222
-0.444444
-0.166667
0
0.555556
0.388889
0.5
0.444444
1.22222
1.22222
0.277778
-1.22222
-2.11111
-2.05556
-1.83333
-1.38889
-1.05556
-0.666667
-0.277778
0.611111
1.83333
2.94444
3.16667
2.16667
-0.111111
-1.94444
-2.16667
-0.666667
0.5
0.388889
-0.222222
-0.611111
-0.333333
-0.222222
0
0.277778
0.555556
0.5
0.388889
0.277778
0.777778
1.33333
1.16667
0.444444
-0.777778
-1.33333
-1.77778
-1.33333
-0.722222
-0.222222
-0.166667
0.388889
1.44444
2.38889
1.77778
0.166667
-1.66667
-2.16667
-1.33333
0.0555556
0.555556
-0.0555556
-0.777778
-1.05556
-0.666667
0.111111
0.111111
0.222222
0.222222
0.166667
-0.0555556
-0.111111
0.388889
1.33333
1.94444
1.83333
1.05556
0.444444
-0.111111
-0.166667
0
0.166667
0.0555556
-0.0555556
-0.111111
-0.388889
-1.27778
-2.11111
-2.27778
-1.5
-0.277778
0.5
0.444444
-0.388889
-1.05556
-1.33333
-0.888889
0.5
0.333333
0.277778
0
0.0555556
-0.111111
-0.0555556
-0.111111
0.555556
1.11111
1.66667
1.61111
1.88889
1.61111
1.27778
0.5
0.222222
-0.0555556
-0.5
-1.55556
-2.55556
-3.11111
-2.66667
-1.94444
-0.777778
0.0555556
0.833333
0.555556
0.0555556
-0.833333
-1.11111
-1.05556
1.33333
1.38889
1
0.388889
-0.0555556
-0.111111
-0.0555556
-0.166667
-0.333333
-0.277778
0.0555556
0.777778
1.66667
2.22222
2.22222
1.44444
0.611111
-0.222222
-1.16667
-2.16667
-2.88889
-2.44444
-1.5
-0.666667
-0.222222
-0.0555556
0.444444
0.5
0.611111
0.0555556
-0.388889
-0.833333
3.05556
3.72222
3.05556
1.88889
0.555556
0.166667
0.0555556
-0.166667
-0.888889
-1.44444
-1.55556
-0.722222
0.277778
1.38889
2
1.88889
1.05556
-0.166667
-1.05556
-1.38889
-1.11111
-0.333333
0.111111
0.166667
-0.166667
-0.277778
0.111111
0.333333
0.666667
0.388889
0.222222
-0.277778
4.61111
6.16667
5.83333
4.16667
1.88889
0.666667
0.0555556
-0.166667
-0.944444
-1.38889
-1.61111
-0.833333
-0.333333
0.666667
1.27778
1.66667
0.833333
-0.166667
-0.722222
-0.277778
0.277778
0.666667
0.444444
0.388889
0.222222
0.222222
-0.222222
-0.5
-0.555556
-0.166667
0.222222
0.222222
3.16667
5.11111
6.05556
5.38889
3.61111
1.66667
0.444444
-0.166667
-0.5
-0.611111
-0.555556
-0.388889
-0.5
-0.388889
-0.111111
0.277778
0.111111
-0.222222
-0.222222
0.222222
0.5
0.111111
-0.555556
-0.5
0
0.5
-0.277778
-1.22222
-1.83333
-1.33333
-0.388889
0.166667
-0.611111
0.388889
2.11111
3.16667
3.33333
2
0.722222
-0.111111
-0.222222
-0.0555556
0.166667
0
-0.5
-1
-1.16667
-1.11111
-1
-0.833333
-0.555556
-0.277778
-0.5
-1.27778
-1.94444
-1.72222
-0.777778
-0.222222
-0.944444
-2.11111
-2.77778
-2.33333
-1.33333
-0.611111
-2.94444
-4.44444
-4.33333
-2.55556
-0.444444
0.5
0.388889
0.111111
0.0555556
0
-0.111111
-0.777778
-1.38889
-2.33333
-2.83333
-3.16667
-2.66667
-2.27778
-2
-2.38889
-2.72222
-3.05556
-2.83333
-2.27778
-1.72222
-1.66667
-2.16667
-2.5
-2.38889
-2.05556
-1.5
-1.05556
0.111111
-4.16667
-8.27778
-10.5
-9.94444
-7.16667
-3.27778
-0.444444
0.666667
0.111111
-0.888889
-1.66667
-1.88889
-2
-2.27778
-2.83333
-2.94444
-3.05556
-2.94444
-3.38889
-3.27778
-2.83333
-1.33333
-0.444444
-0.388889
-1.38889
-1.83333
-1.33333
-0.388889
0.111111
0.222222
0.333333
5.33333
-0.388889
-8.11111
-16
-20.3889
-18.3333
-10.3333
-2.38889
2.16667
2.38889
0.888889
-0.611111
-1.05556
-0.666667
-0.277778
-0.388889
-0.555556
-0.944444
-1.16667
-1.77778
-1.44444
-0.444444
1.61111
2.83333
2.77778
1.61111
1.05556
1.72222
2.72222
3.27778
3.05556
3.05556
0.74
0.3
-0.28
-0.88
-1.3
-1.22
-1
-0.74
-0.46
-0.24
-0.2
-0.18
-0.06
-0.02
-0.08
-0.22
-0.34
-0.42
-0.34
-0.04
0.38
0.76
0.94
0.98
0.82
0.6
0.5
0.48
0.04
-0.12
-0.44
-0.78
-1.04
-1
-0.9
-0.64
-0.38
-0.22
-0.3
-0.32
-0.32
-0.28
-0.18
0.02
0.04
-0.02
-0.06
0.1
0.24
0.56
0.84
1
0.9
0.78
0.62
0.48
-0.5
-0.48
-0.56
-0.64
-0.64
-0.8
-0.88
-0.76
-0.6
-0.52
-0.46
-0.36
-0.28
-0.22
-0.06
0.16
0.26
0.18
0.16
0.2
0.28
0.46
0.74
0.92
0.98
0.9
0.78
0.6
-1.16
-0.92
-0.72
-0.48
-0.3
-0.52
-0.78
-0.86
-0.92
-0.96
-0.92
-0.76
-0.66
-0.48
-0.1
0.36
0.58
0.7
0.78
0.66
0.5
0.54
0.68
0.78
0.96
1.04
0.94
0.7
-1.5
-1.2
-0.8
-0.44
-0.24
-0.5
-0.84
-1.14
-1.32
-1.42
-1.5
-1.38
-1.14
-0.76
-0.12
0.72
1.22
1.46
1.52
1.2
0.72
0.5
0.5
0.54
0.8
1.06
1.02
0.76
-1.3
-1.08
-0.82
-0.6
-0.62
-0.96
-1.36
-1.64
-1.78
-1.74
-1.74
-1.52
-1.22
-0.74
0.02
1
1.62
1.96
2.02
1.62
0.96
0.54
0.36
0.22
0.42
0.74
0.84
0.7
-0.56
-0.76
-0.98
-1.26
-1.58
-1.96
-2.24
-2.3
-2.06
-1.7
-1.38
-1
-0.68
-0.42
0.04
0.6
1.02
1.4
1.74
1.62
1.26
0.92
0.62
0.18
0.18
0.42
0.62
0.62
-0.38
-0.56
-0.94
-1.42
-1.9
-2.08
-2.32
-2.12
-1.5
-0.82
-0.52
0
0.2
0.08
0.04
0.3
0.18
0.3
0.7
1.02
0.88
0.94
0.86
0.42
0
0.12
0.24
0.28
-0.04
-0.3
-0.82
-1.48
-1.96
-2.02
-1.94
-1.26
-0.12
0.72
0.8
1.04
0.84
0.16
-0.32
-0.16
-0.52
-0.72
-0.42
0.08
0.04
0.36
0.66
0.5
-0.06
-0.12
-0.02
0.06
0.16
-0.16
-0.8
-1.52
-1.92
-1.84
-1.5
-0.46
1
1.82
1.78
1.86
1.36
0.2
-0.68
-0.74
-1.36
-1.78
-1.46
-0.64
-0.5
0.02
0.62
0.68
0.02
-0.2
-0.12
-0.06
0.26
-0.06
-0.62
-1.3
-1.56
-1.4
-1
0.02
1.46
2.14
2.08
2.16
1.64
0.34
-0.84
-1.2
-2.02
-2.54
-2.18
-1.04
-0.64
0
0.7
0.92
0.22
-0.1
-0.08
-0.08
0.1
0
-0.3
-0.72
-0.8
-0.66
-0.38
0.4
1.5
1.94
1.82
1.88
1.48
0.44
-0.58
-0.92
-1.76
-2.38
-2.24
-1.24
-0.88
-0.22
0.52
0.92
0.3
-0.02
-0.06
-0.08
0.14
-0.04
-0.22
-0.46
-0.42
-0.36
0.02
0.62
1.26
1.44
1.32
1.08
0.68
0.12
-0.44
-0.6
-1.02
-1.44
-1.5
-1
-0.82
-0.38
0.18
0.54
0.24
0.06
0.02
-0.02
0.14
0.04
0
-0.14
-0.12
-0.12
-0.1
-0.04
0.06
0.08
0.2
0.28
0.34
0.4
0.22
-0.04
-0.3
-0.56
-0.74
-0.48
-0.26
-0.04
0.14
0.26
0.08
0.04
0
0
0.16
0.18
0.3
0.28
0.24
0.14
-0.22
-0.7
-1.18
-1.3
-1
-0.66
-0.22
0.48
0.74
0.48
0.54
0.62
0.42
0.36
0.54
0.4
0.06
-0.16
-0.26
-0.18
-0.14
-0.04
0.18
0.34
0.62
0.78
0.72
0.5
-0.08
-0.94
-1.88
-2.18
-1.9
-1.58
-0.98
0.12
0.86
0.88
1.38
1.82
1.64
1.12
1.02
0.48
-0.3
-0.76
-0.68
-0.44
-0.32
-0.1
0.08
0.3
0.7
1.04
1.02
0.94
0.38
-0.64
-1.88
-2.38
-2.38
-2.24
-1.66
-0.42
0.56
0.92
1.8
2.5
2.36
1.6
1.24
0.36
-0.7
-1.26
-1.02
-0.68
-0.52
-0.28
0.22
0.54
0.96
1.34
1.3
1.2
0.66
-0.42
-1.7
-2.4
-2.54
-2.56
-2.04
-0.94
0.14
0.7
1.84
2.74
2.72
1.88
1.38
0.26
-1
-1.54
-1.16
-0.9
-0.76
-0.48
0.28
0.54
0.92
1.38
1.4
1.38
1.12
0.3
-0.9
-1.64
-1.86
-2.12
-1.88
-1.04
-0.12
0.34
1.34
2.2
2.22
1.34
0.74
-0.3
-1.42
-1.8
-1.26
-0.98
-0.88
-0.66
0.44
0.56
0.8
1.2
1.36
1.36
1.4
0.96
0.08
-0.58
-0.78
-1.2
-1.18
-0.74
-0.14
0.1
0.66
1.06
0.92
-0.04
-0.62
-1.26
-1.86
-1.84
-1
-0.72
-0.76
-0.72
1.04
0.8
0.74
0.9
0.92
1.04
1.34
1.32
0.9
0.6
0.52
0.14
0
0.06
0.1
-0.1
-0.16
-0.32
-0.74
-1.5
-1.8
-1.9
-1.92
-1.48
-0.6
-0.44
-0.62
-0.74
2.72
2.02
1.48
1.08
0.64
0.46
0.72
0.92
1
1.16
1.54
1.44
1.3
1.02
0.56
-0.22
-0.82
-1.36
-1.86
-2.36
-2.3
-2.02
-1.68
-1.1
-0.3
-0.28
-0.5
-0.68
4.74
3.72
2.7
1.68
0.68
0.16
0.1
0.26
0.56
1.16
1.82
2.16
2.2
1.86
0.96
-0.22
-1.26
-2.06
-2.58
-2.72
-2.4
-1.86
-1.3
-0.74
-0.16
-0.14
-0.36
-0.58
6
5.16
3.96
2.52
1.1
0.16
-0.34
-0.46
-0.22
0.4
1.04
1.52
1.78
1.6
0.8
-0.18
-1.1
-1.92
-2.44
-2.44
-2.12
-1.64
-1.08
-0.6
-0.3
-0.38
-0.56
-0.78
6.06
5.5
4.38
2.82
1.14
0.08
-0.68
-1.04
-0.86
-0.2
0.3
0.76
1
0.88
0.2
-0.54
-1.22
-1.78
-2.22
-2.1
-1.86
-1.62
-1.36
-1.16
-1.36
-1.6
-1.68
-1.72
4.62
4.18
3.24
2.06
0.82
-0.1
-0.84
-1.34
-1.44
-1.22
-1.08
-0.98
-1
-1.26
-1.76
-2.34
-2.72
-2.98
-3.08
-2.82
-2.48
-2.3
-2.1
-2.1
-2.44
-2.62
-2.52
-2.36
0.08
-1
-2.12
-2.52
-2.02
-1.62
-1.38
-1.28
-1.44
-1.82
-2.18
-2.4
-2.56
-2.74
-3
-3.34
-3.5
-3.58
-3.42
-2.96
-2.42
-2.06
-1.7
-1.68
-2
-2.1
-1.9
-1.62
-6.5
-9.12
-10.92
-10.56
-7.68
-4.74
-2.38
-0.7
-0.12
-0.84
-1.6
-2.1
-2.3
-2.38
-2.22
-2.22
-2.22
-2.28
-2.04
-1.62
-1.12
-0.72
-0.32
-0.28
-0.64
-0.72
-0.46
-0.12