0
0
0
0
0
0
0
0
0
0
0
0
-5.375
-26.5
-41.75
-41.75
-36.375
-15.25
0
0
0
0
0
0
-1.625
-32.125
-72.25
-81.625
-81.5
-53.375
-13.75
-1.125
6.375
14.125
0
0
0
0
0
0
0
0
0
0
0
0
-13
-40.25
-57.75
-57.75
-44.75
-17.5
0
0
0
0
0
0
-16.5
-59.625
-76.375
-78.875
-65
-22.625
-4.5
3.375
12
16.625
0
0
0
0
0
0
0
0
0
0
0
-0.125
-11
-10.125
-7.75
-8.875
2
1.125
-1.25
0
0
0
0
-6.875
-46.625
-72.375
-75.375
-70.75
-32.75
-6.25
-1.125
6.375
12.375
13.875
0
0
0
0
0
0
0
0
0
0
0
-3.625
-9
-1.5
0.375
-2.5
2.875
-4.625
-6.5
0
0
0
-5.125
-35.75
-74
-80.25
-77.125
-48.5
-9.75
-1.625
3.5
8.375
10.5
8.25
0
0
0
0
0
0
0
0
0
0
-0.125
-10.125
-14.375
-15.75
-23.5
-25.75
-23.25
-21.875
-14
-1.75
0
-2.875
-29
-74
-89.375
-88.375
-64.875
-19.625
-2
3.375
9.5
9.5
7.625
2.75
0
0
0
0
0
0
0
0
0
0
-1.25
-13.125
-15.25
-15
-18.375
-18.75
-25.375
-26.25
-21.625
-9.375
-0.75
-20.125
-63.625
-89.625
-92.125
-74.5
-31.625
-2.625
3.75
9.5
12.25
7.375
1.375
-2.625
0
0
0
0
0
0
0
0
0
0
-7.25
-15.5
-15.375
-14.875
-8
-7.5
-22.625
-29
-29
-21.375
-14
-49.75
-79.375
-84.5
-78.75
-38.375
-6.5
2
7.5
9.75
7.125
0.25
-8.25
-11.25
0
0
0
0
0
0
0
0
0
0
-12.375
-16
-15.5
-12.875
3.625
5
-7.5
-23
-28.875
-30.125
-51.625
-74.625
-81.125
-79.5
-48.375
-12.25
-2.75
-1.125
0.75
-1.5
-5.5
-9.125
-13.125
-16.875
0
0
0
0
0
0
0
0
0
-3.875
-12.75
-13.5
-13.875
-0.25
18.125
20.875
16.5
-6.25
-25.125
-48.25
-88.125
-87.875
-80.25
-61.875
-18.25
-4.5
-2.125
-0.375
-1.25
-3.625
-3
0.5
2.25
-0.625
0
0
0
0
0
0
0
0
0
-10.25
-14.875
-14.75
-13.75
9.875
25.25
31
30.25
8.75
-18.875
-51.625
-67.375
-60.25
-45.875
-20.25
-3.75
1
7.25
11.875
13.125
11.625
13.375
17.75
17
17.75
0
0
0
0
0
0
0
0
-0.375
-10.875
-13.25
-13.375
-5.125
12.25
14.25
20.25
14.75
5
-6.125
-13.125
-1.875
3.75
14
15.875
4.625
7.875
15.5
20
20.25
15.5
11.5
8.5
5.625
8.375
0
0
0
0
0
0
0
-0.125
-7.25
-12.625
-11.75
-11.125
7.875
-4.625
-34.125
-43.25
-50.375
-31
-5.625
12.75
31.875
40.125
46.375
38.75
18.75
13.75
16.625
16.75
14
9.625
3.25
-1.25
-2.125
-1.875
0
0
0
0
0
0
0
-0.75
-15
-15.25
-12.375
-7.25
11.875
-28.625
-74.125
-104
-101.125
-54
-10.75
16.125
28
42.875
51.5
54.875
40.5
22.75
16.375
11
7.25
6.25
3.125
3.125
3
2.5
0
0
0
0
0
0
0
-2.875
-10.5
-9.5
-7.25
5.125
10.875
-14.75
-37.75
-69.625
-61.5
-25.375
-0.75
22.125
21.75
36.25
50.375
58.5
58.125
34.875
17.625
8.25
2.5
-0.125
-2.375
-1.625
-0.5
2
0
0
0
0
0
0
0
-8.125
-7.625
-7.875
-6.5
11.5
11.5
12.875
9.5
-9
-7.875
1.375
11.875
22.875
20.625
25.125
40.75
51.25
56.875
43.75
20.875
7.375
0
-4.25
-8.875
-9.5
-5.375
-3.375
0
0
0
0
0
0
-2.125
-12.375
-11.875
-11.5
-4.625
10.875
12.875
20.75
16.125
9.25
5.25
0.625
11.875
18.75
21
19.625
27.375
40.625
46
45.25
28
9
1.25
-1.75
-6.375
-7.375
-3.375
-4.375
0
0
0
0
0
0
-5.875
-9.25
-8.375
-7.25
8.5
13.875
14.25
24.25
15.75
12.625
9.625
-4
1.625
12.5
17.375
20.125
20.5
32.375
40
41.5
35.375
14.25
3.625
1.25
-0.75
-2
-2.5
-4.375
0
0
0
0
0
-0.125
-7.125
-3.625
-1.125
3.125
18.375
15.75
14.25
25.5
20
17.5
17
0
-0.375
11.375
18
21.25
20.125
23.75
33.75
37.375
36.375
23.125
6.5
1
1
-0.5
-1.5
-3.5
0
0
0
0
0
-2.5
-5.5
-0.75
2.625
14.125
19.5
14.75
13.25
21.625
23.5
22.625
22.125
8.875
6
11.625
20.375
20
19.5
16.75
24
33.75
33.75
31.5
13.75
0.25
-0.125
-1.125
1.25
-1
-2.25
-5.625
-9.875
-14.375
-22.875
-30.25
-22.5
-13.5
0.5
19
15.375
11.75
8.875
14.875
20.875
20.75
19.875
9.25
3.875
4.125
10.875
16.25
17.75
16.875
18.5
29.375
33.625
36
26.75
7.375
1.375
-0.125
0
-1.75
-87.5
-93.625
-100.375
-106
-111.5
-94.125
-62.5
-31.625
2.875
15
10.125
5.25
0.125
5
13
16
16.125
8.25
1.125
0.375
2.25
11.75
17.5
19.625
19.625
24.75
35.5
41.5
40.5
26.25
9
2.875
-1.875
-2.5
-181.75
-181.5
-179.875
-177.375
-153.125
-102
-56.375
-12
15
9.875
8
4.125
-0.5
2.5
11.375
17.875
18.125
14.75
7
3.25
2
6
15.25
18.5
20.25
21.25
32
43.875
46.375
41.25
20
6
-1
-0.5
-112.875
-107.125
-100
-92.25
-53.375
-20.375
4
24.875
15.625
7.625
6.875
8.75
5.5
5.625
21.125
35.375
38.25
37.875
21.875
4.25
1.375
2.5
9.875
17
19.5
20.375
25.375
38.625
47
45.75
33
12.625
0.875
0.625
-19.875
-16.625
-13
2
30.75
35.75
39
32
8
5.875
5.25
6
4.375
4.75
25.25
37.75
33.375
31.25
9.75
-5.875
-0.25
2.25
4.5
13.625
18.5
20
22
30.125
45
49
45.5
28
7.875
1.875
-2.875
-3.125
-2
23.75
38.625
39.875
40.5
18.5
4.625
3.125
2.25
0
1.125
4.375
1
-14.625
-43.375
-50.125
-46.75
-30.5
-2.375
1.25
1.25
5.5
13.25
17.25
18.75
22
36
48.75
51
43.125
20.25
4.125
1.625
0.25
6.625
34.875
39.375
39.75
34.875
7.25
2.75
1.875
0.875
0
2
2.125
-24.125
-49.625
-82.625
-84.5
-58.5
-32.75
-1.375
-0.25
0.125
0.375
6.5
13.5
15.375
17.5
24.875
43.375
51.125
48.75
33.75
8.25
2.25
0.625
21.375
41.75
42.875
42.25
23.25
3.125
2.125
2
1.375
1.75
2.75
0.875
-1.375
0.75
6.625
11.625
13.5
10.875
4.125
0.5
0
-1.25
-1.25
2.75
5
8.75
14.125
32.375
49.75
51.375
45.375
21.25
1.375
3.75
35.75
45.125
46
41.375
10.625
2
1.5
1
0.5
0.875
1.25
3.125
33.875
68.75
105.375
105.875
72.875
35.25
-4.5
-9.875
-11.875
-14.125
-17.5
-18.25
-14.375
-7.125
1.75
16.625
42
49.5
46.75
34.125
-1.625
14.375
40.5
43
43.75
29.375
2.875
1.125
0.5
-0.375
-1.5
-2.625
-3.875
-2.75
23.875
61.625
83.25
78.625
47.625
5.375
-20.625
-23
-23.875
-24
-24.5
-24
-18.5
-11.875
-3.5
6.125
26.125
32.5
29.75
25.5
0.875
29
39.25
38.625
35.875
11.625
-0.25
-0.75
-2.125
-3.625
-5
-7.125
-9.625
-11.375
-5.25
7.125
8.625
5.75
-2.5
-15.625
-16.25
-13.375
-11.75
-10.75
-10
-8.125
-5.75
-4.125
-2.875
-6
-11.375
-18.125
-19.375
-14.875
8.25
35.375
36.75
36.625
27.25
1
-1.75
-3
-4.375
-5.625
-6.25
-7.5
-8.5
-9.75
-11.125
-12.125
-13.25
-13.625
-12.625
-11.25
-11.125
-12.5
-16.5
-22.25
-26.875
-29.5
-33.5
-41.125
-54.75
-74.25
-99
-98.875
-79.125
-51.875
10.25
26.875
29.625
30.25
15.125
-1.75
-2.375
-3.75
-5.25
-7.25
-10.75
-15.125
-19.625
-26.375
-34.375
-40.25
-46.25
-49.75
-53.5
-59.5
-67.125
-75.375
-81.625
-85.625
-85.5
-81.25
-77.25
-84.125
-103.375
-125.5
-139.375
-118.375
-80.125
-41
1.875
3.125
2
-3.875
-20.75
-28.625
-34.625
-45.375
-58.375
-71.5
-84.125
-93.625
-101.25
-107.375
-112.375
-113.75
-112.875
-108.125
-101.125
-92.5
-80.375
-67.375
-52.875
-38.375
-25.375
-12
-4.875
-11.625
-31
-52.375
-60.75
-51.125
-31
-12.875
-16.875
-41.875
-72
-103.875
-129.125
-130.625
-130.5
-132.25
-132
-134.375
-131.5
-121.75
-107.5
-87.625
-64.625
-44.5
-26
-10.125
4.875
24.625
46.25
68
85.125
96.75
102.375
101.25
90.25
68.5
41.5
17.25
2.5
-3.375
-2.625
-2.625
0
0
0
0
0
0
0
0
0
0
0
0
-5.375
-26.5
-31
11.25
36.375
15.25
0
0
0
0
0
0
-1.625
-32.125
-97
-140.125
-120.25
-59.875
-16.75
-2.625
8.875
20.625
0
0
0
0
0
0
0
0
0
0
0
0
-13.25
-44
-38.25
23.25
51.5
20.75
0
0
0
0
0
0
-16.5
-74.875
-138.375
-134.375
-74.5
-25.875
-7.5
4.375
19.25
26.625
0
0
0
0
0
0
0
0
0
0
0
-0.125
-21.75
-62.875
-47.75
33.625
68.25
29.375
1.25
0
0
0
0
-6.875
-49.875
-122.875
-148.125
-97.25
-35.75
-10
-1.875
12.375
27.625
28.375
0
0
0
0
0
0
0
0
0
0
0
-3.625
-35.25
-78.5
-51.625
39.25
80.375
42.875
6.5
0
0
0
-5.125
-35.75
-96.75
-143.25
-121.125
-53.5
-13
-3.625
4.75
18.125
30.5
26
0
0
0
0
0
0
0
0
0
0
-0.125
-10.375
-46.875
-68.25
-28.5
30.25
59
46.625
16.5
1.75
0
-2.875
-29
-82
-127.875
-127.625
-74.375
-22.125
-4
2.375
9.5
18.75
27.875
22.75
0
0
0
0
0
0
0
0
0
0
-1.25
-20.375
-57
-61.5
-23.625
17.5
47.875
55
33.375
9.375
0.5
-20.125
-73.625
-120.875
-125.625
-87.5
-34.875
-5.625
3.5
7.5
10
14.875
21.375
19.125
0
0
0
0
0
0
0
0
0
0
-7.5
-36
-61.875
-47.625
-15.25
7
31.375
52.25
47
23.875
-1.5
-54.5
-121.875
-136.25
-94.75
-41.625
-10.75
1
9.25
10
7.375
7.75
12.75
15.5
0
0
0
0
0
0
0
0
0
0
-14.875
-49.5
-60.5
-31.125
-4.125
1.25
10.25
35.75
53.375
38.375
-21.375
-104.375
-144.125
-111
-50.875
-15
-3.5
4.875
11
8.75
4.75
3.875
8.125
12.375
0
0
0
0
0
0
0
0
0
-3.875
-27.5
-57.25
-51.125
-12.5
13.375
0.375
-13.5
10.25
43.875
31.5
-46.375
-130.125
-134.5
-69.375
-19.5
-5
2.375
8.875
11
6.625
3.5
5.75
6.5
4.875
0
0
0
0
0
0
0
0
0
-10.25
-42.125
-59.75
-35.25
6.875
28.75
2.25
-28.75
-15.5
21.875
22.125
-61.125
-141.25
-112.375
-39
-7.75
1.5
10
10.375
6.875
2.625
2.875
8.5
6
0
0
0
0
0
0
0
0
0
-0.375
-18.625
-52.75
-54.625
-18.875
23.75
32.5
-6.75
-33.75
-25
1.625
6.625
-62.875
-128
-94.25
-33.375
-7.125
8.375
17
11.75
2
-4
2
13.5
7.375
-4.125
0
0
0
0
0
0
0
-0.125
-7.25
-32.875
-54.25
-40.125
-2.375
18.375
-7.125
-26.75
-4.125
3.5
-7.125
-13.5
-43.125
-86.875
-94.375
-54.75
-11.25
13.5
22.375
12.25
-2.25
-6.625
1.5
13
5.625
-5.125
0
0
0
0
0
0
0
-0.75
-15.75
-43.25
-47.625
-24.5
8.375
-2.125
-61.375
-48.25
33.625
51.25
3.75
-17.625
-22
-60.125
-95.75
-77.125
-26
12
22.625
8.5
-8
-10
-0.875
9.375
4.25
-0.75
0
0
0
0
0
0
0
-3.125
-25
-49
-37.75
-7.875
18.875
-27.25
-119
-74.625
67.75
107.875
26.5
-26.625
-16.75
-32.25
-77.625
-88.5
-47.875
-1.375
16.375
3.5
-14
-13.375
-2.375
7.375
6
3.5
0
0
0
0
0
0
0
-9.625
-38.375
-48.625
-21.25
8.25
24.25
-54.875
-165.25
-92.75
93.125
156.125
54.375
-30.875
-25.125
-17.875
-49
-81.25
-67.625
-23.5
4.125
-4.125
-19.5
-13.75
-2.375
4.75
9.125
9.375
0
0
0
0
0
0
-2.125
-18.375
-43.125
-39.5
-9.125
19.625
25.875
-64.75
-171.375
-103.5
85.5
172.375
76.125
-25.5
-34.75
-18.375
-24.625
-59.125
-74.5
-49.75
-15.5
-11
-24
-18
-4.875
4.875
13.375
12.625
0
0
0
0
0
0
-5.875
-27
-42.625
-29
1
29.125
25.75
-64
-167.25
-117.125
71.625
174.25
87.625
-11
-33.875
-27.875
-17
-32.875
-64
-70.25
-40.125
-21
-27.875
-21.5
-7.25
4
15.75
13.875
0
0
0
0
0
-0.125
-11.375
-34.125
-37.625
-16.125
12.125
31.25
18
-56.75
-154.5
-131
54.75
173.75
96.125
2.625
-27.25
-35.75
-23.625
-18.25
-43.25
-72.375
-62.125
-38.875
-34
-23
-8
2.75
17
14.75
0
0
0
0
0
-2.5
-17.25
-32
-25.625
-7.125
17.75
29
8.5
-46.625
-138.25
-145.125
35.125
171.875
100
10.625
-16.125
-33.5
-32.5
-18.25
-24.5
-58.75
-74.5
-62
-45.25
-24.75
-8.125
2.625
16.25
13
-2.25
-3.875
-5.375
-4.875
-7.625
-11.25
-10.5
-9.75
-9.5
-1.25
18.375
21.75
1.125
-34.375
-119.875
-155.5
16.125
169.25
101.375
13.375
-7.125
-24.5
-34.75
-26.375
-17.75
-38.125
-69.875
-80.75
-63
-31.875
-9.875
2.625
15
10.25
-6
-6.625
-6.875
-5.75
-4.25
12.625
30.5
17.125
0.125
5.25
16.125
7.5
-6.125
-18.5
-100.5
-161.25
-0.875
166.5
104.875
10.875
-5.5
-14
-28.75
-33.125
-21.625
-21.75
-51.75
-84.5
-83
-48.75
-15.75
1.875
14.375
8.5
-4.25
-7.25
-9.125
-6.125
9.875
49.5
69.125
36.25
5.25
7.125
11.5
0.375
-7
-11.5
-87.875
-157.125
-10.125
156.25
100.5
9.75
-4.25
-6
-17.5
-31.75
-29.25
-17.5
-31.5
-72.125
-93.875
-71.75
-30.75
-0.25
13.5
5
-3.875
-7.375
-9
-2.5
33.375
93.125
99.25
44.375
8.375
7.375
6.375
-3.25
-7.75
-11.125
-70.375
-127.875
-10.75
127.875
83.375
8
-3.375
-1.5
-7.125
-23.25
-31.5
-23.125
-20.125
-48.125
-88
-93.25
-56.25
-10.125
11.875
3.125
-1.375
-3.375
-3.25
12.75
74.5
139.75
109.5
32.25
5.25
6.875
1.75
-5
-6.625
-9
-55.5
-111.25
-27.625
100.75
83.25
16.625
-2
-2
-1.75
-11.875
-26
-28.25
-19.5
-28.625
-68.5
-99
-82
-29.25
6.125
1.375
1.875
-0.875
-1
32.75
112.625
145.875
79.25
15.5
4.125
3.625
-0.5
-1.5
-3.375
-11.625
-59.25
-116.625
-49.125
83.625
102
38.25
1.875
-1.75
-0.25
-4.25
-16.75
-27
-23.5
-21.25
-45.75
-86.25
-97.5
-55.875
-9.75
-2.125
-0.625
0.5
7.875
62.125
139.875
129
47.875
6.75
3.75
0.875
-1.375
-0.75
-3.25
-12.375
-64.125
-126.625
-69.375
74.75
125.5
57.25
2.875
-2
-0.375
0.125
-7
-20.75
-26.125
-22
-29.375
-60.875
-94.375
-83
-36.5
-11.5
-3
1.875
23.875
98
149.875
97.25
24.25
3.625
2.125
-1
-1.625
-0.25
-2
-9.375
-64.875
-138
-79.875
80.375
136.25
60.375
2.625
-2.5
-1.5
-1
-4.75
-14.5
-23.75
-23
-19.125
-34.125
-73.5
-94.625
-68.875
-32.5
-6.125
7.5
52.75
131.125
138
61.125
9.875
2.75
0.5
-1.5
-1
-0.375
-1.75
-8.375
-59.125
-116.75
-61.375
67.125
109.125
46
-1
-3.375
-2.375
-2.125
-4.25
-9.5
-16.875
-18.125
-13
-15.125
-44.25
-90.5
-99.25
-59.875
-6.125
18.875
88.25
150.75
110.25
31.375
3.375
2.125
-0.5
-2.125
-1.75
-1.625
-2.875
-9
-40.375
-74.125
-37
44.375
64.625
22.375
-3.375
-3.25
-2.875
-3
-5.25
-8.5
-11
-10.875
-7.75
-4.625
-19.625
-78.75
-123.5
-85.5
-3.125
39.5
122.5
150.125
75.125
11.375
1.25
0.75
-1.875
-3.375
-2.5
-2.125
-4.125
-8.625
-19.75
-32.375
-15.375
18.5
19.5
2.625
-2.5
-2.875
-3.75
-4.25
-6.75
-8.875
-7
-3.625
-3.875
-7.75
-21.625
-77.125
-125.125
-85.375
4
68.125
148.75
131.375
43.5
1.5
0.25
-0.25
-2.375
-3.875
-3.75
-4
-5.5
-9
-12.625
-12.125
-7.5
-2.125
0.125
-2
-5.625
-8.5
-9.25
-8.5
-9.875
-10.25
-7
-8.625
-18
-22
-24
-59.625
-95.625
-64.625
21
99.625
156.125
103
23.625
-0.5
-0.875
-1.75
-4.5
-7.25
-8.25
-9.625
-11.875
-16.625
-22.375
-19.75
-10.75
-5
-3.5
-5
-6.875
-8.875
-9.375
-5.875
-3.25
-0.25
2
-11.125
-36.125
-43.5
-33.875
-46.375
-61.625
-35.5
33.625
116.375
147.75
77.375
12.25
-4.875
-11.375
-14.625
-17.125
-18.25
-16.625
-13.625
-12
-15.375
-19.875
-14.5
-2.875
4.375
7.875
9.5
8.875
3.875
-1.625
-1.625
-0.375
2
-2.625
-32.125
-69.75
-72.375
-46.25
-32.625
-23.75
-6.375
35.625
99.125
105.75
44.875
2.375
-1.125
1.5
-4.75
-11.25
-9.875
-6.5
-2.25
1.5
-1.125
-7.625
-6
1.25
6.125
8.125
8.875
9.25
4.75
-1.125
-1
1.875
3.75
-7
-50.75
-102
-96.5
-43
-6.875
1.625
3.125
0
0
0
0
0
0
0
0
0
-0.0555556
-9.55556
-26.3889
-37.4444
-38
-38
-37.9444
-28.4444
-11.6111
-0.555556
0
0
-3.05556
-22.1667
-53.9444
-74.1667
-79.4444
-81.3889
-79.1111
-59.1111
-22.8333
2.77778
11.7778
0
0
0
0
0
0
0
0
0
-1.61111
-10.9444
-15.3889
-18.7222
-21.6111
-21.6111
-20
-10.6667
-6.22222
-2.88889
0
-2.27778
-15.8889
-46.1111
-70.2778
-78.6667
-80.9444
-79.7778
-65.5
-33.0556
-4.55556
7.94444
12.2222
0
0
0
0
0
0
0
0
-0.0555556
-4.61111
-11.5556
-12.2222
-15.5
-22.0556
-22.7778
-18.2222
-11.2778
-10.6111
-7.33333
-2.05556
-12.8889
-39
-68.6667
-81.1667
-83.8333
-83.7778
-71.8889
-43.8333
-11.3333
3.88889
9.11111
10.5
0
0
0
0
0
0
0
0
-0.555556
-8.94444
-13.0556
-9.72222
-12.0556
-22.1667
-25.5
-17.3889
-13.2778
-16.6111
-14.3333
-13.1111
-33.1111
-65.5
-84.4444
-88.3889
-90
-80.6111
-54.5556
-19
2.77778
7.22222
8.94444
7.83333
0
0
0
0
0
0
0
0
-3.33333
-12.8333
-14.7778
-15.1111
-19.2222
-29.4444
-34.3333
-27.4444
-25.6667
-25.3889
-24.6667
-35.5
-59.2778
-80.9444
-88.5556
-90.2778
-87.2222
-64.2778
-29.2778
-2.61111
6.61111
6.61111
4.83333
1.38889
0
0
0
0
0
0
0
0
-6.5
-14.3889
-15.0556
-13.6667
-13.9444
-21.3889
-26.4444
-24.8333
-24.9444
-27.8889
-42.6111
-66.3333
-80.7222
-87
-88.6111
-88.1667
-72.6667
-39.6667
-11.6667
1.66667
3.77778
2
-2.16667
-6.83333
0
0
0
0
0
0
0
-1.72222
-11.1667
-15.4444
-15.5
-11
-6.55556
-7.5
-8.05556
-14.2222
-18.6667
-32.6667
-63.6111
-89.6667
-94.1667
-87.3333
-84.5
-74.9444
-46.9444
-17.3333
-2.05556
1.11111
2.44444
1.22222
-3.22222
-7.72222
0
0
0
0
0
0
0
-4.55556
-12.6111
-14.2222
-13.5
-5.22222
2.5
8.88889
11.1667
2.11111
-7.33333
-30.5556
-68.3333
-87.0556
-86
-77.2778
-69.2778
-52.6111
-20.7778
-3
1.66667
3.22222
5.05556
5
2
-1
0
0
0
0
0
0
-0.166667
-8.27778
-13.9444
-14.2778
-11.2778
-1.83333
4
16.1667
21
13.2222
-2.16667
-27.9444
-47.3889
-56
-57
-49.8333
-36.6667
-16.8333
0.833333
7.94444
10.9444
12.5
14.6667
15.1667
11.5556
9.61111
0
0
0
0
0
-0.0555556
-3.22222
-11.2778
-13.1667
-12.8889
-6.11111
-7.38889
-11.7222
-3.61111
0.722222
-2.66667
-19.2222
-23.1111
-10.5
-6.38889
-8.77778
-5.16667
7
16.9444
16.6667
15.6667
17.2778
18.1111
17.8333
15.2778
10.8889
10.1111
0
0
0
0
0
-0.333333
-7
-12.5
-12.2222
-10.4444
-3.05556
-18.1111
-33.2222
-36.9444
-32.3333
-32.4444
-45
-28.3333
11.5
32.1667
31.1111
32.0556
41.0556
44.3889
31.3889
22.3333
20.3333
18.9444
16
11.7778
7.33333
7.11111
0
0
0
0
0
-1.38889
-10.7778
-12.5556
-10.6667
-5.77778
-0.555556
-26
-46.3889
-62.5
-58.3889
-56.8889
-61.7778
-30.7778
14.8889
51.1667
55.4444
54.3333
58.7778
58.3333
45.5556
27.5
17.9444
13.7778
8.11111
3.33333
0.944444
2.55556
0
0
0
0
0
-4.16667
-10.7778
-10.7222
-8.61111
-1.11111
0.166667
-15.1667
-29
-46.8333
-43.9444
-42.5
-39.2222
-17.8333
11.1667
48.6667
60.4444
60.2778
60.9444
61.7778
55.0556
34.8333
17.6667
8.66667
1.77778
-1.61111
-2
-0.444444
0
0
0
0
-0.944444
-7.55556
-10.2778
-9.94444
-6.77778
1.22222
3.05556
3.16667
-3.44444
-15.0556
-16.1111
-15.8889
-9.33333
-0.111111
11.8889
37.4444
55
60.2778
58.5
57.7222
56.3889
41.4444
20.5
6
-2.11111
-5
-4.83333
-4.22222
0
0
0
0
-2.61111
-9.55556
-9.11111
-8.55556
-3.27778
2.33333
5.83333
19.0556
18.3889
13.5
8.05556
6.05556
14
13.6111
15.1111
25.6667
42.2778
55.8889
54.6111
50.5556
50.6111
44.2222
26.6111
7.88889
-1.83333
-4.72222
-4.83333
-6.38889
0
0
0
-0.0555556
-5.05556
-8.16667
-6.72222
-4.61111
2.66667
5.66667
12.5
27.3333
27.2778
23.6111
15.4444
13.2778
18.0556
14.3333
16.7222
20.2778
30.6667
47.2222
52.0556
47.1111
44.5
42.6111
32.6667
14.5
1.94444
-2.27778
-2.83333
-5.27778
0
0
0
-1.11111
-5.77778
-4.61111
-2.38889
2.22222
8.77778
10.8889
16.8333
30
30.6111
24.8333
18.3333
17.0556
19.6667
13.2778
17
20
23.5556
36.0556
46.6667
45.8889
40.1667
38.5556
34.9444
22.3889
7.77778
-0.333333
-0.777778
-3.38889
-4.38889
-6.77778
-11.1667
-15.6667
-17.3333
-12.1111
-6.94444
2.22222
10.1667
15.3889
19.0556
30.5556
31.5556
23.9444
21
22.7222
22.8333
12.5
16.1111
21.7778
22.8333
26.2222
38.7222
46.2778
41.3889
37.3889
35.6667
30.1667
16.5
3.38889
0.666667
-2.16667
-62.7222
-66.4444
-70.3333
-66.2222
-54.2222
-38.9444
-22.5
-3.5
10.3889
15.3333
14.9444
24.1667
25.7222
19.2222
19
22.1111
21.8333
10.9444
11.2222
18.3333
20.7778
20.3333
28.9444
42.2222
44.2222
40.6667
37.7222
36.3889
27.0556
12.1111
3.11111
-1.55556
-129.167
-132.833
-130.722
-114.611
-90.3333
-64.8333
-36.5556
-8.72222
9.16667
13
11.0556
17.2778
19.6111
17.3889
18.5556
21.0556
20.7222
12.1111
8.27778
13.8333
19
19.1111
23.2222
36.1111
46.8333
47.9444
43.8333
42.4444
37.6667
25.6667
9.61111
0.777778
-188
-185.444
-165.333
-131.778
-97.8889
-64.2778
-28.8333
1.83333
13.3333
10.5556
8.55556
10.5
17.2222
24
25.6111
26.5556
26.5
22.7222
12.2222
8.77778
14.6111
18.8333
21
28.2778
43.3333
52.8889
51.2778
47.5
44.5
38.1111
19.9444
5.77778
-139.278
-129.556
-99.7778
-72.4444
-47.8889
-23.3333
1.38889
17
12.3333
10.3333
9.05556
8.94444
19.8889
30.2222
28.6667
25.8889
25.8333
24.2222
10.3333
2.05556
9.72222
17.1111
20.2222
23.5
35.3333
50.3889
56
52
48.7778
46
32.6667
15.7222
-73.5
-56.1667
-27.5556
-10.1667
3.61111
17.2778
28.5
25
10.7222
8.27778
7
5.44444
14.0556
20.0556
8.94444
5.27778
5.33333
5.16667
-4.61111
-10.0556
3.83333
12.8889
18.1111
20.1111
26.5
41.3333
55.1111
56.0556
52.2778
49.8889
42.6111
27.6111
-7.38889
14.6111
31.4444
35.1111
38.4444
41.3333
39.7222
19.5
5.72222
5.94444
5.44444
4.83333
2.61111
-5.44444
-25.8333
-29.6111
-30.2778
-31.2222
-29
-20.8889
0.277778
7.22222
13.3333
17.1667
19.8889
29.5
46.2778
57.1667
56.1667
52.4444
48.8333
39.1667
10.3889
32
39.2222
40.8333
42.6111
43.1667
33.5
10.2222
3.88889
2.94444
2.61111
1.94444
-5.72222
-15.3889
-30.5556
-31.1667
-32
-32.0556
-23.9444
-14.5
0.222222
2.27778
6.61111
10.5556
12.2222
17.2222
30.8333
49.6667
56.5556
53.8889
51.0556
45.6111
23.1111
39.5
42.2222
43.4444
44.6667
42.0556
23.1111
4.72222
2.72222
2.22222
2.55556
2.94444
4.94444
9
12.0556
13.0556
10.9444
9.05556
5.83333
0
-4.88889
-8.05556
-7
-3.55556
-1.11111
2.83333
12.1111
33.2778
50.7778
53.4444
51.7222
48.0556
33.2778
42.1667
43.0556
44.1667
45
37.6111
12.6111
2.22222
1.33333
0.222222
-0.777778
-0.5
15.5
37.4444
56.7778
57.6111
55.6111
53
34.7778
10.1667
-12.2222
-16.3889
-17.7222
-16.8889
-14.1667
-9.72222
-2.72222
13.3333
37.5556
45.3889
44.4444
41.6111
37.8889
42.3333
42.4444
43.2222
42.1667
26.8889
4
-0.333333
-1.61111
-2.94444
-4.16667
-4.05556
15.3333
42.0556
60
58.7778
56.2222
52.4444
29.6111
-0.722222
-22
-23.9444
-24.7222
-23.8333
-20.2778
-15.2778
-10.0556
-2.22222
13.2778
18.8889
18.3889
16.8889
36.9444
39.6667
39.3333
39.2778
34.7778
13.5
-0.722222
-2.72222
-4.44444
-6.55556
-8.77778
-10.1667
0.111111
15.2222
22.8889
20.8333
19.8333
18.2778
4.88889
-13.9444
-25.4444
-27.2778
-30
-32.4444
-33.1111
-34.8333
-37.8889
-42.3333
-42.1667
-40.8333
-37.7222
-31.1111
32.3889
34.3333
35.1111
34.6111
24.5556
2.16667
-4.33333
-6.55556
-9.44444
-12.8333
-16.3889
-21.1111
-23.4444
-22.2778
-25.7778
-30.7222
-35.3889
-39
-45.2222
-55.1111
-59.7222
-61.6667
-62.2778
-60.7778
-59
-61.1111
-68.8333
-79.7778
-92.8889
-94.4444
-87.5556
-74.5
15.9444
15.3889
14.7778
10.2778
-6
-26.3889
-33.5
-41.9444
-51.0556
-59.3333
-66.6111
-73.2222
-78.8889
-81.8889
-83.3889
-82.8333
-81.0556
-76.5
-70.9444
-66.2222
-61.9444
-58.2778
-54.4444
-50.6667
-50.7222
-59.8333
-77.1111
-96.1667
-112.389
-113.833
-105.5
-87.4444
-22.7778
-34.8889
-46.7222
-60.3889
-80.2222
-90.6111
-92.5
-94.7778
-95.9444
-97.2778
-96.3889
-93.8333
-90.5556
-85.3333
-79.6111
-74.1667
-69.8889
-63.6667
-55.8889
-48.0556
-40.1667
-30.7778
-19.8333
-9.77778
-5.38889
-11.4444
-26.9444
-44.8333
-60.5556
-67
-66.3889
-57.1111
0
0
0
0
0
0
0
0
0
-0.0555556
-9.66667
-28.0556
-40.4444
-21.7778
15
39.9444
31.4444
13.0556
0.555556
0
0
-3.05556
-22.1667
-60.7222
-110.278
-144.556
-145.056
-115.222
-67.3333
-25.2778
5.66667
22.1111
0
0
0
0
0
0
0
0
0
-1.61111
-15.7222
-38.9444
-52.6111
-27.2778
19.1667
51.3333
43
19.7778
2.88889
0
-2.27778
-15.8889
-47.5556
-94.2778
-136
-149.278
-127.111
-81.1667
-36.8333
-4.33333
15.7222
28.3333
0
0
0
0
0
0
0
0
-0.0555556
-4.61111
-23.3333
-51.2222
-63.8333
-32.9444
22.2222
61.1111
55.5
29.0556
7.33333
-0.5
-12.8889
-39
-80.7778
-121.944
-145.722
-135.889
-96.7778
-48.5
-13.4444
7.55556
21.2222
30.8333
0
0
0
0
0
0
0
0
-0.555556
-9.05556
-32.2778
-63.0556
-71.9444
-36.7222
22.6111
65.6111
64.8333
40.7222
15.3333
-4.77778
-32.5556
-71.5
-110.889
-137.389
-137.444
-109.278
-62
-22
1.11111
12
22.2778
29.6111
0
0
0
0
0
0
0
0
-3.33333
-16.0556
-41.4444
-62.7778
-61.6667
-26.8889
17.5556
50.8889
57.3333
45.7222
23.2222
-13.5
-58.1667
-105.5
-133.222
-137.389
-115.444
-74.1667
-32.5
-3.94444
6.83333
12.1667
19.3889
24.7222
0
0
0
0
0
0
0
0
-6.61111
-23.6111
-49.9444
-64
-55.2778
-23.1667
11.6667
38.9444
52.9444
50.3333
22.6111
-30.1111
-89.2778
-130.333
-140.056
-121.278
-84.8889
-42.7778
-11.6667
5
9.33333
11.8889
16.8333
19.2778
0
0
0
0
0
0
0
-1.72222
-12.2778
-33.4444
-57.3889
-60.3333
-41.7778
-12.7222
7.05556
22.4444
38.5556
40.5556
12.1667
-49.3333
-110.389
-143.222
-132.5
-95.6111
-49.8333
-16.6667
2.94444
9.44444
11.6667
12.1111
14.4444
13.9444
0
0
0
0
0
0
0
-4.55556
-19.2778
-43.1111
-60.6111
-51.2222
-24.2778
0
3.16667
4.88889
18
27.3333
1.55556
-63.7222
-129.111
-149.056
-118.278
-64.0556
-21.6667
1.44444
9.44444
10.8889
10.1667
9.44444
10.7778
10.1111
0
0
0
0
0
0
-0.166667
-8.27778
-27.0556
-51.9444
-59.7222
-38.6111
-8.22222
7.72222
-3.66667
-9.77778
0.166667
15.2778
-7.05556
-72.5556
-136.111
-147.5
-100.556
-41.7222
-2.72222
11.2778
13.0556
8.83333
5.44444
5.05556
8.22222
7.5
0
0
0
0
0
-0.0555556
-3.22222
-14.7222
-36.5
-55.3333
-53
-30.1667
-9.83333
-6.61111
-12.0556
-8.11111
5.66667
11.2222
-14.5
-74.6111
-128.222
-134.944
-88.6667
-32.8333
4.11111
15.3333
13.3889
5
1.61111
2.94444
7.33333
6.11111
0
0
0
0
0
-0.333333
-7
-21.6111
-43.4444
-53.7778
-43.0556
-25.5556
-19.6667
-29.0556
-20.3333
0.666667
22.7778
13.1111
-20.7222
-71.0556
-110.889
-115.167
-84.2778
-35.6111
0.277778
15
11.2222
0.5
-1.66667
2.44444
8.33333
7
0
0
0
0
0
-1.38889
-11.1111
-29.1111
-48.8889
-50.1111
-29.8889
-20
-32.3889
-56.6111
-31.8333
13.1111
46.8889
22.1111
-18.7778
-60.1667
-85.7778
-98.7778
-86
-49
-9.55556
10.0556
7.72222
-4.44444
-6
0
7.72222
8.33333
0
0
0
0
0
-4.27778
-17.2222
-36.7222
-49.8333
-41.3333
-14.9444
-17.6111
-50.5556
-89.1667
-45.2778
28.1667
80.2222
46.7222
-4.94444
-48.4444
-71.1111
-90.0556
-89.1667
-62.8889
-24.1667
-1.61111
-0.333333
-11.6667
-12.3333
-4.61111
6.11111
10.1111
0
0
0
0
-0.944444
-8.22222
-24.2778
-42.1667
-46.6667
-28.4444
-0.0555556
-18.2778
-72.4444
-124.056
-61.1111
41.7778
115.444
73.8889
9.88889
-39.7778
-57.1111
-76.8333
-85.6111
-73.3889
-42.6111
-19.4444
-12.2778
-19.4444
-17.1111
-8.11111
5.83333
11.4444
0
0
0
0
-2.61111
-12.3333
-31
-45
-40.9444
-13.7778
12.3889
-20.9444
-93.2778
-153.167
-74.2778
51.1667
144.667
97.7222
24
-33.3333
-46.5
-61.3333
-76.2778
-77.1111
-61.0556
-41.3333
-28.5
-27.4444
-20.0556
-9.72222
5.16667
12.2778
0
0
0
-0.0555556
-5.05556
-16.6111
-34.6111
-41.9444
-31.1111
-1.88889
18.2778
-18.2222
-96.2778
-158.278
-85.3333
46.3889
151.389
111.778
33.9444
-29.5
-41.5556
-49.3333
-64.0556
-74.6667
-72.8333
-62.2778
-47.1111
-39.3889
-25.3889
-12.0556
5.83333
13.7222
0
0
0
-1.11111
-7.66667
-20.3889
-34.7222
-36.4444
-20.3333
6.77778
21.8333
-13.4444
-92.6111
-156.056
-96.8889
35.9444
148
120.611
43.4444
-25.2222
-38.4444
-42.9444
-52.4444
-67
-76.2778
-77.7778
-66.8333
-53.9444
-33.1111
-14.3333
6.33333
14.1667
-3.61111
-4.77778
-6.16667
-7.66667
-11
-16.6667
-23.7222
-23
-8.05556
12.7222
21.6111
-11.1111
-87.5556
-149.833
-104.667
24.2778
140.722
125.167
53.3333
-18.7778
-34.9444
-39.7778
-44.9444
-56.9444
-72.7222
-84.3889
-83.2222
-69.7222
-43.9444
-18.6111
5.22222
12.9444
-5.94444
-6.77778
-5.22222
2.33333
8.88889
11.8333
0.0555556
-4.72222
0.611111
13.6667
16.6111
-11.5
-79.8333
-141.222
-109.111
12.3333
131.389
126.389
60.5556
-10.7778
-30
-36.3333
-40.3889
-48.3333
-64.6667
-83.6667
-92.3889
-85.3889
-58.2778
-27.3333
1.22222
10.7778
-6.38889
-7.61111
0.0555556
18.7222
36.6667
40.8333
22.2222
8.83333
5.83333
12.6667
10.9444
-10.2778
-72.1667
-130.833
-110.444
3.38889
120.944
122.667
63.1667
-4.72222
-23.3333
-32.7778
-36.8889
-42.6667
-54.6111
-76.7222
-94.3889
-97.7778
-75.2222
-40.2222
-5.83333
8.22222
-6.11111
-6.22222
10.8889
39.7778
67.4444
66.3889
40.5
17.8333
8.77778
10.2222
4.33333
-10.3889
-62.2222
-112.222
-99.8333
-0.555556
104.5
108.944
57.2222
-1.33333
-16.5
-26.9444
-33.2222
-38.2778
-45.8889
-65.5556
-89.5
-103.611
-92.0556
-57.7778
-17.9444
3.66667
-5.83333
-1.55556
26.1111
65.5556
97.5556
88.3333
54.3889
22.2222
9.11111
6.11111
0.166667
-9.61111
-52.3333
-99.3333
-96.4444
-12.7778
87.7222
101.222
59.2222
5.61111
-9.5
-19.1111
-28
-33.6111
-39.7778
-54.1667
-79.1111
-101.444
-103
-76.2222
-35.3333
-6.16667
-5.72222
6.72222
45.4444
95.9444
124.611
106.167
61.7222
23.8889
7.94444
2.5
-2.33333
-9.55556
-49.6111
-98.1667
-106.389
-26.5
76.8889
108.389
70.3889
17.0556
-3.5
-11.6667
-21.1111
-29.1111
-34.3889
-44.5556
-65.2222
-92.8333
-106.722
-92.7778
-57.0556
-21.8333
0.611111
24.8333
75.5556
131.778
147.778
112.667
56.0556
18.2778
4.5
0.277778
-3.44444
-9.83333
-48.9444
-99.8889
-115.944
-36.7222
69.8333
116.778
79.6667
25
-0.944444
-6.55556
-13.1111
-23.2778
-29.1111
-37.6111
-52.3889
-78.9444
-101.722
-101.889
-78.5
-42.3889
9.27778
45.2222
103.222
147.722
143.056
91.6111
38.7222
9.22222
2.22222
0.166667
-2.38889
-8.05556
-45.5
-93.6111
-110.778
-39.0556
61
109.611
77.1667
26.0556
-0.111111
-4.05556
-9.16667
-18.8889
-26.6667
-32.2222
-41.0556
-60.4444
-87.2222
-101.222
-94.2778
-65.9444
21.6667
70.2778
128.667
152.222
126
67.6111
23.7778
3.94444
0.611111
-0.666667
-2.55556
-7.27778
-37.9444
-78.4444
-96.0556
-38.8333
44.3889
91.2778
65.6111
23.2222
-1.66667
-3.27778
-6.11111
-13.3333
-22.2222
-26.5
-30.3333
-41.0556
-65.8889
-91.5556
-103.833
-90.0556
37.2778
96.0556
146.167
148.5
103.222
46.5
12.3889
1.11111
-1.22222
-2.22222
-3.33333
-6.83333
-34.5
-72.6667
-92.3333
-41.2778
35.9444
84
62
22.8333
-1.88889
-3.83333
-4.61111
-10.1111
-16.9444
-21.9444
-22.2778
-26.3333
-43.4444
-77.7222
-108.333
-113.611
57.4444
120.556
154.667
135.333
78.1667
28.5556
4.55556
-0.777778
-2.5
-3.16667
-3.83333
-7.72222
-32.5556
-63.9444
-79.5556
-34
28.8889
69.3333
50.1667
18.7222
-2
-4.38889
-4.72222
-8.5
-12.7222
-16.6111
-17.3889
-18.8889
-34.9444
-72.8889
-113.833
-125.556
81.5
142.222
155.889
115.056
54.3333
14.3889
0.611111
-1.83333
-3.44444
-4.22222
-5
-8.72222
-25
-45.5556
-52.4444
-22.9444
18.0556
40.0556
26.5556
4.83333
-8.11111
-10.2778
-10.7778
-12.5556
-14.1111
-16.8333
-20.8889
-24
-34.9444
-62.6111
-97.8333
-112.667
106.5
157.333
149.778
92.3889
35
4.5
-2
-4.55556
-7.11111
-8.72222
-10.5
-14.4444
-23.3333
-33.1667
-32.1111
-17.6111
1.5
6.77778
1
-7.88889
-10.6111
-10.4444
-8.94444
-7.11111
-5.44444
-8.44444
-19.1667
-31.1111
-41.4444
-58.3333
-80.2222
-93.1667
121.611
161.167
135.333
70.8333
16
-8.83333
-13.9444
-17.0556
-18.2778
-17.4444
-16.0556
-16.5556
-19.5556
-20.7778
-16.8333
-7.5
0.722222
5.94444
6.38889
4.77778
1.5
-1.5
-3
-2.55556
-4.38889
-14.2778
-36
-54.6111
-61.2778
-62.0556
-66.8333
-70.6667
111.889
136.556
101.944
49.3889
9.77778
-1.38889
-5.83333
-9.33333
-10.9444
-8.38889
-5.16667
-4.83333
-7.44444
-10.3333
-9.05556
-3.38889
2.88889
8
9.33333
8.05556
3.72222
-0.111111
-1.83333
-1
-4.72222
-22.2222
-55.0556
-82.0556
-86
-71.4444
-56.7222
-47.1111
0
0
0
0
0
0
-0.03125
-2.59375
-10.4375
-15.625
-20.2188
-23.9063
-24.3438
-24.3438
-24.3125
-21.75
-13.9063
-9.4375
-11.375
-22.375
-46.0625
-67.0313
-79.2188
-82.625
-83.3125
-81.9375
-73.5938
-55.4063
-27.5625
-4.46875
0
0
0
0
0
0
-0.3125
-5.09375
-11.5625
-14.5625
-19.1563
-25.4688
-27.6563
-27.8125
-27.5
-22.7188
-16.2813
-18.2813
-27.125
-42.625
-64.3438
-78.6875
-84.0313
-84.9063
-84.3438
-77.75
-61.875
-37.75
-11.5938
3.53125
0
0
0
0
0
0
-1.875
-8.96875
-13.7813
-14.125
-17.5625
-25.9375
-30.5625
-32.0313
-30.25
-23.1875
-20.2813
-31.7813
-48.9063
-66.0625
-79.5313
-85.75
-87.25
-86.8438
-83.3438
-69.3125
-46.6563
-20.5938
-2.46875
4.59375
0
0
0
0
0
0
-3.71875
-11.4688
-13.75
-11.0938
-11.9063
-20.2188
-27.5938
-31.125
-27.8438
-20.9688
-27.125
-48.75
-73.0313
-85.8438
-89.9375
-89.0938
-89.1563
-87.3438
-77.0313
-56.4063
-30.1563
-10.2188
-0.34375
0.5
0
0
0
0
0
-0.96875
-6.84375
-13.6563
-14.75
-12.4063
-12.1875
-18.625
-27.75
-32.9688
-29.625
-28.1563
-42.0313
-69.0938
-91.2813
-99.4063
-95.3125
-89.9688
-87
-80.2188
-63.3438
-37.5938
-14.8125
-1.375
1.28125
-0.28125
0
0
0
0
0
-2.5625
-10.2188
-14.9688
-15
-10.2813
-6.6875
-9.40625
-17.5313
-23.5938
-21.0313
-24.75
-45.375
-73.2813
-92.5
-97.5313
-91
-81.9063
-75.4063
-65.4688
-43.5625
-19.9688
-3.8125
3.46875
2.625
-0.125
0
0
0
0
-0.09375
-4.65625
-11.5
-13.9688
-12.1563
-5.4375
-0.875
-0.34375
-5.78125
-9.90625
-10.7188
-19.125
-41.75
-64.5625
-77.8125
-80.8438
-75.6875
-65.3125
-55.2813
-42.7813
-21.3438
-5.375
4.34375
7.75
6.78125
3.46875
0
0
0
-0.03125
-1.8125
-8.28125
-13.4688
-14.1875
-10.5938
-7.71875
-8.46875
-8.21875
-8.125
-8.5625
-13.0625
-24.2188
-37.9688
-47.875
-49.6875
-50.4688
-47.9063
-37.875
-24.5313
-10.4688
0.96875
8.71875
13.2188
16.125
14.9375
12.0313
0
0
0
-0.1875
-3.9375
-10.2188
-12.9063
-12.0625
-7
-11.3125
-19.7813
-22.5313
-16.8438
-13.6563
-18.9063
-25.25
-29.75
-21.9375
-12.2188
-8.40625
-8.09375
-0.875
11.125
18.8438
19.5
16.9063
17.0938
17.8125
15.75
13.0625
0
0
0
-0.78125
-6.25
-11.25
-11.4063
-8.75
-3.03125
-14.7813
-31.5938
-39.25
-29.7813
-23.1875
-27.9063
-32.2813
-28.4688
-5.59375
16.5938
27.9375
27.5
29.9063
38.8438
42.3438
33.875
23.5313
18.9063
16.8125
13.9688
11.6875
0
0
0
-2.40625
-9.5
-12.3125
-11.125
-6.5
-1.96875
-20.3438
-42.25
-53.2813
-41.3125
-33.4375
-35.0625
-38.6875
-30.1563
3.25
35.5
54.7188
54.3125
52.9375
56.7188
56.5625
44.3125
30.2188
19.5
13.6563
10.25
8.4375
0
0
-0.53125
-4.5625
-10.0313
-10.7813
-8.25
-2.0625
0.59375
-14.125
-31.0938
-40.8125
-31.4063
-23.625
-22.1875
-24.375
-17.9375
12.7813
44.8125
68.0313
69.3438
65.25
63.5938
59.6563
50.3125
34.0938
18
7.59375
3.4375
1.34375
0
0
-1.46875
-6.5625
-9.65625
-9.5625
-5.6875
0.84375
2.625
-4.21875
-14.0625
-19.9375
-14.5313
-8.46875
-6.1875
-8.75
-5.15625
14.5
42.0313
66.0313
70.2188
66.25
61.75
57.4375
51.2813
37.6875
19.5313
5.53125
0.15625
-2.40625
0
-0.03125
-2.84375
-7.8125
-8.84375
-7.375
-2.375
2.84375
3.875
5.71875
4.09375
2.25
4.21875
7.03125
9.28125
9.34375
11.9375
18.1563
36.9688
58.625
66.4063
64.875
58.8125
53.2188
48.8438
40.0313
23.9688
8.125
0.6875
-3.21875
0
-0.625
-4.3125
-6.84375
-5.4375
-2.6875
3.1875
6.65625
7.875
18.6875
23.625
23.2188
21.6875
21.3125
21.4063
24.5938
27.3125
21.9063
30.5938
48.0625
59.1563
61.4688
56.6563
50.0313
45.4688
39.75
28.7188
13.1875
2.96875
-3.65625
-6.28125
-9.03125
-12.1875
-11.875
-9.125
-4.1875
2.15625
5.25
9.15625
25.0938
31.125
29.7813
27.3438
24.125
23
27.6563
31.75
22.0625
25.0938
37.6563
49.9688
56.9375
54.9375
49.0625
43.25
39.25
32.8438
20.6875
8.65625
-1.375
-49.75
-48.1875
-44.9375
-37.0938
-27.9375
-15.7813
-5.4375
1.5625
10.1563
27.125
33.3438
30.625
27.7188
23.625
22.625
27.5
32.5938
23.4688
22.9375
30.4063
42
51.4063
53.8438
51.0625
44.8125
40.4375
36.5938
29.3438
17.4375
4.78125
-96.2813
-88.8438
-77.0313
-62.1875
-46
-27.9063
-12.8438
0.1875
11.5938
27.1875
32.5625
30.0625
26.5938
22.75
21.875
24.9375
29.1563
23.25
21.3125
24.7188
33.1875
44.2813
51.625
53.75
49.3438
43.5938
39.8438
36.0625
25.9688
12.375
-141.063
-126.375
-106.813
-85.8438
-63.0938
-39.8438
-19.9688
-1.28125
10.75
22.25
29.3125
31
27.9063
25.125
25.1875
26.6563
29.7188
27.3125
23.625
22.4063
27.25
37.4063
48.625
56.5313
56.125
50.5313
45.25
42.5938
35.0313
23.2813
-171
-145.938
-119.719
-93.1563
-64.9688
-38.4688
-14.9063
5.125
12.6875
17.3125
26.375
30.0625
25.4375
23.6563
24.125
24.75
26.0313
25.125
20.0938
18.0625
23.0313
30.5938
43.0938
55.3438
60.5
57.6875
51.625
48.4375
42.5938
34.5
-123.938
-101.5
-79.0938
-57.5313
-35.2188
-15.4063
3.03125
14.8438
12.75
13.5
20.5938
23.7188
15.375
13.625
13.5938
12.625
12.9688
12.9688
9.15625
9.375
18.625
25.1875
35.875
49.9688
60.5938
62.3125
57.75
53
47.6563
42.3438
-68.0313
-51.3125
-35.6875
-19.8125
-4.625
8.1875
18.9688
18.8438
11
9.40625
14.2813
14.9688
3.125
1.71875
1.4375
0.625
0.59375
0.75
-1.90625
1.21875
15.9688
21.25
28.9375
41.9375
56.25
64.3438
63.375
58.0938
52.4375
48.5313
-12.4063
-2.78125
6.40625
15.5
23.4375
29.375
30.25
18.875
9.375
7.78125
8.625
4.34375
-7.84375
-8.875
-9.09375
-9.75
-10.2813
-11.3125
-11.4375
-4.78125
11.375
15.7813
20.0625
29.5313
44.4688
58.3125
63.1563
60.4063
54.9688
51.4375
35.0625
36.0625
38.8438
41.3438
42.625
41.8125
31.7188
13.8438
6.15625
5.6875
4.59375
3.53125
-4.21875
-4.9375
-5.875
-7.21875
-8.5
-10
-10.375
-8.96875
1.625
5.15625
7.8125
14.5625
27.625
45.2813
57.0313
58.25
54.6563
51.2188
42.0313
41.5625
42.7813
44.0313
44.375
40.125
23.3438
6.6875
3.03125
2.53125
6.40625
12.3438
13.9688
13.7813
12.5
11.2813
9.59375
7.75
1.3125
-6.09375
-7.125
-5.5
-3.09375
1.65625
11.75
29.5938
46.7188
51.5
50.375
47.9375
43.125
42.7188
43.3125
43.5625
42.7188
33.5938
13.1875
1.28125
-0.375
-0.6875
8.8125
22.4063
32.9063
32.5
30.7813
29.2813
27.5313
24.9063
12.3438
-4.125
-16.2813
-16.125
-13.625
-9.875
-3.25
9.875
26.1563
32.1875
33.3438
33.0625
41.2188
41.6875
41.5938
41.6875
39.0938
24.4063
4.84375
-2.15625
-3.6875
-4.6875
6.84375
25.2188
36.5938
35.2188
32.8438
30.5625
27.9063
24.3125
7.96875
-15.2813
-31.3438
-33.1875
-32.4375
-31.9063
-31.1875
-26.0938
-15.625
-9.65625
-5.46875
-2.3125
36.5625
37.875
37.9063
37.3438
31.2188
12.3438
-3.125
-7.9375
-11.4063
-14.875
-7.8125
3.5625
9.6875
5.40625
0.84375
-3.1875
-6.9375
-11.0938
-25.6563
-44.1875
-56.7813
-56.9375
-55.0313
-55.1875
-57.5938
-59.1563
-55.8125
-51.1563
-44.875
-39.375
23.5625
22.75
20.1875
15.5313
2.71875
-20.0938
-33.3438
-40.375
-47.1875
-53.1875
-52.2188
-46.9063
-44.5625
-46.5938
-47.375
-46.5
-44.8438
-43.0313
-47.125
-54.125
-56.7188
-52.5938
-50.0313
-53.1563
-61.9063
-72.4375
-80.75
-80.5313
-75.875
-71.4688
-14.625
-20.4063
-27.25
-36.3125
-51.9063
-68.75
-73.375
-74.9063
-75.25
-76.0625
-74.1563
-69.25
-66.5625
-63.9063
-60.8125
-56.9688
-53.5313
-50
-48.625
-48.8125
-45.7188
-41.375
-39.9688
-47.2813
-61.6875
-77.2813
-89.4063
-90.5313
-87.5938
-84.8125
0
0
0
0
0
0
-0.03125
-2.59375
-13.125
-28.875
-41.0313
-39.5938
-18.9688
12.5313
36.9375
41.75
32.0938
15.625
-3.125
-21.5
-46.875
-81.6563
-114.844
-140.938
-149.125
-135.438
-106.781
-65.2813
-25.5
4.53125
0
0
0
0
0
0
-0.3125
-5.09375
-18.1875
-36.5625
-50.9063
-47.6563
-23.6563
12.9375
42.5625
50.4063
41.6563
18.5938
-9.8125
-37.9375
-72.2188
-106.063
-132.781
-146.406
-139.906
-115.188
-78.1875
-39.375
-6.34375
16.4688
0
0
0
0
0
0
-1.875
-9.03125
-24.6563
-45.6875
-59.4375
-54.125
-27.5
13.0938
46.125
56.9375
48.6563
18.7188
-19.1563
-57.0625
-97.4688
-126.313
-142.5
-142.094
-122.219
-89.25
-51.5938
-19.0313
6.21875
21.0313
0
0
0
0
0
0
-3.71875
-13.2813
-31.375
-53.9688
-65.5313
-57.9688
-29.1563
12.5
46.3438
59.0313
47.25
12.75
-33.0313
-79.2813
-116.875
-139.031
-142.281
-127.969
-99.7188
-62.5938
-29.7813
-4.09375
13.9063
21.875
0
0
0
0
0
-0.96875
-6.90625
-18.8438
-38.3125
-54.9688
-59.6875
-49.625
-20.6875
9.34375
34.0625
44.4063
29.9688
-2.40625
-48.9688
-96.0313
-130.188
-142.094
-132.563
-107.469
-71.0938
-37.5313
-11.25
7.3125
16.8438
21.4063
0
0
0
0
0
-2.5625
-10.8438
-25.1563
-44.75
-56.2813
-55.6875
-42.4063
-15.7188
6.09375
24.6563
32.5625
17.25
-14.7188
-63
-112.781
-141.5
-141.781
-119.406
-81.7813
-43.1875
-16.5938
2.1875
12.0938
15.875
19
0
0
0
0
-0.09375
-4.65625
-15.25
-31.9688
-50.4063
-55.9375
-51.125
-34.5313
-12.1563
0.96875
15.2813
21.3125
7.625
-23.5625
-74.0625
-126.031
-149.625
-138.75
-103.406
-55.8438
-19.5313
-0.4375
9.53125
11.5
12.5313
14.9688
0
0
0
-0.03125
-1.8125
-8.28125
-20.9063
-38.875
-52.0938
-56.2188
-51.5313
-35.1563
-19.8125
-6.125
11.8125
19.4688
8.53125
-25.5625
-80.3125
-130.844
-150.906
-131.063
-85.9688
-37.9063
-3.90625
8.71875
10.6563
9.5625
8.75
10.7813
0
0
0
-0.1875
-3.9375
-12.1563
-26.6563
-44.1875
-52.1875
-56.3125
-52.1563
-39.7188
-29.6563
-12.2188
9.96875
22.25
11.75
-25.25
-79.8438
-128.281
-143.594
-119.063
-74.0625
-28.7813
1.875
9.59375
8.40625
6.4375
4.75
7.75
0
0
0
-0.78125
-6.25
-16.375
-32.4688
-47.3125
-50.2813
-53.7188
-50.7188
-45.1875
-39.4688
-18.1875
9.03125
26.9688
14.4688
-22.5313
-74.3438
-119.75
-128.375
-107.094
-68.7188
-28.3438
-2.5
4.28125
3.15625
2.0625
1.46875
6.125
0
0
0
-2.40625
-9.6875
-21.625
-37.875
-47.625
-45.3438
-47.7813
-49
-52.0313
-50.1875
-24.75
10.5
34.625
20.8438
-15.8125
-65.8125
-107.656
-112.313
-97.5625
-67.9063
-34.3125
-12.5
-4.40625
-3.5625
-2.40625
-0.4375
6
0
0
-0.53125
-4.625
-13.6563
-27.3438
-41.5625
-45.9375
-38.4063
-39.9375
-48.7188
-60.875
-63.0313
-32.75
13.3125
45.625
35.375
-1.84375
-51.4375
-90.8438
-100.406
-92.3125
-70.9063
-46.2813
-24.5625
-14.5938
-12.25
-7.53125
-3.5
4.65625
0
0
-1.46875
-6.9375
-17.5313
-31.9375
-42.3125
-41.9063
-29.375
-32.2813
-51.75
-73.25
-79.4688
-42.8438
18.3125
64.25
58.0313
20.0625
-33.2813
-78.6563
-92.8438
-91.5625
-77.5625
-59.75
-40.2188
-28.6875
-24.3438
-15.5313
-8.03125
2.09375
0
-0.03125
-2.84375
-9.375
-21.3438
-34.9375
-40.5625
-36.0313
-19.25
-25.5938
-56.3438
-87.5625
-96.9063
-53.4063
23.5313
83.4063
80.9375
41.4063
-16.6563
-66.6875
-84.4063
-88.8125
-82.3125
-72.4063
-57.6563
-45.2188
-38.0313
-24.5
-11.4375
0.53125
0
-0.625
-4.3125
-11.6563
-24.625
-35.375
-37.1875
-28.9688
-9.5625
-20.6875
-60.375
-100.906
-111.5
-62.3125
26.8438
99.4688
98.9375
59.0313
-2.40625
-55.625
-74.0938
-83.1563
-84.0313
-82.5313
-74.4063
-63.25
-52.5938
-33.9375
-15.0938
-0.34375
-5.15625
-6.21875
-8.3125
-13.875
-21.375
-27.0625
-27.1563
-17.0625
-1.78125
-14.2813
-57
-103.969
-113.469
-68.875
22.375
103.031
103.688
68.625
8.59375
-45.8438
-63.2188
-75.4375
-82.3125
-88.25
-87.5
-80.3125
-68.5313
-46
-22.0313
-3
-6
-1.375
2.3125
2.40625
0.625
-7.71875
-10.8125
-5.1875
2.84375
-8.25
-52.8438
-101.688
-111.281
-74.625
16.5625
100.75
104.094
74.6563
17
-37.4688
-54.125
-66.4688
-77.2188
-88.875
-95.0625
-93.3125
-84.1563
-60.0313
-31.6875
-9.03125
-3.15625
7.46875
17.0938
23.6875
23.25
11.1563
4.15625
3.9375
6.46875
-3.5
-49.1875
-98.25
-107.281
-78.625
10.875
96.0625
101.594
78.25
23.125
-30.2813
-46.5625
-57.9063
-69.9375
-85.1875
-96.9063
-101.656
-97.0313
-74.5
-43.7188
-17.5
2.875
19.5625
34.9375
47.7813
45.0313
28.9063
17.9063
9.65625
7.9375
-1.5
-45.75
-90.6875
-98.0313
-76
5.875
86.2813
92.9063
75.5
26.1875
-23.2188
-38.6875
-49.9688
-61.5625
-78.8438
-94.625
-105.031
-106.375
-88.4063
-58.4688
-29.2188
11.5
34.25
56.0313
71.8438
65.1563
44.7813
27.6563
12.625
7.625
-1.0625
-41.5625
-84.1875
-91.9375
-76.7188
-3.4375
75.8125
87.1563
75.875
32.4688
-15.3125
-31.4688
-42.3438
-53.3438
-70.0938
-88.5
-104
-111.063
-99.4375
-73.5313
-43.125
22.125
51.25
79.6563
94.1563
83.0313
58.1563
33.4688
14.0938
6.5
-2.3125
-40.7813
-83.0313
-94.75
-83.9375
-13.2188
67.875
90.0313
83.1563
42.6563
-4.9375
-25
-34.8125
-45.25
-60.1563
-79.4063
-98.8125
-111.5
-107.438
-87.6563
-59.1563
35.5938
70.9375
103.813
114
98.1875
68.125
36.2813
14.6563
4.75
-4.15625
-40.5938
-82.9688
-98.4375
-90.0938
-21.25
61.3125
92.7813
89.25
51.3438
4.84375
-18.3438
-27.375
-37
-50.5625
-68.6875
-89.7813
-107.313
-110.656
-99.125
-76.4063
51.5313
93.9688
126.219
131.063
110.188
73.1875
37.3125
14.3125
2.5625
-5.28125
-37.5
-77.5938
-92.7188
-86
-24.2188
54.75
86.9688
85.25
52.375
9.03125
-13.5625
-22.5313
-31.25
-42.6563
-57.7813
-76.8125
-96.9688
-107.656
-105.906
-91.5625
76
123.188
148.469
145.156
114.25
69.0625
32.9063
10.0938
-0.28125
-5.6875
-32.6563
-67.0313
-81.6563
-76.375
-25.0625
42.5938
73.1875
71.9375
45.5625
9.46875
-10.375
-17.7813
-25.25
-34.0625
-46.125
-61.3438
-81.4063
-98.6875
-106.781
-103.031
98.2813
140.563
153.906
138.906
97.9375
53.5
21.9063
4.375
-1.78125
-6.34375
-28.5938
-58.7813
-72.9063
-68.5313
-26.3125
31.4688
61.4063
61.0625
40.125
10.8438
-7.4375
-13.75
-20.4063
-27.5938
-36.125
-47.6563
-64.6563
-87.125
-105.25
-111.938
118
151.219
152.375
125.125
78.7813
38.2188
12.25
-0.09375
-3.3125
-7.3125
-25.625
-50.9688
-64.9688
-61.4375
-27.0938
21.8438
51.4063
52.0313
35.4063
11.5
-5.40625
-10.6875
-16.1875
-22.25
-28.3125
-37.375
-53.9063
-80.75
-106.719
-121.438
134.906
156.875
145.969
107.563
60.5313
25.1563
4.65625
-2.65625
-4.625
-7.9375
-24.4688
-47.7813
-62.4688
-60.0938
-28.9688
16.1875
45.5938
46
29.9063
6.71875
-9.78125
-13.6875
-17.6875
-22.6563
-28.3125
-36.0313
-50.625
-74.5313
-99.1563
-115.438
148.563
159
135.281
89.0938
43.9063
13.4688
-2.0625
-6.625
-9.03125
-13.4375
-29.5
-49.125
-62.1875
-58.9688
-30.0313
7.1875
32.8125
32.9688
19.5313
2.125
-9.71875
-9.5
-10.4063
-14.1875
-21.5938
-31.7188
-47.8125
-70.8438
-91.5625
-106.938
155.5
154.5
118.25
67.1563
22.2188
-4.71875
-15.4063
-17.125
-17.3125
-18.8125
-27.0938
-38.1563
-43.8125
-38.2188
-16.875
10.1875
27.6563
28.2813
19.75
7.125
-2.28125
-3.78125
-7.34375
-15.1563
-27.5938
-42.375
-58.625
-77.0938
-89.125
-97.9063
141.625
134.719
96.5
52.875
17.4688
-2.75
-8.125
-8.71875
-8.4375
-7.9375
-10.4063
-15.5625
-17.875
-15.4688
-7
5.59375
11.9688
12.375
9.0625
2.5
-1.96875
-3.4375
-7.15625
-17.4688
-34.6875
-54.5313
-72.5938
-86.7188
-89.6563
-88.625
0
0
0
0
0
0
0
0
0
0.0416667
1.875
-5.45833
-11.3333
-10.9167
-10.9167
-10.9583
-12.7917
-5.45833
0.416667
0
0
2.29167
15
13.4167
1.04167
-1.33333
-1.25
-4.58333
-18.1667
-17.25
-4.29167
-0.875
0
0
0
0
0
0
0
0
0
1.20833
-1.33333
-12.9167
-19.375
-17.2083
-17.2083
-18.4167
-15.875
-4.29167
2.16667
0
1.70833
11.9167
19.1667
6.875
1.95833
1.79167
-0.958333
-12.0417
-19.875
-6.75
-0.708333
0.875
0
0
0
0
0
0
0
0
0.0416667
3.33333
1.125
1.875
5.29167
8.95833
9.5
6.20833
8.41667
7.66667
4.25
1.54167
9.66667
22.375
14.25
6.29167
6.16667
4.375
-5.66667
-19.2917
-11.625
-2
-0.583333
1.45833
0
0
0
0
0
0
0
0
0.416667
3.16667
2.08333
4.5
6.66667
8.58333
11.0833
8.54167
9.625
7.20833
5.08333
9.83333
19.7083
17.9583
6.08333
4.79167
4.29167
-4.04167
-17.9167
-16.875
-4.66667
-1.79167
0.291667
2.04167
0
0
0
0
0
0
0
0
2.375
1.79167
0.333333
-0.291667
-2.79167
-4.29167
-2.25
0.291667
1.875
2.54167
7.58333
22
18.875
3.66667
-0.958333
-1.20833
-5.25
-19.1667
-20.9167
-6.83333
-0.916667
0.583333
3.83333
5.04167
0
0
0
0
0
0
0
0
3.70833
0.958333
0.0833333
-0.708333
-3.625
-6.95833
-9.58333
-2.75
-1.29167
0.666667
14.7083
23.3333
10.5
-1.625
-2.29167
-4.33333
-16.0833
-20.2917
-7.125
2.70833
4.41667
5.95833
7.33333
7.95833
0
0
0
0
0
0
0
1.29167
1.83333
-0.666667
-0.5
-3.58333
-6.875
-11.4167
-15.375
-10.5
-7.66667
2.41667
18.0417
11.6667
5.66667
2.45833
-0.833333
-8.58333
-20.5
-9.45833
1.79167
3.41667
3.04167
1.75
-0.25
-0.916667
0
0
0
0
0
0
0
3.41667
0.833333
-0.416667
-0.583333
-4.16667
-6.375
-12.5
-14
-14.3333
-9.125
2.25
-1.54167
-10.4583
-8.29167
-6.91667
-13.0833
-22.0417
-16.875
-6.45833
-5.45833
-6.66667
-8.29167
-11
-12.1667
-13.875
0
0
0
0
0
0
0.125
2.33333
0.166667
-0.0416667
-2.79167
-1.83333
1.33333
-2.16667
-2.375
-5.54167
-2.08333
-9.70833
-32.4167
-36.2917
-34.0833
-31.875
-33.7083
-28.7083
-11.2083
-8.125
-9.45833
-9.16667
-8.41667
-6.66667
-4.70833
-5.375
0
0
0
0
0
0.0416667
2.41667
0.791667
-1.04167
-1.16667
-4.79167
5.58333
16.3333
22.7917
23.125
20.0417
19.125
-3.5
-29.75
-38.1667
-38.5
-36.4167
-32.8333
-20.9583
-8.54167
-4.58333
-2.375
-0.625
2.33333
6
7.125
7.54167
0
0
0
0
0
0.25
4.875
1.45833
-0.291667
-1.79167
-0.791667
14.8333
24.2917
38.1667
38.125
36.5417
31.5
14.7917
-1.29167
-17.9167
-19.625
-17.875
-14.7917
-13.125
-9.95833
-1.83333
2.04167
2.95833
4.79167
4.91667
3.20833
1.91667
0
0
0
0
0
0.916667
1.08333
-1.04167
-1.5
-4.5
0.0833333
1.41667
-1.375
5.33333
5.29167
4.95833
-2
-1.16667
7.45833
-2.54167
-7.04167
-5.875
-4.04167
-6.45833
-10.75
-4.33333
1.125
3.375
4.25
2.83333
0.916667
-0.75
0
0
0
0
0
2.45833
-2.45833
-2.45833
-1.95833
-3.79167
-2.33333
-18.75
-27.375
-33
-31.4583
-30.9583
-35.0417
-21.4167
-1.125
6.625
-0.375
-1.75
0.958333
1.875
-4.33333
-6.45833
-0.208333
4.16667
5.125
4.75
4.08333
4.91667
0
0
0
0
0.708333
3.16667
0.458333
0.666667
-0.166667
1.25
-0.916667
-14.3333
-18.5833
-25.7083
-22.2917
-21.0833
-22.125
-12.75
-4.08333
10.75
7.79167
1.875
4.16667
6.16667
4.08333
-3.91667
-3.08333
0.75
1.375
1.45833
1.33333
3.125
0
0
0
0
1.95833
0.375
0.25
-0.208333
-3.04167
-0.416667
-2.625
-4.375
-5.375
-7.41667
-3.45833
-1.79167
-1.04167
-0.166667
-0.291667
7.08333
11.5417
4.33333
1.91667
4.375
5.625
0.375
-6.04167
-3.75
-2.70833
-2.875
-2.16667
-1.125
0
0
0
0.0416667
1.66667
-2.91667
-3.58333
-4.83333
-6
-4.58333
-5.70833
-3.5
-3.70833
-2.45833
-1.95833
-1.66667
0.833333
1.58333
0.333333
0.541667
7.16667
7
0.333333
0.708333
3.375
2.83333
-3.83333
-5.83333
-3.16667
-2.08333
-1.66667
-1.41667
0
0
0
0.833333
-0.125
-2.83333
-3.66667
-6.29167
-3.79167
-3.95833
-3.20833
-2.58333
-2.70833
-0.166667
-3.70833
-6.58333
-4.5
-0.75
-2.125
-3.20833
0
8.75
4.66667
-0.916667
1.54167
2.95833
0.958333
-5.79167
-4
0.0833333
-0.833333
-1.16667
3.29167
5.08333
8.375
11.625
7.66667
6.5
4.54167
1.54167
1.04167
-2.20833
1.20833
1.79167
1.29167
2
-0.75
-2.625
-1.91667
0.875
1.91667
0.125
-0.166667
6.25
8.41667
0.375
-1.625
0.291667
0.875
-4.04167
-6.83333
-2.5
-0.541667
-0.333333
47.0417
49.8333
52.75
47.25
36.875
28.9167
19.2083
11.625
2.83333
1.54167
4.58333
6.875
6.41667
4.04167
3.45833
3.91667
3.66667
2.25
6
4.45833
2.33333
1.08333
5.83333
3.70833
-4.29167
-5
-3.75
-4
-8.79167
-9.33333
-2.125
-0.166667
87
84.375
72.9167
52.5
38.4583
25.25
11.4167
1.20833
-2.5
3.875
3.25
5.83333
5.5
1.79167
1.375
1.45833
1.33333
-2.04167
1.16667
3.91667
1.58333
-0.75
1.625
6.33333
-0.833333
-6.79167
-5.75
-4.41667
-6.45833
-11.5417
-5.95833
-2.20833
6.45833
-0.25
-17.5
-24.4167
-24.1667
-23.5833
-21.625
-17.375
-3.70833
-0.166667
-1.25
1.25
-2.16667
-9.08333
-9.70833
-7.45833
-7.29167
-10.1667
-6.70833
2.08333
2.625
0.583333
0.25
4.83333
5.70833
-1.54167
-4.45833
-2.54167
-2.33333
-6.25
-8.75
-4.54167
-82.2083
-86.7917
-88.6667
-73.875
-60.0417
-46.5
-30.7083
-12.75
2.16667
-1.20833
-0.541667
1.16667
-4.79167
-9.16667
-6.54167
-3.70833
-4.08333
-5.375
-1.16667
4.16667
4.58333
1.75
0.333333
1.54167
7.16667
5.08333
-2.79167
-2.66667
-1.91667
-2.66667
-9.08333
-8.04167
-52.75
-56.875
-47.25
-36.5417
-28.25
-20.0833
-10.9167
3.625
3.95833
2.91667
2.70833
1.91667
7
18.0833
28.375
28.3333
28.4167
29.25
22.9167
12.0833
4.08333
3.75
2.125
1.54167
5.04167
8.875
2.91667
-3.29167
-3.04167
-2.33333
-5.75
-10
-10.875
-14.25
-5.70833
-3.66667
-2.33333
-0.375
2.58333
8.625
2
2.95833
2
1.25
16.7083
30.75
39.2083
37.8333
38.6667
38.8333
23.125
9.54167
1.45833
4.66667
4.375
2.75
3.29167
8.04167
9.625
0.208333
-2.58333
-1.04167
-1.20833
-6.125
-8.66667
-6.375
-2.25
-1.66667
-1.20833
0
6.375
4.70833
0.5
0.208333
0.0833333
0.75
0.458333
-5.29167
-16.875
-19.25
-19.0833
-20.25
-19.8333
-13.875
-2
2.58333
5.08333
4.75
4.75
6.75
11.9583
7.95833
0.333333
-0.833333
-1
-2.16667
-9.95833
-3
-1.875
-2.125
-1.95833
-0.0833333
8.25
1.58333
0.375
0.166667
0.416667
-0.5
-19.375
-39.5833
-62.375
-63.6667
-63.4167
-61.9167
-42
-21
3.25
6.375
9.79167
12.25
12.125
11.375
13.5
16.3333
7.16667
0.541667
-0.75
-0.5
-5.41667
-0.583333
0.0416667
-0.125
0.0833333
4.66667
6.95833
1.08333
1.33333
1.83333
2.375
1.625
-7.625
-19.25
-24.125
-22.1667
-21.2083
-18.625
-7.45833
5.95833
12.2917
11.2917
11.6667
13.0417
11.875
10.3333
9.58333
14.2083
12
7.70833
6.95833
5.91667
0.625
1.125
1.75
2.54167
4.08333
10.4583
4.125
1.91667
2.54167
3.20833
4.125
5.83333
14.375
22.2083
34.5417
36.5417
35.875
34.3333
25.4167
17.1667
3.58333
-0.166667
-2.20833
-3.16667
-3.20833
-2.33333
-0.625
5.5
17.0833
23.5833
24.2917
22.8333
1.5
1.875
1.95833
2.70833
6.33333
10.25
2.33333
2.33333
2.41667
2.41667
2.33333
3.29167
12.4583
25.25
32.9167
32.4167
31
28.4583
18.0833
4.33333
-3.625
-2.875
-1.20833
0.625
4.54167
10.375
18.3333
28
45.4583
52.3333
49.625
44.0417
3.45833
4.66667
3.54167
3.29167
7.29167
4.95833
1.375
1.70833
2.29167
3.16667
4
5.70833
10.9583
17.75
20.375
21.5417
24.625
27.375
27.625
26.4167
29.625
33.8333
35.7917
36.1667
36.5
39.8333
46
51.0417
54
48.875
42.4167
33.0833
14
15.4583
15.7083
18.6667
22.8333
18.8333
22.125
27.125
32.7917
37.6667
42.0833
45.5417
48.5417
49.5833
49.3333
48.3333
47.125
44.125
38.6667
32.75
26.0417
18
8.66667
-0.166667
-6.58333
-10.125
-11.375
-12.8333
-18.8333
-20.2083
-17.875
-16
35
44.5417
56
66.0417
68.6667
64.4583
64.375
63.7083
60.8333
57.0417
50.9583
41.2917
28.6667
16.0833
3.95833
-7.45833
-20.0833
-32.375
-43.9167
-56.6667
-68.9167
-79.9583
-87.0833
-89.4583
-86.9583
-83.0417
-79.7917
-76.25
-71.625
-60.5417
-49.7917
-38.1667
0
0
0
0
0
0
0
0
0
0.0416667
7.25
20.9167
8.66667
-32.1667
-38.6667
1.41667
22.3333
9.79167
0.416667
0
0
2.29167
16.625
38.6667
37.4167
11.9167
-12.125
-31.9583
-37.1667
-23.5
-13.4167
-8.875
0
0
0
0
0
0
0
0
0
1.20833
11.7917
25.5833
6.5
-39.9583
-46.2083
-1.66667
25.75
14.8333
2.16667
0
1.70833
11.9167
30.5417
38.375
23.9583
-3.33333
-30.3333
-38.7917
-25.25
-13.25
-12.2083
-7.5
0
0
0
0
0
0
0
0
0.0416667
3.45833
17.375
28.125
2.41667
-45.4167
-51.625
-6.79167
26.2917
20.0417
5.5
1.54167
9.66667
26.375
33.5
25.9167
9.29167
-19.625
-41.0417
-32.0417
-13.125
-8.5
-11.0833
-5.54167
0
0
0
0
0
0
0
0
0.416667
6.79167
22.9583
27.75
-3.83333
-48.0417
-51.5417
-11.2083
20.875
21.5833
10.9583
9.83333
24.7083
33.5833
22.8333
11.2917
-5.45833
-34.0417
-39.7917
-18.375
-5.16667
-6.54167
-9.08333
-3.95833
0
0
0
0
0
0
0
0
2.5
12.0417
23.5833
15.9583
-15.4167
-37.7917
-31.75
-12.3333
5
14.1667
16.5833
26.125
40.125
29.5417
7.04167
-3.58333
-22.375
-38.2917
-26.5417
-8.20833
-2.04167
-3.66667
-6.66667
-3.70833
0
0
0
0
0
0
0
0
4.95833
17.7083
22.5833
4.79167
-20.625
-28.3333
-21.0833
-14
-5.79167
7.04167
27.0833
47.5833
42.625
14.125
-6.04167
-18.5833
-32.4583
-29.7917
-13.875
-3.91667
-0.833333
-1.54167
-4.41667
-2.91667
0
0
0
0
0
0
0
1.29167
9.20833
21.2083
18
-7.70833
-27.75
-17.5417
-4
-11.5
-15.1667
3.16667
35.1667
55.4167
39.0417
3.83333
-21.4583
-34.2083
-30.75
-15.7083
-6.45833
-2.20833
0.666667
-0.75
-2.25
0.0833333
0
0
0
0
0
0
0
3.41667
14.4583
22.0833
8.91667
-19.4167
-30.625
-7.25
11.625
-4.08333
-20.625
-5.25
36.4583
64.2917
40.0833
-12.4167
-42.5833
-38.0417
-19.5
-7.08333
-2.70833
0.833333
2.08333
-1.25
-1.54167
1.5
0
0
0
0
0
0
0.125
6.20833
19.9167
20.5833
-3.29167
-29.4583
-26.4167
5.20833
19.5
-0.791667
-20.9583
-11.3333
32.5833
69.4583
40.9167
-28.375
-54.9583
-32.7083
-12.5833
-4.25
1.91667
5.20833
2.45833
-4.04167
-2.33333
3.5
0
0
0
0
0
0.0416667
2.41667
10.9167
20.2083
13.3333
-13.2917
-28.4167
-7.91667
13.0417
1.75
-11.5833
-9.625
-2.5
28.125
62.2083
35
-30.1667
-51.0833
-30.2083
-13.4167
-2.08333
7.125
6.75
0.0833333
-5.625
-2
4.54167
0
0
0
0
0
0.25
5.25
15.4583
17.3333
2.95833
-18.7917
-19.0417
11.0417
16.0417
-20.125
-29.5833
0
16.6667
27.5833
43.4583
23.5
-17.75
-35.6667
-32.375
-18.9583
-0.333333
10.4167
6.95833
-2.33333
-7.95833
-2.16667
6.04167
0
0
0
0
0
1.04167
8.33333
18.7083
13.75
-8.125
-25.1667
-6.83333
34.125
19.3333
-45.8333
-53.4167
7.5
40.4583
25.9583
18.5833
19.4583
4.125
-21.4167
-35.0833
-25.125
-2.08333
12.25
7.75
-3.875
-9.79167
-3.20833
5.625
0
0
0
0
0
3.20833
12.9167
17.9167
5.04167
-16.1667
-26.3333
6.5
58.25
22.125
-75.5833
-80.4583
11.0833
58.0833
29
11.25
19.5
13
-10.4167
-30.5
-29.2083
-6.08333
12.6667
7.66667
-5.75
-10.5
-5.16667
1.66667
0
0
0
0
0.708333
6.16667
16.0833
14.5417
-5.16667
-22.875
-22.6667
21.9167
79.1667
24.4167
-103.042
-109.458
10.375
76
37.4167
5.375
14.5417
17.5
0.416667
-19.8333
-27.1667
-12.0417
8.91667
6.5
-7.625
-11.2917
-7.04167
-0.875
0
0
0
0
1.95833
9.25
17.375
9.91667
-14.6667
-28.4167
-15.75
38.125
92.5
23.5833
-121.833
-132.792
6.45833
88.9583
46.5833
4.20833
7.41667
15.4583
9.04167
-6
-18.875
-15.625
1.33333
1.875
-9.20833
-10.625
-8.04167
-3.125
0
0
0
0.0416667
3.79167
12.3333
14.6667
1.79167
-18.5
-26.3333
-9.83333
42
90.0417
29.0417
-114.583
-144.917
-7.29167
91.8333
55.0833
6.91667
1.16667
9
12.8333
5.70833
-7.625
-13.6667
-5.33333
-3.83333
-11.2917
-11.8333
-10.1667
-4.41667
0
0
0
0.833333
5.75
12.7917
10.4583
-4.54167
-20.0417
-21.9583
-4.58333
39.1667
83.9167
39.5833
-101.708
-152.958
-20.5
88.875
59.125
11.7917
0.375
2.25
10.1667
12.7083
3.66667
-6.16667
-7.29167
-10.9167
-15.75
-13.1667
-11.5833
-5.16667
1.04167
0.333333
0.75
2.125
1.66667
4.625
7.41667
-3.58333
-18.7083
-16.8333
1.95833
34.1667
73.5417
49
-86.125
-156.875
-31.7917
83.125
59.1667
16.125
3.45833
-0.625
4.66667
13.125
11.625
3.79167
-3.5
-15.4167
-21.4583
-15.875
-12.5417
-4.70833
0.291667
-0.291667
-0.875
-6.125
-9.625
4.54167
14.7083
0.875
-14.2917
-10.2083
6.83333
25.75
60.7917
58.5417
-68.9167
-159.083
-41.7083
78.5
56.875
16.8333
7.20833
0.708333
0.458333
9.45833
15.0833
11.75
3.875
-13.25
-25.9167
-21.3333
-14.25
-3.79167
1.625
-0.375
-6.33333
-18.5
-16.6667
10.625
22.2917
4.45833
-9.25
-4.375
8
17.8333
51.25
64.6667
-54.875
-157.417
-47.2917
74.7083
53.0417
14.5417
8.95833
4
0.125
4.08333
12.7917
17.4583
12.625
-6.29167
-25.9583
-28.0417
-18.8333
-3.58333
1.70833
-1.625
-14.125
-31.0417
-18.1667
20.0417
28.5
7.125
-4.83333
0.958333
8.375
10.75
40.4583
60.7917
-41.9583
-141.083
-46.5417
67.0833
47.5417
9.33333
7.25
7.83333
2.625
0.208333
7.83333
18.5833
19.4167
3.95833
-19.4583
-32.375
-26.625
-6.29167
1.66667
-5.04167
-25.1667
-40.25
-13.7917
29.125
33.4167
10.875
-0.958333
2.91667
6.70833
6.16667
32.3333
58.3333
-25.6667
-125.958
-54.9583
54.125
46.4583
9.54167
4.58333
8.5
6.20833
0.541667
3.16667
15.0833
22.2083
13.3333
-8.29167
-30.5417
-33.5833
-10.9167
1.25
-11.5
-38.75
-44.6667
-4.25
38.1667
36.9583
13.125
1.70833
3.54167
4.70833
3.91667
30.5
60.7083
-14.5
-120.167
-70.4583
39.875
51.5417
15.4583
2.45833
6.625
8.625
3.54167
0.666667
8.75
21.0417
20.8333
3.70833
-22.3333
-35.375
-18.25
-2.25
-21.25
-51.0833
-42.9167
13.0417
51.875
37.3333
9.25
1.75
3.83333
2.875
3
31.2083
62.375
-7.79167
-116.292
-83.8333
28.5833
57.75
21.6667
0.833333
2.66667
8
7.125
1.79167
3.66667
16
22.9583
13.4167
-9.16667
-29.8333
-24.875
-7.54167
-33.375
-55.25
-24.6667
35.2917
52.75
25.75
4.70833
1.75
1.45833
1.08333
5.125
29.9583
56.0833
-3.75
-104.625
-83.3333
21.875
55.2917
22
0.875
0.958333
6.08333
8.5
4.125
0.5
7.45833
19.5833
21.0833
4.66667
-18.125
-24.7917
-19.5833
-45.875
-47.25
1.625
48.6667
44.1667
15.25
2.58333
1.625
0.291667
0.791667
4.875
24.5
45.9167
1
-82.7917
-74.9167
12.3333
48.25
20.75
0.625
-0.5
2.91667
7.75
6.625
-0.25
0.125
12.4583
23.1667
18.4167
-0.5
-19.375
-31.9167
-53.8333
-31.9583
27
53.3333
31.6667
7.95833
2.20833
1.45833
-0.166667
0.375
3.75
22.125
43.5
4.25
-74.4167
-72.9583
7.25
45.2917
20.8333
1.04167
-0.708333
1.29167
5.41667
6.375
1.20833
-2.66667
3.70833
18.25
30.0833
21.9583
-11.5833
-44.75
-52.75
-9.375
45.6667
49.3333
19.5833
3.625
2.16667
0.791667
-0.541667
0.625
3.83333
20.125
36.2083
0.0416667
-62.5833
-58.5
5.83333
36.6667
17.2917
1.33333
-0.166667
0.916667
3.20833
4.04167
1.79167
-1.375
0.875
14.8333
37.2083
34.0417
-11.9167
-56.75
-43.25
17.7083
56.3333
38.5833
9.875
1.58333
1.95833
0.666667
-0.208333
0.708333
3.41667
13.7083
22.125
-2.08333
-41.2083
-35.5
6.70833
23.8333
10.8333
1.375
0.125
0.791667
1.5
0.916667
1.875
3.70833
2.375
5.83333
27.3333
35
-5.20833
-61.7917
-26.4583
40.9167
58.4167
26.1667
3.83333
1.75
2.45833
1.16667
0.541667
1.375
3.33333
7.70833
8.875
-4.625
-20.5833
-12.375
6.5
8.5
2.29167
0.375
-0.791667
-1.33333
-1.08333
-1.5
2.95833
11.75
10.2917
0.75
12
28.0417
0.833333
-61
-8.79167
55.2083
54.1667
19.3333
3.70833
2.5
1.875
0.0416667
-1.45833
-1.29167
1.29167
3.79167
0.333333
-6.41667
-7.91667
-4.5
-1.125
0.416667
1.75
3.16667
1.625
-0.208333
-0.291667
0.791667
9.75
21.25
13.4167
-7.70833
-3.33333
16
0.375
-48.5
6.54167
53.5
37.6667
6.91667
1.33333
4.75
2.45833
-1.29167
-2.70833
-2.29167
0.791667
4.04167
1.70833
-3.66667
-5.33333
-3.95833
-2.125
-0.416667
2.20833
4.33333
2.16667
-0.708333
-0.833333
2.79167
17.0833
31.5833
17.125
-15.25
-17.7917
0.833333
-5.04167
0
0
0
0
1.11111
3.74074
1.27778
-0.0925926
0.166667
2.61111
5.35185
6.22222
6.27778
5.18519
3.68519
13.1667
24.4444
27.7407
17.8148
7.61111
4.05556
2.61111
1.22222
-0.481481
-7.24074
-15.1111
-16.5926
-7.92593
0
0
0
0
2.14815
3.25926
1.16667
0.481481
-0.518519
-0.222222
3.37037
5.46296
5.72222
4.09259
7.98148
20.037
25.5
21.9815
12.5926
5.2037
2.05556
0.777778
-0.333333
-4.94444
-13.8704
-16.7778
-10.1852
-0.0925926
0
0
0
0.574074
3.53704
2.16667
0.814815
0.425926
-1.83333
-4.31481
-2.27778
1.11111
2.03704
2.24074
12.4259
20.3889
17.6481
10.2222
6.94444
3.57407
-0.87037
-2.5
-5.2037
-12.9074
-18.463
-14.7778
-4.09259
2.66667
0
0
0
1.51852
3.09259
0.462963
-0.425926
-3.2963
-7.24074
-11.2593
-12.0741
-9.38889
-8.05556
-4.66667
6.85185
6.35185
0.12963
-3.37037
-1.7037
-2.05556
-5.44444
-7.96296
-11.9074
-19.8704
-18.3704
-10.4259
-3.27778
-0.740741
0
0
0.0555556
2.75926
2.48148
-0.037037
-1.25926
-3.94444
-5.92593
-9.75926
-13.3333
-12.7778
-11.6111
-6.40741
-4.2963
-11.9444
-17.2963
-19.1852
-16.4074
-14.3704
-16.1111
-20.2222
-24.8519
-24.3889
-16.5926
-10.8519
-8.2963
-8.38889
0
0.0185185
1.07407
3.18519
0.666667
-0.851852
-3.12963
-1.18519
2.7963
1.88889
-2.27778
-5.77778
-6.12963
-5.03704
-14.0556
-22.7407
-29.537
-34.8889
-35.3333
-32.7407
-31.4074
-33.9259
-32.7963
-22.8519
-12.7037
-8.96296
-8.72222
-9.37037
0
0.111111
2.33333
2.64815
-0.12963
-1.25926
-3.48148
4.40741
14.2407
17.9259
14.2593
7.92593
6.42593
3.7963
-11.1111
-18.3333
-29.0741
-40.4259
-45.6296
-43.037
-40.0185
-39.3333
-34.5556
-19.0556
-9.53704
-6.25926
-5.35185
-5.25926
0
0.462963
3.53704
1.42593
-1.09259
-2.83333
-3.57407
8.51852
20.3333
27.6481
24.9074
17
14.8704
10.5556
2.40741
-4.5
-20.6296
-34.5185
-43.1667
-40.963
-35.8704
-30.8889
-23.9074
-14.1852
-5.25926
0.462963
2.38889
3.27778
0
1.37037
2.51852
-0.185185
-1.51852
-3.92593
-2.09259
3.96296
8.27778
14.2222
12
6.83333
4.75926
3.72222
4.98148
-2.03704
-13.6667
-20.7407
-27.6296
-26.1111
-21.0926
-15.0926
-12.037
-10.3704
-3.92593
2.59259
5.01852
6.40741
0.314815
2.40741
1.09259
-0.851852
-1.81481
-3.88889
-1.72222
-4.68519
-8.83333
-8.46296
-9.62963
-10.5
-12.7593
-12.2778
-5.07407
-8.18519
-10.5
-9.98148
-11.2778
-11.3148
-7.88889
-2.66667
-1.14815
-5.53704
-3.48148
2.24074
5.57407
6.92593
0.87037
2.72222
-0.555556
-1.33333
-2.46296
-2.7037
-1.25926
-12.2963
-22.1481
-27.537
-27.3333
-23.1296
-25.1852
-24.6296
-19.5185
-16.9074
-7.92593
-2.05556
1.53704
0.111111
-0.222222
2.77778
3.98148
-0.0185185
-3.64815
-1.59259
2.22222
4.37037
1.68519
1.33333
-1.35185
-2.03704
-3.75926
-2.24074
-2.42593
-12.8333
-20.1296
-27.2037
-24.8889
-19.4815
-19.4815
-19.7963
-19.7222
-13.6296
-0.796296
3.62963
6.96296
4.88889
2.38889
2.87037
4.92593
3.53704
-2.55556
-4.81481
-1.68519
1.51852
1.61111
-0.981481
-2.62963
-4.05556
-5.18519
-2.85185
-2.98148
-9.92593
-14.3519
-18.963
-15.6852
-11.2037
-8.59259
-9.2037
-12.8333
-8.55556
3.74074
8.22222
8.64815
6.22222
3.55556
2.07407
3.38889
4.46296
-0.462963
-5.81481
-5.87037
-2.14815
5.24074
1.68519
0.611111
-1.66667
-1.59259
-0.462963
-1.42593
-5.87037
-9
-10.0556
-6.75926
-5.2963
-0.777778
-1.01852
-4.98148
-4.35185
3.55556
8.98148
8
4.72222
3.64815
0.87037
0.166667
1.88889
0.592593
-4.46296
-8.07407
-5.83333
26.3333
21.1111
16.7037
11.8333
10.0185
7.38889
3.37037
-1.27778
-4.83333
-3.09259
-1.42593
-0.814815
2.48148
2.42593
0.222222
-1.62963
0.814815
7.62963
8.72222
5.24074
3.25926
0.277778
-2
-1.5
-0.296296
-2.85185
-7.68519
-8.66667
49.0556
41.8704
33.9815
27.0556
21.6481
14.537
6.7037
2.53704
-0.185185
1.35185
1.5
1.81481
2.7037
3.05556
3.42593
1.48148
-1.22222
3.7963
8.03704
6.38889
2.53704
-1.2963
-4.57407
-5.7963
-3.98148
-3.7963
-6.57407
-10.5
57.9815
47.9815
37.1111
28.5556
19.7407
10.5
1.92593
3.27778
3.18519
1.68519
0.814815
1.92593
0.574074
0.925926
2.87037
2.51852
-3.12963
-0.388889
6.5
8.46296
3.5
-1.42593
-4.92593
-7.46296
-7.16667
-5.85185
-5.38889
-9.98148
11.537
6.66667
2.7963
0.555556
-2.7037
-7.01852
-7.53704
1.92593
2.66667
-1
-0.722222
-0.314815
-2.03704
-1.85185
1.2963
2.46296
-2.11111
-1.18519
4.53704
7.61111
5.51852
0.555556
-3.77778
-6.68519
-8.12963
-7.37037
-5.40741
-8.11111
-39.1667
-37.0185
-33.2037
-28.9444
-25.2593
-21.7222
-12.2593
1.31481
3.46296
1.48148
5.31481
5.22222
4.11111
4.14815
6.18519
8.09259
6.42593
5.44444
6.7037
6.27778
7.7037
5.16667
0.351852
-3.38889
-6.12963
-6.85185
-5.37037
-5.48148
-74.7222
-64.963
-53.7037
-43.2963
-33.2963
-23.2407
-7
2.51852
6.7963
11.963
19.0556
18.3333
17.8148
17.963
19
20.8148
21.9444
17.3333
10.5556
4.51852
8.09259
9.68519
5.62963
0.37037
-3.22222
-5.03704
-5.40741
-4
-53.2963
-44.6667
-36.1481
-28.463
-21.0185
-9.85185
2.7037
4
10.1481
16.9074
20.8889
19.8704
19.7222
19.9444
19.1111
20.2778
21.7222
16.2778
9.05556
4.51852
7.7963
12.0556
11.3519
5.62963
0.944444
-1.27778
-3.27778
-2.44444
-26.3519
-21.1296
-16.5185
-12.463
-7.72222
2.46296
7.01852
2.96296
4.38889
4.90741
-0.5
-1.92593
-1.61111
-1
-1.11111
0.0740741
1.57407
2.01852
3.07407
7.92593
10.6852
14.7778
17.2037
13.0926
6.92593
3.83333
0.666667
-0.407407
-4.14815
-2.74074
-1.98148
-1.46296
1.57407
9.90741
7.11111
2.90741
-3.25926
-13.5741
-27.2037
-28.2037
-27.2778
-26.6296
-26.4259
-26
-24.8148
-16.037
-2.62963
12.2593
14
15.7037
19.5926
19.8333
13.9259
10.4444
7.59259
4.53704
-0.611111
-0.0555556
0.240741
0.833333
6.24074
10.7593
5.09259
3.01852
-5.98148
-18.463
-29.3704
-29.0556
-27.8333
-26.9815
-25.7963
-25.3148
-23.963
-13.2963
1.75926
14.6667
15.0185
14.9259
17.8333
21.8519
20.7778
18.9259
17.1667
14.0556
1.38889
1.90741
2.44444
4.33333
10.963
9.81481
5.22222
5.31481
2.66667
-1.03704
-2.16667
-0.722222
-0.222222
-0.148148
0.0555556
-0.166667
0.314815
4.07407
9.51852
13.0926
13.3148
15.3519
20.0556
28.963
35.8519
37.6667
36.7222
34.0741
3.83333
4.01852
4.61111
8.51852
14.037
8.57407
6.42593
8.24074
14.4074
21.6111
29.7407
32.3704
33.8333
35.3148
36.7222
38.1667
38.7037
34.4815
28.7778
22.4259
22.2222
24.963
30.0741
38.8519
50.5
53.2037
51.1296
48.8148
13.7963
15.5185
18.5
25.1111
27.9444
23.7778
25.6296
29.3519
38.9259
50.3704
57.9815
58.4815
57.5185
55.8519
53.6481
51.3889
48.2407
38.5185
26.1111
17
16.5926
20.4815
27.6111
36.3148
46.1667
47.9259
46.4444
45.3519
39.7037
43.6111
48.6481
54.1667
50.2778
45.4074
44.0556
42.8148
45.6481
49.3519
49.7407
46.4815
43.2778
39.6296
35.6667
31.5185
26.7593
17.4259
6.37037
-2.09259
-5.24074
-6.18519
-4.2037
-2
1.12963
1.72222
3.14815
5.87037
0
0
0
0
1.11111
5.35185
14.6111
23.7407
21.3889
-1.05556
-32.3704
-49.8889
-38.0556
-9.98148
15.4074
29
36.8889
42.9074
40.1481
31.1667
18.1667
6.83333
-9.16667
-28.4815
-41.5185
-41.5556
-31.7037
-21.4815
0
0
0
0
2.2037
7.87037
18.6111
25.6481
20.1481
-5.22222
-35.1852
-50.5926
-38.6667
-12.5185
15.037
35.3148
49.6111
50.9815
39.0926
21.7593
8.16667
-3.72222
-20.7222
-37.5556
-42.7037
-34.1667
-22.0185
-14.2037
0
0
0
0.574074
4.09259
11.1667
21.7593
25.0926
15.7222
-11.3148
-36.5
-47.1667
-33.8519
-10.3148
16.037
39.2778
54.4259
53
35.1111
14.1852
-2.42593
-16.0556
-32.2037
-40.7963
-37.4074
-23.9444
-14.4259
-9
0
0
0
1.51852
6.42593
14.9074
23.1296
19.7037
4.53704
-20.1481
-31.9074
-32
-19.4444
-7.66667
11.0741
36.1852
57.2407
56.463
33.7963
4.22222
-17.2778
-32.5185
-39.3519
-37.8148
-25.8704
-14.2593
-8.33333
-6.18519
0
0
0.0555556
2.75926
9.03704
18.7963
22.963
14.3889
-4.42593
-22.9815
-26.1667
-21.9444
-13.6667
-8.96296
7.42593
35.2778
61.3704
62.2593
33.6481
-6.2037
-36
-47.6111
-42.463
-28.6667
-13.537
-5.7963
-4.96296
-4.55556
0
0.0185185
1.07407
4.90741
12.3333
20.3704
20.3148
9.64815
-7.14815
-17.5556
-20.5556
-20.6667
-21.1852
-14.6481
6.27778
39.9815
66.7963
67.8889
32.6667
-15.963
-53.0741
-57.7593
-41.1852
-17.7407
-4.25926
-0.296296
-2.77778
-2.75926
0
0.111111
2.33333
7.2037
15.4815
20.4074
16.5185
4.7963
-6.98148
-9.57407
-14.7407
-22.0185
-31.9074
-20.9259
6.38889
45.9444
70.8704
68.1296
28.7037
-24.5926
-60.3519
-60.1667
-35.7222
-10.2778
1.51852
2.2963
-2.01852
-2.64815
0
0.462963
3.7037
9.7037
18.0185
19.3333
11.0926
-1.03704
-5.5
0.481481
-6.75926
-24.1111
-43.6852
-28.2222
7.74074
52.3333
71.5926
62.2037
20.9444
-26.8519
-57.1481
-54.1111
-31.2407
-6.85185
3.46296
3.18519
-2.83333
-4.22222
0
1.42593
5.74074
12.8148
19.0926
16.1852
3.74074
-6.48148
-2.16667
11.9444
1.27778
-27.5556
-56.463
-34.9444
10.3148
58.963
69.2778
52.4259
13.3148
-23.5
-46.3704
-44.7037
-27.9259
-6.48148
2.96296
2.14815
-5.59259
-6.98148
0.314815
2.74074
8.09259
15.2593
18.1296
10.9444
-4.72222
-9.57407
4
26.037
9.14815
-32.5556
-71.2037
-43.2778
12.4815
64.3148
66.2778
42.463
9.16667
-16.7593
-32
-34.8889
-24.7593
-8.37037
0.351852
-0.759259
-8.98148
-9.74074
0.87037
4.11111
10.3889
16.8889
16.3704
5.18519
-12.8148
-11.4074
11.5185
41.1296
16.8333
-38.6852
-87.5741
-53.4074
11.037
66.9259
62.9074
39.7222
11.3148
-6.66667
-20.9444
-26.8333
-22.1296
-9.90741
-3.25926
-4.2037
-11.8889
-12.0185
1.68519
5.55556
12.5926
16.6296
13.0741
-1.68519
-18.3148
-10.6667
21.537
56.1852
24.2778
-46.8148
-107.315
-69.1852
7
70.9815
67.5926
43.8519
16.463
0
-14.1111
-19.7407
-17.5185
-9.12963
-7.11111
-8.92593
-16.1852
-15.037
2.55556
6.90741
13.537
15.2778
9.03704
-7.7963
-21.5926
-8.14815
32.4259
69.9259
31.2037
-55.1481
-127.259
-85.3704
2.77778
76.4444
71.7407
46.7222
19.5926
6.61111
-6.77778
-11.8148
-11.2778
-6.87037
-10.463
-15.2037
-22.1481
-18.4259
2.07407
3.96296
9
10.9444
6.12963
-10.0741
-20.9259
-3.87037
42.5
80.1111
36.0741
-61.9074
-143.056
-98.5185
-1.03704
81.2593
74.5
46.4259
20.3333
11.9444
2.09259
-3.68519
-4.22222
-4
-11.963
-21.0185
-28.0185
-22.5
-5.22222
-4.27778
5.42593
12.4444
10.6852
-5.72222
-16.1296
-0.333333
44.1667
80.0185
39.8519
-57.7037
-143.241
-105.685
-7.88889
79.5926
74.9259
44.5741
18.5
14.4074
9.42593
4.38889
2.16667
0.722222
-10.0741
-23.0185
-33.6852
-28.5
-14.4444
-10.963
4.59259
17.3333
15.4259
-1.46296
-12.5741
1.75926
43.6481
77.963
44.2778
-50.963
-137.852
-109.833
-14.5741
74.9259
73.6111
42.963
15.4815
14.7778
13.7593
11.4815
8.09259
6.09259
-5.7037
-21.7407
-37.0185
-34.6667
-23.6852
-14.8519
6.44444
23.7222
19.7407
2.27778
-8.57407
4.61111
41.5741
71.0741
42.7037
-44.0741
-125.315
-105.019
-18.8519
66.5185
68.7593
41.1111
13.3333
12.8519
15.1111
15.963
13.8519
11.037
0.222222
-17.3519
-36.3889
-39.1481
-31.3519
-16.6111
10.5741
29.5
24.2963
6.37037
-3.7037
6.31481
37.9444
64.6111
44
-33.7593
-113.204
-104.407
-28.037
55.463
65.2222
41.5926
14.0926
10.7778
14.7407
18.1667
18.5
15.5926
5.59259
-11.3148
-32.2963
-39.8333
-37.0556
-16.0741
16.8519
35.1111
28.963
10.5556
1.18519
7.14815
35.1296
60.537
49.2037
-24.7778
-105.778
-111.963
-40.1481
44.6481
65.3704
45.1667
17.037
9.72222
12.2037
18.0556
21.1296
20.3333
11.037
-4.62963
-25.6481
-37.2037
-39.7778
-12.5185
23.9074
39.9815
32.6481
14.2593
5.44444
7.57407
32.4074
57.0741
53.6667
-17.8333
-100.352
-118.759
-48.8889
36.8704
65.6667
46.7222
18.7222
9.18519
9.7037
16.1296
21.6852
23.8148
16.5
1.74074
-17.2963
-31.5
-39.5185
-5.94444
30.2407
44.7593
35.6481
18.037
7.81481
7.38889
27.9259
51.5741
51.7222
-12.2963
-91.5556
-113.444
-50.7778
30.9444
60.3889
43.8889
18.7222
9.62963
9.12963
12.6667
18.7407
23.1296
20.5556
8.72222
-7.33333
-22.5556
-35.5741
2.59259
36.2037
48.4259
37.7778
20.5185
9.01852
6.68519
22.9444
43.963
46.0556
-7.81481
-77.4444
-99.7778
-46.8889
24.2407
51.5741
37.1296
16.1852
9.14815
8.96296
9.83333
13.8148
19.8148
22.3148
16.1667
4
-10.8519
-28.1481
14.8704
46.463
53.7593
38.5185
19.2963
7.77778
5.46296
18.9074
37.037
40.0185
-4.53704
-64.6667
-87.1852
-43.5926
17.7222
44.0185
32.0185
13.7593
8.25926
8.5
8.59259
9.14815
15.1667
20.8704
22.6667
15.9259
3.2037
-12
31.1111
53.4074
51.2778
30.9074
13.4815
4.42593
4.01852
16.5741
32.037
35.4074
-2.55556
-53.2778
-75.537
-40.0185
11.463
36.8704
27.4815
12.037
6.83333
8.07407
7.7037
6.77778
10.7407
20.1667
28.8704
28.2222
13.3889
7
44.6852
56.1667
44.5556
23.2407
8.98148
2.94444
3.53704
13.7778
26.7963
30.3889
-0.277778
-43.0556
-65.0926
-36.7222
7.16667
32.7593
25.463
11.5185
4.75926
6.2037
6.7963
6.66667
9.24074
17.5741
27.3333
29.6111
16.5185
25.5556
54.4074
55.6111
36.6296
17.3148
6.40741
2.92593
3.62963
13.1296
25.7778
29.7407
0.814815
-39.6667
-62.1296
-35.8333
4.72222
29.6481
22.4815
8.44444
0.759259
1.72222
5.18519
8.62963
13.1296
18.6667
25.3704
27.6296
17.6481
41.9074
62.8519
54.7778
30.6667
12.3889
3.11111
0.12963
0.574074
9.14815
19.9815
22.8704
-3.12963
-36.3704
-55.1481
-31.4074
2.22222
24.963
20.4074
10.1111
2.94444
3.2037
7.7037
14.7222
19.3148
19.9444
18.3704
18.7778
12.8519
45.9815
57.2778
43.2037
21.2222
8.22222
1.62963
-1.11111
-1.18519
5.25926
13.7407
15.1852
-1.46296
-23.5
-33.8704
-18.8333
2.57407
15.7037
12.9259
6.75926
2.18519
2.92593
8.81481
19.7963
26.1111
22.8519
12.4444
7.48148
4.48148
0
0
0
0
0
0
0
0
0
0.0555556
9.55556
26.3889
37.3333
18.8889
-14.7778
-36.8333
-28.4444
-11.6111
-0.555556
0
0
3.05556
22.1667
53.9444
68.0556
35.1111
-26.5
-63.1111
-55.4444
-32.0556
-18.7778
-15.4444
0
0
0
0
0
0
0
0
0
1.61111
10.9444
15.3889
15.5
-0.277778
-9.16667
-14.2222
-10.6667
-6.22222
-2.88889
0
2.27778
15.8889
46.1111
65.7222
46.8889
-11.2778
-56.2222
-60.0556
-36.6111
-19
-13.3889
-8.66667
0
0
0
0
0
0
0
0
0.0555556
4.61111
11.5556
12.1111
6.27778
-1.05556
-1.55556
-3.55556
-9.72222
-10.6111
-7.33333
0.5
12.8889
39
66.1111
55.3889
5.83333
-51
-64.6667
-45.8333
-21.4444
-11.1111
-7.11111
-0.388889
0
0
0
0
0
0
0
0
0.555556
8.94444
13.0556
8.61111
-5.83333
-3.94444
7.16667
11.1667
-4.94444
-16.0556
-14.2222
4.77778
32.5556
65.3889
66.5556
22.7222
-40.8889
-70.3889
-56.5556
-30.1111
-13
-5.22222
2.16667
7.94444
0
0
0
0
0
0
0
0
3.33333
12.8333
14.7778
8.44444
-6.44444
-0.111111
10.7778
14.6667
-3.66667
-19.7222
-17.4444
13.5
53.6111
73.7222
39.5556
-22.6111
-67.4444
-63.8333
-38.3889
-17.1667
-7.05556
2.5
9.72222
12.2778
0
0
0
0
0
0
0
0
6.5
14.3889
15.0556
0.666667
-14.8333
-8.72222
12.1111
25.7222
12.2778
-10.6667
-7.94444
29.1111
63.5
52.3333
-6.83333
-56.0556
-66.6667
-42.1111
-20.4444
-7.66667
-1.33333
6.77778
11.5
11.9444
0
0
0
0
0
0
0
1.72222
11.1667
15.4444
12.0556
-11.3333
-24.3333
-20.0556
8.38889
32
31.2222
16.2222
17.3889
39.7778
45.2778
6.33333
-44.9444
-64.5
-46.7222
-22.2222
-8.38889
-1.33333
2.44444
5.11111
5.66667
7.72222
0
0
0
0
0
0
0
4.55556
12.6111
14.2222
4.38889
-20
-30.9444
-26.7778
3.61111
31.3333
43
38.1111
39.1111
36.7222
17.3333
-30.1667
-54.5
-50.7222
-26.3333
-11.7778
-3.55556
2.33333
3.72222
0.222222
-1.11111
2.33333
0
0
0
0
0
0
0.166667
8.27778
13.9444
13.9444
-5.27778
-26.0556
-32.2222
-22.1667
3.22222
23
40.5
45.7222
37.6111
13.3333
-16.6667
-35.1667
-32.6667
-23.5
-15.5
-11.9444
-4.27778
3.83333
5.22222
0.0555556
-2.88889
-0.166667
0
0
0
0
0
0.0555556
3.22222
11.2778
13.0556
6.44444
-16.4444
-18.8333
-7.61111
13.9444
10.7222
-1.44444
1.66667
13.1111
9.27778
-14.5
-27.4444
-14.6111
1.11111
1.72222
-7.22222
-9.77778
-2.05556
5.77778
7.61111
4.05556
1.44444
0.111111
0
0
0
0
0
0.333333
7
12.5
11.5556
-3.55556
-21.9444
-5.66667
26.3333
55.8333
19.8889
-27.1111
-47.7778
-23.8889
-16.8333
-29.3889
-35.5556
-3.72222
20.5
22.2778
4.38889
-1.77778
1.77778
8.05556
8.11111
6.77778
3.55556
0.777778
0
0
0
0
0
1.38889
10.7778
12.5556
7.88889
-15.7778
-24.5556
7.44444
56.3889
86.5
24.9444
-45.8889
-87.2222
-52.5556
-25.8889
-25.7222
-33.6667
-13.5556
18.1111
30.7778
22.3333
13.1667
9.61111
9.44444
6.22222
5
3.38889
-0.666667
0
0
0
0
0
4.16667
10.7778
10.7222
0.277778
-20.4444
-21.6111
6.27778
48.3333
68.6111
22.5
-34.8333
-76.2222
-48.6111
-18.8333
-11.6667
-29.6667
-30.2778
-0.611111
28.3333
35.5
26.7222
15.7778
10.8889
6.33333
3.5
-0.222222
-4.11111
0
0
0
0
0.944444
7.55556
10.2778
8.05556
-8.33333
-21.7778
-21.0556
-1.61111
26.4444
39.1667
20.8889
-14
-44.8889
-36.8889
-13.7778
-1.88889
-18.2222
-34.6111
-19.1667
15.5
38.5
36.2222
21.7222
11.8889
7.33333
3.77778
-1.05556
-5.22222
0
0
0
0
2.61111
9.55556
9.11111
3.33333
-15.8333
-20.5556
-17.7222
-6.5
4.5
10.0556
17.5
7.83333
-10.5556
-23.0556
-16.8889
-1.11111
-5.61111
-23.8889
-27.8333
-2.66667
29.1667
38.2222
26.6111
13.5556
7.83333
4.72222
-0.833333
-3.27778
0
0
0
0.0555556
5.05556
8.16667
6.61111
-5.5
-19
-19
-11.6111
-5.66667
-2.61111
0.5
17.5556
16.6111
5.05556
-16.4444
-20.0556
-7.27778
0.111111
-10.4444
-24.5
-16.5556
13.1667
33.9444
31
16.8333
6.72222
3.94444
0.5
0.5
0
0
0
1.11111
5.77778
4.61111
0.166667
-13.7778
-18
-13.4444
-0.833333
-3.22222
-6.27778
-7.16667
14.8889
19.8333
12.3333
-9.83333
-19.7778
-12.6667
-0.444444
0.722222
-14
-21.8889
-4.83333
22.1111
32.8333
22.6111
8.66667
2.44444
0.555556
2.5
3.61111
4.77778
6.16667
7.66667
5.77778
-5.22222
-16.3889
-25.3333
-17.0556
-5.94444
8.5
-3.33333
-10.2222
-13.3889
12.8889
19.0556
14.5
-4.38889
-12.4444
-13.4444
-5.94444
2.33333
-3.5
-17.5
-17.5
4.83333
28.1111
28.7222
16.0556
4.16667
0.777778
2.61111
5.94444
6.77778
5.22222
-2.44444
-19
-36.6111
-41.2778
-31.7222
-12.7222
3.44444
13.2778
-1.05556
-13.8333
-17.5556
6.22222
17.4444
14.9444
1.83333
-6.55556
-11.4444
-11.6667
-2.55556
0.833333
-9.77778
-21.3333
-12.5556
14.2778
29.1667
26.1667
11.3333
4.11111
2.44444
6.38889
7.61111
-0.0555556
-20.9444
-50.1111
-65.8333
-57.1111
-31.5
-8.16667
7.55556
11.7222
0.0555556
-14.1667
-18.0556
-1.33333
12.7222
14.7222
7.77778
0.0555556
-7.83333
-14.6667
-10.8889
-1.55556
-2.44444
-16.8333
-23.1667
-5.27778
21.2222
33.4444
23.4444
11.6111
3.44444
-1.11111
-3.33333
-23.2222
-55.1111
-84.2222
-77.8333
-47.8333
-15.5
0.222222
8.44444
8.77778
2.61111
-15.1111
-24.2222
-17.7222
5.77778
21.7222
20.6111
8.55556
-4
-12.5
-15.1667
-8.22222
-1.16667
-9.33333
-23.6667
-21.8333
5.16667
32.0556
35
22.3889
6.66667
-6.05556
-12
-36.5556
-60.7778
-69.6667
-39.8889
-13.0556
4.77778
4.22222
4.11111
3.16667
-0.833333
-13.6667
-24.3333
-18.8889
7.66667
28.7222
23.3333
7.88889
-4.94444
-8.83333
-14.6667
-13.2222
-4.94444
-3.55556
-16.9444
-27.5556
-13.1111
18.5556
37.5556
32.4444
14.5
-7.05556
-21.9444
-45.3333
-56.2778
-37.8333
0.5
17.6111
16.4444
6.05556
2.61111
1.55556
-0.777778
-8.38889
-14.6111
-2.72222
17.1667
29.3333
6.5
-7.27778
-13.9444
-5.16667
-10.2222
-14.2222
-11.1111
-3.38889
-9
-23.8889
-26.1667
-1.94444
29.1111
39.6111
26.6111
-5.61111
-27.7222
-41.4444
-36.8889
3.88889
31.5556
32.2778
15.0556
4.05556
1.5
-1
-3.16667
1.83333
11.8889
33.8333
30.3889
12.9444
-28.4444
-31
-22.3333
-3.05556
-5.22222
-11.8889
-13.8333
-7.44444
-4.27778
-15.2778
-29.8333
-22.3889
9.11111
38.1667
39.3889
-9.05556
-34.7778
-40.5556
-21.3889
24.1667
36.6111
28.7222
8.22222
2.66667
1.83333
-0.611111
-0.722222
6.83333
18.6111
33.2222
18.6111
-2
-31.7222
-25.8333
-15.5
-0.555556
-0.388889
-5.61111
-9.77778
-9.55556
-5
-10.5
-27.8889
-34.3333
-12.5556
26.5
45.2778
-20.3333
-41.6111
-37.8889
0
36.4444
38.0556
20.3333
3.5
1.27778
0.555556
-1.33333
-1.5
-3.27778
-5.11111
-7.61111
-4.83333
3.16667
10.6111
12.0556
7.77778
3.33333
1.83333
-0.777778
-4.66667
-8.77778
-9.05556
-11
-25.6111
-38.8889
-30.3333
7.16667
41.6111
-31.0556
-43.5
-29.1667
20.1667
40.6667
34.6111
11.3889
2.11111
1.66667
1
0.888889
0.166667
-16.2778
-39.1111
-57.4444
-25.8333
20.9444
61.2222
48.6667
24.5
4
2.5
3.38889
0.666667
-4.72222
-11.3889
-14.8333
-22.7778
-35.8889
-33.2778
-8.33333
31.8333
-39.1111
-40.5556
-10.8889
33.7778
40.7222
26.4444
5.44444
1.77778
2.05556
1.5
2.05556
0.388889
-19.7778
-48.2778
-64.4444
-23.6667
34.1111
72
52.8333
22.8333
2.44444
0.722222
1.16667
-0.611111
-4.38889
-10.6111
-13.1667
-13.6667
-17.9444
-15.7778
-6.94444
14.3333
-39.5
-30.3333
10.6667
37.1667
35.2222
15.1667
2.83333
2.27778
2.77778
3
3.77778
2.94444
-9.66667
-27.7778
-36
-11.0556
23.1667
40.6111
27
10.6111
3.11111
5.16667
5.44444
3.88889
0.666667
-0.611111
1.55556
8.55556
7.94444
1.38889
-13.1667
-19
-38.1667
-17.7778
25.5556
35.9444
27.5556
7.38889
3
3.55556
4.22222
5.5
6.27778
7.44444
5.11111
-0.388889
-2.77778
2.16667
13.5
16
12.3333
6.22222
4.72222
4.11111
0.944444
-3.66667
-6.77778
-2.11111
11.7222
27.5556
33.8889
13.8889
-19.7778
-52.2778
-25.0556
-0.0555556
30.2222
30.7222
21.4444
10.9444
13.0556
14.5
13.7222
12.7778
10.1667
8.44444
6.77778
5.11111
1.72222
-2.83333
-5.94444
-8.61111
-9.05556
-8.88889
-5.94444
-3.61111
-2.88889
-5.33333
-3.94444
8.27778
31.7778
49.3889
44.2778
4.94444
-40.0556
-69.2222
9.11111
36
43.2778
28.5
9.33333
0.611111
3.61111
5.22222
4.72222
1.16667
-3.61111
-6.83333
-7.88889
-7.44444
-7.38889
-8.5
-8
-8.55556
-9.77778
-13.8333
-14.9444
-15.3333
-14.3889
-15.4444
-10.0556
6
32.6111
49.5
43.1111
7.44444
-27.9444
-46.5556
0
0
0
0
1.2
5.78
11.54
15.16
19.72
23.08
16.88
6.3
-0.88
-9.98
-19.08
-12.84
4.2
26.24
50.82
68.14
63.92
40.28
2.74
-38.52
-67.02
-77.2
-69.36
-50.52
0
0
0
0
2.38
8.46
13.14
14.64
18.06
20.3
12.86
5.76
3.04
-3.24
-9.46
-0.68
17.18
39.24
57.92
63.78
47.72
14.68
-28.24
-61.88
-77.44
-72.88
-55.7
-31.98
0
0
0
0.62
4.42
10.9
14.06
12.62
12.28
11.44
4.88
2.52
7.02
9.26
9.12
19.54
35.56
49.2
55.34
48.04
21.58
-16.74
-53.2
-75.42
-77.54
-62.1
-39.06
-16.44
0
0
0
1.64
6.9
12.78
13.98
9.68
4.56
-0.86
-5.18
-1.86
10
20.74
29.06
40.38
48.98
52.24
47.18
26.9
-6.86
-40.14
-66.74
-77.72
-67.92
-46.22
-23
-3.9
0
0
0.06
2.98
9.36
13.96
13.44
9.18
1.6
-8.26
-10.8
-2.52
10.84
24.24
40.54
50.88
50.56
46.04
33.44
4.26
-28.74
-52.42
-68.06
-67.88
-51.78
-29.44
-9.8
4.42
0
0.02
1.16
5.3
10.98
13.94
11.84
6.84
-1.28
-10.54
-11.86
-0.66
12.56
25.06
41.4
48.78
42.5
31.52
14.6
-14.66
-39.58
-53.98
-58.42
-50.8
-33.76
-16.14
-1.68
6.62
0
0.12
2.52
7.78
12.32
13.2
9.88
5.46
-1.68
-8.16
-8.08
3.58
12.98
20.72
28.06
31.76
22.38
7.98
-8.16
-24.3
-38.74
-44.3
-39.38
-28.82
-16.82
-5.28
3.74
7.02
0
0.5
4
9.24
12.14
11
5.72
3.44
1.18
-0.26
1.26
12.72
13.18
7.08
2.5
1.56
-9.18
-18.66
-22.78
-24.44
-26.16
-22.32
-14.14
-5.36
2.08
6.92
9.16
8.86
0
1.54
6.2
10.56
11.58
8.8
1
0.9
5.7
11.18
13.86
24.1
14.06
-6.12
-24.72
-30.04
-39.52
-41.22
-35.94
-22.88
-12.76
-2.36
7.62
16.18
18.52
16.82
12.6
9.46
0.34
2.96
8.62
11.54
10.34
5.44
-3.84
-2.16
8.88
22
27.06
34.1
14.42
-16.1
-46.86
-56.18
-62.62
-57.32
-45.44
-21.86
-3.58
11.38
24.3
32.74
31.58
24.94
15.8
9.12
0.94
4.4
8.9
10.46
7.82
0.66
-9.04
-7.56
3.66
20.04
28.14
32.12
13.28
-16.5
-50.14
-61.98
-67.04
-61.36
-47.32
-21.68
-0.9
18.24
34.82
43.38
41.62
33.64
21.44
11.34
1.82
5.76
8.62
8.48
4.72
-4.34
-14.7
-15.06
-3.98
13.02
23.38
26.92
14.08
-12.74
-42.52
-54.74
-60.2
-56.62
-42.92
-22.4
-3.68
18.36
37.36
47.36
47.94
41.32
26.6
14.12
2.76
6.46
7.82
6.08
0.74
-8.6
-17.68
-20.88
-11.08
5.74
15.96
18.78
15.12
-4.3
-29.14
-39.66
-45.44
-46.76
-39.22
-24.58
-10.12
11.02
31.24
44.56
48.22
43.52
29.3
16.44
6.68
7.4
5.24
-0.66
-9
-17.42
-22.02
-26.54
-17.78
-1.26
7.98
9.36
16.16
5
-14.1
-23.36
-28.48
-36.84
-34.66
-26.3
-15.04
1.6
22.1
37.46
45.2
42.9
32.78
20.66
0
-5.1
-13.46
-22.8
-28.02
-30.36
-27.74
-29.46
-20.18
-6.88
-1.14
-0.48
15.24
11.68
-1.7
-8.16
-13.08
-26.38
-29.12
-25.2
-18.64
-6.74
10.3
27.14
38.34
40.88
35.76
26.56
-10.58
-21.2
-34.32
-44.4
-45.08
-40.42
-31.32
-28.3
-17
-7.68
-5.14
-4.94
13
12.8
3.86
-0.58
-4.56
-18.3
-24.5
-23.3
-20.54
-13.62
-1.86
15.04
29.14
36.6
36.94
31.86
-23.96
-39.56
-56.2
-63.58
-59.6
-47.24
-31.44
-22.42
-13.12
-8.34
-8.9
-10.12
5.48
11.66
9.74
6.3
2.64
-10.26
-19.7
-23.34
-22.42
-19.96
-12.02
2.18
18.68
29.72
37.44
36.82
-39.16
-59.3
-77.02
-79.94
-69.7
-51.32
-30.08
-16.14
-10.36
-9.3
-10.02
-11.92
0.38
12.58
15.02
9.54
5.36
-6.4
-18.44
-24.76
-24.48
-24.56
-20.28
-9.3
6.74
21.32
35.44
40.42
-61.76
-82.82
-95.22
-87.38
-67.56
-44.94
-21.48
-6.08
-4.62
-7.46
-5.96
-7.32
0.62
13.36
17.2
6.98
1.52
-7.74
-19.64
-26.32
-26.02
-27.12
-26.72
-19.24
-5.82
11.34
29.68
40.66
-65.88
-80.7
-80.5
-62.64
-43.92
-25.1
-6.54
2.54
-2.54
-6.38
-0.18
-0.94
3.26
14.72
19.16
3.14
-2.48
-10.12
-20.8
-27.8
-25.54
-28.42
-29.96
-26.88
-16.52
-0.76
20.34
36.48
-64.54
-70.38
-57.48
-34.96
-19.24
-4.66
7.1
8.22
-2.36
-6.38
0.34
-0.16
1.58
13.88
19.04
3.06
-2.06
-8.32
-18.18
-25
-22.34
-26.72
-30.08
-31.8
-26.72
-14.4
6.96
27.44
-59.24
-53.88
-30.02
-8.22
4.3
13.16
16.08
8.94
-2.14
-5.38
1.84
2.6
4.62
14.34
17.9
3.1
-1.08
-6.04
-14.58
-20.06
-18.06
-23.18
-29.74
-35.24
-36.2
-27.76
-9.58
13.52
-49.86
-32.32
-2.18
16.54
24.96
27.8
22.14
9.74
-0.24
-4.98
-0.14
0.6
2
8.8
15.66
6.28
3.86
0.44
-6.24
-13.02
-13.14
-18.76
-26.7
-35.64
-41.42
-36.64
-22.32
-0.38
-32.8
-4.64
24.88
37.16
39.2
35.16
21.86
7.38
-4.04
-12.16
-13.34
-13.02
-11.44
1.16
16.88
19.98
19.7
17.22
8.42
-2.62
-7.98
-14.14
-21.78
-32.2
-39.5
-37.38
-26.62
-8.68
-21.12
11.7
34.44
40.6
40.84
33.1
17.06
5.28
-6.58
-18.94
-26.92
-26.9
-24.68
-5.24
19.62
35.44
36.9
35.98
25.74
11.52
0.8
-4.42
-11
-20.58
-29.8
-30.7
-26.72
-17.9
-9.18
22.96
38.52
41.4
40.08
29.1
14.32
7.44
-1.36
-14.82
-23.02
-22.38
-20.24
-1.68
26.34
43.46
43.82
41.74
30.22
12.24
-1.62
-6.52
-10.3
-15.5
-20.72
-20.42
-20.5
-20.72
6.56
33.64
43.8
46.66
44.22
31.42
19.72
15.28
5.52
-9.3
-19.72
-22.34
-24.16
-10.62
12.2
26.42
25.7
24.36
16.32
2.84
-6.16
-4.88
-0.5
2.36
4.36
5.42
-0.26
-11.76
28.68
43.16
43.06
39.2
31.12
16.16
6.7
3.5
-5.72
-18.42
-27.12
-28.08
-27.94
-14.18
5.54
18.76
18.76
17.84
11.08
0.56
-5.66
-1.16
8.86
19.1
28.54
29.9
19.16
-2