-8
-6.25
-1.625
1.75
4.75
6.5
5.5
2.375
-0.75
-2.375
-1.5
1
2.75
3.625
4
2.375
1.125
0.875
0
0.75
1.375
1.375
1.625
0.625
-0.875
-2.25
-3.125
-3.5
-4.625
-5.25
-4.875
-3.25
-0.5
1.5
-2.75
-3.5
-2.125
-0.375
2.625
4.875
4.5
1.875
-0.5
-1.375
-0.625
1.125
1.75
1.625
0.875
-0.75
-1.625
-1.625
-1.5
0.25
1
0.75
0.625
-1.125
-3.125
-3.75
-4.125
-3.25
-4.375
-7.625
-10
-11.25
-9.125
-4.75
1.875
-0.875
-4
-5.625
-4.625
-1.75
0
0
-0.125
-0.625
-0.75
-0.375
-0.625
-1
-1.375
-1.25
-0.375
-0.25
0.125
0.5
-0.625
-1.875
-2.875
-3.625
-4
-3.375
-3.5
-2.25
-2.875
-6
-8.5
-11.625
-11.875
-8.75
2.25
-0.75
-4.375
-7.375
-8.25
-5.75
-2.75
-0.75
1
0.625
-0.625
-0.875
-0.75
-0.375
0.25
1.5
5
6
6.375
4.75
-0.5
-4
-6
-5.375
-3.75
-2.125
-2.375
-2.375
-2.875
-4
-4.125
-5
-5.125
-4.375
-1.875
-3.375
-4.375
-5.25
-5.125
-3.625
-1.625
0.25
1.25
1.375
1.125
1.25
2.5
3.75
4.625
8
15
18.5
19
14.5
4.625
-2.125
-4.875
-4
-2
0
0.25
-1.375
-2
-2
-0.75
1.5
3.25
3.875
-5.625
-4
-2.75
-1
0.5
0.375
0.125
0.875
0.5
1
2.75
3.5
4.75
6.25
7.125
11.75
17.25
22.25
23.875
19
11.75
4.125
-0.125
-0.375
0.75
2.125
2.625
0.375
-1.125
-0.75
0.875
3.625
5.75
6.25
-2.625
0.875
2.5
3.125
2.625
0.75
0.125
1.25
1.625
2.25
3
2.75
2.5
4
6.25
8.625
7.875
11.625
16.75
18.5
20.375
15.125
7
2.75
2.125
2.375
2.125
0.5
-1.75
-1.75
-0.5
0.875
1.875
1.75
1
3.125
3.625
2.125
-0.75
-2.625
-2
0.375
3.25
4.375
3.125
1.125
-0.5
0.625
5.375
8.625
6.25
6.75
12.75
18.25
24.125
23.25
13.5
5.25
2.5
2
1.5
1.375
0.25
-0.5
-0.375
-0.625
-1.125
-1.125
-0.625
-0.125
-0.25
-1
-3.375
-4.625
-3.625
-1.375
2.25
3.375
2.125
0.5
-0.125
3.125
10.375
16.25
14.25
9.5
8.875
11.5
17.75
21.25
16.25
8.25
3.5
1.625
1.625
3
3.625
3.125
2.125
0.625
-0.5
0.375
-0.875
-0.375
-0.125
-0.25
-1.5
-3
-2.875
-1.625
0
0.25
-0.25
-0.5
2.75
12.125
20.75
22.125
19.5
10.25
2.75
7.875
14.5
18.875
19.5
13.25
6.125
2
2.375
4.25
5.375
5.875
4.375
2.75
2.25
3.375
0.75
0.875
1.5
1.25
1
0.375
-0.5
-0.75
-1.375
-1.75
-1.375
0.5
7.875
18.5
21.125
16
22.625
18.125
13.75
22.375
19.125
20.375
24.25
19.875
10.875
4.75
4.75
5.75
6
6.125
4.875
4.5
4.875
4.75
1.25
0
-0.125
0.125
1.625
4.125
3.125
1.625
-0.5
-2.125
0.375
6.25
13.25
12.5
4.5
6.875
29.875
45.75
50.125
41.625
20.875
16
22.625
24.875
18.25
9.625
6.125
5.5
4.5
2.75
1.875
2.5
3
1.75
2.25
-0.75
-2
-1.5
0.75
4.375
4.125
2.625
0
-2.375
0.75
8
10.625
1.5
0.125
17
37.5
69.25
74.125
44.25
21.625
7.375
8.25
17
19.125
11.625
4.75
2.875
1.625
-0.25
-1
-0.625
-1
-2.75
0
-1.75
-1.875
-1.5
-0.75
-0.125
0
-1.5
-2.75
-2.75
0.25
6.25
8.5
9
20.125
31.375
17.625
27.5
29.125
15
21.625
11.125
1.125
2
8.75
8.625
2.875
0.5
-0.25
-0.5
-1
-1.5
-2.375
-3.5
-3.25
-0.5
0.875
0.75
-0.625
-3.125
-3.75
-4.875
-4
0.25
7.25
13.25
16
22.875
29.25
23.25
-15
-39.5
-40
-25.75
10.25
23.75
15.875
7.125
7.125
9.375
4.125
-0.25
-0.625
-0.5
-0.125
-1
-1.25
-0.375
-1.5
1.5
1.875
1.625
0
-3.25
-4.5
-4
0.25
10.375
19.625
20.875
17.375
18.875
24.125
15.25
-8.125
-38.125
-45.125
-24.75
5.5
27.75
25.125
20.5
16.875
17.25
12.5
3.625
1.25
0.625
1.25
0.875
1.125
2.875
-0.75
-1.375
-2.25
-2.25
-2.5
-3.75
-4.375
-2.375
6.625
19.5
23.25
18
14
19.75
32.25
31.125
21
-2.125
-10.25
9.375
25.25
31.25
24
19.25
18
21
21.75
11.625
4.625
3.5
2.875
2.625
2.375
3
-3.5
-5.375
-6
-6.25
-5.75
-4.5
-3.875
-1.125
7.25
13
9.75
8.625
18.25
35.375
48.75
52.625
36.25
18.125
15
28
44
42.625
31.75
17.75
11
11.125
17.75
15
6.75
5.25
3.75
3.25
2.375
1.5
-6
-7
-7.25
-7.375
-6.75
-4.5
-2.75
0.625
2.75
0
-2.125
6.125
25.75
42.625
48.625
49.25
31.75
23.5
23.125
23.5
39.625
46.875
42
25.625
10.5
1.25
5.25
11.375
7.25
3.875
3
3.5
3.625
2.75
-6.5
-7.875
-7.875
-6.875
-5.75
-4
-2.125
3.5
5.125
3.5
8.5
18.875
32.25
38.5
34.25
27.375
17.625
19
20.125
15.5
23.75
35.625
43.375
38.625
24.25
13.625
6.125
8
8.375
0.625
0
2.125
4.5
5.5
0
-1.875
-2.625
-2.5
-2.25
-2.625
1.125
10.875
14.5
15.375
22.375
29.5
35.875
37.125
27.5
16
12
18.25
20.125
15.5
15.25
22.75
37.25
41.5
32.375
27.75
16.125
12.375
14.625
3
-1.25
1.375
7
10.5
8.625
8.5
6.375
4.125
2.5
1.875
10.875
18.625
15.5
16.75
23.125
31.875
40.875
39.625
24.875
12.625
14.375
24.125
26.375
21.75
15.875
17.25
30.625
35.25
28.5
23
17.25
16.25
19.75
12.25
1.875
0.875
5.5
8.5
9.25
11.5
10.75
8.875
7.625
9.375
15.875
12.5
6.375
14.625
27
41.5
47.625
35.125
15.125
3.25
12.125
18
19.125
18.625
8.25
9.75
24.5
39.125
38.375
25.25
16.375
8.375
9.5
13.625
5
-3.375
-7.625
-8.75
5.75
9.875
12.5
12.75
12.875
14.375
10.25
1
5
19.125
35.375
47.5
40.25
20.625
3.625
-11.125
-4.5
-13.375
-15.5
-6.5
-13.5
-2
13.625
36.375
49.75
38.5
22.75
7
-2
6.25
7.25
-4.125
-14.625
-19
0.625
5.375
10.25
13
15.25
15.375
8
4.625
16.625
27.625
37.25
38.125
21.25
5.875
-3
-17.5
-19.25
-33.25
-35.875
-22.875
-20.875
-6.25
3.75
20
41.625
43.75
32.25
21.375
6.375
6.375
11.625
3.625
-6.875
-13.125
-4.75
-1.875
2.125
7
13.625
16.875
12.625
14.375
19.625
21.875
22.875
12.875
-3.75
-15
-17.75
-19.375
-18.625
-15.5
-14
-11.125
-10.625
-12.5
-11.875
-4.625
12.25
26
24.5
22.875
17.125
12.25
17.375
14.625
5.375
-2.25
-6.125
-6.625
-5.375
0.25
9.875
14.25
11.125
8.5
-2.875
-13.875
-26.25
-46.625
-61.375
-71.875
-70.125
-56
-37.625
-15.25
-11.875
-23.75
-40.5
-60.25
-65.5
-61.125
-48
-27.75
-14.25
-4.25
6.75
12
19.625
23.25
16
7.125
-3.625
-4.625
-3.375
1.25
6.625
2.375
0.75
-10.125
-32.875
-55.125
-87.25
-114.25
-129
-135.375
-133.125
-117.625
-91.5
-71.25
-68.875
-83.625
-109.5
-129.125
-134.25
-131.5
-119.625
-96.5
-63.375
-40.25
-15.625
3.125
8.5
16.875
14
6.375
-1.625
1
5
8
6.875
1.375
3.875
-2.875
-15.625
-33.75
-62.125
-80.375
-90.125
-90.75
-92.625
-87.625
-77.75
-74.875
-74
-80.375
-91.375
-96.875
-98.125
-98.75
-93.625
-77.375
-47.25
-24.75
-6.25
3.875
-1.5
-1
-1.125
-2.75
-3
0.125
3.875
4.375
1
2.375
4.75
9.5
16.5
16.5
16.125
16
15.75
17
14.625
12.375
7.75
2.125
1.625
5.5
12.5
18.5
22.125
21.25
22.625
25.875
27.25
28
17.125
2.875
-8.25
-16.875
-14.75
-8.875
-3.375
-4.125
-4.25
-7.75
-14.25
-17.5
-21.25
-15.375
0.375
16.25
34.625
47.125
53
55.875
56.875
55.25
52.5
52.5
54.875
63.125
72.375
77.5
80.75
80.625
81.5
73.75
54
32
0.25
-22.625
-29
-30
-20.75
-10
-1.375
-3.875
-6.375
-11
-19
-25.75
-31.125
-25.5
-6
16.25
41.125
59.125
67.375
72.875
76.25
78
81.125
85.375
88.625
89.375
88
86
84.25
83.625
80
66.125
41.375
12.875
-15.625
-32.625
-33.625
-26.25
-14.375
-4.875
0.625
-2.625
-5.875
-8.875
-12.75
-14.375
-14.375
-7.125
10
28.625
47
59.625
65.25
68.375
71.625
74.375
76.625
77.375
76
69.25
60.875
54.625
49.625
48.375
44.125
38.25
24.125
7.375
-5.375
-15.75
-14.5
-6.875
0.875
5.625
2.125
-2.625
-6.875
-8.875
-8.375
-4.875
-0.125
4.625
13.125
19.75
19
14.5
6.75
-0.125
-1.125
0.875
0.875
-1.5
-4.875
-9.75
-14.875
-18.5
-20.125
-18.125
-13.25
-3.625
1
2
2.25
-1.375
0.125
4.125
6.375
7.5
-1.75
-2
-0.375
0
-0.75
-3.75
-4.75
-1.125
-1.25
-6.875
-6
1.75
5
2.125
2.5
6.125
2.875
-4.375
-6.25
-3
1.125
3.125
1.375
-2.625
-5.625
-7.25
-3.875
3
8.875
15
11.625
-0.25
-6.25
-5.5
-0.25
-0.75
0.125
2.125
2.875
-1.125
-6
-5.625
-4.5
-6.125
-3.375
3.375
5.25
2.125
2.875
5.5
1.375
-4.125
-5.25
-3.25
0.75
3
1.125
-3.625
-7.625
-8.25
-3.125
3.75
7.625
11.875
10.25
1.5
-3.875
-3.25
-1.375
-2.375
-0.25
3.625
4.875
1.25
-5
-8.5
-7.375
-4.875
-1.25
3.375
4.625
2.5
3.375
4.25
0.125
-3
-4.125
-3.75
-0.375
2.125
0.875
-4.125
-8.75
-8.375
-2.5
4
6.625
8.5
8
2.625
-1.625
-0.75
-3.75
-6
-2.375
3.875
6.25
4
-2
-8.75
-9.75
-4.875
0.125
3.125
4
3.375
4.25
3.75
2.25
1.25
-4.625
-8
-4.25
-0.5
0.25
-3.375
-8.25
-7.875
-2.125
3.625
5.875
6
5.125
2.75
1.125
2.625
-6.125
-9.375
-3.875
4
7.125
6.375
0.875
-8
-10.5
-4.875
1.125
3.5
3.75
4.25
5.625
6.5
9.25
6.25
-8.75
-16.25
-10.875
-4.375
-0.375
-1.25
-5.75
-7
-2.75
2.375
5.25
5.75
5
3.25
2
3.875
-6.875
-9.25
-3
3.5
6.25
7.375
3.125
-6.625
-10.75
-5.5
1.75
4.75
4.25
5
7.375
9.5
14
10.5
-8.375
-21.75
-19.5
-10.375
-1.875
0.625
-3
-6.125
-4.125
-0.125
3.625
7
8.125
5.125
2
3.5
-4.875
-7.125
-2.5
2.125
5.125
7.5
3.875
-4.75
-9.125
-6
1
5
4.75
6.5
10.5
13.125
16.375
13.125
-3
-20.25
-27.375
-20.375
-6.75
0.5
-1.375
-5.125
-4.875
-2.75
1.25
8
11.5
7.125
1.875
3.25
-2.75
-4.125
-1.625
0.375
3.75
7.125
4
-2.875
-6
-5.125
-0.875
3.625
5.25
8.375
14.625
19.625
17.75
9
1
-12
-29.625
-30
-14.25
-2.25
-0.75
-4
-5.5
-4.625
0
8.5
13.125
7.875
1.125
2.875
-0.625
-0.625
-1.25
-3
0.875
6.625
5.375
-0.125
-3.25
-4.875
-3.625
1.5
6.625
13.875
22.875
23.5
9.5
-1
7.375
2.75
-25.25
-37
-23.75
-8.25
-2
-3.375
-6.125
-5
0.625
8.125
11.875
7.125
1.25
3.875
1.375
1.125
-2.375
-5.75
-1.25
5.75
6.375
2.875
-0.25
-5
-7
-0.5
10.75
24.625
33
21.375
-1
-6.5
9.5
12.625
-15
-38.625
-34.5
-17.25
-4.875
-3.5
-6.125
-3.5
2.375
7.125
9.125
6
2.25
4.875
1.5
1.375
-2.25
-5.5
-1.75
4.625
6.25
4
0.875
-5.25
-7.875
1.25
17.875
34.75
35.375
13.25
2.375
4.625
0.25
3.375
-3.875
-29.875
-41.5
-28.875
-10.375
-4.5
-5.75
-1.5
3.5
5.125
6.375
6
4.125
5
0.25
0
-1.875
-4.375
-1.375
5.625
6.625
1.875
-1.25
-5.875
-5.375
8
25
35
28
15.375
28.125
26.5
-16.125
-26.875
-6.875
-13.75
-35.875
-38.875
-21.25
-8.375
-5.625
-0.5
3.25
3
4.625
6.75
5.75
4
-2.75
-2
-1.5
-2.5
-0.25
6.625
6.625
-0.875
-4.5
-6.375
-1.75
15
30.875
32.5
25.125
28.5
51.5
43.75
-21.125
-56.5
-29.625
-8.875
-24
-40.75
-30.375
-13.125
-6.25
-0.625
2.125
1.5
4
7.625
6.5
1.5
-3.5
-3
-1.375
-1
1
7.625
6.5
-4
-7.5
-5
4.75
24.5
36
27.5
19.875
39.625
59.125
37.25
-15.375
-54.25
-44.375
-15.875
-17.125
-37
-36.75
-18.875
-8.125
-2.25
1
1
3.5
7.5
6.625
0.5
-3
-2.75
-1.375
-1.25
0.875
7.375
5.75
-5.125
-8
-2
13.75
34
34
16.625
24.75
60.25
45
1.5
-3
-25.5
-50
-27.25
-11.375
-29.375
-40.875
-27.625
-13.125
-4.5
1.125
2
2.875
6.25
6.5
1.375
-1.75
-3
-1.625
-0.625
0.5
3.75
3.25
-2.25
-2.25
6.375
21.875
32.625
24.875
20.125
49.375
65.75
-5.125
-46.125
23.375
30
-40
-51.5
-22.375
-17.75
-32.125
-34.75
-23
-8.125
1.5
2.875
2.25
4.875
6.375
3.125
0.5
-4.125
-2.25
0.5
0
0.25
1.625
1.625
6.875
18.25
26.75
25.25
20.5
36.75
69.75
51.875
-55.5
-86.125
41.25
87.375
-8.5
-68.75
-48.5
-16.5
-18.5
-36.5
-34.75
-14.625
0.875
3.75
1.875
3.125
5.875
5.5
-0.25
-5.375
-2.25
1
-0.5
-1
1.625
5.125
15.25
27.5
26.25
17.625
26.75
59.875
84.75
39.625
-85.25
-107.875
45.25
115
17.75
-69.375
-72.75
-32
-10.75
-30.375
-42
-22.25
-1.75
4.25
2.5
1.75
4.625
6.5
-2.25
-6.5
-2.25
1.625
0.25
0.5
3.5
7.875
21.5
33.25
23.875
14.875
42
85.375
89.375
21.25
-103.25
-114.5
49.125
127.25
35.625
-63.375
-91.5
-55.125
-13
-20.5
-41.75
-29.875
-7.25
3.375
4
2.25
3.875
6
-5.5
-6.125
-0.875
1.875
0.5
2.75
6.125
12.25
29.125
34.5
18.25
21.625
67
102.25
77
3.375
-106.625
-114.5
47.875
128
47.75
-47.625
-95.375
-75.625
-28
-18.375
-36.125
-36
-16.375
0.875
5.75
4.625
4.5
5.25
-6.5
-6.125
-1.875
0.25
0.75
4.625
10.375
22.375
33.5
22.625
14.875
45.75
92.375
98.625
53.5
-6.5
-99.75
-110.25
45.125
120.25
51.25
-25.75
-82.75
-95.25
-58.125
-18.5
-18.125
-37.125
-30.375
-6.25
7
9.875
9.75
6.75
-6.625
-6.5
-3.375
-1.125
1.25
6.375
17.375
32.875
29.75
12
28.625
74.625
98.125
76.625
31.875
-9.125
-88.625
-98.875
44.375
106.5
44.375
-10.5
-57.625
-91.75
-87
-39.5
-6.5
-27.25
-41.25
-19.25
4.375
14.875
14
6
-5
-6
-4.5
-3.125
0.625
8.375
22.125
35.25
25.625
16.375
51.25
93
90.125
52.625
14.875
-13.5
-79.625
-86.25
40.125
94.125
40.5
-1.25
-33.75
-71.625
-98.125
-69.75
-16.375
-18.125
-40.5
-29.375
-3.25
14.375
15.625
6
-0.5
-3.625
-5
-5.5
-0.625
10.125
25
32.5
21.5
28.625
74.875
101.5
74.5
30.625
2.875
-21.875
-78.25
-76.875
35
89
45.25
7
-16.625
-52.875
-94
-88.5
-37.75
-16.5
-32.25
-34.75
-13.25
8.625
13.375
5
3.375
1.375
-1.75
-5.5
-0.25
13.625
24
22.375
22.875
54.375
95.25
92.375
50.75
14.625
-2.5
-30.75
-81.5
-70
32.375
88.875
52.375
11.75
-4.75
-29
-75.375
-102.5
-70.5
-24.625
-19.125
-32.625
-23.875
-2.125
5.125
0.375
7
5.875
1.125
-3.25
5.125
19.375
15.625
7.375
32.625
79.375
97.375
70.125
30.25
7.25
-3.5
-34.625
-80.875
-62.5
31.25
85.875
54.375
13.25
0.125
-12.875
-50.5
-95.75
-96
-43.875
-6.125
-18.75
-29.875
-15.375
-3.875
-2.75
8.125
7.625
3.875
2.75
14.375
21.75
3.375
-2.25
38.125
79.625
77.25
44.875
17.625
4.625
-2.375
-28.25
-65.375
-47.5
25.375
68.25
45.75
12.5
1.5
-4.375
-26.25
-70
-95.25
-56
0.75
0
-25.625
-26.25
-15.25
-8.375
8.625
8.875
6.625
8.5
21.125
18.625
-7.25
-6.875
28.875
56.125
50
25.25
9.25
3.125
-0.625
-17.125
-43
-29.75
20.625
45.125
27.75
7.125
0.75
-1.25
-12.375
-41.75
-65.625
-44.75
3.875
14.875
-15.5
-32.875
-24.75
-12.625
9.625
10.5
9.75
13.75
25.625
18.125
-9.625
-8.625
17.625
32.75
27.875
12.375
3.875
1.5
0.125
-6.125
-20.5
-16.125
10
22.875
15.125
4.875
0.375
0.5
-3.125
-20.125
-38.25
-29.75
5.75
18.625
-13
-38.5
-31.125
-14
9.5
11.125
12.875
16.375
22
9.875
-10.25
-3.5
10
14.75
14.125
7
3
1.25
0.375
-2.125
-9.25
-8.625
3.375
15
15.25
4.75
-1.875
1.5
5.375
-4.875
-22.5
-23.25
-1.625
11.625
-11.25
-35.625
-30
-12.375
10.375
13.375
14.75
14.25
12.5
1.25
-6.5
6.125
16.625
18.75
16.625
10.625
5.5
1.625
-0.125
-3.75
-9.75
-8.5
5.375
20.375
19.875
5.25
-2.75
1.375
5.25
-6.5
-27.75
-32.5
-17.5
-4.625
-14.25
-27.5
-21.25
-6.75
10.375
13.875
13.875
10.75
5.5
-1.25
-2.125
15
38.75
45
32.125
19.125
10.875
3.875
0.25
-4.25
-11.125
-9.375
6.625
23.125
22.25
6.25
-3
0.375
2.75
-16.625
-53.875
-62.625
-37.375
-19.625
-18.875
-17.75
-9.625
-0.875
7.375
11.375
10.375
6.375
0
-6.125
-2.625
22.875
58.75
69.375
45.75
21.875
13
7.875
2.625
-4.625
-11.875
-7.375
9.25
21.75
18.375
3.625
-4.125
-0.125
1.875
-22
-71.875
-89.625
-56.625
-25.25
-13.5
-5.375
1.625
3.625
3.625
8.125
6.625
3.125
-1.375
-4.375
0.875
27.875
74.125
89
49.75
12.75
7.25
9.375
4.875
-3.625
-8.875
-5
6.125
14.5
12.125
2.75
-1.875
1.875
4.25
-21.125
-79.75
-105.75
-67.25
-25.375
-9.125
-0.125
6.125
6.25
-4.27778
-3.33333
-0.888889
0.944444
1.83333
1.55556
1.38889
1.16667
0.222222
-0.833333
-0.555556
1.16667
1.88889
0.944444
0.555556
0.777778
0.611111
0.277778
-0.111111
0.388889
0.166667
-1.22222
-2.61111
-3.27778
-3.83333
-4.11111
-6.05556
-7.83333
-8.61111
-9.33333
-9.38889
-8.72222
-2.33333
-3.61111
-4.05556
-3.16667
-1.77778
-1.22222
-0.5
0.611111
0.777778
-0.5
-0.888889
0.5
0.833333
0.0555556
1.11111
2.27778
2.61111
1.88889
1.05556
0.555556
-1.44444
-3.22222
-4.55556
-4.66667
-4.88889
-4.27778
-5.33333
-7.22222
-8.72222
-10.1111
-10.1667
-9.94444
-2.77778
-4.88889
-6.72222
-6.16667
-4.38889
-3.16667
-1.83333
0.0555556
1.16667
0.333333
0
1.16667
1.88889
3
6.83333
9.44444
10.1667
8.83333
6.88889
3.94444
-1
-3.72222
-5.05556
-4.55556
-4.11111
-3.16667
-3.22222
-4.33333
-5.33333
-6.27778
-5.77778
-5.22222
-3.55556
-4.66667
-5.5
-4.77778
-3.22222
-1.94444
-1.05556
0.444444
1.83333
2.11111
2.27778
3.33333
4.77778
7.77778
12.7778
16.7222
18.3333
17.0556
14.5
9.83333
3.44444
-0.722222
-2.83333
-2.72222
-2.16667
-1.72222
-1.66667
-2.16667
-2.27778
-2.16667
-1
0.5
-3.33333
-2.77778
-2.33333
-1.61111
-1
-0.222222
0.388889
1.27778
2.33333
3.27778
4.05556
4.94444
6.94444
11
14.9444
19.6667
23.5556
23.9444
21.5
16.3889
11.2778
6.38889
2.22222
0.666667
0.611111
0.277778
-0.111111
-0.166667
0.333333
0.722222
1.61111
3.5
-1.33333
-0.388889
0.444444
0.777778
0.444444
0.611111
1.33333
2.11111
2.72222
3.66667
4.16667
4.88889
7.11111
10.7222
11.7778
15.8333
22.2222
25.1111
23.6667
19.9444
18.3889
14.2222
8
3.94444
2.16667
1.11111
0.444444
0.388889
0.333333
0.222222
0.555556
2
0
0.222222
0.277778
-0.0555556
-1
-0.888889
0.777778
1.88889
2.27778
2.72222
3.44444
4.88889
7.94444
11.3889
11.0556
13.4444
20.2222
24.5
23.6111
21.1111
22.0556
20
13.3333
7.05556
3.5
2.27778
2.11111
2.16667
1.44444
0.833333
0.666667
1.11111
0.111111
-0.388889
-0.777778
-1.38889
-2.22222
-2
-0.222222
0.611111
0.888889
1.55556
3.38889
7.11111
11.5
14.4444
15.0556
15.5556
18.6667
21.4444
21.4444
21
21.7778
21.6111
17.4444
10.2222
4.94444
3.61111
4.05556
3.88889
2.77778
2.66667
2.55556
2.05556
0
-0.388889
-0.833333
-1.55556
-2.11111
-1.83333
-1
-0.944444
-0.611111
0.777778
4.88889
11.2778
15.7222
17.4444
23.2778
24.1667
21.8333
21.5556
24.2778
27.2222
23.2222
22.2222
21.5
15
8.55556
6.16667
6.33333
5.94444
5.16667
5.72222
5.44444
4.27778
0.666667
0.611111
0.388889
0.388889
0.277778
0.388889
-0.333333
-0.944444
-0.222222
2.22222
7.5
12.5
14.5556
18.2778
32
36.3333
30.6667
29.0556
35.6667
39.3333
28
22.0556
23.6667
20.8333
14.2778
9.05556
7.16667
6.27778
5.77778
6.44444
5.94444
4.27778
1.27778
0.722222
0.555556
1.5
1.88889
1.72222
0.111111
-0.444444
0.666667
3.61111
8.16667
9.5
11.3333
20.2778
38.2778
48.3333
45.8333
44.6111
49.1111
48.2778
33.3889
20.6111
19.8889
21.4444
17.7778
10.7222
6.5
5.11111
4.5
4.5
3.61111
1.66667
0.555556
-0.222222
-0.111111
1.44444
1.88889
1.27778
-0.111111
-0.111111
2.05556
5.77778
8.94444
7.94444
12.1111
26.2778
34.0556
43.4444
47
47.8889
45.7778
37.6111
33
20.1667
14.7222
17
16.7778
10.7222
4.83333
2.77778
1.66667
1
0.277778
-1.38889
-0.5
-0.888889
-0.666667
-0.333333
-0.388889
-1.38889
-2.11111
-1.11111
2.72222
7.44444
9.44444
11.2222
21.6667
32.0556
20.5556
21.4444
30.8889
32.8333
21.5
12.6111
25.6667
22.8889
12.7222
10.8333
12.3333
9.72222
4.27778
1.22222
-0.111111
-1
-1.16667
-1.88889
-1.72222
-0.277778
-0.277778
-1.83333
-2.55556
-3.05556
-2
1.27778
7.55556
12.7222
14.7222
21.2222
32.6111
32.3333
4.22222
-7.5
2.05556
5.5
-6.16667
-9.5
17.5
30.8889
21.6667
12.8333
11.5
11.7778
7.38889
2.16667
-0.0555556
-1.11111
-0.5
0.111111
-1.83333
-0.0555556
-1
-3.77778
-4.38889
-3.44444
0
6.05556
12.5556
16.3889
19.3889
29.8333
40.8333
31.6667
5.72222
-8.55556
-1.72222
0.666667
-8.55556
-6.16667
17
37.7222
32.5
20.1111
14.6667
15.5
13.5
6.33333
2.33333
1
1.61111
2.83333
-3.55556
-2.5
-3.77778
-5.66667
-5.44444
-3.05556
2.83333
10.1111
13.9444
16.2222
24
38.3333
45.1111
36.1111
22.5556
14.0556
13.8333
13.7222
12.1111
15.0556
26.0556
41.3333
41
27.3889
17.5
16.9444
17.8333
11.6667
5.44444
3.44444
3.16667
4.16667
-5.88889
-6.61111
-7.38889
-7.16667
-6.16667
-3.11111
2.83333
8.38889
9.22222
12.6111
26.1667
41.4444
46.0556
44.7222
43.7778
41.8333
34.3333
31.2222
36.3889
39
39
40.8889
42.1111
31.6111
18.6667
13.2778
15.3889
14
8.05556
5.11111
3.88889
4.44444
-8.27778
-9.94444
-9.61111
-7.55556
-6.05556
-2.22222
2.83333
5.61111
6.5
14.2222
31.1667
42.6667
44.1111
49.8333
52.5556
50.2222
37.4444
33.5556
44.2778
48.7778
47.8889
41.7778
41.8889
37.1111
23.7222
12.5556
10.8889
12.3333
9.5
5.16667
3.61111
4.16667
-6.11111
-7.88889
-7.55556
-5.88889
-3.5
2.44444
5.55556
6
11
23.9444
37.3889
39.8889
40.0556
48.1667
48.2222
42.1667
30.1667
27.5
38.0556
46.2222
49.7222
41.1667
38.3889
41.2222
32.3889
17.4444
8.77778
10.3889
11.7778
6.27778
4.88889
5.88889
-0.555556
-1.94444
-2.16667
-1.72222
2.55556
9.33333
10.5556
11.7778
22.0556
37.5556
43.7778
39.8333
40.1111
45.4444
41.6667
34.1111
26.1667
24.9444
31.2778
39.9444
47.7222
42.8889
37.3333
43.2778
42.2222
29.2222
13.9444
9.72222
13.7222
8.83333
5.22222
4.77778
7.33333
6.94444
6.33333
5.88889
10.2778
14
12.7778
17.1111
31.2778
44.8889
44.8333
40.6111
41.9444
40.1111
33.1667
25.2778
21.2222
20.7778
23.3889
31.8333
39.6111
39.8889
35.7778
39
43
35.2778
19.1111
10.3889
12.3889
10.4444
5
1.72222
11.2222
12.0556
12.6111
13.6111
16.0556
13.5
12.9444
22.9444
37.5
45.5
43.3333
43.6111
42.2778
29.2778
21
11.7778
8.83333
8.44444
9.66667
18.5
25.1111
37.3889
40.5
38.4444
41.9444
40.2222
26.7778
11.3889
6.94444
7.83333
1.27778
-6.22222
11.5556
13.8889
16.6111
19.2778
17.5556
11.7222
15.5556
28.3889
38.5556
40.1667
39.7222
42.0556
34.1667
11.8889
3.27778
-8
-11.0556
-11.5
-10.0556
0.888889
6.5
27.7778
41.3333
38.8333
37.7222
39.6667
33
17.1667
4.11111
4
1
-7.94444
6.11111
10
15.6667
20
16.4444
13
21.0556
31.2778
33.0556
28.6111
28.3889
26.9444
13.1111
-9.33333
-15.3333
-22.6667
-24.4444
-24.3333
-23
-14.1111
-10
10.3889
29
32.2222
29.7222
34.3889
35.6111
24.9444
9.38889
5.27778
5.44444
-2.38889
-0.333333
4.61111
12.4444
16.3889
12.8889
13.5
19.2778
19.3889
8.77778
-2.72222
-7.88889
-18.2778
-33.5556
-46.0556
-43.3333
-40
-38.7222
-37.6111
-37.2778
-35.7778
-39.2778
-32.4444
-15.5
-3.38889
-0.388889
8.22222
20.4444
24.0556
15.8889
10.5556
13.1667
9.83333
-4.16667
0.888889
8.27778
9.44444
8.05556
8.16667
4
-9.77778
-32.2778
-51.3333
-67.8333
-86.5556
-99.8889
-100.5
-88.5
-74.8333
-70.5
-69.0556
-70.1111
-77.5
-90.1111
-97.7222
-87.4444
-69.1667
-53.6111
-38.0556
-14.9444
5.05556
12.5
12.3333
14.1667
15.9444
-3.11111
1.38889
6.22222
5.72222
7.27778
5.61111
-5.72222
-26.6111
-52.2222
-73.7778
-97.3333
-118.5
-129.611
-124.5
-108.444
-94.6667
-91.1111
-90.3889
-91.8333
-102.444
-119.333
-130.222
-123.167
-104.333
-80.7778
-60.7778
-34.5556
-8.5
6.94444
10.8889
9.72222
12.6667
-0.277778
2.33333
2.83333
0.833333
3.94444
0.666667
-11.0556
-28.1111
-44.5
-59.0556
-79.3889
-93.8333
-101.444
-97.2778
-88.3333
-81.8889
-80.1667
-79.3333
-78.7778
-85.2222
-94.6111
-100
-95
-82.2778
-62
-46.2222
-30
-13.1111
-2.16667
0.388889
-3.77778
-2.05556
-0.722222
-0.388889
-2.94444
-3.55556
-1.72222
-1.27778
-2.55556
-3.94444
-1.66667
-1.33333
-4.38889
-6.5
-8.61111
-6.61111
-4.55556
-4.66667
-4.44444
-2.38889
0.555556
0.666667
0.444444
2.5
7.5
10.2778
13.1111
13.7778
8.72222
2.88889
-4.05556
-9.94444
-14.8333
-16
-3.33333
-6.27778
-11.7778
-15.2222
-17.5
-15.8333
-9
1.94444
18.1111
32.8333
46.2222
56.0556
60.2222
62.5556
62.2222
62.3889
63.9444
66.8333
70.2222
73.2222
77.1667
79.4444
80.3889
74.2778
61.5556
46.4444
24.7222
3
-15
-24.7222
-26.2222
-24.3889
-5.16667
-9.83333
-15.6667
-19.2778
-23.4444
-19.4444
-6
11.8889
33.2222
53.5556
75.3333
89.8333
95.8889
99
101.667
103.833
105.056
105.333
105.556
106.167
105.889
104.667
101.889
93.6111
74.8889
53.2222
27.8333
3.33333
-15.7222
-25.2778
-23.1111
-18.5556
-4.55556
-9.83333
-14.7778
-17.9444
-20.2778
-16.5
-3.66667
11.6667
26.3889
39.8889
54.5
64.5
66.4444
66.7222
69.6111
72.4444
72.5
69.6111
66.6667
63.9444
59.9444
56.3333
53.2778
50.6667
40
25.6111
11.1667
-2
-11.8333
-17.2778
-13.7222
-7.33333
-3.27778
-1.88889
0.666667
0.833333
-1.61111
-4.22222
-6.27778
-6.94444
-6.66667
-3.38889
0.888889
3.94444
5.11111
5.27778
5
1.44444
-2.94444
-5.72222
-4.11111
-0.722222
1.27778
-0.333333
-4.38889
-8.5
-7.83333
-3.77778
4.72222
10.6111
13.7222
9.44444
2.83333
-2.5
-3.77778
-1.72222
1.83333
3.38889
1.11111
-3.33333
-7.72222
-9.05556
-7.22222
-2.27778
2.33333
5.05556
5.94444
5.83333
5.88889
2.61111
-1.5
-6.44444
-6.83333
-4.33333
-1
-1.11111
-4.55556
-8.55556
-8.11111
-3.94444
3.88889
9.44444
12.2778
9.22222
4.05556
-0.0555556
-4.77778
-1.44444
3.5
5.94444
3.16667
-2.83333
-8.72222
-10.0556
-6.94444
-1
3.66667
5.83333
6.55556
6.88889
8.61111
6.22222
0.944444
-8.27778
-11.8889
-10.0556
-4.55556
-2.27778
-4.38889
-7.88889
-7.88889
-3.94444
2.77778
7.88889
10.6667
9.27778
5.77778
2.66667
-5.77778
-1.88889
4.16667
7.33333
5
-1.72222
-8.61111
-10.5556
-6.72222
-0.111111
4.61111
6.44444
7.22222
8.55556
11.3333
10.1667
4
-8.05556
-15.9444
-16.3889
-10.1111
-4.83333
-4.38889
-6.72222
-7.38889
-4.16667
1.22222
6.16667
9.05556
9.16667
6.88889
4.83333
-6.55556
-3.44444
2.77778
7.05556
6.44444
0.666667
-6.72222
-9.72222
-6.66667
-0.388889
4.27778
6.83333
9.05556
11.7778
14.7222
13.6667
7.66667
-5.5
-17.2778
-22.7222
-17.9444
-10.0556
-5.44444
-5.44444
-6.61111
-4.72222
-0.666667
4.83333
8.66667
9.83333
7.5
5.5
-6.11111
-4.05556
1.22222
6
7.11111
3.16667
-3.88889
-7.88889
-6.5
-1.33333
3.5
7.55556
11.8889
16.6111
19.4444
17.1667
9.88889
-3.77778
-17.5556
-27.5
-25.6111
-16.6667
-7.88889
-4.83333
-5.94444
-5.44444
-2.44444
3.94444
9.22222
11.2222
8.44444
5.88889
-4.33333
-3.55556
0.166667
4.61111
6.88889
4.66667
-1.33333
-5.88889
-6.16667
-2.27778
3.33333
10
17.2778
23.2778
23.3889
17.5556
8.66667
-2.38889
-15.3889
-28.6667
-31.8333
-24.2222
-12.5556
-6.16667
-5.94444
-5.94444
-3.22222
3.38889
9.44444
11.8333
9.33333
6.88889
-2.11111
-2.83333
-0.888889
2.83333
5.77778
5.22222
0.666667
-3.94444
-5.77778
-3.11111
4.05556
14.7778
25.3889
30
24.7222
14.1111
6.22222
-0.111111
-10
-26.1111
-35.6667
-32.2778
-19.7778
-9.88889
-6.83333
-6.16667
-3.16667
3.22222
9.33333
11.7778
9.55556
7.27778
-0.555556
-2.61111
-2.16667
1
4.77778
5.72222
2.22222
-2.72222
-5.72222
-3.33333
6.22222
20.8333
32.2778
33
25.0556
13.9444
9.38889
2.22222
-6.38889
-23.8889
-36.6667
-39.3333
-29.1667
-16.4444
-9
-6.38889
-3
2.61111
8.38889
10.9444
9.44444
7.5
-0.888889
-3.27778
-3.05556
0.833333
5.05556
6.72222
2.55556
-2.38889
-5.66667
-1.66667
9.83333
24.8333
34.2222
35.5
34.2222
27.8889
17.6667
-2.72222
-16.2222
-28.1111
-35
-40.6111
-36.5556
-25.1667
-13.8333
-7.61111
-2.83333
1.94444
7
9.44444
8.94444
7.5
-2.05556
-3.16667
-2.55556
1.5
5.44444
6.83333
1.77778
-3.11111
-5.55556
1.05556
14.6111
29.6111
38.8889
42.6111
46.6111
41.6667
23.3889
-9.27778
-30.8889
-38.5
-37.3889
-39.7222
-39.3333
-31.6667
-18.8889
-9.61111
-2.5
1.55556
5.72222
7.72222
8.38889
7.33333
-2.22222
-2.88889
-2.11111
2
5.44444
6.05556
0.222222
-4.22222
-4.05556
6.33333
22.6111
36.9444
43.8889
46.5
47.0556
42.1111
21
-7.66667
-32.1111
-39.5
-40
-41.2778
-42.1667
-37.3333
-24.1111
-12.7222
-2.94444
1.11111
4.66667
6.44444
7.94444
7.27778
-2.16667
-2.77778
-1.77778
2
4.72222
4.72222
-1.11111
-4
-0.166667
14.1111
30.4444
40.5556
45
48.2778
47.3333
38.6667
16.1111
-6.5
-27.6111
-36.1667
-39.4444
-41.4444
-44.0556
-42.7222
-31.3333
-17.7222
-5.5
0.333333
4
6.11111
7.83333
7.22222
-2.83333
-2.72222
-0.944444
2.38889
3.88889
3.61111
-0.666667
-0.0555556
7.22222
21.7222
33.6111
39.3333
45.8333
53.3333
48.6667
31.6111
7.94444
-3.72222
-18.7222
-32.1667
-42.1667
-43.3333
-42.8889
-43.5
-37.5
-25.1111
-11.0556
-1.83333
3.16667
5.77778
7.61111
7.22222
-3.72222
-2.94444
-0.555556
2.44444
3.27778
3.44444
2
6.38889
15.3333
26.8333
34.3889
40.7222
54.1667
64.3333
45.2778
13.7778
-9.5
2.88889
-1.44444
-22.8333
-49.1111
-51.2778
-43.0556
-41.1111
-40.5556
-32.8333
-17.9444
-4.77778
2.55556
5.11111
6.61111
6.83333
-3.77778
-2.94444
-0.777778
1.66667
2.44444
3.72222
5.94444
13.1111
21.9444
30
37.7778
51.3333
72.2222
75.6667
30.1111
-19.8333
-34.7222
14.1667
29
-2.38889
-54.9444
-67.4444
-51.7778
-40.7222
-39.7222
-37.0556
-23.6111
-8.22222
2
4.55556
5.5
6.16667
-3.22222
-3.05556
-1.05556
1.38889
2.38889
5.22222
10.1667
19.8333
28.5556
35.3889
44.9444
63.8889
85.5
78.1667
9.44444
-52.3889
-57.5556
24.2222
61.1667
26.4444
-50.3333
-81.6667
-67.2222
-47.3889
-40.7778
-39.5
-28.8333
-12.5556
0.5
4.77778
5.55556
6.44444
-4.05556
-2.72222
-0.388889
1.55556
2.61111
8.22222
17.0556
29.1667
35.2778
39.5556
50.5
74.2222
95.7778
79.1667
-2.44444
-71.1111
-70.1111
26.5556
77.5
44.6667
-42.1111
-86.4444
-78.7778
-55.7778
-46.5
-43.4444
-36.1111
-18.5556
-3.05556
5.05556
6.94444
7.61111
-6
-3.77778
-0.555556
2
4.72222
14.2222
25.5556
35.8889
37
42.1667
60.2778
89.5556
105.056
76.0556
-15.5556
-81.6111
-75.3889
30.2778
84.7222
55.5556
-36.5
-90.8333
-91.6111
-66.3333
-48.9444
-42.2222
-40
-26.8333
-10
4.05556
10.1111
11
-7
-4.94444
-1.27778
2.72222
9.22222
21.2222
31.1111
36.7778
37.6111
51.2222
77.7778
104.833
105.667
65.5556
-27.3333
-82.7778
-74.6111
31.7222
83.2778
61.9444
-27.2778
-87.6667
-102.222
-82.2778
-57.6667
-41.4444
-39.5
-32.8333
-18.2778
0.0555556
11.2222
12.6667
-6.55556
-5.72222
-2.44444
3.33333
12.8333
25.3333
32.5556
37.4444
44.1667
67.5556
95.5
110.833
94.7222
48.1111
-36.6111
-80.6111
-70.3333
29.3333
79.1667
66.8333
-11.7222
-74.1111
-103.889
-97.5556
-73.7778
-48.1667
-40.4444
-35.2778
-24.2778
-5
9.55556
12.8333
-4.77778
-5.16667
-2.83333
3.38889
14.5
27.3889
34.9444
42.5
56.3889
83.7222
105.444
105.167
76.3889
27.6111
-45.4444
-81.3333
-65.3889
26.8889
78.2222
71.2778
5.77778
-53.5
-93.1667
-103.778
-90.5
-61.8889
-46.6667
-37.8333
-29.2778
-10.7222
5.5
11.2222
-1.88889
-3.33333
-1.94444
4.16667
15.7778
28.5
38.2222
50.2778
69.8889
95.7222
107.611
93.8333
57.7222
9.55556
-53.2778
-83
-60.8333
26.1667
78.6111
73.8889
19.0556
-33.5556
-76.3333
-100.722
-102.5
-77.1111
-56.2222
-41.0556
-33.6667
-17.3333
-1.22222
7.05556
1.22222
-1.66667
0.333333
8
18.5556
27.5556
35.8333
53.3889
79.2778
103.944
104.389
78.9444
39.8889
-3.22222
-54.4444
-78.2222
-53
25.7778
74.5556
70.4444
25
-19.6111
-60.4444
-92.6667
-105.833
-86.7222
-61.8333
-40.6111
-33.6111
-22.6111
-10
-0.277778
4.33333
2.05556
5.77778
13.3889
19.5556
20.7222
27.1667
50.8333
82.3333
102.056
90.2222
58.2778
24
-9.38889
-46.2222
-65.8889
-41.5
20.8333
63.3889
60
26.8333
-6.11111
-39.6111
-75.6111
-101.278
-92
-62.6667
-33.1667
-24.7778
-23.5556
-20.1667
-12.5
8.27778
7
10.9444
15.3333
16.2778
10.6111
17.8889
42.7778
74.1667
85.3333
68.3889
38.7778
13.5556
-11.7222
-38.9444
-55.9444
-32.5
16.5
54.2222
50.5
25.6667
1.05556
-22.4444
-54.0556
-83.0556
-83.2778
-54.5
-22.3889
-12.5
-20.7778
-26.9444
-22.7222
12.8889
12.9444
17
19.0556
16.2778
7.61111
14.3889
36.6111
61.4444
64.8889
47.5556
24.3889
7.61111
-11.2778
-32.1111
-46.7778
-26.6667
12.5
45.6111
43.1111
23.6667
4.33333
-10.7222
-34.1111
-61
-68.6667
-47.2222
-17.9444
-8.94444
-22.1111
-33.9444
-31
15.1667
16.5556
20.8333
20.3889
14.9444
4.55556
11.1667
29.8889
48.6111
48.0556
32.6111
15.6111
4.77778
-7.83333
-23.1111
-33.5556
-18.6111
12.4444
36.8889
35
18.2778
4
-4.11111
-18.8333
-41.3333
-55
-43.3333
-19.7778
-10.0556
-22.3889
-35.1111
-33.1667
15.9444
17.9444
21.3889
18.4444
11.1667
1.72222
10.3333
27.8333
42.2222
38.7778
24.8333
11.6111
4.27778
-3.05556
-11.7778
-17.6667
-9
10.9444
25.8889
25.1111
13
3.72222
-0.166667
-10.6111
-31
-49.8889
-45.2778
-26
-13.1667
-21.3889
-31.9444
-30.5556
16.1111
18.1667
19
12.7778
5.72222
0.944444
15.4444
32.7222
44.2222
37.6111
25
13.2778
6.44444
0.444444
-4.77778
-8.5
-3.61111
7.83333
18
18
9.72222
2.77778
0.833333
-8.05556
-27.8889
-51.7778
-53.0556
-37.3333
-19.5556
-20.2778
-25.5556
-24.0556
15.7222
16.9444
14.6667
6.83333
2.55556
4.77778
26.1111
45.5556
55.8889
44.6667
29.1111
15.6111
8.11111
1.44444
-5.77778
-9.38889
-4.72222
7.77778
17.5556
17.1667
8.22222
1.22222
-0.333333
-8.72222
-30.3333
-58.6667
-66.9444
-53.4444
-31.2778
-21.5
-18.5556
-14.6667
12.8889
13.8333
10.8889
5.27778
3.5
12.1667
38.7778
65.2222
74.2778
55.1111
29.8333
12.8333
7.22222
1.94444
-5.94444
-10.6667
-6.05556
7.27778
18.3333
18.7222
9.83333
2.88889
2.38889
-6.88889
-35.8889
-73.8333
-90.0556
-73.3333
-44.5
-23.7222
-14.0556
-6.66667
-3.9375
-3
-2.53125
-3.03125
-2.34375
-0.71875
0.5
1.03125
1.0625
0.78125
1
2.34375
4.84375
6.0625
6.28125
6.03125
5.03125
3.59375
2.5625
1.40625
-1.53125
-3.375
-4.71875
-5
-5.8125
-7.0625
-8.125
-8.59375
-8.34375
-7.84375
-4.3125
-3.8125
-3.625
-3.71875
-2.84375
-1.34375
0
1.03125
1.75
2
2.34375
4.21875
7.65625
9.9375
10.9063
10.6875
9.34375
7.375
5.90625
4.125
0.46875
-2.25
-4.4375
-4.96875
-5.28125
-5.5625
-5.90625
-6.3125
-6.21875
-5.90625
-4.1875
-3.75
-3.34375
-2.8125
-2.0625
-0.96875
0.34375
1.65625
2.71875
3.71875
4.65625
7.0625
11.0938
14.7188
17.25
17.8438
16.625
14.3438
12.3125
9.78125
5.78125
2
-1.625
-3.34375
-3.625
-3.1875
-2.84375
-3.0625
-3.03125
-2.75
-4
-3.3125
-2.6875
-1.46875
-0.6875
-0.15625
0.875
2.15625
3.375
4.9375
6.96875
10.2188
13.5
17.5
21.6875
23.6563
23.2188
21.1875
18.5313
15.0313
11.8438
7.90625
2.90625
-0.28125
-1.15625
-0.46875
0.40625
0.34375
0.09375
0.25
-2.75
-2.125
-1.15625
0.34375
0.875
0.625
1.0625
2.15625
3.53125
6.03125
9.1875
12.1875
13.0938
16.5313
22.2188
26.125
27.0313
25.1563
21.6875
18.1875
17.2188
13.9375
7.875
3.09375
0.96875
1
1.625
1.625
1.15625
1.34375
-1.75
-1.5
-0.59375
0.75
1.125
0.53125
0.5
1.3125
3.375
7.40625
11.8438
14.0938
13.9375
16.4063
22.6875
28.625
30.9375
28.875
24.625
21.6875
21.5938
19.4063
13.5938
7.6875
4.15625
3.0625
3.125
3.125
2.625
2.875
-1.5625
-1.65625
-1.03125
0.03125
0.40625
-0.21875
-0.4375
0.5
3.71875
9
13.5
15.3438
17.2813
19.375
24.0938
30.25
33.5
31.6875
28
25.75
23.75
22.0938
18.4688
12.8438
7.875
5.25
4.6875
4.71875
4.3125
4.46875
-0.40625
-0.53125
-0.34375
0.125
0.15625
-0.4375
-0.40625
1.28125
5.25
10.0313
13.5938
16.5313
23.3438
27.5938
29.9375
33.8438
37.2813
37.5
35.875
33.0625
26.75
23.1563
21.875
18
12.125
7.40625
5.65625
5.6875
5.46875
5.34375
0.625
0.34375
0.0625
-0.0625
-0.28125
-0.5
-0.09375
2.3125
6.4375
9.78125
13.2188
18.6875
30.8125
39.1563
40.8125
41.4375
43.6563
46.0938
45.875
41.375
30.5
23.0313
22.2188
20.5938
15.4063
9.46875
6.6875
6.59375
6.375
5.5625
0.65625
0.75
0.28125
-0.34375
-0.6875
-0.40625
1.03125
4.59375
8.5
9.84375
12.6563
21.375
33.6563
43.8438
45.5
43.3438
43.6875
47.8125
49.5
42.7813
32.3125
22.9688
20.8438
20.1875
16.375
10.1875
6.15625
5.5
5
3.5625
0.96875
1.21875
0.59375
-0.34375
-0.875
-0.0625
2.84375
7.34375
9.9375
9.53125
14.5
25.75
31.9375
40.375
43.1563
39.5938
38.8125
44
44.6563
36.5313
32.2188
24.0625
18.75
18.0625
16.2188
10.625
5.28125
3.375
2.5625
1
-0.03125
-0.34375
-0.84375
-1.65625
-1.40625
0.84375
4.78125
8.5625
10.4688
13.0313
22.3438
31.125
26.1563
28
33.0313
32.9375
31.6563
32.1563
28.3125
24.0625
30.5625
27.5313
18.5938
14.875
14.4688
11.625
6.375
2.625
1.15625
0
-2
-2.1875
-2.5625
-2.9375
-1.09375
3
7.6875
10.75
13.8125
21.1563
32.3438
36.7813
21.2813
13.7813
18.6875
24.1875
23.9688
18.5625
11.9688
13.1563
29.6875
34.375
24.6875
16.125
14.0938
13.4063
9.09375
3.5
0.96875
0.4375
-3.25
-3.8125
-4.25
-3.78125
-0.375
4.96875
9.09375
11.5
16.625
28.2813
41.5938
42.7813
24.7813
12.875
17.75
27
28.5625
19.6563
9.25
13.5625
32.5313
40.875
32.1875
20.875
15.625
15.0625
12.7188
6.5625
2.8125
2.4375
-5.78125
-6.34375
-6.53125
-5.03125
-0.09375
6.03125
9.09375
11.5938
20.4375
36.0625
48.5
47.5313
32.125
21.1875
26.25
37.8125
39.7813
28.2188
17.125
21.9375
38.5
46.4375
39.6875
26.4063
17.375
15.75
15.375
10.5313
5.75
4.6875
-8.0625
-8.34375
-8.09375
-5.125
0.65625
5.90625
8.3125
13.5625
26.5
42
50.875
51.2188
42.0313
36.3125
40.2188
48.6563
49.8125
41.4375
34.25
35.3438
45.0938
50.4375
46.5313
34.0625
21.5625
16.2188
15.7188
12.7813
8.375
5.78125
-7.75
-8.15625
-7.03125
-2.4375
2.09375
4.875
8.15625
17.375
32
44.25
49.5938
51.3438
49.4688
51.3125
53.2813
54.375
54.0625
52.7188
50.3438
45.9688
47.7813
49.75
48.4063
39.6875
26.2813
16.375
14
14.4375
12.5938
8.3125
-5.65625
-5.8125
-3.15625
2.15625
4.5625
6.53125
13.1563
25.6875
39.1563
47.1875
48
49.5625
52.375
58.0625
55.9375
50.1875
48.3125
52.8438
57.6875
52.75
48.8438
48.125
49.0938
44.375
32.8125
20.0313
13.2188
13.9063
15.0313
9.9375
-0.09375
0.09375
3.40625
7.84375
8.625
11.25
21.25
35.375
45.8125
49.3438
47.0938
47.7813
53.25
57.5
50.3125
39.4063
36.5625
45.0313
55.875
55.2188
48
46.0313
48.7188
48.0625
39.9063
26.375
14.8438
11.8438
14
9.625
7.15625
8.28125
11.8125
13.9688
13.3125
17.5625
30
42.9688
48.8438
48.625
44.4375
42.9063
49.0313
48.0625
36.25
23.5
20.9688
30.5
43.9063
49.5
43.25
41.5625
45.4063
48.25
44.2188
32.375
18.5938
11.8125
11.6875
8.71875
11.8438
14.5
17.5
17.1875
18.0313
25.9375
38.625
47.7813
49.0625
46.375
42.0938
38.9063
42.3438
33.5625
19.3125
8.71875
6.96875
14.25
28.125
42.4063
40.4063
39.5
42.7813
47.5625
47.6875
39.6563
25.375
12.1875
6.21875
4.125
14.3125
18.4688
19.375
17.9063
21.75
31.0938
40.1875
43.6875
40.6875
35.6875
32.7813
27.6875
26.0938
11.9375
-1.0625
-7.84375
-8.75
-4.34375
6.84375
25.25
29.625
31.6875
33.3125
39.125
43.2813
40.75
30.25
15.0938
3.625
1.3125
13.0938
17.5
17.2188
16.3438
21.1875
27.5938
29.5625
25.3438
16.375
7.75
3.5625
-4.15625
-8.8125
-22.1875
-31.375
-34.6563
-34.5
-31.6875
-24.5
-8.21875
-0.09375
5.5
8.28125
16.2188
25.6563
30.8438
28.625
18.5
5.90625
2.625
9.84375
13
12.4063
11.9063
14.5313
14.5625
7.53125
-5.34375
-21.2188
-34.25
-42.7813
-52.125
-57.375
-65.0938
-69.3438
-69.9688
-69.375
-67.9375
-64.1875
-54.1875
-47.4063
-40.5313
-34
-22.9688
-7.1875
6.96875
14.7188
13.625
6.6875
4.1875
7.15625
9.59375
9.65625
10.0625
9.28125
2.84375
-10.8125
-29.1875
-49.0938
-65.625
-78.3125
-88.1563
-90.9688
-91.8125
-92.375
-91.9688
-91.375
-90.5625
-89.75
-87.9375
-85.3125
-78.1875
-67.2188
-53.2188
-33.5938
-13.7188
1.46875
9.3125
9.40625
8.15625
3.21875
3.25
4.53125
4.375
-0.4375
-11.9688
-29.1563
-49
-68.9063
-85.1563
-101.219
-110.469
-109.969
-106.156
-104.875
-103.781
-102.75
-102.031
-102.094
-104.813
-105.375
-98.3438
-83.3125
-69
-50.3438
-29.9375
-12.2188
0.46875
5.40625
5.75
-0.84375
-2.3125
-0.5
-1.03125
-6.09375
-16.4063
-29.5625
-43.2188
-55.5938
-65.6563
-78.5938
-84.0625
-82.3125
-77.5
-75.875
-74.3438
-72.875
-72.25
-71.5
-74.8438
-76.1563
-71.3125
-58.9375
-49.9375
-39.8125
-27.9063
-16.7813
-7.625
-3.125
-2.8125
-5.34375
-6.71875
-5.71875
-4.40625
-4.0625
-6.125
-8.6875
-9.9375
-9
-8.59375
-10.375
-9.5
-6.25
-2.53125
-1.15625
0.46875
2.15625
3.0625
4.3125
2.84375
2.28125
3.8125
6.6875
5.8125
2.15625
-0.59375
-2.28125
-3.625
-6.71875
-10
-10.5313
-14.4688
-15.5938
-14.2813
-9.8125
-5.15625
0.28125
8.1875
19.0625
29.1875
36.7188
42.6875
46.25
49.2188
51.125
53.0938
54.5313
55.0625
56.1875
56.5
56.9375
55.2813
49.4688
39.375
25.5938
12.8125
2.71875
-5.3125
-13.2188
-18.5625
-12.25
-16.0625
-18.3438
-15.8438
-6.9375
3.6875
14.9375
27.9688
43.7188
57.8438
70.8438
79.5
82.0313
83.5
85
85.9375
86.125
85.8438
86.125
86.2188
85.75
81.625
70.375
56.5313
39.375
22.6875
8.90625
-2.375
-12.25
-18.7188
-2.5
-0.1875
1.15625
0.03125
-3.28125
-6.84375
-8.0625
-6.84375
-3.1875
1.28125
5.1875
7.65625
9.28125
8.375
4.34375
-0.71875
-6.90625
-9.46875
-8.375
-6.40625
-4.78125
-5.8125
-7.09375
-6.75
-2.625
4.3125
9.5625
12.4688
10.7813
6.28125
-0.9375
1.875
3.125
1.46875
-2.96875
-7.46875
-8.75
-6.84375
-2.25
2.9375
6.90625
9.34375
11.3438
10.875
6.84375
0.6875
-7.65625
-12.75
-12.9688
-10.6875
-7.71875
-6.9375
-7.3125
-7.03125
-3.46875
2.9375
8.40625
12
11.5313
8.09375
-0.4375
2.6875
4.03125
2.5
-2.1875
-7.15625
-8.59375
-6.65625
-1.90625
3.71875
8.09375
10.9375
13.4063
13.4688
9.9375
3.40625
-6.375
-14.0313
-17.125
-16.0313
-12.4063
-9.75
-8.375
-7.34375
-4.25
1.375
6.96875
11
11.7813
9.625
-1.125
2.375
4.5
3.71875
-0.4375
-5.53125
-7.5625
-6.21875
-2
3.8125
9.15625
13.4063
16.75
17.1875
13.8125
5.96875
-5.28125
-15.0625
-21.3438
-21.6563
-17.7188
-13.4063
-9.90625
-7.59375
-4.59375
0.15625
5.59375
9.65625
11.1563
10.3125
-2.25
1.25
4.28125
4.71875
1.6875
-3.25
-5.9375
-5.65625
-2.09375
4.59375
11.6875
17.8125
21.5313
20.8438
16.1563
6.75
-5.03125
-15.7813
-24.4375
-26.4375
-23.0313
-17.6875
-12.125
-8.21875
-4.90625
-0.4375
4.9375
8.875
10.7188
10.5938
-2.8125
0.125
3.53125
5.0625
3.25
-1.21875
-4.4375
-5.125
-1.625
6.90625
16.2813
23.5938
27.1875
23.8438
16.875
7.4375
-4.8125
-15.8125
-26.0625
-30.9375
-28.7813
-22.9688
-15.5938
-9.875
-5.59375
-0.6875
4.75
8.9375
11.1875
11.1875
-2.375
-0.09375
3.03125
5.03125
3.84375
-0.15625
-3.3125
-4.25
0.15625
10.625
21.0625
28.7813
33.2813
27.9375
20.1563
11.25
-4.5
-16.5625
-28.375
-36.4375
-34.875
-29.1563
-20.5938
-12.9688
-7.0625
-1.25
4.1875
8.78125
11.625
11.9063
-1.78125
0.15625
2.96875
5.125
4.09375
-0.0625
-2.53125
-2.84375
2.625
13.9063
24.2188
33.3438
40.3438
37.2188
29.8125
16.7813
-5.21875
-21.5
-34.5625
-41.875
-39.6875
-34.5938
-26.3125
-17.75
-10.25
-2.78125
3.28125
8.125
11.4063
11.9063
-2.0625
-0.09375
2.625
5
4.21875
0
-2.21875
-1.75
4.75
17.0313
29.4063
40.3125
48.625
48.2813
39.0625
20.9375
-5.34375
-27.6563
-42.8125
-48.625
-45.6875
-40.0938
-31.2188
-21.9063
-13.5938
-4.53125
2.25
7.09375
10.5625
11.125
-2.46875
-0.5
2.15625
4.71875
4.4375
0.28125
-1.21875
0.71875
8.625
22.5313
36.0313
47.3125
52.6563
51.2188
40.8125
20.2188
-3.25
-26.75
-44.0625
-51.2188
-51.0625
-46.3438
-37.2813
-26.1875
-16.6875
-6.4375
1.28125
6
9.375
10.125
-2.40625
-0.71875
1.65625
4.03125
4
0.625
0.90625
4.90625
14.125
28.6563
42.4375
52.875
54.875
51.125
38.0313
15.9063
-3
-23.8125
-40.8438
-48.6563
-52.7188
-51.4375
-43.5625
-32.125
-21.0938
-9.25
-0.09375
5.125
8.4375
9.5
-2.34375
-0.90625
1.15625
3.34375
3.84375
2.28125
4.84375
10.3125
19.8438
34.2188
48.4063
58
56.9063
49.4375
32.6563
11.25
-2.34375
-19.6563
-36.1875
-46
-54.1875
-55.4063
-48.4063
-37.875
-26.4688
-13.625
-3.0625
3.6875
7.65625
9.0625
-2.5
-0.8125
1
3.125
4.65625
5.0625
9.5
16.1875
25.9375
40.4063
55.6563
64.7813
59.2813
46.9063
26.75
6.625
-0.46875
-14.5625
-32.1563
-45.4063
-58
-60.4375
-52.8125
-42.9375
-31.9688
-18.7188
-7.28125
1.5
6.78125
8.4375
-2.625
-0.4375
1.375
3.59375
6.125
7.84375
13.6563
22.0625
33.125
48.5313
65.2813
74.0313
61.4688
43.8125
20.5625
-0.3125
1.75
-8.59375
-28.3125
-44.6875
-63.4688
-68.125
-58.75
-48
-37.125
-23.25
-11.4063
-1.1875
5.625
7.6875
-2.84375
-0.15625
1.96875
4.71875
8.28125
11.1563
18.4688
28.5313
41.1875
57.75
75.9375
83.5938
61.5
38
10.9375
-10.6875
4.90625
-0.03125
-21.375
-41
-68.5
-76.9375
-66.375
-53.7813
-42.4375
-27.875
-15.0625
-3.78125
4.5
7.4375
-2.8125
-0.03125
2.21875
6.0625
11.6563
16.8438
25.8125
36.5
49.75
67.9375
87.5625
92.0313
58.2188
25
-6.46875
-23.5313
9.625
14.0625
-7.75
-33.4063
-71.9688
-84.75
-74.2813
-60.9375
-48.3125
-34.4063
-20.2188
-6.78125
3
7.78125
-3.375
-0.96875
2.34375
8.625
16.2813
23.4375
33.5938
44.1875
59.125
79.5625
97.6563
96.7813
51.0313
7.4375
-25.2188
-34.9375
15.0625
31.0938
10.1563
-23.2813
-74.0938
-93.25
-84.3438
-68.375
-52.9688
-40.25
-25.75
-10.9375
0.96875
8.9375
-4.34375
-1.6875
3.71875
12.1563
20.9375
30.2188
40.9688
52.3125
69.9063
90.125
105.313
98.9375
46.0625
-2.3125
-35.375
-40.375
16.875
39.0938
20.875
-15.5
-74.0938
-99.3125
-93.5938
-78.25
-59.4375
-45.9688
-31.9063
-15.7188
-2.65625
7.6875
-4.96875
-1.65625
5.15625
14.8438
24.8125
36.1875
48.75
62.5625
82.375
100.844
110.906
97.9063
39.4375
-11.8125
-43.0625
-43.0938
17.9375
44.3438
29.0625
-8.65625
-71.375
-102.094
-101.406
-88.8125
-68.7813
-53.0625
-38.2188
-20.8438
-6.6875
4.8125
-4.46875
-1.03125
6.25
16.7188
28.1875
41.375
56.375
73.5313
94.5938
110.563
114
92.5938
29.0938
-23.875
-51.75
-46.0625
18.4688
50.5
39.2188
1.8125
-63.25
-101.125
-107.469
-98.6875
-79.5938
-61.4375
-44.6563
-26.75
-11.4375
0.71875
-2.46875
0.75
7.9375
19
31.4063
46.1875
64.3125
84.2188
104.938
116.625
111.844
81.8438
15.9688
-35.375
-58.5
-47.1563
19.3438
56
49.3125
14.2188
-51.2188
-95.875
-110.781
-107
-90.0625
-70.8438
-51.125
-32.9375
-17.0938
-4.0625
0.5625
4.09375
10.875
21.8438
33.6875
49.4063
70.9375
91.9375
110.688
116.188
102.781
67.1875
3.90625
-41.25
-58.75
-43.5313
20.125
56.5313
53.9063
23.3125
-38.4375
-85.4375
-108.75
-111.563
-97.4688
-78.875
-55.6875
-36.9063
-22.0625
-8.9375
4.21875
7.75
13.7188
23.2188
32.4375
48.0313
70.375
90.7188
107.125
107.25
89.125
52.6563
-3.0625
-40
-53
-36.7188
18.0625
50.5625
51.4375
27.2188
-25.6563
-70.125
-98.1563
-107.406
-96.8438
-79.3438
-55
-36.1875
-24.2813
-13.875
7.96875
10
15.0938
21.5313
26.5938
41.1875
60.8438
80.4688
95.9688
93
73.6563
38.8125
-8.25
-37.7188
-46.1563
-29.5313
15.75
43.9375
46.4375
27.0625
-16.2813
-56.0938
-83
-93.9688
-85.375
-68.1563
-47.2188
-31.3125
-24.3125
-19
13.5938
15.0313
18.2813
21.375
23.6563
36.5938
54.625
73.1875
85.3438
78.1875
57.5
25.0313
-13.0313
-35.9375
-41
-24.3438
12.5625
38.5
43.25
29.125
-4.9375
-40.75
-67.5313
-82.0313
-77.3438
-61.3438
-43.0938
-30.75
-28.2813
-27.2188
17.9063
18.125
18.4063
18.875
20.125
32.7813
50.5313
67.3125
74.7188
64.2188
43.7188
14.3438
-15.7813
-34.0313
-37.1875
-19.5313
12.1875
37.1563
43.0313
31.375
5.25
-26.3438
-52.625
-69.9375
-72.4688
-60.5
-43.7813
-33.0938
-30.9688
-31.0625
20.6563
19.5
17.3125
16.7188
18.8438
32.2813
50.0625
64.0313
66.4063
53.9063
34.4063
9
-14.25
-28.4375
-30.5
-13.8438
13
34.75
40.1875
30.2813
10.5313
-16.1875
-41.5625
-61.125
-70.9375
-64.5313
-49.0938
-37.875
-33.25
-31.8125
21.6563
19.6563
16.0938
15.5313
18.875
33.6875
52
63.6875
63
49.2188
30.5
9.25
-8.6875
-18.7188
-20.3438
-7.84375
12.5938
27.6875
31.25
23.5313
8.96875
-11.6875
-35.25
-56.25
-70.5313
-69.4688
-55.2188
-41.875
-34.1563
-29.875
20.7188
18.5313
14.7813
14.5938
19.375
35.6563
53.5313
63.1875
60.125
45
27.5313
10.5625
-2.5
-8.90625
-10.6875
-3.28125
9.90625
18.5625
20.625
15.5
6.1875
-8.21875
-29.0938
-50.8125
-68.0938
-71.875
-59.5938
-44.125
-33.3438
-26.1875
18.1875
15.9375
12.8438
13.7188
21.5
39.5
55.6875
62.9063
55.5313
38.4688
22.4063
8.8125
0.65625
-3.625
-5.375
-0.875
7.0625
13.2188
15.125
11.9688
7.375
-2.9375
-21.6875
-44.4063
-65.9375
-74.4375
-65.0938
-48.0625
-33.375
-22.8438
-1.95833
-0.0833333
2.58333
3.5
3.16667
2.5
1.58333
0.458333
-0.208333
0.208333
0.875
1.20833
1.79167
2
1.625
1.125
0.625
0.541667
0.5
1
1.625
1.58333
1.58333
1.29167
1.08333
0.0833333
-0.5
0.125
1.25
2.5
3.16667
3.95833
-0.666667
1.08333
3.375
3.875
3.41667
2.875
2.125
0.875
-0.208333
0
0.541667
0.666667
0.5
-0.0833333
-1.66667
-2.54167
-2.95833
-2.25
-1.375
-0.208333
1.45833
1.70833
1.45833
0.75
0.375
-0.166667
-1.25
-1.875
-1.79167
-1.70833
-2
-1.70833
1
0.833333
0.541667
0.5
0.291667
-0.0833333
-0.0416667
-0.0416667
-0.5
-1.25
-1.625
-1.54167
-2.04167
-3.66667
-6.125
-7.25
-7.29167
-6.75
-5.875
-4.08333
-1.5
-0.375
-0.25
-0.541667
-1
-0.75
-1.20833
-2
-2.91667
-4
-5
-5.91667
1.41667
-0.458333
-2.25
-2.625
-2.16667
-2.08333
-1.54167
-0.625
-0.375
-1.5
-2.41667
-2.29167
-2.83333
-4.79167
-5.375
-6.25
-6.83333
-7.33333
-7.16667
-5.54167
-4.70833
-3.58333
-2.83333
-2.20833
-2.29167
-1.79167
-1.45833
-1.625
-2.45833
-3.25
-3.41667
-4.25
-1.41667
-2.5
-3.20833
-3.16667
-2.25
-1.41667
-1.04167
-0.666667
-0.291667
-0.458333
-0.458333
-0.416667
-0.708333
-0.375
2.54167
2.375
0.0416667
-1.625
-2.16667
-3.16667
-6.29167
-6.16667
-4.29167
-2.625
-1.66667
-1.04167
-0.416667
-0.458333
-0.375
-0.0416667
0.666667
0.875
-2.66667
-1.95833
-1.25
-0.458333
0.25
0.583333
-0.0416667
-0.541667
-0.291667
0.375
1
1.16667
1.20833
2.54167
4.79167
5.54167
3.16667
0.916667
0.0833333
-1.875
-5.04167
-6.125
-4.20833
-2.08333
-0.541667
-0.0833333
-0.125
-0.291667
0.458333
1.29167
1.79167
2.5
0.333333
1.25
1.91667
2.25
2.25
1.79167
0.791667
0.5
0.541667
0.75
0.416667
-0.0833333
-0.625
-1.41667
-2
-0.125
1.125
0.625
0.25
0.375
0.166667
-1.91667
-2.83333
-1.70833
-0.541667
-0.708333
-1.54167
-1.5
-0.958333
-0.875
-0.916667
-0.208333
1
1.125
1.125
0.958333
0.666667
0.625
0.958333
1.54167
1.54167
1.04167
-0.416667
-2.95833
-4.66667
-4.83333
-5.95833
-4.66667
-0.25
2.45833
2.375
1.29167
2.16667
0.958333
-2.16667
-2.16667
-1.33333
-1.45833
-1.875
-1.625
-1.70833
-2.58333
-2.70833
-2.16667
-0.916667
-1.375
-1.58333
-1.375
-1.5
-1.25
0.208333
1.08333
1.125
0.416667
-1.41667
-3.83333
-3.66667
-1.20833
-5.375
-6.70833
-2.625
0.291667
-2.25
-6.5
-2.5
-0.708333
-3.08333
-3.91667
-3.08333
-1.91667
-1.20833
-1.04167
-1.54167
-2.16667
-1.95833
-1.58333
-0.666667
-1
-1.08333
-1.625
-1.95833
-1.95833
-0.916667
-0.708333
-1.125
-1.83333
-2.41667
0.25
4.125
2.45833
-5.66667
-9.33333
-8.16667
-8.66667
-13.2083
-13.4583
-5.75
-0.708333
-1.45833
-4.75
-4.875
-2.08333
-0.125
0.166667
0
0.541667
0.875
1.125
-0.0416667
0.75
0.791667
-0.625
-1.08333
-0.916667
-0.833333
-1.33333
-1.875
-2.08333
-0.208333
5.45833
5.58333
-2.625
-4.45833
-9.08333
-13.625
-15.5833
-12.2917
-4.41667
-3.33333
2.41667
5.08333
0.583333
-2.5
-0.958333
1.20833
1.75
2.20833
3.04167
3.16667
3.29167
0.666667
1.33333
1.125
1.20833
1.29167
1.79167
1.29167
0.875
0.541667
0.375
1.83333
1
-5.41667
-8
5.875
7.08333
0
-0.291667
10.8333
16.875
3.08333
1.25
7
8.33333
4.41667
1.29167
1.41667
1.79167
2.20833
2.29167
2.125
1.875
1.58333
0.0833333
-0.25
1.58333
2.375
2.66667
2.04167
1.45833
-0.25
-1.58333
-2.375
-8.16667
-11.2917
-2.79167
17.2917
29.8333
28.5417
27.6667
30.7917
26.4583
8.5
-5.29167
-3.25
3.875
4.91667
1.20833
0.0416667
0.666667
0.625
0.583333
-0.0833333
-1.16667
0.0416667
-1.58333
-1.04167
0.5
1.04167
0.333333
-0.791667
-2.83333
-5.16667
-5.58333
-5.25
-6.95833
-5.5
4.16667
9.79167
19.7917
22.2083
20.7083
16.5
8.875
5.625
-7.33333
-10.9583
-7.25
-2.95833
-2.83333
-3.45833
-1.45833
-1
-0.75
-1.41667
-2.54167
-0.375
0.166667
1.20833
1.33333
0.666667
-0.958333
-3.375
-6.08333
-5.29167
-2.75
-2.91667
-4.20833
-2.75
1.04167
-9.58333
-15.0833
-13.3333
-11.7083
-13.5833
-14.9583
-4.04167
-3.29167
-7.29167
-7.125
-4.91667
-4.75
-6.33333
-4.41667
-2.29167
-2.08333
-1.66667
-1.58333
1.875
3.375
3.33333
1.95833
1
0.125
-1.625
-1.54167
2.375
3.79167
-1.70833
-6.08333
-3.5
-7.79167
-19.7917
-28.9167
-23.25
-19.875
-24.4167
-21.4167
-10.6667
-0.208333
-2.41667
-1.79167
0.416667
0.958333
-2.04167
-4.25
-2.375
-1.875
-0.708333
0
2.5
3.45833
2.33333
0.375
0.208333
0.583333
1.95833
5.16667
7.25
4.29167
-1.41667
-1.45833
0.5
-8.25
-13.4583
-13.9583
-6.70833
-5.33333
-12.7917
-13.125
-9.125
1.08333
0.833333
-1.83333
1.16667
6.375
5.95833
0.166667
-1.375
-0.5
0.0416667
0.166667
1.08333
1.29167
0.541667
-0.416667
-0.5
-1.08333
0.625
2.54167
-0.0833333
-4.33333
-3.45833
3.04167
4.04167
0.916667
2.33333
6.16667
7
6.125
4.25
0.0833333
-3.08333
-0.541667
1.54167
-4.91667
-5.95833
-0.541667
4.875
3.58333
-0.291667
0.666667
0.291667
-0.0833333
-2.75
-2.83333
-2.29167
-1.125
-2.04167
-4.54167
-4.66667
-4.625
-8.70833
-11.7083
-6.75
0.625
2.25
4.5
8
10.1667
6.625
5.33333
9.08333
7.125
1.625
-1.70833
0.791667
-4.375
-10.125
-10.0833
-3.25
1.20833
-1.41667
-0.541667
-0.75
-1.04167
-6.54167
-7
-6
-4.08333
-5.83333
-6.58333
-4.70833
-4.83333
-7.95833
-8.95833
-3.25
-0.166667
-1.375
0.375
2.70833
2.45833
-0.583333
-1.33333
2.20833
3.66667
2.58333
1.5
2.875
2.625
-3.75
-7.375
-5.16667
-2.375
-2.95833
-3.83333
-1.79167
-0.625
-4.83333
-5.70833
-6
-6.54167
-6.66667
-1.79167
1.16667
-2.5
-4.91667
-1.79167
2.16667
-1.29167
-3.5
2.20833
3.66667
2.79167
0.75
0.5
1.875
2.875
5.04167
1.20833
-0.458333
4.75
2.625
-1.79167
-3
0.416667
2.54167
-1.04167
1.95833
5.5
-1.08333
-1.95833
-3.45833
-5.54167
-1.83333
4.375
2.08333
-3.45833
-2.45833
3.33333
2.08333
-3
1.125
12.0417
12.4583
14.7083
14.875
15.125
15.1667
13.2083
14.25
2.25
-5.875
-1.375
2.625
-1.08333
-4.29167
1
7.91667
5.75
4.25
7.08333
1.58333
0.541667
-1.08333
-1.875
1.33333
1.125
-4.66667
-4.83333
0.458333
4.25
1.5
2.29167
9.91667
15.5
15.375
18.25
19.4583
19.5833
19.0417
16.6667
15.9167
8.875
-0.375
-3.33333
0.916667
-0.791667
-6.25
-7.29167
-0.208333
3.04167
-1.20833
-1.5
4.95833
3.83333
1.75
1.16667
0.666667
-4.54167
-6.58333
-1.66667
5.08333
7.83333
8.875
14.6667
17.0833
11.5
9.41667
3.83333
1.91667
1.16667
1.33333
4.58333
5.70833
14.125
14.3333
7.20833
6.08333
5.33333
-0.541667
-8.45833
-9.79167
-5.08333
-6.625
-8.75
5.75
5.16667
3.5
3.45833
2.45833
-0.125
4.79167
13.0417
21.8333
27.75
33.375
40.25
37.7083
26.75
18.3333
6
2.16667
1.125
2.5
11.1667
19.125
34.1667
40.375
34.7083
28.0833
24.7083
17.1667
5.79167
-4.45833
-5.66667
-5.95833
-9.5
0.916667
1.33333
2.875
6.33333
5.25
8.58333
18.5417
30.0833
39.625
46.125
56.3333
62.0417
60.5833
53.2083
43.9167
38.25
37.125
37.25
38.4167
44.375
53.625
60.9583
64.0833
61.0417
49.9583
43.125
34.2083
21.7917
8.95833
1.54167
2.04167
-2.125
-4.16667
-3.33333
0.208333
2.5
-0.25
3
7.91667
11.7083
10.7083
9.95833
15.0833
14.2083
13.9583
13.875
16.5
22.8333
25.0833
26.4583
25.9583
24.5
22.5833
19.125
20.4583
22.1667
16.625
13.75
13.9167
12.3333
8.45833
5.29167
8.625
8.79167
-1.91667
-0.916667
1.16667
-1.70833
-3.04167
-5.875
-12.875
-24.5417
-39.375
-49.2917
-59.7917
-68.7917
-72.1667
-68.75
-58.4167
-49.8333
-47.4167
-47.6667
-49.8333
-55.7083
-66.4583
-74.125
-73.75
-66.7917
-56
-47.6667
-32.5417
-15.7917
-3
4.375
7.25
12.0417
3.20833
5.58333
7.5
7.66667
11
8.04167
-0.916667
-14.25
-28.2917
-40.75
-57
-67.2917
-72.7917
-71.7083
-68.1667
-67.25
-68.0417
-70.6667
-72.9167
-77.75
-84.25
-88
-88.3333
-80.2917
-63.4167
-48.7917
-30.875
-11.6667
4.125
11.25
9.41667
9.66667
2.54167
4.95833
7
10.875
15.0417
15.2917
11.0833
5.83333
0.0416667
-8.45833
-18.0833
-24.4583
-28
-30.4167
-34.2083
-37.8333
-39.7917
-39.75
-38.8333
-38.4583
-36.0417
-32.7917
-28.9583
-23.9167
-15.5833
-5.25
2.66667
8.70833
12
11.2917
7.25
2.33333
-0.583333
-0.166667
-0.708333
-1
-1.54167
-2.41667
-4.45833
-5.5
-5.16667
-5.54167
-6.25
-6.91667
-6.875
-7.79167
-10.1667
-11.0417
-9.83333
-5.66667
-1.41667
2.95833
8.58333
13.375
18.0833
16.8333
14.7083
13.9583
9.58333
3.79167
-2.58333
-5.58333
-7.58333
-9.625
-1.08333
-1.5
-3.45833
-6.58333
-10.25
-11.125
-10
-7.04167
0.666667
10.7083
20.5417
27.3333
32.8333
37.5833
39.9167
41.4167
43.7917
46.2917
48.4167
50.5417
51.8333
51.25
48.3333
40.75
31
20.0417
7.58333
-3.58333
-11.3333
-13.3333
-12.7917
-11.3333
-0.708333
-2.58333
-1.54167
1.125
2.91667
1.625
0.0833333
0.833333
-0.208333
-3.91667
-4
-0.166667
0.541667
-1.5
0.625
4.375
3.625
0.0416667
-2.75
-2.875
-0.375
2.70833
3.83333
2.16667
-1.79167
-5.54167
-5.625
-3.875
-0.25
5.5
6.29167
1.45833
-0.416667
-3.16667
-2.75
0.25
3.16667
3.875
2.25
-0.125
-2.58333
-4.375
-3.20833
-0.0833333
0.25
-0.958333
0.708333
2.95833
4.04167
2.875
-1.375
-3.70833
-1.79167
1.83333
3.95833
2.375
-2
-5.41667
-5.125
-3.375
-0.416667
4.16667
5
1.16667
-0.875
-4.54167
-3.70833
0.125
3.79167
5.54167
3.33333
-1.16667
-4.125
-4.5
-2.5
0.0833333
0.0833333
-1.16667
-0.875
1.625
6.83333
7.25
-0.25
-5.08333
-3.625
0.25
3.5
2.70833
-1.875
-5.125
-4.33333
-2.75
-1.04167
2.375
3.875
1.20833
-1.45833
-5.33333
-4.125
-0.5
3.58333
6.54167
4.45833
-1.375
-5.25
-4.875
-1.79167
0.333333
-0.583333
-1.79167
-1.75
0.75
7.91667
10.6667
2.95833
-4.66667
-5.70833
-2.33333
2.16667
2.91667
-1.16667
-4.41667
-3.70833
-2.5
-1.70833
1
3.08333
1
-1.04167
-5
-4.20833
-1.91667
2
6.58333
5.58333
-0.666667
-5.16667
-4.70833
-1.58333
-0.541667
-2.20833
-2.375
-1.20833
0.875
7.04167
11.625
7.83333
-0.791667
-7.16667
-6.16667
-0.291667
2.5
-0.0416667
-2.91667
-3.41667
-3.45833
-2.75
0.708333
3.54167
1
-0.666667
-3.70833
-3.625
-3.08333
0.125
5.70833
6.08333
0.458333
-3.91667
-4.125
-2.375
-2.08333
-3.66667
-3.58333
-0.833333
3.29167
7.41667
10.1667
10.8333
4.375
-6.79167
-9.625
-3.45833
1.41667
1.08333
-1.20833
-3.375
-5.04167
-3.91667
0.916667
4.29167
1.25
-0.291667
-1.75
-2.70833
-3.875
-1
4.54167
5.41667
1.625
-1.95833
-3.875
-3.95833
-4.33333
-5.75
-3.79167
2.5
7.375
6.125
5.75
11.875
10.125
-3.70833
-11.4167
-6.95833
-0.333333
1.58333
-0.458333
-3.54167
-5.625
-4.33333
0.75
4.20833
1.16667
0.25
0.25
-1.625
-4.29167
-1.70833
3.25
4.08333
2.54167
0.291667
-3.70833
-6.41667
-7.95833
-7.91667
-0.583333
8.91667
9.20833
2.125
1.20833
11.25
14.9167
2.29167
-10.4167
-10.5417
-3.16667
1.29167
-0.583333
-3.875
-5.25
-4.20833
0.291667
4.04167
1.33333
0.958333
1.75
-0.708333
-4.5
-2.75
2
3.58333
3.45833
1.625
-4.08333
-9.29167
-11.4583
-7.41667
5.54167
11
3.66667
1.75
4.54167
8.5
14.25
8.875
-5.45833
-12.4583
-7.54167
-0.583333
-0.791667
-3.83333
-4.54167
-3.79167
-0.416667
3.29167
1.54167
1.33333
2
-0.708333
-5.125
-3.58333
2.29167
4.08333
3.41667
1.625
-5.33333
-11.6667
-11
-3.625
4.45833
1.33333
-0.0833333
14.7083
17.2083
4.04167
3.79167
8.75
2.41667
-8.70833
-11
-4.5
-1.83333
-3.75
-3.83333
-2.875
-0.958333
1.875
1.625
0.0833333
1.5
-0.583333
-5.125
-3.70833
2.95833
4.79167
3.04167
0.5
-7.33333
-13.5833
-9.66667
-1.91667
-0.25
-4.33333
2.29167
23.875
28.0417
6.58333
-5.79167
1.29167
6.16667
-3.04167
-11.4167
-7.625
-3.83333
-4.29167
-2.75
-1.54167
-1.58333
0.166667
1.91667
-0.0833333
1.08333
-0.625
-4.91667
-3.45833
3.79167
5.41667
2.125
-2.08333
-10.625
-14.7917
-7.375
0.583333
-0.875
-3.125
6.45833
21.375
24.7083
10.7083
-3.875
-1.66667
5.875
0.5
-9.79167
-9.83333
-6.33333
-5.08333
-1.95833
-0.666667
-2.08333
-1
2
0.208333
0.458333
-0.75
-4.16667
-2.875
3.91667
5.29167
0.833333
-5.75
-13.9583
-12.625
-1.54167
1.08333
-5.79167
-0.208333
15.0833
17.0417
14.7917
13.2917
1.58333
-3.5
4.83333
4.625
-6.5
-11.2083
-9.04167
-6.33333
-2.33333
-0.625
-2.16667
-1.45833
2.08333
0.0416667
-1.08333
-1.04167
-2.75
-1.95833
3.33333
3.70833
-2.08333
-8.66667
-12.5833
-6.75
1.54167
-4.375
-11.8333
8.16667
27.9167
8.70833
-1.79167
17
13.875
-3.625
-1.70833
4.41667
-0.75
-7.95833
-10.7083
-9.08333
-3.95833
-0.875
-2
-1.79167
1.83333
-0.25
-2.33333
-1.16667
-1.66667
-1.58333
2.29167
1.25
-5.58333
-9.04167
-7.5
-2.91667
-2.33333
-12.5
-12.4583
26.4167
45.4167
-9.08333
-30.2083
21.7917
35.1667
2.08333
-10.9167
-2.66667
3.375
-0.666667
-10.125
-13.0833
-6.66667
-0.916667
-1.08333
-1.91667
0.791667
-0.125
-2.5
-1.04167
-0.916667
-1.5
0.5
-1.75
-7.91667
-7.125
-2.70833
-4.83333
-12.4583
-17.75
-0.666667
53.5833
59.3333
-36.875
-67.375
22.9583
61.9583
18.8333
-14.9583
-15.2917
-0.166667
5.79167
-6.41667
-15.5417
-9.625
-1.625
0
-1.33333
-0.5
0.625
-2.41667
-1.16667
-0.75
-1.66667
-1.04167
-4.41667
-9.45833
-5.625
-0.708333
-7.79167
-19.2083
-16.625
14.25
72.7917
65.4167
-57.9583
-99.2083
14.9583
81
40.75
-8.54167
-23.6667
-8.83333
6.41667
-1.75
-15.0417
-12.7083
-3.75
0.25
-0.583333
-1.20833
-0.791667
-3.08333
-0.708333
-0.166667
-2
-3.70833
-8.625
-9.83333
-0.958333
1.54167
-12.5833
-24.3333
-13.0833
25.1667
82.4583
66.4167
-67.625
-113.125
7.375
85.2083
53.1667
0.583333
-24.5833
-13.7917
4.29167
0.708333
-12.625
-15.1667
-7.41667
-1.08333
-0.333333
-0.708333
-1.25
-3.95833
-1.29167
-0.25
-3.16667
-7.79167
-11.0417
-4.625
4.41667
-3.20833
-22
-25.75
-2.625
37.125
84.25
60.4167
-73.375
-116.042
4.08333
83.25
59.625
11.5417
-20.7083
-21.625
-4.75
3.79167
-4.25
-14.7917
-12.7917
-5.04167
-1.625
0.208333
-1.16667
-3.5
-1.875
-1.95833
-5.95833
-10.3333
-7.70833
1.91667
1.29167
-14.8333
-27
-17.2917
12.5
43.125
75.5833
51.9583
-71.7083
-110.458
1.83333
73.7917
58.7083
23.375
-8.75
-23.25
-18
-1.625
4.20833
-8.625
-16.5833
-10.7083
-3.16667
1.875
-0.458333
-1.83333
-2.125
-4.66667
-8.29167
-9.54167
-3.83333
2.375
-7.54167
-23.9167
-22.8333
-1.91667
24.875
41.3333
62.5417
43.6667
-65.625
-101.5
-1.75
60.75
52.1667
32.3333
7.79167
-16.125
-26.25
-11.6667
4.875
-2.83333
-15.8333
-14.5417
-5.54167
2.375
0.0416667
-0.333333
-1.58333
-6.04167
-9.83333
-9.125
-2.91667
-1.08333
-15.0833
-26.0417
-12.2917
13.375
30.125
35.9167
52.8333
35.5833
-61.875
-94.125
-5.20833
51.0833
43.625
33
21.875
-1.375
-24.875
-20.5833
-1.04167
-0.25
-12.3333
-16.375
-8.5
2.08333
0.458333
1.04167
-0.958333
-7
-10.1667
-8.25
-4.66667
-6.83333
-18.9167
-22
-1.125
23.6667
30.9167
30.875
46.375
28.25
-60.5417
-88.4167
-7.08333
45.4167
36.2917
27.875
29
14.4167
-15.9583
-25.2917
-9.875
-1.04167
-7.45833
-15.5833
-11.3333
0.625
2.33333
2.20833
-2.75
-9.20833
-7.58333
-3.16667
-5.70833
-14.6667
-23.9167
-16.0417
11.625
30.5417
27.0833
24.125
40.1667
21.9583
-57.5833
-79.0833
-5.91667
39.4583
29.0833
22.75
30.5833
23.4583
-5.54167
-24.7917
-19.1667
-4.70833
-1.29167
-10.5833
-12.25
-2.125
2.5
1.91667
-4.75
-9.54167
-1.41667
4.375
-7.70833
-24.8333
-26.7917
-4.625
22.875
29.125
18.5833
17.25
32.4583
15.5
-47.5833
-63.25
-6.5
30.6667
22.25
14.7917
25.25
31.3333
10.0833
-22.5417
-31.2083
-11.2083
5.41667
-0.416667
-8.08333
-4.625
1.79167
1.58333
-4.875
-6.91667
5
8.20833
-10.8333
-29.0417
-22.5
5.125
24.4583
21.4167
11.3333
14.0833
26.7917
9.875
-38.75
-50.625
-7.58333
24.75
18.625
8.70833
16.4583
29.5417
19.7083
-15.5
-35.7917
-17.4583
9.33333
10.9167
-2.20833
-7.625
0.583333
0.916667
-4.54167
-4.625
8.75
9.625
-12.5833
-26.9167
-13.7917
10.3333
19.8333
13.8333
7.08333
11.375
21.75
7.33333
-30.7917
-41.2917
-8.66667
19.625
16.4583
5.875
8.70833
21.9167
23
-4.875
-32.5833
-20.9167
11.2083
18.0417
1
-10.3333
-0.291667
-0.166667
-4.33333
-1.83333
11.7083
8.75
-13.625
-22.0417
-7.5
10.8333
15.2083
8.83333
4.08333
7.75
16.3333
5.79167
-24.0417
-31.6667
-6.45833
15.5417
14.1667
3.875
2.375
13.7083
22.5
5.33333
-24.2917
-22.4167
8.25
19.625
2.875
-11.0833
-0.666667
-0.666667
-3.5
1.16667
13
5.66667
-15.7917
-18.375
-2.66667
10.75
11.75
6.20833
2.70833
3.91667
9.33333
4
-14.6667
-19.9167
-4.66667
10
10.75
2.5
-0.958333
9.45833
22.7083
12.0833
-17.5
-23.1667
2.75
17.375
3.91667
-10.7083
-1.33333
-0.416667
-0.75
4.625
11.0417
-1.20833
-18.7917
-15.0417
1.29167
10.6667
9.16667
5.54167
3.625
2.83333
4.79167
2.29167
-7.29167
-12
-5.08333
6.16667
8.95833
1.95833
-2.33333
7.58333
23.4167
17.125
-11.3333
-23.4167
-4.75
11.4167
3.375
-9.04167
-1.83333
0.958333
2.41667
5.875
5.95833
-8.04167
-21.4583
-15.125
3.58333
14.5833
10.875
5.08333
3.875
4.58333
5.58333
1.83333
-7.58333
-12.4167
-4.91667
7.08333
9.20833
1.5
-2.54167
7.33333
24.5833
22.3333
-5.66667
-23.7083
-11.9583
2.66667
-0.583333
-7.375
-1.95833
1.375
3.16667
4.04167
1.5
-10.5
-26
-21.4167
7.66667
25.9583
15.7917
2.58333
1.58333
5.33333
6.79167
2.04167
-7.83333
-13.2083
-6.08333
6.79167
9.83333
1.375
-4.04167
7.875
32.75
32.5417
-5.29167
-29.3333
-17.5833
-4.70833
-5.29167
-6.45833
0.259259
-0.703704
-1.22222
-1.01852
-0.722222
-0.851852
-1.11111
-1.61111
-2.74074
-4.40741
-5
-6.35185
-7.87037
-8.44444
-8.2963
-8.03704
-7.75926
-7.51852
-6.48148
-5.61111
-4.33333
-2.57407
-2.14815
-3.05556
-4.22222
-4.98148
-5.05556
-4.7963
-1.35185
-2.44444
-3.03704
-2.44444
-1.72222
-1.44444
-1.24074
-1.2963
-2.46296
-3.40741
-2.11111
-2.51852
-4.57407
-6.2037
-6.94444
-7.35185
-7.33333
-6.75926
-6.35185
-7.38889
-6.90741
-4.75926
-3.12963
-2.74074
-2.90741
-3.09259
-3.03704
-2.81481
-1.24074
-1.81481
-2.25926
-1.61111
-0.611111
-0.12963
0
-0.407407
-1.74074
-2.07407
0.314815
1.57407
-0.148148
-2.74074
-4.57407
-5.44444
-5.37037
-4.27778
-4.33333
-6.57407
-7.55556
-6.14815
-4.14815
-2.68519
-1.81481
-1.37037
-1.2037
-0.962963
-0.259259
-0.351852
-0.481481
0.0925926
0.907407
1.18519
0.759259
-0.555556
-1.92593
-1.46296
0.277778
2.35185
2.16667
-0.203704
-2.48148
-3.22222
-2.5
-1.2037
-1.75926
-3.35185
-5.2963
-5.96296
-4.72222
-2.57407
-1.03704
-0.5
-0.537037
-0.407407
0.518519
0.833333
1.14815
1.35185
1.51852
1.37037
0.277778
-1.72222
-2.5
-1.74074
-3.12963
-2.18519
-0.611111
-1.64815
-3.66667
-3.92593
-2.61111
-1.98148
-2.87037
-1.5
-3.01852
-5.74074
-5.75926
-3.62963
-2.05556
-1.72222
-1.98148
-2
-0.481481
0.185185
0.981481
0.87037
0.185185
-0.592593
-1.7037
-2.31481
-1.07407
-1
-6.37037
-8.59259
-6.12963
-4.66667
-5.25926
-5.72222
-5.81481
-7.07407
-7.27778
-2.27778
-1.22222
-4.5
-5.98148
-4.42593
-2.64815
-2.16667
-2.2963
-2.11111
-1.44444
-0.444444
0.537037
0.0555556
-1.16667
-2.2963
-2.66667
-0.796296
1.55556
-0.518519
-7.66667
-13.1111
-12.0741
-8.59259
-6.98148
-8.01852
-10.7407
-12.8333
-10.9444
-4.59259
-0.333333
-1.33333
-3.83333
-4.01852
-2.42593
-1.33333
-1.01852
-0.388889
-1.31481
-0.388889
0.222222
-0.351852
-1.77778
-3.18519
-2.61111
0.962963
2.42593
-1.96296
-4.33333
-9.31481
-10.7222
-6.92593
-3.07407
-4.07407
-8.7037
-9.83333
-5.51852
-4
0.611111
2.7963
0.574074
-1.61111
-0.888889
0.833333
1.64815
2.42593
0.5
0.888889
0.851852
0.277778
-0.925926
-1.75926
-0.648148
0.962963
-1.75926
-4.53704
2.2963
2.61111
-0.777778
0.685185
4.7037
5.01852
2.64815
4.7037
7.46296
0.203704
0.388889
4.87037
4.87037
1.66667
0.518519
1.90741
3.03704
3.27778
1.66667
1.25926
0.5
-0.425926
-1.68519
-1.72222
-0.851852
-2.92593
-7.7037
-5.92593
8.07407
16.1852
14.3148
12.4074
13.7593
15.5185
17.2778
19.8519
17.7407
3.92593
-2.75926
0.574074
3.94444
2.40741
0
0.5
2.03704
1.68519
2.05556
1.2037
-0.277778
-2.07407
-2.83333
-1.55556
-1.37037
-6.38889
-11.5926
-5.96296
5.03704
15.8148
16.9259
12.8519
10.0556
12.1111
17.6667
19.537
12.7963
2.37037
-6.57407
-5.72222
-0.962963
0.240741
-2.01852
-2.96296
-1.16667
-1.2037
1.81481
0.907407
-1.14815
-3.33333
-3.05556
-1.64815
-3.57407
-9.16667
-10.7407
-6.37037
-4.27778
2.46296
5.85185
0.944444
-4.68519
-2.33333
4.62963
4.12963
-2.22222
-3.90741
-8.87037
-10.4259
-6.25926
-2.48148
-3.25926
-5.25926
-4.16667
-3.01852
2.11111
1.38889
-0.277778
-1.16667
0.444444
0.481481
-3.81481
-7.72222
-6.53704
-6.5
-12.7593
-14.3519
-12.2037
-15.7407
-20.7593
-18.8519
-13.1852
-13.2037
-14.8889
-8.81481
-6.7037
-8.59259
-7.27778
-2.96296
-1.42593
-3.72222
-4.83333
-3.22222
2.25926
1.31481
0.574074
1.74074
3.16667
0.462963
-4.96296
-5.83333
-1.77778
-4.87037
-12.037
-18.1852
-18.1667
-18.8148
-20.1111
-19.2593
-18.0556
-18.4444
-15.2407
-8.87037
-3.53704
-5.22222
-6.22222
-2.83333
0.685185
0.037037
-2.85185
-2.53704
0.277778
-1.16667
-0.37037
2.24074
1.57407
-3.03704
-5.98148
-2.94444
1.24074
-1.12963
-5.14815
-11.5
-12.7963
-8.51852
-4.83333
-7.05556
-12.5185
-13.1296
-7.90741
-4.57407
-0.425926
-1.77778
-4.90741
-4.05556
0.37037
2.37037
-1.05556
-3.22222
-3.7963
-5.22222
-3.53704
-1.7963
-4.94444
-9.16667
-8.11111
-2.94444
0.259259
0.87037
-0.0925926
-4.01852
-4.25926
3.42593
10.2778
6.42593
-3.53704
-6.66667
-2.42593
-1.16667
-0.148148
-1.61111
-5.14815
-6.94444
-4
0.5
0.0740741
-3.31481
-8.85185
-8.72222
-6
-6.05556
-10.2593
-12.0185
-7.77778
-2.72222
-0.796296
2.62963
1.61111
-0.388889
1.46296
9.7963
16.3889
12.8333
3.68519
-0.481481
0.259259
2.7037
1.64815
-0.148148
-3.31481
-6.7963
-6.35185
-1.81481
0.555556
-1.37037
-9.96296
-7.5
-6.03704
-8.85185
-11.7407
-10.1111
-5.2963
-2.01852
-0.277778
3.96296
1.01852
2.48148
7.46296
13.1667
16.3704
15.1852
10.463
4.48148
0.462963
5.01852
3.05556
0.481481
-1.88889
-5.31481
-7.16667
-3.7037
3
5.22222
-6.94444
-3.7963
-5.09259
-8.87037
-8.75926
-4.44444
-0.314815
1.72222
3.88889
7.31481
4.83333
11.2593
17.6296
19.3704
18.537
18.9815
19.3148
14.3148
5.11111
8.05556
6
3.09259
0.814815
-1.94444
-4.7037
-4.07407
2.37037
8.66667
-0.796296
0.240741
-4.18519
-7
-3.61111
2.14815
5.7037
7.90741
10.1296
11.537
12.2222
20.8889
25.6481
23.537
20.1667
21.3704
24.2037
21.1111
11.4259
9.62963
8.61111
6.44444
3.66667
0.796296
-2.88889
-5.18519
-1.37037
5.55556
3.85185
2.2963
-0.814815
0.87037
7.33333
13.8519
18.4444
22.8704
25.3889
24.9259
28.7778
33.2222
33.1111
28.6481
24.963
25.9444
29.6111
31.2222
26.6667
21.1481
21.8148
20.7593
16.3704
11.3519
5.59259
-1.22222
-5.42593
-3.25926
6.09259
4.7037
7.03704
14.1296
22.8704
30.5926
37.6111
44.7963
48.4444
48.4259
52.2778
49.0185
44.7037
40.3704
37.963
38.7037
41.6111
46.1667
50.1667
45.7778
46.1296
44.7963
38.4074
30.1852
21.2407
10.7963
-0.0925926
-6.09259
4.48148
4.88889
11.4444
20.7407
29.1481
36.3704
43.5185
50.2222
54.2593
56.0741
57.7222
51.4444
46.4444
43.8148
43.0741
43.6111
45.6852
50.7407
58.7778
58.2963
55.9074
53.1111
47.0556
38.9444
30.1481
19.9815
7.61111
-2.62963
3.01852
4.68519
10.4444
16.5556
20.5556
23.6296
26.0926
26.6667
27.8889
30.6481
31.2778
27.4815
24.0741
22.8148
22.9444
23.2963
24.537
27.3704
33.5
34.1111
29.5185
27.6296
27.4444
25.9259
23.037
19.0556
12.6481
5.09259
2.81481
2.48148
1.46296
-1.07407
-5.7963
-11.6111
-18.7593
-27.9444
-33.2963
-35.6296
-36.9259
-37.1852
-38.8333
-39.963
-40.1852
-40.537
-40.4259
-40.1667
-39.1852
-38.463
-39.037
-35.7963
-26.0926
-15.8889
-7.61111
-0.851852
4.03704
6.5
7.98148
6.85185
1.55556
-6.68519
-17.1481
-29.0185
-42.4259
-57.3333
-68.7037
-77.2963
-81.1852
-82.463
-84.5926
-86.2963
-87.1852
-88
-88.5
-89.0741
-90.0926
-88.9444
-82.2778
-72.0556
-55.8519
-38.8889
-24.2222
-11.5741
-0.407407
8.14815
9.14815
7.44444
0.5
-9.2963
-20.4815
-33.0185
-46.4815
-59.9444
-71.9815
-83.8519
-90.5185
-93.2407
-94.8889
-95.5926
-95.8889
-96.0741
-96.1296
-95.6852
-95.0926
-90.8889
-79.6111
-67.4815
-53.8519
-39.7222
-26.7778
-15.5
-4.94444
3.64815
5.90741
6.09259
2.94444
-1.77778
-6.42593
-11.5185
-16.8704
-21.5185
-26.8704
-32.4074
-36.2222
-37.5926
-37.3148
-36.1667
-35.1667
-33.8704
-32.3889
-30.5185
-28.1296
-24.9074
-18.4259
-12.1667
-9.2037
-6.85185
-4.44444
-2.62963
-0.851852
0.203704
-2.51852
1.7963
5.61111
5.92593
2.72222
-2.62963
-6.05556
-6.55556
-4.68519
-3.18519
-2.61111
-0.796296
2.96296
8.66667
11.2593
9.46296
2.68519
-3.24074
-5.09259
-2.33333
0.333333
-0.0740741
-3.81481
-7.16667
-8.22222
-4.92593
0.333333
4.7037
-2.96296
1.38889
5.62963
6.33333
3.05556
-2.38889
-5.96296
-6.68519
-5.51852
-4.51852
-3.61111
-0.851852
3.53704
9.12963
12.0556
11.7593
6.11111
-0.703704
-5.40741
-4.77778
-2.12963
-1.14815
-3.35185
-6.40741
-7.74074
-5.59259
-0.87037
3.24074
-3.7963
0.240741
4.85185
6.38889
3.72222
-1.40741
-5.44444
-7.24074
-7.51852
-6.85185
-4.2963
0.740741
6.01852
9.98148
11.6481
12.2778
9.01852
2.61111
-4.5
-6.74074
-4.88889
-2.81481
-3.48148
-5.90741
-7.03704
-5.42593
-1.37037
1.81481
-4.59259
-1.40741
3.40741
6.09259
4.68519
-0.037037
-5.07407
-8.88889
-10.7037
-9.12963
-3.61111
4.12963
8.77778
10.463
10.2407
12.3889
11.5
6.35185
-2.7037
-7.90741
-7.62963
-4.90741
-4.16667
-5.85185
-6.81481
-5.33333
-1.53704
1.14815
-4.75926
-2.55556
2.14815
5.57407
5.35185
0.814815
-5.38889
-11.1111
-13.2778
-9.85185
-2.68519
5.31481
8.55556
11.8519
12.3333
15.463
12.8889
8.18519
-1.25926
-7.77778
-9.68519
-7.40741
-5.48148
-6.01852
-6.94444
-5.77778
-2.2037
0.833333
-4.75926
-3.03704
1.87037
5.53704
5.68519
0.296296
-6.75926
-12.7037
-13.4074
-9.66667
-4.92593
0.296296
6.31481
17.3889
22.7407
22.2222
12.2407
4.75926
-2.05556
-6.22222
-9.27778
-9.11111
-7.59259
-6.98148
-7.37037
-6.33333
-3.18519
0.277778
-4.44444
-3.05556
1.81481
5.38889
5.55556
-0.574074
-8.16667
-14.1852
-14.5556
-11.3519
-8
-2.83333
6.92593
23.1852
32.2963
29.1481
13.8704
1.61111
-4.88889
-6.75926
-8.94444
-9.77778
-9.38889
-8.12963
-7.92593
-6.55556
-3.74074
0.0555556
-4.2037
-3.44444
1.33333
5.14815
5.05556
-1.85185
-10.3333
-16.0926
-15.5185
-11.4074
-6.05556
-0.37037
10.0556
21.7407
30.7593
28.2593
18.1296
5.55556
-2.62963
-6.77778
-9.72222
-10.8148
-11.2593
-9.55556
-8.66667
-6.55556
-3.85185
-0.296296
-4
-3.88889
0.574074
4.11111
3.68519
-3.64815
-11.8704
-16.4259
-15.3704
-11.4815
-4.92593
3.83333
15.2222
21.463
25.037
22.9074
19.3148
10.9259
2.12963
-4.51852
-9.11111
-11.5185
-13.2407
-11.9444
-9.87037
-6.64815
-3.62963
-0.666667
-3.5
-3.62963
-0.166667
2.01852
1.03704
-5.38889
-11.6296
-15.0926
-15.5926
-13.2037
-4.09259
10.4074
22.537
21.1852
16.7037
15.6296
20.1667
16.963
6.62963
-3.2963
-8.42593
-10.5926
-13.3889
-13.9259
-11.7778
-7.44444
-3.7963
-1.25926
-3.11111
-3.24074
-1
-0.462963
-1.83333
-6.61111
-10.9259
-14.8889
-17.9815
-15.463
-0.240741
20.537
30.9259
18.2407
5.83333
7.44444
22.9444
25.0926
12.0185
-3.51852
-9.68519
-10
-12.4074
-14.6481
-13.8519
-8.90741
-4.5
-1.7037
-3.07407
-3.03704
-1.53704
-2.27778
-4
-8.03704
-11.9074
-17.1111
-20.963
-15.6481
6.61111
31.0741
38.2407
14.1111
-4.51852
-1
25.463
33.963
19.7778
-2.40741
-12.4259
-11.8148
-12.3148
-14.3704
-15.2593
-10.7037
-5.77778
-1.96296
-3.38889
-3.11111
-1.83333
-3.66667
-5.88889
-10.2407
-13.8704
-19.1111
-21.7593
-13.7778
13.463
39.3704
44.2407
9.98148
-13.5926
-9.62963
26.8704
41.7963
28.4444
0.851852
-14.0926
-14.4815
-13.3333
-14.1852
-16.0926
-12.7778
-7.66667
-2.61111
-3.51852
-3.68519
-3.42593
-6.2037
-7.77778
-11.2037
-14.463
-20.2222
-22.3889
-12.037
20.9074
49.1481
51.9444
4.46296
-25.5556
-21.0926
28.0556
49.2222
36.7593
4.51852
-12.9259
-15
-13.3333
-15
-17.2037
-15.6296
-10.0741
-4.14815
-4.05556
-5.55556
-6.7037
-8.75926
-8.03704
-10.5926
-15.9259
-23.7778
-24.3704
-8.18519
33.2407
63.9444
59.7593
-6.12963
-45.1111
-36
30.8148
61.3148
48.3704
8.7037
-14.1481
-18.3333
-14.5741
-14.0556
-15.7407
-17.2407
-13.6111
-7.5
-5.35185
-8
-9.53704
-10.0185
-8.55556
-12.3333
-19.3889
-25.7778
-21.1296
0.203704
45.6296
74.1481
62.8519
-17.1296
-62.8333
-50.5185
30.463
71
61.0741
16.9444
-11.4815
-20.9444
-17.9259
-15.3889
-14.3889
-17.2222
-16.2037
-11.037
-6.51852
-9.77778
-11.3333
-11.8889
-11.4815
-16.2407
-21.3333
-23.4444
-14.5185
8.2963
52.2778
78.3889
61.9074
-21.9815
-72.1667
-58.4444
25.8519
73.1296
68.037
25.9815
-4.07407
-18.7593
-19.9815
-19.0741
-16.0185
-17.5926
-17.1667
-13.2037
-7.12963
-10.9444
-13.0926
-14.5185
-15.2963
-19.2222
-21.4074
-19.7963
-8.22222
16.2407
59.0741
81.537
58.5185
-27.9444
-79.7963
-63.9815
21.5185
73.2593
71.963
33.0185
3.27778
-13.463
-18.9444
-21.3704
-18.8889
-18.8148
-17.7222
-14.3889
-7.55556
-11.7407
-14.2037
-16.4815
-18.4815
-21.9444
-21.7593
-16.3889
-1.05556
25.4815
65.6111
81.537
52.5741
-33.963
-84.2407
-67.9074
16.4259
70.9815
74.9444
40.3333
10.8333
-8.2963
-17.3519
-22.7778
-21.1481
-20.1296
-17.7963
-14.8333
-8.18519
-11.4259
-12.8519
-16.7778
-21.0556
-25.6296
-22.1296
-11.6481
8.07407
33.8148
66.8889
75.0556
43.9259
-36.4074
-81.5556
-66.6852
10.9815
64
73.6481
46.4074
19.3889
-2.83333
-15.8889
-24.8148
-23.1111
-21.0185
-16.4815
-13.8333
-8.09259
-9.03704
-9.87037
-15.6296
-22.5
-27.537
-20.8333
-5.96296
15.7222
37.6481
61
63.2222
33.6667
-33.7963
-71.9259
-59.0556
5.77778
52.3333
65.1111
47.5926
26.8148
4.03704
-13.1852
-26.2593
-25.1296
-20.8889
-13.3704
-10.2037
-6.62963
-5.7963
-7.46296
-13.037
-21.963
-26.4074
-19.5556
-2.2037
19.5
37.9815
53.3889
51.3519
24.537
-30.6852
-61.7037
-50.1852
2.55556
41.1111
54.1667
44.5
30.1852
8.57407
-11.5926
-26.2037
-24.6481
-17.2593
-8.64815
-5.64815
-5.85185
-3.77778
-4.61111
-9.81481
-20.4074
-25.5741
-17.8704
1.88889
23.3148
37.463
45.5556
40.8889
17.2778
-27.1852
-53.4259
-43.4444
-0.759259
32.2407
44.8333
40.6852
31.0185
12.3333
-9.05556
-24.1111
-22.463
-12.2407
-3.33333
-2.2963
-3.75926
-0.592593
-2.16667
-9.11111
-22.3889
-25.9815
-14.1852
8.72222
27.1667
34.9815
36.9444
32.0926
11.6296
-24.5185
-47.8333
-38.2037
-2.68519
25.7037
35.9444
35.4444
32.3519
19.963
-2
-21.1852
-23.1296
-11.1111
-0.296296
0.314815
-0.574074
2.31481
-2.03704
-12.8519
-26.5185
-24.7222
-7.09259
16.2222
28.5926
30.7037
29.3519
26.037
7.83333
-21.8519
-43.4074
-33.7593
-3.92593
21.3889
28.6481
29.8704
32.4074
28.537
8.46296
-16.1667
-25.6667
-14.9074
-1.12963
1.27778
2.14815
3.85185
-4
-17.5741
-29.2037
-21.3519
-0.203704
20.8889
27.5185
26.2037
23.7593
21.5926
5.7963
-18.6296
-37.1296
-28.1667
-3.33333
17.9815
22.463
23.7222
29.7222
33.2778
18.1481
-8.83333
-25.8889
-20.1296
-5.46296
0.037037
3.25926
4.33333
-5.77778
-20.6296
-29.8704
-17.463
5.62963
23.7222
25.463
20.9259
17.9259
16.4815
4.72222
-14.2037
-27.7222
-20.7963
-1.40741
13.8704
16.1296
16.7222
25
33.9074
25.2593
-1
-23.3889
-24.0556
-10.5556
-2.24074
3.18519
3.92593
-7.27778
-22.1111
-28.8704
-12.6852
11.3519
26.2593
22.7963
14.5926
10.6111
10.4074
3.74074
-8.61111
-17.5
-13.537
-0.666667
8.87037
9.53704
10.1481
20.1296
33.7222
30.963
6.75926
-19.9444
-26.4074
-15.1296
-4.68519
0.0555556
-1.77778
-4
-5.27778
-3.38889
1.55556
4.83333
4.05556
-0.222222
-2.61111
-2.33333
-0.722222
-0.111111
0.833333
1.33333
1.22222
-0.5
-1.05556
-0.333333
0.722222
1.16667
1.44444
2.27778
2.27778
1.16667
-0.777778
0.5
2.83333
5.27778
2.77778
-1.27778
-5.16667
4.66667
2.83333
-0.722222
-3.83333
-4.66667
-2.11111
1.16667
2.27778
0.111111
-1.16667
-0.777778
0.166667
-0.166667
-0.166667
-0.777778
-1.27778
-2.38889
0
2.5
4.44444
3.33333
1.77778
0.666667
-0.111111
-0.111111
-0.944444
0.777778
2.44444
5.38889
4
0.5
-4.16667
5.88889
4.33333
1.16667
-2.5
-4.83333
-4.72222
-1.83333
0.388889
0.388889
-0.333333
-0.333333
-0.388889
-1.22222
-2.66667
-5.27778
-6.33333
-4.5
3.27778
8.88889
10.7222
6.55556
1.72222
-1.72222
-3
-1.33333
-0.166667
1.66667
1.55556
2.33333
1.38889
-0.111111
-2.44444
2.44444
1.77778
0.5
-1.22222
-3.22222
-4.05556
-2.5
-0.444444
0.277778
-0.666667
-1.38889
-1.77778
-2
-4.11111
-7.66667
-9.94444
-6.44444
3.38889
12.1667
14.9444
10.2222
3.05556
-2.27778
-4.05556
-1.61111
1.16667
3
1.61111
-0.611111
-2.5
-2.77778
-2.16667
-1.88889
-1.11111
-0.222222
0.166667
-0.666667
-1.88889
-2.16667
-1.61111
-0.666667
-0.722222
-1.16667
-1.94444
-2.94444
-5.77778
-8.05556
-9.77778
-6.77778
-0.944444
7.94444
13.9444
13.6111
7.16667
0.222222
-3
-1.38889
1.72222
3.77778
2.16667
-1.77778
-4.61111
-3.94444
-1.38889
-4.55556
-1.72222
1.11111
2.44444
0.888889
-1.27778
-3
-2.55556
-0.833333
0.666667
0.5
-1.33333
-4.11111
-7.05556
-5.55556
-4.61111
-4.44444
-7.77778
-3.22222
6.72222
14.5
12.6667
5.22222
-0.0555556
-0.611111
1.66667
3.55556
2.38889
-0.888889
-3.33333
-2.55556
-0.777778
-3.88889
-0.111111
3.5
3.94444
1.33333
-2.33333
-4.77778
-4.22222
-0.833333
2.83333
2.66667
-1.77778
-8.05556
-10.6111
-4.38889
2.55556
1.77778
-9.05556
-12.7222
-2.66667
11.5
16.3333
10.4444
3.5
0.166667
0.611111
1.44444
1.16667
0.222222
-0.166667
0.333333
0.111111
-2.55556
0.5
3.88889
4.05556
1.33333
-2.66667
-5.22222
-4.16667
-0.222222
3.44444
1.38889
-6
-13.3889
-12.4444
-1.94444
9.33333
8.22222
-4.44444
-15.2222
-10.5556
4.11111
15.0556
14.1111
7.44444
1.61111
-0.277778
-1.27778
-0.555556
1.11111
2.66667
1.88889
-0.388889
-1
0.277778
2.27778
2.55556
1.44444
-1.27778
-3.11111
-2.61111
0.0555556
1.33333
-3.22222
-11.9444
-16.2778
-9.33333
-0.0555556
7.83333
4.94444
1.77778
-7.94444
-10.3333
-3.44444
10
16.0556
11.6667
3.66667
-0.722222
-3
-1.05556
1.72222
3.61111
1.55556
-0.833333
0.444444
-0.166667
-0.277778
-0.166667
0.5
0.277778
0.888889
0.722222
0.333333
-3.44444
-9.16667
-13.0556
-8.88889
-1.61111
-6.44444
-12.8889
-10.7778
9.38889
13.5556
2.11111
-8.33333
0.0555556
13.5556
15.5
7.72222
1.05556
-1.83333
0.277778
2.22222
2.55556
0.0555556
-0.722222
2.5
-0.166667
-2.22222
-2.72222
-1
1.05556
4.11111
3.33333
0
-7.61111
-11.9444
-8.83333
-0.111111
-0.166667
-19.9444
-36.8889
-25.3889
13.6111
36.1111
22.9444
-2.38889
-7.61111
5.44444
14.3333
10.4444
3.72222
0.611111
2.22222
2.5
1.38889
-0.722222
0.333333
2.66667
0
-2.33333
-3.55556
-2.11111
0.944444
5.11111
4.11111
-1.72222
-11
-13.1667
-4.16667
4.66667
-4.16667
-21.9444
-36
-16.5556
8.11111
33.6667
25.9444
6.77778
-8.05556
-3.05556
9.22222
11.4444
7.05556
2.94444
2.55556
2
0.888889
-0.0555556
1.05556
0.833333
-0.333333
-1
-1
-0.166667
1.72222
2.77778
0.888889
-5.83333
-12.3333
-11.4444
-2.66667
-1.88889
-11.1667
-6.66667
2.11111
12.3333
-5.61111
-2.16667
5.94444
12.7778
0.777778
-6.05556
2.05556
9.77778
9.05556
4.5
1.33333
0.777778
0.777778
1.05556
1
-1.72222
-0.277778
0.611111
1.83333
2.55556
2.16667
-1.66667
-6.38889
-12.7778
-13.0556
-7.05556
-0.888889
-6.83333
-10.5556
17.8889
46.9444
40.8333
-19.1667
-48.2778
-29.2778
7.16667
11.2222
-1.88889
-2.5
8.16667
11.7778
7.94444
1.16667
0.0555556
0.555556
1.5
-0.222222
-1.16667
0.0555556
0.777778
3.11111
4.27778
1.66667
-6.88889
-14.7222
-17.6667
-9.5
1.38889
0.388889
-14.9444
-13.6667
23.7222
64.3333
47.0556
-18.6667
-64.3333
-42.6111
2.33333
18.0556
3.94444
-5.44444
5
13.0556
12.0556
3.33333
0.111111
0.444444
1.38889
-0.611111
0.777778
0.5
0
1.33333
2.44444
-0.722222
-9.83333
-18
-16.2778
-3.55556
4.11111
-8.11111
-25.3333
-16.2222
23.8889
56.3889
38.5
-15.0556
-54.4444
-39.7222
2.72222
25.2222
13.7778
-4.05556
-1.38889
10.2778
13.6111
7.22222
1.22222
0.777778
1.27778
0.0555556
2.11111
0.611111
-0.5
-0.833333
-1.05556
-3.77778
-9.16667
-13.5
-8.55556
-0.611111
-4.27778
-23.6667
-32.8333
-14.2778
21.3333
37.0556
24.6667
-8.77778
-31.6111
-29.3333
1
27.1111
26.2222
6.38889
-4.88889
2.61111
9.83333
9.55556
2.61111
0.444444
0.555556
1
1.5
-0.277778
-0.944444
-2.22222
-3.61111
-6.44444
-8.16667
-8.05556
-2.27778
-3.22222
-17.5
-33.8889
-26.6667
-1.16667
24
20.5556
13.5556
-5
-14.6111
-24.8889
-9.33333
17.1111
31.7778
20.1111
0.944444
-2.44444
6.11111
10.4444
5.5
-0.388889
-1.72222
-0.166667
1.44444
0.333333
-0.222222
-1.66667
-4.72222
-9.77778
-9.77778
-4.77778
1.22222
-8.61111
-26.6111
-30.1111
-7.5
15.8333
21.7778
5.38889
2.16667
-1.05556
-1.27778
-18.2222
-21.1667
-1.83333
26.0556
29.6667
10.6111
-5.11111
2.77778
11.3889
10.7778
-0.277778
-5.88889
-4.88889
1.66667
1.27778
0.722222
-0.5
-5.77778
-12.2222
-11.7778
-3.44444
-0.5
-15.2222
-28.5556
-17.2778
12.6667
26.8889
15.4444
-6.66667
-7.61111
1.27778
9.5
-6.16667
-24.0556
-21.1111
8.77778
28.5
21.7778
-0.666667
0.833333
10.7222
16.1667
4.27778
-6.22222
-7.22222
1
3.27778
3
0.444444
-6.61111
-10.6667
-7.33333
-0.222222
-6.61111
-24.7778
-27.5
-2.72222
27.7222
32.2222
10.1667
-11.0556
-13.3333
2.22222
12.9444
2.72222
-21.0556
-29.4444
-6.66667
21.6667
26.3333
7.16667
-1.77778
6.27778
15.7222
10.4444
-0.888889
-5.05556
-2.66667
1.05556
2.5
0.277778
-5.05556
-3.38889
0.388889
-1.83333
-20.6111
-32.9444
-18.5556
14.5
36.1667
32.6111
8.11111
-5.66667
-12.1667
4.44444
7.77778
2.5
-21.1111
-35.5
-24.5
7.77778
30.9444
24.7778
3.88889
-0.388889
8.5
15.0556
10.5
4.66667
-6.77778
-2.88889
-0.0555556
-0.944444
-0.777778
4.94444
4.66667
-10.0556
-31.7778
-29.2778
-1.27778
28.2778
35.2778
29.1111
10.5
6.88889
-6.16667
4.27778
-4.83333
-5.77778
-22.2778
-33
-34.6667
-10.0556
23.0556
36.3333
15.8889
-2.5
-0.777778
13.1111
18.6667
12.8333
-8.77778
-7.33333
-5.77778
-5.11111
0.888889
8.44444
4.05556
-15.7222
-28.5
-11.6111
18.6111
34.6111
27.1111
19.1111
7.66667
8.66667
-4
1.33333
-8.33333
-6.33333
-15.6667
-25.0556
-36.7778
-26.5556
5.72222
31.3889
23.1667
-0.944444
-6.38889
7.16667
20.4444
18.1667
-6.44444
-8.27778
-11.1111
-10.2778
0
10.0556
7.38889
-6.5
-5.33333
14.6111
33.7778
32.3889
16.2222
4.38889
-7.33333
-9.77778
-11.7222
1.61111
7.05556
8.77778
0.0555556
-11.8889
-29.0556
-35.9444
-20.1667
5.33333
12.1111
-4.27778
-13
-2.22222
15.1667
19.0556
-3.38889
-7.44444
-12.8333
-10.2222
0.277778
12.9444
15.6667
17.5556
27.5
39.6667
40.5
26.7778
8.88889
-7.83333
-24.8333
-33.9444
-22.1667
5.38889
29.2222
29.1667
15.6667
-1.61111
-19.2222
-36.6111
-42.5
-30.1667
-17.6111
-16.1667
-20.3889
-9.66667
7.05556
16.9444
-2.88889
-7.27778
-10.8889
-5.94444
1.38889
11.5
17.3889
32.5
46.3333
50.6667
38.2222
19.9444
5.16667
-11.0556
-30
-40.1111
-22.3333
11.9444
37.2778
33.6667
17
1.11111
-12.9444
-32
-50.5556
-49.4444
-37.7778
-21.7222
-18.2778
-7.66667
3.5
12.5556
-4.38889
-6.22222
-3.94444
3.27778
4.61111
6.11111
8.61111
27.4444
39.0556
39.3889
23.8333
10.2778
3
-5.94444
-15.7778
-22.5556
-11.1667
6.77778
19.4444
16.2222
8.5
1.77778
-6.44444
-20.8333
-39.7778
-42.3333
-31.4444
-9.11111
-1.72222
1.05556
-0.222222
1.61111
-4.27778
-3.5
2.38889
7.11111
4.83333
-4.05556
-8.11111
-2.61111
4.44444
6.88889
3.05556
0.388889
0.388889
-0.833333
-2.33333
-4.33333
-1.33333
0.166667
-0.888889
-3.77778
-3
-1.05556
-3.05556
-6.83333
-9.55556
-3.22222
8.38889
19.7778
21.0556
10.2778
-2.05556
-9.11111
-0.333333
2.05556
8.88889
12.2222
9.16667
-4.83333
-18.4444
-28.6111
-29.1111
-23.3889
-15.6667
-8.83333
-4
-0.666667
2.66667
1.83333
-0.722222
-7.27778
-9.66667
-8.55556
-3.05556
0.444444
1.38889
5.94444
17.4444
32.5556
43.6111
41.1111
28.8889
5.83333
-11.8889
-19.5
3.83333
5.83333
10.1111
10.2778
7.77778
-6.33333
-23.5556
-43.1111
-46.3333
-36
-20.3333
-10.2778
-6.33333
-3.33333
-1.55556
-1.61111
-2.72222
-2.11111
-0.111111
1.61111
1.55556
1
2.66667
10.7222
28.7778
46
55.0556
42.7778
22.9444
-1.94444
-16.3333
-20.1111
7.33333
7.61111
8.11111
6.05556
2.83333
-6.38889
-20.3333
-34.7778
-36.5
-23.2222
-8.05556
-1.61111
-3.33333
-4.16667
-3.5
-2.66667
-1.61111
3.5
8.44444
10.1667
6.16667
1.88889
0.5
3.11111
14.4444
27.1667
36.3889
27.5556
10.2778
-7.94444
-15.8333
-14.7778
-1.88
-2.84
-3.86
-4.02
-2.4
-1.06
-1.34
-1.88
-2.18
-3.5
-6.16
-7.72
-7.64
-6.38
-3.2
2.84
8.36
11.62
11.88
9.28
5.66
2.56
1.34
1.4
2.66
2.58
1.98
-0.58
-0.86
-2.06
-3.62
-4.3
-3.6
-2.52
-2.1
-2.12
-2.6
-4.56
-7.62
-10.02
-11.02
-9.74
-5.02
1.88
8.54
13.76
15.06
12.1
8.02
4.36
2.1
1.48
2.36
2.14
1.2
-1.18
-0.16
-1.28
-3.08
-3.9
-4.04
-3.68
-2.8
-2.72
-4.04
-6.8
-9.34
-11.92
-13.22
-11.28
-5.38
0.46
7.12
13.64
16.12
13.76
10.54
6.84
3.64
1.98
1.86
1.52
0.7
-1.24
0.7
-0.06
-1.84
-2.84
-3.74
-3.9
-3.16
-3.68
-6.1
-8.76
-10.42
-12.24
-12.52
-9.94
-5.74
-2.44
3.08
9.98
14.08
14.7
13.7
10.5
6.44
3.54
1.86
0.96
0.36
-1
1.26
0.64
-0.84
-2.06
-3.32
-3.96
-3.88
-5.18
-8
-10.6
-12.94
-13.28
-11.88
-9.84
-7.8
-3.8
0.28
6.18
12.26
16.5
16.44
13.84
9.5
5.54
2.28
0.82
0.42
-0.16
0.96
0.48
-0.5
-1.36
-2.38
-3.84
-4.78
-6.52
-9.36
-12.94
-16.36
-16.04
-13.56
-11.9
-9.14
-2.48
1.68
5.38
11.38
17.14
17.48
15.24
11.9
8.36
3.98
1.5
1.14
1.22
1.04
0.64
0.04
-0.46
-1.06
-3.16
-5.36
-8.06
-11.88
-16.34
-20.46
-20.72
-17.44
-13.62
-9.26
-0.56
6
8.76
12.3
17.58
18.12
15.42
12.66
10.2
5.6
2.46
1.92
2.48
0.66
0.6
0.6
0.24
-0.32
-3.1
-6.84
-10.52
-14.34
-18.52
-21.12
-20.84
-17.4
-13.44
-8.2
-0.44
6.82
9.68
12.36
16.48
17.86
15.86
13.5
11.68
7.54
3.94
2.56
3.18
-0.02
0.28
0.8
0.36
-0.76
-4.58
-8.96
-12.34
-15.7
-19.26
-18.96
-18.54
-17.5
-12.88
-5.02
-0.08
6.34
10.74
11.76
12.6
15.56
15.7
14.14
13.12
10.2
6.06
3.38
3.36
-0.36
0.18
0.56
-0.54
-2.78
-7.04
-10.96
-13.58
-17.08
-19.36
-14.14
-14.06
-15.56
-8.06
2.22
-0.7
3.7
10.34
9.08
6.02
12.02
14.86
14.26
13.94
12.62
8.7
4.96
3.48
0.08
0.68
0.32
-2.3
-6.04
-9.84
-13.68
-17.04
-21
-20.22
-9.32
-6.16
-5.92
3.96
10.98
-2.9
-4.04
3.46
3.16
0.74
9.96
15.1
14.66
13.38
12.68
10.44
6.8
3.86
0.16
0.8
-0.58
-4.7
-9.48
-13.34
-17.8
-21.76
-24.32
-20.74
-4.42
5.62
9.94
17.24
18.3
-5.64
-16.16
-11.16
-6.72
-3.9
9.44
17.38
17.66
14.74
12.88
11.3
8.28
4.34
0.48
0.24
-2.44
-7.64
-12.72
-16.46
-20.74
-24.64
-26.48
-21.72
-4.6
9.24
16.88
24.04
20.76
-5.66
-20.58
-18.2
-12.5
-4.68
10.98
19.42
20.06
16.88
13.78
11.62
9.16
4.84
0.24
-1.52
-5.76
-11.4
-15.72
-19.32
-23.88
-27.68
-28.54
-24.16
-7.68
9.34
21.46
26.88
20.52
-4.88
-20.82
-22.2
-14.44
-2.42
13.52
20.96
22.32
18.92
15.22
12.82
10.48
5.82
-0.1
-3.68
-8.44
-13.02
-16.7
-20.96
-25.9
-30.38
-31.4
-27.86
-11.42
8.46
24.08
26.76
18.66
-4.46
-19.92
-23.62
-13.66
1.42
17.76
23.82
23.72
19.7
16.08
12.88
9.92
6.16
-1.22
-6.04
-10.04
-13.24
-17.32
-22.36
-26.96
-31.6
-31.76
-27.32
-11.26
7.56
22.22
22.3
14.62
-4.56
-17.54
-21.9
-12.1
2.56
19.04
25.94
26.04
21.62
18.52
14.28
9.82
6.48
-1.86
-6.98
-10.22
-13.34
-18.86
-24.56
-28.08
-31.38
-28.92
-20.5
-5.72
8.44
18.94
17.76
9.86
-4.08
-13.84
-18.36
-11.84
-0.64
14.12
23.9
27.22
24.16
22.5
17.8
11.58
7.38
-2.46
-6.66
-9.58
-13.34
-20.48
-26.64
-29.44
-30.08
-23.64
-10.16
4.58
15.88
22.26
18.06
8.1
-3.36
-13.98
-20.74
-16.94
-8.96
3.4
17.32
26.36
26.3
26.28
22.54
15.84
10.3
-3.44
-5.7
-7.74
-12
-20.42
-26.34
-28.26
-26.64
-16.58
2.08
16.1
24.32
26.42
19.86
6.4
-3.62
-15.48
-23.42
-23.44
-17.52
-7.18
9.08
21.6
25.88
27
24.4
19.24
14.28
-5.78
-5.2
-6.42
-10.96
-18.32
-23.46
-25.04
-19.92
-4.84
16.5
26.4
30.48
27.82
18.22
2.06
-3.24
-14.64
-24.98
-29.22
-25.22
-18.78
-2.16
15.4
24.44
25.9
24.26
22.14
18.1
-7.14
-4.14
-4.52
-6.82
-10.2
-13.86
-13.74
-4.12
12.26
30.1
32.72
32.14
24.7
13.08
-2.9
-0.8
-10.22
-22.32
-31.46
-30.62
-30.32
-17.94
0.08
14.24
17.3
16.46
18.22
17.9
-8.48
-3.74
-1.66
1.22
2.92
4.02
7.26
18.64
30.84
40.16
34.06
27.62
16.66
4.98
-6.86
1.12
-3.34
-14.14
-26.1
-30.3
-37.66
-34.06
-22.4
-7.68
-1.9
1.14
7.34
13.38
-11.22
-6.18
-1.28
6.76
14.1
20.02
26.98
37.76
44.44
44
30.4
17.58
4.56
-5.68
-10.74
2.24
5.26
-1.92
-14.64
-24.34
-38.04
-44.02
-40.9
-28.68
-19.94
-12.9
-2.76
9.1
-10.76
-5.7
1.68
13.24
23.92
33.38
42.38
50.88
51.86
42.96
23.22
5.58
-8.26
-16.6
-14.86
2.7
12.08
8.1
-3.66
-17.48
-36.34
-48.94
-51.52
-42.74
-32.3
-22.06
-10.78
2.96
-6.78
-2.22
5.6
17.18
26.9
37.6
47.06
52.88
49.06
36.22
14.7
-3.86
-16.36
-21.96
-15.98
2.78
14.42
13.22
3.58
-11.24
-31.66
-46.06
-51.82
-45.26
-34.26
-22.24
-12.88
-1.38
-2.32
0.84
6.14
12.48
17.08
25.3
32.3
35.4
31.66
21.64
5.62
-8.84
-17.04
-20.16
-13.04
1.26
12.14
13.18
8.02
-4.08
-20.04
-30.72
-34.94
-30.06
-19.66
-8.58
-3.96
0.4
1.52
1.62
1.18
-0.92
-2.06
-0.58
2.84
6.28
7.5
3.7
-3.3
-10.5
-14.1
-15.4
-9.26
0.72
8.72
9.76
7.44
0.36
-7.14
-10.52
-7.86
0.14
9.78
14.94
13.42
7.9
8.26
6.18
0.42
-8.74
-15.82
-19.7
-19.98
-15.12
-9.12
-6.92
-7.58
-8.98
-10.08
-11.02
-7.3
-0.66
4.38
4.96
4.02
1.5
0.66
3.98
12.54
23.74
31.7
31.18
23.08
9.48