1.5
-1.375
-3
-3.75
1
1.625
4.375
2.875
0
1.625
-3.625
-7.25
-13.25
-16.125
-6
3.375
12.375
16.125
15.625
15.25
11.625
6.375
-1.625
-11.25
-14.625
-14.625
-20
-22.25
-22.625
-22.25
-12.375
-4.75
-1.875
-2.125
-1
-2.875
-5.5
-2
0.75
-3.125
-4.375
-5.375
-3.25
4
0.875
-8.25
-17.375
-18.125
-11.375
-2.625
7.125
7.25
7.5
8.75
5.875
3.75
2.625
0.5
-0.75
-4.25
-8.75
-11.375
-9.875
-3.75
3.125
5.625
5.25
1
9.125
1.75
-2.5
1.625
-0.375
-0.125
-1.375
-0.75
6.625
11
9.375
0.25
-8.375
-10.5
-9.625
-5.875
-2.125
-1.25
0.5
-1.125
-1.625
-0.875
1.5
6.375
7.25
5.125
5.75
10.875
18.25
26.25
24.75
17.75
11.625
6.375
4.875
-1.25
-2.875
-4.625
-9.5
-4
-0.875
1.125
2.625
-4.5
-9.75
-14.375
-18.875
-23.25
-21.5
-18.75
-18.75
-13.5
-10.125
-8
-3.25
1
5.125
8.75
11
12.375
12.625
16.875
20.5
18.875
13.5
6
2
4.75
-2.125
-5.125
-9.75
-17.375
-21
-16.25
-12
-11.75
-15.375
-18.625
-14.125
-8.625
-2.75
-5.75
-8.5
-10.375
-14.625
-13.875
-13
-7.125
-3
0.625
5.25
9.125
12.625
13.125
9.375
1.875
-3.375
-4.5
1
5
8.5
12.75
-12.875
-14.625
-17.375
-15
-10.125
-14.375
-14.25
-13
-8.125
5.875
13.125
14.125
13.25
9.125
3.125
-0.25
-4
-7.5
-7.125
-1.625
2
3.25
4
3.375
6
9
9.375
4.375
-2.25
-0.625
6.25
16.375
22.125
21.5
-14.375
-14
-9.375
0
4.875
-1.75
-1.25
3
13.625
24.625
22.25
18.5
11.875
9.125
5.625
1.25
-1.75
-4.375
-3.25
-0.375
3.625
4.125
1.25
-6.375
-7.5
-3
3
9.75
7.25
3.75
-0.125
1.375
4
4.5
0.625
5.5
8.5
10.125
4
-0.25
-1.125
1.25
1.875
0.875
0.625
3.625
7
6.5
5.5
3.875
5.875
7.125
5.25
1.375
-1
0.125
1.625
1.75
-0.875
-5
-5.75
-6
-7.625
-12.5
-18.875
-25.125
-25.875
-21.5
10.375
16.125
11.75
2.25
-8
-10.625
-12.375
-13.75
-20
-25.125
-20.375
-13.5
-6.75
-5.125
-3.75
4
16.25
23.625
20.25
10.125
1.25
3
9.375
15.875
13
3.625
-2.75
-9.25
-10.625
-11.125
-11.875
-13.625
-11.625
-4.125
3.75
3.625
1.75
-5.625
-7
-5
-8.875
-16
-21
-25.625
-22.125
-16
-13.375
-9.875
-4.125
7.625
21
29
26.25
15.5
6.5
5
6.375
6.5
2.5
-2
-3.875
-1.875
1.75
5.375
9.25
11.125
12.75
15.5
-10.5
-10.75
-4.125
2.125
6.875
9.25
2.875
-6.375
-10
-10
-9.5
-8.5
-9.875
-7.5
1.5
9.75
17.125
21.375
20.5
14.375
7.5
1.5
-2.75
-3.625
-3
-2.875
-5.875
-8.375
-9.375
-9.5
-8
-5.625
-7.875
-13.875
-10.5
-8.625
-4.125
2
1.5
-2.5
-5.75
-5.625
1
8.25
8.25
3
-4
-2.875
4.625
9.25
10.875
11.75
12.75
12.625
9
1.75
-3.375
-3
-1.375
-0.25
-6
-15.875
-20
-24.875
-27.375
-22.875
-21.125
-23
-6.25
-4.75
-2.75
-2
-1.5
-6.25
-8.625
0.25
9.375
14.75
13.25
4.625
0
2.125
7.25
9.75
6.5
4.75
7
12
13
6.75
-0.25
-5.125
-6.125
-3
-3
-5.75
-4.625
-6.5
-8.25
-6.75
-6
-7
0.125
-3.25
-4.75
-3.125
3.75
6.25
5.875
10.375
5.25
-1.75
-5.25
-8.875
-1.875
5.625
10.75
12
7.375
3.75
6.5
13.125
17.25
13.75
6.125
0.75
0.25
3.25
5.875
6.5
6.375
8.125
10.125
8
2.625
-2.5
5.625
-0.25
-5.875
-5.25
-2.25
0
1.375
-2.875
-12.375
-19.5
-19.5
-12.875
-1
9.625
14.75
14.375
10.5
6.25
8
13.875
18.875
18.75
12.625
8
6.125
7.875
9.5
7.25
2.625
1.25
6.625
9.375
8.875
6.5
-0.75
1
2
2.625
0.5
-2.625
-5.875
-11.625
-13.375
-12.125
-10
-2.375
5.375
12.875
15.75
12.875
8.625
5.25
5.875
10.875
16
19.125
15.75
8.5
6
6.375
9.375
8.5
1.625
-5.375
-6.5
-3.625
-0.125
0.875
-5
-5.25
-3.25
-2.25
-2.5
-4
-4.625
-5.125
-3.375
-1.125
0
4.375
9.75
13.625
12.875
8.25
4
2.25
2
4.25
9.625
15.875
16.75
11.125
5.75
2
4.125
7
5.125
-0.25
-10.125
-15.375
-17
-16.875
-4.375
-9.625
-12.625
-16.25
-19.125
-18.25
-10.5
-3.875
-0.75
0.625
2.125
6.25
11.125
12.75
9
3.25
-0.375
-1.125
-2
-2.375
2
9.125
14
13.625
6.125
0.125
-0.25
5
11.375
17
16.25
14.25
12.625
7.875
1.875
3.5
-1.125
-8.875
-15.625
-15.875
-8.25
-1.5
0.5
1.75
4.25
7.75
10.75
9.125
3.375
-2.5
-5.25
-5.5
-6
-6.25
-3.875
1.625
8.875
12.625
8.625
3.125
3
9.25
19.75
30.375
35.625
37.25
38
35.125
11.25
16.375
12.875
6.375
3.125
3.375
4.5
3.75
1.375
1.625
4.75
7.625
8.5
4
-2
-5.625
-6.375
-6.125
-5.5
-4.5
-3.75
-0.25
7.125
12.375
12.375
7.25
4.5
6.875
13.875
16.25
15.125
14.25
14.875
19.625
-0.875
0.125
1.625
3.625
9.5
12.875
9.375
4
0.625
1.75
6.25
9.875
8.375
3.125
-1.5
-2.25
-0.625
0.25
1.125
2
1.375
3.25
8.75
14.5
18
13.75
5.375
0.25
-1.5
-2.125
0.5
4.75
6.375
11.625
-13.375
-13.5
-11.375
-2.875
7.125
11
7.625
2.625
1.5
5
10.625
13.625
9.625
4.625
1
1.875
4.25
5.375
4.375
1.25
-2.5
-3.25
0.75
9.75
18.25
18.375
10.25
1
-6.25
-5
0.625
1.25
0.5
1.5
-2.375
1.125
-0.375
1.375
2.875
3.625
2.875
1.125
4.5
10.125
14.375
10.875
-1.375
-14.375
-20.875
-18.125
-10.875
-4.625
-7.75
-20.75
-32.25
-36.5
-28.75
-10.5
7.75
17.25
14.375
5.5
-2.875
-5.75
-6.25
-11
-12.75
-13.75
2.5
6.375
5.625
3.125
-2
-3.375
-3.125
-0.125
6.875
12.375
12.25
-0.625
-21.875
-43.5
-53.125
-48.625
-34.625
-23.25
-25.375
-39.75
-54.625
-60.125
-51
-31.375
-8.75
8.875
14.125
9.125
1
-5.125
-7.875
-1.375
1.125
0.625
-7.375
-6.875
-3
0.5
-0.25
-2.375
-2.5
2.625
8.875
10.625
2.625
-14.125
-31
-43.125
-48.125
-47.875
-45.375
-45.125
-44.375
-41.875
-42.125
-42.875
-43.5
-40.5
-28.5
-10
6
10
4.25
-1.625
-1.75
9.5
15.75
16.5
-14.375
-15.375
-8.75
-2.875
1.25
-0.25
1.25
6
8.375
3.375
-13
-28.125
-34.25
-30.5
-26.5
-31.5
-45.375
-57.125
-55.25
-40.75
-25.125
-20
-27.25
-36.25
-35.25
-21.375
-2
9.875
8.375
2.5
0.75
2.25
9.375
13.625
-7.625
-7.5
-4.625
-3
-1.375
-1.25
2.25
6.875
6.875
-1.375
-14.875
-22.5
-18.875
-7
2.5
1.625
-6.75
-11.75
-8
3.75
17.75
24.25
21.75
13.625
5.5
3.375
7.375
13.25
13.5
7.125
-1.25
-9.5
-6.375
2.5
0.25
2.25
2.125
0.625
-1.25
-0.375
3.625
8.25
10.75
9.875
12.5
20.25
33.5
46
52.625
54.75
55
56.375
59.75
64.375
69.125
71.875
70.125
59.25
40.625
21.25
8.25
4.75
6.875
5
-2.125
-11.125
-13.625
-7.375
-1.625
1.125
2.75
1.625
0
2.125
5.5
8.25
9.75
12.375
20.75
33.625
45.625
50.875
49.375
45.375
41.5
37.375
33.625
30.25
26.5
23
17.25
6.625
-7
-21
-29.5
-28.875
-20.375
-11.375
-7.125
-8
-12.125
-14.125
-1.625
0.75
1.875
0.375
-1.75
-2.75
-6.25
-11.625
-19.125
-23.5
-22.625
-18
-14.75
-15.125
-18
-22.375
-26.5
-30.75
-35.25
-39.25
-43.25
-46
-48.875
-50.125
-50.625
-50.625
-48.125
-42
-31.5
-18.75
-9.625
-6.625
-9.125
-14.75
3.875
4
1.875
-1.375
-4.5
-10.25
-19.25
-29.75
-39.875
-44.625
-44.5
-42.375
-40.625
-39.25
-37.875
-36.75
-35.5
-33.875
-32.125
-31
-29.375
-28
-27
-24.375
-22.625
-20.375
-17.625
-14
-8.5
-1.625
3.375
3.875
1.5
-4.375
3.5
1.375
-1
-3
-4.25
-6.625
-9.375
-13.875
-17.625
-18
-16.25
-13.25
-10
-6.625
-3.375
-1
1.875
4.25
6.125
8
9.5
10
10.5
10.875
9.75
9.125
8.125
10.5
13.875
17
17.375
11.75
5.375
-2.25
-1.625
-2.5
-1.375
1.5
4.875
6.75
6.75
5
4
4.5
6.375
7.375
8.5
9.125
8.625
10
10.875
11.5
12.5
14.375
15.5
14.875
14.875
13
9.375
6.875
5
5.75
9.125
10.625
6
-1.375
-6.875
-8.125
-2.375
-2.375
-1.625
2.25
7
8.75
8
6.625
6.125
6.75
8.25
5.875
3.75
0.5
-4.5
-6
-7
-6
-2.5
1.625
3.125
1.125
-0.25
-3.5
-6.875
-7.25
-7
-9.75
-9.375
-11.625
-15.25
-14.375
-12.5
-5.375
12.5
1.625
4
0.5
-7.5
9.375
19.125
-4.125
-25.25
-17.875
9.875
26.25
8.75
-12.375
-18
-18.125
-12.125
-3.875
-0.875
-7
-11.125
-6.625
-1.875
0
-0.875
1.125
9.5
11
-0.875
-12
-12.625
-4.5
3.625
3.125
9
-7.375
-4.75
3
1.75
10.875
15.875
-3.625
-21.5
-13.5
9.375
20.75
5.875
-9.875
-13.125
-15.125
-10.625
-2.5
-2.25
-11.75
-17.625
-11.5
-5.125
-3.25
-2.25
1.25
6.75
8.875
5.375
0
-3.375
-4.875
-2.75
-1.5
0.375
-6.5
0
6.125
2.625
7.375
11.375
-1.5
-13.875
-10
-2.375
-1.25
-6.375
-4.5
3.125
-1.875
-7.375
-2.75
0.25
-8.875
-18.375
-13.375
-4.75
-3.625
-5.25
0.125
7
10.125
11.5
4.25
-8.25
-11.75
-3.375
1.625
-0.625
-6.75
-7.375
-0.125
4
13.5
17.125
-3.375
-18.125
-10
-2.25
-4.875
-9.875
-3
6
-2
-8.5
-0.5
4.625
-6.75
-19.25
-12.5
1.625
2.25
-6.5
-5.375
4.625
12.875
14.25
5.625
-6.25
-14
-9.25
1.75
-7.125
-10.375
-11.75
-2.375
5.25
15.25
16.75
-5.5
-14.625
-1.125
2.375
-10.875
-17.5
-2.75
7.25
-3.625
-10.125
0.125
7.25
-4.875
-17.5
-9.375
5.75
8.125
-2.625
-8.875
-0.375
13.625
18.625
9.75
-4.5
-16.25
-12.75
2.5
-9.125
-8.375
-11.125
-2.25
8.375
16.875
17.25
-0.25
-8.625
0.125
-2.875
-16.625
-18.25
-5.125
1.625
-4.75
-8.5
0.25
10.125
3.875
-8.75
-9.25
1.5
6.875
1.5
-0.75
1.625
8.125
13.5
7.375
-4
-11.625
-7.125
3.25
-11.625
-8.25
-9.875
-2.75
6.375
15
18.5
4
-4.875
4.125
2.5
-12.25
-16.625
-7.875
-5.625
-11
-10.75
-1.625
8
7.625
-1.375
-9.625
-4.5
6.375
6.25
0.25
-2
6
11.75
5
-0.625
-4.375
-5
1.5
-11.875
-4.75
-5
-1.625
5
6.5
11.375
13
6.375
5.375
2.125
-10.875
-16.75
-13
-11.5
-8.875
-2.125
0.375
0
3.875
4.25
-5.625
-6.875
5
9.375
0
-7.75
1.75
9.375
2.25
-2.625
-2.125
0.375
2.5
-7.875
-3.875
-7.25
-7
-1.75
4.625
16.125
16
4.75
2.375
1.125
-5
-12
-16.125
-13.5
-1.5
9.75
2.875
-10
-6.375
4.5
1.75
-4.625
-2.625
1.25
0.375
-2.25
5.75
8.375
-2.625
-5.875
-1.625
4.625
11.375
-1.5
-1.125
-9.5
-9.875
-3.75
5
13.125
5
-4.5
3.375
10.625
3.5
-10.125
-18.375
-10.375
11.375
22.25
4.75
-19.75
-19.75
-2
6.25
1.875
-3.75
-5.75
-6.5
-3.875
7.375
9.25
-2.625
-6.25
-4.125
0.5
12.5
8.5
0.75
-15.875
-12.625
-1.875
4.5
7.875
-2.625
-7.5
6
13.5
4.5
-11.125
-16.25
0
25
31.875
7.625
-24.75
-31.625
-12.75
7
10.5
-0.125
-10.5
-13.625
-9.125
1.375
3.875
-1.25
-1.25
-1.625
0.375
12.625
7.75
-1.625
-14.375
-8
-2
-0.75
2.25
-3.375
1
16
11.25
-4.75
-14.25
-9.875
11.625
32.5
31.625
7.5
-22
-35.125
-23.25
0.25
10.625
-1
-16.375
-15
-4.25
0.375
1.25
2.625
1.875
-1.625
2.125
14.25
4.75
2.75
-2.25
1
-3.25
-6.25
-1.875
-1
7.375
15.25
3
-13.375
-14.25
0.125
21.75
33.5
25
5.75
-14
-29.5
-30.5
-13.25
4.75
3.125
-10.875
-14
-8.5
-6.5
-1.875
4.75
2.25
-4
-0.75
6.5
-6.375
3
1.25
-1.875
-3.5
-2
-1.375
-1.125
10.75
15.5
-1.75
-16.625
-10.125
10.625
28.75
30.5
17.375
3.75
-6.75
-21.125
-31.5
-24
-4.625
5.5
-5
-16.25
-14.625
-10.75
-1.875
6.375
1.375
-3.5
1.375
5.5
-11.375
4
5.875
-2.5
-6.5
-1.75
-2.125
-1.875
11.875
14
-4.75
-15.625
-1.25
22.375
31.75
23.625
10
2.5
-1
-11.375
-26.625
-31.75
-18.625
-1
0.125
-7.875
-13
-16
-5.875
7.5
6.625
1.125
-0.625
-1.75
-15.75
1.75
8.5
1.125
-3.75
-0.875
-5.375
-7.125
6.625
8.875
-4.75
-7.375
11.625
31.125
30
16.375
5.625
2
1.375
-4.375
-18.75
-31.875
-28.75
-10.25
3.5
-0.125
-14.125
-21.5
-9.625
4.875
4.75
-0.375
-3.125
-3.625
-18
0
2.75
-0.5
1
-0.25
-8.125
-7.375
5.375
6.875
-2
3.625
24.25
34.875
25.125
10.5
3.5
1.5
1
-0.75
-10.125
-25.875
-34.25
-22.375
-1.75
4.25
-9.375
-23.75
-15.375
2
4.875
-0.375
-3.5
-4.625
-10.625
0.875
-2.125
-3
-1.125
-4
-5.75
1.375
9.25
4.375
-1.125
12.5
32.375
33
17.5
5
1.625
1.375
1
0.625
-4.25
-17.125
-31.5
-31.125
-11.375
5.125
-2.25
-19.75
-17.625
1.25
9.5
2.25
-5.125
-8.125
-8.625
-2
-7.875
-7.875
-2.125
-1.625
0.25
7.25
7
-0.5
3.5
22.5
35
26.625
10.125
1.75
1
1.25
0.75
0.75
-0.125
-7.875
-24.375
-34.125
-22.875
-2.625
4.5
-5.75
-11.5
-2.125
1.625
-4.5
-4.75
-4.125
-4
-3.875
-15.375
-14.875
-4.125
2.875
7.25
9.25
2.875
-1.125
11.5
29.625
32.5
18.75
4.75
0.125
0.625
1.375
1.25
1
1.25
-1.75
-14.125
-29.375
-31.375
-15.25
3.5
5.125
-2.375
-2.25
0.375
1
0.125
-7.875
-3.875
-4.875
-13.125
-13.875
-3.5
6.625
8.875
4.5
-1.625
3.25
21.5
32.875
25.625
10.875
2.25
0.5
1.125
2
1.625
1
1.375
1
-5.75
-20.75
-32.5
-26.25
-4.125
10.5
7
0.375
1
6.75
4.125
-10.625
-4.125
-9.25
-11.625
-8.875
0.875
7.75
4.125
-3.625
-3.25
12
30.125
31.125
16.625
4.625
1.5
1.875
2.75
2.625
0.125
-2.75
-2.75
1.75
4
-7.25
-26.75
-33.875
-17
6
11
0.25
-4.875
2.75
5
-4
-0.625
-11.375
-11.875
-3.625
6.375
7.875
-1.125
-8.125
1.25
22.625
34.125
22.375
-0.625
-10.625
-0.875
12.875
15.125
5.625
-7.5
-17
-13.75
4.5
20.25
13
-12.75
-33
-29.875
-8
8.625
5.25
-2
3.5
6.5
-3.25
-0.75
-10.375
-9.875
-0.375
10
6.625
-5.625
-7.625
10.375
30.875
31
7.875
-19.375
-24
-2.375
22.625
28.375
10.75
-16.125
-31.5
-22.625
5.625
30.75
30.625
6.25
-22.875
-35.125
-22.125
-0.5
8.125
4.625
4.875
4.375
-3.875
4.125
-7.125
-10.25
-0.25
10.75
3.875
-7.75
-1.625
20.875
33.125
18.125
-12.125
-34
-30.375
-4.125
24.125
31.125
10.625
-19.375
-34.875
-24.125
5.625
32.75
40.25
26.25
-2
-27.75
-30.75
-12.5
5.125
9.75
9.5
5.75
-5
4.875
-3.625
-6.75
2.125
9.25
0.25
-6
8.25
27.875
24.875
-2.5
-30.625
-41.25
-30.75
-4
23.25
29.625
9.875
-18
-30.75
-19.875
5.25
29.5
43.5
41.75
19.375
-14.5
-32.875
-23.875
-2.75
11.5
19.25
15.125
-4.875
-0.125
-0.5
1.375
5
5.125
-2.5
-0.75
17.875
29.875
13.375
-18.875
-38.25
-34.625
-17.75
0.75
15.375
19.75
8.75
-8.25
-14.25
-7.25
4.5
18.5
33.125
39.25
25.375
-4.375
-28.25
-31.5
-15.125
8
24.25
19.875
-0.75
-2.75
2.25
8.375
7.125
0.75
-3.125
7.375
26.5
28.75
5.625
-23
-32.5
-21
-5.5
2.625
5.75
6.5
3.375
0
0.125
1.625
2.625
6.875
17.25
26.875
22.5
1.25
-21.25
-30.625
-21.5
1.625
21.625
22.125
7.875
-1.125
4.875
9.75
4.625
-2.75
0.125
16.25
29.5
21.75
-2.375
-21.5
-22.375
-11.125
-0.875
2.375
1.625
1
1.125
1.375
1.75
1.75
1.75
4.25
8.875
13
11.75
1.25
-12.625
-21.875
-19.375
-3.125
15.25
20.875
14.125
1.375
7.5
9.625
-0.125
-7.5
0
16
23.125
14.375
-1.25
-10.375
-9.75
-4.75
0.375
2.25
1.375
0.75
1
1.75
2
1.25
1.5
2.625
1.625
-0.125
-0.375
-1.625
-6.25
-12.5
-13
-3.625
9.125
16.375
16
4.375
8.75
6.625
-4.125
-8.75
0.5
13
15.75
8.625
0.625
-2
-1.875
-1.875
-1
-0.375
-1.25
-1.75
-1.125
-0.375
-0.25
-0.875
-0.5
0
-1.625
-2.625
-1.375
-0.625
-1
-1.75
-1.125
1.875
5.875
9
9.125
7
9.625
3
-7
-7.75
0.125
6.625
6.875
2.625
-1
-0.75
0.25
-0.25
-0.125
1.125
0.25
-1.375
-1
-0.625
-0.75
-1
-0.5
0.25
0.375
-0.25
-1.375
-0.625
4.75
8.875
5.75
0.375
-2.75
0.875
5.75
5.625
6.75
3.625
-3.5
-5.875
-3.75
-2.75
-1.25
1
2.25
3.375
1.625
-1.25
0.375
1.875
0.75
0.625
1.25
2.25
3.125
2.25
-0.375
-1.375
0
-2.375
-5.125
-0.25
8
11.125
7.125
-2.25
-8.875
-1.625
8.875
3.625
4.875
2.625
-2
-2
-2
-3.25
-0.375
2.375
2.25
3
0.875
-2.25
0.5
1.5
-1.25
1
5.75
5.75
3.875
1.625
-3.625
-4.75
-0.25
-2.625
-6.25
0
8.5
11.625
6.625
-4.75
-11.625
-3.25
9.625
-1.38889
-2.11111
-2.88889
-4.66667
-3.88889
-0.666667
3.83333
4.22222
-0.388889
-2.83333
-6.77778
-9.05556
-10.3889
-11.6667
-5.72222
0.5
7.38889
9.22222
7.77778
6.5
4.55556
1.66667
-1.88889
-5
-7.94444
-8.94444
-7.77778
-4.33333
-1.61111
0.388889
4.05556
5.22222
4.27778
0.277778
-3.16667
-2.22222
-3.33333
-2.05556
0.333333
0.722222
-1.38889
-8.44444
-12.6667
-13.7222
-15.6667
-17.1667
-14
-6.5
-0.722222
-0.777778
-0.722222
1.5
4.33333
4.77778
4.16667
4.88889
6.27778
8.27778
10.1667
13.3333
15.2222
14.8333
14.4444
12.7778
-4.66667
-10
-11.5556
-9.66667
-12.1667
-11.2778
-7.38889
-4.66667
-5.66667
-10.1667
-11.3889
-14.2778
-17.0556
-20.5
-20.6667
-17.6667
-14.7222
-10.8889
-8.22222
-3.55556
2.66667
7.55556
10.0556
11.7778
13.6667
15.3333
15.6667
15
14.2778
13.6111
13.7778
14.5556
-8.77778
-13.5
-14.0556
-13.0556
-14.0556
-13.9444
-10.3333
-6.66667
-4.16667
-6.11111
-4.88889
-4.66667
-6.22222
-9.05556
-12.5
-12.6667
-13.3889
-10.0556
-7.16667
-3.94444
1.05556
6.22222
10.5
11.6667
12.6111
13.6667
12.6667
12.1667
12.8333
13.7222
14.3333
16.2222
-14.7222
-15.3889
-15.3889
-16.9444
-15
-12.0556
-7.11111
-2.61111
0.388889
6.61111
9.5
7.38889
2.83333
-2.16667
-5.66667
-9.5
-11.9444
-7.66667
-3.55556
-2.22222
-0.444444
3.94444
8.55556
7.38889
5.61111
5.77778
5.33333
3.77778
2.55556
5
7.66667
10.7222
-8.16667
-5.83333
-6.11111
-7.61111
-4.61111
-1.5
0.888889
1.88889
5.66667
13.2222
14.3889
11.6667
7.72222
7.11111
6.05556
1.55556
-2.16667
-0.388889
3.33333
2.38889
0.111111
0.777778
4.61111
3.61111
1.66667
1.61111
0.944444
0.0555556
-2.77778
-2.16667
-1.94444
-2.33333
1.72222
1.94444
-0.777778
-2.94444
-4.88889
-5.94444
-6.66667
-5.83333
-2.44444
3.83333
5.5
3.61111
3.83333
7.5
10.8333
8.27778
6
7.38889
9.38889
7.38889
3.05556
2.44444
3.44444
1.72222
-0.888889
-2.88889
-4.5
-8.33333
-11.1111
-11.3333
-10.6111
-8.94444
3.61111
4.5
3.44444
1.66667
-3.83333
-9.16667
-14.3889
-16.4444
-15.4444
-15.0556
-14.5
-12.4444
-5.38889
4.88889
12.9444
16.0556
16.9444
17.3889
16.7778
14.0556
8.5
5.11111
4.27778
4.5
3.05556
-1.66667
-5.77778
-8.11111
-8.5
-10.1667
-11.4444
-9.94444
1.27778
1.77778
1
-2.05556
-8.55556
-14.5556
-18.2778
-19.8889
-20.2778
-21.6111
-19.3333
-13.5
-5.22222
4.27778
13.4444
20.5556
24.3889
23.2222
19.3333
16.0556
10.7778
5.61111
1.72222
2.11111
0.611111
-5.27778
-9.5
-10.3889
-8.16667
-8.33333
-7.44444
-2.38889
-7.94444
-3.33333
0
-1.38889
-4.66667
-6.38889
-8.05556
-10.7222
-13.8333
-15.2222
-13.7778
-9.11111
-3.61111
2.61111
10.4444
19.2778
25.3333
23.6667
17.8333
13.5556
9.5
3.11111
-2.44444
-2
-2.77778
-7.72222
-11.2778
-11.1667
-10.7778
-12.3889
-12.8889
-12.5556
-5.83333
-3.61111
-2.27778
-2.5
-2.88889
-1.16667
0.888889
0.888889
-1.05556
-1.44444
0.277778
2.33333
3.27778
4.5
8.5
15.6667
21.5
20.1111
13.9444
9.83333
8.55556
4.55556
-1.94444
-4.66667
-6
-8.83333
-11.6111
-14.7222
-17
-17.8889
-17.0556
-16.4444
-4.77778
-6.38889
-5.83333
-3
-0.888889
1.44444
2.61111
3.72222
1.44444
0.444444
2.77778
4.16667
5.66667
6.05556
8.05556
13.0556
17.1667
17.2778
13.6667
10.0556
9.16667
6.94444
1
-3.38889
-5.22222
-5.11111
-4.72222
-6.94444
-8.83333
-10.3333
-10.8889
-13.8889
1.88889
-2.66667
-3.55556
-0.166667
1.38889
1.44444
0.5
0.388889
-2.38889
-3.94444
0.222222
3.83333
7.27778
9.16667
11.1667
13.6667
15.2222
16.3333
16.3333
14.6667
13.5
13.2778
10.6667
5.5
1.94444
2.5
4
2.33333
1
0.555556
0.277778
-0.833333
-0.5
-3.77778
-3.33333
-1.38889
-1.77778
-3.83333
-6.11111
-8.94444
-12.4444
-11.4444
-4.72222
2.27778
8.11111
12.2778
15.0556
14.9444
13.7778
15.2778
18.6111
18.9444
16.2778
15.3889
14.7222
11.1667
6.44444
5.44444
7.66667
7.77778
6.55556
4.38889
2.77778
0.722222
-1.72222
-1.27778
-0.944444
-3
-4.66667
-5.61111
-7.55556
-11.3889
-12.2222
-6.83333
0.111111
6.11111
10.2222
14.1667
16.1667
13.5556
10.5
11.7778
16.5
19.5556
17.9444
16.7222
17.8333
15.8333
11.1111
6.66667
5.83333
5.33333
2.16667
-1.33333
-3.55556
-4.33333
-8.16667
-8
-8.55556
-11.7222
-11.4444
-9.72222
-9.22222
-10.6111
-7.33333
0.833333
5.88889
8.88889
11.3889
14.1667
13.5556
8.94444
4.83333
5.33333
10.2222
15.3333
16
14.3333
14.1111
13.9444
11.3889
7.05556
6.05556
8.5
7.72222
5.05556
2
0.111111
-6.11111
-8.16667
-10.3889
-13.6667
-12.5
-9.72222
-7.88889
-5.72222
0.888889
8.33333
10
9.61111
10.5556
10.8889
7.38889
2.05556
-1.61111
-1.72222
2
8
11.9444
12
10.8889
11.2222
11.6667
9.94444
9
13
16.8889
18.2778
16.6111
14.5556
-1.94444
-4.05556
-6.38889
-8.44444
-8
-7.11111
-5.5
-1.16667
5.38889
9.33333
8.88889
7.94444
8.77778
6.83333
1.55556
-3.22222
-5.61111
-5.94444
-3.66667
1.94444
8.33333
10.9444
9.83333
9.77778
12.4444
14.1667
14.2222
17.3889
24.7222
31.8889
32.9444
30.5556
3.27778
3.27778
1.94444
1.5
1.55556
-0.0555556
-0.333333
3.61111
7.88889
8.44444
7.05556
7.16667
7.22222
3.5
-1.72222
-4.61111
-4.94444
-4.5
-3.5
0.444444
7.05556
12
12.3889
10.9444
12.9444
15.1667
13.9444
11.6111
15.7778
23.9444
27.2778
26.5556
0.777778
4.44444
5.44444
7.22222
8
6.05556
5.33333
8.16667
9.88889
8.66667
8
9.22222
8.11111
3.83333
-0.444444
-1.66667
-1.33333
-1.61111
-2.55556
-0.888889
4.44444
10.4444
13.7778
13.4444
13.8889
14.5556
11.5556
5.61111
4.72222
9.61111
13.3889
14.1667
-4.77778
0.333333
2.77778
5.44444
6.66667
6.5
8.05556
10.3333
10.7222
8.61111
5.88889
3.33333
-1.33333
-5.77778
-8.61111
-8.27778
-7.33333
-8.61111
-11.7222
-13.6667
-11.1667
-4.44444
3.83333
9.55556
11.8333
12.3333
9.16667
2.72222
-3.44444
-4.94444
-2.44444
0.555556
-4.5
1.16667
2.83333
3
1.66667
3.66667
8.44444
10.8889
10.7222
7.22222
1.55556
-7.22222
-16.6667
-22.3333
-23.8333
-22.6111
-22.1111
-24.5
-29.1667
-33.6111
-33.7222
-27
-14
-0.5
7.05556
9.61111
8.22222
4.16667
-3.11111
-8.27778
-7.77778
-4.5
-5.27778
-1.27778
0.388889
-0.5
-1.66667
2.05556
7.77778
9.38889
7.11111
0.722222
-9.94444
-25.5556
-39.9444
-48.2222
-50.0556
-49.3333
-48.5
-49.1667
-51.9444
-56.5556
-57.9444
-51.1111
-35.5
-17.5
-4.72222
2.38889
5.88889
6.44444
1.44444
-1.88889
-2.11111
1.11111
-5.11111
-3.44444
-2.16667
-1.94444
-0.722222
3.83333
7.33333
5.77778
-0.333333
-8.61111
-19.3333
-33.8333
-47.7778
-56.5
-58.5556
-58.9444
-59.1111
-58.0556
-57.1667
-57.8889
-58.1667
-52.3889
-40.1111
-25.9444
-13.5556
-4.16667
2.38889
5.94444
4.94444
3.72222
2.33333
4.5
-8.27778
-8.44444
-6.44444
-4.16667
1.44444
5.94444
6.61111
2.38889
-5.16667
-12.0556
-19.8333
-28.5
-36.7778
-41.7778
-43.3333
-43.8333
-43.1667
-39.8889
-34.6111
-30.1667
-26.8333
-23.1111
-18.5556
-13.4444
-7.33333
-0.666667
4.44444
7.66667
8.72222
7.44444
5.94444
7
-5.11111
-5.77778
-5.66667
-2.66667
4
7.66667
6.72222
3.5
0.833333
0
-0.222222
0.722222
2.38889
4.33333
5.44444
5.83333
6.38889
8.94444
14
19.8333
23.3889
21.8889
16.5
10.7222
7.66667
6.77778
5.61111
4.61111
4.22222
1.11111
-1.22222
-0.555556
-1.77778
-2.55556
-2.77778
0.444444
5.66667
7.05556
6
6.77778
10.6667
14.3889
18.3333
24.4444
31.8333
37
38.2222
38.1111
38.1111
38.8333
41.1111
44.3333
45.3889
39.5
27.8333
15.6111
6.44444
-0.0555556
-4.44444
-6.44444
-5.88889
-7.33333
-7.88889
-7.77778
0.666667
-0.111111
-0.777778
1.05556
1.16667
-1.66667
-4.5
-2.27778
3.5
8.77778
14.9444
23.2778
31.7778
36.0556
35.7222
33.3333
30.7778
28.2222
26
24.5556
21.2778
13.6667
2.5
-8.72222
-17.1667
-22.4444
-23.6111
-21.4444
-17.9444
-15.2222
-13.4444
-12.4444
0.611111
-0.277778
-0.166667
-0.833333
-5.33333
-11.5556
-16.6111
-17.6667
-17.4444
-16.7222
-14.2222
-9.55556
-5.16667
-4.16667
-6.05556
-9
-11.7222
-14.5
-17.2222
-19.3333
-22.3333
-26.2222
-31.5556
-36.2778
-39
-38.3889
-33.4444
-25.8889
-18.2778
-12.8333
-9.55556
-9.94444
0.277778
-0.555556
-1.22222
-5.33333
-12.9444
-20.7222
-27.0556
-31.6111
-35.2222
-35.5
-32.9444
-28.6111
-24.6111
-22.5556
-21.8333
-22.0556
-22.1111
-22.5556
-23.1667
-23.7222
-24.6667
-25.0556
-26.0556
-26.5
-26.3889
-22.5556
-16.6111
-9.88889
-5
-2.33333
-1.05556
-3.83333
0.666667
0.777778
0.888889
-2.11111
-6.44444
-10.6667
-14.6111
-18.8333
-22.4444
-23.9444
-23.2222
-21.5
-19.9444
-18.6667
-17.7222
-16.1111
-14.5
-12.6111
-10.6667
-9.77778
-8.66667
-7.55556
-7.77778
-8.33333
-8
-4.83333
-0.944444
2.66667
4.83333
5.05556
4.22222
0.722222
-1.16667
-0.388889
0.111111
-0.611111
-1.44444
-2.5
-3.44444
-5.27778
-6.11111
-6.05556
-4.27778
-2.33333
-1.05556
-0.166667
1.27778
3.94444
6.27778
9
11.5
12.3889
12.8333
12.5
10.3333
7.55556
5.83333
6.5
6.72222
5.55556
3.55556
0.611111
-1.5
-3.33333
2.27778
1.88889
1.77778
4.22222
9
8.55556
-2.16667
-14.1111
-12.2778
-0.944444
6.44444
2.05556
-7.94444
-13.2222
-16.7222
-10.9444
-7.61111
-5.77778
-11.7778
-14.8333
-10.7778
-4.88889
-2
-1.44444
3.27778
10.8333
13.6667
7.55556
-4.94444
-13.0556
-12.5
-5.11111
-4.83333
-5.27778
-3.27778
9.11111
16
13.6111
-4.55556
-16.9444
-14.7222
-1.55556
4.88889
0.944444
-7.33333
-10.8333
-13.1111
-8.5
-5.5
-4.88889
-12.0556
-17.0556
-13.6667
-6.66667
-2.72222
-2
1.27778
9.05556
12.9444
11.2222
0.666667
-8.05556
-11.4444
-6.77778
-8.77778
-6.77778
-2.88889
9.44444
15.0556
11.6111
-4.38889
-12.2222
-10.4444
-3.61111
-5.27778
-7.27778
-6.83333
-2.61111
-5.33333
-5.33333
-4.5
-2.55556
-8.88889
-15
-13.5556
-5.55556
-0.833333
-1.44444
-2.33333
4
10.4444
13.5556
6.16667
-3.38889
-9.33333
-7.66667
-12
-6.83333
-0.166667
10.9444
15.3889
12.8333
2.33333
-5
-6.5
-7.88889
-11.8889
-12.8889
-8.66667
-3.94444
-6.27778
-5.77778
-2.16667
1.16667
-4.16667
-11.7222
-11.2778
-5.22222
0.944444
0.111111
0.388889
4
10.3333
13.6111
8.38889
-0.5
-8
-8.22222
-14.1667
-6.38889
0.0555556
9.72222
13.8889
14.7222
7.22222
1.61111
-2.72222
-8.38889
-14.9444
-16.3889
-11.5
-7.16667
-9.11111
-7.5
-2.5
2.33333
-1.33333
-8.11111
-8.55556
-4.38889
1.77778
1.27778
2.16667
5.88889
12.8889
15.5556
7.55556
-3.66667
-10.7778
-7.94444
-10.6111
-7.38889
-3.22222
6.83333
14.7222
16.8333
9
2.11111
-2.88889
-7.44444
-13.8333
-17.4444
-15.3889
-10.4444
-7.16667
-3.55556
-0.166667
2.61111
0.555556
-3.61111
-4.66667
-1.77778
3.61111
2.27778
0.888889
1.83333
7.94444
10.0556
2.88889
-6.05556
-9.05556
-3.66667
-12.9444
-13.2778
-10.3333
2.94444
14.4444
17.9444
9.33333
2.38889
1.66667
-0.166667
-6.16667
-15.5
-16.5
-11.8333
-4.27778
0.0555556
-0.111111
-1.83333
-3.38889
-2.94444
-1.5
0.444444
2.66667
-0.388889
-2.22222
-0.888889
5.61111
8.33333
4.22222
-1.55556
-2.83333
1.5
-10.8333
-9.72222
-5.88889
2.22222
9.27778
11.3889
8.5
6
6.77778
3.38889
-5.27778
-15.8889
-17.3889
-9.11111
2.72222
7.5
1.72222
-7.05556
-9.66667
-5.5
-0.833333
-0.222222
0.166667
-2.61111
-2.38889
-1.22222
4.44444
7.11111
4.61111
0.0555556
-1.77778
1.72222
-6.38889
-7.66667
-6.11111
-0.166667
5.88889
8.77778
8.27778
6.11111
6.61111
2.27778
-4.77778
-14.1667
-14.2222
-3.16667
10.8889
14.8889
3.38889
-12.1111
-17.3333
-10.9444
-1.88889
-0.166667
-1.16667
-5.66667
-4.83333
-3.38889
1.61111
3.16667
0.833333
-1.66667
-1.22222
4.61111
-3.5
-8.11111
-9.44444
-4.61111
1.11111
5.5
6.5
8.72222
10.1667
6
-4.22222
-13.2222
-11.0556
4.61111
20.2222
21.9444
4.66667
-16.5556
-25.6111
-18.1111
-5.27778
1
-2.11111
-9.44444
-12
-7.72222
-0.833333
2.27778
-0.222222
-3.05556
-0.777778
6.33333
-0.5
-6.83333
-9.38889
-6.72222
-1.22222
3.38889
4.77778
7.66667
8.61111
4.11111
-5.61111
-11.3333
-3.72222
14.8333
29.7222
27.6667
6.83333
-18
-30.8333
-25.1667
-10.3333
-0.111111
-1.72222
-10.3333
-15.1111
-12.1667
-5.05556
-0.0555556
0.555556
-1.11111
-0.277778
4.88889
-4.55556
-5.83333
-6.27778
-3.55556
-0.777778
0.666667
1.05556
6.05556
9
4
-5.11111
-7.05556
5.66667
24.0556
34.6111
28.1667
7.38889
-16.8333
-31.2222
-30.3889
-17.7222
-6.72222
-5.11111
-11.0556
-15.4444
-12.5556
-5.94444
1.05556
3.38889
1.44444
-0.111111
2.77778
-0.888889
-0.333333
-1.44444
-2.72222
-3.94444
-3.88889
-1.38889
6.72222
8.27778
2.27778
-5.44444
-0.388889
15.5
31.1667
34.2778
24.6667
6.88889
-12.2222
-27.1111
-32.6667
-26.6111
-15.2778
-7.55556
-7.61111
-12.9444
-15.7222
-13.4444
-4.77778
3.22222
5
2.5
-0.722222
-1.38889
1.11111
0
-3.38889
-6.44444
-5.38889
0.111111
9.5
8.88889
1.11111
-3.83333
6.5
23.5556
34.2778
30.8333
19.6111
5.88889
-7.27778
-20.8333
-30.7222
-31.6111
-22.7222
-12.1667
-7.38889
-12
-17.8889
-18.4444
-10.5556
-0.777778
2.72222
2.88889
0.944444
-3.94444
1.83333
1.16667
-3.66667
-6.33333
-4.16667
2.22222
9.5
7.22222
1.38889
2
15.7778
30.5556
34.2778
25.7222
14
4.61111
-3.11111
-13.5
-25.6667
-33.3889
-30.9444
-20.6111
-10.0556
-9
-14.3333
-18.2778
-12.8889
-3.05556
1
1
-2.33333
-6.27778
-0.333333
-0.333333
-2.94444
-3.33333
-1.16667
2
5.94444
4.11111
4.5
11.6667
26.2222
35.0556
31.2778
19.6667
9.05556
3.5
-0.666667
-7.55556
-19.3333
-30.3333
-33.7778
-26.1111
-13.9444
-8.72222
-12.3889
-16.5
-11.5
-0.944444
3.61111
0.666667
-6
-9.44444
-6.38889
-5.83333
-3.77778
-1.27778
0.611111
1.55556
3.94444
4.88889
10.5556
21.6667
33.9444
35.8889
26.6667
13.9444
5.61111
2.5
0.722222
-3.22222
-12.5556
-24.9444
-33.5556
-31.6667
-19.8889
-10.4444
-8.61111
-11.6667
-9.44444
-2
1.94444
0.388889
-6
-8.94444
-9.72222
-9.83333
-6.44444
-2.11111
1.44444
3.38889
5.38889
7.5
15.7778
27.6667
36.3889
32.6667
20.6111
8.77778
3.22222
2.16667
1.94444
-0.222222
-6.61111
-18
-29.3889
-33.5
-26.1111
-14.6667
-8.27778
-7.77778
-8.05556
-3.05556
1
2.83333
-3
-10.6111
-9.72222
-7.72222
-3.94444
0.888889
3.05556
3.66667
4.61111
10.2222
21.6667
32.9444
35.6111
27.2222
14.7222
6.05556
2.61111
2.27778
1.94444
1.27778
-2.22222
-10.7222
-23
-32.5
-31.7222
-21.5
-10.2778
-3.61111
-2.94444
-1.77778
-0.277778
1.27778
-2
-12
-12.4444
-8.66667
-2.33333
4
4.72222
4
5.61111
15.2222
27.6667
35.5556
31.6667
20.4444
9.5
4.33333
2.77778
2
0.0555556
-1.33333
-2
-4.55556
-12.4444
-24.6667
-32
-28.4444
-15.7778
-3.66667
1.61111
2.27778
1.27778
0.722222
-3.16667
-10.8889
-14.6667
-10.1111
-0.777778
5.22222
4.72222
3.27778
8.55556
20.9444
31.2778
30.1111
18.1111
6.66667
4.44444
8.72222
10.2778
4.33333
-5.5
-11.1667
-7.55556
1.16667
3.44444
-7.16667
-23.1111
-29.7222
-21.7778
-6.72222
2.83333
5.22222
3.5
2.33333
-1.44444
-9.94444
-14.3889
-8.16667
1.11111
4.33333
2.33333
2.22222
12.4444
25.9444
30.6667
19.2222
1.22222
-6.88889
1
14.9444
18.9444
7.77778
-10.3889
-20.5
-13.8333
3.94444
16.4444
10.6667
-9.27778
-25.9444
-27.0556
-14.3333
-2.72222
2.88889
3.94444
4.77778
2.72222
-7.16667
-8.94444
-2.27778
4.05556
3.66667
0.611111
4
17.1667
28.2222
23.9444
4.5
-14.6667
-17.0556
-1.88889
16.5
21.1111
7.94444
-12.3889
-23.1667
-15.5556
5.16667
23.2222
24.6111
7.72222
-14.2778
-26.3889
-21.8889
-9.66667
2.11111
9.77778
11.2222
6.11111
-4.55556
-3.77778
3.27778
6.27778
3.38889
1.05556
8.11111
20.5556
24.6667
11.0556
-11.4444
-26.5
-22.2222
-2.83333
16.6667
21.0556
7.44444
-12.9444
-23.6111
-15.7778
5.94444
27.9444
36.3333
25.0556
0.888889
-20.8333
-26.9444
-17.3889
-2.38889
10.9444
13.7778
9.72222
-2.5
-2.44444
2.55556
5.27778
2.77778
4.83333
14.2778
24.1667
19.3889
-1.27778
-24.0556
-33.5
-23.5556
-1.55556
18.2222
22.6111
9.16667
-10.8889
-21.5
-13.7222
8.27778
31.1111
41.7778
33
9.22222
-16.6667
-30
-25.7778
-10.8333
6.11111
14.1667
13.3333
0.333333
1
2.44444
3.77778
3.11111
10.8889
21.9444
28.2778
16.1667
-7.77778
-29.6667
-35.3889
-23.6111
-1.44444
17.4444
21.7222
9.27778
-8.94444
-18.2222
-11.5
7.38889
27
38.2778
33.2778
14.1111
-11.8889
-29.1667
-29.9444
-15.8889
4.77778
17.1111
19
4.22222
5.33333
4.11111
2.88889
5.22222
16.0556
26.3333
26.3333
9.11111
-14.7222
-30.7778
-30.6667
-18.1667
-2
9.88889
12.1111
5.11111
-5.05556
-9.88889
-6
4.5
17.3889
27.8333
28.9444
17.2222
-4.27778
-22.5556
-27.1111
-15.6667
5
18.4444
20.6667
6.77778
7.88889
3.88889
0.5
3.61111
15
24.2778
20.8333
3.27778
-16.6667
-25.7222
-20.9444
-9.88889
-0.722222
3.27778
3.44444
1.66667
0
-0.444444
0.555556
3.5
9.22222
17.0556
21.1667
16.0556
1
-15.1667
-21.8889
-14.6111
2.66667
16.5556
20.8889
6.94444
5.94444
0.944444
-1.83333
2.88889
14.3333
21.1667
15.6667
0
-13.8333
-17.3333
-11.4444
-3.61111
0.833333
1.72222
1.33333
1.5
1.83333
2.11111
2.11111
3.22222
5.55556
9.11111
10.8333
8.55556
0.722222
-9
-14.3333
-10.9444
0.722222
12
17.6111
7.61111
4.55556
-1.88889
-3.88889
1.83333
12.3889
16.9444
12.1667
1.88889
-5.38889
-6.38889
-3.05556
0.833333
2.66667
2.83333
1.94444
2
1.88889
2.16667
1.72222
2
1.83333
1.27778
-0.166667
-1.61111
-2.11111
-3.61111
-4.66667
-6.11111
-2.55556
3.38889
10.3889
8.66667
5.33333
-0.777778
-3.77778
0.222222
7.22222
10.5
8.38889
4.44444
1.05556
-0.444444
-1.38889
-0.611111
-0.333333
-0.0555556
-0.444444
0.166667
0.944444
1.55556
0.555556
-0.444444
-2
-3
-4.55556
-4
-0.944444
3.05556
4.55556
1.5
-1.16667
-0.333333
6.16667
7.83333
3.94444
-1.11111
-3.61111
-1.22222
2.38889
4.33333
3.61111
2.44444
0.277778
-0.833333
-2.22222
-1.16667
-1.5
-0.388889
0.0555556
2.72222
3.22222
2.72222
-0.611111
-2.16667
-3.05556
-2.44444
-3
-2.27778
1.61111
6.83333
9.33333
5.33333
-0.611111
-2.38889
2.77778
-0.78125
-4.46875
-7.03125
-7.0625
-5.71875
-2.46875
-2.34375
-6.4375
-8.71875
-9.46875
-8.1875
-8.53125
-9.8125
-10.7813
-7.53125
-3.21875
-0.28125
1.25
2.5625
4.125
4.46875
3.5
1.875
3
5.75
8.625
9.75
9.28125
10.0938
12.2813
-8.125
-11.375
-12.25
-10.5938
-8.625
-6.15625
-6.46875
-9.75
-12
-13.6563
-14.1875
-15.8125
-19.0625
-20.6875
-17.7813
-12.3125
-8.25
-4.5625
-0.75
3.125
7.15625
9.625
10.6875
12.0313
14.0313
15.7188
15.5625
15.1875
15.0625
16.3438
-11.75
-14.2188
-14.5
-13.5938
-12
-9
-5.8125
-4.9375
-3.125
-3.625
-4.40625
-5.96875
-8.78125
-11.5625
-12.4375
-10.2813
-9.28125
-7.21875
-3.875
0.625
5.25
8.21875
10.1875
10.6563
10.9375
12.3438
13.5313
13.375
12.8438
14.3438
-11.5
-14.5
-14.9063
-12.0313
-9.375
-6.21875
-3.34375
-1.53125
0.71875
2.40625
1.84375
0.53125
-1.5625
-4.96875
-7.21875
-6.3125
-5.28125
-3.4375
-1.09375
1.84375
5.46875
8.25
10.0938
9.21875
7.625
7.625
8.1875
8.3125
7.1875
7.84375
-9.9375
-11.8438
-10.9063
-8.65625
-6.84375
-6.21875
-4.21875
-1.15625
1.53125
3.21875
2.25
2.75
3.09375
2.09375
-0.0625
-0.40625
0.90625
3.21875
4.46875
3.625
4.03125
5.65625
7.4375
6.09375
2.78125
0.65625
0.375
1.5625
1.34375
2.375
-4.25
-4.96875
-6
-6.71875
-8.625
-9.46875
-8.28125
-5.28125
-2.875
-1.4375
0.5625
5.125
10.6563
12
9.90625
7.9375
8.8125
11.0625
10.8125
7.5
3.3125
1.375
1.90625
0.96875
-2.25
-5.8125
-7.0625
-8.0625
-8.15625
-6.5625
-2.09375
-1.5625
-3.28125
-6.0625
-10.1563
-12.3438
-12.7813
-11.9688
-11.9688
-11.0625
-7.09375
0.5
9.09375
13.9063
14.3438
13.3125
15.375
18.9688
18.75
14
7.28125
3.25
2.21875
1.15625
-1.96875
-6.65625
-10.0625
-12.1563
-12.625
-11.4063
-2.71875
-2.15625
-4.1875
-8.875
-11.9063
-13.7188
-15
-15.4375
-15.7188
-14.5625
-8.375
0.75
8.75
15.1875
18.0938
18.3438
19.9375
22.1875
20.375
14.1875
5.9375
0.65625
-2.125
-3.46875
-5.34375
-8.96875
-11.8125
-12.8438
-11.4063
-10.0313
-3.15625
-2.125
-3.625
-5.4375
-6.59375
-7.1875
-10.3438
-13.0313
-14.2813
-12.0938
-4.90625
1.84375
7.625
13.2813
18.6875
21.0313
21.5625
20.9688
17.9688
13.5938
7.53125
1.90625
-3.46875
-7.0625
-8.28125
-10.4375
-13.4063
-15.8438
-16.8438
-18.875
-4.34375
-5.15625
-6.4375
-5.40625
-3.5
-3.65625
-6.34375
-8.9375
-9.25
-5.21875
1.25
4.8125
6.71875
11.5625
18.5313
23
22.9688
19.625
16
13.7813
10.4375
5.75
-1.0625
-6.46875
-7.96875
-8.875
-11.3438
-13.4375
-14.6875
-17.3125
-3.9375
-5.9375
-7.125
-3.96875
-0.5
-0.8125
-3.875
-5.21875
-3.625
1.59375
7.0625
7.875
7.4375
10.875
18.3125
23.9688
23.25
17.7188
12.9688
11.5938
10.8125
8.1875
1.75
-4.625
-6.28125
-5.5625
-5.0625
-5.59375
-6.75
-10.6563
-0.375
-1.6875
-2.875
0.46875
1.90625
0
-3.03125
-3.40625
-1.0625
3.46875
7.40625
7.25
7.96875
11.4375
18.375
23.9688
23.4375
18.2188
14.0625
14.1875
16.1563
15.25
9.9375
3.15625
-0.125
-0.34375
0.375
-1.21875
-5.40625
-10.2813
-2.125
-5.1875
-7.0625
-6.34375
-6.8125
-8.90625
-9.0625
-6.84375
-2.75
2.40625
5.96875
7.5
9.8125
13.625
18.6563
22.6875
22.9688
19.9063
16.6875
16.5
18.0625
18.7188
15.4688
9.4375
4.40625
2.625
3.75
3.09375
0.125
-3.78125
-5.03125
-7.03125
-7.4375
-7.71875
-9.15625
-10.6563
-9.875
-6.03125
-0.5625
4.6875
7.03125
8.40625
11.0625
14.3125
16.875
18.375
18.875
18.5625
16.9688
15.9688
17.4063
19.3125
19
14.9688
9.84375
7.625
9.4375
10.875
9
5.375
-6.34375
-7.78125
-7.40625
-8.3125
-10.375
-10.9688
-7.84375
-2.75
2.65625
6.5
7.15625
8
10.625
12.8125
12.4688
11.125
11.875
14.3438
15.25
14.75
15.125
16.7813
18.9375
18.3438
14.7188
11.5313
10.6875
11.5938
11.375
9.75
-8.21875
-9.40625
-8.1875
-9.78125
-12.0313
-11.25
-5.84375
0.53125
5.65625
8.28125
7.6875
7.875
9.40625
9.8125
7.03125
3.84375
4.4375
8.5
11.8125
12.4375
11.7188
12.75
16.0625
18.375
17.2188
14.6875
13.625
16.125
19.5625
20.2813
-6.59375
-5.25
-3.90625
-5.125
-6.5
-4.6875
0.75
6.40625
9.46875
9.78125
8.21875
7.6875
8.125
6.625
2.3125
-1.3125
-0.96875
3.46875
8.59375
11.1563
11.0625
11.0938
14.6875
19.1563
21.0313
20.0938
19.2813
22.4063
27.125
30.8438
-0.25
2.28125
1.96875
-0.03125
-0.5625
2.09375
7.09375
10.3438
10.3125
8.5625
7.0625
7.25
7.21875
4.34375
-0.65625
-4.0625
-4.21875
-0.65625
5.09375
9.5
10.2813
9.59375
12
16.9688
20.5
19.375
16.5313
15.9375
18.9375
23.2813
1
4.59375
3.78125
1.84375
3.125
7.21875
11.125
11.5
8.09375
4.09375
2.65625
3.3125
2.1875
-2.15625
-8
-12.0313
-12.6875
-9.5
-3.46875
2.03125
4.75
4.875
6.4375
11.5938
16.5625
17.0625
14.625
12.75
12.9688
16.25
0.59375
4.4375
3.09375
3.15625
6.65625
11.5
13.7188
10.7813
4.28125
-1.5625
-3.71875
-4.0625
-6.65625
-12.2188
-18.8125
-23.0625
-23.9688
-21.375
-16.125
-10.3125
-5.8125
-3.5
-0.8125
4.625
10.625
13.5
11.9063
8.34375
4.84375
6.09375
0.5
3.3125
2.625
3.9375
8.375
12.5938
12.5625
6.59375
-1.71875
-9.03125
-13.4375
-17.2188
-23.2813
-30.7188
-37.5313
-41.9375
-43.25
-41.6875
-37.75
-32.0938
-25.0625
-18.5938
-13.0313
-6.4375
0.5
5.75
6.59375
3.375
-1.59375
-3.65625
-4.59375
-3.03125
-1.5625
2.21875
7
9.28125
6.1875
-1.84375
-11.1875
-19.9375
-27.4063
-35.6563
-44.6875
-52.7813
-58.3438
-61.4688
-61.8125
-60.4375
-57.5313
-52.0625
-42.8438
-32.1875
-23
-15.0313
-7.59375
0.5
5.53125
7.46875
4.0625
0.90625
-5.9375
-5.625
-2.71875
3.15625
7.53125
6.90625
1.21875
-6.65625
-13.2813
-19.4063
-27.4688
-38.0313
-47.6563
-53.5625
-54.7813
-53.25
-51.7813
-51.1563
-49.625
-44.6563
-35.625
-24.3438
-15.0625
-9.78125
-6.15625
-0.3125
5.6875
9.3125
7.875
4.96875
-6.6875
-6.59375
-1.6875
4.53125
8.40625
6.1875
0.4375
-4.125
-5.625
-7.375
-13.6875
-23.375
-31.8125
-34.9063
-32.4063
-28.4375
-26.5313
-27.3438
-27.875
-25.375
-18.5938
-10.2188
-4.25
-2.75
-3.5
-1.9375
2.46875
6.40625
7.71875
6.34375
-6.8125
-5.875
-0.5
5.1875
7.34375
4.375
0.28125
-0.21875
2.3125
3.5
-0.03125
-6.1875
-10.125
-9.375
-5.125
-0.84375
0.625
-0.65625
-2.375
-2.6875
-1.15625
1.09375
2.125
0.25
-3.40625
-5.75
-5.03125
-2.46875
0.4375
2.15625
-4.625
-3.46875
-0.09375
2.40625
1.9375
-1.03125
-2.09375
1.3125
7.1875
11.5
12.5313
12.5
14.0313
17.8125
22.4375
26.0938
27
25.6563
23.2813
20.2188
16.3125
12.0625
7.625
2.375
-3.5
-8.9375
-11.6875
-12.3125
-9.09375
-5.53125
-3.21875
-2.125
-0.8125
-1.875
-4.84375
-7.125
-5.96875
-1
4.5625
8.5625
11.375
14.5
18.125
21.1563
22.625
22.2188
20.5313
17.8438
14.0938
8.9375
2.5625
-4.1875
-10
-14
-16.7188
-19.0625
-20.3438
-20.0313
-16.2188
-11.8438
-2.125
-1.84375
-3.34375
-7.625
-13.5313
-16.9063
-16.8125
-14.4688
-12.7813
-11.5
-8.9375
-5
-0.53125
2.0625
2.15625
0.71875
-1
-2.75
-5.4375
-9.0625
-14.6875
-20.25
-24.25
-24.7188
-23.2813
-21.5938
-20.9688
-20.3438
-17.1875
-13.6563
0.09375
-1.25
-5.28125
-11.4688
-17.5313
-21
-22.0313
-22.5
-23.2813
-22.7188
-19.9063
-15.4688
-11.4375
-9.34375
-8.96875
-8.875
-8.84375
-9.25
-10
-11.625
-14.9063
-18.25
-20.4063
-20.0625
-17.7813
-14.7188
-13.5313
-13.1875
-11.0625
-8.75
-0.0625
-1.53125
-4.6875
-9.03125
-12.875
-15
-15.9688
-17.8438
-19.8125
-20.1563
-19.0313
-17.25
-15.1875
-14.0313
-13.6875
-13
-12.7188
-13.2813
-13.4063
-13.375
-14.7813
-16.125
-16.75
-15.6563
-12.7813
-9
-7.25
-7.0625
-6
-5.25
-3.09375
3.03125
5.90625
9.4375
7.40625
-3.40625
-7.90625
-8.0625
-6.03125
-0.84375
-4
-9.15625
-13.125
-15.5938
-12.2188
-10.2813
-9.53125
-10.875
-11.75
-8.9375
-6.09375
-1.875
1.5
4.3125
8.125
9.8125
6.875
-0.15625
-6.40625
-9.53125
-5.4375
3.375
9.375
13.0938
11.5625
1.65625
-5.15625
-6.625
-7.375
-5.03125
-7.4375
-11.4375
-13.625
-14.25
-10.4688
-8.0625
-7.4375
-9.6875
-12.125
-11.4375
-8.59375
-3.25
0.8125
5.40625
8.71875
10.4688
9.6875
3.8125
-1.4375
-5.96875
-5.5
3.59375
9.5
12.6563
12.5
5.375
-1.875
-5.6875
-10.375
-11.3125
-12.0938
-12.7813
-11.5313
-10.625
-7.625
-5.71875
-5.34375
-7.46875
-10.125
-11.125
-9.3125
-4.28125
-0.5625
4.90625
8.5625
10.4688
10.6563
4.625
-0.71875
-4.96875
-7.0625
1.25
8.53125
11.9688
13.5625
8.65625
1.21875
-3.84375
-9.65625
-13.0313
-14.7188
-14.6563
-12.0625
-9.46875
-5.53125
-3.5
-4.09375
-6
-7.65625
-7.96875
-5.65625
-2.25
-0.65625
2.78125
5.0625
7.9375
8.8125
3.5625
-0.75
-5.03125
-12.375
-3.28125
5.21875
10.2188
14.8438
10.5313
4.15625
-0.71875
-8.09375
-12.3438
-15.4375
-14.6875
-10.5938
-6.53125
-2.4375
-2.59375
-4.71875
-6.78125
-6.90625
-5.25
-3.03125
-1.28125
-1.0625
1.96875
5.09375
9.34375
10.25
3.9375
-0.46875
-3.6875
-11.8125
-2.96875
4.75
9.09375
13.0625
8.71875
2.96875
-0.34375
-6.5
-11.5625
-14.4375
-13.375
-8.03125
-1.3125
2.28125
0.1875
-4.0625
-7.4375
-6.9375
-4.6875
-2.0625
-1
-1.84375
1.03125
3.5
7.125
8.25
2.3125
-1.09375
-2.75
-12.5313
-4.6875
2.40625
6.25
11.2188
8.09375
4.40625
3.46875
-2.03125
-7.375
-11.2813
-10.5
-4.46875
2.46875
4.96875
0.5
-6.625
-11.1563
-9.75
-5.75
-1.59375
-0.875
-3.40625
-3.28125
-2.71875
1.28125
4.5625
2.21875
1.8125
1.46875
-9.96875
-4.96875
0.0625
2.875
9.40625
11.5938
10.4375
9.1875
0.78125
-8.1875
-12.125
-9.4375
-0.3125
8.0625
9.28125
2.03125
-8.375
-15
-14.0625
-9.5
-4.625
-3.09375
-5.5625
-5.96875
-5.09375
-1.46875
2.125
2.03125
2.90625
3.53125
-6.78125
-3.6875
-1.3125
1.4375
8.90625
11.5
10.6563
7.96875
-1.46875
-8.78125
-10.0313
-4.59375
6.25
14.1563
13.4375
3.34375
-9.8125
-18.6563
-18.9688
-14.5938
-8.84375
-6.03125
-7.46875
-6.875
-6.15625
-3.25
-0.34375
-0.53125
0.78125
2.1875
-7.90625
-4.65625
-2.75
-0.46875
5.625
7.40625
8.28125
7.125
0.9375
-3.78125
-3.3125
3.3125
14.0313
21.125
17.7813
4.5
-11.7188
-22.75
-24.0625
-18.6563
-12.4375
-9.25
-10.6875
-11.7813
-10.0938
-6.4375
-2.15625
-0.875
-0.125
1.625
-7.8125
-5.6875
-5.25
-3.53125
1.875
3.4375
5.8125
6.09375
2.375
0.96875
3.9375
12.4375
23.25
28.375
22.4375
6.46875
-12.25
-25.1563
-28.1563
-23.4063
-16.5
-12.125
-12.75
-14.6875
-14.1563
-11.125
-5.1875
-0.65625
2.125
4.03125
-6.375
-3.8125
-5.125
-5.15625
-1.09375
0.5625
4.65625
6.78125
4.5
5.46875
10.7188
19.8125
29.4688
32.125
23.875
7.09375
-11.5
-25.2813
-30.6875
-28.5
-22.7813
-17.3125
-15.5625
-15.6563
-14.5
-12.4688
-7.125
-2.03125
0.96875
3.53125
-3.625
-0.6875
-3.5
-5.21875
-2.375
-0.28125
4.125
6.53125
6.1875
9.40625
16.9688
26.0625
33.0625
32.5625
22.7188
7.0625
-9.53125
-23.0938
-30.9375
-31.9375
-28.0625
-21.8438
-18.1563
-17.25
-16.4063
-15.875
-11.3125
-5.28125
-1.8125
-0.03125
-5.84375
-2.96875
-4.3125
-4.15625
0.28125
3.59375
7.5
8.96875
9.125
13.8125
21.9688
29.6563
33.4375
29.9375
19.625
6.3125
-7.0625
-19.25
-28.3438
-32.0938
-31.0938
-25.875
-21.4375
-19.5938
-17.4063
-16.125
-11.25
-4.125
-0.375
0.625
-8.15625
-5.53125
-5.28125
-2.9375
1.625
5.21875
8.65625
9.8125
12.5313
19.0625
27.0313
32.5625
32.125
25.875
15.9063
5.5625
-4.0625
-14.2813
-24.1875
-31.25
-33.875
-30.0938
-24.25
-19.4688
-14.2813
-12.1563
-8.75
-3.59375
-1.5625
-1.8125
-10.3438
-6.90625
-5.1875
-1.90625
1.34375
3.5
6.90625
9.96875
16.7813
25.5313
32.4375
34.625
29.9688
21.5625
12.4688
4.96875
-1.5
-9.25
-18.8125
-27.5625
-32.7813
-32.0625
-27.3125
-21.6875
-15.2813
-11.375
-7.375
-2.625
-1.1875
-1.90625
-11.2813
-6.8125
-3.65625
-1.125
0.6875
2.6875
6.9375
13.4688
23.1563
32.2188
36.6563
34.75
27.3125
17.8125
9.8125
4.5625
0.28125
-5.21875
-13.7188
-23.1563
-30.75
-33.2813
-30.5
-25.0938
-17.4063
-11.5313
-6.09375
-0.53125
1
-0.03125
-10.625
-7.09375
-3.96875
-1.65625
0.625
3.90625
9.84375
18.5313
28.25
35.3125
36.5
31.4375
22.8438
13.8438
7.21875
3.1875
-0.09375
-3.90625
-10.0938
-17.8125
-25.0313
-30.2188
-30.75
-27.4063
-20.8125
-13.6875
-6.96875
-1.4375
0.625
-0.15625
-11.125
-7.53125
-3.03125
0.03125
2.6875
6.65625
13.3125
22.0625
29.4688
31.9688
28.9063
22.875
17.25
13.0313
8.6875
3.03125
-2.8125
-7.25
-9.65625
-11.0313
-14.4375
-20.3125
-25.1875
-26.5313
-22.3125
-15
-7.875
-2.125
-0.46875
-1.5625
-12.3438
-8.8125
-2.96875
1.34375
5.59375
10.625
17.6563
24.6563
27.8438
24.875
17.7813
12.4375
11.7188
13.0938
11.375
4.125
-5.53125
-11.25
-10.25
-5.375
-3.3125
-7.9375
-16.3125
-23
-22.8125
-16.5625
-8.09375
0.15625
2.90625
1.46875
-9.8125
-7.4375
-1.9375
2.4375
7.1875
13.1563
19.8125
24.0938
22.5313
14.5938
5.25
1.59375
5.03125
10.5938
11.2188
4
-6.5
-12.125
-9.0625
-0.28125
6.25
4.34375
-4.34375
-14.3125
-18.875
-15.8125
-8.03125
1.75
6.46875
5.59375
-6.46875
-4.59375
0
3.46875
7.75
13.5313
18.75
19.7188
13.8125
2.9375
-6.03125
-6.65625
0.6875
9.15625
11.0938
4.15625
-6.5
-11.875
-7.40625
4.1875
14.8438
16.25
8
-4.90625
-15.2188
-17.6875
-12.6563
-2.46875
5.125
8.15625
-2.5625
-0.9375
2.65625
5.46875
9.71875
15.2188
18.9063
16.4688
6.59375
-6.03125
-13.8438
-11.0938
-0.15625
10.625
13.4688
6.4375
-4.40625
-9.78125
-4.75
8.21875
20.75
23.4063
14.375
-1.34375
-16.2188
-22.5
-18.5
-7.0625
3.875
10.4063
1.0625
2.21875
5.4375
8.15625
13.3438
19.4375
22
16.8125
3.6875
-10.5625
-18.125
-13.8125
-1.25
10.3438
13.4688
6.3125
-4.59375
-10.0938
-5.125
8.25
21.8438
25.9063
17.5
0.9375
-16.4375
-25.125
-22.4688
-10.9063
1.96875
10.9063
2.5
2.625
6
10.0625
16.9063
22.625
22.5938
13.7188
-2.3125
-17.375
-23.8438
-17.8125
-4.125
8
11.125
4.03125
-6.5625
-11.7813
-6.4375
7.6875
22.7188
28.8438
22.25
6.3125
-12.0313
-22.8125
-22.1563
-11.7813
1.375
11.0938
3.4375
2.03125
4.09375
8.46875
16
21.6563
20.4063
9.5625
-7.375
-21.875
-26.6563
-19.125
-4.78125
7.4375
10.6875
4.40625
-5.1875
-9.96875
-5.34375
7.46875
21.8125
29
24.8125
11
-6.75
-18.75
-20.25
-10.5625
2.71875
13.0313
4.15625
2
3.25
7.625
14.8438
19.8125
17.0938
5.375
-9.9375
-21.25
-23.375
-15.875
-4.4375
4.28125
6.9375
3.71875
-1.84375
-4.34375
-1.59375
6.25
16.375
22.75
21.6875
12.5625
-1.65625
-12.6875
-15.4063
-7.90625
3.84375
13.0938
5
2.28125
2.84375
6.875
13.0938
17.0938
13.25
2.59375
-9.34375
-16.375
-15.625
-9.375
-2.15625
2.1875
3.34375
2.53125
1.125
0.8125
1.9375
5.3125
10.375
14.625
15.25
10.8438
1.53125
-6.90625
-10.2188
-7.28125
1.3125
8.90625
5.65625
2.5625
2.40625
5.53125
10.2813
13.1875
10.2188
1.8125
-6.46875
-10.5313
-9.65625
-4.84375
-0.5625
1.65625
2.78125
3
3.21875
3.375
3.625
4.125
5.09375
6.4375
6.28125
4.375
0.46875
-3.71875
-6.46875
-5.6875
-0.5625
5.875
5
1.53125
1.5
4.15625
8.1875
11.125
9.71875
3.96875
-1.25
-3.96875
-4.40625
-1.75
0.5625
1.96875
3.6875
4.875
4.90625
4.09375
2.78125
0.75
-1.03125
-1.5
-2.3125
-2.40625
-1.71875
-2.125
-2.9375
-3.25
-1.125
3.5625
-3.375
-2.875
1.125
0.625
1.08333
-0.625
-0.916667
-0.708333
-3.70833
-3.70833
-4.45833
-3.79167
-0.291667
2.5
4.70833
4.5
6.375
9.83333
7.91667
3.83333
0.5
-1.83333
-4.41667
-8.20833
-12.5
-15.2917
-17
-18.5
-17.5833
-16.2083
-12.9167
-10.2917
-0.875
2.33333
1.45833
-1.70833
-0.0833333
0.708333
0.375
0.25
0.0416667
2.45833
2.04167
4.125
5.375
5
7.125
9
10.75
8.875
6.79167
4.54167
1.29167
-0.791667
-3
-6.58333
-8.875
-11.125
-12.2917
-11.375
-8.41667
-5.70833
-4.08333
-3.20833
7
8.75
6.04167
5.25
6.79167
10.125
10.9583
8.79167
7.75
7.70833
5.54167
3.54167
0.0416667
-0.666667
1.875
4.79167
6.41667
2.91667
2.70833
2.79167
1
-2.20833
-3.58333
-1.875
-0.666667
1.29167
4.875
9.29167
9.04167
8.20833
7.125
4.16667
7
3.58333
3.95833
7.79167
5.54167
3.83333
2.70833
0.875
-2.29167
-9.125
-12.4583
-14.625
-14.0833
-11.8333
-9.75
-7.125
-4.375
-3.16667
-3.29167
-1.70833
0.916667
0.625
-0.625
1.54167
3.75
5.54167
6.58333
6.25
4.5
0.958333
-1.20833
-3.5
-0.291667
-4.58333
-4.375
-3.08333
-7.95833
-12.4583
-13.9167
-11.7083
-11.4583
-16.6667
-15.2083
-11.75
-6.5
-6.125
-7.375
-5.875
-4.875
-3.41667
-4.875
-3.16667
0.75
4.91667
5.08333
4.45833
5.08333
3.45833
0.208333
-3.45833
-1.25
-0.708333
-0.416667
1.91667
-9.125
-8.75
-8.70833
-11.0417
-9
-6.79167
-3.41667
-1
-0.125
1.41667
3.04167
4.625
2.41667
-1.625
-4.41667
-3.75
-3.79167
-3.5
-2.625
-1.33333
0.291667
1.91667
3.79167
4.33333
4.33333
4.33333
4.79167
7.75
10.4167
13.5
15.75
18.625
-7.58333
-5.125
-3.41667
-2.70833
4.375
10.5
14.8333
14.625
14.2917
18.2083
17.3333
13.7917
6.20833
0.708333
-2.875
-6.20833
-7.83333
-7.54167
-5.20833
-4.91667
-4.54167
-5.625
-4.20833
-3.625
-3.41667
0.333333
4.45833
8.75
7.33333
7.54167
7.75
5.29167
2.16667
2.58333
2.70833
4.875
5.79167
7.70833
8.08333
8.45833
9.70833
12.6667
12.2917
8.16667
5.29167
2.58333
-0.333333
-5.66667
-8.5
-7.58333
-6.04167
-6.04167
-5.04167
-1.875
-0.166667
-2.33333
-3.16667
-1.625
-1.70833
-6.70833
-11.4167
-12.7083
-13.9583
-17.6667
7.29167
3.91667
0
-1.54167
-4.75
-7.5
-8.625
-6.625
-3.41667
-2.54167
-2.5
-3.375
-1.83333
0.583333
0.833333
-0.958333
-2.95833
-1.625
0.5
1.45833
1.375
4.125
5.91667
5.04167
4.5
3.33333
1.45833
-2
-2.125
-1.5
-0.833333
1.54167
3.70833
1.79167
0.166667
-1.08333
-2.08333
-5.75
-9.125
-9.83333
-9.375
-11.25
-11.2083
-8.70833
-4.95833
-0.5
2.29167
3.375
2.66667
2.79167
4.375
5
2.54167
0.208333
1.16667
3.45833
4.08333
3.79167
5.16667
10.375
15
15.7083
15.75
18.5417
-3.04167
0.541667
3.95833
4
2.20833
0.333333
-2.04167
-5.625
-8.16667
-9.20833
-9.16667
-6.625
-3.625
-0.958333
1.95833
3.29167
4.16667
3.04167
2.04167
1.54167
-0.208333
-2
-1.41667
0.791667
0.666667
-1.125
-2.16667
-0.708333
-0.291667
-0.791667
-1.83333
-2.125
-4.83333
-0.625
0.75
-2.375
-5.16667
-4.16667
-0.875
-0.75
0.0833333
2.70833
2.29167
1.75
-0.541667
-1.54167
-1.04167
0.458333
2.25
1.125
-1.75
-2.625
-2.08333
-2.79167
-4.375
-3.625
-3.29167
-6.25
-10
-13.375
-15.25
-15.375
-13.9583
-12.75
-1.125
0.0416667
-1.54167
-2.54167
-0.5
2.58333
4.66667
7.79167
10.1667
10.5
8.33333
4.25
0.416667
-2.45833
-3.91667
-2.08333
-0.25
-0.583333
-3.375
-4.54167
-3.20833
-4.45833
-7.125
-7.54167
-5.41667
-4.79167
-5.25
-5.75
-6.29167
-6.54167
-6.04167
-5.91667
1.95833
-2.16667
-2.83333
1.79167
5.58333
6.58333
5.625
7.16667
6.08333
1.45833
-0.708333
-2.58333
-1.79167
-2.29167
-2.70833
-0.916667
0.833333
0.875
-0.625
-2.41667
-1.95833
-1.20833
-2.75
-4.20833
-3.54167
-0.0833333
2.04167
2.875
3.91667
4.83333
4.125
2.41667
2.66667
-0.75
0.0833333
2.75
1.125
-1.66667
-2.04167
-2.375
-5.45833
-8.75
-7.625
-4.45833
-1.83333
-0.583333
1.04167
2.625
3.75
3.95833
3.5
1.54167
0.208333
1.58333
1.625
0.291667
-1.08333
0.708333
2.16667
1.83333
4.375
7
9
9.54167
3.83333
7.66667
8.79167
7.375
4.16667
1.54167
-0.291667
-3.16667
-6.41667
-6.54167
-3.75
-0.541667
0.0416667
0.916667
3.29167
4.45833
4.58333
5.29167
5.70833
4.58333
2.16667
1.45833
3.04167
2.25
0.708333
-0.708333
-0.791667
-3.5
-6.83333
-8.75
-8.25
-7
-0.958333
1.66667
2.33333
1.58333
2.54167
3.375
1.75
-1.58333
-3.25
-1.70833
0.208333
1.125
1.20833
2.83333
4.70833
4.83333
4.20833
4.83333
6.04167
6
3.75
1.75
2.41667
2.125
-0.375
-3.75
-5.08333
-7.58333
-14.6667
-20.9167
-23.7917
-24.1667
-9.20833
-12.125
-11.9167
-11.2917
-9
-6
-4.125
-4.08333
-2.45833
0.75
1.75
1.375
1.91667
4.04167
4.625
3.5
2.20833
1.83333
2.875
3.66667
2.5
0.583333
-0.375
0.583333
-1
-3.16667
-3.5
0.416667
1.45833
-0.791667
-2.66667
-2.875
-2.125
-4.66667
-6.25
-7.95833
-8.91667
-7.625
-5.375
-3.79167
-1.20833
1.25
1.29167
0.0416667
0.458333
1.16667
0.416667
-1.16667
-2.70833
-3.58333
-2.95833
-1.625
-1.125
-2.29167
-3.70833
-2.41667
-0.166667
1.25
3.33333
9.04167
14.6667
15.625
14.6667
13.875
9.16667
8.20833
5.79167
2.29167
-0.0833333
-1.375
-2.33333
-1.91667
-0.708333
-0.833333
-1.66667
-2.5
-1.66667
-2.20833
-3.25
-4.33333
-4.58333
-3.91667
-2.66667
-0.833333
1.08333
0.791667
-1.33333
-2.625
-0.416667
1.75
3.25
3.58333
6.375
9.79167
9.95833
7.66667
2.33333
1.04167
1.04167
2.45833
4
2.33333
-0.916667
-1.08333
-0.916667
-1.08333
0.166667
3.79167
6.83333
7
6.29167
5.75
6.54167
8.75
11.0417
13.7083
15.625
15.4583
11.5
4.95833
1.41667
0.458333
-0.541667
-2.16667
0.25
6.875
8.83333
8.04167
-4.70833
-4.75
-3.20833
0.916667
4.16667
2.79167
0.666667
0.458333
0.583333
2.75
7.58333
15.5833
20.4167
22.0417
21.0833
20.375
19.8333
19.6667
20.4167
22.5
24.125
23.8333
19.5
12
5.45833
2.16667
-0.166667
-1.66667
-0.708333
-0.125
0.916667
1.33333
0.541667
2.95833
3.04167
2
0.666667
-0.208333
0.708333
1.54167
3.54167
6.125
8.79167
11.625
14.0833
16.2083
16.375
16.7917
16.4167
13.6667
10.5833
9
9.83333
10.1667
10.4583
11.0417
9.33333
6.54167
3.16667
-0.333333
-4.25
-9.375
-9.125
-8.91667
4.375
6.375
4.95833
1.83333
-2.70833
-2.91667
-0.333333
2.83333
6.79167
7.29167
5.25
0.541667
-1.58333
-1.41667
0.416667
2.66667
4.25
3.25
-0.541667
-5
-7.25
-6.41667
-1.66667
4.75
7.95833
6.70833
3.79167
0.583333
-3.75
-4.58333
-4.33333
-3.5
0.25
0.333333
0.75
0.666667
-1.41667
-1.29167
0.875
3.5
4.04167
1.875
-1.58333
-7.125
-13.5
-18.625
-20.2917
-21.0417
-21.5833
-21.7917
-23.375
-26.9167
-30.4583
-28.7083
-22.5833
-16.1667
-10.9583
-7.41667
-3.91667
-1.04167
0.208333
3.375
3.91667
4.70833
-5.04167
-5
-2.625
-2
-0.958333
0.125
0.208333
-3
-10.2917
-16.0417
-21.5833
-27.75
-35.875
-42.625
-46.5417
-49.4583
-51.625
-52.1667
-51.5833
-51.3333
-50.625
-46.1667
-38.5417
-30.5
-22.625
-13.8333
-5.58333
0.5
3.625
4.83333
5.5
5.79167
-2.58333
-2.25
-2.33333
-3.29167
-1.66667
0.166667
-0.833333
-6.33333
-13.0833
-17.4167
-21.25
-25.1667
-27.75
-27.4167
-25.4583
-22.8333
-20.125
-16.9583
-12.75
-7.83333
-2.54167
1.75
5.29167
9.125
12.6667
15.375
15.0833
12.9583
10.4583
6.75
4.70833
4.45833
1.33333
1.125
-0.458333
0.25
4
7.25
9.41667
11.2917
15.5417
19.2083
22.2083
25.0417
29.125
33.7917
37.6667
41.3333
44.7083
47.9583
51.5833
54.9167
57.2083
55.375
50.3333
44.3333
38.5417
31.6667
23.4583
15.7917
10.625
6.20833
3.16667
2.66667
-0.416667
-0.458333
0.375
4.625
9.66667
13.1667
16.625
22.625
29.9167
34.375
37.125
40
42.4583
42.75
41.0417
38.4167
35.625
33.125
30.5833
28.0417
24.7083
19.7083
13.875
7.41667
2.125
-2.25
-4.83333
-6.16667
-6.58333
-6
-5.41667
-4.45833
-0.583333
-0.291667
0.666667
2.5
2.16667
0.666667
-0.791667
-0.458333
-0.791667
-2.20833
-3.41667
-4.04167
-5.16667
-7.5
-10.75
-14.125
-17.375
-20.4167
-23.4583
-25.6667
-27.7083
-29.0833
-29.7917
-29.8333
-28.875
-27.9167
-25.125
-21.4167
-17.75
-14.125
-11.2083
-8.08333
1.08333
0.125
-1.29167
-4.58333
-9.41667
-13.625
-17
-20
-23.25
-24.5417
-24.7083
-24.5417
-24.125
-23.75
-23.2083
-23.0833
-22.625
-22.75
-22.6667
-21.7917
-21.125
-20.0833
-18.4583
-15.75
-13.7083
-12.375
-10.375
-7.375
-3.91667
-1.54167
-0.0416667
0.458333
0.375
-0.958333
-1.95833
-4.66667
-7.375
-9.04167
-10.0833
-11.1667
-11.7917
-10.2917
-8.875
-6.70833
-3.5
-0.375
2.25
3.08333
3.95833
4.125
4
4.375
4.58333
5.5
6.66667
7.70833
7.5
9.29167
10.8333
12.4583
12.8333
12.5417
11.75
6.75
0.875
-3.625
3.125
-1
-9.54167
3.625
16.7083
6.29167
-10.4583
-12.7083
1.29167
9.95833
4.33333
2.375
1.33333
-5.5
-5.75
3.70833
8.04167
-1.04167
-7.75
-3.33333
1.70833
-0.0833333
-6.25
-7.04167
1.125
9.125
9.79167
3.66667
-5.54167
-7.79167
6.375
-2.16667
-4.91667
-7.95833
-8.58333
9.95833
20.875
3.875
-12.8333
-11.0417
1.79167
8.5
3.25
0.75
1.125
-3.75
-5.5
3.375
9.91667
1.04167
-8.70833
-5.16667
1.875
0.416667
-5.625
-6.375
-1.41667
5.375
9.08333
6.16667
-1.70833
-6.95833
3.625
-2.875
-5.83333
-8.25
-6.08333
10.75
16.9583
-0.333333
-10.75
-1.66667
7.04167
1.29167
-6.83333
-1.04167
6
-0.208333
-6.33333
1.04167
9.83333
3.91667
-7.625
-7.95833
0.916667
4.125
-2.04167
-7.08333
-5.5
1.79167
8.41667
7.83333
1.25
-5.45833
1.125
-5.54167
-7.54167
-5.58333
-3.45833
6.20833
11.9583
1.5
-4.66667
3.5
7.04167
-2.75
-8.83333
0.541667
6.25
-2.625
-7.875
0.583333
9.45833
5.16667
-5.83333
-7.875
-0.125
3.16667
-1.125
-5.20833
-5.29167
0.25
6.5
8.33333
3.54167
-4.375
-2.54167
-5.83333
-6.125
-3.95833
-4.70833
2.79167
9.70833
1.66667
-1.20833
7.45833
7.29167
-4.375
-8.25
1.5
5
-3.875
-8.25
-0.416667
7.75
4.83333
-3.625
-6.45833
-1.54167
2.33333
-0.0416667
-5.66667
-6.91667
1.79167
10
9.29167
1.33333
-7.20833
-0.5
0.25
-6.08333
-8.04167
-6
2.95833
10.0833
3.125
-1.125
5.79167
6.91667
-1
-4.83333
-2.375
-1.16667
-2.625
-3.41667
-0.875
3.375
4.29167
-0.833333
-5.95833
-2.58333
3.58333
3.08333
-4.41667
-7.58333
2.25
10.1667
6
-2.5
-7.375
3.29167
2.375
-6.79167
-11.7083
-9.125
4
12.3333
1.375
-5.70833
3.70833
10.0833
3.91667
-3.16667
-5.04167
-5.25
-1.95833
2.79167
2.08333
-1.20833
-0.291667
-0.0416667
-3.25
-1.20833
4.375
3.20833
-5.54167
-7.54167
2.625
6.58333
2.16667
-0.625
-5.33333
1.54167
-0.416667
-5.66667
-6
-4.70833
0.583333
6.08333
-0.166667
-4.41667
5.16667
11.4167
5.16667
-3.45833
-9.04167
-9.45833
0.0833333
10.5
6.66667
-4.41667
-5.41667
-0.166667
0.375
-0.291667
1.54167
1.95833
-3.75
-6.45833
1.16667
4.83333
2.29167
0.291667
-4.66667
4.04167
1.29167
-5.125
-3.79167
-4.125
-1.75
4.375
0.25
-2.54167
4.70833
8.875
5.25
-3.70833
-12.5417
-11.4167
3.16667
16.4167
11
-4.5
-9.54167
-3.625
1.75
2.66667
1.16667
0.25
-3.16667
-4.91667
1.375
4
0.75
-1.95833
-5.70833
6.20833
4.41667
-3.70833
-4.08333
-4.45833
-1.875
1.875
-3.20833
-2.625
7.125
10.2917
4.54167
-6.83333
-16.375
-11.2083
7.375
20.6667
14.5417
-2.5
-11.875
-8.70833
-0.166667
6.41667
5.70833
-0.916667
-6.58333
-5.45833
1.25
4.125
1.08333
-3.625
-7.70833
6.20833
4.79167
-1.04167
-3.375
-5.54167
-1.41667
1.45833
-4
-1.79167
7.79167
9.45833
0.875
-11.5
-17.2083
-8.04167
10.4167
22.0417
16.9167
1.16667
-11.4583
-12.8333
-3.375
7.58333
8.04167
-0.333333
-6.125
-5.16667
-1.45833
1.08333
1.95833
-1.08333
-6.875
1.29167
2.25
-0.75
-3.25
-3.29167
2.45833
0.375
-8.25
-1.66667
10.4583
7.91667
-4.625
-14.6667
-14.2917
-2.54167
12.0833
19.25
16.125
5.25
-7.625
-12.8333
-5.91667
5.25
7.125
-0.541667
-5
-5
-4.375
-0.25
4.125
1.29167
-6.125
-1.5
2.41667
0.833333
-0.166667
0.375
2.08333
-4.08333
-9.58333
1.79167
12.125
3.33333
-11.125
-15.2083
-8.08333
3.58333
11.6667
13.5
12.5417
8.875
-0.0416667
-9.33333
-9.95833
-1.625
4.45833
3.45833
1.33333
-3.75
-9.25
-4.91667
3.20833
3.95833
-0.416667
-4.54167
1.70833
2.29167
1.54167
1.70833
0.208333
-8
-9.08333
6.20833
12.5833
-2.08333
-15.5833
-13.0417
-1.54167
7.79167
9.95833
8.08333
8.5
10.125
5.95833
-4.08333
-10.7083
-6.875
1.41667
5.58333
5.16667
-2.58333
-10.875
-5.83333
2.33333
1.25
-1.08333
-8.83333
0.5
4.20833
2.25
0.75
-1.41667
-8.16667
-5.875
7.66667
8.375
-7.5
-16.4583
-8.08333
4.66667
9.79167
7.625
4
4.58333
8.875
9.79167
2.95833
-6.91667
-10.25
-5.33333
2.66667
8.20833
1.16667
-10.9167
-7.375
2.625
2.25
-0.708333
-8.91667
1.41667
3.04167
-0.5
-0.333333
-0.208333
-5.04167
-2.79167
5.20833
0.833333
-11.75
-13.1667
-1.08333
9.16667
9.41667
4.95833
1.58333
2.16667
6.58333
10.0833
7.54167
-1.66667
-10.4583
-9.625
0.458333
8.41667
1.95833
-10.625
-9.08333
2.375
6.25
2.625
-4.08333
3.79167
-1.41667
-4.66667
0.0416667
0.875
-3.25
-1.58333
1.5
-5.08333
-12.9167
-8
5.08333
11.3333
7.70833
2.58333
0.583333
0.958333
3.66667
8.25
10.5
4.25
-7.33333
-11.75
-4.875
4.875
3.79167
-6.70833
-7.91667
1.08333
5.08333
2.95833
1.79167
3.75
-3.04167
-4.41667
-1.375
-1.625
-2.5
-0.0833333
-0.833333
-8.375
-11.875
-2.875
9.16667
11.2917
5.375
0.625
-0.166667
0.333333
1.875
5.91667
10
8.33333
-1.25
-10.5417
-9.25
0.208333
3.625
-2.70833
-5.66667
-2.04167
1.33333
4.875
0
1.33333
-3.125
-4.33333
-1.91667
-0.75
0
-0.166667
-5.58333
-11.375
-7.70833
3.54167
10.7083
8.54167
2.91667
0.0833333
0.166667
0.291667
0.416667
3
8
10.5833
4.91667
-5.79167
-11.1667
-6.75
-0.166667
0.291667
-1.20833
-1.625
-1.20833
4.125
1.66667
1.08333
-5.20833
-6.70833
-1.95833
1.5
1.41667
-2.66667
-9.70833
-10.9583
-1.79167
8.5
10.0833
5.16667
0.875
-0.0833333
1.04167
1.83333
0.833333
-0.583333
1.95833
8.54167
10.5417
2.625
-8.66667
-12
-5.875
0.0833333
1
-0.208333
0.333333
3.79167
6.58333
1.04167
-8.08333
-8.41667
-0.5
3.83333
0.458333
-7.08333
-11.9167
-6.08333
7.41667
13.4167
5.45833
-4.625
-4.83333
2
7.29167
7.75
2.04167
-7.29167
-8.875
2.58333
14.5
12.4583
-1.70833
-12.7917
-11.0417
-2.54167
2.375
0.875
-0.541667
3.79167
7.66667
-0.875
-9.33333
-7.08333
2.29167
4.91667
-2.83333
-11.9167
-11.1667
2
16.0833
14.5833
-1.45833
-13.5833
-10.1667
3.375
14.4583
14.1667
2.29167
-12.375
-16.875
-4.66667
13.625
19.375
7.58333
-8.33333
-13.0417
-5.79167
1.66667
-0.625
-3.45833
4.33333
5.04167
-2.91667
-8.20833
-3.625
5.04167
4.04167
-7.29167
-14.3333
-5.83333
11.375
20.1667
11
-7.54167
-17.9167
-11.875
4.41667
16.9167
15.2917
1.70833
-13.375
-19.0417
-9.70833
7.58333
18.7917
15.9583
1.79167
-10.5833
-10.4583
-4.25
-3.875
-2
9.08333
1.75
-4.5
-6.79167
-0.166667
6.91667
0.958333
-11.3333
-11.6667
3.29167
17.7917
18.125
4.91667
-11.5833
-19.0417
-11.7083
4.79167
17.125
15.25
1.45833
-13.5
-19.625
-13.4167
0.708333
15.375
21.7083
12.2083
-4.70833
-12.4167
-9.875
-6.45833
-0.958333
8.875
3
-3.79167
-6.125
0.916667
5.58333
-3.66667
-13.25
-6
12.0417
21
14.0417
-0.75
-14.125
-19.125
-11.5417
4.70833
16.7917
15.0833
1.625
-13.5417
-19.8333
-14.2083
-1.33333
13.2083
22.2917
17.3333
1.70833
-10.2917
-12.7917
-10.125
-3.45833
6.33333
1.45833
-2.375
-2.625
1.875
1.16667
-8.75
-12.4167
0.25
17.2083
21.0833
10.9167
-3.25
-14.375
-18.25
-11.0417
4.41667
15.75
13.4583
0.791667
-11.7083
-16.375
-12.5417
-3.29167
8.75
19.375
19.5417
6.91667
-7.625
-14.375
-14.1667
-7
6.66667
-2.33333
-0.25
2.04167
1.70833
-3.79167
-11.0833
-8.33333
6.54167
19.5417
17.9583
5.125
-7.16667
-12.125
-10.9167
-6.08333
2.16667
9.25
7.54167
-0.5
-6.20833
-8.54167
-9.25
-6.33333
2.5
14.1667
18.25
9.95833
-3.79167
-14.0417
-16
-7.16667
7.20833
-4.04167
1.375
5.54167
2.125
-6.125
-11.5
-5.45833
9.29167
18.4167
12.9583
-0.541667
-9.08333
-8.25
-3.83333
-0.958333
0.958333
1.95833
0.833333
-0.541667
-0.958333
-2.29167
-5.125
-6.54167
-1.79167
8.41667
14.4167
10.4583
-0.0833333
-11.125
-14.9167
-7.70833
3.66667
-2.54167
2.79167
6
0.75
-7.83333
-10.5833
-2.25
10.625
14.6667
6.75
-3.375
-7.125
-4.66667
-0.875
0.666667
0.166667
-0.5
-0.375
0.208333
0.0416667
-1.16667
-2.29167
-2.625
-0.958333
3.625
7.625
7.16667
1.70833
-6.58333
-11
-7.16667
0.416667
-1.08333
5.08333
6.29167
-1.125
-8.70833
-8.33333
0.208333
8.41667
8.20833
2.16667
-2.16667
-3.16667
-2.41667
-0.375
1
0.375
-0.375
-0.166667
0.291667
0.208333
-0.333333
-0.0833333
0.958333
1.29167
0.75
0.0833333
0.625
2.08333
0.25
-4
-5.95833
-4.20833
-1.16667
5
6.45833
-0.708333
-6.79167
-5.125
0.625
3.875
2.5
0.958333
1.41667
0.0833333
-1.375
0
0.666667
-0.208333
-0.625
-0.75
-0.166667
1.20833
1.25
0.166667
0.916667
1.625
-1.08333
-4
-2.875
0.875
3.58333
2.45833
-3.41667
-7.04167
0
5.29167
4.54167
-1.29167
-3.5
-2.16667
-0.208333
1.45833
0.958333
0.708333
1.875
0.0416667
-1.625
0.5
0.5
-2.16667
-1.79167
0.375
1.375
2.375
1.58333
-1.375
-0.583333
1.95833
-1
-5.08333
-4.04167
0.458333
5.08333
5.54167
-1.375
-8
7.2963
6.27778
5.07407
2.92593
0.537037
-2.7037
-5.31481
-4.83333
-6
-5.96296
-5.57407
-4.18519
-2.68519
-1.94444
-0.037037
2.66667
3.05556
2.25926
0.851852
0
-0.814815
-0.240741
2.37037
4.5
3.83333
1.68519
1.16667
1.90741
-0.981481
-2.81481
-4.09259
-5.11111
-6.03704
-7.14815
-8.18519
-9.64815
-11.6667
-11.7963
-11.6852
-10.7963
-10.1852
-9.37037
-7.72222
-5.18519
-2.18519
-0.277778
0.833333
2.25926
2.68519
3.57407
6.22222
8.55556
8.5
6.66667
5.66667
7.38889
-4.27778
-4.59259
-4.55556
-4.2037
-3.07407
-3.35185
-2.59259
-2.92593
-4.53704
-6.66667
-8.18519
-9.11111
-8.77778
-8.16667
-6.74074
-6.98148
-6.09259
-4.5
-0.907407
2.92593
4.74074
5
5.44444
7.85185
10.8519
11.9444
11.7963
11.037
-8.2037
-6.55556
-2.16667
2.46296
4.59259
5.61111
6.42593
6.33333
6.77778
3.83333
-0.648148
-5.33333
-7.81481
-7.2963
-7.22222
-9.59259
-10.2407
-8.46296
-4.03704
-0.12963
2.14815
2.51852
1.81481
2.27778
5.07407
7.90741
8.90741
7.98148
-2.12963
1.38889
5.72222
8.16667
9.24074
10.4259
11.6481
12.1481
11.8889
7.7963
2.42593
-2.2963
-4.46296
-4.37037
-5.05556
-8
-9.51852
-8.22222
-4.44444
-1.40741
1.62963
3.14815
1.83333
0.592593
1.90741
4.2037
5.07407
2.2037
1.38889
1.57407
1.92593
1.92593
2.11111
4.37037
6.05556
6.07407
4.92593
3.62963
2.09259
0.240741
-2.01852
-3.14815
-4.24074
-4.85185
-4.2963
-2.46296
-1.68519
-2.03704
0.0555556
3.2037
3.38889
1.2963
0.259259
0.462963
1.03704
2.44444
3.24074
1.14815
-3.14815
-6.62963
-6.7037
-5.09259
-4.38889
-5.68519
-7.42593
-6.18519
-2.55556
0.12963
-0.12963
-1.7963
-1.94444
0.148148
2.35185
3.2037
1.81481
-0.222222
0.944444
4.05556
5.2037
4.46296
3.24074
2.37037
2.62963
4.14815
1.33333
-1.96296
-6.46296
-9.03704
-8.33333
-7.53704
-8.75926
-10.1296
-10.4074
-7.07407
-1.2037
1.92593
1.51852
-0.907407
-1.16667
2.2963
5.22222
5.11111
2.35185
-0.87037
-1.72222
-0.166667
1.64815
2.07407
0.574074
-0.740741
-0.12963
3.42593
-2.27778
-2.38889
-3.2037
-3.66667
-2.85185
-3.81481
-6.72222
-7.88889
-6.42593
-3.83333
-0.481481
0.907407
0.351852
-1.62963
-2.16667
0.462963
2.5
1.14815
-1.83333
-3.88889
-5.61111
-6.31481
-5.03704
-3.85185
-5.38889
-6.87037
-6.61111
-5.85185
-1.7037
0.351852
2.94444
4.66667
4.68519
2.35185
-0.0925926
0.0185185
1.7037
2.44444
1.61111
0.259259
-0.796296
-2.16667
-3.18519
-2.25926
-0.981481
-1.74074
-3.75926
-5.25926
-7.57407
-9.59259
-9.01852
-7.68519
-8.57407
-10.1111
-10.5741
-9.75926
-1.14815
0.574074
3.59259
5.74074
4.7037
2.22222
1.44444
1.55556
2.07407
1.77778
-0.351852
-1.33333
-1.37037
-1.16667
-1.2963
-2.27778
-2.62963
-3.07407
-4.27778
-4.87037
-6.57407
-8.42593
-7.98148
-6.22222
-4.77778
-4.94444
-5.75926
-6
4.01852
3.77778
4.96296
5.7037
3.25926
0.537037
0.351852
0.425926
-0.259259
-0.240741
-1.25926
-1.12963
0.148148
2.44444
3.37037
1.42593
-0.407407
-0.111111
0.666667
0.425926
-1.35185
-3.55556
-4.75926
-4.2037
-1.35185
-0.240741
-1.57407
-2.72222
3.09259
1.31481
1.22222
0.87037
-1.44444
-3.12963
-3.27778
-3.48148
-3.68519
-2.24074
-0.851852
0.574074
2.92593
6.62963
8.44444
6.31481
3.03704
2.51852
3.74074
4.05556
2.40741
-0.314815
-3.07407
-4.75926
-3.35185
-2.01852
-3.33333
-6.2037
-0.0740741
-0.703704
-0.425926
-1.2963
-2.85185
-3.83333
-3.92593
-3.12963
-1.75926
0.037037
1.51852
2.44444
4.85185
8.64815
10.3519
8.83333
5.33333
3.88889
5.07407
5.7963
4.31481
0.962963
-3.37037
-6.85185
-8.31481
-8.48148
-9.77778
-13.3333
-6.62963
-5.61111
-5.09259
-6.2037
-6.18519
-4.81481
-3.25926
-1.53704
0.703704
1.68519
2.12963
2.66667
4.74074
6.81481
7.81481
7.03704
4.53704
2.05556
1.75926
2.72222
2.77778
1.07407
-1.37037
-3.55556
-5.88889
-6.55556
-6.42593
-8.31481
-7.48148
-5.57407
-6.16667
-8.18519
-7.96296
-5.31481
-2.61111
-0.166667
1.61111
1
-0.0925926
0.333333
1.92593
2.7963
3.24074
3.2963
2.27778
0.037037
-1.38889
-0.555556
1.25926
1.85185
1.46296
0.981481
-0.296296
-0.166667
1.81481
2.94444
-2.87037
-2.16667
-4.77778
-7.31481
-7.2037
-4.12963
-0.407407
2.42593
3.22222
1.77778
0.722222
2.07407
4
5.09259
5.66667
5.98148
5.68519
3.83333
1.7963
1.77778
4.18519
6.01852
6.48148
6.03704
5.98148
7.55556
10.8519
14.0185
1.51852
0.407407
-2.24074
-3.27778
-2.88889
-0.777778
2.64815
5.5
6.22222
5.37037
5.72222
8.14815
10.7963
13.1111
14.3704
14.8889
14.5185
13.1852
10.9815
9.55556
10.3333
11.0185
9.75926
7.11111
5.92593
6.7037
9.01852
12.5741
4.31481
1.38889
-0.425926
0.407407
2.55556
4.83333
8.38889
11.2963
13.0185
14.537
17.7593
21.537
24.5185
26.2222
26.8333
27.1111
26.963
26.037
23.5926
20
17.1481
15.4444
13
9.2963
6.12963
3.03704
1.7963
3.37037
2.98148
0.0925926
-0.351852
2.25926
6.12963
8.7963
10.1296
10.8333
12.6667
16.7037
21.8889
25.4444
25.8704
23.6296
22.0741
23.037
25.1667
25.9444
23.6111
18.8148
13.6481
11.2778
10.9444
9.72222
6.07407
0.259259
-3.92593
-4.68519
3.24074
0.851852
0.722222
2.87037
6.77778
8.7037
7.16667
4.85185
5.03704
9.27778
14.037
15.1667
11.3519
4.68519
0.425926
1
4.64815
7.16667
6.38889
2.5
-1.85185
-2.59259
0.777778
4.18519
3.59259
-0.444444
-5.12963
-7.94444
-0.203704
-0.351852
0.5
1.77778
2.59259
0.814815
-4.94444
-11.1296
-14.3333
-13.8519
-14.037
-17.9259
-25.2037
-32.5926
-36.5556
-36.0741
-32.3889
-28.1481
-25.0185
-23.5
-22.2963
-19.2407
-12.9259
-5.55556
-0.481481
2.61111
1.74074
-1.35185
-2.46296
-1.44444
0.12963
-0.296296
-3.09259
-8.14815
-14.7222
-21.0741
-25.6111
-29.3333
-34.2778
-40.9444
-46.7963
-49.7037
-50.7037
-50.8519
-49.3704
-45.037
-38.2778
-31.2963
-25.0185
-19.8148
-14.7963
-8.14815
-0.592593
6.90741
9.01852
6.92593
-3.12963
-0.037037
2.42593
2
-2.2037
-7.40741
-11.9444
-15.4074
-18.6852
-24.037
-31.0926
-36.8333
-38.1481
-35.2222
-31.9444
-30.6852
-29.8704
-26.2407
-19.2222
-10.4444
-2.94444
1.22222
2.18519
3.66667
7.90741
13.1481
15.7778
14.7222
0.425926
3.94444
6.7963
7.90741
6.72222
5.94444
6.92593
9.2037
9.92593
7.62963
4.14815
3.11111
5.90741
10.9259
14.7593
16.0185
15.963
16.6296
19.0926
22.7593
25.3704
25.037
21.1667
16.3889
13.537
12.1667
12.1111
12.1481
4.40741
8.33333
11.3333
13.9259
15.7037
18.2407
22.1667
26.537
28.2222
27.5741
26.463
27.2778
29.4444
31.7037
33.0185
33.1667
32.1296
29.9815
27.5556
25.7222
23.9074
20.5926
15.7222
9.7037
4.57407
0.703704
0.111111
1.31481
2.07407
3.35185
4.38889
5.68519
7.74074
10.9444
15.0926
18.8333
20.5741
21.3889
22.5556
24.0556
24.6667
23.7963
21.8889
20.1111
17.6111
13.8889
9.85185
5.85185
2.35185
-0.851852
-3.55556
-6.37037
-9.18519
-10.8889
-10.6111
-8.66667
-0.666667
-1.61111
-3.11111
-4.72222
-5.27778
-4.90741
-4.01852
-3.92593
-4.40741
-4.75926
-4.7037
-4.83333
-5.88889
-7.98148
-10.4259
-12.0185
-14.0185
-16.3704
-18.5185
-20.1481
-21.0556
-20.9815
-19.5741
-17.2778
-15.2222
-12.9074
-10.8333
-9.22222
-9.92593
-7.16667
3.57407
10.4815
9.92593
2.35185
-1.92593
0.388889
4.61111
5.31481
3.48148
-1.01852
-4.24074
-6.5
-2.14815
3.22222
5.05556
0.759259
-5.03704
-5.94444
-4.81481
-3.74074
-4.85185
-3.88889
1.72222
7.40741
9.33333
3.96296
-9.03704
-7.64815
1.40741
8.38889
9.68519
4.68519
2.14815
2.51852
3.16667
0.037037
-1.57407
-3.12963
-2.24074
-3.2037
-0.166667
2.92593
4.37037
0.666667
-4.38889
-5.18519
-3.48148
-1.98148
-3.88889
-4.44444
0
6
8.5
4
-10.6111
-9.59259
-0.555556
6.40741
8.25926
4.98148
4.07407
5.46296
4.74074
-0.5
-4.74074
-6.22222
-3.16667
-0.444444
3.09259
3.7963
1.7963
-2
-4.40741
-2.18519
-0.314815
-0.777778
-5.38889
-6.59259
-1.64815
5.88889
8.62963
3.59259
-10.2593
-9.11111
-0.277778
5.68519
6.87037
3.55556
3.92593
6.5
5.27778
-1.38889
-7.42593
-8.22222
-2.7037
3.2037
7
4.90741
-0.574074
-4.68519
-4.92593
-0.62963
0.703704
-1.09259
-6.35185
-7.05556
-1.42593
6.57407
9.96296
4.64815
-10.1296
-8.83333
-0.333333
4.83333
4.96296
2.53704
4.48148
8.2037
6.05556
-2.59259
-10.8519
-11.0185
-2.74074
6.68519
10.7222
6.5
-1.68519
-6.72222
-6
0.0925926
3.07407
1.7037
-4.38889
-6.57407
-2.48148
4.37037
6.96296
1.53704
-9.11111
-9.14815
-2.40741
1.87037
2.05556
1.75926
5.38889
10.1852
6.64815
-3.2037
-12.3519
-11.2593
-1.35185
9.40741
13.3704
7.92593
-1.51852
-7.7963
-7.01852
-0.592593
3.66667
2.81481
-2.88889
-6.09259
-4.01852
0.851852
3.31481
0.666667
-4.7037
-5.7963
-4.81481
-3.46296
-1.25926
3.57407
9.77778
12.2593
5.2963
-6.74074
-14.8889
-11.8704
0.203704
12.1481
16.1667
10.037
-0.425926
-7.68519
-8.07407
-2.05556
2.83333
3.66667
-1.62963
-5.59259
-5.31481
-0.907407
1.85185
0.037037
-3.44444
-5.12963
-4.74074
-2.98148
-0.444444
3.96296
8.18519
8.92593
1.53704
-8.7963
-14.8148
-10.1296
2.68519
14.8704
18.4444
12.0185
1
-6.38889
-8.09259
-3.37037
0.5
2.11111
-1.62963
-4.64815
-4.59259
-1.07407
1.25926
-0.407407
-2
-4.44444
-3.87037
-3.94444
-2.24074
0.351852
5.83333
6.22222
0.0740741
-10.0556
-14.0926
-8.31481
5.51852
17.537
20.8889
13.7963
2.44444
-6.2963
-8.55556
-4.72222
0.777778
2.96296
-0.037037
-4.90741
-6.5
-3.87037
-1
-0.62963
-0.981481
-2.42593
-2.27778
-3.72222
-3.7037
-1.98148
2.85185
2.74074
-3.24074
-11.5
-13.1111
-5.57407
8.31481
19.7222
22.537
15.2407
3.90741
-5.07407
-7.81481
-5.42593
-0.685185
2.18519
1.2037
-3.07407
-6.57407
-6
-3.2963
-1.09259
-0.037037
-0.37037
-1.57407
-4.64815
-5.40741
-2.66667
1.66667
0.5
-6.31481
-12.2222
-10.7407
-1.55556
10.5741
19.5556
21.2593
15.4444
5.98148
-1.68519
-5.27778
-5.37037
-3.35185
-0.981481
0.240741
-2.22222
-5.88889
-6.72222
-4.03704
-0.888889
1.12963
0.555556
-1.92593
-5.24074
-5.12963
-2.24074
0.62963
-2.90741
-8.98148
-11.6296
-6.42593
2.92593
11.8148
17
17.7593
14.5926
8.48148
2.22222
-2.88889
-5.68519
-5.57407
-2.94444
-0.037037
-1.64815
-6.12963
-8.24074
-4.46296
1.44444
-0.0740741
-2.18519
-4.5
-6.2963
-4.22222
-1.12963
0.111111
-4.98148
-10.0741
-9.68519
-2.01852
6.51852
11.8704
13.2963
13.3889
12.6481
10.2037
5.57407
0.185185
-4.33333
-5.59259
-4.48148
-2.01852
-2.75926
-5.57407
-6.90741
-4.38889
0.407407
-1.46296
-3.92593
-5.2037
-5.40741
-3.18519
-2.16667
-2.87037
-7.62963
-9.59259
-5.90741
2.74074
9.38889
11.0185
9.48148
8.85185
10.1667
11.0556
9.05556
4.12963
-1.92593
-5.96296
-7.03704
-5.31481
-4.18519
-4.92593
-5.09259
-3.83333
0.833333
-2.46296
-3.05556
-2.7037
-2.64815
-3.07407
-5.81481
-7.92593
-10.037
-7.46296
-1.03704
6.90741
10.8889
9.68519
6.64815
5.48148
7.7037
10.4259
10.6667
6.87037
0.888889
-4.05556
-6.31481
-6.53704
-6.33333
-6.83333
-5.72222
-3.42593
1.62963
-4.59259
-2.62963
-0.555556
-1.2963
-5.46296
-10.0926
-11.5556
-9.38889
-3.44444
4
9.68519
10.7778
8.14815
5.24074
4.40741
5.90741
8
8.87037
7.55556
3.72222
-0.351852
-4.25926
-6.48148
-8.07407
-8.35185
-6.33333
-3.07407
2.16667
-4.98148
-3
-1.38889
-3.48148
-8.03704
-11.0185
-9.24074
-3.90741
2.44444
6.05556
6.27778
4.74074
5.05556
7.14815
8.61111
6.81481
3.46296
1.61111
3.01852
4.94444
4.7963
1.40741
-3.51852
-7.57407
-9.57407
-7.66667
-4.25926
1.12963
-6.31481
-3.75926
-1.85185
-4.38889
-8.94444
-10.5
-5.68519
2.44444
7.94444
6.64815
0.555556
-2.62963
1.46296
9.94444
13.6481
8.61111
-1.09259
-6.14815
-2.68519
5.05556
9.33333
6.90741
-0.296296
-6.66667
-9.7963
-8.18519
-4.53704
0.185185
-6.7963
-4.94444
-3.31481
-5.48148
-8.66667
-7.44444
-0.111111
8.51852
11.0741
5.14815
-4.2963
-7.51852
-0.87037
10.2222
14.6667
8.27778
-3.75926
-10.5185
-7.01852
2.88889
10.4815
10.6111
4.16667
-3.81481
-9.37037
-10.4074
-6.87037
-0.351852
-6.57407
-4.96296
-3.85185
-5.85185
-7.25926
-3.42593
5.2963
12.2778
11.2222
1.98148
-8.33333
-10.5556
-2.2963
9.74074
14.5741
7.81481
-5.33333
-13.9444
-11.5556
-0.518519
10.3704
14.1111
9.27778
0.611111
-7.31481
-11.2963
-9.59259
-2.96296
-5.2037
-4.09259
-4.05556
-6.68519
-6.16667
0.203704
10.0556
14.963
10.1481
-2
-12.5185
-13.1667
-3.14815
9.57407
14.6481
7.72222
-5.85185
-15.6111
-13.8889
-1.88889
11.5926
17.7407
13.6111
4.40741
-4.96296
-11.0556
-12.6852
-8.11111
-3.59259
-3.2963
-4.83333
-7.94444
-5.7963
2.81481
13.6667
17.4815
10.2778
-3.74074
-14.5926
-14.4259
-3.48148
9.62963
14.7778
7.81481
-6
-16.3148
-15.4074
-3.22222
11.6481
20.1481
17.0741
6.94444
-4.81481
-13.1111
-15.4815
-10.7963
-2.40741
-3.22222
-5.92593
-8.01852
-3.7037
6.7963
17.2222
18.9815
9.22222
-5.88889
-16.4444
-15.1667
-3.46296
9.85185
14.7963
7.59259
-6.37037
-17.2037
-17.2222
-5.90741
9.75926
20.5185
19.7593
9.40741
-4.03704
-13.9259
-15.8148
-10.963
-1.35185
-3.87037
-7.24074
-8.88889
-2.64815
9.14815
19.2778
18.9815
7.53704
-7.75926
-17.3704
-15.2778
-3.48148
9.66667
14.5
7.48148
-6.48148
-17.463
-18.2778
-7.83333
7.55556
19.6667
21.1852
12.1667
-1.75926
-13.0185
-15.9444
-11.7222
-0.296296
-4.94444
-8.87037
-9.2037
-0.388889
12.1111
20.8704
17.8148
5.25926
-9.59259
-17.7963
-15.0556
-3.59259
8.75926
13.037
6.74074
-5.75926
-15.3704
-16.9074
-8.7963
4.14815
16.3704
20.2222
13.8333
0.537037
-12
-15.9444
-11.6852
0.962963
-4.77778
-9.44444
-8.18519
1.64815
13.3519
18.6667
12.9815
0.944444
-9.59259
-13.4259
-9.72222
-2.11111
5.31481
7.35185
3.94444
-3.14815
-8.96296
-11.2778
-7.88889
0.462963
10.3704
15.8889
12.4815
3.01852
-8.24074
-12.4444
-10.6852
2.74074
-3.25926
-8.44444
-6.7037
2.62963
12.8333
15.2593
8.66667
-1.81481
-8.11111
-8.38889
-4.61111
-1.05556
0.796296
0.833333
0.388889
-0.611111
-2.11111
-4.53704
-4.92593
-1.87037
4.48148
9.38889
9.2963
4.2037
-3.55556
-8.55556
-9.72222
2.33333
-3.5
-7.5
-5.05556
3.38889
10.8148
10.9259
4.74074
-2.90741
-5.64815
-4.81481
-2.11111
-1.61111
-1.2037
-0.87037
1.09259
1.64815
1.07407
-1.40741
-2.09259
-1.11111
1.7963
3.92593
4.61111
3.44444
-0.0740741
-4.61111
-8.61111
9.05556
1.44444
-4
-5.77778
0.333333
1.77778
-2.72222
-8.44444
-2.05556
9.38889
19.4444
10.7222
-1.83333
-14.5556
-14.0556
-9.05556
-4.5
-0.888889
1.77778
5.38889
5.55556
4.33333
3
4
5.27778
4.05556
-1.22222
-8.88889
-11.3889
-6.94444
0.5
4.55556
6.38889
2.94444
1.05556
0.111111
0.666667
-2.16667
-2.66667
-4.72222
1.5
11.4444
18.1111
10.8333
-4.22222
-13.6111
-10.5556
-4.94444
-2.83333
-2.66667
-0.833333
0.611111
-2.44444
-4.66667
-3.27778
1.88889
3.16667
-0.833333
-7.16667
-10.2222
-6.11111
2.5
9.11111
8.55556
6.66667
7
4.22222
-1.66667
-4.83333
-4.5
-0.611111
-2.66667
-1.11111
3.38889
9.38889
9.72222
3.5
-0.277778
-3.33333
-2.88889
-5.5
-6.44444
-6.55556
-5.66667
-7.11111
-9.22222
-7.94444
-2
3.11111
2.66667
-1.88889
-4.44444
-1.61111
3.94444
5.66667
1.33333
5.22222
7.27778
5.94444
-0.944444
-6.72222
-6.05556
-1.77778
-0.666667
-3.72222
-2.44444
-1.11111
4.22222
2.55556
5.27778
3.61111
3.88889
-0.944444
-6.05556
-9.38889
-8.5
-5.05556
-4
-5.94444
-5.55556
-2.38889
2.77778
4.55556
2.83333
-1.94444
-5.61111
-5
-1.44444
2.94444
-1.83333
-4.38889
-0.722222
1.44444
1.05556
-9.11111
-13.8333
-13.5
-4.61111
1.72222
6.5
8.38889
9.94444
6.55556
3.94444
-0.166667
-4.55556
-9.88889
-9.55556
-2.66667
2.38889
-1.22222
-5.16667
-4.05556
4
7.22222
5.88889
-0.777778
-6.88889
-9.77778
-7.38889
-4.83333
-6.38889
-3.88889
4.27778
5.16667
-0.722222
-12.7778
-11.6667
-6.44444
0.444444
-0.833333
0.444444
5.05556
8.11111
5.16667
1.11111
1.16667
1.27778
-2.88889
-5.72222
-1.77778
5.44444
3.5
-1.72222
-6.33333
-0.5
4.38889
7.94444
4.88889
-1.27778
-5.94444
-5.33333
-4.27778
-0.833333
4.22222
8.94444
7.66667
0.944444
-5.22222
-6.72222
-4.44444
-5.27778
-4.61111
-1.61111
5.27778
2.61111
-5.61111
-9.72222
-1.11111
9.05556
8.61111
-0.277778
-4.72222
-1.66667
4.22222
6.05556
5
2.11111
0.166667
2.44444
6.11111
6.66667
-0.166667
-8.27778
-6.27778
5.16667
10.3333
8.22222
3.16667
2.27778
7.83333
9.44444
4
-7.16667
-11.3889
-7
-2.5
-8
-18.3889
-18.9444
-4.05556
13.9444
18.2222
6.94444
-5.05556
-6.55556
2.83333
9.05556
8.61111
3.11111
1.22222
2.55556
3.72222
3.16667
0.777778
-2.27778
0.611111
6.66667
6.77778
2.72222
3.66667
8.77778
13.5
7.66667
-3.05556
-10.1667
-8.22222
-3.72222
-6.22222
-15.3889
-23.2222
-19.5556
-4.72222
13.4444
20.7778
13.0556
-1
-7.05556
1.27778
9.66667
12.0556
5.72222
1.94444
-1.05556
-2.83333
-3.11111
-1.88889
-2.94444
-5.16667
-4.33333
-5.11111
-1.38889
5.66667
11.5
8.05556
0.388889
-4.05556
-0.888889
2.66667
-0.666667
-10.7222
-19.0556
-18.8889
-12.1667
-3.66667
5.66667
13.6111
15.4444
8.5
1.11111
0.555556
3
4.77778
4.72222
6.27778
3.61111
-1.66667
-5.16667
-1.88889
3.44444
-4.05556
-8.05556
-6.83333
0.722222
7.33333
5.72222
-4.11111
-11.1111
-5.83333
6.44444
11.7222
2.44444
-11.1667
-15.9444
-8.61111
-1.22222
-1.05556
-3
2.94444
12.7222
14.5556
6.44444
-0.944444
-1.33333
4.11111
7.83333
8.27778
4.61111
0.333333
-2
-2.27778
-0.888889
-2.44444
-8.5
-6.61111
0.666667
3
-0.666667
-6.27778
-7.61111
0.666667
8.44444
8.55556
-3.38889
-13.6667
-11.8333
-0.5
6.27778
0.722222
-8.72222
-6.88889
6.38889
16.8333
13.6111
2.66667
-4.27778
-1.44444
3.44444
5.61111
3.16667
0.277778
0
0.777778
4.77778
2.55556
-3.44444
-2.88889
-0.5
-0.611111
-2.11111
-0.166667
1.61111
5.94444
4.61111
-1.44444
-12.1667
-15.8333
-7.5
4.83333
9.44444
1.44444
-10
-12.1111
-0.888889
12.8333
15.1667
4.88889
-4.83333
-3.83333
3.27778
6.33333
3.44444
-1.77778
-2.88889
-1.38889
3.61111
4.94444
0.111111
-2.55556
-4.05556
-2.11111
3.05556
8.77778
9.27778
5.55556
-3.44444
-13.5
-20.2778
-16.1111
-3.5
7.5
9.27778
2
-7.72222
-12.9444
-7.16667
6.72222
16.1667
11.3889
-1.61111
-7.22222
-2.11111
5.11111
5.88889
1
-1.83333
-0.888889
4.83333
1.83333
0.833333
-0.833333
-0.555556
2.55556
5.5
5.11111
4.16667
1.11111
-5.83333
-15.6667
-19.4444
-11.2222
1.61111
9.38889
7.88889
2.05556
-5
-10.8333
-11.1111
-1.16667
10.6111
12.8333
3.27778
-5
-1.66667
6.72222
10.7778
6.16667
0.444444
-1.88889
0.333333
2.83333
3.44444
1.77778
0.722222
0
-0.611111
-3.22222
-0.833333
-1.77778
-6.83333
-15.6667
-14.4444
-3.72222
7.38889
9.77778
6.16667
1.94444
-1.55556
-7.44444
-12.4444
-9.11111
3.33333
13.6667
11.1667
-0.388889
-6.61111
-3.27778
3.27778
5.94444
4.27778
3.22222
1.66667
3.11111
7.38889
8.38889
4.44444
-3.05556
-9.05556
-10.2222
-3.72222
-1.55556
-6
-12
-7.16667
3.77778
11.1111
9.38889
4.72222
1.38889
-0.277778
-4.66667
-11
-13.3889
-5.33333
8.11111
14.1111
5.66667
-7.16667
-11.8889
-7
0.222222
2.61111
3.38889
2.11111
3.16667
10.7222
11.8333
3.33333
-6.77778
-11.1111
-6.27778
-0.0555556
-1.38889
-8.55556
-10
-1.16667
9.11111
12.0556
7.55556
2.88889
0.388889
-0.0555556
-2.44444
-7.94444
-14.2222
-12.1667
0.0555556
12.7778
10.6667
-4.38889
-17.2222
-15.6111
-6.16667
-0.444444
0.0555556
0.333333
1.5
5.94444
5.61111
0.277778
-4.22222
-3.61111
1.55556
2.16667
-4.33333
-10.3333
-5.61111
5.05556
11.5556
9.16667
3.83333
0.277778
-0.722222
-1.05556
-1.38889
-4.66667
-10.5
-14.1111
-7.27778
6.61111
13.1667
4.5
-9.61111
-11.8333
-5.11111
-0.388889
-3.83333
-5.66667
-0.555556
-1.33333
-5.55556
-5.88889
-2.22222
4.94444
7.77778
2.05556
-8.77778
-11.1111
-1.88889
9.44444
11.6667
6.05556
0.222222
-1.88889
-0.888889
0.944444
2.77778
0.444444
-7
-15.7778
-15.1111
-2
12.3333
14.3333
3.88889
-4.05556
-4.5
-1.94444
-3.72222
-4.94444
-1.22222
-5.77778
-11.5556
-9
-0.555556
7.83333
6.38889
-3.11111
-12.0556
-6.94444
7.55556
19.4444
16.8889
4.11111
-7.5
-9.94444
-2.55556
7.5
13.3889
8.88889
-4.94444
-20.6667
-26.3889
-15.7778
4.38889
17.8889
16.1667
4.72222
-2.11111
-2.05556
0.444444
-1.88889
-2.16667
-1.27778
-5.16667
-5.33333
0.777778
4.33333
-0.111111
-10
-11.3889
1.33333
19.3333
29.3333
22.5556
4.55556
-12.7222
-16.6111
-4.77778
13.3889
23.1667
16.2778
-4.16667
-25.3333
-35.8889
-29.0556
-8.72222
12.2778
20.3333
11.6111
0.444444
-3.83333
0.333333
0.944444
-4.27778
-2.16667
-0.833333
-0.5
2.55556
-0.833333
-7.77778
-13.6111
-4.22222
14.8333
32.9444
36.8889
25.8333
5.33333
-12.3889
-16.4444
-5.05556
11.5
19.0556
13.1111
-2.72222
-19.8889
-34.1667
-37.7222
-26.5
-3.72222
14.3333
15.3333
4.66667
-6.55556
-6.77778
-4.33333
-5.11111
-5.11111
-1.83333
1.94444
2.38889
-4.16667
-11.2222
-8.88889
8.33333
27.1667
34
25.1667
12
3.16667
-0.444444
-0.833333
-0.555556
-0.0555556
-0.944444
-0.666667
0.166667
-3.83333
-17.1111
-32.3889
-35
-18.8333
4.05556
15.5
9.72222
-5.38889
-11.8889
-9.27778
-5.27778
-10.6667
-5.55556
1.16667
0.777778
-6.83333
-11.9444
-1.72222
17.9444
30.6111
23.9444
5.38889
-5.88889
-2
9.44444
12.9444
3.38889
-12.8889
-22.1667
-16.3889
-0.166667
10.6667
4.77778
-13.2222
-26.4444
-22.6667
-4.66667
11.4444
13.2778
1.66667
-9.72222
-11.5556
-3.22222
-7.77778
-3.88889
0.777778
-2
-9.44444
-10.1667
2.5
16.2778
16.8889
1.22222
-16.1667
-19.2778
-5.77778
11.4444
15.8333
3.72222
-14.9444
-24
-17.1667
0.5
16.1111
20.5
12.1667
-1.88889
-10.7778
-7.05556
4.94444
13.3333
11.5556
0.888889
-8.55556
-3.66667
-4
1
1.44444
-4.22222
-10.8333
-7
3.11111
7.22222
-1.38889
-14.6667
-21
-16.0556
-4
7.22222
9.77778
2.88889
-7.83333
-12.7778
-9.11111
1.27778
14.3889
25.6111
28.5
18.6667
2.27778
-8.44444
-5.77778
3.55556
11.3333
7.22222
-1.66667
-4
0.333333
4.22222
3.61111
-1.61111
-3.33333
1.94444
5.05556
-1.83333
-15.2222
-22.2778
-17.9444
-7.77778
1.16667
5.5
6.22222
4.11111
2
1.11111
2.11111
4.94444
11.2222
19.9444
25.0556
19.6111
5
-10.1667
-15.3333
-9.5
1.77778
7.33333
4
-3.38889
2.83333
5.38889
4.83333
2.22222
6
10.9444
10.1111
-0.111111
-10.8333
-13.5556
-7.77778
-0.722222
3.5
4.27778
4.55556
4.05556
4.16667
3.66667
3.55556
3.66667
5.33333
8.66667
10.2778
7.44444
-1.83333
-13.1111
-20.5556
-18.2778
-7.5
4.22222
9.94444
0.277778
4.77778
5
5.33333
7.61111
14.5
16.3889
11.0556
0
-7.94444
-9.72222
-6.61111
-2.94444
-0.666667
-0.166667
0.388889
0.222222
0.888889
0.722222
1.38889
1.22222
1.16667
0.944444
0.611111
0.166667
-4.44444
-10.5
-16.6667
-13.1111
-3.77778
7.83333
11.9444
2.11111
2.22222
0.444444
0.666667
5
11.1111
11.8333
7.38889
0.666667
-2.5
-3
-1.61111
-1.5
-1.55556
-2.16667
-2.33333
-2.61111
-2.94444
-3.11111
-2.11111
-1
0
0.111111
0.666667
0.444444
-3.05556
-8.05556
-11.1111
-6.61111
2.05556
9.55556
10.7222
2.5
-0.833333
-3.33333
-3.05556
1.88889
5.94444
5.88889
1.94444
-2.33333
-3.27778
-2.94444
-1.44444
-1.72222
-1.16667
-2.16667
-3.27778
-5.27778
-5.55556
-4.27778
-0.833333
1.72222
3.27778
2.88889
3.55556
3.38889
0.944444
-2.72222
-3.11111
2
8.83333
10.1667
4.88889
4.1
-3.14
-6.14
-7.7
-7.3
-4.46
0.36
6.48
10.86
9.48
5.9
2.3
-3.92
-8.16
-9.24
-8.92
-9.28
-7.42
-5.94
-4.28
-2.68
-1.1
-1.36
-1.32
-2.1
-3.5
-3.8
-3.24
4.8
0.1
-3.04
-5.3
-7.2
-6.04
-3.6
0.6
4.8
6.2
4.38
3.62
0.3
-3.92
-6.52
-7.1
-9.64
-10.76
-9.36
-7.04
-5.68
-2.52
1.12
3.16
1.8
1.28
0.22
-2.06
5.54
1.86
-1.8
-4.96
-10.54
-11.9
-10.4
-5.68
-0.22
4.32
5.34
6.44
3.4
-1.24
-3.98
-4.32
-7.24
-9.28
-8.32
-5.7
-4.84
-2.28
1.82
4.44
2.86
1.68
-0.08
-3.78
2.26
1.94
0.36
-1.4
-6.04
-7.4
-7.62
-4.58
-2.52
-0.5
-0.2
0.82
-1.36
-3.12
-2.84
-1.22
-2.2
-2.68
-2.28
-0.92
-1.26
-0.66
0.84
3.34
3
2.68
2.02
-0.3
4
5.5
5.88
4.22
-0.46
-4.96
-7.1
-7.24
-7.2
-7.58
-6.96
-6.7
-7.64
-6.54
-2.22
1.82
3.16
2.92
2.78
2.76
2.94
4.54
7.9
10.22
9.24
7.26
4.56
-0.2
4.84
8.48
9.44
7.58
2.46
-2.38
-5.64
-7.84
-10.26
-12.46
-14.52
-16.22
-15.56
-10.96
-3.14
4.5
9.32
9.96
8.72
6.58
6.24
7.76
10.58
11.26
10.38
7.64
3.22
-1.68
2.68
7.26
8.1
6.96
4.28
0.24
-3.08
-4.6
-8.12
-12.82
-16.88
-20.6
-20.94
-14.6
-4.88
4.32
11.76
15.18
13.74
10.54
9.62
9.76
8.98
7.78
7.58
5.1
0.82
-2.02
-1.3
2.78
5.52
7.36
8.16
5.2
1.96
-1.84
-7.84
-15.02
-19.76
-23.44
-22.56
-15.06
-5.04
4
12.16
16.96
16.16
12.56
11.04
10.56
9
7.48
8.32
6.66
3.24
2.52
1.34
3.18
4.06
5.5
5.94
2.22
-0.38
-3.56
-8.76
-15.08
-18.52
-21.02
-19.48
-13.26
-5.02
2.36
9.62
14
14.94
12.58
11.68
11.62
11.5
10.12
10.58
7.86
3.12
0.8
-0.8
0.42
0.36
3.06
4.42
1.98
-0.48
-3.66
-9.26
-14.52
-16.96
-17.1
-14.56
-10.1
-5.12
-0.12
5.42
10.52
13.76
13.6
12.32
10.46
7.56
5.56
6.5
5.6
2.8
3.3
-1.52
-2.14
-1.78
2.06
4.66
2.38
-0.6
-5.42
-11.48
-15.76
-15.46
-12.22
-8.02
-5.08
-3.5
-1.96
0.58
4.82
9.32
12.26
12.18
9.74
6.54
5.32
5.5
5.28
4.82
6.14
1.04
-1.96
-1.5
2.2
2.5
-0.42
-3.74
-9.74
-15.88
-17.86
-14.48
-8.16
-2.42
-0.5
-1.68
-3.46
-3.78
-1.22
4.08
9.22
10.98
9.1
6.68
5.02
4.2
3.54
3.9
5.46
4.36
1.74
1.14
1.36
-1.38
-4.72
-8.04
-12.92
-16.84
-15.66
-10
-2.52
3.08
3.64
0.06
-4.84
-7.62
-6.58
-1.3
5.06
8.64
7.94
5.6
3.5
1.84
1.54
2.04
3.22
3.68
1.28
0.88
-0.1
-3.2
-5.54
-8.6
-13.4
-15.88
-12.46
-5.88
1.66
6.72
6.72
1.46
-5.5
-10.32
-10.26
-5.98
0.9
5.78
6.54
3.92
1
-1.5
-1.42
0.38
3.46
3.64
0.76
-0.32
-2.5
-6.36
-7.96
-10.18
-13.28
-13.44
-7.8
-1
5.28
8.94
8.34
2.34
-5.48
-11.46
-13.04
-10.36
-4.08
1.94
5.16
4.94
1.7
-2.76
-5
-4.22
-2.58
2.5
1.26
-0.54
-3.82
-8.24
-9.76
-11.28
-12.02
-9.22
-1.9
4.5
8.9
10.78
9.32
3.68
-3.78
-9.9
-13.16
-12.88
-9.14
-3.6
1.16
3.1
0.82
-3.78
-6.62
-6.8
-5.86
-0.06
1.04
-0.36
-4.12
-7.24
-8.04
-7.74
-5.54
0.34
7.66
11.68
11.78
10.12
7.38
3.52
-1.38
-6.32
-11.22
-15.04
-15.78
-12.46
-6.32
-0.74
1.98
0.66
-1.36
-2.62
-3.28
-3.26
-1.56
-2.84
-5.12
-6.36
-6
-3.86
1.48
9.22
15.68
16.58
13.02
7.98
4.34
2.46
1.4
-1.8
-7.92
-15.76
-21.08
-20.74
-14.3
-5.34
2
3.84
1.38
-0.94
-3.62
-6.36
-4.28
-5.04
-5.64
-5.54
-3.82
0.96
9.74
18.92
24
22.26
15.64
7.88
2.88
2.22
3.54
1.94
-5.26
-16.04
-25.48
-28.8
-24.4
-13.66
-2.52
3.4
3.08
0.9
-3.68
-6.78
-4.9
-4.9
-4.96
-3.58
0.14
8.34
19.46
28.64
31.12
26.78
17.58
7.78
2.12
2.42
4.88
4.08
-3.54
-16.62
-29.46
-36.24
-34.38
-23.74
-8.94
2.48
6.6
5.88
1.14
-6.86
-6.44
-6.12
-5.96
-3.24
2.9
14.3
26.72
34.86
34.66
27.58
15.92
4.44
-1.9
-1.78
1.08
1.14
-4.72
-16.08
-28.16
-36.04
-35.74
-26.56
-11.66
2.04
8.3
8.26
3.18
-7.8
-8.56
-8.84
-8
-4.42
2.7
13.32
23.5
28.96
27.52
21.08
12.7
4.6
-1.06
-2.8
-2.04
-2.62
-5.7
-11.08
-17.82
-23.94
-25.8
-21.26
-11.78
-1.24
5.18
6.6
2.18
-8.2
-9.56
-9.56
-8.04
-3.34
4.26
13.04
19.46
21.42
18.82
14.5
10.34
6.68
2.84
-0.52
-3.48
-5.42
-6.22
-6.24
-7.46
-10.8
-14.6
-15.46
-12.54
-6.42
0.18
3.22
1.18
-4.72
-5.1
-4.8
-3.56
0.36
5.62
9.84
10.72
8.6
5.18
2.86
2.4
2.78
1.92
-1.12
-5.04
-7.04
-5.28
-1.04
2.56
2.92
0.12
-3.94
-6.4
-5.28
-1.2
1.4
0.66
-2.18
-1.54
-1.1
-0.4
1.8
3.42
2.44
-1.26
-5.24
-7.48
-7.08
-3.96
-0.1
1.02
-1.68
-5.52
-6.8
-2.84
5.26
13.26
17.08
15.48
8.9
0.68
-4.62
-4.74
-3.34
-2.1
0.02
1.98
2.98
3.92
4.28
2.44
-3.38
-10.52
-15.62
-16.26
-12.72
-5.7
1.48
4.8
3.14
-0.14
-1.16
2.66
10.6
18.78
23
20.34
11.72
0.34
-8.18
-10.56
-8.08
-3.72
2.16
5.76
8.26
10.42
10.22
7.12
-0.04
-7.66
-13.1
-13.56
-10.44
-4.5
1.24
4.26
3.22
1.02
0.3
3
8.64
14.72
17.66
15.36
7.58
-3.44
-11.84
-14.06
-11.58
-5.42
5.84
9.5
12.4
14.3
12.46
7.38
-0.42
-8.12
-13.16
-13.22
-11.04
-6.92
-3.2
-1.2
-1.78
-1.52
-0.72
2.14
6.78
11.56
13.4
12.16
6.56
-2.06
-8.66
-10.4
-8.44
-2.94