27.375
14.25
3.125
3
3.25
3
4.125
7.75
14.875
21.375
23.5
21.25
22.25
34.625
41.625
43.875
35.25
17.875
21.25
42
54.625
58.875
46.875
21.875
8.875
2.125
0
0
0.125
0.875
2.125
2.375
2.25
1.5
25.25
15.625
-4.25
-5.5
-4.5
-3.375
0.625
5.75
10.25
11.5
10.25
6.625
4.25
11.875
25.125
31.25
29.75
27.25
29.125
37.25
40.625
35.5
20.875
6.625
2.75
0.875
0
0
0
0.125
0.5
0.5
0.5
0.375
27.375
21.625
0.625
-7.5
-7
-5.25
-1.25
2.25
4
3.875
3.125
1.75
1.125
5.375
23.75
27.75
26
27.75
25.25
27
29
23
7.25
1.375
0.375
0.125
0
0
0
0
0
0
0
0
15
13.125
4.875
-0.125
0.75
1.375
0.875
0.5
0.375
-0.125
-0.875
-2.375
-6.625
-11.125
-3.25
-3.625
-0.75
2.25
1.875
0.5
-2.125
-1.75
-9.125
-6.125
-2.125
-0.625
-0.125
0
0
0
0
0
0
0
8
8.375
9
7.5
6.5
5.625
2.375
0
-2.25
-7.5
-16.375
-29.25
-48
-68.25
-79.625
-72.125
-52
-34
-31.875
-48.75
-67.375
-71.125
-57.375
-35.875
-17
-5.75
-1.375
-0.25
0
0
0
0
0
0
7
7.75
8.25
6.125
3.25
1.875
-0.5
-4.25
-13.375
-31.25
-55.875
-84
-107.5
-121
-124.25
-99.875
-67.25
-42.375
-42
-68.375
-101
-121.625
-108.75
-83.625
-55.125
-28.875
-13.625
-5.75
-1.375
0
0
0
0
0
3.375
3.625
3.125
0.875
-1.75
-3.75
-8.125
-19.75
-40.875
-67.625
-93.5
-111.625
-113.25
-102.625
-86.25
-60.625
-37.5
-23.875
-25.5
-43
-69
-96.375
-108.375
-108.25
-96.75
-72.25
-46.25
-24.125
-8.75
-1.625
0
0
0
0
0.625
0.5
-0.375
-2.5
-4.875
-9.25
-22.25
-45.375
-70.75
-88.875
-92.75
-79.875
-57.375
-35.875
-19
-8.375
-4.375
-5.125
-8.5
-14.625
-24.25
-40.625
-64.625
-87.75
-102.375
-100.875
-80.25
-51
-25.75
-9
-1.375
0
0
0
0
-0.375
-1.375
-4.75
-10.125
-22.125
-45.25
-69.25
-82.875
-80.375
-59.75
-28.25
0.875
21.25
30.25
26.75
16.125
4.75
-1.75
-4
-5.75
-10.125
-25.125
-46.75
-69.125
-87.375
-87.875
-70.875
-46.5
-23
-6.5
-0.25
0
0
-0.125
-0.375
-1.25
-6
-19.125
-41.75
-65.875
-77.75
-72.25
-51
-20.875
8.875
32
43
42.125
29.125
13.5
4
-0.875
-1.75
-2.5
-3.5
-7.375
-16.375
-32
-53.25
-70.375
-72.125
-56.875
-34.5
-12.875
-1.375
-0.125
0
-0.75
-0.125
0.125
-3.75
-21
-44.75
-60.25
-61.125
-43.375
-14.5
12.375
31.25
37.875
30.75
18.125
4.375
-1.875
1.125
2.375
1.75
0.25
-1.5
-2.5
-4.375
-11.75
-26.75
-45.25
-56.625
-53
-37.625
-18.25
-4.75
-0.375
0
-1.375
0.125
1.625
-1.375
-14.5
-29
-36.125
-32.125
-12
15
35.125
41.75
32.125
16.5
3.875
3.375
11.125
17.75
18
11.125
5.625
1.25
-1.25
-2
-4.125
-11.125
-25.125
-42.5
-51.625
-45.375
-30.75
-12.875
-1.25
-0.125
-0.625
-0.125
-0.25
-7.125
-17.5
-24.375
-25.875
-15.5
5.75
27.75
39.625
38.75
28.625
21.375
22.75
35.875
48.625
52.375
48.5
35.25
21.875
10
2.125
-0.875
-1.625
-3.375
-12.875
-33.375
-52
-54.875
-45.125
-24.125
-5
-0.5
1
-0.875
-5.125
-18.5
-29.375
-32
-28.625
-12.875
4.5
15
19.5
19.125
17.625
19.625
27.125
37.375
48
55.875
60.375
57.125
43.5
26.875
11
1.625
-0.75
-1.375
-5.125
-18.5
-37.25
-46.625
-42.75
-29.125
-10.25
-1.125
1.375
-0.75
-7.375
-21.125
-29.25
-29.25
-23.875
-12.625
-9.625
-15.125
-16.125
-12.875
-10.25
-10.25
-14.5
-22.125
-18.5
-5.125
14.375
36.625
42.5
36.75
23.25
7.875
0.75
-0.75
-1.375
-6.875
-19.375
-29.25
-28.625
-23.5
-11.625
-4.25
0.5
0
-8.375
-18.125
-22.125
-22.125
-14.75
-10.375
-18.625
-33
-41.75
-38.75
-30.375
-28.625
-37.125
-54.125
-66.5
-62.375
-42.625
-10.375
17.625
29.5
28.125
15.5
3.75
0.375
-0.5
-3.5
-11.625
-21.25
-23.75
-21.5
-14.875
-8.625
0
0.125
-8.625
-15.5
-17.5
-18
-9.625
-6.875
-15.375
-29.25
-43.25
-47.625
-35.875
-18.5
-10.125
-12.5
-30
-48.625
-49.375
-34
-7.25
12.75
20.375
15.875
5.25
0.625
-0.75
-2.25
-7.875
-19.125
-27.75
-28.25
-23.5
-14.25
0
-0.125
-4
-7.125
-8.125
-8.5
-5
-3.375
-7.125
-16.125
-29.5
-43.125
-44.875
-28.5
-9.625
4.125
5.375
-13.5
-28.375
-26.875
-15.125
0.625
11.25
10.875
4
-0.125
-1.375
-2
-4.5
-13
-25.25
-30
-28.75
-20.125
0
-0.125
0
0.125
-0.125
-0.625
-1.25
-1.625
-2
-5.375
-15.125
-30.125
-44.75
-50.375
-42.5
-27.875
-12.625
-6.875
-10.75
-10.125
-6.25
-0.125
6.5
6.375
2.125
-0.5
-0.875
-1
-1.625
-5
-13
-20.5
-26
-20.75
0
0.375
1.5
3.5
4
3
1.375
-1
-1.75
-2.25
-6.5
-15.25
-27.25
-40.875
-43.875
-35.75
-23.5
-8.75
-2.125
-0.75
0.75
1.5
2.375
1.875
0.25
-0.625
-0.25
0.25
0.625
0.5
-1
-7.875
-18.875
-24.75
0
0.75
6.125
13.75
16.75
15.75
10.125
2.25
-1.375
-1.625
-2.25
-4.75
-9.125
-15.125
-17.875
-15.625
-10.875
-4.375
-0.5
0.625
1
0.75
0.125
-0.875
-1.125
-0.875
-0.625
0.375
1.875
2.25
0.625
-4.375
-15.125
-30
0
0.5
10.875
23.875
29.625
29.875
19.875
7.125
1.375
0.625
0.5
0.375
-0.25
-1.25
-2
-2
-2
-1
-0.375
-0.25
0.375
0.125
-0.125
-0.625
-0.875
-0.75
-0.625
1.25
4.125
4.625
1.75
-3.125
-11.75
-23.625
0
0.25
9
20.75
28.25
31
23.375
12.125
5.125
2.375
1.625
1.375
1.125
0.875
0.5
0.5
-0.25
-0.25
0.375
-0.625
-0.375
-0.5
-1.125
-0.125
0.25
0.125
1
4.5
8.375
9.75
8.375
0.125
-8.25
-15.625
0
0.375
4.875
17.5
29.375
34.75
32.125
20.125
8.5
3
1.25
0.5
0.25
0
0
0.25
0.375
0.375
1.5
0.5
0
-0.125
-1.375
-0.25
0.625
1.125
3.75
9
12.5
12.25
7.875
-5.625
-14.375
-19.375
0
0.5
2.875
16.75
32.25
40.75
42.25
29.75
14.75
6
2.25
0.75
0.25
0.375
0.5
0.375
0.875
0.5
-0.25
-0.375
-2.125
-2.5
-2
-1.75
0.25
2.875
7.25
12.25
13.875
9.5
-2.25
-17.5
-27.125
-31
0
0.375
1.25
9.25
23.5
35.75
42
37.25
24.75
12.75
6
3
1.75
2
2
1.5
1.25
0.25
-3.75
-6.75
-12.375
-14.125
-10.5
-6.875
0.625
7
11.5
13.625
12
3.875
-11.375
-24.25
-34.5
-39
0
0.125
0.25
2.375
14.875
30.125
40.25
44.375
35.375
21.625
12.125
6.5
3.625
2.5
2.25
1.875
1.375
0.625
-5
-16.25
-27.375
-30.75
-25.125
-11.75
3.625
12.25
15
13.625
8.625
-0.125
-13.75
-23.875
-32.75
-38
-0.125
0
0
0.375
11.125
29.125
45.25
56
51.875
37.875
23.75
13.75
7.625
3.625
1.875
1.375
1.25
1.125
-3.5
-19.375
-32.375
-35.5
-28.375
-7.875
10.5
18
18.375
14.625
8.5
1.875
-9.5
-17.375
-23.125
-27.25
-0.75
0
0
0.125
6.25
23.5
46.375
64.75
70.625
61.875
43.875
28
17.5
10
5.875
4.5
3.875
3.625
0.875
-9.625
-17.375
-17.625
-9.625
7.375
20.625
25.125
23.5
19.125
15.125
9.875
1.75
-4.125
-8.5
-9.875
-3.125
-0.625
-0.125
0
1.5
11.375
31.875
55.25
73.125
78.75
69.375
53.375
38.625
26.875
18.875
14.375
12.5
11.5
9.625
7.25
6.75
9.125
15
23.625
29.25
29.625
25.625
20
16.25
10.375
7.875
4.5
-0.375
0.5
-10.25
-2.75
-0.375
0
0
2.375
12.125
31.625
56.375
78.375
91
89.375
75.625
60.625
44.375
29.625
22.75
16.75
13.75
16.25
19.875
25.875
30.625
33.25
33.375
27.75
19.5
11.5
4.25
-1.875
0.5
1
-0.875
0.5
-23.5
-5.875
-0.625
0
0
0
1.875
11.625
31
55.75
82.75
102.375
108.375
105.125
86.25
53.625
28
5.625
-0.75
9.75
19.5
35.875
45.125
44.875
39.75
25.75
11.75
2.625
-5.125
-9.125
-6.375
-4.125
-1.25
-0.625
-30.875
-9
-1.25
-0.125
0
0
0
2
7.375
17.625
37
61.5
87.875
102.875
97.125
63
24.5
-4.75
-9.25
9.625
26.875
42.25
41.125
31.375
19.375
7.375
-0.25
-3
-4.5
-5.375
-6
-6.125
-3.75
-4
-6.625
-8.25
-2.75
-0.5
0
0
0
-1.375
-6
-10.5
-6.625
4.625
24.25
38
40.75
29
7.875
-2.375
0.75
16.25
31.75
31.5
16.25
-4.375
-20.125
-21.375
-15.625
-9
-3.75
-2.25
-4.875
-6
-5.875
-5.375
49.625
70.75
25.125
3.25
0.5
-0.25
-2.875
-7.75
-13.125
-8.375
6.25
12.25
-3.25
-39.625
-91.125
-111.625
-70
-19.875
15.25
62.5
104.625
92.875
46.625
19.875
9.625
2.375
0
0
-0.125
-0.875
-1.875
-0.625
1.75
1.5
29.25
51.375
17.25
-0.5
1.25
3.125
-0.625
-4.75
-6.25
-0.75
6.75
5.625
-3.25
-22.875
-72.875
-115.5
-93
-33.5
28.125
88.25
115.375
78.5
25.125
5.375
2.75
0.875
0
0
0
-0.125
-0.5
-0.25
0.5
0.375
8.125
34.125
15.625
-0.5
2.5
5.75
1.75
-1.5
-1.75
0.625
2.625
1
-2.875
-11.375
-49.5
-108.25
-115.75
-49.25
46.25
115.25
110.75
53
11
1.125
0.375
0.125
0
0
0
0
0
0
0
0
-4.25
16.875
11.125
-0.375
3
6.625
2.875
0
-0.625
-0.375
-0.125
-1.875
-8.125
-18.875
-43.75
-92.625
-115
-54.5
52.125
117.5
98.875
45.25
14.875
5.375
1.875
0.625
0.125
0
0
0
0
0
0
0
-7
4.125
5
-0.5
3
6.125
2.875
0
-2.25
-6.75
-11.875
-15.5
-22
-30.25
-39.375
-70.875
-96
-48.5
45.875
99
79.375
42.875
30.625
24.875
14.25
5.25
1.375
0.25
0
0
0
0
0
0
-5.5
0.5
3.5
1.125
1.5
2.375
0.75
-2.75
-11.875
-25.25
-32.625
-32
-33
-34.5
-32.25
-48.375
-67
-35.375
32
70.625
56
36.625
43
47.625
34.375
18.625
11.125
5.75
1.375
0
0
0
0
0
-2.625
-0.125
1.375
0.125
-0.75
-1
-3.875
-14.5
-32.875
-47.625
-48
-40.375
-37.25
-35.375
-28.75
-27.625
-30.25
-16.875
12.25
33.5
34
32.625
46.625
58.5
50.25
37.75
31.5
21.375
8.75
1.625
0
0
0
0
-0.625
-0.5
-1.125
-2.5
-3.375
-5
-15.5
-37.625
-57
-60.875
-52
-40.125
-29.875
-19.375
-13.75
-14.875
-13.875
-8.125
0
7.875
13.25
20.125
37.625
55
55.625
52.875
53.5
44.5
25.75
9
1.375
0
0
0
0
-0.875
-2.875
-6.25
-10.125
-16.625
-36
-62
-71.125
-59.125
-39.25
-20.75
-5.125
3.5
-4.5
-19
-19.875
-10.75
-4
-0.5
2.75
7.125
19.125
35.5
45.375
56.125
68.125
67.625
51
25.75
6.5
0.25
0
0
0.125
-1.125
-4
-10.5
-22.875
-39.5
-60.125
-75.25
-67.25
-40
-12.375
7.875
18.75
10.75
-13.875
-31.375
-27.75
-13.5
-4.625
-2
0.5
2.25
5.125
12.875
25.75
45
67.125
83.375
80.125
49.75
15.375
1.375
0.125
0
0.75
-1.125
-4.125
-14
-38.75
-67.25
-81.75
-74.875
-46.125
-10.75
14.625
28.75
27.125
3
-27.125
-39.375
-31.375
-15.625
-6.125
-3.75
-1.25
1
1
2.125
10.25
26.5
51
83.875
101.75
76.375
30.5
5.25
0.375
0
1.625
-0.875
-3.625
-17.875
-57.25
-95.5
-94.125
-58.375
-15.5
17
34.375
37.5
21.875
-10
-35.125
-37.625
-27.875
-18
-12
-9.875
-6.125
-1.5
0
0.5
3.375
11.375
30.125
66.75
104.125
101.125
56.25
15.625
1.5
-0.125
2.125
-0.875
-4.25
-24.875
-77
-114.625
-91.125
-35
11.75
39.25
46.375
35.5
9.875
-21.625
-35.5
-26.625
-17.125
-15.125
-16.25
-20.75
-19.875
-10.5
-2.875
-0.125
1.125
3.875
15.375
46.625
90.5
111.125
83.375
34.125
5.5
-0.5
2
-1.375
-7.125
-36.5
-94.125
-118
-78.125
-19.875
25.75
53.5
55.25
31.875
-3.875
-29.125
-28.125
-13.875
-6.75
-8.875
-13.875
-24.375
-33.5
-27.125
-12
-2.375
0.75
2.125
7.375
27.5
68.25
109.375
107.5
57.375
12.25
-1.125
1.375
-2
-11.875
-51.125
-108.5
-113.75
-62.625
-10.375
29.125
55.375
56.375
32.625
-5.25
-33.5
-30.5
-12.125
-0.25
3.875
-0.375
-15.125
-34.25
-41.25
-27.5
-9.125
-0.5
1.75
3.625
12.625
45.125
101.25
126.375
80.5
19.625
-4
0.5
-2.75
-20.625
-70.875
-118.625
-101.125
-45.5
-5.875
22.375
44.75
50.5
39
10.375
-25.625
-39.625
-25.125
-3.75
12.625
19.375
7.375
-23.375
-49.25
-44.125
-19.5
-3.25
1.125
2.75
7.5
29.625
83.5
128.5
100.5
32.625
-3.375
0
-3.125
-27.875
-86
-123.25
-89.5
-34.625
-6.875
9.625
27
41.5
44.875
22.875
-14
-37.125
-37.5
-17.5
10.125
30.375
35
5.25
-44.5
-58.625
-31.625
-7
0.375
2
5
21.625
69.625
120.75
108.75
46.5
1
0
-3.125
-33
-95.625
-124.125
-81.75
-29.5
-8.375
0.375
11.875
27
39.125
29.875
-1
-30.625
-42.625
-27.125
4.25
32.875
54.375
36.625
-28.875
-67.25
-43.625
-11.75
-0.875
1.625
3.75
16.5
58.5
108.75
108.25
57.75
11.625
0
-3.125
-36.5
-101.375
-123.625
-77.375
-27.5
-8.875
-4
2.875
14.125
25.875
28
13.875
-14.25
-36.875
-30.375
-5.625
25.75
62.125
56.5
-14.875
-69.5
-51.625
-15.625
-1.75
1.625
3.75
14.125
50
97
103.75
61.5
19.75
0
-2.875
-35.5
-99.75
-123.25
-79.5
-29.875
-9.5
-4.5
-1
4.75
12
16
15.125
1.875
-21
-24.25
-8
17.625
61.25
68
-6
-70.625
-55.875
-17.75
-2.125
1.75
4
14.125
47.5
88.75
93.875
56.375
19
0
-2.5
-30.375
-88.75
-119.25
-88.75
-39.625
-12
-4.125
-1.625
0.25
2.5
5.375
6.625
1.875
-7.625
-9.625
-2.625
17.25
60.875
71
-3.5
-72.125
-58.125
-18.625
-2.125
2.125
4.875
15.375
46.75
83.125
84.875
46.625
12.75
0
-2
-23.125
-74.125
-114.375
-99.625
-51.125
-16.125
-4.875
-2.125
-0.5
-0.125
-0.25
0
-0.25
-1.5
-1.75
0.5
18.125
61.5
71.125
-3.625
-72.625
-58.625
-18.625
-2
2.375
6.75
19.125
48.375
79.75
76.875
34
-1.375
0
-1.5
-15.25
-56.25
-104.5
-109
-65.875
-24.125
-7.625
-3.125
-0.625
-0.125
-1.125
-1.625
-1
-0.25
-0.5
0.5
19.125
62.375
69.875
-4.75
-72.625
-58.125
-18
-1.875
2.75
10.25
24.625
48.5
72.625
66.875
24.75
-10.625
0
-1.125
-7.375
-34.5
-86.875
-116
-85.625
-37.125
-12.5
-4.75
-1
-0.25
-1.5
-2
-1
0
-0.625
0.125
19.75
62.75
68.75
-5.125
-72.125
-58
-17.875
-1.375
5
16
30
45.75
61.875
53.875
16.125
-12.625
0
-0.75
-3.375
-20.25
-67.75
-110.75
-97.5
-52.25
-21.75
-8.5
-2.5
-1
-1.75
-1.625
-0.75
-0.625
-1.125
0.25
19.25
61.375
67.125
-5.75
-70.5
-56
-16.5
0.875
9
21.25
32.375
40
48.75
38.75
7.125
-11.75
0
-0.375
-1.25
-9.25
-46.25
-97.5
-105
-68.75
-34
-14.75
-5.5
-2.5
-2.25
-1.25
-0.25
-1
-1.75
0
17
56
61.375
-6.375
-64.25
-49.625
-12.625
5.5
13.75
23.625
30.5
31.625
33.375
22
-0.75
-9.25
0
-0.125
-0.25
-2.375
-26.875
-76.875
-103
-82.875
-48.625
-24.375
-11.375
-5.5
-3.375
-1.5
-0.25
-1.375
-2.125
-0.125
12.75
44
49.375
-5
-50.375
-37
-5.625
10.5
16.5
22.375
25.125
22.375
17.5
5.625
-5.5
-6.25
0.125
0
0
-0.375
-14.125
-51.125
-84.5
-86.75
-65.125
-39.375
-21.25
-11.75
-6.875
-3.125
-1.125
-1.875
-2.25
-0.625
7.75
29.125
33.125
-3
-30.125
-18.125
3.25
13.75
16.625
18.625
18.25
14.125
4.25
-7.875
-8.375
-4
0.75
0
0
-0.125
-6.25
-28
-58.125
-76.25
-74.125
-56.625
-35.875
-22.25
-13.75
-6.75
-2.875
-2.25
-2.375
-1.375
3.625
15.125
17.875
1.375
-8.875
0.625
11.875
14.625
13.25
13.625
13.625
8.125
-6.75
-17.875
-10.5
-2.625
3.125
0.625
0.125
0
-1.5
-11.375
-32.625
-55.75
-69.125
-65
-49.125
-35.625
-25.875
-15.875
-7.625
-3.875
-2.75
-1.75
0.625
5.5
8.5
6.375
6.75
14.625
19.5
12.875
4.625
6.5
11
3.875
-14.875
-22.75
-11.125
-3
11
2.75
0.375
0
0
-2.375
-12.125
-31.375
-51.625
-57.625
-50.5
-44.125
-40.875
-31.625
-18.625
-13.875
-10.25
-3.5
-0.5
3.5
9.875
14.625
17.625
19.75
18.375
7.75
-4.25
-1.75
7.5
0.875
-17.75
-21.75
-11.125
-5
28.25
7.125
0.875
0
0
0
-1.875
-11.625
-29.5
-41.5
-40.75
-37.875
-39.375
-37.375
-36
-46.375
-39
-10.125
5.25
13.75
21.25
26.125
27.875
18.375
7.25
-4
-14.75
-9.375
4.125
-1.625
-17.625
-18.125
-11.5
-8.125
48.875
14.25
2
0.125
0
0
0
-2.5
-12.125
-24.125
-25.75
-22.75
-30.125
-40.375
-51.375
-76
-71.75
-22
18.25
35.875
33.375
24.5
19.125
6.375
-2.125
-8.375
-17.25
-12.25
1
-4.375
-16.5
-14.375
-11.5
-10.75
51.625
20.25
4.25
0.5
0
0
0
-1.375
-8.25
-16.75
-10.875
-0.875
-12.75
-38.25
-68.25
-106
-97.875
-29.875
28.25
56.25
49.5
25
9.75
-7.375
-16.375
-14.375
-14.625
-9.75
-1
-6.25
-14.875
-12.25
-10.125
-9.875
25.7778
15.5556
0.611111
-1.55556
0
3.05556
9
13.2778
14.7222
14.9444
18.0556
26.3333
35.9444
36.9444
35.1667
39.1667
49.6111
53.1111
45.3889
44.0556
45.2222
40.3333
25.5
10.7222
4.27778
1.05556
0.0555556
0.388889
0.944444
1.05556
1.05556
1.05556
19.8889
13.9444
-0.5
-3.72222
-2.11111
0.388889
4
5.61111
5.61111
4.66667
2.88889
3.66667
13.2222
15.2222
14.7222
18.6667
31.1667
34.0556
22.5
20
20.7778
17.3333
5.77778
0.333333
0.277778
0.111111
-0.0555556
0.0555556
0.222222
0.222222
0.222222
0.222222
16.4444
14.3889
4.83333
0.333333
0.777778
1.55556
1.05556
-1.38889
-5.38889
-11.3889
-20.3889
-29.6667
-28
-26.9444
-23.8333
-19
-9
-7.11111
-16.6111
-20.3333
-21.3889
-20.8889
-22.3333
-15.4444
-7.38889
-2.5
-0.611111
-0.111111
0
0
0
0
12.6111
12.7778
8.05556
3.72222
2.38889
0.777778
-5.05556
-14.4444
-26.2222
-41.1111
-59.6667
-78.5
-87.3333
-83.1667
-72.1667
-62.1111
-56
-54.9444
-60.1111
-69.3889
-75.8333
-74.4444
-63.7222
-45.2778
-27
-13.3889
-6.16667
-2.55556
-0.611111
0
0
0
8.16667
8.66667
6.77778
3.33333
-0.277778
-6.55556
-19.5
-37.2222
-57.6667
-80.8333
-103.444
-121.389
-129.167
-117.722
-97.4444
-79.5
-73.8333
-74.7778
-80.7778
-97.9444
-113.111
-117.833
-105.944
-84.5556
-60.1111
-37.3889
-21.6667
-10.9444
-3.88889
-0.722222
0
0
4.33333
3.77778
2
-2.11111
-10.2222
-24
-43.5556
-65.2778
-87.3333
-108
-120.889
-123.833
-118.778
-100.667
-78.1111
-59.4444
-55.6111
-59.6667
-68.1111
-88.6667
-110.833
-126.167
-125.278
-113.5
-94.2778
-70.2222
-47.3333
-27.5556
-12.6667
-4
-0.611111
0
0.833333
-1.11111
-4.44444
-11.7778
-26.5556
-47.2778
-68.7222
-86.5
-100.167
-106.167
-98.5
-81.1667
-62.9444
-45.1667
-29.0556
-18.8333
-19.9444
-27.5
-37.2778
-53.5556
-75.8889
-97.7778
-111.222
-115.778
-110.944
-95.5
-72.5556
-48.2778
-27.2222
-11.6667
-2.88889
-0.111111
-0.944444
-4.11111
-11.2222
-24.7222
-45.1111
-66.8889
-83.6667
-92
-90.6667
-76.2778
-50.1111
-22.8889
-2.88889
8.27778
13.5
11.3889
3.27778
-5.66667
-13.2222
-21.6667
-37.3333
-56.9444
-76.2222
-92.8333
-102.556
-100.056
-84.3889
-63.7778
-42.2778
-21.8889
-6.94444
-0.611111
-1.05556
-4.66667
-16.1667
-35.1667
-56
-71.8333
-80.2222
-78.7222
-63.0556
-34.2778
-3.38889
18.1667
29.8333
32.7222
28.7778
19
8.44444
2
-2.16667
-5.5
-13.2778
-25.3333
-41.1111
-60.2222
-77.5
-85
-79.5556
-67.6667
-51.3889
-31.3333
-12.6667
-2.33333
-0.611111
-3.88889
-17.9444
-37.6667
-52.9444
-60.1111
-60.5
-51.1667
-27.0556
3.83333
25.7222
34.8889
37.1667
34.7222
27
17.5556
11.5
9.27778
6.66667
2.83333
-1.77778
-8.11111
-17.9444
-32.8889
-50.6111
-64.2222
-67.8889
-63.9444
-54.6667
-39.5
-21.1667
-6.77778
-0.555556
-4.83333
-18.1111
-32.8889
-40.9444
-41.4444
-35.7222
-20.2222
4.72222
27.6667
38.2222
40.4444
39
36.1667
31.4444
29.1667
30.2778
29.5
24.7222
16.5
9.16667
2.05556
-5.5
-15.1111
-29.2222
-45.7222
-56.8333
-58
-54.0556
-45.4444
-31.1111
-14.2778
-1.72222
-9.33333
-20.9444
-29.5556
-32.6667
-30.5
-21.9444
-3.22222
17.6667
30.5556
34.6667
36.7778
36.7222
36.7222
38.2222
44.1667
51.5
51.6667
45.1111
34
22.8889
12.2222
2.55556
-5.27778
-15.6111
-32.6667
-48.4444
-53.3333
-52
-48.4444
-38.9444
-22.1111
-3.55556
-14.9444
-24.6667
-28.6111
-29.8333
-28.2222
-20.9444
-5.22222
8.22222
14.1111
16
17.2778
17.8889
18.9444
24.2778
33.3333
44.1667
50.7222
49.5556
44.1667
34.8889
23.6111
11.7222
1.77778
-6.33333
-19.7778
-36.1667
-43.9444
-43.6667
-42.7222
-38.3333
-26.8333
-6.16667
-19
-26.7222
-28.3889
-29.2778
-30.4444
-27.6111
-19.8333
-14.7778
-13.2778
-12.5
-13.1111
-13.3889
-12.8333
-10.3889
-5.77778
4.11111
18.3889
29
34.2778
34.2778
29.7778
19.8333
7.66667
-1.22222
-10.5
-23.7778
-33.7778
-35
-35
-33.6667
-27.9444
-7
-17.3333
-22.2222
-22.8333
-23.5556
-26.8333
-28.0556
-29.3889
-33.1667
-36.1111
-37.2778
-38.2778
-38.5556
-39
-39.7222
-41.3889
-37.0556
-21.8889
-3.66667
10.8889
20.5
25.7778
23.2222
12.4444
2.33333
-4.05556
-13.3333
-23.5556
-27.7222
-28.6111
-29
-28.6667
-6.94444
-14
-16.5556
-16.8889
-17.4444
-20.9444
-22.7778
-28.1667
-37.8889
-46.1667
-48.6667
-46.3889
-43.8889
-41.3889
-41.0556
-43.5
-44.5
-37.2222
-21.5
-8.05556
4.44444
15.5
19.3889
13.2222
3.38889
-2
-8.33333
-18.5
-26.5
-29.0556
-30.0556
-29.6111
-3.83333
-6.88889
-7.94444
-8.44444
-8.88889
-10.8889
-12.4444
-18.6667
-30
-42.0556
-49.0556
-48
-44.4444
-40.2778
-35.1111
-32.8889
-32.8889
-30
-21.2222
-12.6667
-4.77778
5.44444
12.6111
10.3889
3.16667
-1.16667
-4.94444
-12.2778
-21.2222
-26
-29
-29.2222
-1.22222
-1.83333
-2.11111
-2.66667
-3.11111
-4
-4.83333
-9.22222
-18.5556
-30.6667
-40.5556
-45.3333
-45.2778
-41.3889
-34.1111
-26.7778
-21.8333
-16
-9.83333
-6.5
-3.83333
1.33333
6.44444
5.94444
1.72222
-0.777778
-2.5
-7
-14.1667
-20.2778
-26.3889
-27.7778
2.94444
6.72222
8
7.5
7.11111
6.5
3.27778
-2.55556
-9.11111
-17.6111
-27.7778
-36.6667
-39.8889
-38.5
-33.3333
-26.0556
-18.1667
-8.66667
-3
-1.33333
-1.27778
0.222222
2.66667
2.16667
0.333333
-0.388889
-0.0555556
-1.05556
-4.66667
-10.6111
-19.1667
-26.0556
5.83333
12.8333
15.7778
15.8333
15.7222
15.1111
9.55556
1.94444
-3.05556
-7.27778
-13.2222
-20.5556
-24.2222
-24.0556
-22.2778
-18.1111
-12.4444
-4.66667
-0.111111
0.444444
0.5
0.277778
0.5
0.0555556
-0.611111
0.166667
1.77778
2
-0.111111
-4.77778
-13.2778
-24.2222
8.55556
19.5556
25.1667
26.3889
26.8333
26.5
18.3889
7.33333
1.55556
-0.666667
-3.22222
-6.27778
-7.83333
-7.83333
-8.11111
-7.11111
-4.61111
-1.66667
-0.111111
-0.222222
0.0555556
-0.0555556
-0.5
-0.666667
-0.277778
2
4.83333
5.61111
4.16667
0
-7
-19.5
7.83333
19.8889
28.2222
31.4444
32.5556
32.6111
25.3889
13.4444
5.33333
2.11111
0.777778
-0.111111
-0.5
-0.5
-1
-1
-0.166667
-0.166667
-0.166667
-0.444444
-0.222222
-0.166667
-0.666667
-0.166667
1.22222
4.94444
8.44444
8.83333
6.77778
1.38889
-5.11111
-16.5
5.77778
18.6667
30.2778
36.2778
38.7222
39.2222
34.2778
21.6667
10.2778
4.33333
2
1.27778
0.944444
0.722222
0.5
0.444444
0.666667
-0.111111
-1
-1.33333
-1.33333
-1.22222
-1.05556
0.444444
3.83333
8.66667
12
11.5
7.55556
-0.944444
-9.11111
-19.6111
3.05556
14.1667
27.7778
36.8333
41.1111
42.5556
40.7778
30.0556
16.6667
7.61111
3.5
2.05556
1.44444
0.944444
1
0.944444
-0.277778
-2.5
-5.27778
-6
-6.27778
-6
-3.77778
0.444444
6.66667
11.6667
13.9444
11.8889
4.16667
-7.61111
-18.6111
-29.1667
1.5
9.38889
23.3333
35.7222
42.9444
46.3333
47.1667
40.1667
26.6667
14.5556
7.72222
4.55556
2.88889
1.94444
1.77778
1.38889
-2
-7.66667
-14
-15.9444
-16
-14.8889
-9.38889
-0.5
9.44444
14.2778
14.8333
10.7778
-0.944444
-14.5556
-27.1111
-37.5556
0.5
4.33333
16.7778
32
43.3333
50.2222
53.8889
52.3333
41
26.4444
15.6111
9
5.33333
3.33333
2.5
1.66667
-3
-13
-22.7222
-25.6667
-24.7222
-21.8333
-13.6667
0.444444
13.5
18.0556
16.8333
11
-2.55556
-15.6111
-27.5556
-37
-0.222222
1.16667
10.8333
27.3889
43.7222
55.7778
63.2778
67.0556
60.0556
45.0556
29.7222
18.2222
11.2222
7.11111
4.94444
3.61111
-1.11111
-12.8889
-23.0556
-25.6667
-23.0556
-18.1667
-8.94444
7
20.2222
24.1667
21.6667
14.4444
1.61111
-9.11111
-18.5556
-26.1667
-1.5
-0.111111
6.22222
20.9444
40.1667
57.5556
70.3889
79.8333
80.0556
69.3889
52.5
36.8333
25.5
17.5556
12.6667
9.83333
5.88889
-3.5
-10.5556
-11.3889
-7.66667
-1.55556
6.72222
19.2778
28.2222
30
26.7222
18.2778
7.77778
-0.111111
-6.66667
-12.0556
-5.11111
-1.16667
2.61111
12.5556
29.7222
49.6111
68.0556
84.1667
94.5556
94.5
83.3889
68.5
53.4444
39.5
28.8333
21.2778
15.8333
9.5
7
9.88889
14.5
20.5
27.1111
33.1111
34.5
31.6111
26.6667
17.4444
9.72222
4.38889
0.722222
-2.33333
-12.7222
-3.16667
0.277778
5.05556
15.8333
32.8889
53.2222
73.9444
93.5
107.278
110.833
105.833
92.0556
71.7778
53.3889
36.6111
25
17.1667
16.7778
26.3333
34
40.8333
44.6667
43.8889
38.3889
28.9444
19.8333
9.88889
4.5
1.22222
-0.333333
-1.83333
-20.8333
-5.88889
-0.777778
1
5.38889
15.9444
32
51
73.6111
95.9444
113
119.944
113.611
92.5
68.8889
45.2778
29.5
20.1667
19.6111
32.7222
42.1667
47.2222
44.8333
38.2778
28.8889
17.0556
6.94444
0.111111
-2.05556
-3.83333
-4.38889
-4.88889
-17.8333
-7.27778
-1.61111
-0.222222
0.833333
4.55556
11.2778
21.2222
38.0556
59.3889
82
96.4444
98.9444
84.8889
64.0556
40.8333
24.0556
16.2778
16.6111
29.5556
39.1667
42.1111
34.6111
23.6667
13.8889
3.83333
-4.11111
-6.83333
-6.33333
-6.61111
-7.05556
-7.16667
42
35.8889
12.7222
3.66667
2.11111
-1.16667
-6.55556
-8.83333
-4.61111
2.83333
2.72222
-13.3333
-53.0556
-99.1667
-129.278
-110.056
-46.5
39.5556
104.611
125.278
102.111
60.7778
28.1667
10.9444
4.27778
1.05556
-0.0555556
-0.388889
-0.944444
-0.944444
-0.277778
0.833333
26.5556
25.1667
9.27778
3.61111
2.66667
0.388889
-3.11111
-3.72222
-0.611111
2.44444
-1
-14.8889
-48.1111
-92.8889
-128.722
-117.444
-50.3889
45.1667
116.056
130.222
96.2222
49.8889
18.5556
5.88889
2.16667
0.666667
0.0555556
-0.0555556
-0.222222
-0.222222
-0.111111
0.222222
15.6667
17.3889
8.16667
3.88889
3.33333
2
-1.05556
-4.05556
-6.5
-10.0556
-16.1667
-25.7778
-48.3333
-82.5
-114.389
-107.444
-45.7778
44.4444
110.056
119.444
87.5
50.7778
27.1111
15.4444
7.5
2.61111
0.611111
0.111111
0
0
0
0
6.16667
8.77778
5.16667
3.27778
3.27778
1.55556
-4.38889
-13.5556
-22.6667
-29.4444
-33
-35.9444
-46
-68.0556
-91.5
-88.6667
-37.7778
36.9444
91.4444
97.6111
75.9444
54.5556
42.9444
33.1667
21.8889
12.1667
6.16667
2.55556
0.611111
0
0
0
-0.0555556
1.88889
1.55556
1.77778
0.944444
-4.33333
-16.3889
-31.2222
-41.7778
-44.9444
-42.4444
-39.3889
-40.5
-53.3889
-69.2222
-69.9444
-30.0556
27.6667
71.1111
74.6111
62.1111
52.6111
51.9444
48.1111
40.1111
30.1667
20.3333
10.9444
3.88889
0.722222
0
0
-1.22222
0
-0.333333
-1.77778
-6.88889
-18.7778
-36.1111
-51.0556
-56
-51.8889
-43.7778
-37.0556
-33.8889
-41.2222
-51.5556
-53.5556
-24.0556
16.7778
49.8889
53.3333
49.7222
48.6111
54.6111
56.5
55.0556
50
40.5556
26.5556
12.6667
4
0.611111
0
-1.38889
-2.55556
-5
-10.6667
-21.2222
-38.3889
-56.1667
-65.8333
-62.6111
-51.1667
-37.9444
-29.2778
-27.2778
-33.2778
-39.7222
-38.0556
-20.1667
3.94444
24.3889
33
39.6667
46.7778
55.5556
60.1111
63.9444
65.6111
61.5556
47.6111
28.2222
11.6667
2.88889
0.111111
-1.83333
-5.66667
-12.6667
-25.0556
-41.4444
-59.1111
-71.3333
-72.6667
-61.8889
-43.9444
-25.3333
-15.2222
-16.4444
-26.3889
-33.0556
-30.0556
-18.1667
-5
5.33333
13.6667
24.7778
37.6111
50.3333
58.5
67.2222
76.5
81.2778
71.7778
48.8333
23.2222
6.94444
0.611111
-1.83333
-8
-20.8333
-41.7222
-64.2222
-79.9444
-82.6667
-71.5
-49.3889
-23.8333
-3.61111
1.05556
-8.61111
-25.0556
-33.3333
-30.3333
-19.4444
-9.77778
-3.16667
1.72222
9.83333
20.4444
34
46.7778
62.9444
81.7778
97.1111
95.2222
72.0556
39
13.8889
2.33333
-1.5
-10.3333
-29.9444
-60.2222
-87.9444
-98.4444
-86.3889
-57.2778
-22.3889
5.94444
18.3889
11.4444
-7.83333
-27.2778
-36.2222
-33
-24.1667
-15.7222
-10
-5.27778
-0.111111
5.88889
15.3889
28.8889
49.1667
75.2222
101
111.722
96.4444
61.5
26.9444
6.88889
-1.88889
-14.8333
-42.1111
-81.1111
-109.389
-108.667
-77.0556
-30.8889
10.0556
32.5556
33.2222
16.3333
-8.22222
-28.6111
-37.2222
-33.8333
-26.8333
-21.9444
-19.9444
-16.3889
-10.2778
-3.5
3.83333
13.7778
31.4444
58.9444
92.7222
117.556
115.833
85.6667
44.8889
15.0556
-3.38889
-21.7778
-57.0556
-102.111
-125.111
-108.944
-59.7222
-3.88889
36.5556
51.6667
42
15.4444
-13.8333
-32.5
-35.6667
-28.5
-21.5
-20.7778
-25.2222
-27.6667
-23.2222
-13.5556
-3.66667
4.72222
16.9444
40.3333
76.6667
113.333
127.778
107.667
65.1667
25.5556
-5.22222
-29.0556
-71.3333
-118.611
-133.167
-102.778
-43.1667
14.3333
51.4444
62.1111
44.8889
8.61111
-26.8889
-41.8333
-34.2778
-18.1111
-7.61111
-8.94444
-19.5556
-30.5
-33.7778
-25.2778
-12.6111
-1.66667
7.88889
25.4444
58.6111
102.056
131.889
125.722
85
36.1667
-8.72222
-38.6667
-85.7222
-128.833
-131.944
-92.1111
-31.3889
21.8333
55.3333
64.6111
46.2778
8.44444
-29.0556
-44.0556
-35.6111
-15.2222
-0.333333
3.27778
-8.22222
-26.5
-39.9444
-37.1111
-22.5
-7.44444
2.77778
14.7222
40.7778
84.8889
127.222
137.778
104.556
50.5
-12.7778
-48.5556
-99.1111
-136.389
-127.889
-81.0556
-23.0556
22.5
50.5
59.4444
45.6111
15.5
-17.8889
-35.7778
-35.7222
-19.8333
-1.5
10.5556
4.77778
-17.2222
-40.9444
-47
-33.2222
-13.7778
-0.888889
7.38889
26.2222
67.5556
117.722
142.833
119.889
64.5556
-17.1667
-58.2222
-111.111
-141.667
-122.333
-70.9444
-18.3333
17.3889
39.1111
48.9444
42.5556
21.5
-7.66667
-29.2778
-34.8333
-21.5
1.94444
21.8889
22.0556
-3.61111
-38.7778
-55.8333
-44.5
-21
-3.61111
4.44444
18.4444
54.0556
104.5
138.611
127.056
77.2778
-20.5
-64.8889
-119.056
-143.889
-118
-65.4444
-19.5556
7.55556
25.2222
37.5
37.5
22.2222
-4.44444
-26.8333
-33.7778
-20.6667
6.77778
35.3333
43.6667
16.7778
-30.8889
-61.5556
-54.9444
-27.9444
-6.05556
3.05556
14.5
45.7222
94.3333
131.778
127.111
82.4444
-22.2222
-67.9444
-122.889
-144.222
-116
-63.7778
-22.6111
-1.33333
12.3333
25.1111
30.2222
21.7778
-0.611111
-22.9444
-32.2222
-21.4444
7.16667
43
61.0556
37.3889
-18.8333
-62.6667
-62.5556
-34.1667
-8.27778
2.22222
12.3889
40.3333
85.8333
123.611
122.278
81.8889
-21.6111
-65.6111
-120.111
-142.611
-118
-67.8333
-27.5
-7.33333
3.44444
13.8333
21.5556
21.1111
7.44444
-11.7222
-25.7778
-22.3889
1.61111
41.3333
68
50
-9.16667
-61.5556
-66.6667
-38.3889
-9.88889
2.16667
12.0556
37.0556
78
113.722
114.389
79.2778
-18.5
-58.9444
-112.222
-140.5
-123.056
-75.8889
-33.2222
-10.9444
-1.61111
4.72222
10.4444
13.5556
9
-1.83333
-13.9444
-16.4444
0.777778
38.2222
69.1111
55.8889
-3.38889
-59.9444
-68.7222
-40.7222
-10.8333
2.72222
13.6667
37.6667
74.3333
105
103.167
70.3333
-14.8889
-50.2222
-100.944
-135.167
-127.722
-86.2778
-41.8333
-15.2222
-4.66667
-0.555556
2.22222
4.16667
3.27778
-0.388889
-5.22222
-6.11111
7.38889
40.5556
69.6667
56.8889
-2.5
-60.0556
-69.3889
-41.4444
-10.7222
4.33333
16.7222
39.9444
72.5
96.6667
90.6667
57.9444
-10.8333
-39
-85.3333
-125.222
-131.556
-99.7222
-55.1667
-22.5556
-7.55556
-2.66667
-1.11111
-0.888889
-0.944444
-1.05556
-1.33333
-0.666667
11.6111
42.3889
70.1667
56.5556
-2.88889
-60.5
-69.4444
-41.1667
-9.44444
7.5
21.2222
42.8333
70.2222
86.9444
76.5556
42.3889
-6.88889
-27.4444
-67.9444
-111.611
-131.611
-111.889
-70.3889
-33.2222
-12.7222
-4.88889
-2.11111
-1.83333
-1.72222
-1.38889
-1.05556
-0.111111
11.8889
42.3333
69.3333
55.6667
-3.55556
-60
-68.1667
-39.2222
-6.61111
11.5556
25.4444
43.7222
64.1111
73.7222
61.2222
29.2778
-3.27778
-16.5
-49.7778
-95.1667
-127.222
-121.333
-85.8889
-46.2778
-20.4444
-8.72222
-3.83333
-2.5
-1.88889
-1.5
-1.44444
-0.722222
10.5
39.7222
65.0556
52.4444
-3.72222
-56.1111
-63
-34.2222
-2.22222
15.8889
28.5
42.5556
55.6111
58.5
44.9444
17.8333
-1.5
-9.72222
-35.2222
-76.7222
-114.611
-122.444
-98.2778
-61.3889
-31.7778
-15.4444
-7.38889
-4.22222
-2.44444
-1.83333
-1.66667
-1.16667
8.77778
34.1111
56.1111
45.1667
-3
-47.3333
-51.7222
-25.5
3.11111
19.0556
29.5
39.2222
45.2778
42.2222
28.3333
7.44444
-0.5
-4.44444
-22
-56
-95.5556
-115.444
-106.111
-77.3333
-47.3333
-26.5556
-14.3889
-8.22222
-4.55556
-2.66667
-1.94444
-1.44444
6.77778
27.1111
44.8333
36.1111
-1.27778
-34.8333
-36.3333
-14.5556
8.61111
21.1667
28.7222
33.6667
32.7778
25.0556
12.1111
-1
0.222222
-1.16667
-12.0556
-37.2778
-73.0556
-99.3333
-103.944
-88.1667
-64.0556
-42.0556
-25.8333
-15.3333
-8.55556
-4.66667
-2.94444
-2.16667
4.22222
19.8889
33.6111
28.4444
2.16667
-20.5
-20.0556
-3.33333
13.2222
21.5
25.7778
26.5556
19.9444
8.88889
-2.55556
-7.61111
1.5
0.111111
-6.22222
-23.0556
-50.6111
-77.1111
-91.0556
-88.5
-74.2778
-56.2778
-40.0556
-27.0556
-17.1667
-9.88889
-5.77778
-3.61111
1.22222
12.6111
22.7778
21.5
6
-5.88889
-3.38889
7.94444
15.7778
17.6667
18.8333
17.9444
9.22222
-3.33333
-13.2222
-12.9444
5.22222
1.16667
-2.61111
-12.5556
-31.2778
-54.3889
-72.1667
-78.1667
-72.6667
-61.5
-51.0556
-40.9444
-31.7778
-22.1667
-15.3889
-10.0556
-3.72222
5.72222
14.7778
18
13.3889
9.61111
11
14.5556
13.5
10.0556
9.55556
9.22222
1.38889
-10.5
-18.7222
-16.1111
13.3889
3.16667
-0.277778
-5.05556
-15.8333
-33.5556
-52.1111
-63.9444
-64.9444
-58.0556
-50.5
-43.9444
-41.6111
-41.6667
-40.0556
-32.1667
-13.7778
2.94444
17.1111
23.2222
25.7778
24.9444
20.2222
13
3.72222
-1.38889
0.0555556
1.77778
-4.16667
-14.7778
-21
-17.6111
23.7222
6.44444
0.888889
-1
-5.38889
-16.1667
-32.6667
-48.4444
-55.0556
-51.7222
-45.4444
-43.1667
-47.9444
-59.9444
-64.8889
-56.8333
-23.3889
6.83333
29.9444
32.0556
29.6111
23.5556
16.2778
7.38889
-2.22222
-6.5
-4.5
-2.77778
-7.94444
-17.6111
-21.9444
-18.4444
27.7222
9.72222
1.94444
0.222222
-0.833333
-5.77778
-17.9444
-33.7778
-42.8333
-41.1667
-35.4444
-38.4444
-53.6111
-78.7778
-89.9444
-78.5
-31.6111
13.1667
44.7222
45.4444
33.8333
18.6667
5.83333
-2.77778
-9.77778
-11.0556
-7.33333
-5.27778
-9.55556
-18.3889
-21.1667
-18.0556
21.4688
16
4.34375
1.9375
4.09375
4.9375
4.34375
1.9375
-0.71875
-0.3125
5.71875
5.6875
2.9375
4.125
12.3438
18.625
20.125
18.2813
10.9688
9
9.46875
7.59375
0.65625
-2.875
-1.8125
-0.625
0.1875
0.53125
0.59375
0.59375
15.625
12.7188
3.90625
0.71875
-0.53125
-4.6875
-11.375
-19.9063
-29.7188
-37.8438
-38.25
-39.5
-38.875
-35.5
-28.6875
-26.5
-25.9063
-25.0625
-28.8125
-29.8438
-30.3125
-29.7188
-30
-23.75
-14.5
-7.28125
-3.34375
-1.3125
-0.21875
0.125
12.75
11.0625
4.28125
-2.28125
-9.28125
-19.125
-31.9375
-46.4688
-62.375
-78.125
-86.2188
-86.375
-80.9063
-74.4688
-71.4375
-72.6563
-72.5625
-69.9375
-69.9688
-73.0313
-76.2813
-74.8125
-66.2188
-50.8125
-34.7813
-21.3125
-12.25
-6.15625
-2.1875
-0.40625
8
6.25
-0.34375
-10.9375
-23.6875
-38.9063
-56.9375
-75.9063
-94.0313
-110.125
-119.031
-115.5
-104.656
-94.1563
-90.3438
-90.6563
-92
-93.3125
-95.4688
-103
-110.781
-111.219
-99.7188
-80.9063
-60.8125
-42.0625
-27.25
-15.625
-7.125
-2.25
1.90625
-2.1875
-11.3125
-26.0625
-43.5
-61.7813
-80.5625
-97.375
-110.125
-118.844
-121.25
-111.844
-96.125
-82.3125
-76.625
-76.3438
-80.5
-87.75
-95.9688
-109.469
-122.688
-127.906
-120.25
-104.625
-85.9063
-65.9688
-47.0625
-29.9063
-16
-6.5625
-4.375
-12.5
-26.1563
-44.4063
-63.1875
-79.5938
-93.2813
-101.906
-104.344
-102.438
-95.5938
-80.5938
-63.1875
-49.5938
-45
-46.7188
-53.625
-63.75
-76.3125
-93.7188
-110.969
-122.563
-122.469
-113.844
-100.406
-84.0938
-65.0313
-45.3125
-27.4688
-13.125
-10.0938
-22.5
-39.5938
-57.9375
-73.25
-83.9063
-89.875
-89.0625
-80.9063
-68.0625
-52.0625
-34.9063
-20.1875
-10.6563
-8.5625
-13
-21.8438
-32.8438
-46.9375
-63.8438
-81.75
-97.9688
-107.094
-107.156
-100.375
-89.75
-74.625
-56.9375
-38.7813
-21.3125
-14.6563
-30.4688
-47.8438
-62.2188
-71.2188
-74.4063
-72.375
-63.3438
-47.125
-27.3125
-7.5625
8.21875
18.125
21.8125
19.2188
11.5625
2.53125
-6.4375
-18.2188
-32.375
-48.5313
-66.2188
-81.6875
-90.0625
-90.4063
-85.4688
-76
-63.3438
-48.1563
-30.875
-17.9375
-34.1875
-48.25
-56.5938
-58.375
-54.4063
-46.75
-33.5
-14.6563
5.625
23.4688
36.0938
41.5625
40.875
35.1875
26.5313
19.4063
14.0625
5.875
-5.40625
-19.4063
-36.8438
-54.8125
-68.4688
-74.6875
-74.3438
-69.8438
-62.8438
-52.5625
-38.4063
-19.8438
-33.1875
-42.4688
-45.5313
-42.3125
-34.4375
-24.4688
-10.8438
5.53125
22.4063
36.4688
46.1875
49.4063
47.75
43.125
37.7188
34
30.3125
24.1563
14.7188
2.8125
-12.75
-31.1563
-48.5938
-59.5938
-62.1875
-60.7188
-57.9688
-52.5625
-43.3125
-21.4688
-30.9688
-35.9063
-35.9688
-31.6875
-24.2188
-15.0938
-2.21875
10.8438
22.2813
31.1563
37.4688
40.4375
41
40.7188
40.7188
40.8438
39
34.6875
27.6563
18.0625
5.25
-11.8438
-32.125
-47.6563
-52.7188
-52.375
-51.6875
-49.5938
-45.4688
-23.5625
-29.1875
-31.2813
-31.1875
-29.25
-25.7813
-18.9375
-6.75
3.84375
9.78125
13.3438
16.3125
19.4063
23.5625
29.2813
34.75
37.7188
37.9063
36.25
32.9375
27.0938
17.75
3.25
-16.5625
-34.9063
-43.3438
-43.9688
-43.9063
-43.5938
-42.7188
-22.8438
-25.5938
-26.7188
-28.125
-30.5938
-33.1563
-29.7813
-20.5625
-14.1563
-12.3438
-13.0625
-13.875
-11.5313
-6.03125
2.875
13.4063
20.3125
22.4375
24.2188
26.3125
26.1875
23
13.1563
-4.65625
-23.375
-34.1875
-36.625
-37.1875
-37.5938
-38.9375
-19.9375
-21.4375
-22.25
-24.7188
-30.4063
-37.9688
-39.1563
-34.625
-31.9688
-33.3125
-37.5625
-42.0625
-41.9063
-37.125
-27.5
-14.3125
-4
1.03125
6.3125
13.25
18.5938
21.4375
17.75
4
-13.5625
-25.7188
-30.75
-32.4063
-33.4375
-35.1563
-15.75
-16.625
-17.25
-20
-26.6875
-36.2188
-40.5313
-41.5625
-42.2813
-44.1563
-48.75
-53.3125
-54.4688
-51.7188
-43.0938
-29.125
-17.3438
-11.7813
-6.15625
1.125
8.78125
15.5313
16.6875
8.40625
-5.84375
-18.125
-25.2188
-28.2188
-30.3438
-31.5
-8.46875
-9
-9.5625
-11.75
-17.25
-25.9063
-32.6563
-39.5938
-45.5
-48.5
-51.875
-55.4688
-56.6563
-56.1563
-50.4375
-36.625
-22.7813
-16.4688
-12.125
-6.4375
0.03125
7.9375
12.375
7.96875
-2
-11.8125
-19.6875
-24.1563
-27.8125
-30.0938
-0.25
-0.71875
-1.125
-2.34375
-5.4375
-11.2813
-19.4375
-30.125
-38.8125
-44
-47.1875
-49.125
-50.1563
-50.2813
-46.0938
-34.375
-21.2188
-13.375
-9.46875
-6.46875
-2.59375
3
7.59375
5.96875
-0.21875
-7.03125
-14.0625
-19.375
-24.9688
-28.1563
7.375
7.125
6.875
6.375
5.0625
1.84375
-6.09375
-17.875
-27.2188
-32.875
-35.3438
-35.6563
-35.8125
-35.875
-33.0938
-24.5
-14.2188
-7.0625
-4.28125
-3.65625
-2.40625
0.40625
3.34375
3.4375
1.125
-2.375
-7
-12.2813
-19.3438
-25.1563
15.4063
15.875
15.9063
15.8438
15.5
13.9063
6.09375
-5.8125
-15.375
-21.5
-23.9375
-24.2188
-24.125
-23.9063
-22.2813
-17.0313
-9.8125
-3.75
-1.4375
-1.25
-1.125
-0.3125
1.125
2.1875
2.65625
1.78125
-1.125
-6.21875
-13.5
-21.7813
23.1563
24.8125
25.3438
25.5313
25.5313
24.875
17.25
4.84375
-4.5
-10.3438
-13.0313
-13.375
-13.6563
-13.4375
-12.3125
-10.0625
-6.40625
-2.1875
-0.15625
-0.09375
0.15625
0.15625
0.75
3.03125
5.125
5.25
3.15625
-2
-8.84375
-17.3438
26.375
30.0625
31.5313
32.0625
32.2813
31.9063
25.5938
13.75
4.25
-0.96875
-3.28125
-3.875
-4.28125
-4.34375
-4.09375
-3.8125
-3.09375
-1.78125
-1.03125
-0.96875
-0.5625
-0.125
1.125
4.6875
8.03125
8.375
5.9375
0
-6.5625
-15.25
27.9688
34.1875
37
38.1875
38.75
38.625
33.7813
22.25
11.2813
5.03125
2.25
1.09375
0.5
0.1875
-0.28125
-1.5
-3
-3.5625
-3.625
-3.5
-2.75
-1.4375
1.25
6.21875
10.5313
10.375
6.125
-1.4375
-8.46875
-17.0938
26.9063
36
40.7813
43.1563
44.4063
44.6563
41.5938
31.3438
18.8125
10.0313
5.5
3.125
2.03125
1.375
-0.34375
-3.625
-7.28125
-8.71875
-8.84375
-8.25
-6.90625
-4.53125
0.0625
6.8125
12.2813
11.6875
5.15625
-4.03125
-12.625
-21.75
21.8438
34.125
42.1875
46.75
49.3438
50.4375
49.5938
42.7188
30.3125
18.5
10.7188
6.21875
3.875
2.40625
-0.90625
-6.9375
-13.25
-15.4688
-15.0625
-13.5625
-11.1875
-7.6875
-1.40625
7.25
14.3438
13.75
5.1875
-5.15625
-15.375
-25.6875
16.875
31.3125
43.125
51.2188
56.0938
58.9063
59.875
56.25
45.2813
31.625
20.3125
12.5938
8.125
5.1875
0.375
-8.46875
-16.6875
-19.0625
-17.8125
-15.0938
-11.5313
-7.28125
-0.28125
10.1875
18.5938
17.9063
8.1875
-2.6875
-13.7188
-24.4375
10.9688
26.2813
41.375
53.625
62.2188
68.1563
71.8125
72.0938
64.3125
50.8438
36.875
25.625
17.9688
12.5313
5.875
-4.90625
-13.5313
-15.5
-13.3438
-9.3125
-4.875
-0.84375
5.40625
15.9688
24.0313
22.6563
12.8438
2.09375
-8.96875
-18.75
3.90625
19.2188
36.25
52.0313
65.0938
75.8125
84
89.3438
86.8125
76.7188
62.3125
48.0938
36.5313
26.9375
17.2188
5.3125
-2.59375
-3.875
-0.8125
4.25
9
12.5313
16.9375
24.9063
30.3438
27
17.9375
8.0625
-1.875
-9.875
-3.9375
11.1875
27.5
44.625
60.8125
75.75
89.0313
100.25
105.594
103.406
92.7813
76.6563
61.875
48.0625
35.2188
22.1563
13.7188
12.0938
15.4375
22.2813
27.3438
30.4063
32.0313
35.375
36.1563
29.125
20.3125
11.1875
2.6875
-3.34375
-11.4688
3.4375
17.1563
32.5
49.25
66.125
83.375
99.5625
111.844
117.594
113.656
98.75
82.625
66.625
52.7188
39.8125
30.7813
27.1875
27.9688
34.4375
39
41.0938
38.75
36.0938
31.4688
22.1875
14.75
7.71875
1.28125
-3.03125
-13.8125
-2.3125
7.875
19.1563
32.6563
47.7813
65.9688
84.9688
102.188
113.719
115.094
103.344
89
73.875
60.25
48.4063
38.4688
33.1875
32.5938
38
41.5313
43.0313
38.75
31.3125
22.7188
12.4063
5.9375
1.625
-1.625
-4.0625
26.5938
21.5625
9.28125
1.6875
-2.96875
-6.1875
-9.09375
-10.3125
-12.9688
-22.875
-46.6563
-81.375
-113.063
-125.813
-100.344
-39.4375
35.0625
97.5938
126.594
119.438
90.5938
58.2188
31.5938
15.0625
6.625
1.8125
-0.1875
-0.53125
-0.53125
-0.15625
17
14.6563
6.59375
1.03125
-3.78125
-8.875
-15.5
-21.4688
-26.5313
-34.0313
-50.875
-76.25
-101.625
-113.5
-91.25
-35.6875
32.9063
91
117.75
110.531
86.1875
60.1563
38.375
24.4375
15.1875
7.71875
3.34375
1.3125
0.21875
-0.0625
10.3125
9.5
4.59375
-1.71875
-9.28125
-18.5625
-29.1875
-37.3438
-41.375
-43.125
-50.9688
-67.1875
-85.6563
-96.1563
-77.9375
-29.8438
28.9375
79.25
101.406
94.9063
77.6563
60.6875
47.5938
39.1875
30.5938
20.5625
12.25
6.15625
2.1875
0.40625
3.6875
3.0625
-0.84375
-9.3125
-20.8125
-33.7188
-45
-50.5313
-49.9688
-45.875
-46.4063
-56.5
-70.4688
-78.9688
-65.7813
-26.8438
21.875
63.375
82.2188
79.125
68.6563
59.9063
55.2813
52.9688
47.625
37.875
26.625
15.625
7.125
2.25
-2.46875
-5.1875
-11.3125
-22.4375
-36.6875
-50.0938
-57.75
-57.5
-50.6875
-41.2813
-37.3125
-44.9063
-57.6875
-66.4375
-58.4375
-27.4688
12.5
46.9375
63.9688
64.7188
60.3125
58.0313
59.625
62.75
62.4063
55.7188
44.5
29.9063
16
6.5625
-6.9375
-14.125
-25.6563
-40.4063
-54.8125
-64.5938
-65.6563
-58.1563
-45.8438
-34.3125
-29.9063
-37.8438
-50.3125
-58.0313
-52.0625
-27.2188
4.125
31.8125
47.125
51.7188
53.2188
55.875
61.6563
69.2188
74.5313
72.9063
64.1563
47.5
28.0938
13.125
-11.7188
-24.3125
-41.8438
-59.9375
-72.4375
-76.3438
-69.25
-54.4375
-38.9688
-28.5
-27.375
-35.8438
-45.875
-49.7188
-43.25
-25.5625
-4.15625
15.1563
29.8125
39.4063
47.125
54.7813
62.7813
73.5938
84
88.1875
83.5
66.625
42.9688
22.125
-17.2813
-35.6563
-58.9063
-79.3438
-88.0938
-84.0938
-68.0625
-46.5938
-28.9375
-19.625
-20.625
-28.4688
-36.875
-40.125
-36.0938
-26.6875
-14.6563
-2.875
9.96875
22.6875
35.3438
48.4688
59.8125
73.8125
89.0313
99.2188
100.25
86.7813
61.6563
35.3125
-24.8125
-48.8125
-77.125
-97.6563
-100.188
-86.2813
-59.6875
-30.5
-10.0938
-2.125
-5.84375
-16.7813
-28.0625
-33.8125
-33.5625
-29.6563
-23.6563
-17.9375
-9.5625
1.84375
15.4688
31.8438
48.1875
67.4063
88.75
106.344
114.094
105.594
81.6875
51.2813
-34.2813
-63.5
-95.8438
-114.281
-108.75
-83.5625
-44.5938
-7.09375
14.7813
18.6563
7.65625
-10.5625
-25.9063
-32.8125
-32.375
-29.0938
-26.125
-25
-22.8438
-16.4063
-5.0625
10.8125
30.1563
53.9063
80.9688
107
123.531
121.969
101.625
68.875
-44.2813
-78.5938
-113.719
-128.094
-113.25
-76.7188
-26.8438
16.3438
36.7188
34.2188
14.2813
-12.7813
-31.25
-36.3125
-31.8438
-23.4688
-20.0313
-22.4375
-26
-26.5938
-19.6875
-6.5
11.9063
36.5
66.4688
99.7188
126.313
134.375
120.156
86.2813
-55.5625
-94.4375
-128.906
-136.563
-112.063
-65.8438
-10.25
33.9375
52.2188
44.7813
18.6563
-14.375
-37.2188
-41.625
-32.6563
-19
-11.5938
-15.2813
-23.9375
-30.75
-29.4063
-19.0625
-2.75
20.0625
49.9063
86.4063
121.281
139.906
134.344
103.344
-65.5938
-107.469
-139.594
-140.25
-107.594
-55.4063
1.21875
42.75
57.4688
47.8438
20.1875
-13.75
-36.7813
-42.2188
-31.9375
-14.9688
-5.25
-7.875
-19.1563
-31.875
-35.875
-28.5625
-13.9688
7.09375
35.25
72.0625
111.438
139
143.094
116.75
-74.125
-117.125
-146.063
-139.969
-101.844
-47.7188
6.71875
43.375
54.1563
44.3125
18.875
-11.4375
-31.3438
-36.9375
-26.875
-8.9375
1.8125
-0.15625
-13.5
-32
-41.5938
-36.6875
-23.0625
-3.0625
22.9375
57.9063
98.6875
133.156
146.813
127.406
-81.875
-125.313
-150.688
-138.5
-96.8125
-42.8438
7.65625
38.9375
47.2188
38.9063
17.8125
-7.4375
-24.3438
-29.8438
-20.1563
-1.375
10.5938
9.03125
-6.78125
-31.5
-46.9688
-44.4063
-31
-11.0938
13.4063
46
86.7813
125.781
146.781
133.875
-88.4063
-131.875
-153.813
-136.813
-93.6875
-41.9063
3.90625
30.7813
38.6875
33.8125
17.5625
-4.03125
-19.2813
-24.5313
-14.1875
7.9375
22.6563
21.6563
2.875
-29.3125
-51.4688
-51.75
-38.0625
-16.4688
7.9375
38.25
77.3125
116.969
141.813
133.844
-89.75
-133.344
-154.375
-137.531
-96.375
-47.6563
-5.375
19.8125
29.3125
28.1875
15.75
-3.125
-17.3438
-22.5313
-10.4688
16.4375
36.0938
37.8125
17.3438
-22.4688
-52.7188
-57.3125
-44.4688
-20.8438
4.90625
33.5938
70.5
109.063
134.469
129.344
-87.6875
-131.5
-153.438
-139.25
-101.063
-55.1563
-15.7813
8.5
19.5313
21.6875
13.7188
-1.78125
-15.25
-21.125
-9.40625
20.3125
45.2188
51
31.6563
-12.8438
-50.5938
-59.9688
-49.1563
-24.375
3.3125
31.25
65.9375
102.344
126.094
121.844
-82.9063
-126.563
-150.344
-140.844
-106.625
-63.1563
-25.7813
-1.9375
10.5625
15.875
13
3.28125
-8.625
-16.7813
-8.03125
19.2813
46.3125
56.0625
38.875
-6.125
-47.875
-60.6875
-51.25
-25.75
3.46875
30.7188
62.875
95.4063
116.063
112.219
-73.9688
-117
-144.656
-142.969
-114.531
-73.625
-36.4375
-11.5938
1.25
7.71875
8.40625
4.25
-2.15625
-9.1875
-2.875
21.8125
46.6563
57.25
42.0313
-3.03125
-46.0938
-60.5938
-51.8125
-25.2188
5.5
32.4375
61.4063
88.5625
104.469
98.7813
-63.625
-105.188
-136.219
-143.063
-121.781
-84.5313
-47.7813
-20.75
-6.6875
-0.53125
1.53125
0.8125
-1.21875
-3.46875
4.03125
27.3125
50.0938
58.2188
42.5313
-2.59375
-45.5625
-59.6875
-50.4375
-22.625
8.71875
34.4375
59.625
80.8125
91.3125
83.75
-52.3438
-91.5625
-125.438
-140.625
-127.938
-95.9375
-59.9688
-30.3125
-13.3438
-5.84375
-2.875
-1.90625
-1.75
-1.4375
6.90625
29
49.8125
56.375
40.8125
-2.6875
-43.125
-55.75
-45.8125
-17.7188
12.6563
36.0625
57.125
72.3125
77.2813
66.7813
-40.5938
-76.1875
-111.781
-134.344
-131.344
-106.844
-73.3438
-41.9063
-21.1875
-10.4688
-5.5625
-3.375
-2.40625
-1.5
6.34375
26.375
45.0938
50.8438
36.8438
-2.0625
-37.5938
-47.8438
-37.75
-11.3125
16.1563
36.1875
52.2188
61.7188
62.3125
49.75
-28.9063
-59.5
-94.875
-123.25
-129.719
-114.75
-86.9063
-56.0313
-32.625
-18.3125
-10.2813
-6.03125
-3.875
-2.34375
4.90625
22.25
38.5
43.7813
32.25
-0.125
-29.3125
-37
-27.4688
-4.1875
19.2188
35.375
46.0625
50.0938
47.0625
33.8125
-20
-45.0625
-76.75
-106.594
-120.281
-115.219
-96.4375
-70.5
-47.0313
-30
-18.25
-10.7188
-6.5625
-3.8125
3.0625
17.8438
31.8125
36.875
28.375
3.09375
-19.5938
-24.9063
-16.5938
2.625
21.4688
33.3438
39.0625
38
31.6563
18.875
-11.7188
-31.7813
-58.5625
-87.875
-106.531
-109.406
-99.625
-80.5313
-60.125
-43.2813
-29.6875
-19.3125
-12.0938
-7.15625
0.1875
13.2813
25.1563
30.3125
24.9688
6.625
-9.5625
-12.9063
-6.34375
7.96875
21.2813
28.5313
29.9688
25.0938
16.6563
5.4375
-3.90625
-20.3438
-42.1875
-68.7813
-89.3438
-97.4375
-94.375
-81.9688
-67.0625
-53.5938
-42.3125
-32.7813
-23.5938
-16.8125
-7.84375
6.25
17.8438
25.25
24.5
12.375
1.625
-1.65625
1.25
9.96875
17.4688
20.6875
19.3125
12.75
3.875
-5.0625
4
-11.1875
-28.4375
-50.25
-70.375
-82.1875
-84.4063
-77.4375
-66.2188
-55.1563
-47.9063
-44.7188
-40.4375
-36.9375
-26.6563
-6.71875
9.78125
24.5313
29.875
22.3438
15.0938
8.34375
5.15625
7.25
9.15625
10.1875
8.3125
2.0625
-6.0625
-12.9063
11.8438
-3.4375
-17.1563
-33.6875
-52.1875
-66.5625
-73.0625
-71.3125
-63.3438
-54.4688
-50.9063
-54.375
-56.625
-56.75
-45.1563
-18.5
5.21875
26.125
33.6563
27.4375
20.375
11.5313
6.4375
5.21875
4.09375
3.1875
0.5
-5.84375
-13.4688
-18.5313
15.5
2.625
-7.8125
-19.8438
-36.0313
-51.8438
-61.8438
-64.2813
-59
-52.2188
-53.2813
-63.6563
-72.75
-76.375
-62.0625
-27.8438
3.78125
30.8125
40.3438
32.9375
23.5313
11.0938
3.1875
0.25
-1.71875
-2.59375
-4.9375
-10.75
-17.6875
-21.3125
2.125
-0.333333
2.125
4.125
3.91667
3.95833
4.91667
6.45833
7.29167
7.70833
10.1667
14.375
9.625
7.25
6.45833
4.58333
1.25
2.5
9.04167
11.1667
11.375
12.625
13.2083
6.83333
2.83333
0.666667
0.0416667
0.291667
0.708333
0.791667
0.791667
0.791667
2.41667
-0.833333
-3.79167
-1.70833
-1.08333
0.0833333
2.54167
3.95833
4.375
4.66667
6.25
9.875
10.5417
12.4167
12.7083
15.2083
16
17
17.5
16
15.8333
12.9167
10.0417
4.25
1.625
0.5
0.0416667
0.0416667
0.166667
0.166667
0.166667
0.166667
3.54167
0.916667
-4.375
-5.125
-4.125
-2.75
0.5
3.66667
6.875
11.2083
18.0833
27.4583
39.25
40.7083
37.5833
37.7083
41.9167
41.4167
35.25
35.7917
37.4583
33.25
22
12.5
5.79167
1.95833
0.458333
0.0833333
0
0
0
0
1.83333
1.29167
-1.125
-1.75
-0.375
1.08333
4.58333
10.7083
18.7917
28.4583
37.75
45.75
54.5417
50.1667
41.5833
33.4167
35.5417
36.5
34.2083
41.2917
46.5833
47.4583
37.25
27.75
18.125
9.41667
4.5
1.91667
0.458333
0
0
0
2.875
3.58333
3.375
3.33333
4.83333
8.58333
14.2917
21.1667
27.7917
32.9167
32.5417
26.0417
17.125
9.04167
2
-4.79167
-6.75
-4.33333
0.333333
7.45833
15.0833
23.1667
29.0417
31.5417
29.5
22.7083
14.9583
7.95833
2.91667
0.541667
0
0
3.33333
4.16667
4.375
4.83333
8.45833
15.4583
20.625
21.1667
18.0417
10.375
-3.33333
-20.9167
-36.1667
-39.3333
-36.5833
-31.9583
-30.625
-28.875
-27.0833
-28.4583
-24.375
-15.0833
-0.166667
13.4583
23.4167
27
22.6667
15.0833
8.125
3
0.458333
0
1.625
2.54167
3.79167
6.79167
12.875
17.7083
16.2917
9.16667
-1.16667
-16.2083
-34.125
-48.625
-54
-49.5833
-40.75
-30.375
-23.875
-21.2917
-23
-30
-33.75
-32.25
-24.2917
-11.9583
1.20833
12.0833
16.0417
15.6667
12.5833
7.125
2.16667
0.0833333
0.333333
1.29167
4.95833
11
14.625
11.7917
5.16667
-2.79167
-14.0833
-28.625
-39.1667
-39.875
-34.9583
-28.5
-21.1667
-13.3333
-7.70833
-6.5
-8.04167
-13.2083
-20.8333
-27.25
-28.9583
-24.7917
-16.875
-7.83333
0.5
7.5
10.4167
8.5
3.83333
0.458333
-0.25
-0.291667
3.625
7.41667
4.5
-2.91667
-9.04167
-14.2083
-23.1667
-30.2917
-26.375
-14.6667
-5.95833
-0.875
3.66667
6.375
5
0.375
-2.375
-3.95833
-8.54167
-14.9583
-20.125
-22.25
-20.75
-16.8333
-10.4167
-3.25
2.29167
4.875
3.91667
1.5
-0.541667
-1.45833
-1.54167
-4.5
-10.875
-16.5
-20.6667
-24.9583
-28
-23.2083
-10.7917
-0.916667
4.83333
7.375
8.66667
5.45833
-1.41667
-5.75
-6.79167
-4.70833
-4.25
-5.95833
-9.79167
-14.4583
-16.625
-14.25
-9.5
-6.04167
-1.375
3.625
5.95833
3.875
0.0833333
1.125
-1.16667
-6.79167
-11.3333
-14.0833
-17.6667
-22
-19.25
-9.79167
-3.125
-3.66667
-4.41667
-6.20833
-10.875
-18.25
-22.875
-20.5
-16.5417
-11.5833
-7.58333
-4.58333
-4.54167
-8.20833
-11.1667
-8.5
-3.33333
-1.29167
1.16667
5.75
9
6.625
1.45833
5.58333
4.95833
1.45833
-0.25
-1.16667
-2.79167
-4.25
0
5.375
4.54167
1.125
-2.25
-5.95833
-12.9583
-19.125
-21.2083
-20.25
-17.8333
-16.3333
-13
-8.75
-4.83333
-4.25
-7.04167
-8.20833
-5.54167
-2.625
-1.91667
0.458333
4.125
5.70833
1.70833
4.54167
3.91667
1.95833
1.70833
3.375
6.66667
11.5833
16.375
18.9583
20.2917
23.0833
23.6667
24
24.0833
25.0417
22.0833
13
4.79167
-3.20833
-7.33333
-9.08333
-7.375
-3.625
-4.29167
-9
-11.2083
-9.25
-9
-8.33333
-5.16667
0.833333
1.25
-0.125
-2.41667
-3.58333
-3.54167
-0.666667
4.20833
12.5417
19.2917
21.9167
24.8333
29.4583
33
36.4167
42.5833
49.5833
51.3333
42.8333
29.7917
18.2083
7.45833
-1.20833
-6.04167
-4.875
-2.70833
-5.33333
-8.875
-8.70833
-7.54167
-7.29167
-5.79167
-1.20833
0.875
-1.79167
-3.91667
-4.125
-4.33333
-3.41667
-2.41667
2.45833
8.625
11.9167
10.875
7.125
5.25
4
5.66667
10.0417
17.9583
24.7917
23.7083
21.25
15.0833
7.625
0.958333
-2.75
-1.70833
-1.91667
-3.83333
-3.45833
-0.5
0.125
0.333333
1.41667
-1.29167
-3.625
-4.66667
-4.54167
-4.70833
-6
-7.04167
-6.5
-4.125
0
1.04167
-4.20833
-9.45833
-13.7917
-18.8333
-21.9583
-19.0417
-8.25
1.25
7.08333
10.5417
9.58333
5.91667
1.75
-0.0833333
-0.541667
-2.08333
-2.54167
0.5
2.125
2.25
1.79167
-2.875
-5.20833
-5.79167
-5.70833
-5.66667
-7.04167
-7.375
-8.45833
-9.25
-7.08333
-1.625
3.91667
6
6
1.95833
-4.16667
-9.83333
-12.5833
-9.16667
-5
0.583333
4.5
4.75
3.33333
0.958333
-0.208333
-1.95833
-4.54167
-5
-3.16667
-1.16667
-1.95833
-1.83333
-3.54167
-4.04167
-4
-3.95833
-4.16667
-4
-5.08333
-7.58333
-9.625
-7.75
-0.166667
5.625
8.29167
9.54167
7.54167
2.75
-4.54167
-7.16667
-6.04167
-3.91667
0.0416667
2.83333
2.83333
1
-0.416667
-1.83333
-4.66667
-8.33333
-7.95833
-4.75
-2.375
-2.04167
-4.54167
-5.625
-5.75
-5.83333
-5.54167
-3.79167
-2.45833
-4.5
-8.54167
-11.875
-12.9167
-12.5
-11.375
-8.16667
-5.29167
-4.04167
-3.20833
-2.375
-1.5
-1.33333
0.0416667
2.125
2.20833
1
-0.125
-1.16667
-2.625
-4.625
-5.625
-4.70833
0.916667
-3.125
-6.79167
-8.54167
-9
-9.29167
-9.45833
-6.45833
-3.16667
-3.08333
-5.70833
-9.29167
-13.6667
-16
-16
-14.125
-11.0417
-7.58333
-2.95833
-0.0416667
0.666667
0.416667
0.458333
0.916667
0.875
0.416667
-0.333333
-1.08333
-1.33333
-0.875
-1.95833
-3.58333
-1.375
-0.958333
-2.33333
-3.83333
-4.91667
-5.375
-5.79167
-5.04167
-3.91667
-2.83333
-2.75
-4.04167
-5.95833
-6.79167
-6.79167
-6.29167
-5.29167
-3.66667
-1.04167
0.291667
0.5
0.291667
0.0833333
0.125
-0.25
-0.708333
-1.70833
-2.45833
-2.5
-2.83333
-2.875
-4.20833
-5.91667
2
2.125
0.0833333
-1.58333
-2.08333
-2.25
-4.29167
-4.5
-2.41667
-0.666667
-0.375
-0.583333
-0.708333
-0.625
-0.916667
-1
-1.16667
-0.458333
-0.125
-0.166667
0.0416667
-0.125
0
-0.541667
-1.54167
-2.79167
-3.20833
-2.95833
-3.08333
-1.33333
-0.875
-1.79167
2.04167
1.33333
-1.33333
-3.33333
-4.25
-4.45833
-6.58333
-5.875
-3.125
-1
0
0.166667
0.0833333
0.25
-0.166667
-0.291667
0
0
0.416667
0.333333
0.666667
0.791667
0.208333
-0.5
-2
-2.45833
-1.91667
-0.958333
1.54167
4.33333
6.45833
6.75
1.20833
2.75
1.95833
-0.333333
-2.08333
-2.95833
-4.66667
-6.33333
-5.625
-3.45833
-1.875
-1.29167
-0.875
-0.625
-0.583333
-0.416667
1.375
2.45833
4.20833
4.66667
4.70833
4.625
2.45833
0.291667
-2
-1.58333
-0.416667
0.875
4.41667
6.58333
8.875
8.95833
0.875
4.79167
5.79167
3.66667
1.54167
-0.208333
-1.95833
-6.33333
-7.54167
-5.66667
-3.75
-2.16667
-1.25
-0.958333
-0.625
-0.291667
1.45833
5.04167
8.375
9.625
9.33333
8.41667
5.66667
1.20833
-1.66667
-1.45833
-0.291667
1.08333
3.29167
3.79167
4.16667
3.875
0.458333
2.95833
4.125
2.33333
-0.666667
-3.41667
-5.33333
-9
-10.7083
-9.20833
-6.20833
-3.29167
-1.625
-0.791667
-0.291667
0
0.25
3.95833
6.33333
7.08333
6.20833
4.58333
3.125
-0.791667
-2.75
-2.875
-1.66667
-0.458333
-0.0833333
-1.5
-3.16667
-4.04167
0.333333
0.75
2.875
2.25
-1.95833
-6.08333
-8.95833
-11.9167
-15.4167
-15.4583
-11.5417
-7.625
-4.875
-2.91667
-1.79167
-1.45833
-2.20833
-2.625
-3.91667
-4.95833
-6.54167
-8
-7.625
-7.04167
-6.04167
-5.45833
-4.625
-4
-5.54167
-7.75
-9.875
-11.5417
1
0.333333
3.25
5.91667
4.45833
0.375
-3.875
-7.83333
-13.9583
-18.75
-18.6667
-15.8333
-12.5417
-9.45833
-7.20833
-6.08333
-6.58333
-10.5833
-14.5833
-16.625
-17.2917
-17.625
-16.4583
-11.625
-6.66667
-4.54167
-4.58333
-3.95833
-6.20833
-7.95833
-9.75
-11.4167
3.16667
0.958333
2.20833
7.04167
11.4167
11.0833
6.83333
1.5
-6.375
-16.4167
-23.9583
-26.4167
-23.9583
-19.2917
-14.5417
-10.3333
-8.875
-11.0417
-14.125
-16.4583
-16
-15.2917
-14.0833
-8.70833
-2.25
1.75
2.95833
3.83333
2.41667
0.916667
-0.916667
-2.16667
6.79167
1.75
0.666667
3.79167
10
14.5417
14.5417
11.4583
5.04167
-5.58333
-18.7083
-29.1667
-31.4583
-26.3333
-19.4167
-10.875
-4.75
-1.08333
-1.20833
-6.70833
-9.625
-10.125
-8.16667
-4.58333
-0.75
4.58333
9
9
7.5
6.16667
4.66667
3.58333
6.875
2.08333
0.291667
0.833333
4.04167
9.875
16.3333
21.0417
22.0417
18.375
8.20833
-2.91667
-11.875
-13
-10.375
-5.04167
-0.125
3.29167
4.875
0.625
-3.04167
-3.25
1.875
5.20833
5.875
7.04167
8.29167
5.75
3.375
2.625
2.66667
2.41667
-5.625
0.791667
0.708333
0.166667
0.625
4.33333
12.3333
22.0833
30.4167
36.9167
39.75
40.125
33.25
23.0417
16.6667
10.2083
4.70833
-1.5
-2.58333
3.45833
7.625
12.25
17.875
21.3333
20.8333
14.6667
7.79167
2.625
0.375
-0.416667
0.208333
0.333333
5.75
24.4167
8.375
-1.25
1.04167
4.20833
4.29167
0.333333
-6.45833
-6.79167
3.54167
18.25
33.5
38.125
10.9583
-34.6667
-61.875
-60.5
-34.8333
6.41667
34.5
29.75
13.0833
5.83333
3.20833
0.791667
0.0416667
0.291667
0.583333
-0.0833333
-1.20833
-0.708333
1.29167
17.1667
5.83333
-1.83333
0.791667
3.58333
2.41667
-1.16667
-4.25
-1.70833
5.25
13.25
27.0417
39.5417
20.8333
-29.7917
-70.5
-71.875
-33.5
18
41.2083
28.6667
10.1667
3
1.5
0.5
0.0416667
0.0416667
0.166667
0.0416667
-0.333333
-0.208333
-4.08333
11.1667
4.875
-1.875
0.375
2.75
2
1.41667
1.75
2.70833
4.83333
8.08333
17.125
31.7083
22.9583
-23.0417
-67.8333
-70.9583
-27.625
22.9167
34.3333
17.875
8.25
6.875
4.41667
1.70833
0.458333
0.0833333
0
0
0
0
-5.41667
5.66667
2.875
-2.125
0.125
2.95833
4.83333
7.45833
6.66667
2.33333
0.875
2.75
7.79167
20.5417
21.2083
-14.5833
-58.5833
-61.375
-19.1667
20.6667
21.2083
5.33333
4.5
9.75
7.75
4.29167
3.25
1.91667
0.458333
0
0
0
-3.75
1.83333
0.875
-2.04167
0.958333
6.20833
10.5417
11.1667
5.04167
-2.33333
-3.20833
-0.708333
1.375
11.5417
18.5
-7.66667
-47.625
-49.8333
-12.2917
16.8333
10.9583
-3.20833
-0.458333
6.91667
6.25
5.45833
7.58333
6.58333
2.91667
0.541667
0
0
-2.54167
0.541667
1.25
0.208333
4.20833
11.8333
14.375
7.91667
-1.58333
-6.5
-5.45833
-3.16667
-1.54167
7.16667
14.1667
-4.70833
-34.75
-36.625
-8.83333
10.6667
3
-7.33333
-3.29167
2.20833
1.29167
3
9.29167
11.8333
8.125
3
0.458333
0
-0.625
1.41667
2.91667
3.66667
8.75
15.4583
12.5417
1.16667
-7.41667
-9.95833
-8.375
-4.125
1.375
6.91667
6
-6.125
-19.125
-19.5417
-8.375
-0.375
-4.375
-8.875
-4.04167
-0.333333
-3.29167
-2.16667
6.16667
14.0417
14.8333
8.5
2.16667
0.0833333
1.08333
3.04167
6.45833
9.875
12.5
12.6667
6.04167
-4.41667
-11.4583
-14.125
-12.1667
-3.875
6.79167
10
2.08333
-7.83333
-10.5833
-7.875
-5.29167
-4.83333
-8.33333
-11.5
-6.70833
-2.54167
-6.625
-8.70833
-1.125
13.125
22.0417
16.125
5.08333
0.458333
1.875
4.58333
11.75
17.9167
15.25
6.70833
-3.04167
-12.4583
-18.4167
-18.4167
-10.75
2.95833
13.6667
12.125
1.04167
-8.125
-8.75
-4.625
-2.75
-3.45833
-6.04167
-9.58333
-9
-7.75
-11.625
-15.3333
-9.79167
9
26.6667
24.25
10.0417
1.75
2.20833
6.41667
18.4583
26.5
16.25
-2.25
-16.0417
-24.7083
-25.125
-15.5833
-1.41667
11.8333
17.7083
11.75
0.166667
-6.91667
-7.04167
-4
-2.79167
-3.45833
-3.375
-4.33333
-7.29167
-11.0833
-15.375
-19.75
-18.625
-1.54167
23.625
31.5
18.7083
5.25
2.83333
9.5
26.4583
33.2083
12.4167
-15.5833
-31.4167
-34.625
-24
-6.29167
7.375
16.5833
19.3333
11.1667
-0.625
-6.375
-5.25
-0.875
0.0833333
-4.08333
-5.83333
-3.70833
-4.16667
-8.58333
-14.2917
-21.875
-26.4583
-14.0417
14.2917
33.625
28.125
11.625
3.95833
14.0833
34.7083
36.2083
3.125
-30.9167
-42.4167
-36.625
-19.625
0
14.9167
23.375
20.25
6.41667
-5.08333
-7.25
-3.58333
2.625
5.66667
0.166667
-7.375
-8.125
-4.95833
-4.75
-9.54167
-19.9583
-30.6667
-26
0.833333
30.4583
36.375
19.9583
5.33333
19.1667
41.5417
35.3333
-8.66667
-42.875
-45.3333
-33.4167
-16.875
1.95833
21.1667
33.0833
22.2917
-2.5
-14.1667
-10.7083
-3.41667
5.125
10.7917
7.79167
-2.83333
-10.8333
-9.25
-4.5
-5.41667
-15.125
-29.3333
-34.5
-15.25
22.6667
43.4583
29.8333
7.875
26
44.8333
26.9167
-20.5417
-45.9167
-41.0417
-29.8333
-16.2083
2.29167
22.3333
34.3333
23.5
-2.45833
-16.4167
-13.5417
-7.04167
1.58333
13.1667
16.8333
5.08333
-10.7083
-14.0417
-7.25
-3.58333
-9.08333
-23.25
-38.0833
-30.9167
9.70833
45.5833
39.4167
10.5
32.8333
46.7083
16.625
-31.4583
-45.6667
-34.2917
-24.5417
-14.375
0.916667
17.75
27.625
21.25
4.875
-8.58333
-14.3333
-12.7917
-5.20833
10.0833
24
16.2083
-7.625
-18.2917
-11.125
-3.70833
-4.29167
-16.0833
-38.0833
-42.5
-3.125
42.8333
45.7917
13.2083
39.25
47.2083
5.70833
-40.7083
-43
-26.1667
-18.25
-11.875
-2.25
9.79167
20.9167
21.4167
11.0833
-3.83333
-16.3333
-18.2917
-11.375
6.375
30.7083
29.2917
-2.54167
-22.3333
-15.375
-5.08333
-3.04167
-10.9583
-32.7917
-45.875
-14.625
35.125
46.9167
15.375
43.9167
46.3333
-2.58333
-45.4167
-39.1667
-18.875
-12.5833
-11.375
-6.95833
4.375
18.0417
21.25
12.75
-2.66667
-17.2917
-21.8333
-19.3333
-0.666667
36.875
44.8333
4.875
-25.875
-19.7917
-6.41667
-2.70833
-8.45833
-28.4167
-45.25
-20.9167
29.3333
46.2917
16.6667
46.5833
45.0833
-7
-46.3333
-36.5417
-14.875
-8.20833
-9.45833
-9.25
-1.125
12.9583
20.125
14.6667
-0.583333
-16.2083
-23.375
-26.6667
-10.1667
38.3333
58.4583
14.1667
-27.4167
-23.6667
-7.875
-2.66667
-7.08333
-25.2917
-42.7083
-23.0833
24.625
44.875
16.2083
45.2083
44.125
-4.25
-42.7083
-36.7917
-15.5417
-6.08333
-6.75
-8.04167
-4.5
4.20833
14
16.75
5.33333
-10.6667
-21.7917
-32.7083
-19.125
36.75
66.1667
21.2917
-27.125
-26.1667
-9.25
-3
-6.66667
-22.5
-38
-22.75
19.4167
41.6667
13.875
40.5833
44.9583
4.125
-37.4167
-39.0833
-18.9583
-6.04167
-3.95833
-4.83333
-3.66667
-0.666667
4.75
11.75
8.625
-4.41667
-17.2083
-33.4583
-25.5417
33.5417
70.2917
25.7083
-26.7083
-27.375
-10.0833
-3.83333
-7.58333
-21.3333
-33.125
-18.4583
18.4167
38.375
11.1667
34.5417
44.2917
13.8333
-28.75
-39.9167
-23.5417
-8.29167
-3.08333
-2
-1.66667
-1.08333
1.20833
4.45833
3.70833
-1.66667
-12.4167
-31.6667
-25.9583
32.75
71.0417
26.9583
-26.875
-27.875
-10.3333
-5.20833
-9.20833
-19.625
-28.2083
-14
20.5417
36.2083
8.125
26.875
41.2083
24.7917
-15.2083
-38.375
-29.2917
-12.25
-4.41667
-1.66667
0
0.166667
-0.208333
0.125
0.458333
-0.625
-10.1667
-30.8333
-25.25
33.2083
70.7917
26.875
-27
-28.2917
-11.0417
-6.91667
-10.4583
-16.9583
-22.5833
-9.20833
22.875
34.8333
5.16667
18.9583
36.5417
33.9167
-0.75
-33.4583
-32.9583
-16.75
-7.125
-2.875
-0.125
0.416667
-0.416667
-0.5
0.0833333
-0.541667
-9.875
-30.5
-24.8333
33.4583
70.0417
25.7917
-27.1667
-28.5
-12
-7.95833
-10.2917
-13.3333
-15.8333
-4.41667
21.4583
30.5
2.45833
11.25
30.7083
40.2917
13.2917
-25.3333
-34.1667
-21.2083
-10.375
-4.58333
-1
-0.0416667
-0.625
-0.375
0.416667
-0.416667
-9.5
-29.0417
-23.5417
31.9167
65.9583
23.5
-26.2917
-27.8333
-12.375
-7.83333
-9.04167
-9.5
-9.20833
0.208333
19
23.8333
1.125
6.54167
23.5417
38.6667
23.1667
-12.3333
-29.8333
-24.3333
-14.0417
-6.91667
-2.625
-1.04167
-1
-0.333333
0.5
-0.416667
-8.41667
-25.2083
-20.25
27.625
56.5833
19.4167
-23.9583
-25.0417
-10.7917
-6.83333
-7.66667
-5.66667
-3.08333
4.29167
16.0417
16.125
0.458333
2.95833
15.5
33.2083
29.3333
1.33333
-20.3333
-23.375
-17.5833
-10.2083
-4.70833
-2.66667
-2.125
-0.791667
0.333333
-0.375
-6.875
-20.4167
-16.0417
22.2083
43.9583
13.5833
-20.125
-20.0417
-8.5
-5.625
-5.41667
-1.58333
2.29167
7.625
11.8333
7.45833
0.333333
0.75
8.875
25.625
29.4167
10.9167
-8.20833
-16.2917
-17.5417
-13.3333
-7.66667
-5.25
-4
-1.54167
0.0833333
-0.583333
-5.33333
-15.375
-12.6667
15.6667
31.4583
8.25
-15.875
-14.4167
-5.54167
-3.58333
-3.125
1.25
6.95833
10.375
6.75
-0.416667
1
0.333333
4.75
16.9167
24.0833
15.75
2.375
-7.33333
-13.2083
-12.875
-8.91667
-7.20833
-6.54167
-3.70833
-1.08333
-1.08333
-3.83333
-10.5833
-9.83333
9
19.5833
3.125
-12.4583
-8.375
0.208333
0.0833333
-2.83333
1.29167
10.0417
11.7917
2.5
-4.91667
3.54167
0.958333
2.20833
9.29167
17.2917
16.8333
8.58333
-1
-8
-8.91667
-5.58333
-5.41667
-8.08333
-5.91667
-2.41667
-3.58333
-4.875
-7.16667
-7.75
1.54167
8.125
0.958333
-6.20833
-2.08333
5.25
3.125
-3.79167
-0.291667
10.7917
11.4167
-0.0416667
-6.29167
9.16667
2.375
0.791667
3.79167
10.375
14.7917
12.5417
4.58333
-4.33333
-7.33333
-4.08333
-2.41667
-2.58333
2.29167
0.833333
-12.125
-15.375
-9.70833
-6.58333
-2.70833
-0.125
1.75
3.95833
5.79167
7.625
2.20833
-6.125
-1.5
10.5
9.91667
-1.58333
-6.29167
15.875
4.70833
0.666667
0.833333
4.04167
9.75
13.9583
10.4167
-0.583333
-7.5
-3.54167
1.95833
4.125
10.375
6.25
-18.1667
-30.375
-19.9583
-5.5
3.125
2.95833
3.625
6.125
6.33333
6.875
1.66667
-6.33333
-1.375
10.25
8.125
-2.58333
-5.58333
16.75
6.79167
1.45833
0.166667
0.625
4.33333
11.5833
13.5833
2.29167
-8.95833
-3.5
8.125
13.875
19.2917
8.41667
-26.0417
-42.5417
-29.375
-8.45833
8.70833
11.75
8.875
7.375
4.58333
4.08333
0.166667
-6.83333
-1.375
10
6.45833
-3.29167
-4.41667
3.18519
1.38889
5.55556
12.2407
19.5926
28.4259
36.8704
45.5
55.3704
57.1667
54.6667
53.3148
57.5926
60.6852
61.2963
61.037
57.6111
50.9074
50.5185
51.5926
48.7037
38.537
28.537
20.1481
12.5741
7.27778
3.72222
1.37037
7.18519
8.81481
14.1481
21.3148
27.963
33.7407
37.1481
39.2593
43.5926
42.2222
37.537
32.3519
31.3889
29.463
28.5556
31.5
35.963
37.1852
41.1296
44.0556
44.037
38.537
34.0185
29.1667
22.5741
15.5741
9.14815
4.22222
12.4815
17.463
22.2407
25.8148
27.3704
25.8333
20.7963
14.1852
8.94444
3.5
-3.01852
-9.81481
-15.2407
-19.6111
-20.3519
-14.7222
-3.88889
6.09259
13.2593
18.2593
22.0556
24.6667
27.3889
28.9444
27.4074
22.1296
15.2407
8.87037
16.7778
21.7407
23
20.6852
15.3704
6.22222
-5.25926
-17.0926
-28.4444
-36.2593
-41.7222
-45.463
-49.2222
-51.1296
-49.4444
-43.9074
-34.1481
-23.6667
-17.1296
-11.3889
-5
2.68519
9.7963
16.463
21.0926
20.9259
17.6111
12.7963
16.4815
17.1481
13.1481
6.07407
-3.24074
-14.4815
-25.5
-36.2407
-47.4074
-53.6481
-54.8148
-52.8519
-51.3333
-48.7037
-44.8148
-42.2037
-40
-36.9259
-34.9259
-30.8333
-24.2593
-15.9259
-8.7037
-1.57407
5.7037
10.7963
13.3704
12.9074
9.33333
4.7037
-2.7963
-11.3889
-20.2963
-27.9815
-33
-38.4815
-44.7963
-46.8148
-43.2593
-37.3704
-31.7037
-26.3704
-22.7778
-24.2037
-29.2778
-33.8889
-36.1667
-35.3148
-30.7593
-24.1481
-18.5741
-14.0185
-8.22222
-1.33333
5.22222
9.16667
-1.24074
-8.5
-16.4259
-23.8333
-29.4815
-31.4815
-30.9259
-31.9074
-33.1111
-31.7407
-26.9815
-21.4259
-16
-11.8333
-11.1111
-15.0185
-21.3704
-27.1296
-30.2778
-31.7593
-29.6296
-24.1296
-18.8333
-16.4074
-13.6296
-8.40741
-1.90741
4
-7.77778
-13.7778
-19.1852
-23.6111
-25.3148
-23.7222
-22.0185
-21.5741
-19.6111
-17.1667
-14.6852
-12.6852
-11.2037
-11.2222
-13.7593
-17.6481
-20.537
-22.9074
-24.4259
-26.3889
-26
-20.7407
-14.3519
-11.9259
-11.0556
-8.62963
-4.72222
0.407407
-7.75926
-10.4259
-11.7963
-11.5741
-9.72222
-7.83333
-8.2037
-6.7963
-2.35185
1.38889
1.81481
0.0925926
-3.77778
-8.85185
-13.2222
-15.6296
-16.2778
-16.9074
-18.9259
-21.3148
-22.7222
-19.5556
-13.037
-9.27778
-8.81481
-8.01852
-6.42593
-2.98148
-4
-3.42593
-0.259259
4.7037
9.12963
9.7037
8.18519
11.5556
18.7037
24.9259
26.7407
24.0556
17.037
8.75926
3.62963
2.09259
0.518519
-2.64815
-7.74074
-12.7778
-17.3519
-18.3704
-14.2037
-9.2963
-8.16667
-7.88889
-7.25926
-5.37037
-3.09259
-1.18519
4.09259
11.4444
17.3333
17.9259
18.2222
23.4074
31.4259
39.7222
44.537
44.4074
39.0185
30.9815
25.463
23.4444
20.3148
14.7963
6.88889
-0.907407
-9.03704
-15.6111
-15.9074
-11.3889
-8.90741
-8.31481
-7.83333
-6.53704
-4.12963
-2.59259
1.64815
7.33333
12.8333
15.1481
17.7407
21.3333
26.1481
31.5741
37.037
40.1481
39.6481
35.2778
29.7407
27.4259
25.963
22.2593
16.9815
9.68519
0.888889
-8.05556
-12.6296
-9.90741
-6.14815
-5.01852
-4.57407
-4.57407
-6.74074
-6.74074
-6.12963
-4.48148
-0.962963
4.01852
9.48148
11.1481
10.8704
11.463
13.7963
18.1111
22.2037
22.2037
18.0185
14.9259
15.1852
15.8704
15.463
13.0556
7.51852
-0.518519
-7.22222
-8.03704
-4.77778
-2.96296
-2.14815
-2.5
-6.77778
-7.74074
-9.87037
-11.9259
-11.4444
-6.40741
-0.518519
1.31481
-0.907407
-4.31481
-5.7037
-3.53704
1.12963
4.22222
2.96296
0.388889
0.0555556
2.37037
5.92593
8.25926
8.03704
4.37037
-1.59259
-5.2037
-4.38889
-2.62963
-0.981481
-1.51852
-8.16667
-9.2963
-12.0556
-15.463
-17.6296
-14.2778
-8.22222
-4.35185
-5.25926
-8.24074
-11.0556
-11.4074
-8.46296
-4.27778
-1.90741
-3.51852
-5.90741
-4.98148
-1.92593
1.98148
4.92593
4.72222
0.851852
-4.62963
-6.96296
-6.07407
-3.7963
-2.03704
-8.2037
-8.83333
-10.5556
-13.4444
-16.7222
-16.463
-13.5741
-10.0741
-9.2037
-10.6481
-12.3333
-14.0556
-13.5185
-9.53704
-4.64815
-3.07407
-4.94444
-5.59259
-4.07407
-1.81481
1.53704
3.2963
1.25926
-3.31481
-6.74074
-7.12963
-5.42593
-2.40741
-9.98148
-10.3148
-11
-12.6481
-15.6481
-16.4259
-15.2963
-14.2407
-13.7963
-13.8519
-14.1481
-15.2407
-15.5185
-12.3148
-7.03704
-3.5
-2.42593
-2.2963
-2.01852
-1.44444
0.185185
1.31481
-0.0925926
-3.25926
-6.03704
-6.90741
-6.74074
-3.75926
-8.48148
-8.72222
-9
-9.72222
-11.537
-12.9259
-13.6111
-14.1667
-14.1481
-13.9074
-13.6111
-13.9074
-14.2778
-12.1852
-8.51852
-4.68519
-1.77778
-0.648148
-0.5
-0.62963
-0.462963
-0.462963
-1.77778
-3
-4.01852
-4.27778
-5.27778
-4.75926
-7.66667
-8
-8.22222
-8.51852
-9.31481
-10.7037
-10.7963
-10.4444
-9.7963
-9.11111
-8.87037
-8.64815
-8.59259
-7.51852
-5.62963
-3.44444
-0.981481
0.240741
0.185185
-0.0555556
-0.925926
-1.90741
-2.87037
-3.22222
-2.96296
-1.94444
-2.81481
-3.96296
-4.75926
-5.31481
-5.62963
-5.77778
-5.94444
-8.07407
-8.7963
-7.22222
-5.24074
-3.94444
-3.62963
-3.2963
-2.66667
-1.90741
-0.759259
0.222222
1.25926
1.77778
1.35185
0.759259
-0.388889
-1.55556
-2.05556
-2.03704
-0.574074
1.18519
1.5
0.574074
-3.46296
-4.55556
-5.14815
-5.40741
-5.5
-7.68519
-9.27778
-7.74074
-4.85185
-2.75926
-1.85185
-1.22222
0.240741
1.87037
3.90741
4.72222
4.96296
4.81481
3.96296
2.90741
1.96296
1
0.333333
-0.444444
1.37037
2.96296
4.38889
5.11111
-1.53704
-3.59259
-4.7963
-5.44444
-5.81481
-7.68519
-10.8519
-10.6667
-7.68519
-4.77778
-2.81481
-1.55556
0.592593
3.87037
6.92593
7.87037
7.55556
6.77778
5.66667
4.53704
4.11111
3.51852
1.64815
-0.296296
0.925926
1.62963
3.38889
5.11111
-0.87037
-4.2963
-6.51852
-8
-8.92593
-10.3148
-13.9444
-15.3333
-12.9259
-9.18519
-5.83333
-3.7037
-1.33333
2.59259
5.48148
6.11111
5.14815
3.61111
2.44444
1.72222
1.85185
1.66667
-0.888889
-3.16667
-3.25926
-3.37037
-2.22222
-1.05556
1.01852
-3.61111
-7.24074
-10.1481
-12.2222
-13.8519
-17.0741
-20.0741
-19.7037
-16.2778
-12.1111
-8.92593
-6.48148
-3.66667
-2.57407
-2.87037
-4.12963
-5.83333
-6.64815
-6.62963
-6.01852
-5.48148
-6.7037
-7.18519
-8.03704
-8.66667
-8.38889
-8.61111
4.94444
0.314815
-4.53704
-9.18519
-13.2407
-16.3889
-19.4815
-24.2407
-27.0556
-25.7778
-22.2222
-18.2037
-15.1481
-13.8889
-14.2778
-15.037
-15.463
-16.2778
-16.6852
-16
-14.7407
-13.2778
-11.2407
-8.51852
-8.92593
-9.59259
-10.0556
-11.2407
10.3519
7.77778
3.38889
-1.90741
-7.77778
-13.3333
-18.1296
-24.9444
-31
-32.7593
-31.5556
-27.6852
-24.537
-23.8148
-23.537
-23.0556
-21.3704
-20.4074
-20.8519
-19.963
-18.5926
-15.9444
-10.7407
-5.61111
-4.48148
-4.38889
-5
-6.18519
13.463
14.1111
12.8148
9.66667
4.24074
-2.22222
-8.62963
-15.9259
-23.2037
-26.9074
-28.3704
-26.8333
-26.1111
-25.963
-24.4074
-21.4444
-17.2778
-13.7222
-13.8333
-13.5556
-12.8148
-9.25926
-2.7963
2.38889
4.14815
4.2963
2.68519
1.05556
11.6481
15.5
19
21
19.7593
15.8889
10.0741
4.77778
-0.425926
-3.75926
-7
-9.55556
-13.6481
-16.3148
-15.3333
-10.7778
-5.90741
-1.59259
-1.01852
-1.42593
-1.94444
1.22222
6.61111
9.7037
10.8889
10.463
7.85185
5.33333
8.18519
5.16667
7.66667
11.6296
11.6481
6.92593
1.7037
1.38889
9.92593
23.0556
31.2778
17.8704
-18.3519
-62.2593
-82.7037
-66.0185
-24.4444
12.463
26.6852
22.9815
14.8704
11.1481
10.3148
10.1481
8.96296
6.61111
3.66667
1.14815
7.01852
7.87037
12.2037
15.4815
12.5185
4.62963
-2.74074
-4.68519
1.81481
14.6111
26.2037
19.2407
-12.1667
-54.037
-74.6667
-57.8889
-18.537
13.1296
21.0741
13.5
5.2037
3.14815
5.51852
9.55556
12.463
12.1852
8.64815
4.22222
7.81481
11.5741
15.7407
15.9259
8.98148
-1.33333
-9.03704
-9.98148
-3.05556
10.8889
23.5926
20.463
-7.57407
-45
-64.463
-48.8889
-15.7222
9.59259
13.3704
6.2037
-0.888889
-2.55556
-0.444444
5.44444
12.463
16.6296
14.9074
9.37037
11.5556
15.2407
16.0556
11.6296
2.09259
-8.38889
-14.6481
-12.9815
-3.72222
11.5741
22.5556
19.5926
-6.33333
-37.3519
-53.9444
-39.6852
-13.9815
5
5.87037
0.555556
-4.66667
-6.64815
-6.7037
-1.2037
9.31481
19.3704
21.6111
16.0741
18.7037
20.037
14.537
4.12963
-7.46296
-15.9815
-18.2778
-12.0185
-0.12963
13.7963
19.6296
14.2593
-7.66667
-29.537
-41.3704
-30.037
-13.3333
-0.814815
-1.48148
-4.05556
-7.09259
-9.37037
-12.037
-8.35185
4.09259
19.5741
27.1481
23.2407
26.1111
23.5926
10.7037
-5.66667
-18.1852
-22.7593
-19
-7.98148
5.2037
14.463
14.2963
5.74074
-7.92593
-19.2037
-24.0556
-20.2593
-14.3889
-10.0556
-9.55556
-8.42593
-8.37037
-10.4815
-15.0741
-14.4074
-3.22222
15.2222
29.1111
30.0556
32.2037
24.3889
4.07407
-16.6667
-28.2593
-27.7593
-18.7593
-5.46296
6.66667
13.037
11.1852
3.2963
-4.77778
-9.38889
-9.5
-9.2963
-11.3148
-15.0741
-17.2778
-15.1481
-12.6852
-13.1852
-17.9444
-19.2963
-10.2963
8.87037
27.8704
34.8889
36.7778
23.1111
-3.57407
-27.3889
-38.8148
-35.5
-22.0741
-4.07407
10.8889
17.3333
13.7037
4.42593
-3.59259
-6.05556
-3.25926
-0.759259
-3.37037
-10.5185
-17.7037
-19.8333
-19.3889
-19.6852
-23.4074
-25.037
-17.5556
1.64815
24.6667
38.2963
40.6852
20.8519
-11.963
-38.8519
-50.5
-44.7778
-25.7037
-0.12963
21.0926
28.1111
19.3704
3.31481
-8.88889
-10.6296
-3.94444
3.87037
5.55556
-0.796296
-10.8148
-18.7593
-22.8333
-25.5
-29.537
-32.3889
-26.8704
-7.7963
19.7407
41.0741
42.3333
15.4074
-22.4815
-50.3519
-59.537
-49.9074
-26.537
3.44444
28.9815
38.037
27.2963
5.16667
-13.1296
-18.0185
-9.25926
3.92593
11.9074
8.46296
-3.01852
-14.9444
-22.1296
-26.3148
-32.037
-38.2963
-36.9444
-19.5
11.4074
40.3519
42.8519
7.87037
-34.6852
-60.7222
-63.7222
-48.7407
-23.5556
5.96296
31.6481
41.7778
31.8704
8.35185
-13.3704
-22.1852
-15.0926
1
14.8148
16.0185
4.27778
-10.8519
-20.3148
-24.4444
-30.6852
-40.6667
-45.1296
-31.4815
1.05556
36.7407
41.2593
-0.925926
-45.5741
-67.1111
-62.9444
-43.5185
-18.0926
9
32.037
39.963
29.5926
6.75926
-13.963
-23.5556
-17.7593
-0.685185
17.7407
23.3704
11.5926
-7.53704
-20.0556
-23.4444
-27.7407
-39.0741
-49.037
-41.463
-10.1296
29.7593
37.9815
-8.96296
-52.7963
-68.9259
-59.4074
-37.6481
-12.963
11.0926
29.8148
34.1296
23.9074
4.16667
-13.2407
-23.0741
-19.1481
-2.01852
20.6852
30.7593
18.8519
-4.88889
-21.3148
-23.7963
-24.5
-35.037
-49.9444
-49.5741
-20.8704
22.7778
34.0556
-16.2963
-57.7593
-68.037
-54
-31.7963
-9.96296
9.59259
24.537
27.9074
20.2407
4.12963
-11.7593
-23.2778
-21.7037
-3.77778
23.7778
38.5926
26.3704
-2.40741
-23.3519
-25.3519
-22.1481
-30.4815
-48.6667
-54.7963
-29.7593
16.3704
32.2778
-19.4074
-59.0556
-65.5185
-48.9074
-27.7778
-10.1111
5.25926
18.6296
23.9815
19.1111
4.87037
-12.2963
-26.1667
-26.4074
-5.96296
27.5926
47.6852
34.963
0.648148
-25.6296
-28.5
-22.3148
-27.1852
-45.0741
-54.8519
-34.2963
10.7963
32.1852
-18.8889
-56.8889
-61.5556
-44.7222
-26.0185
-12.2963
0.481481
13.963
21.5185
18.6111
5.11111
-13.4074
-30.3148
-33.1481
-10.963
29.6667
56.963
45.2593
5.51852
-26.8519
-31.7593
-23.8519
-25.7593
-41.8519
-52.2963
-34.6481
8.09259
34.2407
-14.3148
-51.6667
-57.8148
-42.4259
-25.3704
-14.0741
-4.01852
8.53704
17.8148
17.963
6.59259
-12.2963
-32.4815
-39.2593
-17.5556
28.3519
63.1481
54.3704
11.4444
-26.5926
-34.3519
-26.0926
-25.4259
-38.7037
-47.7963
-31.9074
7.51852
37.4074
-6.61111
-43.7778
-54.2778
-42.2593
-25.9259
-15.0556
-7.5
1.7963
11.037
15.4444
9.59259
-6.77778
-29.6852
-41.8519
-23.2963
24.5556
65.0185
59.5556
15.9259
-26.0185
-36.4074
-28.4444
-25.1111
-34.463
-41
-27.0556
7.12963
41.6111
3.55556
-34.0556
-50.463
-43.3148
-27.4815
-15.1852
-8.16667
-2.46296
3.77778
8.96296
8.24074
-3.09259
-24.5741
-39.963
-25.3333
21.5741
64.2407
61.463
17.8333
-25.8148
-37.963
-29.9815
-24.4444
-29.963
-33.3333
-20.1481
8.81481
44.5185
13.5741
-23.0741
-44.8889
-43.7778
-30.0185
-16.4074
-8.05556
-3.51852
0
2.81481
3.09259
-4.33333
-21.5741
-35.4259
-23
21.0926
61.7222
59.5185
16.8148
-25.9444
-38.1111
-29.7222
-22.5926
-25.1296
-25.9259
-13.1111
11.2407
45.8704
23.0556
-10.7593
-36.6852
-42.4444
-32.963
-19.7222
-9.7963
-4.57407
-1.81481
-0.518519
-0.166667
-5.42593
-19.1852
-30.9815
-19.9444
19.7407
56.2037
53.6296
14.0741
-25.037
-35.7778
-27.5
-20
-20.463
-19.037
-6.33333
14.3333
44.8519
30.1296
1.25926
-25.7778
-37.2037
-33.5185
-23.2963
-13.5556
-7.35185
-3.83333
-2.14815
-1.33333
-5.35185
-16.963
-27.1296
-17.4074
17.0556
48.4444
45.5
10.9259
-22.8333
-31.5926
-24.1296
-16.8519
-15.2963
-11.9815
-0.333333
15.3889
42.1852
34.4815
11.0926
-14.5556
-28.8148
-30.0926
-24.3333
-17.1111
-11.2037
-6.96296
-4.16667
-2.48148
-5.22222
-15.0185
-23.6852
-15.5556
13.6481
39.9444
37.2222
8.16667
-19.7037
-26.6111
-20.2778
-13.6667
-10.3148
-5.09259
5.11111
15.3889
36.8519
34.4444
17.2593
-4.75926
-19.4444
-23.7407
-21.5741
-17.3519
-13.3704
-10.1111
-7.27778
-4.87037
-6.03704
-13.4444
-20.5185
-13.9259
9.92593
31.3889
28.963
5.53704
-16.0185
-20.4815
-15.2593
-10.1852
-6.37037
0.277778
9.11111
14.9444
31.0556
32.9259
21.5741
2.53704
-12.463
-18.3889
-17.0926
-13.6852
-10.9444
-9.94444
-8.72222
-7.48148
-8.37037
-14.2222
-19.7222
-14.2037
5.14815
22.9444
22.2593
5
-10.7407
-13.8333
-10.1852
-6.85185
-3.2037
3.7963
11
13.3148
25.0185
29.5556
23.7222
8.64815
-6.11111
-14.2778
-15.0741
-12.1111
-7.72222
-3.81481
-1.61111
-3.18519
-11.037
-20.6481
-26.5926
-18.8333
-0.87037
15.8704
18.4259
8.09259
-2.42593
-6.33333
-6.01852
-5.05556
-1.48148
5.66667
11.3889
10.8704
18.963
23.9444
23.1481
14
1.24074
-9.11111
-13.5741
-11.537
-5.25926
3.03704
6.57407
2.88889
-13.3889
-28.5185
-36.2963
-23.4444
-2.94444
14.7778
16.8889
8.72222
0.574074
-2.53704
-2.74074
-2.38889
0.925926
7.24074
11.2963
8.55556
13.6481
18.0556
21.0556
18
8.2037
-3.94444
-12.3704
-11.3889
-2.14815
10.8519
15.2778
7.5
-16.6481
-36.8704
-45.0556
-28.5
-5.12963
14.0185
17.4259
11.2407
4.44444
0.611111
-1.05556
-1.57407
1.72222
7.7963
10.7963
6.61111
29.2222
19.8889
4.38889
-1.88889
-4.33333
-6.83333
-8.66667
-8.94444
-4.83333
2.72222
4.16667
-6.77778
-23.7222
-23.0556
-2.05556
20.5
10.3889
-15.8889
-26.7222
-4.83333
23.7778
31.7778
23.3889
10.7222
4.27778
1.05556
-0.0555556
-0.388889
-0.944444
-0.944444
-0.277778
0.833333
26
20.3889
4.72222
-2.38889
-4.33333
-5.61111
-5.33333
-3.38889
0.388889
4.66667
6.11111
1.55556
-13.2222
-18.4444
-12.6111
7.77778
2.5
-6.72222
-11.6111
8.66667
20
16.7778
5.55556
0.444444
0.277778
0.111111
-0.0555556
-0.0555556
-0.222222
-0.222222
-0.111111
0.222222
16.6667
13.9444
3.72222
-0.555556
-0.333333
-0.444444
-0.166667
2.5
7.38889
12.6111
16.5
16.8889
4
-9.94444
-22.7222
-13
-8
6
10.6111
19.3333
8.27778
-6.33333
-17.3333
-14.2222
-7.16667
-2.5
-0.611111
-0.111111
0
0
0
0
6.61111
7.22222
3.16667
2.27778
3.16667
4.11111
6.5
13.6667
22.8889
29.5556
31.5556
29.3889
16.6667
-8.05556
-35.7222
-41.8889
-19.1111
18.5
39.8889
32.5
2.38889
-25.5556
-38.1667
-32.9444
-21.8889
-12.1667
-6.16667
-2.55556
-0.611111
0
0
0
0.611111
2.88889
3
4.22222
6.05556
10.3333
18.6111
30.8889
40.7778
42.7222
35.3333
22.9444
5.61111
-21.0556
-46.8889
-55.2778
-22.8333
24.2222
56.5556
46.9444
14.1111
-19.5
-38.9444
-42.6667
-38.2222
-29.6111
-20.2222
-10.9444
-3.88889
-0.722222
0
0
0.222222
3.44444
4.77778
6.22222
10.5556
21.2222
35.2222
44.5
42.1111
29.2222
11.1111
-5.61111
-18.4444
-31.3333
-40.1111
-40.8889
-13.7222
21.6667
49.5556
46.7778
29.5
8.5
-10.1667
-26.8333
-40.3889
-44.8889
-39.3333
-26.3333
-12.6667
-4
-0.611111
0
0.944444
4.11111
7
11.6667
21.3333
35.8333
45.2778
38.6111
17.0556
-7.83333
-26.6111
-36.0556
-35.3889
-26.7222
-16.0556
-8.72222
1.5
14.5
27.1667
32.1111
33.8889
33.3333
25.5556
6
-20.1667
-41.2778
-49.2222
-42.5
-27
-11.6667
-2.88889
-0.111111
1.16667
4.66667
11.2222
22.6111
36.3333
44.4444
36.3333
10.5556
-20.6667
-43.7222
-52.4444
-47.1111
-29.6667
-5.94444
10.7222
15.3889
10.9444
8.44444
9.22222
14
23.2222
34.5
40.5556
32.2778
11.1111
-16.7222
-40.7222
-49.8889
-41.0556
-21.7778
-6.94444
-0.611111
0.388889
4.55556
15.7222
33.7222
46.7778
39.9444
11.3333
-24.0556
-48.7222
-57.2778
-51.2778
-32.5
-6.83333
15.1667
21.8889
17.6667
9.11111
4.88889
3.5
4.83333
10.3889
19.6667
30.7778
36.5556
32.5
13.1111
-17.2222
-42.3333
-46.7222
-31
-12.6667
-2.33333
-0.833333
3.66667
17.9444
37.8889
45.3889
24.2222
-15.0556
-47.1667
-57.2778
-49.2778
-29.7222
-4.66667
15.9444
20.7222
12.5556
3.66667
2.5
5.16667
7.22222
6.16667
5.88889
7.55556
14.6111
25.2222
34.9444
31.6667
9.77778
-21.6111
-41.2222
-38.1667
-21.1667
-6.66667
-1.11111
4.5
18.2222
33.4444
31.6111
5.11111
-30.6111
-52.3333
-51.2778
-32.7778
-6.11111
15.5556
21.4444
8.16667
-6.55556
-11.6111
-2.27778
8.5
16.0556
16.0556
11.8333
6.61111
5.94444
12.4444
24.6667
34.2778
29.2778
4.11111
-25.9444
-40.6667
-31
-13.8333
1.16667
9.22222
20.5
26.6667
14.1111
-10.9444
-34.2778
-43.5556
-37.2222
-18.2222
5.66667
18.1111
12.0556
-7.72222
-19.5556
-19.5
-7.05556
6.11111
18.5556
24.5556
22.6667
14.3333
6.88889
5.5
13.5
28.3333
37.6667
24.2222
-9
-37.6667
-38.6111
-20.8889
4.55556
15.0556
23.4444
20.5
-0.166667
-19.8889
-28.1667
-24.4444
-16.5556
-6.88889
3.22222
7.5
3.11111
-6.16667
-14.5
-18.5556
-19.0556
-11.9444
2.33333
19.0556
27.7778
23.6111
13.3889
5.33333
6.33333
18.1111
32.6111
31.2778
5.77778
-26.0556
-36.8889
-22.6111
7.94444
19.3333
25.3889
14.2778
-9.05556
-21.6667
-15.0556
-0.388889
6
0.722222
-6.94444
-7.66667
-0.611111
7.27778
4.94444
-7
-24.2222
-33.7222
-27.7778
-5.94444
17.8333
27
20.3889
8.77778
4
9.94444
22.6667
28.5556
14.5556
-11.4444
-28.6667
-21.6111
8.22222
17.5556
21.5556
7.61111
-11.3333
-16.9444
-2.38889
17.1667
23.2778
10.4444
-9.27778
-18.1667
-8
11
19.6111
10.8333
-12.9444
-37.4444
-48.5556
-35
-4.94444
19.1111
22.6667
13
4.33333
4.61111
12.7778
21.5556
19.0556
2.5
-16.1111
-18.1111
7.38889
14.1111
16.3333
2.55556
-10.6667
-11.9444
3.33333
21.3889
28.8889
20.0556
-0.888889
-20.3889
-22.3333
-6.38889
15.0556
21.9444
9.5
-18.8889
-43.9444
-45.9444
-22.7778
6.94444
18.5
14
5.16667
2.88889
7.55556
16.7222
21.6111
13.1667
-5.16667
-18.5
3.83333
6.88889
7.94444
0.777778
-4.88889
-5
3.22222
14.6667
24.1111
26.3889
15.7222
-6.11111
-24
-24.5
-6.77778
12.4444
17.1111
1.66667
-24.1111
-37.3333
-26.8889
-2.55556
12.0556
11.7222
4.83333
1.72222
3.61111
10.6111
18.3333
17.4444
6.11111
-10.3333
1.22222
1.83333
2.22222
0.222222
-0.555556
-0.333333
1.94444
6.66667
14.8889
23.8889
24.6667
11.8889
-9.27778
-23.8333
-23.1111
-9.22222
4.27778
5
-7.72222
-19.6111
-17.1667
-3.44444
6.66667
7.38889
3.05556
0.555556
1.05556
5.66667
12.8333
16.7222
13.7222
0.777778
-2.94444
-6.72222
-7.33333
-1.61111
6.33333
8.83333
5.83333
3.33333
6.77778
15.0556
21.8889
20.7778
7.22222
-11.1667
-24.1111
-21.0556
-9.16667
-0.555556
-2
-7.66667
-6.83333
-1.22222
3.66667
3.38889
1.11111
-0.611111
-1.16667
0.277778
4.88889
11.7222
17.8333
16.5
-5.83333
-12.8333
-14.7778
-4.16667
9.94444
15.4444
10.4444
3.83333
2.72222
6.38889
11.3333
14.7778
10.5556
-0.5
-13.0556
-16.6667
-11.1111
-4.55556
-1.33333
-1.77778
-0.611111
0.944444
1.72222
1.05556
-0.0555556
-1.38889
-2.77778
-2.55556
1.66667
9.33333
17.8333
22.4444
-8.55556
-19.5556
-24.1667
-9.27778
12.2778
22.8333
17.2778
7.22222
2.11111
1.77778
3.33333
5.72222
5.38889
1.27778
-3.88889
-6.11111
-4.5
-2.55556
-0.888889
0.111111
0.833333
0.833333
0.166667
-0.111111
-0.611111
-2.66667
-5.38889
-5.27778
0.5
10.2222
17.8889
23.1667
-7.83333
-19.8889
-27.4444
-15.7778
7.22222
23.0556
21.8333
11.8889
4.22222
1.44444
0.777778
1.22222
1.16667
0.5
-0.333333
-0.666667
-0.833333
-0.5
-0.166667
1.11111
0.555556
0.166667
-0.888889
-0.611111
-1.55556
-4.72222
-8
-6.05556
2.88889
15.0556
20
20.3889
-5.77778
-18.6667
-29.5
-24.7222
-1.38889
20.5556
26.7222
18.4444
8.38889
3.22222
1.22222
0.611111
0.166667
0.0555556
0.166667
0.333333
0
0.444444
1.11111
2
0.777778
-0.888889
-2.27778
-2.55556
-4.16667
-7.44444
-9
-3.5
8.55556
21.9444
24.1111
18.6111
-3.05556
-14.1667
-27
-30.7222
-12.7778
12.2222
26.7778
23.8333
13.6667
6.38889
2.72222
0.944444
-0.222222
-0.166667
0.111111
0.722222
1.38889
3.38889
5.5
4.33333
0.388889
-4.77778
-6.55556
-7.11111
-7.88889
-8.88889
-6.38889
2.66667
16.3889
27.9444
27.8333
16.9444
-1.5
-9.38889
-22.6667
-32.7222
-24.1667
-0.333333
21.2778
26.9444
20
11.3333
5.5
2.11111
0.333333
0.277778
0.666667
1.16667
3.66667
8.77778
14.2222
10.2778
-0.444444
-13.3333
-16.8333
-15.0556
-11
-6.83333
-0.277778
9.66667
22.0556
29.6667
28.2222
14.5556
-0.611111
-4.33333
-16.4444
-30.8889
-34.6667
-17
9
25.6667
26.2222
18.4444
11.0556
5.77778
2.66667
1.22222
0.722222
1
5.11111
14.7778
23.3889
17.5556
-3.05556
-24.2778
-29.5556
-22.1111
-11.0556
-2.16667
5.72222
13.5556
22.7778
26.7222
25
11.6667
-0.444444
-1.16667
-10.7222
-27.1667
-41.3889
-34.2222
-8.72222
18.0556
29.9444
26.9444
19.2778
11.8889
6.88889
3.33333
1.38889
0.722222
4.88889
16.4444
25.9444
19.6667
-6.27778
-30.8333
-36.3889
-23.7778
-7.55556
3.27778
9.11111
13.3333
19.2778
21.6667
19.6667
8.5
-1.5
-0.444444
-6.33333
-20.9444
-39.8333
-45
-28.5
0.166667
22.5
29.5
27.1667
20.7222
14.3889
7.77778
3.44444
1.27778
3.88889
12.7222
19.1111
13.3889
-8.55556
-28.1111
-31.5
-18.3889
-1.66667
8.22222
10.9444
11.6111
14
15.8889
13.3333
5.83333
-5.11111
-1.27778
-2.94444
-12.5556
-29.6111
-44.0556
-42.9444
-24.8333
-0.888889
16.5
25.6111
26.9444
24.5556
18.2778
12.7222
7.61111
5.38889
6.61111
6.66667
0.555556
-11.6111
-20.1667
-17.7778
-7
6.16667
13.2778
13.4444
10.8889
8.61111
8.83333
5.83333
3.44444
-12.7222
-3.16667
-1.05556
-5.05556
-15.8333
-31.5556
-43.1111
-42.2778
-29.0556
-10.9444
5.38889
16.7222
26.1667
33.6667
35.7222
29.2778
13.1111
0.5
-9.44444
-14.4444
-17.3333
-14.6111
-3.88889
7.44444
17.0556
19.6111
16.6111
11.4444
4.83333
2
-1.22222
1.5
-20.7222
-5.88889
-0.777778
-1.11111
-5.38889
-15.9444
-29.8889
-40.2222
-41.7222
-34.0556
-21.7778
-4.61111
16.3889
42.2778
55.6667
51.9444
20.7222
-6.94444
-26.2778
-23.9444
-15.0556
-1.33333
11.8333
18.9444
19.6667
15.9444
12.3889
9.11111
3.16667
-1.61111
-4.61111
-0.333333
-17.3889
-7.27778
-1.61111
-0.222222
-0.833333
-4.55556
-11.2778
-19.5556
-28.9444
-36.8333
-41.2222
-29.4444
-2.72222
38.3333
61.8333
60.8333
22.5
-14.0556
-36.6111
-28
-8.83333
11.1111
22.9444
24.3333
17.1111
7.83333
3.44444
3.61111
2.33333
-0.944444
-3.38889
-1.5
16.58
13.92
7.9
9.18
15.92
24.16
30.86
32.06
22.48
9.04
-7.6
-23.24
-33.06
-23.98
-10.38
4.62
17.08
26.94
20.34
6.2
-7.92
-17.96
-25.66
-26.14
-20.6
-13.66
-8.22
-4.28
14.4
17.58
18.24
23.98
33.1
41.3
45.46
43.74
31.44
12
-10.3
-29.96
-40.62
-31.84
-11.4
12.06
29.94
36.88
25.28
3.42
-19.1
-35.48
-44.28
-43.62
-36.36
-26.62
-17.56
-10.08
17.34
25.44
31.62
39.52
48.02
52.46
49.94
41.76
25.4
2.12
-21.88
-39.02
-44.46
-33.18
-8.06
21.38
42.6
47.26
34.12
9.84
-18.02
-40.48
-53.2
-55.82
-51.28
-41.76
-30.44
-19.22
22.76
34.88
45.1
52.18
55.2
50.98
38.24
21.64
2.7
-18.02
-35.24
-42.6
-39.66
-26.22
-1.84
26.74
47.34
52.96
44.74
25.62
-1.1
-27.46
-47.12
-58.12
-61.48
-56.62
-45.18
-30.72
29.32
44.26
55.24
57.62
51.14
35.36
12.66
-8.44
-23.9
-35.36
-40
-36.08
-26.66
-14.28
5.06
27.2
44.6
51.38
49.96
39.76
20.58
-4.78
-28.76
-47.86
-61.18
-65.12
-57.32
-42.36
36.98
51.82
58.94
53
35.28
9.32
-18.44
-38.24
-46.06
-45.98
-38.18
-25.84
-12.46
-1.44
12.94
27.72
40.78
46.84
49.44
46.66
37.06
18.24
-4.2
-27.08
-48.12
-62.12
-62.9
-52.16
42.7
54.54
55.02
39.24
11.5
-20.04
-46.96
-60.94
-60.12
-49.18
-32.5
-16.06
-2.98
7.18
17.1
26.46
36.1
43.18
47.92
50.3
48.28
37.52
19.68
-2.9
-27.58
-49.06
-59.62
-56.74
43.84
51.4
44.9
20.86
-12.3
-43.42
-64.52
-69.58
-59.08
-39.84
-19.52
-5.54
1.78
7.12
12.44
18.06
27
36.74
44.06
49.5
52.84
49.14
37.68
18.68
-5.56
-30.54
-48.92
-55.1
40.3
43.44
30.92
3.66
-27.78
-53.3
-65.84
-61.62
-44.52
-23.08
-5.46
1.34
1.18
0.16
1.58
5.86
15.66
27.02
36.46
43.02
48.8
51.26
47.64
34.54
14.48
-9.7
-33.6
-48.52
36.5
34.14
17.02
-9.02
-33.78
-50.96
-55.76
-46.64
-29.36
-12.7
-1.34
0.58
-3.26
-7.76
-7.62
-3.48
5.98
17.88
28.88
35.66
41.44
47.56
50.18
43.36
29.2
9.18
-16.68
-38.48
31.92
25.3
6.66
-14.02
-29.3
-37.88
-37.3
-28.16
-16.66
-7.56
-3.04
-4.14
-8.82
-14.58
-17
-13.72
-5.68
6.46
20.16
29.44
34.7
41.14
46.36
43.72
34.72
21.02
-1.02
-24.46
26.18
17.72
1.42
-11.06
-16.38
-17.84
-14.26
-8.06
-3.78
-2.18
-3.1
-6.12
-11
-19.38
-26.4
-26.96
-22.48
-11.4
6.22
20.52
27.74
34.66
40.78
40.18
34.62
26.38
10.28
-11.04
20.56
12
0.02
-4.5
-2.06
1.08
5.66
8.22
5.8
0.6
-4.04
-6.58
-9.76
-18.9
-29.22
-34.16
-35.24
-28.4
-9.74
9.08
19.26
27.52
34.62
35.26
31.66
27.36
17.32
0.34
16.32
8.22
0.36
0.98
7.48
13.5
18.22
17.1
9.6
-1.06
-9.32
-10.48
-9.86
-15.88
-24.5
-30.48
-36.1
-34.5
-19.04
-0.06
11.26
19.88
26.98
29.12
27.44
26.02
21.8
10.36
8.86
4.7
2.98
7.24
15.02
22.7
28.02
25.36
15.74
3.42
-8.3
-12.96
-12.64
-16.4
-23.2
-27.14
-32.8
-34.42
-22.66
-5.68
4.64
12.42
18.78
21.04
21
22
22.9
18.3
1.2
1.44
5.18
11.2
18.56
26.48
31.64
29.96
22.36
10.66
-2.18
-10.42
-14.46
-19.18
-23.62
-25.58
-28.82
-30.02
-21.14
-7.78
0.78
6.84
11.8
13.74
14.54
17.02
21.48
22.02
-6.66
-2.26
6.52
13.78
19.9
26.78
30.24
28.2
22.32
12.5
0.52
-8.6
-14.44
-18.16
-19.42
-18.88
-19.64
-19.94
-14.84
-6.66
-1.18
2.26
5.04
6.52
7.7
11.58
18.98
24.66
-14.8
-6.88
6.84
16.32
21.72
27.1
28.12
24.1
18.42
10.76
0.84
-7.6
-13.3
-15.28
-14.1
-11.46
-10.02
-9.1
-6.92
-3.42
-1.38
-0.84
-0.6
0.48
2.66
8.18
17.7
27.38
-23.66
-12.82
5.84
18.78
24.98
29.48
28.44
22.58
16.62
11.08
4
-3.58
-9.84
-12.12
-11.14
-8.5
-5.72
-3.66
-2.32
-1.58
-1.96
-3.66
-5.1
-4.5
-1.08
6.48
17.74
29.7
-29.14
-19.14
0.58
16.94
25.74
30.4
28.6
21.82
14.94
9.82
5.3
0.44
-4.68
-6.56
-5.5
-4.06
-1.96
-0.12
-0.66
-2.78
-4.84
-7.86
-9.84
-7.94
-2.3
7.62
20.36
32.86
-34.62
-27
-7.18
13.14
26
32.46
31.64
23.74
14.54
8.34
4.48
1.7
-0.12
0.74
2.82
3.88
4.4
3.58
-1.12
-7.06
-10.92
-14.12
-15.06
-10.16
-0.58
12.06
25.48
37.64
-39.14
-35.26
-18.08
4.44
22.32
33
35.6
29.44
19.42
11.2
5.9
3.1
3.08
6.16
9.6
10.8
10.14
6.16
-3.14
-13.18
-18.64
-21.02
-19.52
-10.82
3.76
18.76
31.78
41.86
-41.36
-42.4
-31.16
-9.82
12.24
28.74
37.2
36.12
28.12
18.58
10.9
6.3
6.14
10.1
14.66
15.84
14.28
7.38
-6.26
-20.28
-26.62
-27.52
-22.9
-10.22
8.44
24.48
36.36
43.92
-40.96
-47.2
-43.62
-26.42
-3.24
17.72
33
39.26
36
27.66
18.86
12
10.24
14.16
18.76
19.46
17.04
8
-9.72
-26.2
-32.34
-31.38
-23.56
-6.9
13.66
28.62
38.46
43.5
-40.44
-49.82
-52.76
-42.12
-21.58
1.1
21.54
35.04
39.28
36.24
29.64
22.2
19.06
21.02
22.76
20.74
16.26
5.36
-13.98
-29.78
-33.5
-29.62
-19.02
-0.32
19.28
30.88
37.28
39.3
-38.72
-48.62
-56.98
-54.6
-40.14
-19.3
2.48
20.6
32.7
38.46
38.3
35.36
33.88
33.2
28.34
20.06
10.12
-2.94
-20.26
-31.14
-29.36
-20.84
-8.38
9.18
24.8
31.26
33.24
32.34
-35.04
-43.34
-54.52
-59.28
-53.32
-38.38
-18.64
1.28
18.7
33.86
42.44
45.84
46.02
43.22
31.18
16.64
2.68
-8.94
-20.9
-24.24
-17.58
-7.44
3.1
16.44
25.78
27.4
26.6
24.24
-28.26
-34.84
-45.76
-54.56
-57.02
-51.12
-37.56
-19.8
0.08
23.38
41.56
52.82
56.08
50.88
32.48
12.4
-4.98
-14.86
-19.64
-15.02
-3.9
7.24
15.12
22.68
25.3
22.48
19.16
15.62