24.625
25.625
19.5
11.75
0.625
-6.125
-6.375
-5.125
-2.125
0
0.125
-1.375
-5.375
-17.75
-31.5
-35.375
-35.125
-30
-27.625
-38.75
-35.875
-18.625
-0.875
16.375
15.125
3.625
-1.375
3.875
6
3.875
-10.625
-29.5
-35.875
-28.875
-3.375
-4.625
5.25
11.625
3
-3.375
-2.125
-3.375
2
14.125
25.25
46
61.625
64.5
54.875
30.5
7.25
-8.875
-18.875
-11
13.875
27.125
37.625
37.375
16.875
9.5
11.375
11.5
10.75
0.5
-19.25
-30.125
-37.75
-39.375
-9.875
-19
-14.125
-3.25
-2.5
1.125
4.875
11.625
31.75
67.5
102
132.5
144
124.375
87.25
35.25
-8.75
-30.625
-34.75
-16
8.875
27.375
49.375
64
62.5
57.125
39.5
17.625
10.875
3.125
-0.5
0.625
-2.75
-10.75
-7.875
-17
-19.75
-13.25
-4
12.25
30.75
65
104.25
134
144
121.25
78.5
27.375
-22.625
-62.25
-82
-82.75
-79.125
-69.75
-62.75
-48.625
-12.375
39.375
86.625
109.625
99.125
65.75
40.25
20.375
19.25
24.5
23.625
17.875
-7
-10.125
-12.5
-11.875
7
36.75
78.625
121
136.375
109
56
-2.5
-49.25
-67.75
-72.125
-65.125
-40.25
-14.75
-7.875
-14
-38.5
-63.625
-66.625
-42.75
10
65.625
104.875
108.25
78.875
43.625
25.75
29.625
41.625
49.375
-5
0.875
4.75
14.5
46.5
82.75
109.625
103.875
59.125
-0.125
-45.25
-61.375
-54.375
-38
-22.125
0.5
31.75
54.875
66.625
54.5
24.125
-8.125
-35.625
-50.875
-47.375
-17.5
30.625
76.625
80.75
63.25
40.625
25
38.5
46.375
-12
-1.125
16.75
50.125
85.5
105.25
86.25
29.5
-31.125
-62.125
-56.25
-34.625
-13.375
-4
3.5
21.125
34
41.5
52.875
44.75
32.625
23.625
4.5
-11.875
-32
-46
-38.25
1.875
46.375
71.5
72.5
48.625
35.25
23.25
-21.5
-8.25
25.75
68.125
88.75
78
28.5
-26.125
-53.5
-48.75
-25.75
-8.875
-2.875
0.75
16.375
33.875
36.125
35
35.5
33.875
33.5
32.75
16.625
0
-9.625
-28.625
-46.5
-41.75
4.75
50
67.25
60.75
24.25
-1.625
-19.25
7.5
49.125
74.375
71.375
30.75
-19.875
-44
-38.5
-18.5
-3.875
0.875
2.75
12.125
33
43.25
41.625
32.125
18
22
26.125
27.375
20.625
5.625
0.75
-5.875
-21.375
-41.625
-30.375
0.5
18.25
25.75
-3.5
-31.25
6.125
43.875
71.25
72.5
45.125
-8
-37.75
-39
-19.25
-3
1.125
2.625
8
27.25
40.25
42.375
36.875
17.125
3.875
10.625
23.625
27.125
27
17.125
4.125
0.75
-4.5
-23.25
-42.125
-31.25
-7.375
1.5
-0.5
-26.625
39.125
63.25
65.75
50.125
8.75
-27.75
-34.75
-22.5
-5.375
0.125
0.625
2.25
12.5
32.5
37.375
36.75
26.125
5.875
0.625
6.75
28.375
34
34.375
27.25
5.875
0.125
-0.875
-5.5
-26.375
-28.125
1.875
11.75
21.375
7.875
58.5
58.125
44.25
16.375
-20
-31.75
-27.875
-8.5
0.125
0.875
1
8.25
25.875
35
36.5
29.125
11
1.625
0
2.75
18.25
27.625
30.25
27.375
11.75
2.75
0.875
2.25
-5.25
-15
0.75
12.125
16.125
19.75
65.5
52.625
33.5
0.5
-24.375
-25.25
-18.875
-2.75
0.25
0.375
2.125
18.25
35.875
37.25
35.875
19.625
1.5
0
0
0.375
4.5
19.875
27.625
28.25
24.75
10.625
6.25
9
9.125
-2.125
-9.625
-0.125
2.75
11
55.75
34.25
22.5
-0.875
-13.375
-13
-6.25
-0.25
0.625
1
8
24.5
32.625
32.375
25.375
8.625
0.25
0
0
0.125
0.375
16.125
27.5
28.75
29.75
14.625
8.875
13.75
12.625
4.5
-14.875
-2.625
14.625
28.125
14.5
5.125
4.625
-6.5
-8.5
-8.375
-0.25
0.5
0.75
2.375
13.125
23.25
20.75
14.625
0
-10.625
-8.125
-3.375
-0.25
-1.625
-1.75
6.375
17.875
20.375
20.875
12.25
3.375
3.75
2
-2.125
-19.75
-7.25
19.5
40.5
-30.625
-6.125
-4.25
-12
-10.125
-9
0.125
0.875
0.75
1.375
1.5
-4.375
-20.625
-39.625
-48.5
-43
-27
-8.5
-3
-13
-21.875
-26.5
-18.875
-8.125
0.625
5.25
-3.75
-10
-10.375
-11.5
-18.25
-7.875
2.125
12.25
-33.625
-7.375
-8.5
-10.875
-8.25
-5.875
0.5
1.25
1.375
-0.375
-13.375
-36.125
-60.125
-82.625
-77.125
-54.625
-30.875
-7.125
-4.875
-25.625
-49.125
-70.375
-77.75
-57.875
-34.625
-13.625
-6.25
-9.75
-9.125
-8.625
-9
-2
-13.25
-21.125
-20
-12.5
-13
-6.75
-2.375
-1.25
0.5
0.625
1
-0.375
-8.625
-27.875
-43
-53.75
-47.25
-28.125
-12.875
-1.25
-2.25
-19.875
-41
-64.875
-81.75
-66.375
-45.875
-22.75
-1.75
3.375
3.875
4.625
1
-1
-16.875
-32.125
-15.875
-15.125
-10.75
-6
3.625
2.875
0.125
0
-0.375
-0.75
-1
-6.5
-10.125
-11.75
-9.125
-3.5
0.25
2.125
-3
-9.375
-16
-25
-29.375
-24.125
-18.375
-9.5
2
7
7.5
7.75
3.5
-0.375
-8
-17.625
-15.625
-18.875
-10.375
-4.625
9.125
8
0.75
0.75
-0.25
-0.5
-0.375
-0.375
-0.375
-0.75
2.125
2.25
2.125
2.75
-5.25
-6.375
-6.75
-7.125
-1.5
-0.25
-0.375
0.125
-3
-6.375
-5.75
-5.625
0
1.875
-1.75
-3.75
-1
-12.125
-8.375
0.5
11
10.125
2.25
1.875
1
1
0.75
0.75
1.25
1.125
4.125
3.75
3.375
3.375
-3
-3.125
-3.375
-4
-1
-0.75
-0.25
0.5
-4.375
-7.75
-5.375
-5.125
7.125
6.5
-0.875
-2
1.375
-15
-14.5
-5.375
1.625
8.75
3
1.375
1.375
1.5
1.125
1.375
2.125
2.875
5
4.125
3.5
2.5
-2.75
-2.75
-2.875
-2.875
0
0.25
0.75
1
0
-0.375
1.625
3.375
19.25
10.25
4.75
2.625
-35
-41.75
-31.75
-10.875
-2.75
13.5
7.25
0.75
0.625
1.125
1
1.375
1.875
2.875
3.125
2.5
1.5
0.25
-4.25
-4.5
-4.5
-3.875
0.625
1.25
1.625
1
0.75
-1.25
-4.625
0.75
20.25
3.25
4
-0.375
-42.75
-46.5
-38.5
-10.75
2.5
20.375
18.625
2.75
-0.375
-0.125
0.25
0.375
0.625
1.25
2.125
2.125
1.5
0.875
-3.875
-4.125
-4.25
-4.375
-0.75
-0.625
-0.25
-0.125
-0.25
-1.125
-4.5
6.5
12.875
-14.625
-20.75
-32.75
-9.875
-29.25
-44.375
-26
-1
18.75
29.75
10.5
0.125
-0.875
-0.875
-0.875
-0.75
-0.375
1
1.375
1.625
1.25
-3
-3.75
-4
-4.375
-1.625
-0.875
-0.75
-0.25
0.375
0.25
7
23.875
7.75
-20.75
-41
-60.875
21.375
-11.875
-46.5
-42.25
-11.125
11.75
32
24.875
6.75
0.25
-0.125
-0.375
-0.5
-0.125
-1.375
-1.125
-0.5
-1.125
-1.125
-2.125
-2.25
-2.125
-1
0.75
1
0.75
1.625
2.625
20.375
28.5
-6.125
-24.25
-48.75
-58.375
23.75
-12
-46.125
-56.125
-35.625
-4.625
22.75
35.5
20.5
5.375
2.125
1.375
0.875
1.875
0.375
0.125
0.25
-0.875
-1
-1.5
-1.5
-1.5
-0.75
0
0.375
0.625
2.875
13.5
28.375
7.375
-31.625
-47.75
-63.875
-43.375
-17.25
-29.375
-46.125
-67.75
-66.625
-35.125
3.5
35.5
37.5
20.375
6.75
2.125
1.625
3
3.625
3
2.75
1.25
-2.625
-2.75
-2.625
-2.5
0.125
-0.125
-0.125
1.5
11.375
29.375
16.625
-24
-52.125
-70.75
-57.875
-17.875
-55.125
-37.125
-34
-56.5
-73.625
-64.125
-26.75
19.125
49.25
46.75
26
11.125
4
3.5
3
2.25
1.5
-0.125
-1
-0.75
-0.375
0.375
1.75
2
6
17
33.375
28
-12.625
-48.875
-67.125
-59.375
-19.25
8.375
-42.25
-22.875
-13.25
-29.375
-58
-78.25
-71
-32.625
19.75
50.75
50.5
37.5
19
7.5
1
-4.125
-6.875
-11
-8.625
-6
-4.25
1.5
5.875
15.5
31.625
47
38.25
-7.75
-49.25
-69.875
-60.25
-17.75
15.375
22.625
-11.75
-4.375
1.625
-4.875
-29.125
-57.625
-83
-86.25
-59.625
-15.125
25
52.25
56.125
37
6
-24.75
-45.125
-61.875
-55
-39.625
-20.75
7.125
31.25
50.25
55.375
30
-25
-74.875
-94
-79.25
-38
-4.875
12.125
15.375
-1.375
-1
-0.5
0.625
-6.375
-16.875
-38.75
-71
-96.125
-95.5
-61.875
-14
34.25
56.125
34
2.5
-30.875
-58.25
-44.5
-15.5
18.25
47.75
53.875
29.125
-15.625
-74.625
-117.125
-116.5
-95.625
-56.375
-26.125
-19.75
-12.5
-6.375
0.25
-1.375
-4.125
-2.375
4.875
6.25
-4.25
-25.5
-63
-102.875
-119.125
-120.125
-91.625
-45.375
-14.875
7.125
8.625
4.25
11.375
19.125
20.375
4.25
-35.75
-89.75
-132.375
-142.875
-120.875
-78.75
-41.5
-22.375
-17.375
-17.75
-21.125
-15
2.25
4.875
8.625
20.5
36.75
36.75
16.875
-4.625
-34.25
-64.125
-87.875
-119
-141.375
-141.5
-119.125
-92.125
-73.625
-66
-75.5
-94.5
-115.875
-137.25
-151.25
-146
-125.5
-86.25
-46.25
-20.125
-2.875
-2
-1.375
-0.5
-8
-8.375
4.625
-16.375
-27.25
-28
-8.375
10.625
5.375
-8.375
-10.875
-5.75
-1.875
6.375
39.375
97.25
124
95.375
51.875
15.75
-8.375
-26.5
-49.625
-60.125
-63.625
-85.125
-78.875
-29.375
4.875
8.875
0.75
6.625
24.375
24.75
11.625
16.125
4.375
-17.625
-34.75
-33.375
-11.5
4.125
6.625
1.125
-5.25
2.875
14.25
25.25
52.625
84.25
92.125
76.75
48.75
15.375
-8.375
-25.75
-44.875
-45.875
-49.125
-87.625
-94.125
-41.75
0.125
11.75
8.25
7.25
12.25
11.375
13.25
31.125
4.625
-10.75
-36.625
-31.75
-6.25
0.875
3.625
12.875
22
34
37.75
30.25
36.25
48.875
44.25
37
32
13.625
-7
-18.5
-15.625
-4.625
-22.125
-69
-91.25
-65.125
-22.25
5.375
6.625
-4.375
-9.5
-0.125
18
30.25
-2.625
-7
-31
-24
-1.75
5.25
26.5
52.75
52.5
37.75
19.5
9.5
18.25
24.625
18.625
12.75
15.25
19.5
1.875
-19
-6
6.625
-13.875
-41.875
-51.125
-45.125
-35.875
-26.75
-15.25
-10.625
-15.25
2.75
26.625
23.875
-16.25
-16.125
-25.5
-12.375
13.75
34.5
62.625
74
47.625
16.75
2
1
8.75
4.75
-7.875
-5.375
20
40.5
11.375
-30
-21
0.625
-4.375
-16.75
-19.25
-15.875
-22.375
-40.75
-47.875
-37.375
-19.5
16.375
41.625
22.125
-14.25
-18.625
-21.5
5
46.25
70
76.375
61.875
25.625
-6.375
-18.25
-20.375
-18.625
-16
-13.375
2.25
41.75
63.875
13.125
-50.75
-43.375
-3.125
14.125
13.125
8.125
3.5
-4.625
-25.125
-55.25
-71
-36.375
29
50
12.375
-11.5
-13.875
-7
34.875
83.5
91
65.25
26
-14.625
-38.875
-41.25
-27.375
-10.375
-1.5
5.25
28.625
69.25
77.25
13.375
-62.75
-73.875
-37.375
-7.75
6.625
24.25
35
22.75
-1.125
-34.375
-72
-60
14.125
60.75
18.75
0.25
1.75
21
74.625
108.5
78.5
17
-29.625
-47.5
-41.5
-21.75
-6.625
-1.375
3.25
20.875
54.625
81.125
67
8
-55.375
-82.75
-62.25
-23.125
-3.25
7.375
24.625
37.25
34.75
4.25
-52.5
-73.5
-17
42
17.375
12
27
66.625
112.125
100.875
25.25
-42.625
-58.75
-42.75
-20.25
-3.625
0.875
1.5
12.125
40.5
71.25
73.125
43.875
4.75
-36.25
-77.375
-79.625
-37.875
-8.375
-2
4.375
20.625
41.625
43.375
-3
-63
-52.5
4.75
3
21.375
65.875
112.25
115.5
54.125
-33
-71.75
-53.25
-22.25
-4.5
1.125
1.875
5.5
29
65.5
77.125
52.875
20.375
2.625
-16.375
-59.625
-85.875
-59.75
-22.375
-5.125
-1.25
4.25
23.5
50.875
42.5
-22.875
-68.5
-44.75
-21.625
31.375
104
142.25
88.875
-9.5
-73
-67
-30
-7.625
-0.875
1.875
3
14.5
51.5
82.625
67.25
28.375
5.875
0.375
-7.5
-37.125
-75.75
-77.625
-40.75
-10.625
-1.875
0.375
6.5
29.125
51.625
28.125
-42
-88.625
-68.375
45.25
133.125
139.25
35.125
-63.25
-81.25
-45.125
-12.75
-2.375
0.375
2.5
10
35.875
72.25
78
43.125
11.5
1.625
0
-3
-19
-57.875
-85
-60.625
-21.25
-4
0.875
1.75
10.5
39
58.25
-5.125
-103.625
-105.5
60.5
146.375
107.75
-18.75
-89.875
-69
-24.625
-6.25
-1.5
1.125
3.625
21
58.375
82.75
63.625
22.625
1.75
0
0
-0.375
-4.5
-36.125
-81.125
-78.75
-38.5
-8.625
3
6
3.875
18.375
62.875
33.125
-91.5
-136.25
63.75
143
73.25
-51.625
-97.375
-54.75
-11.75
-3.25
-0.875
1.5
9.25
39.75
78.625
77.125
38.625
8.625
0.25
0
0
-0.125
-0.375
-19.875
-64.5
-86.25
-58
-17.125
5.875
13.5
3.125
0.75
44.125
53.125
-44.625
-125.375
84.5
137.875
41.875
-74
-95
-41.375
-5.75
-2.5
-0.25
2.375
16.625
58.5
86.75
55.625
14.5
6.875
8.375
3.375
-0.25
-1.625
-1.25
-7.375
-41.625
-85.125
-77.875
-28
6.375
15.25
2
-7.875
24.25
56.25
-1.25
-100.5
109.375
132.625
20.75
-82.25
-86.625
-33.25
-5.125
-2.125
0
2.125
16.5
56.875
73.875
32.625
8.25
26
27
8.5
-3
-13
-15.875
-4.5
-18.875
-70.625
-81.875
-33.5
4.5
13.75
1.625
-10.25
10.25
60.625
39.125
-82
127.625
134.125
14
-85.375
-80
-26.875
-3.75
-1
-0.375
1.125
14.375
44.875
49.875
14.125
13.625
51.125
47.375
13.875
-5.375
-28.875
-41.875
-16.875
-10
-49.125
-63.375
-27.875
2.75
10.5
1.375
-7.875
3.25
57.75
54.75
-73.375
149.5
134.75
14
-84.5
-75.125
-22.5
-3.5
-1.125
-0.5
0.625
8.125
25.125
25.75
3.25
24.25
77.625
66.875
18.25
-8.25
-45.875
-68.25
-30.125
-4.25
-28.125
-41.125
-19
3.5
10.125
1.625
-6.875
-0.5
55.25
52.375
-87.625
147.625
130.875
24.25
-76.5
-75.625
-21.875
-2.875
-1.75
-0.875
-0.5
-0.5
5
8.875
2.25
38.625
99.25
78
18.875
-13.25
-63.875
-91.25
-42.25
-2.625
-10.375
-16.625
-7.75
4.75
10.75
2
-6.25
-1.25
54.625
43.5
-106.625
125.875
132.125
49.875
-61.875
-80.875
-27
-3.25
-2
-1.25
-0.75
-0.875
-0.875
0.375
3
47.875
106.5
77.625
16.75
-15.75
-72.125
-101
-49.625
-7
-3.25
-1.375
0.125
5.25
10.625
2.75
-5.375
1.25
55.625
31
-124.75
100.5
123.625
69.125
-47.5
-86.75
-32.375
-4
-2.375
-1.5
-1.5
-0.75
0
0.5
2.375
50.875
110
74.375
13.375
-19.25
-76.375
-98.625
-46.25
-6.25
-2.25
-1.25
0
5.625
11.25
5.625
-3.375
3.625
55.25
19.125
-133
75.125
114.75
90
-20.625
-85.375
-41.5
-5.75
-2.125
-1.375
-1.75
-1.125
0.125
1.625
3.125
52
110.625
72
11.5
-23.75
-81.25
-94.625
-41.375
-5.25
-1.5
-1.25
-0.5
1.75
3.375
5.125
6.375
22.25
58.25
-6.25
-140.625
57.5
112
108
7.625
-77.25
-53.5
-12.25
-2.25
-1.125
-2.125
-1
0.625
2.125
3.625
53.375
111
69.5
9.75
-26.5
-84
-92
-38.875
-5.375
-1.25
-0.375
0
-0.25
0.75
5.125
11.75
41.5
54.25
-43
-144.125
45
92.25
108.5
47.25
-46.75
-64.125
-26.875
-4.5
-0.875
-2.125
-1.25
0.875
3.125
4.75
54.875
111.125
67
8.125
-30.375
-88.125
-88.5
-34.875
-5
-1.125
-0.25
0.375
0
0.125
4.25
21
58.125
29.375
-90.25
-137.5
30.125
67.5
104.125
86.25
-1
-63
-47.75
-13.75
-1.875
-1.625
-0.875
0.375
3
5.875
55.5
110.125
66.375
8.25
-33.75
-92.25
-86
-30.625
-3.875
-0.875
0
0
-0.375
-1
6.5
39.125
65.75
-15.25
-132.25
-118.375
1.625
35.625
88.25
109.25
49.875
-41
-64.25
-32.125
-7.75
-2
-0.625
0.625
2.5
6.125
56.125
109.625
66
8.375
-35.375
-94.375
-85
-28.875
-3.75
-0.5
1
0.25
-0.625
1.125
19.375
53.5
33.875
-77
-142.25
-83.375
-26.5
-0.5
56.375
113.375
100.625
6.125
-60.25
-51
-21.25
-5.875
-0.875
0.625
1.875
6.625
57.875
109.375
64.5
7.875
-37.75
-97.5
-83.5
-26
-3.25
-0.5
1.375
0.875
1.875
11.5
36.375
44.125
-23.375
-120
-124.125
-49.375
-38.75
-15.625
31.875
91.75
121.125
63.125
-22.25
-52.5
-41
-21.375
-5
1.125
1.375
6.75
58.375
108
63.75
8.25
-39.125
-99.25
-82.375
-23.75
-2.375
-0.375
1.375
1.75
11.125
29.375
31.625
-2.25
-73.625
-120.75
-83.125
-20.875
-34.625
-13.625
15.75
63
112.125
100.375
33.5
-21.875
-41.25
-37.5
-22.5
-7.375
0.25
7.5
58
105.5
62.75
8.375
-39.75
-99.25
-81.375
-23.125
-2.5
-0.25
6
16.25
27.125
20
-9.375
-47.375
-92.125
-94.125
-39.75
-3.125
-15.25
-3.125
8.5
34.375
79.25
104.25
76.75
22.625
-15.25
-28.25
-30.75
-23.5
-9.5
2.25
53.25
100.875
60.125
6.75
-42.625
-96.75
-74.5
-18.5
2.625
10.75
21.875
23.75
8.75
-19.5
-48.25
-68.875
-73.5
-48.75
-13.375
0.375
0.25
9.625
15.375
19.875
42.125
83.125
96.5
50
-4.875
-10.625
2.5
-2.5
-15.625
-20.25
22.75
70.25
45.375
4.125
-34.75
-73.375
-51.5
-1.125
21.75
22.5
10.125
-11.75
-30
-45.875
-67.25
-62.75
-32.75
-14.875
-1.125
5.625
5.625
13.75
17.5
12.625
19.625
59.625
91
58.75
3.875
-5.5
15.125
22
9.25
-3.125
16.25
41
24.375
-1
-22.25
-41.25
-27.75
-3.25
1.625
-9.125
-20.875
-28.625
-43.375
-63.75
-62.125
-26.625
-1.125
-2.25
3.5
7.625
6.25
15.125
18.375
12.875
17.375
46
58.25
26.75
-2
6.375
28.125
30.625
17.375
6.125
16.375
34.625
24.125
-0.25
-20.625
-31.875
-22.375
-10.75
-11.5
-18.75
-29.125
-43.875
-59.625
-54.5
-27.25
-2.125
7.375
3.5
5.125
10.25
6.75
18.125
23.625
25.5
35.75
45.5
22.625
-22.625
-36.25
-8.125
35.875
51.25
31.125
15.25
16.375
18.375
4.875
-13
-18.25
-15
-9.375
-9
-16.5
-30.75
-46.5
-51
-40
-17.125
-0.625
5
8.375
4.25
1
6.625
3.94444
1.77778
2.77778
1
-2.33333
2.11111
11.5
25.3333
44.3889
65.6111
76.6111
73.0556
58.7222
35.3333
9.83333
-16.6667
-38.1667
-42.7222
-30.3889
-12.5
6.66667
25.6667
38.9444
44.1667
39.1111
33.3889
24.8889
10.1111
-2.22222
-8.72222
-13.9444
-21.5
-9
-9.72222
-6.66667
0
10.4444
30.5556
51.8889
73.6667
96.6111
118.667
125.444
113.222
86.5
50.8333
17.3333
-13.1111
-37.3333
-42.8333
-30.8333
-14.0556
7.11111
32.2778
55.2222
67.2222
65.8889
62.8333
55.1667
33.7778
14.6111
4.05556
-1.5
-11.3889
-13.2222
-12.8333
-6.94444
9
33.5556
65.7222
92.2778
113.278
126.722
126.611
108.278
74.1667
35.1111
-3.44444
-31.7222
-49.2222
-61.8333
-64.1111
-58.7778
-44.7778
-25.6667
1.27778
35.5
65.3889
85.8889
93.6111
88.9444
68.3333
49.3333
36.3333
30.5556
23.9444
-8.27778
-3.44444
10.1667
36.3889
70.9444
98.6111
114.333
115.444
101.333
73.8333
37.8889
3.5
-23.1111
-35.7778
-33.1111
-24
-19.6667
-19.7222
-21.7778
-24.7778
-31.8333
-30
-7.83333
25.6667
58.5556
82.1111
90.3889
84.8889
74.1667
61
51.0556
41.3889
-2.16667
15.5556
43.2222
72.4444
93.2222
99.3889
91.8333
70.6667
38.0556
0.722222
-27.5556
-42.3333
-44.3889
-33.3889
-15.4444
3.05556
18.2778
22
17.3333
4.22222
-14
-27.2778
-29.5
-13.0556
16.6111
48.3333
66.3333
75.2778
79.7222
78.8889
72.8333
55.6111
3.88889
36.5
70.1667
88.8889
89.5556
76.3889
50.9444
15.0556
-20.3889
-43.0556
-47.4444
-38.5
-19.2778
4.33333
23.7222
38.8333
55.9444
63.5
54.0556
34.8889
15.4444
-2.27778
-24.1667
-34.9444
-26.6667
-1.44444
25.7778
46
59.9444
69.2222
69.6111
51.7222
17.3333
53.5
77.0556
79.7778
65.7222
41.7778
8.16667
-24.8889
-43.2222
-43.2222
-28.9444
-10.6111
12.1667
31.1667
37.8333
41.6111
54.2222
62.3889
51.4444
36.6111
29.8889
22.7222
0.388889
-24
-33.7222
-28.7222
-4.61111
18.9444
30.6111
40.8333
48.9444
42.8889
39
63.0556
67.3889
57.8333
41.4444
13.1667
-17.7778
-37.2222
-36.6111
-23.4444
-8
10.1111
29.3333
39.8889
40.5556
40.3889
45.5556
48.2778
38.7778
30.3333
29.5
28.7222
17.6111
-3.77778
-22.6667
-33.9444
-25.2778
-5.16667
7
6.88889
4.61111
8
59.7222
62.7222
50.2778
37.8889
21.8889
-8.5
-31.1111
-34.2778
-20.8889
-6.72222
6.11111
23.9444
36.5556
41.6111
41.1111
40.1667
37
31.6667
31.2778
29.4444
29.8889
29.7778
26.3889
13.5
-6.11111
-23.6667
-31.2222
-19.6111
-3.66667
-5.38889
-11.7222
-7.94444
70.3889
54.4444
35.6667
24.4444
2.72222
-23.2778
-33
-22.6667
-8
3.22222
15.8333
31.9444
39.2778
40.4444
40
36.1111
25.2222
16.0556
24.6667
29.5556
30.8889
30.7222
30.4444
23.9444
6.05556
-7.72222
-24
-23.3333
-2.55556
-1.77778
-13.6667
-17.6111
66.7222
41.1667
23.2778
11.3889
-12.1667
-26.8889
-26.2222
-11.1111
-0.888889
9.38889
24.7222
35.0556
36.9444
36.8889
36
28.1111
12.9444
5.83333
16.5
26.4444
30.3333
30.5556
30.8333
28.1667
16.2222
5.38889
-7.55556
-14.4444
-1.83333
9
5.44444
-1.66667
58.5556
28.8889
16.3333
2.22222
-18.8889
-23.7222
-17.5556
-3.61111
3.55556
17.2778
31.6667
35.8333
36.2222
35.9444
32.8333
19.2778
5
2.05556
8.44444
21.5
28.5
29.1667
29.6667
28.9444
25.2222
15.8889
5.77778
-3.55556
-3.77778
8.66667
10.7778
7.05556
34.8333
15.6667
11.3333
-3.44444
-15.1667
-14.9444
-7.72222
0.166667
7.66667
21.0556
28.5556
26.8333
25
24.2778
18
4.66667
-3
-2.05556
1.22222
13.8889
24
25.1667
26.0556
27.0556
28.3889
19
8.72222
0.333333
-10.6667
5
16.7778
19.6111
6.72222
1.61111
5.11111
-6.94444
-11.3333
-10.3889
-2.44444
1
6.33333
13.2222
9.61111
1.16667
-2.72222
-3.33333
-8.44444
-15.2778
-13.2222
-9.5
-9.55556
-3.94444
4.11111
5.11111
6.83333
11.1667
16.3889
11.6111
3
-2.55556
-15.9444
-4.72222
10.1667
19.5556
-24.4444
-9.77778
-2.77778
-9.11111
-8.11111
-6.55556
0.833333
1.38889
1.38889
-4.27778
-18.0556
-33.2778
-39.6667
-39.9444
-40
-34.3889
-23.3889
-19
-23.3889
-29.1667
-28.1667
-27.8889
-25.3889
-15.0556
-6.77778
-3.55556
-4.94444
-7.05556
-17.5556
-9.5
-0.166667
6.83333
-31.3333
-13.7778
-8.27778
-9.44444
-6.16667
-4.83333
0.555556
0.333333
-5.94444
-20.7778
-38.6667
-56.1667
-61.3333
-60.7778
-54.5
-39.9444
-25.8333
-24.0556
-36.1111
-51.6111
-59.8333
-60.5556
-57.5
-42.4444
-26.8333
-12.8889
-4.88889
-4.66667
-10.4444
-7.16667
-9.83333
-11.7222
-26.5556
-13.8889
-11.1111
-7.72222
-1.61111
-0.944444
0.555556
0.0555556
-6.05556
-21.3333
-35.2778
-47.3889
-49.7778
-49.1111
-43
-28.0556
-17.6667
-19.8889
-33.6667
-50.9444
-63
-64.3333
-61.5556
-47.6111
-31.9444
-14.7778
-2.72222
-1.22222
-3.22222
-1.72222
-12.4444
-22.5556
-14.1667
-12.5
-10.7778
-5
3.61111
3.11111
0.444444
-0.0555556
-3.77778
-12.5556
-19.3889
-24.8333
-23.6667
-23.1667
-19.7778
-11.2222
-7.94444
-11.0556
-21.8333
-32.7222
-41.1111
-42.1111
-39.1667
-30.8333
-20.0556
-7.88889
0.388889
1.5
2.61111
2.66667
-7.33333
-17.0556
-2.55556
-8.27778
-8.66667
-2.83333
7.66667
6.88889
1.05556
0.722222
-0.111111
-2.61111
-4.16667
-5.22222
-2.55556
-2.38889
-2.16667
0.222222
-2.05556
-4.11111
-9.77778
-14
-17.1111
-17.5
-14.1667
-11.1111
-9.44444
-6.22222
-2.05556
-1.38889
2.33333
0.5
-4.11111
-7.5
-3.61111
-9.61111
-11.3333
-3.16667
6.94444
9.61111
2.33333
1.27778
1
1.33333
1.38889
1.33333
4.11111
4
3.72222
3.33333
-0.611111
-1.27778
-4.33333
-4.66667
-4.55556
-4.38889
-0.777778
-0.166667
-2.11111
-3.61111
-2.55556
-1.72222
7.22222
1.94444
0.555556
1.33333
-10.3889
-10.8889
-12.6667
-4.05556
4.5
11.7778
4.88889
1.61111
1.22222
1.77778
1.94444
2.16667
4.16667
4.05556
3.88889
3.33333
-0.777778
-1.55556
-3.72222
-3.72222
-3.55556
-3.33333
0.444444
0.722222
-1.22222
-2.88889
-2.22222
0.222222
12.9444
2.11111
0.611111
2.33333
-36.7778
-23.3333
-20.3333
-8.88889
0.0555556
14.7778
10.6111
2.16667
0.888889
1.5
2.11111
2.88889
3.88889
3.66667
3.5
3
-1.38889
-2.55556
-3.94444
-3.83333
-3.83333
-3.66667
0.277778
0.555556
0.111111
-1.22222
-2.55556
3.72222
16.2222
-2.77778
-7.55556
-6.55556
-42.2222
-23.1111
-17.2222
-9.66667
0.611111
16.8889
18.4444
5.5
0.277778
0.0555556
0.444444
1.16667
1.88889
1.83333
1.88889
1.83333
-2
-3.11111
-4
-3.94444
-4
-3.88889
-0.222222
0.222222
0.388889
-0.222222
1.11111
11.8889
14
-10.2222
-18.2222
-18.5556
-39.6111
-27.8333
-21.5
-14.7778
-2.05556
16.4444
26.1111
12.9444
2.88889
-0.166667
-0.111111
0.666667
1
0.888889
0.833333
0.944444
-1.83333
-3.11111
-3.55556
-3.66667
-3.83333
-3.61111
-0.777778
-0.111111
0.333333
0.611111
7.61111
18.1667
3.66667
-20.3889
-30.2222
-32.1667
-24.2778
-31.5
-26.6111
-19.3333
-7.05556
9.38889
27.0556
23.4444
9.77778
2
-0.166667
0.277778
0.277778
0.166667
0
0.166667
-1.27778
-2.72222
-2.66667
-2.72222
-2.88889
-2.61111
-0.666667
0.166667
1.5
6.38889
19
19
-8.05556
-24.5556
-32.3889
-38.6111
-31.5556
-51.7778
-47.3333
-32.7222
-18.5556
-0.555556
21.6111
31.5556
22.7778
10.2222
3.55556
2.16667
1.77778
1.61111
1.11111
0.833333
-0.666667
-2.22222
-2.05556
-2
-2.05556
-1.83333
-0.0555556
1.16667
5.94444
15.3333
19.9444
3.33333
-25.9444
-34.8889
-42.6111
-52.3889
-47.3889
-67.8889
-65.9444
-50.8333
-33.8333
-14.8889
9.77778
33
36.3333
26
13.5
7.22222
3.5
2.61111
2.05556
1.5
-0.111111
-1.61111
-1.5
-1.27778
-1.16667
-0.888889
2.55556
8.11111
17.1111
22.6667
12.8333
-13.3889
-33.5
-39.9444
-47.7778
-52.2778
-56.1667
-68.5556
-74.3889
-67.5556
-52.3333
-35.0556
-11.7222
18.9444
39.0556
40.3333
29.8333
19.5
9.61111
3.33333
0.722222
-2.77778
-5.05556
-5.72222
-4.72222
-2.77778
-0.277778
5.88889
14.7778
23.4444
28.3333
20
-5.66667
-31.8333
-45.3333
-51.6667
-52.8889
-42.9444
-41.6111
-46.8889
-60.6111
-68.1111
-64.2222
-58.1667
-44.6111
-14.9444
18.1667
38
40
35.5
21.6667
5.22222
-9.55556
-24.8333
-30.6111
-30.7778
-22.5556
-11
3.72222
20.6667
31.3889
33.6111
23.5
-3.94444
-34.2222
-53.5556
-59.6667
-58.6111
-44.3889
-18.7778
-19.8889
-22.1667
-37.4444
-51.8333
-62.3333
-71.1667
-73.8889
-58.7222
-29.2222
-2.16667
17.9444
31.0556
28.2222
14.9444
-2.44444
-22.1667
-29.5
-28.2778
-14.5556
2
18.6667
32.3333
30
10.5
-20.5556
-52.0556
-75.0556
-82.6667
-78.8333
-64
-36.0556
-9.88889
-4.61111
-4.44444
-10.9444
-22.0556
-40.2778
-60.9444
-80.5556
-88.1111
-80.4444
-65.8889
-43.6111
-20.8889
-11.5
-12.7222
-24.3333
-38.4444
-42.9444
-41.3333
-27.2778
-15
-4.72222
-4.11111
-22.5
-53.3333
-82.0556
-98.8889
-104.611
-97.0556
-79.2222
-53.9444
-29.3333
-12.5556
1.77778
7
12.3889
9.38889
-7.88889
-27.1111
-50.6111
-80.2222
-103.944
-114.833
-103.333
-86.0556
-70.7222
-55.2222
-48.1111
-45.6111
-45.3333
-46.1667
-44.4444
-48.1111
-57.3333
-72.3889
-94.0556
-113.667
-123.444
-116.167
-99.1111
-76.2222
-51.2778
-31.3889
-20.6667
-15.5556
-19.6111
-31.8889
-28.7778
-12.4444
0.555556
7
9.72222
17.8889
26.7222
34.2778
44.9444
66.9444
91.0556
99.8889
82.6111
51.7778
20.5
-3.61111
-23.1667
-39.0556
-56
-79
-98.1667
-99.8333
-69.7778
-33.7222
-4.55556
3
8.55556
13.9444
20.1667
25.8333
-26.1111
-35.8333
-29.5556
-10.1111
11.1111
30.1111
41.5556
42.2222
32.8333
22.1111
23.4444
38.8889
58.9444
68.8333
64.5556
49.2222
26.1111
-0.944444
-26.2778
-35.2778
-39.5556
-47.6111
-65.8889
-74.7778
-63.2222
-43.8333
-22.8333
-11.8889
-0.5
6.72222
16.2778
27.6111
-25.4444
-32.7222
-22.1667
3.77778
35.4444
56.7222
58.7222
42.5
20.8333
7.72222
11.0556
24.9444
37.3333
43.3333
47.0556
48
33.2778
1.33333
-28.1111
-33.7778
-27.5556
-32.6111
-46.6111
-52.8333
-40.3333
-31.9444
-30.8333
-37.8889
-31.8889
-12.8889
13.7778
33.9444
-20.2778
-20.7778
-3.05556
29.9444
59.7222
69.0556
55.7778
30.8889
9.66667
1.83333
5.66667
14.8333
19.6667
24.2222
34.8889
46.8889
38.7778
4.94444
-29.7778
-36.7778
-27.2778
-24.5556
-32.0556
-33.5556
-22.2222
-15.4444
-25.3889
-47.2222
-53.2778
-28.2222
12.5
35.6111
-15.8333
-3.44444
29.3333
63.2222
76.5556
64.6111
39.5
17.4444
3.05556
-0.166667
1.77778
4.88889
3.94444
10.0556
29.5556
52.0556
48.3889
11.3333
-32.5556
-48.3333
-37.8889
-22.8333
-17.2778
-15.3889
-10.5
-7
-14.8889
-38.0556
-54.1667
-39.7778
4.72222
31.1667
-0.222222
24.2778
63.3889
85.7778
77.8889
50.0556
22.0556
5.27778
-8.27778
-15.2778
-19.2222
-16.6111
-7.38889
13.6667
44.9444
66.5
56.1667
10.8333
-40.9444
-60.6667
-46.6667
-16.0556
1.5
6.94444
3.33333
0.777778
-6.33333
-26.4444
-47.5
-46.5556
-11.8333
15.9444
24.8889
60.9444
90.1667
91.8889
64.6111
29
0.166667
-20.1111
-32.5556
-34.4444
-24.9444
-8.16667
14.3889
41.2778
69.7222
80.7222
60.8889
8.05556
-51.5556
-81.6111
-75
-39.7222
-6.5
17.7778
25.0556
19.8333
7.38889
-15.5
-37.1667
-44.9444
-23.0556
-1
59.2222
94.1667
102.833
81.6111
35
-6.94444
-35.1111
-42.2222
-36.5
-22.3333
-7.55556
10.7778
33.7778
61.4444
81
80.7222
54.3333
5.05556
-48.5556
-83.5556
-86.3889
-61.5
-28.5
0.777778
20.6667
30.5
26.8333
6.94444
-19.3333
-36.7778
-32.9444
-26.7778
92.0556
120.278
105.278
56.6667
-5.88889
-44.3889
-55.7778
-41.6111
-23
-7.05556
5.55556
24.8333
51.4444
76.1667
82.8889
69.3889
40.6667
3.22222
-37.5
-73.7778
-88.8889
-77.3333
-47.5
-17.6111
4.33333
22.4444
34.2222
31.7222
12.2222
-17.8333
-38.5
-56.2778
117.5
129.667
88.6667
15.7778
-43.6111
-63.7222
-52.7778
-27.8889
-9.55556
3.33333
17.2778
41.3889
68.0556
83.7778
76.6667
53.3333
26.2222
1.72222
-25.7778
-60.2222
-86.3333
-88.1667
-63.2222
-31.7222
-7.61111
9.27778
28.3333
40.4444
37.8889
1.77778
-39.3333
-78.8333
133.167
124.833
56.8333
-28.8333
-70.6111
-65.3333
-37.8889
-14.2222
-1.88889
10.3889
29.5
58.8333
81.3889
84.4444
64.3333
35.3333
13.0556
-0.722222
-16.3889
-44
-74.8889
-89.6667
-76.3889
-46.1667
-16.8889
1.38889
16.5556
31.3333
43.5
22.2222
-27.6667
-88.4444
135.111
108.444
18.1111
-64.5556
-82.6667
-56.0556
-23.3333
-5.72222
3.55556
19.7222
45.3333
75.3889
86.8889
76.1667
46.5
20.6111
5.11111
-0.611111
-8.44444
-29.2778
-60.3889
-87.1667
-86.8889
-62.0556
-25.6667
-2
10.7778
19.4444
37
34.3333
-4
-74.5
134.389
83.1111
-17.4444
-85.3333
-79.6111
-42.8333
-13.3889
-1.94444
7.44444
28.9444
58.2222
83.5
82.4444
63.1667
33.7778
15.4444
4.33333
0.611111
-2.77778
-17.1111
-44.3333
-81.1667
-93.2778
-77.6111
-36.0556
-5.88889
7.94444
11.4444
28.5556
40.6667
15.7778
-54.2778
127.944
58.8333
-42
-92.6111
-70.8889
-32.1667
-7.22222
-0.555556
7.66667
31
60.2778
80.0556
72.3889
52.8889
34.4444
22.9444
10.7778
-2.05556
-9.88889
-18.9444
-35.4444
-67.4444
-86.2778
-80.7222
-42.1667
-9.38889
7.22222
7
19.5
40.3889
29.2778
-28.7778
123.333
43
-57.3333
-93.7778
-63.3333
-24.4444
-3.94444
-0.277778
7.16667
30.0556
55.7222
69.3889
60.1111
48.1667
42.7778
35.7222
18.7222
-6.66667
-23.3889
-32.1667
-37.0556
-56
-72.0556
-71.8333
-39.6667
-8.77778
7.5
4.38889
10.1111
35.9444
32.2778
-12.3889
122.111
39.7778
-62.3889
-89.4444
-59.5
-20.7222
-3.55556
-0.222222
6.83333
26.5556
45.8889
53.0556
48.2222
49.1111
57.0556
50.7222
26.0556
-12.2778
-37.6667
-47.7222
-41.1667
-46.7778
-56.3889
-60.3333
-33.5
-5.22222
9.88889
3
0.666667
32.7222
35.5
2.61111
124.333
44.2222
-61
-83.8333
-56.9444
-18.5
-3.22222
-0.5
5.61111
20.7778
33.5
35.6111
38.2222
52.8889
73.6667
66.2778
32.3333
-19.2222
-53.1111
-64.5
-47.7778
-40.2222
-40.5556
-45.9444
-25.7222
-3.55556
9.16667
2.33333
-2.33333
31.7222
35.4444
9.22222
132.944
54.1667
-52.6667
-78.8889
-56.7222
-19
-3.44444
-1.05556
2.77778
11.4444
17.7222
18.0556
32.2222
60.5
92.4444
81.3333
38.1667
-26.6111
-68.6111
-82.1667
-56.3333
-35.5556
-24.7222
-29.1667
-16.9444
-3
6.16667
2.94444
0.833333
35
31.7778
1.61111
129.778
61.9444
-43.6667
-75.5
-58.1111
-20.4444
-3.61111
-2.05556
-1.55556
1.61111
3.83333
6.11111
32.6667
70.8333
108.722
90.4444
39.6111
-35.4444
-83.5556
-99
-66.7778
-33.0556
-11.1667
-11.3333
-5.44444
2.11111
7.5
5.16667
4.33333
35.3889
25.4444
-12.1667
128.833
75.3889
-23.7778
-69.0556
-59.2778
-24.6111
-4.22222
-2.16667
-2
-1.11111
-0.0555556
2.22222
34.4444
75.2222
113.833
91
36.8333
-41.2778
-91.1111
-106.333
-72.1111
-32.9444
-5.44444
-1.83333
1.66667
5.27778
7.55556
6.05556
11.2222
38.8333
22.7778
-29.5556
130.389
90.6667
-1.55556
-60.8333
-61.7222
-31.7778
-7.11111
-2.61111
-1.88889
-1
0.277778
2.61111
35.9444
76.2778
114.667
89.2222
32.7778
-45.5556
-94.1667
-104.5
-69.4444
-29.8889
-4.66667
-1.5
1.55556
4.88889
6.77778
7.44444
19.2778
41
18.8333
-47.1111
123.889
104.333
27.5556
-42
-61.1667
-41
-13.7222
-3.83333
-1.88889
-1.05556
0.666667
3.33333
37.7778
77.3333
115.167
87.2222
28.3889
-49.8889
-97.2778
-102.167
-66.6111
-26.7778
-4.05556
-1.11111
0.111111
1.44444
3.22222
11.2778
31
42
5.33333
-71.4444
108.556
110.556
56.1111
-15.7778
-54.1667
-49.4444
-23.8889
-8.05556
-2.38889
-0.833333
0.888889
3.83333
38.7778
78.2778
115.333
85.8333
25.3333
-52.7778
-99.4444
-100.833
-64.7778
-24.5556
-3.33333
-0.555556
-0.166667
0.333333
4.77778
19.7778
41.2222
34.7778
-18.7778
-98
82.1667
106.167
81.7222
18.5556
-36.0556
-52.6667
-36.6667
-16.1667
-5.11111
-0.833333
1.11111
4.55556
39.3333
78.5556
114.611
84.9444
22.9444
-54.8889
-101.444
-99.4444
-62.8333
-22.2778
-2.66667
-0.111111
0
0.944444
10.1667
28.2778
42.1111
13.9444
-50
-116.389
58.1667
95.7222
103.056
56.5556
-4.72222
-45.3889
-46.3889
-27.6667
-11
-2.55556
0.833333
4.94444
39.9444
79.0556
113.889
84.0556
20.1667
-57.3889
-103.889
-97.8333
-60.5556
-19.8333
-2.22222
0.277778
1.05556
5.16667
17.5556
31.4444
30.2778
-16.1111
-77.5
-124.056
36
81.3333
109.111
88.1667
32
-21.5556
-45.3889
-39.2222
-23.5556
-9.11111
-1
5.27778
40.4444
79.6111
113.556
83.1667
17.8889
-59.3333
-105.5
-96.6667
-58.9444
-18.1667
-1.83333
1.05556
5.5
14.2222
22.8333
23
0.277778
-49.4444
-98.0556
-116.056
13.9444
62.5556
104.5
108.167
67.3889
13.5556
-24.7778
-37.7778
-33.6667
-22.7778
-9.83333
1.77778
39.9444
79.6111
112.389
82.2778
16.4444
-60.2778
-106.278
-95.9444
-57.7222
-16.8889
0.555556
7.77778
16.5556
19.2222
14.7222
-0.944444
-29.2778
-71.3889
-103.556
-99.6111
0.944444
43.5556
87.8333
107.333
88.1111
45.1667
5.05556
-18.7222
-27.0556
-27
-20.8333
-8.05556
31.9444
74.5556
107.833
79.5556
14.8333
-60.5
-104.167
-91.6667
-52.1667
-8.88889
11.2222
18.6667
16.6667
4
-11.1111
-26.8333
-48.3333
-77
-91.6667
-73.6111
-1.5
30.6667
69.9444
98
98.5556
66.8333
22.6111
-6.38889
-12.2778
-5.88889
-6.88889
-9.27778
12.4444
48.7778
82
63.7222
10.6111
-52.3333
-86.6667
-71.1111
-31.2778
6.44444
16.9444
6.5
-8.5
-24.5
-31.6667
-42.6667
-58
-74.1667
-69.1667
-43.3333
3.77778
21.3889
49.8889
82.9444
102.444
85.5
39
-2.38889
-12.4444
1.38889
11.9444
11.7222
23.6667
43.9444
63.7778
46.1667
4.94444
-41.1667
-65.5556
-54.1111
-29.4444
-10.1111
-9.44444
-19.3889
-25.1111
-32.7222
-38.9444
-51.8889
-60.2778
-59.4444
-40.3889
-18.4444
13.8333
21.7778
37.6111
65.6111
90.2778
84.7222
44.1111
2.55556
-12
0.666667
13.2778
16.8889
27.9444
44.8333
60.6667
44.2222
5.94444
-36.7778
-59.6111
-52.5556
-33.8333
-19.6667
-17.8333
-24.5556
-28.0556
-38.1111
-48.2778
-57.2778
-51.8889
-35.1667
-14.5556
-1
21.6667
29
38.6111
55.9444
68
61.1111
28.1667
1.11111
-7.05556
6.94444
17.4444
20.7222
27.3889
37.7778
44.8889
27.3889
-4.33333
-34.5
-46.8889
-39.3333
-25.7778
-18.0556
-18.3889
-25.4444
-32.2222
-46.6111
-53
-48.7778
-26.7222
-9.5
1.66667
2
0.125
2.59375
15.1875
33.125
50.0938
69.2188
85.5313
100.063
107.781
101.813
82.75
57.7813
35.125
14.3125
-8.53125
-28.6875
-37.375
-33.375
-18.4375
4.21875
23.375
39
53.4375
62.25
64.1875
59.3125
49.1563
37.1875
26.7188
13.1875
4.34375
16.5313
34.875
57.5313
77.7813
96.4688
109.25
114.406
108.469
90.8125
63.875
33.4063
9.8125
-9.5625
-30.75
-47.375
-53.125
-49.4375
-33.3125
-7.6875
13.8125
33.25
54.375
71.2188
78.6875
78.9375
75.0313
65.875
55
36.8125
15.2813
34.875
56.5
76.5625
92.5938
100.813
101.531
94
76.375
52.0625
26.0625
4.75
-5.78125
-8.4375
-12.7813
-18.2813
-22.6875
-23.7188
-19.25
-8.15625
3.75
16.5313
32.9063
50.6563
66.375
76.0625
83.625
86.125
82.6875
68.2813
34.5938
58.0625
73.5
82.625
86.6875
85.1875
76.5625
59.0625
33.9688
9.28125
-5.6875
-9.4375
-3.875
3.53125
9.78125
11.4375
9.15625
7.46875
5.65625
2.6875
0.3125
3.46875
11.7188
28.7188
47.1875
60.7188
70.4063
78.125
82.8438
76.4688
49.7813
68.2813
75.3438
74.6875
71.25
61.0625
42.7188
16.2813
-9.40625
-24.3438
-23.125
-12.625
-0.96875
9.1875
20.9375
29.4688
30.5625
27.8438
19.7188
9.15625
-0.09375
-5.3125
-7.5
2.375
22
38.7188
49
55.75
62.4688
62.9375
56.8125
64.75
64.0938
58.9688
50.5
32.5313
8.3125
-15.9688
-29.8125
-27.4688
-11.1875
8.53125
22.1875
33.1875
48.0938
60.875
63.9063
56.625
41.5313
24.7813
13.0625
2.625
-10.5625
-15.9688
-3.59375
14.5
25.2188
29.4688
33.6563
37.125
56.4063
54.0313
48.125
42
30.875
10
-12.9063
-27.9063
-27.2188
-11.5625
10.875
28.4375
37
41.0938
49.0938
59.9688
64.1563
56
42.4063
30.5313
22.1563
13.6875
-0.4375
-15.0625
-16.3438
-3.3125
7.25
6.25
2.21875
3.25
52.0625
41.9688
34.4063
29.2188
16.7813
-5.90625
-24.3438
-27
-13.2188
9.09375
27.7188
38.0938
39.9688
40.2813
44.1563
51.4063
54.9688
46.375
36.0313
29.875
27.3438
22.5625
11.5625
-6.09375
-18.5938
-12.9688
-0.34375
-2.53125
-11.3438
-15.6563
47.25
34.1563
26.4688
20.8438
3.875
-16.9688
-27.1875
-17.0313
3.65625
24.125
35.7813
40
39.75
39.5625
40.7188
43.0625
45.6875
39.7813
34.0625
31.0625
31.1563
30.0625
25.0313
11.1875
-9.1875
-13.2188
-1.125
1.375
-8
-15.5938
42.6563
27.4688
20.625
12.0313
-6.65625
-21.1875
-22.1563
-3.15625
18.5
32.3438
37.4375
38.2188
37.875
37.5
35.625
31.375
29.9063
29.7188
29.7188
29.2188
29.4688
29.8438
30.2813
23.9063
4.34375
-8.96875
-3.65625
4.53125
1.59375
-3.9375
34.0313
21.75
16.1563
4.28125
-13.1563
-20.8438
-13.6875
8.625
25.2188
31.2188
31.7813
31.8438
31.5
31.0313
27.375
17.8125
14.1563
20.6563
26.9688
27.5
27.9688
28.4375
30.625
30.0938
17.5313
-0.21875
-5.53125
5.125
10.0625
8.96875
20.625
13.4375
11.1875
-1.375
-13.6875
-15.625
-5.4375
11.1875
18.1563
16.0938
14.3125
14.0625
13.75
13.3125
8.9375
-1.65625
-4.59375
6.625
15.8438
16.6875
17.25
17.6563
20.3125
24.125
20.375
4.9375
-8.09375
4.6875
14.2813
17.6875
2.8125
1.90625
3.84375
-5.96875
-11.625
-10.7813
-0.96875
7.03125
5.09375
-2.84375
-6.5625
-6.90625
-7.09375
-7.5
-11.6563
-21.1875
-23.4375
-12.9063
-4.9375
-4.34375
-4.0625
-4.0625
-1.90625
4.46875
8.96875
1.625
-12.8438
-2.46875
8.125
13.9688
-15.375
-5.6875
-1.125
-7.375
-8.21875
-7.21875
-0.78125
-2.5
-12.125
-24.3125
-29.125
-29.4063
-29.5625
-29.7188
-31.7813
-37.8125
-37.75
-30
-25.0625
-24.9063
-24.8125
-24.8438
-23.0938
-14.1875
-4.78125
-2.875
-12.6875
-5.5625
-0.5625
1.65625
-22.5
-10.5
-5.5625
-7.8125
-4.5625
-4.09375
-3.4375
-13.125
-26.625
-40.375
-44.5
-44.7188
-44.8125
-44.4688
-44.0938
-46.4063
-46.4063
-43.7188
-45
-45.4375
-45.6875
-45.9688
-43.5313
-32.0625
-18.875
-9.03125
-10.3438
-5.09375
-5.9375
-7.75
-23
-13.375
-9.6875
-6.8125
-0.8125
-0.84375
-3.5625
-14.4063
-26.125
-36.9375
-39.25
-39.375
-39.4063
-39.0313
-38.4063
-39.0313
-40.3125
-42.9063
-49.1563
-50.0625
-50.5313
-50.875
-48.5313
-37.6875
-24.9688
-12
-6.625
-4.40625
-10.4375
-15.9063
-14.0938
-9.9375
-8.84375
-4.8125
2.90625
2.28125
-2.90625
-11.3125
-19.375
-26.4688
-26.4688
-26.5625
-26.5313
-26.125
-26.2813
-26.3438
-27.875
-30.9688
-37.8438
-38.5938
-39.0313
-39.125
-36.0313
-27.5938
-17.7813
-7.59375
-0.375
0.0625
-7.40625
-14.1563
-8.09375
-10.4375
-10.8125
-4.46875
4.84375
5.90625
-0.8125
-5.9375
-9.9375
-13.0625
-11.5625
-11.6875
-11.6875
-11.4063
-13.375
-13.7188
-15.625
-18.8125
-25.0625
-25.5
-25.8125
-25.875
-23.125
-19.0938
-12.9688
-6.1875
3.125
0.8125
-5.40625
-10.0625
-7.5
-11.125
-11.8438
-2.84375
6.28125
9.75
3.34375
0.21875
-0.875
-1.0625
0.9375
0.71875
0.6875
0.625
-2.75
-3.40625
-4.6875
-6.9375
-11
-11.125
-11.125
-11.0938
-9.1875
-8.53125
-6.28125
-2.3125
8
1.53125
-3.40625
-5.9375
-10.1875
-12.375
-13.125
-4.96875
4.25
12.0625
6.875
2.25
1.65625
2.15625
4.09375
3.84375
3.78125
3.71875
-0.09375
-0.84375
-1.53125
-2.15625
-4.21875
-4.09375
-3.96875
-3.8125
-1.375
-2.15625
-1.53125
2.40625
12.0313
-0.125
-5
-5.90625
-19.0938
-17.25
-17.4375
-8.34375
1.71875
14.5625
12.0938
4.125
1.65625
2.21875
3.3125
3.1875
3.0625
2.90625
-0.78125
-1.4375
-2.09375
-2.75
-3.96875
-3.75
-3.53125
-3.46875
-0.96875
-2.28125
-1.34375
5.625
13.2188
-4.4375
-10.375
-10.8438
-16.8125
-14.6563
-16.4375
-9.34375
0.71875
15.6875
18.4375
8.375
2.5625
1.6875
2.34375
2.25
2.21875
2.09375
-0.9375
-1.46875
-1.90625
-2.65625
-3.53125
-3.34375
-3.09375
-3.0625
-0.34375
-0.0625
3.5625
11.5938
10
-10.8125
-18.125
-19.0938
-17.8438
-16.4688
-19.2813
-15.4375
-4.75
12.7813
22.7188
14.5625
5.65625
2.1875
1.71875
1.59375
1.5625
1.46875
-1.4375
-2.03125
-2.25
-3.0625
-3.65625
-3.5
-3.375
-3.25
0.25
3.0625
9.5625
14.25
2.125
-18.3125
-26.0313
-27.4063
-25.9063
-22.7188
-22.875
-18.75
-8.9375
7.375
23.2188
22.4375
12.9688
6.1875
2.4375
1.15625
1.125
0.96875
-1.4375
-2.0625
-2.03125
-2.8125
-2.84375
-2.59375
-2.4375
-2.0625
2.9375
8.5625
13.625
10.5938
-9.28125
-25.0938
-30.8125
-31.9688
-40.8438
-36.25
-30.5313
-23.5313
-13.875
0.5
19.4688
28.4063
23.8438
15.875
8.53125
4.21875
2.15625
1.5625
-0.3125
-0.90625
-0.9375
-1.90625
-1.84375
-1.59375
-0.34375
2.75
9.53125
14.0938
14.2813
1.9375
-20.7813
-30.0938
-34.2188
-37.375
-64.4375
-57.5625
-46
-35.9688
-25.2188
-11.25
7.96875
26.1563
30.8125
26.2813
17.6875
10.5313
4.96875
0.9375
-2.03125
-3.21875
-3.40625
-3.8125
-2.46875
0.59375
5.15625
11.2813
16.9375
17.4063
9.1875
-9.65625
-27
-32.4688
-36.1875
-40.2188
-77.5625
-70.2813
-56.5625
-46.625
-38.1563
-26.6875
-8.65625
15.8438
31.0938
32.4063
22.875
13.9375
5.78125
-4.28125
-11.4063
-15.6875
-16.2188
-14.1563
-6
2.90625
11.1875
17.75
19.6563
12.2188
-5.78125
-26.25
-39.8125
-44.1875
-45.2813
-45.2188
-73.0313
-71.1563
-62.5938
-56.6563
-52.0313
-45.5313
-32.8438
-9.40625
13.6875
25.125
21.375
15.0938
8
-1.21875
-6.1875
-8.25
-8.6875
-7.6875
0.34375
7.4375
13.6563
17.2813
9.125
-10.6563
-32.5
-49.8125
-57
-57.1563
-54.2813
-49.7813
-51.3438
-55.0938
-57.9688
-61.875
-65
-64.875
-60.0313
-45.8438
-27.0938
-13.5625
-10.75
-11.1563
-13.875
-21.875
-24.875
-25.25
-25.4063
-25.1875
-17.7813
-12.0313
-9.28125
-11.75
-27.25
-46.9375
-64.4375
-73.9063
-74.5
-71.8438
-64.5625
-51.4063
-19.1875
-23.8125
-34.3125
-46.7188
-60.1875
-69.9063
-73.1875
-72.1875
-65.1563
-56.5313
-52.8125
-50.1875
-49.0313
-53.8125
-55.8125
-55.6875
-56.4688
-58.4375
-52.6875
-50.9375
-52.1875
-57.1875
-69.9688
-83.2813
-92.125
-93.2813
-89.0313
-79.6563
-65.25
-45.7813
-27.9375
-17.0313
6.5
28.875
44.5313
46.8438
35.4063
23.75
21.2813
31.9375
53.125
75.3438
88.0625
84.5625
65.7188
36.5
1.8125
-29.0625
-51.5625
-69.3438
-76.1875
-77.125
-70.4375
-56.0625
-45.0625
-34.9375
-26.7188
-13.0625
3.96875
22.4375
-21.9063
-4.71875
24.0625
45.7188
55.2813
49.1563
29.9375
15.2188
11.5938
18.625
35.6875
55.0938
70.5
76.375
66.125
40.25
2.9375
-30.6875
-51.6875
-62.25
-61.0625
-59.0625
-52.875
-41.0938
-35.5
-32.1875
-30.6563
-25.125
-8
15.125
-4.21875
18.375
44.9375
56.4375
55.5938
41.1875
20.0313
8
6.5625
12.0625
24.4375
40.8125
56.5313
67.375
64.5938
41.5313
6.125
-28.4063
-50.625
-56.9063
-54.0625
-49.2188
-40.8438
-29.5938
-23.4375
-24.5
-31.125
-33.625
-22
0.15625
21.0938
44.9375
61.75
60.3125
49.6875
31.5625
12.8125
4.625
4.34375
7.46875
17.75
31.5
48.0625
62.2813
60.5313
41.5
6.84375
-29.4688
-51.1563
-57.6875
-51.625
-41.5938
-30.7813
-19.5313
-13
-16.9063
-27.3438
-33.125
-29.9688
-12.5938
48.1563
67.5313
72.5938
58.625
39.875
21.6875
7.03125
2.53125
2.96875
4.28125
12.875
25.375
42.1563
58.25
58.75
42.0938
6.75
-31.7813
-55.7188
-62.3438
-51.0313
-35.1875
-21.625
-11.8125
-7.3125
-12.5313
-23.3125
-29
-30.7813
-21.875
72.25
81.3125
74.0313
50.7813
28.25
10.8438
-1.4375
-7.90625
-11
-8.71875
2.1875
21.7188
46.4375
64
64.2813
45.1875
5.78125
-34.75
-58.9688
-63.5938
-47.8125
-26.3125
-10
-1.59375
-0.53125
-7.375
-17.0938
-24.5313
-29.4063
-29.1875
91.0938
88.9063
70.375
38.9375
12.0625
-7.4375
-21.4063
-26.9688
-24.2188
-9.625
14.1875
42.875
69.375
81.2188
74.2188
47.9688
3.53125
-42.625
-73.4063
-82.6563
-67.0313
-37.0625
-8.75
9.375
13.6563
5.875
-4.8125
-15.8125
-24.2188
-31.4375
102.813
87.9063
55.6563
15.4688
-15.2188
-32.1563
-36.7813
-30.3125
-13.4688
10.2813
37.1563
63.0313
81.2188
84.9063
73.0313
44.1563
1.71875
-42.0625
-75.9063
-90.625
-82.9688
-56.8125
-24.4375
3.46875
19.2813
20.0313
13.0938
-3.15625
-19.3438
-36.4688
108.063
79.0938
32.2813
-14.7813
-41.9375
-48.2188
-38.9375
-20.3438
3.90625
29.875
55.9688
76.375
85.75
81.625
64.6563
36.25
0.625
-36.2813
-69.5
-88.8125
-90.0938
-73.5625
-44.0938
-12
13.5
26.5938
29.5
14.75
-9.9375
-39.1563
103.219
62.2188
3.875
-42.0313
-58.3438
-50.9375
-29.8438
-5.21875
20.4375
46.5938
70.6875
84.9063
86.375
74.5
53.25
27.5
-0.40625
-29.5938
-60.4063
-84.1563
-92.9063
-85.3438
-60.0938
-27.0938
2.78125
24.7188
34.8438
27.0313
1.78125
-33.625
94.9063
39.3125
-24.4063
-61.5938
-64.4688
-44.4688
-17.5
8
32.5938
57.9063
79.5313
87.4688
83.0625
66.1563
42.6875
20.875
-0.34375
-23.0313
-48.9688
-75.3125
-91.3438
-91.1875
-72.375
-40.9688
-10.9688
14.3438
30.3438
30.875
11.5
-24.1563
81.1875
14.25
-47.5
-72.75
-63.1875
-35.4375
-9
14.25
36.3438
60.2813
81.1875
86.4375
80.1875
63.3125
40.0625
18.3438
-0.59375
-21.0625
-44.1563
-68
-86.4375
-90.5938
-76.1875
-47.6875
-20.0625
5.5625
24.5313
32.125
21.1563
-11.9375
65.4375
-5.90625
-61.5938
-75.7813
-57.125
-27.0313
-3.53125
15.7813
35.5938
57.7188
77.9375
83.3438
77.9688
64.5625
42.5313
18.0625
-2
-24.4063
-47.3125
-65.7813
-82.625
-86.3125
-72.2813
-46.0938
-21.2813
1.75
20.5938
32.0938
25.1875
-4.34375
53.8125
-17.9375
-68.25
-73.75
-51.0938
-20.9688
-0.15625
16.1875
34.4375
53.0625
72.25
77.9688
74.3125
67.7813
47.2188
19.1875
-4.5
-30.9375
-53.5625
-65.0938
-76.3125
-78.7188
-64.4063
-40.75
-18.9063
1.25
15.625
29.9375
24.9375
-0.59375
48.4375
-23.875
-70.9375
-70.3125
-47.25
-17.4688
1.3125
15.75
31.6875
46.6875
65.125
71.3438
72.0625
73.0938
53.0938
21.2813
-8.28125
-39.5938
-60.6875
-65.0625
-68.875
-69.0938
-55.5313
-35.25
-17.0625
0.53125
10.5313
27.1563
23.0625
0.125
52.25
-20.9375
-68.1875
-67.1875
-46.375
-16.7813
1.1875
13.6563
26.0625
37.25
55.0625
64.9375
72.7813
81.4688
61.6563
24.4688
-12.4375
-49.7813
-69.5938
-66.8125
-62.9688
-58.8125
-45.6563
-29.0625
-14.8438
-0.0625
7.5
27.3438
24.375
2.53125
56.9063
-16.8125
-64.5313
-63.6875
-46.0313
-16.5938
0.53125
10.1875
18.9375
26.4688
44.7188
59.75
75.2813
91.5
70.8438
27.5938
-17
-61.5938
-80.4688
-70.7188
-59.4063
-48.4375
-34.2813
-21.3438
-10.2188
1.09375
7.3125
28.0625
23.6563
2.09375
68.0313
-6.1875
-56.5625
-59.0938
-45.2188
-17.9063
-1.5
4.9375
9.875
13.9375
34.5
56.5625
79.6875
103.156
80.5
30.1563
-22
-74
-91.8125
-74.9375
-56.0625
-37.5625
-22.25
-13.7813
-6.28125
1.75
10.125
31.5
24.0938
-0.4375
79.1875
7.4375
-47.1563
-55.9063
-46.2813
-21.5
-5.15625
-0.90625
1.5
3.625
28.125
56.9063
85.625
113.75
86.8125
29.9063
-28.8125
-87.0625
-103.563
-80.4375
-54.0625
-28.0313
-9.375
-3.90625
-0.21875
5.1875
14.75
32.8438
22.0313
-6.875
90
26
-31.75
-50.8438
-47.5
-26.75
-9.125
-3.0625
-0.71875
1.21875
26.9063
58.2813
88.4063
116.969
86.4688
26.7813
-34.2813
-95.0313
-109.281
-83.4063
-53.7813
-23.1875
-2.5
1.84375
3.96875
9.40625
19.6563
31.75
16.625
-19.1563
97.3438
43.3125
-13.5
-42.0313
-48.6563
-32.6875
-15.0313
-5.5
-0.78125
1.46875
27.9375
59.25
89.25
117.531
83.7188
23.6875
-37.4688
-98.125
-108.094
-81.375
-51.5313
-20.7813
-1.84375
1.78125
5.34375
14.0625
24.7188
30.4375
9.4375
-33.9063
99.4375
61.2813
9.3125
-27.6563
-46.1563
-38.6875
-22.5
-10.25
-2.125
1.75
28.6563
59.875
89.5938
117.406
81.25
21.0938
-39.9688
-100.406
-106.844
-79.5313
-49.4688
-18.625
-2.09375
0.5
6.625
17.1563
26.5625
26.375
-2.9375
-50.4063
95.7813
76.5313
34.6563
-6.75
-36
-40.4688
-29.7813
-17
-5.53125
1.1875
29.3438
60.5313
90.125
117.156
78.75
18.5313
-42.5
-102.563
-105.969
-78.25
-47.9375
-16.875
-1.25
3.0625
11.4375
20.3125
25.6875
14.5625
-22.3438
-67.2813
90.3438
88.4063
60
20
-16.4375
-34.625
-34.7813
-25.5
-12.4688
-2
29
61.0313
90.4375
116.531
76.3125
16.125
-44.7813
-104.25
-104.656
-76.5313
-46.125
-14.875
1.5
8.0625
14.8125
19.9688
16.8438
-6.09375
-42.125
-80.5938
86.5938
97.4375
81.9688
47.0938
9.875
-18.25
-30.9688
-30.2188
-21.6563
-9.9375
24.1563
58.8438
89.8438
115.313
74.5625
14.3438
-46.3125
-105.031
-103.656
-75.0313
-43.5313
-9.9375
8.09375
12.5938
14.1563
11.5
-1.34375
-26.7188
-56.9063
-87.125
77.25
95.75
91.875
65.1563
32.7813
3.5
-16.2188
-23.2188
-23.1875
-16.9063
16
51.0938
84.4688
111.125
70.9063
12.4063
-47.3438
-103.625
-99.5313
-68.9063
-34.7188
-0.71875
13.1875
9.96875
2.5625
-7.03125
-22.3125
-43.7188
-65.9375
-87.4688
65
91.2188
98.375
77.6875
47.2813
17.6875
-3.59375
-8.96875
-9.15625
-8.46875
13.6875
37.625
64.3438
89.4063
56.9688
8.1875
-42.5313
-89.2188
-81
-50.7813
-21.625
1.5
3.34375
-8.53125
-18.9063
-24.5625
-36.5
-51.625
-67.0938
-83.0313
51.5938
82.4063
99.9063
89.0313
60.2813
27.0938
1.15625
-6.09375
-1.5625
5.75
26.5
44.8438
62
77.2188
47.375
5.75
-36.1875
-75.1875
-70.5938
-51
-32.7813
-18.2188
-18
-24.4063
-28.625
-31.125
-42
-53.7813
-64.9063
-72.0313
42.3438
74.9063
96.2188
93.375
67.4375
31.25
2.71875
-8.53125
-3.59375
7.25
28.8125
47.6563
63.3125
75.5
46.9375
6.3125
-34.4063
-72
-70.4688
-54.4688
-38.7188
-24.875
-23.1875
-27.1875
-31.1875
-36.5313
-47.625
-56.0313
-60.1875
-55.9063
42.6875
71.125
90.375
89.8438
65.5625
28.3438
0.375
-11.25
-4.90625
9.15625
29.5
45.5
56.4688
62.4375
34.6875
-1.25
-35.1563
-64.3125
-60.625
-46.6875
-34.0625
-23.6875
-23.5938
-27.7813
-34
-41.0938
-48.5313
-52.2188
-47.875
-36.4688
15.0833
13.0833
8.66667
4.375
-0.166667
-7.375
-13.8333
-23.125
-35.1667
-49.5833
-59.875
-64.9167
-63.4583
-50.625
-34.7083
-20.0833
-11.2917
-10.8333
-10.0417
-11.875
-19.25
-26.9167
-28.2083
-22.125
-17.9583
-16.1667
-13.0833
-6
-5.54167
-8.375
-10.5
-7.45833
5.70833
3.83333
6.45833
3.375
-6.75
-23.0833
-35.9583
-44.875
-48.6667
-42.9583
-30.625
-9.70833
11.25
27.9167
38.7083
40
36.9583
35.125
38.4167
34.3333
23.875
9.83333
-4.91667
-18.625
-30.9167
-33.5
-31.4167
-24.5833
-20.5
-18.3333
-22.625
-25.5833
-2.625
-1.08333
-2.04167
-10.875
-26.25
-34.5833
-36.375
-27.5833
-7.75
22.2917
52.625
72.9167
80.25
69.5833
47.7917
22.625
6.875
4.875
10.4583
19.5
35.0417
45.75
36.9167
17.3333
-2.54167
-14.7917
-24.4167
-31.75
-28.7917
-21.625
-17.4167
-21.5833
-6.04167
-9.41667
-19.9167
-29.2917
-31.375
-16.4167
3.29167
24.6667
48.5417
67.9583
73.875
59.4167
33.3333
2.33333
-27.125
-47.3333
-59.5417
-60.875
-55.9167
-39.9167
-13.875
15.0833
37.3333
43.875
37.9167
24.9583
16.0833
-0.5
-13.875
-17.5833
-11.7083
-6.375
-3.04167
-18.4167
-31.2083
-28.0833
-7.25
15.0833
34.375
49.625
56.3333
48.625
24.9583
-2.125
-24.7083
-37.1667
-37.2083
-31.5833
-33
-35.5
-35.7083
-31.9167
-31.9583
-27.0417
-1.45833
24.875
39.4583
37.5
33.0833
25.875
9.875
-6.04167
-12.5
-0.875
-2.5
-13.8333
-13.0833
0.583333
19.0417
26.4583
31.4583
34.6667
26.625
7.375
-12.75
-21.5833
-23.75
-19.9583
-7.70833
2.54167
3.79167
-0.166667
2
0.0416667
-12.1667
-23.75
-20.9583
-3.125
16.6667
29.3333
21.7917
18.25
20.375
13.7083
0.833333
-5.20833
-12.3333
-6.83333
8.66667
20.7083
20.625
20.5417
21.9167
14.25
-1.54167
-16.125
-18.8333
-15.625
-13.8333
-8.95833
-3.91667
-0.666667
3.16667
4
8.08333
5.45833
0.333333
-4.95833
-14.4583
-15.5
-7.45833
10.7917
16.5
14
21.5417
31.7917
35.0417
17.6667
-20.4167
-5.375
10.5833
15.2083
10.875
16.2917
14.3333
1.41667
-12.625
-16.2083
-11.375
-11.7083
-9.16667
-3.79167
-2.66667
-1.91667
5
12.7917
8.58333
2.79167
1.79167
1.125
-6.54167
-14.75
-15.5
-6.91667
12.5417
18.0417
13.9583
22.625
34.7917
32.5417
-13.2083
2.125
9.08333
6.875
11.2083
13.5417
3.58333
-7.41667
-11.1667
-6.41667
-4.625
-7.04167
-1.58333
1.95833
2.04167
2.16667
7.45833
13.8333
2.75
-2.20833
-2.29167
-2.125
-4.75
-9.29167
-8.375
-11.9583
-1.5
7.45833
-1.20833
-5.29167
-2.95833
6.45833
1.375
12.0833
11.875
9.79167
15.5417
6.66667
-3.58333
-10.2083
-6.125
-3.125
-6.25
-2.625
1.58333
2.58333
2.33333
4.41667
8.83333
7.79167
2.875
-0.166667
-0.875
-0.791667
-0.958333
-3.45833
-4.45833
-9.125
-12.1667
-5.45833
-4.625
-12
-15.9167
-12.4167
5.91667
9.20833
7.08333
10.0417
9.41667
-0.916667
-5.54167
-6.58333
-2.125
-5.41667
-8.04167
-1.58333
0.25
0.375
0.666667
5.70833
8.25
4.08333
8.125
4.70833
2.29167
1.79167
1.625
-0.916667
-8.04167
-7.75
-12.4583
-9.25
2.08333
-0.291667
-3.875
-5.45833
5.70833
4.41667
0.25
3.04167
-2.41667
-6.29167
-7.16667
-2.75
-2.54167
-5.45833
-2.20833
0.875
1.33333
1.41667
3.70833
6.83333
3.58333
1.41667
5.95833
3.83333
0.916667
0.416667
-0.0416667
-1
-7.70833
-7.25
-6.91667
-7.04167
3.5
1.625
-3.75
-6
17.7083
10.875
3.625
1.66667
-5.5
-6.04167
-6.16667
-1.33333
-3.875
-2.08333
5.08333
7.29167
8.25
8.66667
11.9583
10.0833
3.29167
1.79167
2.08333
4.5
3.33333
3.29167
3.29167
3.29167
2.20833
0.541667
2.41667
0.666667
4.29167
3.45833
-4.125
-10.9167
29.8333
12.375
6.79167
3.45833
-1.08333
-1.45833
-2.16667
-0.375
2.16667
9.5
17.7083
24
26.8333
26.8333
24.625
17.2083
10.0833
7.20833
7.41667
14.2083
16.4583
16.6667
16.125
12.9583
13.25
10.375
8.33333
6
4.66667
9
8.29167
3.375
16
3.70833
4.33333
1.08333
-0.291667
-0.708333
-0.25
0.541667
8.625
19.9167
26.9583
33.2083
34.5417
33.6667
25.7083
14.6667
9.125
9.25
15.7917
25.5833
33.4167
34.0833
32.75
26.2083
20.8333
13
4.58333
2.29167
-1.25
2.625
12.2917
18.3333
-6.29167
-0.541667
3.08333
-1.66667
-2.875
-2.58333
0.0833333
0.666667
3.08333
7.83333
7.66667
5.29167
2.75
2.29167
-0.416667
-4.95833
-4.95833
-0.125
6.375
12.7917
20.7083
21.7083
22.125
19.8333
13.6667
4.45833
-3.58333
-4.95833
-8.25
-7.16667
3.41667
14.2917
-9.66667
-0.416667
0.541667
-1.54167
-3.625
-2.58333
0.375
0.208333
-3.79167
-9.54167
-16.4167
-23.8333
-27.0417
-26.7083
-22.6667
-17.0417
-11
-8.5
-11.0417
-15.125
-16.75
-16.6667
-15.8333
-11.0833
-8.45833
-7.125
-5.25
-5.29167
-7.20833
-6.29167
-4.25
-0.875
-4.79167
-0.583333
-1.375
-1.08333
-3.41667
-2.75
-0.0833333
-0.333333
-2.33333
-8.83333
-14.2083
-17.9583
-19.2083
-19
-16.4583
-10.125
-4
-5.83333
-11.4167
-19.25
-25.75
-26.5417
-27.5833
-22.375
-13.9167
-4.04167
2.375
3.08333
1.58333
2.625
-3.08333
-9.625
-7
-3.25
-1.20833
-2.33333
-2.75
-2.875
-0.875
-0.75
-0.875
-2.875
-3.95833
-4.41667
-4.83333
-4.70833
-4.41667
-2.41667
-1.04167
-2.5
-4.20833
-7
-9.45833
-9.875
-10.25
-8.25
-3.125
2.04167
3.5
3.83333
1.70833
3.08333
-1
-6.29167
-2.79167
-1.91667
1
0.625
2.125
-0.833333
-0.916667
-0.291667
-0.875
-1.16667
-1
-1.29167
-1.29167
-1.125
-0.958333
-0.625
-1.29167
-1.125
-1.29167
-1.41667
-1.33333
-1.375
-0.833333
-0.5
-1.04167
-1.95833
-2.79167
-3.33333
-7.08333
-4.45833
-3.95833
-3.45833
17.875
8.58333
5.83333
3.95833
4.875
-0.916667
-1.83333
0.125
0.208333
0
-0.375
-0.833333
0.416667
0.458333
0.333333
0.416667
1.04167
1.5
0.375
-0.0416667
-0.125
-0.208333
-0.666667
-0.666667
-2.20833
-2.33333
-0.375
-1.95833
-5.95833
-1.08333
-0.291667
-0.333333
20.125
7.70833
2.29167
0.708333
0.208333
-3.25
-5.125
-0.541667
0.791667
0.958333
0.583333
0.458333
1.16667
1.08333
0.958333
0.666667
1.04167
1
0.458333
0.5
0.625
0.75
0.416667
0.416667
0.25
0.5
2.20833
-0.916667
2.04167
8.41667
10.625
10.625
-1.79167
-2.375
-2.95833
1.5
-0.916667
-1.45833
-7
-2.875
0.291667
1.04167
1.375
1.45833
0.833333
0.75
0.708333
0.375
-0.458333
-0.583333
-0.166667
0.166667
0.333333
0.458333
1.04167
0.833333
0.625
-0.208333
-3.58333
-7.58333
4
7.375
11.2917
13.0833
-15
-1.625
0.833333
3.45833
1.91667
2.54167
-4.20833
-7.16667
-2.5
-0.0833333
0.625
0.666667
1.04167
1.125
1.16667
1.08333
-0.25
0
-0.666667
-0.75
-0.833333
-1.125
-0.166667
-0.375
-0.791667
-1.625
-8.54167
-7.25
5.95833
1.875
1.41667
2.54167
-8.08333
8.58333
9
3.5
5.45833
6
1.625
-8.625
-7.08333
-2.54167
-1.25
-1.04167
-0.0833333
-0.0416667
0.208333
0.416667
-0.208333
-0.0416667
-0.833333
-0.958333
-0.958333
-1.04167
-0.541667
-0.5
-0.958333
-4.5
-7.375
5.29167
12.5417
4.79167
1.08333
3.875
13.7917
18.6667
17.4583
11.2917
10.4167
9.29167
7.33333
-3.91667
-10.375
-7.16667
-2.875
-1.41667
-1.79167
-1.83333
-1.66667
-1.375
-0.583333
-0.583333
0.125
0.125
0.125
0.5
0
-0.333333
-3.25
-8.54167
1.625
16.875
11.7083
7.20833
7.91667
12.2917
20.25
12.0417
14.6667
16.2917
10.4583
9.125
9.125
2.375
-10.1667
-13.9583
-8.41667
-3.625
-1.45833
-0.875
-0.875
-0.625
-0.416667
-0.583333
-0.375
-0.541667
-0.833333
-1
-2.25
-5.75
-10.625
-5.20833
12.25
13.6667
3.08333
4.125
7.54167
1.25
-3.625
-10.5
-1.875
9.91667
12.875
14.375
15
12.5833
1.16667
-11.7917
-15.625
-11.625
-3.875
0.708333
2.16667
4.25
3.91667
3.29167
1.83333
0.541667
-1.20833
-6
-10.75
-15.7083
-10.7083
7.70833
13.125
4.79167
2.58333
5.20833
-2.33333
-21.0833
-23.0833
-24.3333
-18.0833
-5.95833
10.125
21.7083
30.0833
31.875
25.2917
10.1667
-6.04167
-14.4167
-12
-1.45833
9.16667
19.875
23.375
22.6667
16.9583
8.625
-2
-14
-17.5
-8.66667
10.6667
22.5417
19.4583
17.5417
17.4167
8.70833
-10.4583
-19.0833
-14.6667
-16.2917
-20.4167
-21.4583
-11.7917
3.79167
22.4583
37.2917
42.875
41.4167
28.125
8.29167
-6.75
-9.54167
-1.33333
6.875
10.2917
9.83333
2.16667
-6.33333
-13.7083
-10.4583
5.95833
31.0417
45.5833
41.2083
37.4167
31.0833
18.4583
1.33333
-5.08333
4.5
-0.916667
-2.625
-12.5
-20.5
-23.1667
-21.875
-13.2917
9.58333
36.2083
56.875
62.2083
57.2917
42.0417
17
-3.75
-22.2083
-29.3333
-30.0417
-24.4167
-10.625
10.9167
38.6667
60.2917
66.5833
56.5833
39
20.4583
0.958333
-12.875
-14.3333
-0.416667
9.79167
-3.33333
-7.04167
-15.2917
-19.4167
-20.6667
-27.2083
-32.875
-23.25
2.375
25.6667
44.2083
64.75
74.0417
67.6667
49.7917
32.3333
25.8333
28.125
43.4583
62.4583
79.9583
83.9167
69.75
40
11.625
-9.875
-29.5417
-36.5
-33.25
-20.1667
-7.41667
-3.70833
16.3333
6.33333
-12.8333
-15.375
-4.04167
0.375
-3.08333
-8
-7.41667
-1.33333
-7
-23.2917
-19.5833
6
22.6667
23.1667
18.3333
13.2917
11.8333
10.25
9.625
18.8333
17.2917
-11.75
-34.0833
-26.5417
-7.83333
0.25
-3.66667
-6.625
-3.375
-0.833333
15.2083
2.70833
-14.6667
-15.625
-11.875
-13.2083
-5.70833
5.5
9.95833
7.29167
-6
-18.7083
-13.875
0.291667
8.70833
12
17.2083
21.875
15.2917
-0.666667
-4.75
13.9583
20.5833
-3.75
-18.9167
-12.875
-9.29167
-8.95833
-4.5
-4.08333
-8.375
-7.83333
11.125
3.29167
-16.6667
-24
-20.125
-11.2083
7.375
19.1667
14.375
3.79167
-8.5
-14.4583
-5.75
1.95833
-3.83333
-4.125
17.625
35
15.5833
-13.875
-8.33333
16.75
15.7917
-8.41667
-15.7917
-1.41667
8.08333
2.625
-8.29167
-18.75
-21.9167
-8.33333
9.70833
0.333333
-25.4167
-28.2917
-13.625
1.08333
17.9167
21.6667
9.16667
-0.666667
-6.25
-7.45833
-1.16667
0.0833333
-11.5
-14.3333
15.8333
42.875
18.3333
-17.0417
-10.375
10.7083
8.83333
-7.25
-13.3333
-1.54167
16.5833
20.375
-3.125
-35.0833
-34.7083
-0.25
4.20833
-13.7917
-36.7083
-21.2083
6.625
15.7083
18.125
14.5
4.45833
-1.125
-3.54167
-1.625
3.41667
-4.66667
-22.7083
-19.5833
16.875
45.875
27.1667
-9.41667
-17.0833
-4.16667
1.54167
-2.625
-5.66667
-1.75
9.83333
23.125
12.75
-29.2917
-47.875
-5.25
-4.75
-26.8333
-36.0833
-4.41667
24.6667
21.8333
11.8333
10.0417
7.875
3.125
0
-2.33333
-8.125
-19.3333
-25.8333
-12.5833
22.5417
48.9583
33.375
-5.08333
-26.0417
-19.625
-4.58333
2.25
2.54167
1.58333
4.41667
18.625
22.75
-14.5417
-46.5417
-12.7083
-20.8333
-32.0833
-17.9583
15.8333
31
20.7917
13.5417
13.375
6.58333
-4.5
-10.7083
-12
-16.0833
-21.7083
-18.7917
-2.79167
27.4167
51
40.0833
5.20833
-23.6667
-28.4583
-19.2083
-11.375
-0.333333
9.66667
10.125
14.25
21.7917
-0.833333
-35.3333
-16.7083
-30.0417
-21.875
3.70833
30.9583
37.75
23.6667
10.0833
0.416667
-9.625
-12.2083
-8.125
-11.4583
-21.0417
-19.9167
-8.41667
6.83333
28.125
42.2917
36.4583
14.6667
-12.9583
-26.625
-21.7917
-15.375
-11.375
-3.66667
7.91667
19.4167
21.4583
6.375
-13.4583
-8.83333
-35.8333
-7.5
26.9583
48.375
42.0833
14.5417
-6.66667
-14.2917
-13.9167
-7.66667
-5.5
-16.5417
-24.8333
-13.2917
4.66667
16.1667
23.3333
26.8333
28.875
23.5417
1.95833
-21.625
-25.75
-15.2917
-10.375
-12.8333
-8.25
9.20833
22.5417
19.8333
11.4167
5.45833
-38.5
13.7083
54
56.0417
28.6667
-3.70833
-19.3333
-17.0833
-8.375
-4.75
-11.25
-21.625
-20.4167
-3.54167
14.7083
21.7917
16.8333
12.2917
20.875
29.0833
15.125
-13.2917
-27.8333
-19.8333
-9.08333
-9.875
-15.6667
-9.08333
13.125
33.5
36.2083
15.2083
-35.0833
39.2083
78.0833
51.2917
3.16667
-21.7917
-20.7917
-10.7083
-4
-7.29167
-18.6667
-23.9583
-12.625
8.375
23.1667
20.9583
9.375
4.45833
12.5
25.5833
23.9167
0.416667
-22.75
-25.2917
-14.6667
-7.25
-9.20833
-13.5
-6.41667
22.9583
56.375
41.2917
-26.2917
67.2917
89.75
33.2917
-21.2917
-29.5417
-15.0417
-5.125
-4.41667
-13.3333
-24.4583
-20.625
-0.291667
20.0417
24.4583
13.8333
3.83333
1.54167
6.33333
18.9583
28.2917
15.1667
-13.7917
-29.125
-22.7083
-10.5
-2.16667
-5.41667
-18.125
0.75
54.625
62.125
-3.41667
91.5
84
8.54167
-35.5
-26.4167
-8.54167
-3.08333
-6.5
-19.3333
-27.1667
-11.8333
12.25
22.6667
17.5833
8.20833
3.41667
1.79167
1.83333
11
28.5833
28.0417
-1.70833
-30.0833
-30.9167
-14.8333
0.791667
2.04167
-20.3333
-18.0417
42.5
76.2083
21.3333
101.875
70.4167
-9.79167
-40.4583
-20.8333
-4.54167
-2.25
-6.08333
-20.875
-28.9167
-4.5
21.4583
14.7083
4.25
8.70833
10.0833
7.20833
4.41667
3.08333
16.0833
29.9167
11.375
-25.1667
-34.75
-17.375
0.833333
5.25
-14.3333
-27.125
19.2917
78.375
39.75
107.333
58.8333
-22.1667
-41.4167
-16.0833
-2.125
-1.70833
-5.75
-20.5833
-26.2917
2.45833
22.1667
1.29167
-6.16667
12.9167
17.625
14.25
12.1667
-1.16667
-0.208333
22.8333
17.375
-19.4167
-33.0417
-17.25
0.833333
7.66667
-7.375
-30.125
0.291667
76.2083
50.2083
107.708
51.9583
-26.1667
-39.125
-13.8333
-1.79167
-1.33333
-5.66667
-18.2917
-19.2083
7.41667
14.25
-14.4583
-11.9167
19.7917
25.0417
21.375
20
-4.58333
-15.0417
13.5833
19.75
-13.2917
-30.2083
-18.2917
1.66667
12.6667
-1.5
-34.6667
-16.9583
76.2917
53.4583
105.583
51.4167
-26.4167
-38
-12.2083
-1.5
-1.04167
-4.91667
-14.5417
-12.0417
9.66667
4.08333
-29.7083
-16.1667
27.4583
33.25
29.25
26.3333
-8.125
-26.5
3.20833
17.1667
-7.58333
-24.2083
-16.125
2
11.8333
0.416667
-33.4167
-23.875
73.5
49.8333
101.667
57.125
-22.4583
-37.7917
-12
-1.58333
-1.08333
-2.83333
-8.08333
-6.20833
6.66667
-7.70833
-42.625
-18.4583
35.75
41.125
36.7917
32.7083
-11
-36.625
-7.66667
11.6667
-3.25
-15.6667
-10.6667
0.75
6.33333
-0.166667
-30
-20.2083
79
36
93.75
65.1667
-16.3333
-39.25
-13.125
-1.125
-0.375
-0.375
-2.375
-3.33333
0.708333
-18.7083
-50.8333
-16.0417
43.9583
45.9583
42.5
38.2917
-13.125
-44.4583
-17.75
3.625
-1.125
-7.25
-6.58333
-0.625
4.83333
0.708333
-28.2917
-13.375
86.7083
15.7083
81.2083
74.625
-2.875
-38.5
-16.5833
-1.54167
-0.0416667
-0.25
-0.666667
-1
-1.66667
-24.4167
-52.5
-12.3333
47
46.9583
45.125
39.3333
-15.0417
-45.8333
-21.75
-2.58333
-1.25
-2.41667
-3.83333
-0.416667
3.66667
-4.33333
-28.3333
2.16667
95.0417
-1.25
67.2083
81.8333
13.4583
-34.25
-20.6667
-4.08333
-0.375
-0.0416667
-0.875
-1.25
-1.58333
-25.0833
-53.1667
-10.2917
48.7917
47.6667
46.25
36
-19.1667
-44.75
-20.0833
-2.29167
-0.916667
-2.20833
-3.58333
-0.25
2.04167
-11.0833
-25.7083
21.4583
95.9167
-16.5
43.5833
79.1667
35.3333
-20.5417
-24.75
-9.25
-1.29167
0.166667
-0.916667
-1.79167
-1.91667
-25.4583
-53.2917
-8.29167
50.2917
48.5417
47.5
32.0833
-23.5
-43.125
-18.25
-2.20833
-0.708333
-0.875
-0.875
-1.29167
-6.29167
-18.8333
-12.0833
46.875
87
-29.7917
18.375
66.9167
51.625
0.583333
-22.8333
-15.75
-4
-0.583333
-1.20833
-1.5
-2.04167
-26.2917
-53.25
-6.54167
51.125
48.9167
48.4167
29.7083
-26.4583
-42.2917
-17.0417
-2.33333
-0.541667
0
-0.0833333
-3.83333
-14.2083
-20.125
10.125
67.5417
67.3333
-38.5
-8
43.8333
58.8333
25.4167
-11.2083
-19.7083
-9.66667
-2.5
-1.58333
-1.625
-2.20833
-26.4583
-52.5
-5.70833
50.8333
49.625
49.75
27.4583
-29.375
-41.5833
-15.75
-2.29167
-0.375
0.333333
-0.625
-7.91667
-19.125
-9.66667
35.5
70.7917
37.0417
-39.3333
-27.7917
15.125
54.25
46.9583
8.375
-16.25
-15.125
-6.58333
-2.54167
-1.75
-2.79167
-26.9583
-51.5417
-4.66667
50.4167
50.5417
51.4583
24.7917
-32.9583
-40.7083
-13.9167
-2.16667
-0.625
-0.0833333
-3.375
-11.75
-13.7083
8.16667
48.5417
60.2083
9.625
-35.0833
-37.3333
-9.04167
37.9167
53.7917
26.9167
-1.54167
-11.5417
-11.75
-7.79167
-3
-2.79167
-27.6667
-51.2083
-3.41667
50.5
50.9167
52.4167
22.875
-35.375
-40
-12.75
-2.125
-1.08333
-3.125
-8.79167
-7
5.25
21.9583
44.7083
40.5417
-12.5833
-29.75
-41.9583
-26.9583
18.7917
48.4583
35
12.875
1.25
-6.79167
-10.3333
-8.04167
-6
-28.4583
-50.125
-2.75
49.75
51.0833
53.0417
21.75
-36.7917
-39.7083
-12.125
-3.5
-5.625
-7
-1.08333
10.125
11.9167
19.5833
39.875
21.9167
-29.125
-25.25
-35.5
-31.5
-1.58333
32.875
35.875
19.625
8.08333
2.54167
-2.16667
-7.25
-9.5
-30.125
-49.9167
-3.95833
47.875
51.4167
52.1667
18.7083
-37.7083
-39.4583
-14.25
-7.125
-4.20833
4.79167
13.7083
12.5
4.29167
16.7083
31.5833
1.29167
-34.9583
-19.7083
-24.9583
-28.8333
-16.5833
13.25
35.8333
32.8333
9.125
-8.70833
-4.58333
5.58333
4.95833
-22.25
-46.9583
-8.58333
38.5
43.875
43.7917
12.9583
-36.5
-37.75
-11.875
3
11.0833
13.1667
7.66667
2.95833
5.29167
16.4167
14.4583
-16.3333
-31.5833
-10.1667
-12.4167
-22.5417
-27.8333
-8.04167
30.1667
46.3333
19.9167
-13.125
-16.0833
0
7.41667
-12.125
-31.4167
-2.83333
30.75
32.6667
31.5833
8.16667
-26.2083
-22.7083
-1.33333
6.95833
5.66667
3.83333
3.20833
5.91667
10.3333
6.45833
-6.91667
-19.7083
-18
-6.16667
-3.25
-11.875
-28
-18.7917
22.375
45.9583
23.0833
-10.0417
-16.25
-3.54167
4.16667
-9.45833
-25.375
-3.125
27.5417
31.9167
28.4583
7.08333
-20
-16.5833
-0.958333
3.91667
3.20833
3.33333
6
10.8333
5.33333
-11.875
-16.7083
-10.9167
-7.83333
-7.33333
-2.16667
-5.79167
-17.7917
-10.5417
20.0417
33
13.625
-9.5
-14.4583
-3.54167
4.375
-6.20833
-17.2083
1.66667
25.0833
24.8333
17
1.33333
-14.5417
-10.4167
0.791667
4.125
3.25
5.875
11.625
6.20833
-13.625
-21.375
-7.66667
0.583333
-2.45833
-28.8333
-25.2222
-16.1667
-6.18519
5.16667
18.0185
30.5926
43.2593
51.6111
49.4815
39.037
25.9444
11.0556
2.12963
-3.75926
-7.61111
-5.77778
2.16667
11.2222
17.963
18.0556
15.7593
12.1111
4.38889
-4.38889
-14.0185
-26.5741
-34.8148
-19.7778
-8.7963
4.83333
17.4074
28.5741
38.8704
48.5741
54.463
49.5926
33.4815
13.6481
-4.25926
-23.4259
-37.1111
-44.5741
-44.9815
-37.6111
-21.2037
-0.944444
14.8148
22.2963
25.963
25.9815
23.8519
22.0741
17.5556
8.09259
-3.18519
2.53704
13.1667
21.6852
27
31.6667
38.2593
43.7963
40.1667
24.3889
2.94444
-10.9259
-19
-27.6111
-35.3889
-39.037
-39.7963
-36.2037
-24.8148
-8.03704
4.81481
13.5926
21.7778
22.8333
21.5741
26.9444
32.1111
31.8704
24.0185
17.2407
21.1111
20.5926
20.1481
24.463
28.8704
26.5556
11.6852
-8.85185
-21.537
-22.9444
-20.1111
-18.5
-21.963
-24.0556
-23.7222
-19.963
-14.2037
-9.77778
-6.38889
1.48148
12.7963
19.3333
19.7593
23.1667
32.1111
42.8889
44.3704
17.5741
16.7222
12.963
12.6852
18.3704
19.2778
8.46296
-10.7222
-22.6481
-22.2963
-15.7222
-8.51852
-1.66667
-0.277778
-2.94444
-2.62963
0.277778
-0.592593
-6.09259
-10.6296
-9.35185
-1.53704
8.66667
13.6852
13.2963
19.0556
28.4444
35.2037
8.38889
7.42593
6.40741
11.5556
16.3148
10.2778
-6.22222
-20.5556
-21.0741
-12.537
-6.09259
-1.61111
4.18519
6.62963
3.33333
4.74074
7.75926
4.75926
-2.74074
-8.62963
-11.7593
-11.9259
-1.22222
9.92593
5.96296
5.90741
11.7778
18.2593
2.46296
4.38889
7.46296
14
11.7593
-0.111111
-15.7407
-18.6296
-10.5556
-2.87037
-0.0740741
1.16667
3.83333
7.42593
7.81481
9.33333
7.96296
3.09259
-1.57407
-4.74074
-9.24074
-14.6481
-12.0926
-1.24074
0.0740741
-5.16667
-8.90741
-7.01852
1.87037
4.11111
8.96296
12.7778
4.12963
-9.59259
-17.9259
-11.1667
-2.81481
1.07407
1.81481
1.88889
2.96296
6.85185
12.7963
12.2407
6.24074
1.98148
-0.0185185
-1.05556
-4.61111
-11.6111
-15.963
-10.9815
-2.62963
-6.2037
-12.3148
-15.5185
5.66667
5
8.59259
5.61111
-4.88889
-13.6667
-11.5
-1.40741
4.05556
5.03704
5.22222
5.24074
5.51852
9.85185
17.8148
14.5
5.81481
2.33333
1.59259
1.48148
-0.111111
-3.81481
-11.1296
-13.3704
-0.925926
-3.07407
-12.1111
-17.6852
9.25926
5.03704
6
-0.388889
-6.88889
-9.09259
1.11111
10.2778
13.1111
13.2963
13.4259
13.2963
13.8704
17.7963
23.0741
18.3889
10.8704
8.55556
8.46296
8.64815
8.55556
7.59259
2.24074
-4.09259
3.03704
4.48148
-1.5
-7.48148
11.2778
6.03704
3.55556
-3.64815
-4.66667
1.27778
14.963
22.7037
25.0741
25.2407
25.3333
25.2963
26.0926
29
28.5
25.5556
21.1852
19.0185
19.1481
19.3889
21.2778
22.5741
17.7407
9.57407
6.85185
6.55556
5.90741
4.2963
9.2037
6.37037
2.03704
-2.44444
1.33333
11.1481
21.7963
27.5
28.8148
28.9074
28.8704
28.7778
29.463
30.2963
27.3148
28.3333
29.1481
28.5741
28.963
29.2963
30.8519
31.3519
26.3519
17.7963
7.05556
5.40741
11.1481
13.9444
4.96296
5.35185
0.351852
-2.72222
1.03704
10.4259
14.7593
16.1296
15.7778
15.7778
15.7037
15.6852
15.9259
15.463
12.2963
16.4815
21.8889
23.1481
23.463
23.537
24.1481
23.7963
20.3333
14.6667
3.55556
0.166667
8.53704
15.037
0.888889
2.88889
-1
-3.40741
-1.72222
2.51852
0.425926
-2.59259
-4.96296
-5.09259
-5.24074
-5.33333
-5.2037
-6.96296
-8.24074
-4.35185
1.88889
4.74074
4.98148
5.03704
3.90741
2.24074
2.75926
2.40741
-2.92593
-3.33333
1.55556
5.61111
-1.90741
0.296296
-2.05556
-4.66667
-6.01852
-6.37037
-11.5741
-16.8148
-19.4444
-19.5185
-19.5556
-19.5926
-19.3704
-21.5185
-22.1667
-20.5556
-16.8148
-14.3519
-14.3519
-14.5185
-14.5741
-14.8519
-11.1111
-6.66667
-6.07407
-2.83333
-2.12963
-1.81481
-1.55556
0.0925926
-1.57407
-3.12963
-5.88889
-8.09259
-12.3519
-16.2222
-18.0185
-17.9815
-17.9444
-17.963
-17.6296
-20.0741
-20.2407
-21.1852
-21.1852
-19.9815
-20.1852
-20.3148
-19.7222
-19.2222
-15.037
-10.037
-8.24074
-2.05556
-4.07407
-6.92593
-0.685185
0.388889
-0.666667
-0.703704
-4.31481
-5.90741
-7.25926
-9.24074
-9.62963
-9.48148
-9.31481
-9.27778
-9.09259
-10.7407
-10.8889
-12.037
-12.8333
-12.9259
-13.2222
-13.3704
-12.3148
-11.3148
-8.7963
-6.46296
-7
-0.666667
-2.03704
-4.57407
4.7963
3.92593
1.87037
2.27778
-3
-4.40741
-2.31481
-2.66667
-2.2963
-2.27778
-2.25926
-2.14815
-2.05556
-2.85185
-2.87037
-3.57407
-3.98148
-4.61111
-4.85185
-4.85185
-5.12963
-5.01852
-3.2963
-4.37037
-6.09259
0.666667
0.62963
-0.518519
3.01852
2.09259
2.35185
2.18519
-2.31481
-5.12963
-1.16667
0.185185
0.925926
0.796296
0.722222
0.740741
0.703704
0.555556
0.388889
0.240741
0.481481
-0.166667
-0.203704
-0.185185
-0.944444
-1.35185
-1.35185
-4.59259
-2.22222
4.05556
5.48148
5.46296
1.62963
2.31481
3.96296
2.42593
-1.48148
-6.81481
-3.33333
-0.12963
1.44444
1.2963
1.09259
1.05556
0.796296
0.944444
0.740741
0.592593
0.685185
0.0925926
0.148148
0.203704
-0.574074
-0.925926
-3.11111
-5.83333
3.25926
7.61111
9.61111
10.1667
-4.51852
-1.05556
3.05556
2.51852
1.98148
-5.22222
-6.48148
-2.27778
0.777778
1.31481
1.35185
1.2037
0.574074
0.740741
0.518519
0.185185
0.166667
-0.351852
-0.277778
-0.296296
-0.888889
-2.31481
-7.07407
-5.01852
8.18519
7.27778
7.74074
8.05556
1.77778
2.81481
4.59259
5.48148
5.53704
-1.35185
-8.81481
-7.55556
-3.05556
-0.833333
-0.0185185
0.037037
-0.574074
-0.351852
-0.314815
-0.444444
-0.333333
-0.685185
-0.703704
-0.925926
-2.5
-5.18519
-6.31481
2.81481
13.2593
7.94444
6.31481
6.14815
10.7963
5.37037
3.90741
6.46296
8.74074
4.83333
-7.09259
-11.6296
-8.94444
-4.7037
-2.11111
-0.796296
-0.981481
-0.981481
-0.907407
-0.962963
-0.814815
-0.87037
-1.51852
-3.31481
-6.31481
-7.74074
-2.05556
10.3333
11.6667
4.09259
0.444444
0.0740741
22.2593
11.5556
6.2037
6.68519
9.42593
10.0185
-0.0925926
-10.7778
-12.9815
-9.46296
-5.62963
-1.92593
-0.333333
-0.0185185
0.481481
0.555556
-0.0925926
-1.64815
-4.42593
-7.53704
-9.44444
-5.24074
7.12963
14.6111
7.98148
2.37037
0.222222
1.35185
20.2222
14.0741
10.4815
8.87037
11.0926
14.1296
9.7037
-1.46296
-7.94444
-7.55556
-4.55556
0.611111
4.18519
6.51852
8.14815
7.59259
4.62963
-0.259259
-5.09259
-7.85185
-6.25926
4.03704
13.1667
11.8704
3.14815
1.98148
1.83333
3.31481
8.75926
13.5926
16.463
16.0741
17.5185
21.1481
22.5185
15.1481
7.88889
2.46296
0.259259
1.14815
1.74074
2.18519
2.85185
2.85185
1.59259
-1.68519
-3.2963
-0.111111
7.51852
17.963
22
17.0556
12.9074
14.5185
14.6852
12.9815
-10.6296
3.44444
14.7037
20.9259
23.8704
28.4815
35.2222
38.0556
36.9074
30.2963
23.5926
17.4259
12.1667
10.0926
9.01852
9.88889
11.6111
13.7222
19.2407
27.3333
33.9259
36.8889
32.7222
27.9444
26.463
26.6111
22.7407
14.3333
-25.4074
-13.8704
-2.07407
10.4259
19.8889
29.1852
40.3333
50.9815
54.5556
49.3519
43.0926
34.1111
23.4815
15.4074
10.9074
13.9444
22.9259
34.3333
45.1481
51.6481
52.963
46.4444
39.4259
34.5926
29.9815
22.2222
14.037
3.55556
-33.5556
-19.2778
4.94444
20.7593
22.4444
13.2963
0.203704
-12.2407
-20.8333
-23.2407
-20.6296
-12.3333
5
31.0741
52.3519
50.3889
27.1111
2.22222
-5.5
-4.2037
-8.33333
-17.1296
-18.2778
-3.5
9.22222
6.31481
-15.3519
-30.1481
-23.8889
-3.24074
16.6667
23.2407
18.0185
8.2037
-0.925926
-9.42593
-15.7963
-19.7963
-21.5741
-16.9815
-0.148148
28.6111
51.537
50.3519
26.1667
1.01852
-8.27778
-7.07407
-9.64815
-16.2037
-17.0741
-3.03704
13.0185
15.5556
-4.2963
-25.9074
-5.57407
12.9444
22.463
19
11.5556
4.59259
-0.481481
-6.88889
-12.7222
-18.2222
-21.2037
-17.1667
-0.944444
25.7778
47.9074
48.537
28.5741
2.40741
-10.5926
-13.7963
-13.0741
-14.6111
-12.7778
-1.59259
12.0556
17.1111
1.81481
-17.7593
10.963
24.2222
24.6481
14.3148
7.01852
2.14815
-0.277778
-6.14815
-11.5185
-17.6481
-19.5556
-16.1111
-1.16667
22.1481
44.1111
48.2778
32.6481
5.96296
-13
-20.6111
-17.963
-13.3148
-7.88889
0.148148
8.66667
13.3333
5
-5.18519
25.3519
31.2778
23.7407
10.5185
6.25926
5
3.85185
-5.11111
-16.2037
-25.463
-25.6667
-17.1852
1.16667
24.5556
45.2778
49.0926
33.3333
5.46296
-16.9259
-26.1296
-21.463
-11.7593
-3.11111
3.01852
6.46296
9.22222
5.61111
5.64815
35.2778
34.2037
22.3519
13.6111
10.7037
6.22222
-4.55556
-19.9444
-31.0741
-32.2037
-23.2037
-9.11111
8.74074
29.7407
48.1111
52.963
39.2037
12.7037
-15.0185
-33.2407
-36.1481
-23.8704
-6.5
7.42593
10.0185
10.1296
7.38889
14.9815
47.2407
41.3333
25.1852
12.3333
2.2037
-9.27778
-20.6296
-30.463
-32.2222
-26.4259
-13.9074
-0.222222
14.5556
30.9259
44.4259
48.9444
38.963
19.537
-4.90741
-25.5185
-37.7963
-35.7037
-21.8704
-2.46296
9.62963
14.2778
13.7037
23.2037
62.537
47.7778
21.2407
-0.0555556
-13.8148
-23.1481
-28.4259
-32
-28.3148
-19.3148
-4.57407
8.66667
20.1852
29.0741
35.8519
39.463
36.463
25.7593
6.64815
-14.9444
-32.7222
-39.6111
-34.0185
-17.2593
0.037037
13.6852
20.7407
33.2037
75.5
45.4444
7.09259
-16.5
-25
-27.5
-28.9444
-30.5185
-24.6111
-13.6852
2.05556
14.2407
23.5185
26.8519
28.4259
30.5
32.8148
30.2778
16.3704
-4.7963
-27.3333
-38.2037
-38.5741
-25.7593
-12.037
5.25926
20.2778
39.4815
80.8704
32.7037
-11.7222
-28.8333
-26.7778
-23.8148
-25.7778
-29.6667
-23.9444
-12.4259
3.87037
16.4074
25.6481
28.2407
26.8519
25.9444
27.3704
28.3889
19.7963
1.98148
-22.2778
-35.5185
-37.037
-25.4259
-16.6852
-6.01852
11.8333
39.3519
78.6667
15.8704
-27.4444
-34.7037
-23.7222
-18.7778
-22.9815
-28.6296
-23.5926
-11.9815
3.72222
15.5741
25.1481
29.6667
29.1667
27.1111
24.2963
24.6296
17.0926
3.33333
-20.4444
-33.0926
-33.9815
-21.5926
-15.9259
-13.6667
1.18519
34.2963
69.5926
-0.0740741
-36.8519
-34.3889
-19
-15.3519
-21.537
-27.2222
-22.0185
-11.2037
1.42593
12.1667
22.963
32.2963
33.4815
30.0556
21.1481
19.6852
12.9074
4.07407
-18.9815
-32.1481
-33.3704
-18.2593
-10.9444
-14.9259
-5.96296
26.3889
61.2407
-9.42593
-40.5926
-32.2222
-15.6852
-13.0185
-20.4074
-24.7037
-19.3333
-9.88889
-3.18519
6.07407
19.037
36.5741
41.1296
35.2593
18
10.9259
5.46296
2.92593
-15.2407
-28.3704
-31.5556
-16.3889
-7.38889
-14.4444
-10.6296
16.8704
57.4444
-13.3333
-41.3889
-30.5185
-13.9444
-11.8704
-18.963
-21.1481
-15.7407
-10.037
-10.0185
-1.72222
15.7963
42.2037
50.2037
41.4259
15.6667
1.46296
-3.74074
-0.240741
-11.7037
-23.537
-28.5185
-14.7593
-4.64815
-13.2778
-12.2778
10.1111
57.7593
-13.0926
-39.7222
-29.9444
-13.2407
-10.537
-15.8519
-16.0926
-13.3889
-13.8519
-20.3889
-9.92593
14.7407
49.9259
60.0556
47.8889
13.9074
-7.35185
-13.9074
-5.07407
-9.68519
-18.463
-24.8333
-13.2778
-3.24074
-12.8889
-13.0741
6.07407
60.6111
-7.74074
-36.3519
-29.0741
-13.1667
-8.75926
-11.9074
-10.8333
-12.1296
-19.2037
-31.5
-17.7963
14.6481
58.2593
70.3148
54.6481
12.9259
-15.4259
-24.6296
-11.8704
-9.55556
-13.1667
-19.2593
-10.8148
-4.62963
-14.5556
-13.4074
8.96296
65.7593
1.22222
-31.6111
-28.7593
-13.8148
-6.46296
-6.92593
-6.18519
-13.5185
-27.037
-43.2593
-24.2778
15.963
67.3704
80.6111
61.4074
12.3333
-23.037
-35.3889
-19.8704
-10.4259
-7.98148
-12.463
-8.51852
-7.72222
-17.2222
-10.4259
19.2593
70.5185
14.3148
-22.2963
-27.6111
-15.2778
-5.46296
-2.98148
-3.61111
-17.1296
-35.1111
-52.4259
-26.6481
19.6667
76.2593
88.9074
66.4259
11.7407
-29.9444
-45.1852
-28.8519
-12.9074
-4.85185
-6.2963
-6.14815
-9.31481
-16.9444
-2.53704
32.9259
72.9074
29.037
-9.42593
-24.1481
-18.0926
-7.96296
-3.11111
-2.64815
-18.7407
-38.1481
-55.5556
-26.0926
22.6481
80.4444
91.9444
67.4074
10.8704
-33.2222
-49.4815
-33.5741
-14.9444
-3.96296
-4.01852
-6.64815
-11.3889
-13.3889
9.64815
47.1852
69.4074
42.4259
6.96296
-16.1296
-19.2593
-12.4815
-6.05556
-3.62963
-19.1111
-38.3704
-55.5741
-25.0556
24.5185
82.2222
92.6296
65.2593
8.18519
-35.7963
-49.2963
-32.7407
-13.6852
-3.64815
-5.5
-9.5
-12.0741
-5.05556
23.1111
55.4444
58.1481
50.2778
23.2222
-2.53704
-15.5185
-15.1111
-9.98148
-6
-20.3333
-38.8519
-55.3704
-23.7963
26.6852
83.9074
93.2407
62.6296
5.33333
-38.4074
-48.6667
-31.7407
-12.2222
-3.87037
-7.18519
-11.2407
-9.64815
5.94444
34.0741
58.1667
43.3333
49.9815
35.037
13.4815
-4.46296
-12.8519
-13.3148
-10.4444
-22.8333
-39.6111
-54.9074
-22.6852
28.3704
84.9259
93.4074
60.5556
3.27778
-40.2407
-48.2593
-31.2593
-12.6111
-6.18519
-8.14815
-7.2963
0.425926
17.0556
37.9815
51.5926
27.1852
42.7593
37.8519
24.8519
9.18519
-2.16667
-9.98148
-12.9074
-27.5
-42.5926
-55.3333
-22.0185
29.5741
85.2407
93.4815
58.7593
1.57407
-41.8148
-48.4074
-32.6481
-15.3704
-6.96296
-3
3.94444
9.72222
21.0926
33.3889
42.963
15.6481
36.2778
35.7593
26.6852
15.0926
6.96296
-0.314815
-7.38889
-26.4259
-44.5741
-56.8519
-23.2593
29.1667
84.3148
92.1481
55.7222
-1.48148
-44.8704
-50.2037
-33.9815
-12.2222
1.98148
9.90741
11.8889
8.87037
14.3148
25.8333
35.8519
5.38889
29.7963
37.3148
29.8704
15.8148
2.57407
-2.24074
-2.24074
-13
-31.6111
-48.7778
-24.3333
22.5741
73.5185
81.3704
46.9259
-6.42593
-44.8704
-45.2037
-22.7407
1.57407
13.4259
11.8333
6.2037
1.75926
11.2037
24.0556
28.7037
-8.40741
20.4815
39.5185
38.5185
23.3519
2.09259
-9.87037
-10.1852
-14.2222
-23.7037
-35.5741
-14.7963
23.0185
63.7963
68.7407
39.1852
-3.68519
-32.8519
-30.9074
-13.4444
1.7963
7.2963
3.77778
1.38889
1.90741
13.1852
23.0741
19.3704
-19.8519
11.7222
39.8148
45.8148
29.7593
3.59259
-12.0556
-13.8889
-16.4815
-23.8148
-32.6852
-12.7407
23.3333
61.3704
66.3519
38.6111
-1.22222
-28.2222
-27.537
-13
-0.462963
4.72222
2.16667
2.22222
4.7963
14.5
17.8519
7.05556
-24.5741
7.2963
41.5926
51.1481
33.9444
1.90741
-15.7778
-17.6296
-16.4444
-20.5926
-25.7963
-7
24.7593
55.3519
56.4074
30.1667
-3.62963
-24.8889
-22.7407
-9.96296
0.240741
4.44444
2.81481
4.87037
7.42593
12.5556
8.31481
-4.38889
-5.05556
-1.11111
4.77778
8
5.22222
-4.11111
-18.5
-32.8889
-38.1667
-35.6111
-18.3889
9.5
42.5
59.6667
53.7222
32.8889
13.8333
-1.16667
-19.1667
-39.5
-48.2222
-36.8889
-11.9444
10.7222
23.4444
17.5
8.55556
5.55556
18.1111
25.0556
18.5
1.16667
0
-7.27778
-11.3333
-9
-12.8889
-25.8889
-42.8889
-50.3333
-40.1667
-23.8889
-1.44444
23.5556
56.0556
76.0556
72.3333
43.5556
12.1111
-12.1667
-25.8333
-35.3889
-37.7778
-37.2778
-33.8889
-22.3333
3.66667
26.2778
34.3889
28.4444
21.9444
16.7222
6.83333
4.05556
5.66667
-7.16667
-19.9444
-27.8889
-39.2222
-52.7222
-55.3889
-40.5
-8.27778
21.0556
45.5
60.8333
70.4444
66.2222
45.0556
13.8889
-7.83333
-12.6667
-4.33333
-9.22222
-25.7778
-55.7222
-71.0556
-65.2778
-28.8889
12.9444
41.7222
46.4444
31.3333
10.8889
-8.66667
-5.94444
5.72222
-10
-30.5
-50.3889
-64.3889
-57.9444
-27.5556
19.8889
55.2222
68.0556
57.6667
42.6111
28.8889
16
-6
-28
-32.1111
-7.38889
25.7778
37.2222
19.5
-17.5556
-54.1667
-77
-71
-35.7778
12.2778
44.6667
43.7222
17.1111
-10.8333
-10.9444
-10.2778
-25.1111
-47.5556
-64.3333
-52.5556
-8.61111
44.9444
75.1111
69.9444
46.1667
23.1111
10.4444
-1.05556
-17.2778
-37.3333
-46.3889
-34.3889
-0.111111
32.1111
48.4444
36.1111
12.5
-14.7222
-37.0556
-56.3889
-63.1111
-42.3333
-2.27778
31.7222
29.7778
4.72222
-7.61111
-30.8889
-49.8333
-65.6111
-54.1111
-3.22222
59.3889
92.0556
77.7222
37.3889
1.94444
-15.2222
-19.2778
-25.7222
-36.5556
-42.9444
-32.3889
-15.0556
3.16667
17.1667
36.1111
44.8889
39.1667
22.9444
5.5
-14.7778
-45.6667
-66.2222
-57.8889
-15.7222
22.7778
34.2778
23.9444
-50.8889
-71.7222
-62.7222
-11.5556
59.5
98
83.1667
31.1111
-13
-31.7778
-27.0556
-19.6111
-23.6111
-33.0556
-28.8333
-5.83333
10
4.27778
-4
7.61111
28.2222
32.7222
28.6111
25.6667
23.7222
0.5
-45.0556
-76.3889
-59.8333
-0.388889
46.3889
47.5556
-64.7778
-72.5
-25.9444
45.9444
94.1111
80.1667
29.6667
-15.4444
-30.3889
-24
-13.7778
-16.3333
-28.7778
-34.1111
-14.1111
17.7222
28.4444
6.38889
-16.1111
-13.2222
12.3889
26.1667
25.9444
20.8889
25.2222
25.6111
0.611111
-42.7222
-66.5556
-32.7778
32.9444
65.5556
-61.3889
-46.1667
23.7222
83.2222
87
35.0556
-14.2222
-30.8333
-22.6667
-10.1667
-9.55556
-22.1667
-33.1111
-25.9444
5
29.5
30.5556
4.44444
-20.6111
-23
-2.66667
22.1111
26.0556
19.0556
13.7778
24
25.6667
-0.277778
-44
-51.5
-7.61111
48.2778
-41.7222
3
64.2222
87.6667
48.7222
-5.27778
-30.2222
-23.3333
-10
-6
-15.1667
-29.9444
-30.0556
-9.44444
21.8889
33.2222
24.6667
2.05556
-21.7778
-29
-16.8889
15.7222
28.1111
23.8333
8.94444
10.0556
24.1111
20.4444
-15.2222
-46.3333
-30.1111
30.2778
-9.16667
41.8333
71.9444
64.5
11.5
-21.7778
-26.8889
-12.5556
-4.22222
-8.72222
-23.2778
-31.7222
-18.8333
11.1111
30.7778
27.6667
12.8333
-0.611111
-16.0556
-26.3333
-23.8889
2
21.9444
26.0556
12.3333
3.5
9.66667
18.3333
3.72222
-26.2222
-38.2222
-3.88889
18.3333
58
63.4444
38
-10.2222
-23.3889
-18.2222
-5.05556
-3.88889
-16.6111
-30.2222
-28.3889
-2.33333
25.9444
31.3889
19.2778
5
-0.611111
-8.44444
-21.5
-25.8333
-12.2778
13.3333
25.3889
16.2222
0.444444
-2.22222
12.5556
19.2222
-0.666667
-26.8889
-30.0556
24.8333
43.5556
41.8889
13.4444
-12.7222
-15.6111
-9.16667
-2.61111
-7
-19.6111
-25.7778
-12.1667
15.6667
30.0556
21
4.66667
-2.77778
-0.944444
-1.22222
-14.1111
-25.1111
-22.7222
1.94444
22.0556
19.5
5.11111
-3.72222
8.55556
24.5556
7.44444
-25
-54.8333
14.3889
24.1667
26.8889
-0.722222
-11.2222
-11.3889
-3.77778
-1.11111
-5.33333
-11.8889
-7.5
10.5
27.8333
20.4444
-0.888889
-15.2778
-10.5556
1.94444
9.55556
1.27778
-15.5556
-24.2222
-12.0556
8.5
12.9444
7.27778
-0.333333
6
20.2778
8.05556
-18.7222
-55.7778
-6.55556
7.44444
12
-8.77778
-9.11111
-8.22222
-1.16667
-0.388889
0.277778
6.27778
19.8333
34.3889
29.1111
2.05556
-27.6667
-34.3889
-18.6111
6.66667
23.3889
24.3889
2.5
-18.8889
-28.1667
-15.6111
-2.22222
6.33333
5.5
2.5
7.66667
-0.944444
-9.38889
-32.0556
-12.5556
-0.222222
3.05556
-9.33333
-7.38889
-6.5
-0.666667
0.888889
7.61111
22
38.1111
42.6111
18.5556
-16
-44.2778
-39.9444
-18.9444
13.8333
36.1111
44.7222
21.9444
-11.6667
-38.8333
-39.3333
-22.0556
-5.77778
1.77778
-0.111111
3.33333
0.5
5.27778
-2.05556
-10.7778
-9.55556
-7.88889
-8.05556
-2.72222
-2.27778
-0.222222
1.05556
7.38889
22.1111
34.2778
33.9444
6.33333
-20.4444
-38.3333
-28.0556
-11
15.2222
33.6667
44.2778
27.8889
-3
-33.6667
-43.2778
-29.3889
-13.1111
-1.61111
-1.33333
1.55556
0.611111
12.5556
17.7778
-3.05556
-18.6111
-16.6667
-6.11111
2.5
2.77778
0.666667
1.16667
4.11111
12.3333
18.1667
16.9444
-1.22222
-14.3889
-22
-11.2222
-0.833333
13.2778
21.8333
25.6111
16.7778
-1.55556
-19.1667
-27.0556
-20.5
-12.1111
-4.16667
-1.05556
1.61111
1.88889
9.88889
18.0556
4.88889
-21.9444
-21.7778
-4.61111
6
6.22222
0.722222
0.944444
0.777778
2.94444
3.94444
4.33333
-3
-5.72222
-7.38889
0.222222
5.38889
9.33333
9.77778
6.55556
3.66667
-2.05556
-6.38889
-9.66667
-6
-1.55556
0.611111
-2.05556
-7
-3.16667
4.77778
16.8333
6.27778
-21.6111
-29.3333
-6.72222
5.05556
8.38889
1.22222
0.611111
0.222222
-0.222222
-0.722222
-0.555556
-2.55556
-1.88889
-1.83333
3.33333
6.5
6.83333
4.33333
-2.44444
-3.55556
-4.27778
-1.44444
-0.833333
2
4.27778
3.22222
-2.38889
-15.1111
-7.72222
0.111111
21
5.61111
-17.8889
-34.4444
-11.9444
2.5
10
3
0.388889
0.555556
0.111111
-0.722222
-1.5
-2.5
-1.38889
-0.222222
3.33333
6.22222
5.66667
3.72222
-3.27778
-3.66667
-4.11111
-0.888889
-0.611111
2
4.22222
3.55556
-3.44444
-20.0556
-7.88889
3.05556
30.6667
1
-20.4444
-49.4444
-28.8889
-2.94444
14.3333
9.38889
0.833333
-0.444444
-0.277778
-0.777778
-1.55556
-2.11111
-0.777778
0.944444
3
5.83333
5.11111
3.94444
-3.38889
-3.83333
-4.22222
-0.722222
-0.555556
0.444444
2.22222
3.66667
-4.05556
-19.6667
-3.44444
15.3333
42.4444
14
-13.5556
-50.5556
-46.5556
-10.1667
16.4444
18.4444
5.27778
0.166667
-0.0555556
-0.222222
-1.05556
-1.77778
-1.16667
0.333333
1.83333
5
4.66667
4
-3.05556
-3.77778
-4.11111
-0.666667
-0.444444
-0.166667
0.666667
-0.444444
-11.3333
-14.8889
11.7778
41.4444
47.4444
42.6111
2.38889
-48.8333
-67.4444
-28.1667
10.8889
26.5556
13.1667
2.66667
-0.277778
-0.111111
-0.444444
-0.888889
-0.888889
0.277778
0.944444
3.61111
3.66667
3.55556
-1.77778
-2.94444
-3.5
-1.11111
-0.777778
-0.444444
-0.277778
-6.94444
-17.3889
-2.77778
34.9444
65.7778
38.6111
64.7222
29.0556
-26.0556
-69.6667
-53.5
-9.94444
23.2778
23
9.55556
1.77778
0.611111
-0.0555556
-0.0555556
-0.944444
0.333333
0.166667
2.38889
2.38889
2.66667
-0.944444
-2.22222
-2.72222
-1.11111
-0.833333
-1.38889
-5.94444
-18
-16.1111
20.3889
61.5556
67.5
10.1667
58.5556
42.7778
-2.44444
-57.3889
-76
-44.3333
3.05556
25.8889
21
8.33333
2.11111
-0.388889
0.111111
-0.166667
1.44444
0.833333
2.44444
1.88889
2.05556
-1.11111
-2.05556
-2.27778
-0.833333
-1.16667
-5.5
-14.5556
-17.6111
8.11111
55.8333
72.4444
37.8333
-29.3889
25.6111
41.2222
26.0556
-22.1667
-75.2778
-77.1111
-38.4444
8.44444
25.8889
22.2222
11.0556
3.22222
0.277778
-0.166667
1.94444
1.72222
2.88889
1.72222
1.27778
-1.72222
-2.16667
-1.88889
-2.11111
-7.11111
-16.1111
-18
2.38889
46.6111
74.1667
50.3889
-12.2222
-55.3889
-7.5
23.1111
41.2778
18.8889
-39.3333
-80.6111
-74.7222
-31.9444
6.5
22.6667
21.0556
13.0556
8.05556
5.44444
5.72222
4.33333
2.94444
0.722222
-2.38889
-5.22222
-6.16667
-8.22222
-12.3333
-17.5556
-14.2222
7.11111
46.6667
74.3889
58.2222
-0.666667
-53.3333
-60.6111
-21.0556
7.88889
41.6111
47.5556
9.44444
-44.0556
-71.0556
-58.7222
-32.2778
-11.5556
3.77778
14.9444
27.8889
31
30.1111
18.6111
4.83333
-8.88889
-20.8889
-24.4444
-25.6111
-22.3333
-17.9444
-4.27778
19.5
53.2778
72.1111
57.5556
2.44444
-47.7222
-66.7222
-43.3333
-15.4444
-0.0555556
28.5556
47.3889
40.2222
5.16667
-25.3333
-43.8333
-47.1111
-46.3889
-32.8333
-13.1667
16
35.8333
46.6667
34.3889
8.61111
-20.8333
-42
-40.1111
-26.1111
-4.88889
12.1111
34.2778
57.7778
69.9444
51.2778
4.33333
-43.1667
-62.3333
-50.9444
-25.7778
-5.38889
-1.33333
8.94444
22.8333
37.1667
41.0556
35.6667
10.6667
-21.5556
-50.3333
-55.1667
-38
-4.05556
24.2778
41.4444
31
5.94444
-24.4444
-42.1667
-33.8889
-12.1667
19
41.3889
60.7778
58.9444
35
-9.5
-43.9444
-54.6667
-41.1667
-23.7778
-12
-2.11111
-6.22222
-10.2778
-5.5
21.1111
49.7778
65.5
51.2222
27.0556
-1.27778
-28.1111
-44.9444
-42.8333
-20
7
17.7222
10.1111
-8.94444
-18.8889
-7.33333
20.1111
46.8333
53.2778
36.2222
4.22222
-31.1667
-50.7778
-51.4444
-33.7222
-16.9444
-4.11111
-2
-47.1
-58.76
-58.66
-50.74
-36.84
-16.48
9.26
34.82
58.42
75.1
80.66
71.4
53.18
30.32
9.16
-5.16
-15.82
-32.24
-47.6
-60
-67.46
-65.5
-44.76
-16.54
9.56
25.94
35
37.2
-66.6
-68.68
-56.46
-32.58
-4.96
22.1
44.02
57.6
60.46
56.64
45.72
28.52
11.74
0.26
-5.12
-0.96
5.26
1.6
-10.66
-28.56
-49.88
-64.54
-60.54
-40.52
-14.86
7.08
23.72
34.9
-72.64
-57.5
-29.06
4.42
34.22
51.9
57.02
50.6
37.18
23.26
9.02
-5.18
-15.78
-17.58
-10.4
2.78
15.26
22.96
19.52
1.2
-22.52
-42.42
-52.94
-51.68
-37
-17.82
1.1
19.08
-62.82
-31.74
7.46
41.54
62.5
64.12
53.04
33.02
11.82
-5.28
-17.02
-25.54
-29.96
-25.26
-11.26
3.92
16.9
29.34
32.62
21.2
4.3
-14.36
-32.6
-46.14
-47.82
-37.92
-18.84
5.5
-40.26
0.96
40.14
65.88
73
60.44
38.4
12.66
-10.86
-27.38
-36.18
-39.32
-36.74
-25.74
-9.08
5.12
16.2
28.84
35.86
32.7
24.16
11.06
-10.64
-32.8
-46.1
-45.72
-34
-8.28
-8.26
35.12
64.04
75.26
67.28
42.58
11.2
-17
-38.36
-49.84
-50.74
-42.7
-29.16
-13.06
0.28
8.82
14.46
23.56
33.98
40.92
40.56
33.98
15.64
-11.32
-33.88
-39.12
-32.58
-14.96
26.54
62.04
75.34
69.72
47.88
13.9
-19.22
-41.8
-51.64
-52.42
-42.38
-24.26
-4.52
7.5
10.8
7.18
1.42
1.9
12.58
28.82
39.8
44.2
36.8
13.96
-14.52
-27.28
-27.96
-19.72
54.56
72.04
67.26
49.86
21.02
-11.74
-36.74
-47.56
-48.8
-43.68
-28.36
-7.52
12.06
20.28
15.86
4.18
-7.32
-12.7
-5.24
15.08
31.84
40.96
41.74
29.06
2.08
-14.74
-19.44
-19.96
65.3
67.38
49.8
27.08
-1.02
-26.78
-42.56
-43.18
-39.54
-31.62
-14.42
6.1
20.58
24.86
16.78
0.82
-13.68
-19.72
-15.6
1.98
20.22
32.8
37.34
34.26
16.96
-1.12
-11.6
-18.62
64.02
55.12
33.54
10.94
-11.82
-30.22
-36.74
-30.58
-25.26
-18.2
-1.6
13.7
20.34
21.78
14.62
-1.96
-15.24
-19.86
-19.7
-9.14
7.16
19.64
26.6
30.58
23.82
7.94
-2.64
-13.12
49.66
35.64
18.84
0.9
-14.72
-25.02
-23.16
-13.68
-8.1
-2.68
8.58
14.64
12.02
11.54
8.38
-3.12
-11.04
-11.68
-15.92
-14.3
-3.84
5.26
10.58
19.24
21.68
6.84
-3.46
-11.66
29.42
16.22
6.66
-5.32
-14.22
-17.44
-8.8
2.84
7.56
11.18
15.74
11.52
0.26
0.2
2.06
-1.8
-2.64
0.6
-8.02
-15.36
-13.52
-8.96
-5.5
4.96
14.96
5.8
-1.88
-7.92
6.9
1.98
-1.02
-8.14
-9.66
-6.58
6.1
19.2
23.32
23.12
18.5
4.8
-13.14
-12.1
-4.06
1.32
7.78
13.3
0.32
-15.66
-21.96
-21.28
-18.64
-7.4
8.32
3.8
-0.94
-2.74
-7.02
-6.44
-5.52
-7.76
-2.86
4.62
18.44
30.86
33.32
28.46
15.22
-4.88
-24.26
-19.8
-6.46
7.74
21.1
26.62
9.4
-12.44
-27.3
-33.6
-31.06
-19.66
-2.96
-0.96
1.78
3.32
-14.48
-10.84
-8.52
-6.88
1.26
10.2
21.22
30.5
31.52
26.44
9.92
-9.64
-25.04
-18.38
-5.26
12.72
28.08
31.9
14.42
-6.72
-25.76
-36.72
-35.14
-25.44
-12.16
-6.14
2.48
7.4
-20.04
-13.4
-11.22
-6.6
3.36
11.74
17.88
24.34
23.92
19.04
5.04
-9.78
-19.86
-12.56
-1.84
13.6
26.2
26.68
11.96
-4.6
-21.1
-31.12
-29.06
-22.3
-15.24
-7.02
2.54
7.94
-25.2
-15.58
-12.74
-5.42
5.34
13.22
14.34
17.52
15.82
11.46
0.88
-8.68
-13.46
-6.3
1.78
13.34
22.26
19.36
7.9
-4
-15.32
-22.54
-19.86
-15.9
-14.62
-7.24
0.84
6.14
-29.4
-21.14
-14.98
-5.32
4.96
13.02
10.62
9.06
6.24
3.96
-1.86
-6.18
-5.96
0.92
5.6
12.42
17.48
12.3
4.14
-3
-9.9
-14.96
-12.24
-11.62
-14.86
-5.16
2.42
6.56
-32.84
-27.92
-18.4
-7
2.88
11.72
8.78
3.14
-0.66
-0.78
-2.2
-2.78
1
5.9
7.06
9.16
10.48
3.54
-0.84
-3.28
-5.48
-6.94
-4.84
-8.14
-13.24
-1.32
4.1
8.52
-40.14
-39.54
-26.86
-11.2
0.76
12.48
11.5
3.94
-1.14
-1.92
-1.56
-0.88
3.62
6.48
6.52
6.28
5.84
-1.74
-4.08
-4.46
-3.8
-2.86
-1.32
-6.26
-9.02
5.28
9.04
14.18
-39.04
-48.12
-36.42
-17.86
-2.92
12.18
16
8.44
1.58
-0.86
-1.24
-0.88
3.5
5.64
5.64
5.52
5.3
-1.68
-3.6
-3.94
-3.64
-4.5
-5.02
-8.46
-4.82
12.18
20.02
28.44
-34.92
-56.52
-49.96
-31.76
-12.38
7.9
18.76
13.54
6.36
1.88
-0.22
-0.76
3.46
5.1
5
4.86
4.78
-1.48
-3.24
-3.74
-5.4
-8.54
-8.76
-8.96
1.88
22.6
35.08
42.18
-24.98
-56.7
-62.46
-48.12
-27.34
-3.32
15.58
18.5
13.66
8.14
3.74
1.2
3.86
4.04
3.82
3.58
3.42
-1.98
-3.8
-5.78
-9.12
-11.5
-10.54
-4.8
14.32
35.14
44.42
47.92
-12.86
-48.56
-67.16
-62.56
-45.36
-22.16
1.36
14.98
17.98
14.78
10.94
7.82
8
5.64
4
2.62
0.54
-5.74
-8.86
-11.68
-13.42
-12.24
-4.92
10.66
34.2
48.34
51.2
45.2
0.88
-30.98
-57.18
-66.38
-57.96
-40.6
-19.58
-1.48
12.14
18.04
20.86
22.38
23.36
15.96
7.12
-2.08
-11.82
-20.42
-21.76
-19.26
-13.86
-3.26
12.88
33
49.6
53.7
47.08
28.2
9.94
-12.44
-39.94
-59
-59.24
-48.88
-34.52
-18.7
-1.58
9.02
16.16
23.5
28
18.96
6.56
-6.64
-19.92
-25.24
-19.42
-9.8
1.78
18.2
34.74
48.38
53.82
47.48
29.04
0.1
20.64
11
-12.7
-34.96
-44.78
-45.72
-40.32
-27.54
-9.8
3
12.94
22.72
26.92
16.44
4.22
-8.28
-21.82
-24.46
-15.56
-3.92
10.48
29.94
42.94
50.42
47.08
30.32
1.86
-26.44
22.86
27.16
18.28
0.98
-12.5
-26.32
-34.54
-34.64
-21.16
-6.68
9.94
26.12
34.54
23.76
8.88
-7.68
-25.92
-30.36
-19.58
-3.52
16.02
36
46.12
45.6
29.74
3.94
-22.8
-46.42