2.5
8.25
10.25
8.875
6.375
4
2.25
2.5
4.125
8
10.125
6.5
-3.75
-18.875
-30.25
-34.875
-34.5
-27
-15
-3.75
7.375
15.75
18.625
18.875
17.75
15.375
13.625
10.75
7.375
4
0.875
0.125
0
0
7
11.75
14.125
12.75
10.375
10.25
5.125
4.375
5.625
5.75
9.75
6
-5.25
-17.75
-22.25
-16.75
-5
8
17.75
23.125
26
27
24.25
17.5
9.75
0.625
-2.5
-2.75
-2
1.125
0.625
0.25
0
0
4.375
7.125
7.75
6.375
5.25
9.125
7.25
5.375
2.125
-3.375
-1.875
-2.75
-3.625
-1.75
4.75
16.5
29.5
36.25
37.75
34.375
27.5
21.625
15.875
9.375
3.5
-4.125
-6.125
-5.75
-4.375
0
0.25
0.125
0
0
6.875
6.75
1.75
-3.875
-4.875
-0.5
3.5
-0.5
-9.625
-17.5
-18.75
-8.875
8.125
24.875
35.125
38.875
32.75
20.875
11.25
3.625
0.5
1.375
4.125
5.5
4.5
3.875
1.25
-0.375
0.5
0
0
0
0
0
3.75
2.625
-2.125
-7
-4
-3.25
-1
-7.125
-15.5
-15
-10.5
6.5
21.5
25.25
16.125
-0.875
-26.625
-43
-48.875
-48.875
-41.875
-37.75
-31.625
-24.625
-15.375
-0.875
4
5.125
5.375
0.25
0
0
0
0
-5.25
-4.625
1
6.75
15.125
9.875
0.125
-6.375
-4.875
9
21.125
24.5
9.625
-17.75
-48.625
-76.375
-87.875
-74.75
-54.375
-38.25
-36.25
-53
-71.25
-76.125
-65.375
-42
-21
-6.625
0.375
-0.5
-0.125
0
0
0
-9.75
-9.125
3.625
17.375
22.375
13.25
1.125
-0.875
8.5
21.875
21.125
-1.75
-34.125
-61.75
-78.125
-83.875
-62.375
-26.5
7.375
29
20.5
-10
-48.125
-73.875
-82.375
-76.875
-58.5
-35.75
-17.875
-6.25
-1.25
-0.25
-0.25
-0.125
-1.25
-6.375
-6.75
-7.375
-17
-21.25
-11.375
2.625
15.75
13.125
-14.125
-46.875
-65
-64.625
-50.125
-26.25
5
27.25
44.625
56.625
48.875
32
9.125
-20.875
-46.75
-64.625
-69.5
-56.75
-37.625
-17.625
-6
-5
-5.375
-4.625
2.625
-8.375
-27
-46.125
-61.25
-56.875
-29.25
-2.125
10.625
-2.625
-33.875
-53.25
-52.875
-36.125
-12.75
14.625
36.75
42.625
42.75
42
37.375
37.125
35.375
18.5
-6.75
-31.75
-49.625
-51.5
-40.875
-23.75
-12.25
-11.5
-12
-10.875
-21.25
-29
-42
-52.125
-53.625
-43.125
-21.25
-6.625
-7.625
-22.125
-38.25
-38.75
-27.125
-9.25
10.125
31.125
43.125
43.625
35.25
22.625
21.75
30.375
35
30.375
14.875
-7.25
-25.25
-36.875
-37.75
-28.5
-18.25
-11.375
-9.25
-8.75
-43.875
-39.5
-31.25
-20.75
-10.75
4.125
8.375
-3.5
-20.125
-38.375
-42
-29
-11.5
5.25
26.125
44.125
47.75
41.875
24.25
7.5
13
25.25
29.75
29.5
19.875
4.125
-12.875
-31.75
-41
-39.5
-27.75
-12.375
-6.5
-7
-38.625
-23.75
-4
13.875
25.25
37.875
25
-1.25
-21
-39.25
-34
-17.125
-1.125
16.375
37.875
48.375
45.75
32.5
11.75
1.75
8.75
20.75
27.125
27.875
20.75
9.5
-3.875
-22.75
-35.5
-39.125
-32.875
-18.75
-12.125
-13.75
-12.875
1.125
12.625
21.375
29.875
33.875
16.375
-3.75
-19.25
-28.875
-18.125
-5.25
6.75
23.125
36.5
38.75
32.25
17
3.625
0.5
4.125
13.25
22.25
24.25
21.125
13.25
4
-7.375
-19.75
-25
-25.375
-19.375
-13.625
-15.125
19.375
21.875
17.375
13.375
17.25
14.375
1.625
-6.375
-17.125
-18.75
-7
1.625
10.75
21.375
24.75
22.75
15.625
5.375
1
0.125
0.875
6.25
15.125
18.875
18.625
14.5
6.375
0.625
-8.625
-13.875
-13.625
-11.125
-4.625
-2.875
37.25
28.375
19.375
15.375
17.875
12.375
1.625
-5.125
-14.125
-12.375
-3.75
2.625
10.875
16
14.625
10.75
3.625
-1.25
-0.25
-0.375
-0.875
2.375
10.375
17
18
15.5
7.875
1.75
-5
-9.25
-6.5
-1.375
8.625
14.375
32.75
21.25
14.125
12.125
15
9.75
6.75
1.5
-6.5
-3.625
-3
-1.25
-0.625
-7.625
-17.75
-22.125
-22.125
-14.75
-3.875
-3.375
-7.25
-10
-10.25
-3.625
2
4.75
5.375
2.25
-3.25
-5.625
-3
2.625
12.75
18.875
21.75
13.5
6
2.25
2.375
-3
-0.625
-1.875
-6.25
-1.625
-2.125
-5
-16.75
-37.875
-55.5
-57.25
-45
-23.375
-5.625
-10.75
-25.125
-40.75
-55.125
-49
-32.875
-17.5
-3
1.5
-1.375
-2
-1
0.5
3.875
7.625
16.125
13.375
7.25
3.375
-0.375
-9
-11.75
-13.375
-14.625
-7.5
-2.75
-4.5
-14.75
-31.75
-45
-42.375
-31.25
-14
-0.875
-13.125
-35.375
-57.5
-73.125
-65.375
-44
-22.125
-6.625
-1.5
0.125
0.875
0.5
-1.5
-5.25
-5.375
10.875
14.25
11
3.875
-1
-8.875
-11.125
-9.25
-9.5
-5
-1.875
-1.5
-3.625
-8.875
-17.25
-13.25
-10.75
-5.625
2.875
-6
-20.625
-34.375
-40
-36
-22.625
-9
-3.25
-1.5
3.125
5.25
3
-0.75
-8.375
-13.875
1.875
7.25
9.25
5.25
1.125
2
-1.375
-0.25
1
-2.625
-0.5
0
0.125
0.125
-2.5
0.375
0
-0.375
2
-1.75
-5.25
-8.375
-8.625
-8.375
-5.125
-1.625
-0.875
-0.375
5.75
8.625
5.875
2.875
-4.625
-11.25
-6
-3
1.125
2.375
-2.75
4.875
2.625
2.375
7.625
-0.5
-0.375
-0.375
-0.125
1.25
3.875
5.25
5
3.125
-1
-4
-4.375
-4
-2.875
-1.625
-1.25
-1
-1.375
1.125
10.375
14.375
14.125
11.75
4.875
2.25
-6.5
-6.375
-6.875
-9.625
-16.875
-9.75
-2.5
3.875
13
6.625
0.5
-0.625
-0.5
1.25
4.375
3.5
3.375
0.875
-6.25
-7.375
-7.375
-7
-3.625
-1.875
-1.5
-1.25
-0.875
8.625
20
24.375
25.125
18.625
12.125
12.875
-5.75
-5.625
-9.25
-15.5
-22.625
-18.125
-2.875
8.75
18.375
15.5
3.75
-0.125
-0.25
2.25
5.5
2.875
2.375
-1.375
-10.875
-9.5
-8.625
-8.375
-3.125
-2.125
-2.875
-1.75
3.125
18
26.75
28.125
24.875
14.125
10.5
12.875
-11.375
-9.5
-9.25
-10.625
-14.625
-12.75
4.25
16.875
25.375
25.5
9.75
-0.25
-2.125
-0.125
4.625
5
5.125
3.25
-7.75
-11.5
-12.75
-13.75
-8.125
-4.5
-3.625
-1.25
8.75
24
30.375
28
18.375
5.625
1.375
3.75
-13.5
-10.5
-2.375
5.125
6
2.375
9.625
18.375
26.375
30.625
18.125
3.875
-3.375
-3.625
3.5
8
9.125
9.875
-2.5
-13.625
-17.875
-20.125
-14.125
-6.375
-1.5
3.125
16.5
29.125
31.625
24.125
8.25
-5.375
-11.375
-9.125
-6.75
-1.625
11.5
23.875
27.875
17.125
10
11.375
17.5
27.25
25.25
13.625
2
-1.75
3.625
6.75
7.625
7.375
-4.125
-13
-16.625
-18.25
-12.5
-5.5
1.125
13
29.5
34.125
26
8
-12.375
-20.75
-21
-18.25
-0.625
4
14.75
24.125
25.25
11
-2.375
-2.25
5.75
24.25
36.125
29.75
18.25
11.625
9.375
8
7.375
2.5
-7.375
-11.5
-13.625
-12.25
-2.875
6.125
19.5
39.375
46.625
35
13.625
-13.25
-28.5
-27.875
-24.125
-22
9.5
8.375
7.375
5
0.5
-9.625
-19.875
-18.25
-5.5
19.75
45
52.25
45.375
32.625
18.5
8.75
3
-3.125
-8.5
-9.875
-6.25
4.5
22.125
40.375
59.375
67.75
51.25
24
-3.875
-24.25
-28.125
-27.625
-28.25
-25.5
21.5
16.875
8.625
-1.75
-9.5
-15.625
-24.25
-32.25
-29.25
-13.625
13.375
43
57.125
50.875
33.875
15.125
-3.5
-12.375
-9.125
-1.375
18.375
42.875
59
69.875
67
45.5
18.625
-4
-18.375
-20
-19.75
-25.875
-31.125
-29
24.875
21
16.625
9.125
0
-10
-22.875
-40.125
-52.125
-53.375
-38.875
-6.375
28.25
48.75
49
34.25
10.125
-8.125
-3.375
14.5
40.5
63
64.25
48.875
18.375
-14.5
-31.5
-35
-28.5
-18.875
-18.125
-22.625
-26.5
-28.875
20.5
15.375
10.875
6.625
1.125
-7
-17.5
-27.875
-39.375
-48.25
-49.625
-41.125
-20.375
5.125
20.625
22.25
17.375
6.375
6.625
17
22.125
22.375
11.25
-9.75
-32.125
-46.25
-49.875
-45.125
-34.875
-26.5
-22
-16.75
-13.5
-18.25
-0.625
-8.875
-14.75
-16.5
-14.125
-10.25
-7
-3.5
-5.375
-14.25
-26
-38.375
-44.25
-39.625
-28.125
-15.125
0.75
7.875
5.75
-0.625
-15.5
-28.625
-36.5
-40.75
-40
-35.375
-31.75
-30.25
-27.625
-23.625
-16
-4.25
3.375
-0.125
-29.25
-35.125
-35.75
-33
-26
-14.75
-1.625
8.375
12.875
8.75
-1.75
-14.5
-27.625
-35.375
-32.5
-22
-7
5.75
3.25
-7.5
-20.5
-31
-31
-25.625
-18.125
-10.625
-6.625
-6.75
-8.5
-9.125
-4.75
2.625
7.25
6.25
-44
-40.625
-33.75
-26.125
-17.625
-7.75
2.375
8.5
12
12.75
10.875
8.625
3.875
-1.75
-2.375
-1.25
1.25
7.375
5.125
0
-4.625
-11
-11.25
-7.375
-2.125
3.25
7
8.875
6.375
2
-1.25
-4.125
-4.875
-4.375
-16.75
-9
10.25
25.625
21.875
10.75
9.75
16.25
14.375
-4.75
-12.125
1
5.75
-1.875
-8
-8.375
-7
-7.75
-9.5
-6.5
0.125
5
11.375
20.375
24.5
19.875
15.625
16
11.375
4.25
1.375
0.375
0
0
-9
-0.75
10.625
20.75
21.125
14.75
8.125
9.625
16.125
3.5
-10
-8.75
-9.75
-12.75
-10.25
-2.75
2.5
1.5
-1
0.125
2.75
5.5
10.5
17.25
22.5
18.625
13.75
15
8.75
1.375
0.625
0.25
0
0
-0.625
2.875
5.25
13.625
20.5
20.625
9
1.125
11.875
7.125
-7.625
-11.75
-14.375
-13.5
-6
5.5
11.5
6
-0.25
1.125
3
4.125
8.125
12.125
14.5
11.125
11.875
18.5
10.625
0.75
0.25
0.125
0
0
4.625
2.5
-1
7.875
22.375
28.5
10
-10
1.625
7.5
-0.5
-3.875
-7.375
-7.625
-2.625
7.125
9.75
-1.625
-7
1.125
6.25
6.125
8.875
11.25
10
6.125
10.75
19.875
11.5
0.75
0
0
0
0
7.75
-0.125
-5.625
6.25
27
34.5
7.5
-20.375
-6.25
12
11.5
5.5
-3.25
-11
-14.125
-4.875
1.625
-6
-4.375
5.375
3.875
-1.75
5.875
18.875
20.625
14.625
15.5
19.375
10.125
0.75
0
0
0
0
8
-3.625
-3.25
14.75
32.125
28.125
-6.375
-25.875
-0.125
21.75
18.125
6
-10.625
-26
-30.625
-19.125
-3.875
8.25
18.625
10.5
-12
-20.25
-4.25
18.625
29.375
31.25
32.5
25.875
10.375
1.25
0.125
0
0
0
4.5
-5.875
5.125
28.875
33.125
11.5
-16.875
-15.375
11
21.875
11.875
-6.5
-26.875
-40.25
-39.875
-23.875
0.375
28.25
44.375
20.75
-24.75
-45
-23.875
11.375
32.375
42.875
47
38.25
20.625
6.5
0.75
0
0.25
0.125
-2.5
-7.625
8
29.125
24.75
3
-8.375
6.875
24
14.875
-9.875
-31.625
-45
-48.375
-39.625
-17
21
61.25
66.875
23.375
-37.875
-72.5
-53.125
-5.125
28.25
45.375
55.25
55
40.875
17.375
0.75
-3
0.125
3.375
-11.625
-13.875
5
25.625
17.75
-0.125
9.25
36.875
32.125
-8.125
-41.125
-50.75
-48.125
-38.875
-22.5
3.375
48.25
86.375
72.25
17.5
-44.875
-85.625
-74.375
-30.5
6.5
31.5
53.875
71
63.125
31
3.5
-6.25
-1.25
7.125
-19.5
-18.25
-1.25
15.625
12.125
11.625
42.25
58.625
14.125
-41.875
-60.5
-51.5
-34.125
-16.75
1.625
30.125
67.875
80.125
51.75
12.875
-32
-78.875
-85.5
-51.625
-15.375
10.5
36
68.125
79.5
51.75
13.25
-7.625
-2.75
11
-21.375
-16
-2.25
8.75
11.25
30.875
66.875
53
-14.125
-59.625
-61.25
-40.5
-16.5
2.25
23.625
51.875
73.25
63.625
29.75
5.25
-19
-60.5
-85.5
-70
-34.375
-4.625
19.125
51.5
78.5
70.5
30
-6.375
-6.25
13.25
-14.625
-7.75
7.75
19.625
20.75
40.625
65.75
27
-41.75
-63.75
-48.25
-24.125
-2.375
18.875
46.125
66.875
64.25
40
13.5
1.25
-10.25
-40.5
-75.625
-82.875
-51.75
-14.25
7.625
31
63.75
80.875
51.125
0.75
-10.875
10.25
-3.875
3.375
18.375
28.375
28.375
48.625
55.375
-10
-66.75
-56.625
-29.375
-10.5
7
34.875
67.5
73.75
46.75
17.75
4.125
0.25
-4.125
-25
-65.5
-90.25
-65.375
-20.75
0.25
11.125
45.5
85.5
70.625
11.375
-13.875
5.125
2.375
7.875
23.375
33.125
34.25
52.125
36.375
-44.375
-77.125
-42.75
-15.75
-2.625
15.75
50.625
81
68.5
28.125
5.125
1
0.125
-0.875
-14.25
-52.375
-89.375
-77.875
-30.5
-3.125
1.125
27.875
79.875
84.625
24.875
-14.625
-0.625
1.25
4.375
20.875
34.625
41.625
51.875
12.375
-68.375
-75.125
-30.625
-9.5
2.125
26.625
64
81.375
55
17.625
2.75
0.75
-0.375
-0.875
-8.875
-39.375
-80.75
-85
-42.75
-7.375
-1.25
16.5
69.25
92.5
41.125
-8.875
-4.625
-6.25
-4.5
11.375
27.875
47
56
-0.25
-77.25
-72.5
-27.375
-6.75
4.75
26.875
56.625
66.75
49.375
28.875
14.25
3.875
-2.875
-7.25
-11.75
-34.75
-72.875
-79.75
-43
-10.125
-2.75
11.25
61.375
96.5
54.375
-1.75
-5.625
-15.5
-12.5
4
27.25
53.375
51
-18.625
-83.875
-65.5
-22.125
-4.625
5.25
21.75
41.375
51.25
53
47.25
26.625
6.625
-10.75
-26.875
-25.75
-32.125
-57.5
-62.375
-36
-10.25
-2.75
8.125
56.25
99.75
64.5
3.875
-5.125
-18.375
-15.875
-4
20.125
55.625
49
-28.5
-82.875
-60.375
-21
-3.5
3.75
14
24
32.25
56.875
72.75
42.5
8.625
-18.875
-49.875
-46.75
-32.875
-39.375
-40.25
-24.875
-8.875
-2.75
8.125
55.875
100.25
65.75
4.5
-4.625
-15.375
-16.25
-11.75
9.375
53.5
50.875
-31.875
-83
-56.25
-18.5
-2.125
1.75
2.875
4.625
17.75
66
97.75
55.125
9.125
-27
-72.375
-67.875
-36
-25.25
-18.875
-9.75
-4.5
-2.5
10.375
59.25
97.75
58
-0.625
-4.625
-9.875
-13.75
-14
6
49.875
47.5
-36.625
-88
-52.75
-12.375
-0.75
0.75
-0.125
-0.125
13.5
70.625
107.75
56.375
6
-33.25
-89
-83.375
-34.875
-10.625
-5.625
-3.625
-1.875
-2.125
14.5
66.625
94.375
46.875
-5.875
-3.75
-5.25
-10.25
-14.625
-1.625
40.5
51.625
-23.625
-86.625
-57.875
-13.5
-0.875
0.375
0.125
0.25
10.875
70
112.25
56.625
2.25
-36
-92.375
-87.25
-33.875
-5.125
-2
-2.25
-2.125
-0.375
26.125
77.125
85.625
31.5
-9.125
-0.75
-3.5
-8.625
-13.375
-4.375
31.125
54.5
-6
-83.625
-65.5
-16.375
-2
0.125
0.75
2.5
14.875
70.5
107.875
53.125
-1.75
-39.625
-89.625
-83.25
-33.875
-5.625
-1
-1.25
-1.625
6.625
41.75
82.625
72.375
19.375
-7.375
3.875
-3.5
-8.875
-12.75
-7.5
21.375
57.375
20.625
-68
-75.875
-28.25
-5.5
-0.375
1
5
19.75
69.875
101.375
50.375
-6.125
-45
-85.125
-77.125
-34.125
-6.625
0.125
0.25
1.625
19
57.75
81.125
55.875
10.875
-3
9.125
-4.625
-9
-10.5
-8.375
12.875
56.25
45.5
-42.125
-80.375
-46.5
-15.25
-2.75
1.125
7.375
26.125
73
96.125
46.25
-12.5
-55.75
-85
-69
-30.125
-5.5
1.875
2.5
8.5
38
74.125
71
33.125
2.875
1.875
12.75
-4
-5.5
-4.625
-5.125
8.25
49.625
57.125
-17.375
-74.375
-59.875
-29.875
-11.125
-0.125
10.625
33.5
76.5
90.125
41.375
-19.75
-67.625
-84.625
-59.875
-25.375
-3.875
4.25
7.375
21.5
57.625
76.625
47.625
11.75
0.875
7.125
14.125
-1.5
4.125
6.75
2.875
6.625
36.125
52.75
1.875
-59
-66
-44.5
-22.625
-4.75
12
40.375
82
86.375
36.125
-27.375
-80.75
-87.625
-51.5
-18.75
-1
8.625
19.75
42.5
67.125
58.25
19.75
-1.375
3
10.75
13.25
0.875
14
17
11.125
5.5
17.5
35.875
17.5
-28.25
-56
-53.875
-36.25
-15.5
10.125
46.875
85
80.375
29.25
-36.375
-93
-89.625
-41.75
-5.875
10.125
19.75
36.125
51.125
50.5
29.125
1.5
-6.25
2.875
9.875
14.25
3
16.875
18.375
12.25
4.5
5.375
16.625
18.25
-1
-28.5
-44.25
-41.25
-27.875
-4.375
38.25
83
77
23.875
-41.25
-95.625
-84
-27.5
10.125
23.625
30.625
41
40.75
23.25
1.375
-10.75
-7.125
1.375
7.75
19.5
5.25
19.125
15.125
7.5
-0.25
-5.875
-0.75
11
11.5
-4.375
-20.625
-25.75
-22.875
-10.625
22.125
66.375
65.75
14.875
-42.125
-81.625
-62.625
-9.625
18.5
23.375
25.75
31.75
23.875
1
-13.625
-13.25
-7
-2.875
3.625
22.75
4.125
13.75
6.875
0.125
-7.5
-16.25
-14.625
1.125
15.375
13.375
3.125
-3.625
-7.75
-6.5
12
46.75
48.875
5.875
-38.125
-61.75
-41
1.5
19.25
16.375
12.875
12.25
0.5
-12.25
-10.5
-7.375
-9.125
-9.125
1.25
25.875
-2
4.875
-0.125
-5.625
-12.875
-20.25
-21.5
-12.125
5.375
17
17.875
16.625
11.625
1.125
5.375
36
41.875
1.875
-34.625
-47
-27.125
5.375
12.75
3.25
-3.875
-9
-12.625
-6.625
0.875
-3
-10
-9.25
3.75
24.5
-10.375
1.375
-1
-7
-15.625
-22
-22.25
-16.5
-4.625
7
15.75
25.625
28.5
18.125
12.625
32.125
38.25
1.125
-36
-42.875
-20.5
3.125
1.5
-11.5
-18.75
-17.875
-9.5
2.5
6.625
0.625
-4.25
-1.5
7.375
16.125
-17.5
-2.875
-0.75
-4.5
-12.25
-16.75
-16.375
-13.375
-7.125
-1.75
5.5
19.25
27.375
23.875
25.75
43.75
43.75
6
-37
-53.75
-33
-6
-2.75
-12.125
-18.875
-15.125
-3.875
4.5
5.25
2.125
2.25
7.125
12
10.25
-19
-0.875
3.75
2.125
-3.625
-6.5
-7.125
-9
-8.5
-7
-2.125
11.375
21.125
20.75
29.875
54.5
53.5
10.375
-42.375
-68
-45.125
-10.75
-1.5
-6.125
-10.125
-7.25
-0.75
2.625
1.375
0.25
5
12.125
13.875
6.375
7.66667
9.38889
12.4444
14.4444
8.61111
5.11111
6.16667
8.72222
7.05556
0.555556
-2.44444
-6.72222
-10.7778
-12.7222
-10.6111
-4.44444
5.16667
15.0556
22.5
26.2778
27
25.1667
21.2222
15.0556
11.1111
6.66667
3.38889
1.83333
0.944444
1.88889
0.611111
0.166667
7.5
8
9.88889
11.2778
6.22222
2.05556
1
1.33333
-0.777778
-5.22222
-3.5
0.833333
5.83333
11.3333
16.4444
20.5556
24.1667
26.4444
26.6667
24.2778
21.7222
18.6111
13.8889
7.77778
4.27778
1.16667
-1.38889
-2.16667
-1.44444
0.444444
0.277778
0.111111
2.77778
2.77778
4.27778
4
1.33333
-3.27778
-5.5
-5.66667
-6.72222
-5.77778
-0.166667
9.05556
15.1667
18.2222
15.6111
10.6667
4.66667
-0.388889
-4.55556
-9
-8.5
-7.33333
-7.05556
-6.05556
-4.05556
-1.61111
-0.777778
-0.444444
0.444444
0.111111
0.111111
0.0555556
0.777778
2.66667
4.88889
1.77778
0.333333
-3.22222
-5.11111
-5
-4.77778
0.611111
4.83333
7.44444
3.11111
-6.5
-19.4444
-28.3889
-34.0556
-37.4444
-39.8889
-41.1667
-39.6111
-40.1667
-40.2222
-33.4444
-25.0556
-15.3333
-7.27778
-1.94444
1.38889
-0.166667
-0.0555556
0
-0.555556
4.27778
6.94444
2.27778
3.33333
4
3.22222
2.38889
2.22222
5.44444
0.0555556
-11.8333
-29.7222
-49.4444
-62.9444
-63.2222
-56
-48.5
-45.0556
-44.6111
-48.7778
-59.5
-68.1111
-66.2778
-57
-41.6667
-26.0556
-13.5
-5.27778
-2.72222
-0.555556
-0.111111
-0.555556
1.38889
-0.5
-5.11111
-1.27778
4.94444
6.5
4.38889
2.27778
-2.05556
-17.5556
-38.7222
-58.3333
-72.8889
-69.7778
-52.2778
-29.5
-11.9444
-3.88889
-3.44444
-18.8889
-43.0556
-65.7222
-78.0556
-78.3889
-66.7222
-49.8889
-33.0556
-19.3889
-10.1111
-3.94444
-2.5
-9.55556
-15.8889
-24.7222
-27.8889
-18
-6.83333
-2.94444
-5
-8.5
-18.1111
-38.3889
-56.3333
-64.6111
-59.5
-37.9444
-12.5556
11.1111
30
39.3889
35.8333
17.2778
-6.5
-31.6667
-57
-70.7778
-69.3333
-60.3889
-47.2222
-33.7222
-19.6111
-9.5
-6.22222
-23.1667
-37.4444
-49.3333
-47.7222
-35.3333
-25.0556
-19.4444
-18.6667
-21.3333
-31.3333
-46.7222
-53.1111
-45.6667
-23.1667
6.38889
27.4444
41.3889
53.7222
60.7222
55.2222
39.1667
23.6111
5.11111
-20.7778
-44.7222
-56.3333
-57
-51
-42
-29.9444
-17.5556
-10.8333
-40
-48.0556
-51.9444
-43.2778
-30.6667
-26
-25.6667
-27.2222
-29.8889
-37.6111
-44.5556
-37.6111
-17
12.4444
35.0556
44.9444
47.8889
50.7778
52.2222
46.5556
39.1111
34.2222
27.3333
10.1667
-14.6667
-36.6667
-45.6111
-45.5556
-42.8333
-36.1111
-25.2778
-14.5556
-41.7222
-36.8889
-29
-12.9444
-6.33333
-12
-19.8333
-25.6111
-29.8889
-38.7222
-36.7222
-18.3889
9.55556
34.1111
45.9444
49
47.1111
41.8889
36.7222
33.8333
32.3889
31.5556
30.4444
23.7778
2.61111
-24.6111
-37.8333
-40.2778
-40.8889
-40.3333
-32.6667
-19.6667
-27.9444
-12.4444
2.61111
18.6111
17
4.22222
-9.16667
-19.1667
-26.5
-35.6667
-26.2222
-1.38889
25.8889
41.5556
45.5
45.6111
41.5556
30.6667
21.6111
22.6111
26.9444
28
28.8889
27.8333
14.0556
-11.7778
-28.8333
-32.8889
-34.5
-37.1667
-35.2222
-24.5
-2.33333
10.4444
22.6111
31.4444
21.7778
7.27778
-4.16667
-12.4444
-21.0556
-27.5
-12.7778
11.1111
30.3889
37.6111
38.2222
36.9444
31.0556
18.7222
10.5
14.1667
21.4444
23.7778
24.6667
25.5556
18.6111
0.111111
-18.2222
-24.1111
-25
-27.9444
-29.3889
-23.4444
21.3889
25.2778
30.3889
28.9444
15.3889
4.44444
-2.5
-8.44444
-17.1667
-17.5556
-0.888889
16.1111
24.7778
26.8889
26.7222
24.3333
17.3333
7.22222
3.05556
7.55556
15.8333
19.9444
20.6111
21.7778
20.2778
10.2778
-6.94444
-14.8333
-14.3333
-14.4444
-15.6667
-13.3889
33.2778
27.8333
27.2222
19.6111
8.55556
2.11111
-1.05556
-4.5
-12.0556
-8.88889
1.27778
6.27778
4.72222
3.83333
3.5
1.38889
-2.44444
-5.55556
-4.11111
-1.27778
3.61111
7.5
8.5
10.5556
12.5556
10.2222
-0.888889
-8
-6.77778
-3.94444
-2.33333
-0.5
32.8889
25.4444
23.2222
13.4444
5
1.38889
-0.611111
-4.55556
-10.9444
-7
-4.44444
-10
-18
-20.2778
-20.2222
-20.5556
-19.0556
-16.7778
-14.7778
-17.5
-19.5
-17.5556
-16.6667
-11.5556
-4.27778
1.33333
-0.5
-4.72222
-3.27778
0.722222
4.11111
6.61111
23.8889
15.8889
13.1111
3.11111
-2.11111
-4.5
-4.16667
-5
-8.66667
-5.5
-12.0556
-26.1111
-39.4444
-42.2778
-42.3889
-40.4444
-32.6667
-25.8333
-24.7778
-34.5556
-43.8333
-45.8889
-45.1111
-36.9444
-23.7222
-10.6667
-2.61111
-1.38889
-1.05556
0.666667
1.94444
4
17.2222
13
10.6667
1.38889
-6.22222
-9.33333
-9.05556
-9.5
-11.2778
-8.44444
-12.7222
-24.7222
-36
-36.6111
-36.4444
-34
-26.2778
-22.5
-27.1111
-42.6111
-53.6667
-56.9444
-57.2222
-47.8333
-31.2222
-14.9444
-3.05556
0.666667
0.555556
-0.388889
-1.77778
-1.83333
10.6111
7.66667
5.55556
0.0555556
-6.11111
-9.61111
-8.83333
-6.38889
-6.11111
-5.38889
-7.88889
-14.8889
-23.6111
-22.4444
-22.3889
-20.8333
-16.2778
-14.5556
-18.3889
-32.2778
-39.7222
-42.5
-42.7778
-36.4444
-23.7222
-11.2778
-0.333333
4.44444
3.16667
0.166667
-2.44444
-4.11111
5.33333
5.55556
3.61111
4.27778
-0.888889
-3.77778
-4.55556
-3.44444
-1.5
-4.27778
-2.5
-3.22222
-5.77778
-3.5
-3.16667
-2.94444
-2.94444
-4.94444
-9.05556
-17.6111
-20.5556
-21.3889
-21.0556
-17.6111
-11.2222
-4.05556
5.05556
9.11111
7.72222
5.5
4.88889
2.33333
-2.22222
-2.94444
-6.94444
-1.11111
0.111111
-0.444444
-0.555556
2.22222
7.16667
1.61111
0.166667
0.777778
1
2
2.16667
1.55556
-0.888889
-3.16667
-5
-7.72222
-8.44444
-8.27778
-6.05556
-4.66667
-3.5
2.11111
11.6111
15.6667
14.4444
14.2222
16.4444
13.4444
-7.72222
-9.94444
-16.5
-9.44444
-2.5
-0.0555556
1.05556
5.05556
12.5
6.94444
1.5
1.5
4.16667
3.66667
3.77778
2.94444
-1.33333
-4.83333
-7.66667
-7.66667
-8.44444
-7.88889
-3.77778
-2.11111
-1.05556
8.16667
18.6667
22.0556
21.7778
23.7778
26.7222
21.1111
-11.7778
-14.3889
-21.3889
-16.3889
-3.5
2.94444
5.66667
10.5
18.2778
15.0556
4.44444
1.38889
4.05556
3.16667
3.44444
3.11111
-2.61111
-7.16667
-11
-10.8333
-11.7778
-11.5
-5.83333
-2.66667
1.77778
15.1667
24.9444
26.7778
26.6667
28.8333
28.5
19.1667
-11.3889
-10.8333
-14.2222
-12.1111
2.22222
11.5556
15.0556
17.5556
22.3889
21.8889
9.66667
2.94444
4.05556
3.61111
4.38889
5.05556
-1.38889
-7.44444
-13.1667
-14.0556
-15.1111
-15.3889
-8.5
-2.27778
7.55556
22
28.7778
27.8889
26.3333
25.8889
18.8333
6.5
-5.66667
-0.444444
1.88889
1.77778
12
21.3889
24.0556
22.6667
23.1667
25.1111
15.6667
6
4.61111
4.38889
5.27778
6.83333
0.722222
-6.5
-14.1111
-16.7778
-17.9444
-18.6667
-10.6667
1.22222
16.2222
27.6667
30.1667
26.4444
22.2778
15.7778
1.77778
-10.1111
2.83333
9.72222
15.6111
12.2778
14
20.7778
24.7222
23.7778
23.5556
29.3333
27.1111
18.8889
13.6111
9.61111
8
8
1.44444
-6.5
-14.1111
-16.0556
-15.1667
-12.9444
-0.5
16.7778
31.7778
35.5
30.6111
22.5556
12.4444
-2.66667
-19.4444
-26.1111
10.0556
14.6111
18.6111
11.7222
5.27778
8
13.4444
17.7222
22.5556
33.5556
39.3333
34.5
26.8333
17.8333
10.1667
5.16667
-1.55556
-7.44444
-11.3889
-9.66667
-3.66667
5.11111
21.7222
40.5
49
42.9444
30.8889
17.3333
0.5
-20.5
-34.2222
-34.2778
14.0556
13.2222
11.8889
1.05556
-11.1667
-14.0556
-9.05556
-0.111111
12
29.8889
45.5556
50.4444
45.1111
34.1111
20.1667
6.94444
-2.5
-5.5
-1.66667
7.5
21.2222
37.2222
53.6111
62.5556
56.7778
41.0556
23.2222
5.44444
-14.8889
-33.8333
-40.8889
-37.3333
20.7778
15.1667
8.11111
-4.27778
-19.1667
-29.7778
-31.5556
-25
-11.8889
8.11111
30.1667
44.8333
47.7222
41.6667
27.5
10.3333
1.05556
2.27778
12.7222
26.7222
42.7778
58.2222
63.1111
55.5
37.9444
18.7778
1.83333
-14.5
-28.8889
-37
-38.1667
-36.7778
22.5556
14.3333
5.5
-5.77778
-19.5556
-34
-43.6111
-45.7778
-39.5
-24.1667
-1.83333
19.8889
31.8333
35.0556
29.6111
16.7778
9.05556
10.5556
21.2222
33.2778
43.0556
49.3889
41.0556
20.8889
-0.611111
-16.8333
-27.8889
-35.5556
-38
-34.3333
-31.6111
-33.5
14.1111
6
-1.94444
-8.44444
-15.7222
-25.4444
-35.6111
-42.8333
-45.2222
-41.3889
-30.5
-15.7222
-2.66667
6.38889
12.3889
11.6111
10.7778
11.6667
14.7778
17.4444
15.2778
10.5556
-3.22222
-20.7222
-34
-41.9444
-45.1111
-44.0556
-37.3889
-27.7778
-22.6111
-24.6667
-10.6111
-16.3333
-19.0556
-18.1667
-15.6667
-14.8333
-17.6111
-22.8333
-28.5556
-33.8889
-36.5
-34.3333
-27.4444
-18.4444
-6.88889
1.38889
5.05556
4.72222
0.833333
-4.72222
-14
-23.3333
-31.6667
-37.5556
-39.9444
-40.7222
-39.3889
-34.3889
-26
-17.6111
-12.4444
-12.5
-35.9444
-36.3889
-32.1667
-24.1667
-14.3333
-5.88889
-0.555556
0.388889
-3.05556
-10.5556
-19.8333
-26.5
-26.6111
-22.3333
-13.8889
-4.72222
-0.444444
-1.05556
-7.66667
-15.7778
-24.7778
-32.1111
-32.6667
-28.7222
-23.7778
-20.1667
-17.8889
-15.0556
-11.2222
-7.94444
-5.83333
-5.77778
-1.88889
11.8333
23.2222
29.1111
22.3889
19.7778
11.8333
10.8333
-0.5
-5.11111
-8.11111
-5.94444
-4.77778
-2.94444
0.277778
0.777778
-2.94444
-7.27778
-6.94444
-2.16667
5.22222
13.3889
21.1111
23.3889
24.6667
22.3333
22.8333
15.9444
9.38889
2.44444
0.611111
0.166667
0.277778
8.77778
19.6667
29.6111
25.1111
18.9444
6.11111
6
0
-0.555556
-4.5
-5.05556
-6.05556
-4.88889
-2.77778
-2.11111
-4.61111
-5
-1.55556
4.5
10.7222
16.7222
22
22.3333
22.7222
20.0556
19.9444
12.5
6.66667
1
0.277778
0.111111
1
5.66667
17.2778
30
26.4444
15.1667
0.0555556
3.22222
5.27778
7.44444
-0.611111
-9.16667
-16.3889
-16.1111
-11.3889
-4.55556
-2.77778
1.61111
4.11111
7
8.83333
15.1111
23.5
26.5
27.0556
23.1667
21
12.3333
5.88889
0.555556
0.111111
0.0555556
3.33333
9.11111
21.5556
31.6667
22
6
-5.88889
6
13.6667
12.7222
-4.61111
-21.6667
-31.4444
-28.0556
-14.7778
2.27778
12.5
15.4444
7
-3.61111
-7.72222
1.83333
18.4444
30.5556
37.2778
35.3333
30.1667
17.1667
7.38889
0.722222
0.0555556
0
4.44444
13.6111
26.6111
32.0556
17.5556
1.22222
-5.66667
7.72222
13.1111
7.22222
-13.3889
-30.6111
-37.9444
-30.6667
-12.7222
11
27.4444
29.3889
9.61111
-16.0556
-28.6667
-16.9444
8.66667
30.2778
44.5556
47.1111
43.0556
27.7222
13.3889
3.05556
0.444444
0.111111
-0.444444
9.05556
22.1667
28.1111
18.9444
8.16667
4.05556
9.38889
6.16667
-5.38889
-23.2222
-35.2778
-38.8889
-30.4444
-9.77778
19.5
41.3889
41.8333
13.2222
-24.7778
-46.4444
-35.9444
-5.05556
25.0556
46.0556
56.1667
55.8889
42.2778
22.2778
6.33333
-0.166667
0.166667
-7.66667
3.88889
18.8333
25.3333
22.7778
18.5
18.5
12.8889
-2.05556
-21.1111
-35.0556
-41.5556
-41.6111
-30.0556
-3.38889
33
57.5556
54
16.7222
-31.0556
-61.1667
-54.0556
-20.6667
15.8889
44
61.6667
67.6111
57.1111
33.3889
11.1667
-0.277778
0.111111
-11.0556
3.88889
19.2222
25.8333
28.4444
29.9444
29.7778
12.5556
-13.6667
-37.8889
-48.6111
-49.6667
-42.3333
-21.3889
14.7222
55
76.1667
63.7222
17.0556
-39.5556
-77.8333
-75.9444
-41.4444
2
37.7222
62.2222
75.3333
71.7778
49
21.1667
2.77778
0.833333
-9.11111
8.83333
22.3889
28.9444
33.8889
39.3333
32.4444
3.55556
-31.5556
-54.2778
-56.6667
-46.2778
-25.6667
4.66667
42.8333
74.2778
85.1111
62.7778
14.1111
-43.7778
-86
-94
-67.5556
-23.5
19.8889
53.6667
76.8333
82.8889
65.9444
34.6667
8.61111
1.66667
-5.72222
11.3333
23.1111
33.8333
43.7778
49.1111
28.0556
-14.3889
-52.2222
-64.7222
-52.2778
-27.7222
3.77778
36.8889
65.5
79.1111
74.2222
49
10.2778
-36.2778
-78.3889
-98.6667
-86.3333
-49.7778
-4.61111
34.6111
68.2778
86.3889
79.7778
48.7778
15.7778
2.44444
-3.38889
9.88889
22.1667
40.1667
54
52.8889
15.9444
-32.5
-63.6111
-62.4444
-38.6667
-6.38889
29.4444
60
77.8333
76.0556
59.3333
33.1111
5.27778
-27.8333
-65.5
-94.8889
-97
-69.3889
-25.6111
15.6667
53.8333
81.8889
87.1667
61.3889
23.7778
3.83333
0.666667
14.7778
29.9444
49.6667
56.6667
42.3889
-6.27778
-50
-66.8333
-50.8333
-20.7778
13.4444
49.3889
76.1667
82.8889
67.7222
42.5
18.9444
1.5
-19.3889
-51.1111
-86.1111
-100.667
-83.2222
-42.0556
-1.77778
37
71.2222
90.1111
74.2778
35.2778
7.33333
6.5
23.0556
40.0556
57.9444
52.7222
23.2222
-34.3889
-66.4444
-65.8333
-36.2222
-3.77778
30.6667
65.8889
87
82.0556
56
27.5556
8.88889
-0.166667
-12.6667
-39.1667
-76.5
-100.278
-91.6667
-55.3889
-16.8333
19.8333
59.1667
90.3333
87.2222
49.7778
14.0556
7.61111
24.6111
44.5556
62.0556
49.4444
7
-54.3889
-77.1667
-62.6111
-26.4444
4.72222
36.0556
68.6111
86.9444
79.5
53.2778
26.1111
7.55556
-1.44444
-12.3889
-34.5
-70.1667
-96.3889
-92.5556
-59.2222
-23.8889
8.88889
48
87
94.9444
61
20.2778
2.33333
20.2222
45
62.3333
42.1111
-9.83333
-68.6111
-79.2222
-55.2778
-18.2222
8.22222
35
63.6667
81.7222
78.2222
57.4444
31.6111
7.55556
-8.88889
-23.8333
-39.7222
-65.2222
-84.8889
-82.5556
-54.8333
-24.1111
3.61111
40.8333
82.7222
99.1667
69.2222
26.1667
-6.77778
9.66667
39
58
38.2222
-19.2778
-73.1667
-78.6667
-49.1111
-13.8333
8.94444
29.7778
51.8889
71.8333
77.2778
68.5556
42.7778
10.7222
-18.3333
-39.5556
-50.3889
-62.5556
-70.8889
-67.6111
-46.8333
-22.1111
1.38889
37.8333
80.6111
101.444
73.6111
29.7778
-13.6667
2
33.8889
53.8333
33.5556
-27.4444
-77.2778
-77.6111
-44.2778
-10.7778
7.72222
22.6111
39
62.6111
78.4444
81.5556
54.5
13.5
-28.3333
-55.9444
-62.4444
-61.5
-57.6667
-51.8333
-37.1111
-18.6111
1.5
37.2222
80.2222
101.944
75
30.9444
-16.0556
-2.11111
30
50.7222
30.2222
-31.8333
-79.9444
-77.1667
-42.1111
-9.83333
4.77778
14
26.0556
54.7778
81.5
95.2778
65.9444
15.5556
-38.5
-72.6111
-75.6111
-62.5
-45.7778
-35.4444
-25.5
-13.7222
3.66667
39.2222
82.1667
100.833
72.7778
29.3333
-17
-7
22.8333
46.3889
30.4444
-28.1111
-77.6667
-76.3333
-42.1667
-10.3889
0.5
3.66667
13
49.0556
87.1667
109.278
75.7222
15.6111
-49.5
-89.0556
-88.8889
-64.8333
-35.3889
-19.2778
-12.2222
-6.16667
10.0556
45.8889
86.0556
96.5
64.6667
24
-16.1111
-9.83333
16.1667
41.5556
29.2222
-23.2222
-74.8889
-74.4444
-42.8333
-10.3889
-0.722222
1.33333
10.4444
49
89.3889
112.667
75.5556
11.1667
-59.1111
-100.167
-96.5556
-63.8333
-26.3889
-8.11111
-4.27778
0.555556
18.8333
55.4444
88.8889
89.8889
55.1111
18.8889
-14.6111
-13.8333
7.61111
37
35.6111
-8.16667
-64.6111
-75.2778
-49.7222
-15.8333
-2.16667
1.83333
11.0556
49.3333
88.4444
111.833
72.5556
7.83333
-63.2222
-101.556
-96.6667
-62.1111
-23.4444
-4.77778
-0.277778
7.38889
29.8889
65.2778
89.1111
80.2222
44.5
14.4444
-11.6667
-12.1667
4.94444
35.3889
40.0556
6.72222
-53.4444
-74.5
-59.3889
-24.9444
-6.44444
2.27778
15.0556
53.7222
90.6667
109.111
65.8333
-0.277778
-69.5556
-102.056
-93.2222
-57.6111
-20.8333
-2.88889
4
17.2778
43.9444
75
85.8889
66.9444
33.0556
11.2778
-7.38889
-7.38889
5.11111
33.2222
42.8889
20.1111
-38.8333
-70.6667
-67.7222
-37.4444
-14.4444
0.388889
19.0556
58.5
93.1667
105.611
58.1667
-9.77778
-76.8333
-102.278
-88.5556
-51.6111
-17.0556
0.5
11.2222
29.8889
57.5556
79.4444
76.2222
50.8889
22.8333
10.7222
-1
-0.111111
6.88889
29.1111
41.7778
28.5
-23.9444
-63.2222
-72.0556
-49.5556
-24.7778
-4
21.5
62.8333
95.8333
102.389
50.3889
-19.9444
-85.3333
-103.222
-83.9444
-44.7778
-11.7778
8
24.1111
46
66.8333
74.2222
58.7222
34
15.5556
11.7778
5.16667
6.72222
8.94444
23.3889
36.3333
32.2222
-6.94444
-47
-66.7778
-57.4444
-36.6667
-11.8889
20.8333
65.1667
96
96.7778
40.4444
-30.7222
-93.4444
-102.389
-76.0556
-33.0556
0.0555556
21
37.4444
53.3889
61.5
57.3333
38.2222
20
10.4444
12.8889
8.5
10.5
10.2778
18.2778
28.7222
30.1111
5
-28.7222
-52.3333
-54.3333
-42.6667
-22.5
11.3889
59.1667
93.1667
92.6111
33.1111
-39.2222
-98.6111
-98
-63
-15.5556
15.6111
31.9444
42
48.9444
47.5556
37.3333
19.0556
6.61111
4.33333
13.2778
12.3889
14.8889
10.4444
10.1667
14.8333
18.5
7.16667
-14.5556
-34.2222
-40.6667
-34.7778
-20.5556
7.33333
50.1111
81.3889
80.6111
22.8333
-42.9444
-93.1111
-83.1667
-45.6667
-2.66667
20.3889
30.2222
36.4444
39.6111
34.2222
20.7778
3.77778
-4.83333
-2
11.8889
13.4444
15.3889
7.22222
-0.5
-2.38889
1.22222
2.11111
-4.33333
-15.1111
-22.2222
-20.8333
-11.5
9.5
43.3333
67.3889
65.1111
13.5
-41.8333
-81.5
-67.2778
-33.1111
1.66667
16.8889
22.7222
27.1667
28.2222
19.9444
5.94444
-7.33333
-10.5556
-3.83333
12
9.33333
11.2222
2.05556
-9.22222
-15.2222
-11.7778
-3.61111
1.44444
-1.38889
-6.16667
-7.27778
-2.11111
12.5
39.1667
58.1667
54.7778
7.72222
-40.8889
-72.8889
-56.5
-25.0556
3.38889
13.2778
16
16.9444
14.6111
5.11111
-4.22222
-10.2222
-8.77778
-1.72222
12.2778
0.777778
3.66667
-3.72222
-13.7778
-20.0556
-16.7778
-6.16667
4.27778
7.33333
5.83333
4.38889
5.83333
14.7778
36.3889
52.8333
49.2778
4.33333
-40.7778
-67.2222
-48
-17.5
6.11111
10.6667
7.38889
2.66667
-1.94444
-6.66667
-6.83333
-6.05556
-3.66667
0.722222
12
-5.83333
-1.66667
-6.83333
-13.8333
-19
-18.3889
-11.2778
-0.722222
8.66667
14.5556
17.0556
15.6667
18.7778
35
50.3333
47.2778
4.72222
-38.3889
-61.8333
-42.6111
-14.7778
3.33333
1.66667
-6.44444
-11.3889
-9.94444
-6.38889
-2.38889
-2.11111
-1.27778
2.77778
12.3889
-5.16667
1.38889
-3.83333
-11.2778
-17.2222
-19.1111
-15.7778
-8.05556
3.27778
15.4444
25.9444
29.1667
30.8333
40.3333
49.2222
43.2778
2.44444
-38.1667
-59.8889
-42.3333
-19
-5.88889
-10
-16.1667
-15.4444
-7.5
-0.666667
1.94444
-0.333333
0.5
5.27778
12.3333
6.96875
11.0313
9.84375
5.1875
1.4375
1.3125
2.90625
3.40625
0.84375
-2.71875
-2.1875
1.1875
2.09375
1.34375
1.75
3.34375
4.59375
5.9375
7.59375
7.28125
7.46875
6.875
6.03125
4.34375
3.34375
2.625
1.6875
1.1875
1
1.0625
7.8125
9.9375
7.71875
2.1875
-0.6875
-0.28125
1.40625
2.4375
0.53125
-1.5
-1.8125
-0.65625
-1.6875
-2.6875
-3.6875
-5.8125
-9.15625
-12.0625
-13.2188
-13.875
-13.9688
-14.2188
-14.9375
-14.4375
-11.8125
-8.25
-5.125
-2.46875
-0.15625
0.15625
5.4375
4.78125
3.375
0
-0.1875
1.09375
1.15625
-0.3125
-3.78125
-6.125
-10.7188
-15.1563
-20.2188
-22.3125
-23.4375
-25.875
-30.4688
-35.0313
-37.0313
-37.0313
-36.3438
-36.6563
-38.0313
-36.25
-30.2813
-22.125
-14.4063
-7.84375
-2.9375
-1.46875
0.875
-2.71875
-2.65625
-2.09375
1.1875
2.90625
0.4375
-4.34375
-10.3125
-15.4063
-25.7188
-36.7188
-43.9063
-44.1563
-41.2813
-39.0938
-40.2813
-43.5
-45.5313
-45.9688
-49.0313
-54.3438
-59.875
-59.5
-52.3438
-40.8438
-29.125
-18.8438
-10.4375
-5.8125
-8.40625
-14.4063
-12.4688
-7.34375
-2.09375
-1.875
-7.53125
-15.3125
-21.875
-27.0625
-38.75
-51.0625
-53.5625
-46.9375
-36.0625
-25.7188
-19.5313
-18.5
-20.9688
-25.6875
-37.5938
-51.75
-63.7813
-67.9375
-64.5313
-55.5938
-44.3438
-32.4688
-20.9375
-11.7813
-25.375
-30.5313
-24.5938
-16.9688
-13.375
-15.6563
-22.3125
-28.9375
-32.125
-35.7813
-46.0313
-51.4375
-45.5625
-33.2188
-17.1563
-0.03125
12.125
16.1875
13.0313
2.53125
-15.1875
-34.2813
-50.8125
-61.125
-64.1563
-60.6875
-53.9063
-44.5938
-33.1563
-20.5625
-39.8125
-40.4375
-32.6563
-26.0625
-25.3125
-29.5313
-34.4063
-36.4688
-35.4375
-37.625
-41.5313
-36.9375
-23.125
-7.03125
9.90625
27.5
41.7813
47.5313
42.375
28.2813
8.0625
-11.6875
-29.5625
-44.4688
-54.1563
-57.375
-56.0313
-51.5313
-42.8438
-30.5313
-45.3438
-39.4375
-30.9063
-27.4063
-29.875
-35
-38.375
-38.3438
-35.2188
-34.2813
-29.1563
-14.2813
4.15625
20.0625
33.7188
47
59.5313
65.125
58.2813
42.8438
26.2188
10.9688
-4.40625
-21.375
-36.2188
-45.8438
-49.8125
-49.9375
-46.1563
-37.4063
-37.7188
-25.25
-18.25
-19.7813
-25.4375
-30.75
-33.0313
-32.3438
-29.5
-27.6875
-15
6.28125
23.8438
35.2188
42.7188
49.7813
58
61.0625
53
39.8125
30.4063
22.6563
11.4375
-5.15625
-22.125
-34.5
-41.125
-44.5
-45.3125
-41.9375
-16.25
-1.90625
-0.5625
-6.625
-13.1563
-18.0938
-20.7188
-21.7188
-21.3438
-18.625
-0.65625
19.8125
32.9063
39.7188
42.5938
44.2188
47.5938
48.0313
41.0313
32.8125
28.7813
26.0938
19.4375
5.8125
-10.5938
-23.5938
-31.0625
-35.4375
-38.875
-39.9375
8.625
18.8438
14.0313
5.3125
-1.46875
-6.0625
-9.8125
-13.25
-14.9688
-10.25
7.9375
23.875
32.1875
35.5313
36.25
35.125
34.0625
32.1875
28.9688
25.7813
25.125
25.0625
21.9063
12.5625
-1.34375
-13.1563
-20.5
-24.3125
-27.6563
-30.4063
26.9063
29.4063
19.9688
10.0625
3.25
-1
-4
-6.90625
-10.5
-7.21875
4.65625
14.1563
18.6563
20
19.875
17.5938
14.5313
12.9375
14.25
15.1563
15.8125
16.625
15.3438
10.6875
1
-7.3125
-12.2188
-14.4063
-16.1563
-18.2813
37.8438
31.75
19.0938
9.625
3.5625
0.09375
-2.1875
-5.21875
-10.5
-9.5
-4.375
-0.5
1.5625
2.09375
1.9375
-2
-7.0625
-7.90625
-3.65625
-0.4375
0.375
1
1.15625
1.71875
-1.71875
-4.6875
-5.65625
-6
-5.90625
-6.0625
36.9688
25.6563
14.0625
6.0625
0.53125
-2.15625
-3.09375
-5.53125
-12.5
-14.7813
-17.875
-17.3125
-16.2813
-15.9375
-15.8438
-20.9063
-27.2188
-27.3438
-21.5313
-18.375
-17.5938
-17.3438
-17
-12.5313
-9.09375
-5.59375
-2.15625
-0.9375
0.15625
1.3125
28.3125
16.7813
7.90625
1.40625
-3.625
-5.78125
-5.15625
-6.75
-15.5938
-22.3125
-30.875
-31.4688
-30.8438
-30.5625
-30.5625
-36.2188
-42.2188
-41.7813
-37.125
-36.2188
-35.5313
-35.5
-35.3125
-28.4375
-18.75
-9.125
-1.71875
0.53125
0.84375
1.9375
20.5625
12.25
4.9375
-0.34375
-4.84375
-6.875
-6.78125
-8.9375
-16.1875
-23.0625
-29.8125
-29.1875
-28.6563
-28.5313
-28.4688
-34.4688
-41.9688
-44.125
-42.1875
-43.5313
-43.5938
-43.625
-43.4688
-35.9688
-22.0938
-9.09375
-1.21875
0.34375
0.09375
0.40625
8.78125
5.78125
2.21875
-1.40625
-5
-7
-6.625
-6.59375
-10.4375
-16.625
-23.0938
-21.7188
-21.4063
-21.4688
-21.75
-26.3125
-33.0625
-36.25
-34.7188
-37.3438
-37.5313
-37.5
-37.2188
-30.75
-16.0313
-3.40625
2.0625
2.59375
1.8125
1.25
-0.40625
1.6875
0.46875
-1.4375
-3.65625
-5.21875
-5.0625
-3.78125
-3.65625
-9.09375
-12.2188
-10.8125
-10.7188
-11.0313
-12.1875
-15.5313
-20.2813
-23.7813
-24.2813
-27
-27.25
-26.9688
-25.8125
-19.4063
-6.03125
3.96875
7.03125
7.3125
7.3125
6.875
-9
-3.65625
-1.1875
-0.65625
-1.25
-1.9375
-1.90625
0.46875
5
1.34375
-0.71875
-0.5625
-0.625
-1.21875
-3.5
-5.84375
-9.09375
-12.875
-14.7188
-16.2188
-16.5
-15.875
-12.9375
-5.65625
5.65625
12.3438
13.3125
13.9063
15.625
16.4063
-17.4375
-11.3125
-3.96875
-0.0625
1.28125
1.46875
2.03125
5.71875
12.3438
9.65625
5.28125
2.71875
2.21875
1.78125
-1.84375
-3.90625
-5.21875
-7.875
-10.5625
-11.1563
-11.125
-10.375
-4.46875
6.0625
16.0938
20
20.1563
21.6563
24.2813
25.9063
-18.25
-13.4375
-3.3125
3.6875
7.1875
8.03125
7.9375
10.375
16.6875
15.8125
10.9063
5.5625
3.71875
3.09375
-1.71875
-4.40625
-5.15625
-7.65625
-12.125
-12.2188
-12
-10.5625
-0.46875
13.5
21.75
23.3438
23.375
25.2188
27.5
28.4063
-13.5625
-11.2813
0.53125
10.5
15.75
16.6875
15.3125
15.375
19.625
21.0313
15.625
8.1875
4.625
3.5
-2.15625
-5.78125
-7.0625
-9.5
-14.5625
-14.9375
-14.2813
-10.875
3.4375
18.5938
24.7813
24.4063
23.9063
24.9688
25.1563
22.625
-4.6875
-6.25
3.6875
15.5313
22.875
24.6563
22.5313
20.1563
22.0313
26.9063
24.5
16.0625
9.8125
6.875
-0.34375
-5.34375
-7.5
-10
-14.375
-14.25
-11.0938
-4.25
12.125
25.625
29.3125
26.75
23.9063
21.6875
16.8125
8.9375
6.5625
1.875
6.375
15.875
24.125
27.9063
27.4063
25.1563
25.5313
32.1875
33.9063
26.625
17.6563
10.9688
1.46875
-5.03125
-7.21875
-7.71875
-8.875
-5.625
1.4375
11.6875
27
35.2813
34.125
28.0625
21.125
13.1875
2.40625
-9.625
13.4375
5.78125
4.09375
8.3125
13.9063
18.5625
21.0938
22
24.7188
34
39.9688
36.375
27.6563
18.25
7.4375
0.28125
-1.59375
0.1875
3.1875
9.4375
19.4375
31.4063
41.875
42.7188
36.25
26.25
14.9688
2.03125
-12.5625
-26.125
16.5
6
-2.4375
-5.5625
-4.1875
0.3125
5.9375
11.625
18.8438
31.4063
41.5
42.5625
36.1875
26.3125
16.2813
10.0625
8.78125
11.6875
17.875
26.4688
37.4063
46.9375
49.125
42.8125
32
18.6563
3.4375
-12.875
-28.5625
-39.375
17.5625
6.46875
-6.375
-16.8438
-21.1875
-19.625
-13.7813
-5
5
16.8125
27.75
33.7813
32.4688
25.6563
19.6875
15.8125
15.75
20
26.8438
34.7188
41.6563
45
40.0938
29.5
15.8438
1.09375
-14
-28.625
-39.4688
-44.5
11.25
0.40625
-11.6875
-23.8125
-32.1875
-35.2813
-32.8438
-25.2188
-14.375
-2.6875
7.40625
15.8125
20.4063
19.75
19.7188
20.1563
20.8125
22.5938
26.1563
28.9688
28.8438
26.3125
17.6563
5.28125
-8.09375
-20.5625
-30.9688
-38.3438
-41.5938
-42.25
0
-7.96875
-16.5625
-25.2813
-32.0938
-36.4375
-37.125
-33.3438
-26.5938
-18.9063
-11.25
-4.03125
3.25
7.96875
12.5
15.6875
16.5938
15.6875
14.4688
12.4688
6.6875
-0.25
-9.3125
-19.0625
-28
-34.9375
-39.0625
-39.4375
-36.875
-35.3438
-16.5625
-18.9063
-20.2813
-22.1563
-24.1875
-26.8438
-28.625
-28.2813
-26.8125
-25.3438
-22.4063
-17.9375
-10.875
-4.3125
0.90625
4
4.4375
2.4375
-1.6875
-6.6875
-14.7188
-21.8125
-27
-31.6563
-35.2813
-36.5313
-34.8438
-30.4688
-25.5
-24.4063
12.2813
24.9688
29.9063
29.5625
22.875
11.0625
8.21875
4.21875
2.34375
1.84375
-4.4375
-8.125
-11.7813
-13.2813
-11.6875
-10.4688
-7.28125
-3.1875
2.84375
11.1563
20.9063
29.0625
34.6563
35.9063
32.2188
27.5625
18.875
11.4375
6.0625
1.4375
16.75
27.375
28.9063
26.25
18.1875
8.90625
10.4688
7.875
2.96875
-4.75
-18.375
-25.5313
-25.875
-18.1875
-6.5
2.0625
6.15625
4.0625
1.34375
4.25
13.7813
26.7188
39.0625
44.125
40.875
33.5625
21.3125
11.5938
5.15625
0.78125
19.5625
28.5313
27.4375
23.125
15.1875
8.15625
10.5313
6.375
-2.46875
-15.3125
-31.0313
-36.0313
-30.2813
-14.0625
5.5
18
19.5938
9.28125
-3.78125
-9.09375
-1.59375
15.0313
34.2188
47.0625
48.9688
43.6875
30.5938
17.8438
8.375
1.90625
15.8125
25.0938
25.7188
24.2188
19
11.9063
10.625
1.53125
-11.875
-26.1563
-39.3438
-39.3438
-26.5313
-4.03125
19.7813
33.4688
29.7188
10.5625
-11.9063
-25.5313
-20.4688
-0.65625
24.5625
46
55.6563
54.8438
42.875
27.0313
13.5
3.875
9.90625
21.0313
26.4063
29.2813
26.0313
17.8125
9.71875
-5.25
-21.1875
-34.125
-42.25
-36.625
-18.6875
6.875
32.75
45.5313
36.1563
9.6875
-20.6563
-40.875
-37.7188
-16.125
13.7813
42.75
59.7813
64.6563
54.8438
36.9063
19.75
6.59375
5.9375
19.6563
29.9688
35.6563
32.5
21.2813
5.375
-13.25
-28.875
-38.4688
-40.2188
-30
-9.6875
16.9063
42.3438
52.7813
40.1875
9
-26.8438
-51.9688
-52.375
-30.8438
1.6875
36.125
60.2188
70.6875
65.4063
48.0938
28.4688
12.1875
8.3125
23.9375
35.4063
40
35.3125
19.9688
-1.40625
-21.2188
-36.3125
-42.4375
-38.0938
-23.75
-0.5625
27.4688
51.2813
59.4375
44.5313
9.59375
-30.6875
-60.9063
-66.125
-46.125
-11.8125
26.9063
57.3438
73.6875
73.7813
59.3438
38.6563
19.4063
14.9688
31.4375
41.0313
42.4688
35.625
15.625
-9.0625
-29.9063
-45.3438
-47.4688
-36.5938
-16.2188
12.7188
42.875
64.3438
69.25
49.4688
9.375
-36.1563
-72.3438
-82.2813
-64.4688
-28.2188
15.0625
51.7188
75.3438
81
70.0625
49.4063
26.8438
19.3438
36.5
45.0625
44.4688
35.1875
9.375
-18.7813
-40.9688
-54.1875
-47.8125
-26.9375
1.96875
35.9688
63.5938
77.8438
75.7813
49.6875
7.25
-40.375
-81.0625
-96.9063
-85.3438
-50.875
-4.28125
39.5
72.875
86.375
80.0625
60.4375
34.75
18.375
37.7188
48.375
47.625
35.1563
1.90625
-30.9063
-52.2813
-58.4688
-39.75
-7.59375
28.0625
60.7188
79.0938
81.8438
70.5313
42.1563
4.53125
-37.7188
-78.5625
-100.469
-98.7813
-72.875
-27.9375
19.9688
62.5313
86.375
87.4375
71.4375
44.125
17.5
39.4688
50.9063
48.375
30.5313
-9.5625
-42.5
-58.5625
-55.1563
-25.1875
13.625
50.25
77.75
86.5938
79.3125
61.125
33
1.6875
-33.5313
-71.1563
-97.25
-104.563
-87.9688
-48.8125
-0.21875
48.2188
81.0625
91.125
81.2188
54.4688
21.2813
44.8438
55.0313
47.625
21.125
-23.75
-54.5
-62.9688
-49.9375
-13.5938
26.7188
61.9688
85.8438
90.5625
79.125
55.7813
27.5938
-0.3125
-32
-65.4688
-92.4375
-105.25
-93.9688
-60.5
-15.375
35.375
73.7813
91.9688
89.4063
64.2813
26.7813
50.4375
55.6563
40.25
5.75
-41.7188
-65.4375
-64.1563
-42.875
-3.25
35.5625
68.5
90.0625
93.5313
79.375
51.25
21.125
-6.84375
-37.2188
-64.9375
-88.5
-100.75
-90.7813
-63.2188
-23.5313
25.4375
66.9063
91.9375
96.0938
73.375
28.1563
49.9063
51.75
32.0625
-7.96875
-54.2813
-71.5938
-63.4063
-36.5625
3.28125
38.375
68.9375
89.2813
93.25
81.1563
50.4688
17.3438
-12.7188
-44.2813
-67.375
-84.8438
-93.4688
-83.375
-60.2813
-26.5313
19.2813
61.2188
90.125
98.9063
77.9375
24.8125
44.7188
44.9688
24.5313
-18.8125
-62.2813
-73.4688
-61.4375
-31.2813
6.8125
36.625
65.5313
85.7813
92.125
84.9375
52.3438
15.4688
-18.4063
-53
-71.7188
-81.9688
-85.3125
-73.75
-53.6875
-25.1875
17.125
58.0313
88.0938
99.4688
79.375
18.875
38.25
38.5625
18.9063
-25.5313
-66.6875
-73.7188
-59.8125
-28.375
6.9375
31.5625
59.625
80.9688
91.7813
90.8438
56.2813
15.0313
-24.1875
-63.0625
-77.4688
-80.2188
-77.1875
-63.0938
-45.4063
-20.9063
17.9063
57.5938
88.0938
99.9688
80.2813
12.9688
32.7813
33.7188
15.0938
-28.5
-68.5
-73.625
-59.0313
-28.125
4.3125
25.0938
52.9688
76.4063
92.7188
97.5
60.6875
14.5
-30.8125
-73.9063
-83.8438
-78.9063
-69.125
-51.7813
-35.5625
-13.7188
22.2188
60.375
89.9063
99.9375
79.875
7.53125
27.625
30.4063
14.0625
-27.0313
-66.7188
-72.9375
-59.3438
-30.5313
-0.78125
17.7813
46.0625
72.4063
94.2188
103.813
65.0313
13.7188
-37.8438
-84.7188
-90.875
-78.5625
-61.5313
-39.9375
-23.3438
-3.09375
30.0313
65.4688
91.5
98.0625
77
1.75
21.7188
28.5
16.8438
-19.9375
-60.125
-70.7813
-60.7813
-35.875
-8.59375
9.40625
39.125
69.5
96.7188
109.688
68.7188
11.9063
-45.875
-95.5313
-98.4688
-79.125
-54.5625
-27.625
-8.59375
10.9063
40.9688
71.75
91.5313
92.9375
70.6563
-0.1875
19.0625
27.4688
18.75
-13.1563
-53.8438
-68.3438
-62.4688
-41.0313
-13.9063
6.40625
39.0313
71.0313
99.2813
110.219
64.9688
4.21875
-56.9375
-104.875
-102.469
-76.9375
-46.4375
-16.4688
4.375
24.5313
52.0625
77.8438
90.2188
84.9063
61.5313
0.25
18
27.9375
22.9375
-4.125
-45.0313
-65.4375
-65.375
-48.4375
-21
3.40625
39.375
72.7813
100.469
107.906
59.7188
-2.40625
-64.0938
-107.688
-101.719
-73.3125
-40
-8.84375
14.625
35.9375
61.0938
80.5625
84.7813
73.875
50.7188
4.875
20.7813
28.9063
24.5
1.6875
-38.8125
-62.1875
-67.25
-55.375
-28.2188
0.1875
39.75
75.1875
102.188
103.656
52.6563
-10.3125
-71.5625
-109.063
-99.125
-68.7188
-32.375
0.875
26.0313
47.3438
67.0938
77.9688
75.2188
61.3438
41.0625
8.1875
21.8125
28.625
25.7188
8.9375
-27.5938
-52.7813
-63.9063
-59.3438
-35.5938
-5.4375
37.125
75.125
101.125
96.9063
44.0313
-19.5
-78.8125
-108
-93.0625
-58.7188
-18.875
13.125
36.4375
53.0625
64.5
69.0313
62.125
48.25
33.375
7.875
19.3125
26.1875
25.8125
15.0625
-15.2813
-40.0313
-54.4688
-56.7813
-40
-12.1563
29.5
68.7813
96.2813
89.2188
36.2188
-25.8438
-82.2813
-102.938
-81.5625
-44.125
-4.1875
23.5625
41.5938
51.625
56.5625
56.5625
46.5
34.2813
25.25
7.5625
15.5313
20.7188
20.875
14.4688
-8.3125
-29.9688
-42.9375
-46.7188
-34.5
-10.2188
26.5
61.0313
85.5
76.375
26.5313
-28.7813
-77.9375
-90.8125
-67.1875
-32.75
2.15625
24.625
39.0938
45.9375
47.6875
44.0313
31.3438
20.8125
16.8125
7.25
10.9375
12.5
11.4375
7.9375
-6.6875
-22.625
-32.125
-34.7188
-24.9063
-3.5
28.375
56.875
76.25
64.3438
17.5625
-31.0938
-73.25
-80.5625
-56.7813
-26.5313
3.1875
21.625
33.5625
38.8125
38.5313
32
18.375
9.6875
9.8125
6.3125
6.78125
4.125
1.34375
-0.375
-7.75
-16.8438
-23.0625
-24.6875
-16.75
2.125
30.9688
55.7188
71.0938
56.4375
10.8125
-34.125
-71.3125
-74.4063
-49.8438
-21.7813
4.375
19.2813
27.875
30.7188
28.3438
20.5625
8.625
2.78125
6.125
4.0625
3.03125
-2.625
-6.5625
-7
-8.65625
-11.3438
-14.2188
-15.5
-9.75
5.90625
31.75
54.4063
67.25
51.0313
6.65625
-35.9375
-69.0938
-68.6563
-43.7813
-17.3438
5.75
16.6563
21.0313
20.5938
16.125
8.96875
1.34375
0.09375
6.3125
1
-0.09375
-6.9375
-11.1563
-10.5938
-8.375
-5.875
-5.28125
-5.34375
-1.46875
10.4375
32.5313
52.4375
63.5938
46.9375
4.125
-36.0938
-66.375
-63.6563
-38.8438
-14.3125
5.875
12.375
12.5
9.625
4.125
-0.375
-3.125
-0.5625
7.59375
-1.1875
-1.34375
-8.34375
-12.7813
-11.9375
-8.03125
-1.75
3.15625
5.5625
9.03125
17.4063
34.375
49.875
58.25
41.5313
1
-36.1875
-63.125
-58.75
-34.5
-11.9688
4.0625
5.75
2.65625
-1.71875
-5.34375
-5.65625
-5.21875
-0.5625
7.78125
0.208333
0.583333
0.375
-1.08333
-0.833333
-0.75
0.208333
1.875
2.79167
4.04167
1.83333
-2.875
-9.54167
-16.875
-23.5
-27.0417
-27.0833
-23.875
-18.5417
-11.875
-4.83333
0.375
3.79167
7.33333
8.45833
7.83333
6.79167
5.5
3.91667
1.33333
0.208333
0
3.83333
4.5
5.41667
6.29167
4.33333
4.45833
6.375
8.5
8.75
5.83333
1.375
-7.33333
-15.4583
-20.4583
-20.7083
-16.5833
-8.83333
0.25
6.91667
10.5
10.4583
8.54167
6.5
2.91667
0.708333
-0.791667
-1.04167
-0.708333
-0.833333
0.375
0.208333
0.0833333
2.41667
3.16667
4.16667
6.91667
4.95833
5.83333
6.75
6.33333
4.75
-1.375
-4.375
-6.83333
-4.91667
0.541667
11.4583
22.6667
32.3333
37.2917
38.375
36.6667
29.4583
22.2083
15.7917
7.83333
2.95833
-1.20833
-3.29167
-3.58333
-3.25
-0.0833333
0.0833333
0.0416667
0.875
-1.33333
-3.25
-1.875
-2.04167
-3.16667
-5.08333
-7.16667
-8.66667
-10.8333
-6.70833
5.08333
20.8333
36.4167
46.7917
48.0833
43.2083
36.1667
31.125
27.7917
28.125
31.5
32.5417
29.125
23.2917
15.4583
7.45833
2.08333
0.0416667
0.166667
0.0416667
0
-0.625
-4.58333
-5.58333
-5.125
-5.83333
-10.5833
-11.6667
-9.29167
-7.58333
-2.33333
7.58333
21.7917
31.8333
37.625
30.0417
13.5417
-5.45833
-17.3333
-22.1667
-23.375
-11.875
4.58333
18.9167
27.9167
29.75
27.4583
21.1667
13.6667
7.83333
2.20833
0.416667
0.0833333
1
5.04167
10.9583
10.625
6.16667
1.45833
1.5
4.54167
7.20833
14.875
22.5417
23.1667
14.5833
-0.458333
-20.1667
-34.625
-43.2917
-47.7083
-49.0417
-46.25
-39.125
-32.125
-22.25
-7.08333
5.41667
12.9167
17.2083
17.0417
13.5833
7.04167
2.83333
1.875
6.95833
19.0833
27
25.2083
21.2083
19.75
16.0833
12.2083
11.6667
13.5417
12.2083
3.25
-9.41667
-27.4583
-39.1667
-36.9583
-27.4583
-23.25
-23
-19.8333
-22.25
-31
-36.4167
-30.5417
-19.5833
-10.0417
-0.916667
6.08333
9.29167
8.75
5.95833
4.41667
14.9167
17.5417
15.7083
12.2083
11.5417
13.0833
11.75
9.04167
7.375
3.08333
-4.16667
-12.5
-20.5
-27.7917
-24.9167
-15.25
-4.75
2
4.20833
4.41667
-0.666667
-9.625
-19.4583
-26.0417
-24.4583
-16.7917
-10.7917
-5.33333
0.166667
4.45833
5.25
2.66667
11.4167
-0.333333
-11.3333
-18.0833
-16.625
-10.25
-2.5
2.29167
2.91667
2
-3.75
-11.9583
-20.2917
-19.75
-10.125
-3.625
-0.333333
5.54167
10.9583
10.1667
5.20833
1.625
-4.08333
-13.2917
-15.1667
-8.91667
-5.91667
-4.375
-1.125
3.33333
4.5
0.916667
-5.95833
-18.2083
-27.2083
-32.5417
-27.1667
-18.25
-10.0833
-4.83333
-2.29167
1.54167
-3.33333
-11.5833
-16
-9.91667
-2.79167
-0.666667
0.5
5.58333
10.7917
8.29167
4
2.70833
1
-4.25
-7.45833
-5.20833
-2.375
-1.54167
-0.625
2.83333
5.70833
4.83333
-17.5
-20.1667
-21
-17.3333
-9.83333
-6.54167
-6.66667
-6.45833
-4.25
-4.54167
-10.0833
-12.5
-7.41667
0.416667
3.04167
3.70833
5.54167
8.70833
9.45833
5.91667
2.875
2.16667
2.16667
0.541667
-5.70833
-9.95833
-7.41667
-6.04167
-6.08333
-4.58333
0.583333
4.79167
-18.5833
-11.25
-5.20833
4.04167
8.54167
5.66667
0.625
-2.95833
-3.125
-8.41667
-11.125
-6.33333
2.54167
6.95833
7.91667
8.95833
10.0833
9.16667
6.16667
5.25
4.04167
3.125
3.29167
3.04167
-2
-9.5
-9.66667
-8.375
-9.125
-10.375
-8.75
-4.20833
-14.9583
-6.25
0
6.33333
6.66667
3.29167
0.541667
-1.16667
-2.125
-6.5
-5.75
0.75
6.875
8.33333
8.58333
9.45833
9.54167
6.25
2.95833
3.75
3.95833
2.58333
2.70833
2.70833
1
-4.08333
-6.16667
-4.95833
-6.33333
-9.33333
-12.2917
-11.75
-3.625
-0.333333
1
2.5
-0.875
-3.16667
-3.625
-2.95833
-2.95833
-3.75
1.875
9.33333
14.75
16.25
15.7917
15.0833
12.5833
7.75
4.33333
5.54167
8.45833
8.54167
8.25
7.625
6.08333
2.58333
-2
-2.625
-3
-5.25
-8.125
-9.33333
7.75
7.58333
7.04167
6.875
3.33333
1.54167
-0.0416667
-1.08333
-2.375
-1.04167
8.41667
17.9583
23.625
25.2083
25.1667
22.7917
16.2083
10.7083
9.875
14.5
21.8333
25.3333
25.0417
22.0417
17.375
11.0417
2
-2.375
-1.41667
-0.583333
-0.0416667
-0.208333
6.95833
5.25
6
6.54167
7.58333
7.58333
6.41667
4.91667
2.375
2.41667
4.95833
8
8.75
7.875
8.08333
6.66667
3.04167
3.08333
8.375
15.75
20.9583
23.9167
24.7083
21.4583
15.5833
9.33333
2.625
-1.29167
-0.916667
1.75
4.625
5.54167
2.25
0.791667
0.833333
0.375
2.125
3.5
3.58333
2.04167
0.916667
0.375
-4.29167
-10.0833
-12.9167
-15.4167
-15.625
-14.8333
-11.375
-7.33333
-4.375
-2.29167
-5
-5.75
-4.95833
-3.54167
-3.41667
-2.625
-1.41667
-1.625
-1.33333
0.625
2.58333
4.54167
3.25
1.625
0.333333
-3.875
-4.95833
-4.79167
-4.20833
-4.875
-5.20833
-2.625
-5.70833
-11.125
-14.1667
-15.25
-15.375
-14.1667
-10.1667
-8.41667
-11.25
-16.2917
-21.25
-22.875
-23.25
-19.3333
-13.125
-6.875
-3.625
-2.91667
-1.95833
-1.5
-1.91667
-0.583333
5.66667
3.54167
3.83333
-1.875
-4.54167
-6.08333
-5.16667
-3.875
-5.625
-1.875
-1.75
-3.375
-6.95833
-6.54167
-6.5
-5.91667
-4.5
-3.83333
-4.875
-9.875
-11.625
-12.375
-13.2917
-11.875
-6.83333
-3.125
-3.33333
-3.45833
-3.41667
-4.625
-7.125
-7.95833
4.875
6.5
9.29167
6.91667
2.45833
0.583333
-0.0833333
-1.125
-3.875
-3.125
-0.25
-0.125
-2.16667
-1.08333
-1.04167
-0.75
0.375
1.16667
1.95833
-0.166667
-0.166667
-0.583333
-2
-2.16667
-0.875
-3.125
-5.08333
-5.25
-6.08333
-8.25
-10.6667
-10.2917
2.45833
5.45833
7.54167
9.04167
4.375
2.45833
0.5
-2.25
-3.625
-5.29167
-1.29167
-0.458333
-0.583333
0.833333
0.958333
1.125
2.66667
3
2.91667
1.79167
1.875
1.66667
0.166667
0.208333
-1.04167
-5.41667
-5.375
-4.54167
-5.16667
-6.45833
-5.75
-2.45833
2.25
0.666667
-0.583333
1.70833
-1.625
-4.70833
-5.5
-4.91667
-3.95833
-5.83333
-2.70833
-0.125
0.0833333
-0.0416667
-0.208333
-0.791667
0.0416667
0.875
1.66667
1.95833
2.125
2.54167
1.875
0.583333
-2.875
-4.83333
-3.08333
-1.5
-1.33333
-0.5
3.70833
6.66667
-0.416667
-4.79167
-8.83333
-7.29167
-7.16667
-9.625
-9.20833
-5.45833
-2.41667
-4.125
-4
-0.291667
0.916667
-0.791667
-1.45833
-2.70833
-2.91667
-1.375
0.958333
2.91667
3
3.79167
3.29167
-0.0833333
-4.54167
-3.83333
-2
-0.166667
1.45833
4.29167
9.75
10.875
-7.625
-10.375
-15
-13.7083
-8
-5.91667
-5.45833
-2.79167
1
-0.583333
-4.91667
-4.08333
-1.29167
-0.583333
-0.583333
-0.833333
-1.125
-0.625
0.375
1.25
1.16667
1.08333
0
-4
-7.04167
-3.79167
0
2.33333
4.79167
9.75
14.375
13.0417
-7.54167
-7.33333
-8.875
-6.70833
0.75
4.375
3.70833
1.75
1.16667
-1.375
-7.5
-10.2083
-7.66667
-3.5
-0.916667
0.875
1.16667
0.875
-0.375
-1.75
-3.16667
-5.75
-9
-13.125
-11.7917
-5.08333
0.75
3.5
7.45833
14.5
15.0417
9.75
-1.16667
2.125
6.25
9.75
14.2083
15.3333
12.5417
5.95833
-1.5
-6.45833
-11.875
-15.375
-14.125
-9.625
-3.75
1
1.79167
0.791667
-2.25
-5.91667
-11.2917
-18
-23.125
-23.125
-15.0833
-7.04167
-1.625
2.91667
9.58333
13.5
8.04167
1.95833
-2.04167
2.66667
8.29167
10.5417
12.625
16.9583
17.9167
14.5417
8.625
3.66667
-2.33333
-8.54167
-11.2083
-11.3333
-6.29167
0.833333
2.33333
-1.625
-8.79167
-15.1667
-21.9167
-27.8333
-25.2083
-13.8333
-1.91667
3.54167
6.08333
9.66667
11
4.91667
-0.916667
-1
-6.375
-3.625
-1.66667
-1.83333
-0.25
7.875
16.9583
23.9167
27.5417
27.2917
21.6667
11.25
1.83333
-5.58333
-8.66667
-6.625
-5.58333
-8.33333
-14.0833
-17.625
-17.25
-12.8333
1.29167
17.9167
25.9167
26.3333
23.5417
18.9583
8.91667
-2.75
-4.625
0.416667
-2.125
-1.95833
-1.83333
-3.20833
-4.70833
-3.91667
2.29167
11.125
19.8333
27
30.375
27.8333
20.875
13.0833
2.41667
-6.45833
-10.2083
-8.29167
-3.25
2.75
12.6667
24.5
35.0417
39.4583
36.75
31.375
24.625
15.0833
4.45833
-2.25
-4.08333
-2.20833
12.8333
12.125
10.8333
6.45833
-0.958333
-10.0417
-15.2083
-15.125
-9.95833
0.541667
14.25
26.5417
31.3333
30.0417
21.6667
10.5417
4.125
5.625
14.625
24.625
34.5833
40.8333
37.125
26.5417
16
8.70833
3.25
-1.75
-4.16667
-4.375
-6.79167
-9.75
24
22.125
17.1667
10.5
2.125
-6.79167
-15.7917
-21.7083
-22.875
-18.25
-8.08333
3.875
12.25
15.5
16
12.9583
10.9583
10.1667
12.5
16
16.9167
15.25
6.70833
-4.04167
-11.7083
-15.3333
-16.1667
-15.125
-12.7917
-9.91667
-8.66667
-10.5
16.4167
11.5833
5.54167
1.375
-1.16667
-3
-6.58333
-10.8333
-14.625
-17.8333
-19.5
-19.4583
-17.4167
-13.4583
-7.375
-3.625
-1.16667
-1.04167
-2.41667
-4.875
-9.41667
-12.3333
-15.25
-17.5417
-18.7083
-19.5
-18.1667
-14.9583
-11
-6.66667
-2.5
-0.5
-8.16667
-11.6667
-7.25
1.54167
6.04167
4.75
-0.916667
3.5
10.7917
2.16667
-3.91667
0.25
0.583333
-2.875
-3.375
1.33333
5.66667
2.375
-3.54167
-4.5
-4.58333
-6.375
-5.33333
0.458333
2.83333
-2.04167
0.291667
7.75
5.91667
1.45833
0.458333
0.125
-2.79167
-7.625
-9.95833
-4.20833
6.45833
11.4583
2.25
-1.375
4.875
2.20833
-0.75
1.54167
1.16667
-2.08333
-3.20833
1.66667
4.04167
-1.75
-5.33333
-3.375
-3.54167
-5.08333
-3.125
1.66667
2.33333
-1.91667
1.58333
7.79167
4.54167
0.5
0.208333
0.0833333
1.66667
-5.58333
-12.5833
-8.33333
8.33333
18.2083
3
-9.29167
-1.375
4.375
5.125
6.79167
4.83333
-3.33333
-8.04167
-1.33333
1.08333
-4.95833
-3.5
2.04167
-1.54167
-8.29167
-6.08333
1.45833
2.70833
-0.708333
3.33333
8.29167
4.25
0.291667
0.0833333
0.0416667
1.875
-7.45833
-13.125
-5.125
14.8333
21.0833
-4.20833
-18.2917
-1.54167
10.9167
12.5417
11.7083
4.08333
-8.45833
-14.0833
-9.29167
-4.79167
0.541667
9.875
10.1667
-2.5
-13.5
-12.4583
-4.625
-0.708333
0.333333
7.20833
11.3333
5.41667
0.541667
0.0416667
0
0.625
-11.7083
-12.7083
2.375
18.6667
15.5417
-8.66667
-15.9167
1.66667
13.5417
14.9583
10.5417
0.333333
-10.5
-16.4583
-15.8333
-9.83333
5.29167
22.7083
21.25
-1.125
-20.0417
-19.7083
-10.2083
-5
-1.79167
7.66667
14.4167
9.20833
2.33333
0.166667
-0.0416667
0.25
-12.7083
-12.0417
2.5
13.1667
8.45833
-5.875
-6.08333
7.45833
13.625
11.0417
5.79167
-0.791667
-9.20833
-19.1667
-23
-12.4167
10.4167
30.8333
30.375
4.125
-23.625
-26.25
-14.7083
-9.58333
-6.33333
4.70833
15.7917
15.2083
6.91667
0.208333
-2.125
-1.91667
-15.1667
-11.75
2.58333
7.33333
-0.625
-3.66667
7.70833
16.5417
12.2917
5.20833
2.25
-0.916667
-11.0833
-25.7917
-28.8333
-10.8333
16.375
36.625
37.4167
10
-24
-30.9167
-19.5417
-13.9583
-11.4167
-0.166667
15.7083
20.6667
12.5
1.58333
-4.45833
-6.08333
-16.9583
-9.79167
3.08333
0.666667
-7.41667
2.375
21.0417
22.625
10.3333
1.45833
-1.125
-6.25
-19.1667
-32.0417
-28.875
-5
23.875
42.2083
42.4167
16.2083
-20.875
-35.4583
-27.0417
-17.5833
-14.2917
-7.04167
10.4167
23.6667
20.0833
5.375
-6.20833
-10.2083
-17.8333
-6.33333
4.41667
-6.375
-10.125
13.75
32.4167
23.2917
5
-4.875
-9.20833
-16.6667
-25
-27.75
-20.125
2.66667
28.5417
41.7083
40.7917
21.7083
-10
-31.8333
-33.4167
-24.5417
-18.9167
-13.9167
1.875
22
27.7083
12.25
-6.58333
-10.9583
-15.7083
-4.58333
-0.0416667
-14.6667
-5
32.0417
40.0417
15.7083
-4.83333
-13.8333
-19.2083
-23.625
-22.9167
-16.2917
-4.91667
12
24.0833
28.5417
34.0417
28.5
3.45833
-23
-33.375
-28.3333
-23.2083
-21.375
-9.04167
16
33.2083
20.8333
-5.29167
-9.125
-11.9167
-5.75
-9.95833
-18.3333
9.95833
46.3333
35.6667
4.375
-12.5417
-19.8333
-24.125
-25.4167
-18.5833
-5.45833
7.20833
18.0417
19.7083
16.3333
23.9167
30.75
16.5417
-12.2083
-32.2083
-30.9583
-23.5833
-24.0417
-19.6667
5.66667
35.0417
29.5833
-2.33333
-9.58333
-13.125
-7.83333
-11.9583
-11.0833
26.0417
51
23.1667
-9.125
-18.5417
-20.75
-24.4583
-26.2083
-14.6667
5.79167
18.3333
19.3333
12.9167
7.91667
15.25
28.2917
26.625
0.166667
-29.8333
-33.5
-21.625
-22.1667
-28.375
-8.625
31.625
38.25
4.41667
-11.2083
-14.75
-9
-9.91667
0.541667
42.2917
50.5417
4.83333
-23
-20.125
-19.25
-25.875
-26.375
-7.91667
17.0833
24.9583
16.2917
6.625
3.20833
9.25
24.7083
32.3333
10.3333
-25.4167
-34.625
-19.5833
-18.7917
-34.9583
-23.2083
24.6667
44.4583
13.125
-10.75
-15.2083
-12
-10.75
11.125
55.0833
46.75
-10.0833
-31.0833
-18.75
-16.25
-24.9167
-25
-4.875
18.4167
23.4583
14.9583
7.375
4.33333
6.41667
19.8333
32.9167
15.375
-22.625
-34.4167
-17.4167
-14
-35.875
-34.5
15.75
48.25
20.9167
-9.25
-16.9167
-17.7083
-10.5
24.2083
62.2917
34.9583
-22.4583
-31.625
-15.2917
-13.7083
-21.9167
-21.875
-5.91667
12.4167
19.9167
17.0833
12.7083
11.25
7
10.3333
23.9583
14.9167
-17.5833
-30.5
-15.9583
-10.375
-33
-41.0417
6.66667
49.4583
27.4167
-6.91667
-16
-23.375
-14.5833
31.9583
65.4583
25.7917
-27.7083
-30.25
-13.5833
-11.2917
-16.875
-16.125
-9.625
-1.66667
14.1667
23.7917
20.4583
19.5
10.625
0.833333
10.0417
10.5833
-11.7917
-24.1667
-13.9167
-9.125
-31.2917
-43.5417
1.625
49.5
31.0417
-5
-14.9583
-27.4167
-17
38
67.375
17.9583
-32.2083
-28.5833
-11.5
-8.79167
-11.7083
-11.1667
-15.4167
-16.5
9.91667
31.625
28.1667
27.625
14.4583
-7.875
-3.625
4.66667
-7.41667
-17.5417
-11.375
-8.66667
-30.75
-43.9583
0.375
49.0833
31.9167
-2.375
-13.375
-29.6667
-18.25
40.6667
68.0833
14.2917
-34.75
-27.9583
-9.75
-5.95833
-6.875
-7.79167
-22.5
-30.625
7.08333
39.8333
35.5833
35.375
18.3333
-15.375
-16.375
-2.875
-5.33333
-10.75
-7.375
-9.125
-32.5417
-42.2083
4
48.5833
29.2917
0.416667
-9.70833
-29.1667
-22.5
35.8333
68.2917
17.2083
-34.25
-28.75
-9
-2
-1.25
-7.20833
-32.1667
-42.625
6.95833
48.125
42.5417
42.25
21.25
-22
-27.375
-10.9167
-5.875
-4.58333
-2.75
-11.8333
-35.3333
-35.5417
12.5
47.25
22.9167
2.25
-6.625
-26.3333
-24.8333
28.5833
67.0833
21.5417
-33.5
-29.5
-8.375
-1
-0.375
-7.54167
-34.7083
-45.2917
8.25
52
45.6667
45.0833
22.2083
-26.9167
-36.2083
-15.375
-3.29167
-0.75
-3.125
-16.4583
-35.25
-25.3333
20.375
43.3333
16.2083
4.58333
-2.16667
-22.3333
-30.7083
14.25
64.2083
34.5
-24.875
-31.75
-11.6667
-2.16667
-1.45833
-7.58333
-33.1667
-45.0417
7.625
53.9167
47.5
42.7917
20.1667
-26.625
-37.7083
-16.8333
-2.54167
-0.666667
-6.54167
-21.25
-31.7917
-12.7917
26.5417
36.75
9.29167
4.375
-1.58333
-17.5833
-30.1667
1.75
56.9167
45.625
-12.6667
-30.7083
-16.0833
-5.58333
-3.5
-10.0417
-33.4167
-40.4583
11.2083
54.6667
49.125
40.0417
13.4583
-28
-35.0833
-16
-3.16667
-2.5
-11.8333
-25.3333
-24
2.16667
30
27.0833
2.54167
1.83333
-1.29167
-11.7083
-26.9167
-8.91667
46
52.9167
1.41667
-25.5417
-18.5
-10.25
-7.54167
-13.4583
-33.6667
-34.8333
15.0417
55.2083
51.5
36.7083
5.04167
-29.625
-31.8333
-15.0833
-4.45833
-5.54167
-17.0833
-25.25
-11.4167
15.2083
27.6667
16
-2.375
-1.875
0.375
-5
-22.0833
-15.625
33.3333
53.4167
14.3333
-17
-18.4583
-14.0417
-12.2083
-18.0417
-34.4583
-29.2083
18.7917
56
54.75
33.5
-4.25
-31.8333
-28.7917
-14.75
-7.875
-10.7917
-18.4167
-16.25
3.45833
21.1667
19.375
5.875
-4.08333
-3.91667
1.66667
-0.125
-15.0833
-17.25
18.125
44.4583
24
-4.20833
-13.625
-14.625
-16.9583
-24.7917
-34.875
-22.4167
21.75
56.1667
57.375
29
-14
-35.0417
-27.625
-14.75
-10.25
-11.1667
-10.7083
-4.5
10.375
18.8333
10.875
-0.208333
-5.25
-4.04167
1.375
1.875
-8.25
-14.6667
6.58333
31.6667
25.3333
4.875
-6.33333
-10.125
-15
-27.375
-39.875
-22.375
25.125
57.5417
58.0417
25
-23.7917
-40.7917
-26.25
-11.875
-7.5
-6.08333
-3.29167
2.25
12.6667
15.2083
4.875
-4.45833
-8.66667
-4.54167
3.04167
4.79167
-0.833333
-9
-1.41667
16.6667
19.7917
8.625
-2.08333
-7.33333
-10.7917
-22.2083
-37.7083
-22.1667
25.7083
55.3333
51.875
17.2083
-29.6667
-39.6667
-19.3333
-6.08333
-4.95833
-4.41667
-0.583333
5.95833
14.0417
12.375
0.791667
-7.16667
-11.5
-4.75
5.125
7.58333
4.91667
-2.375
-5.25
1.45833
8.79167
8.79167
1.79167
-4.95833
-7.875
-16.2917
-30.3333
-18.1667
23.5
48.7917
43.2917
10.2917
-29.75
-33.625
-12.5833
-1.95833
-3.83333
-4.45833
1.58333
9.29167
12.8333
7.04167
-2.75
-8
-12.4583
-4.75
5.29167
8.41667
8.04167
1.91667
-6.91667
-8.33333
0.125
6.45833
2.75
-2.625
-4.54167
-11.5
-24.5417
-15.7083
21.4167
45.0417
37.3333
4.875
-28.875
-28.5833
-8.25
0.666667
-2.41667
-2.5
5.25
9.375
5.83333
0.833333
-2.625
-6.33333
-12.0833
-4.41667
3.75
6.70833
7.83333
2.91667
-6.66667
-11.4583
-5.125
2.91667
1.91667
-1.125
-0.958333
-7.04167
-21.2083
-15.5833
20.1667
44.375
33.75
-0.25
-29.375
-25.1667
-4.54167
4
1.54167
2.125
5.70833
2.125
-2.5
-1.04167
0
-4.29167
-11.125
-4.75
2.625
4.79167
5.375
2.5
-2.54167
-7.79167
-8.58333
-4.125
-2.5
-1.83333
3.125
-0.875
-19.375
-17
19.7083
43.3333
31.0417
-1.875
-28.5
-21.8333
0
7.83333
4.70833
1.04167
-2.33333
-4.41667
-1.5
1.58333
-0.416667
-5.04167
-8.75
-7.20833
2.58333
5.41667
5.5
2.83333
-0.125
-3.95833
-7.45833
-7.75
-8.58333
-7.25
1.29167
2.83333
-12.4583
-13.125
18.5
41.3333
29.5833
-3.04167
-26.125
-16.7917
2.91667
7.75
2.33333
-4.20833
-7.625
-4.54167
2.29167
3
-2.66667
-6
-4.5
4.31481
3.25926
0.740741
-2.46296
-3.92593
-2.03704
1.88889
6.5
9.59259
16.8333
23.1852
26.6296
28.963
32.4815
37.0556
40.9815
42.463
40.8148
36.037
30.7037
29.5556
28.537
25.7037
20.6852
14.3519
8.25926
3.7963
1.27778
4.44444
0.407407
-4.16667
-6.46296
-4.55556
1.96296
9.77778
14.7407
17.2963
23.037
26.6481
26.9444
24.5185
21.5926
18.3148
15.3889
14.1852
14.3519
13.7037
17.1296
22.1111
25.7037
26.7037
25.4444
22.1667
17.0741
11.5556
7
9.03704
4.46296
1.83333
3.25926
7.85185
13.5741
17.2593
15.8519
14.5185
14.8148
12.8148
9.01852
2.2037
-7.87037
-18.1481
-25.2593
-27.4074
-24.7778
-18.3148
-6.18519
2.37037
7.7963
12.7778
16.7407
19.0556
19.2593
16.7407
12.7222
14.6852
13.2593
14.463
19.1296
23.037
22.0185
16.3704
8.25926
3.11111
-2.51852
-9.75926
-15.7593
-23.1111
-33.6667
-44.4074
-51.3889
-52.8333
-48.7778
-38.7593
-25.7222
-18.2778
-14.037
-8.44444
-1.01852
6.75926
12.6667
15.0926
13.9444
14.0926
15.7593
19.2222
22.7222
22.4259
16.0741
6.61111
-1.75926
-7.27778
-15.5185
-22.8333
-27.0556
-29.7222
-33.3889
-37.8333
-41.1852
-41.7963
-39.037
-32.2963
-27.8519
-26.6667
-25.4074
-22.3148
-16.1667
-7.81481
0.148148
6.2037
9.62963
1.88889
5.27778
8
8.09259
5
-0.481481
-5.66667
-8.7963
-11.7407
-19.2222
-24.6852
-26.6296
-24.537
-19.8889
-17.7222
-18
-17.0741
-14.5926
-14.037
-18.8519
-21.6667
-20.9074
-20.6296
-17.7963
-12.3148
-6.90741
-1.25926
4.27778
-13.8333
-10.8889
-9.62963
-11.7778
-14.463
-14.463
-12.3333
-10.8148
-11.3704
-15.9074
-17.7407
-17.0926
-12.5556
-4.85185
0.222222
1.7963
3.57407
5.2963
1.09259
-8.01852
-13.3148
-13
-13.5
-13.7778
-12.2778
-9.68519
-5.96296
-0.518519
-22.2593
-19.1667
-18.4444
-19.6481
-19.7222
-17
-13.3519
-10.5556
-9.33333
-10.5556
-9.68519
-7.16667
-2.81481
3.07407
7.94444
10.8333
12.4444
12.1111
6.46296
-1
-5.81481
-7.03704
-7.37037
-8.94444
-10.2778
-9.61111
-7.92593
-4.96296
-19.1667
-16.1111
-15.0185
-14.5185
-13.4074
-11.7778
-10.3889
-7.81481
-6.12963
-4.87037
-1.51852
2.22222
5.25926
7.98148
12.1481
15.8333
15.5
11.1667
6.12963
2.24074
-1.96296
-5.72222
-6.35185
-8.53704
-11.4815
-11.9074
-11.5
-11.0926
-10.2222
-7.68519
-6.46296
-5.27778
-4.62963
-5.5
-5.96296
-2.03704
0.925926
4.48148
8.66667
11.9444
13.5926
14.8519
18.4259
21.6111
19
11.7222
7.81481
6.61111
4.18519
-0.388889
-2.38889
-5.14815
-9.38889
-12.2407
-13.6111
-15.1852
-1.96296
-1.24074
-0.703704
-0.0740741
-0.37037
-1.31481
0.259259
6
9.42593
13.6296
17.1481
19.037
19.5926
21.2037
24.6852
26.963
23.7593
16.6852
14.0741
14.0926
13.1481
9.85185
6.01852
1.7963
-3.72222
-9.11111
-11.7963
-13.9444
4.77778
3.59259
3.11111
3.03704
2.31481
2.03704
5.37037
11.9074
15.9074
20.2593
22.3704
23.0741
23.1852
25.7593
29.2037
30.5741
28.1852
23.6111
22.037
22.2963
22.2778
20.8889
15.7222
9.85185
3.57407
-2.62963
-5.53704
-6.81481
7.5
5.35185
4.27778
4.03704
3.72222
4.31481
7.22222
10.1667
11.7778
12.5926
13.2222
13.4444
13.5
16.0741
19.5926
21.7037
21.9815
21.3519
21.9259
22.2222
22.3889
22.1481
17.0556
10.7963
5.7037
1.94444
0.722222
0.685185
7.09259
4.7037
3.44444
3.14815
3.24074
3.22222
2.31481
0.444444
0.851852
0.166667
0.296296
0.574074
0.777778
1.31481
2.59259
3.94444
5.40741
7.01852
8.75926
8.88889
8.98148
9.07407
6.09259
2.75926
1.68519
2.33333
2.85185
3.94444
3.38889
1.09259
-0.259259
-0.87037
-0.555556
-0.407407
-3.24074
-9.7037
-11.0926
-13.3889
-13.3889
-13.037
-12.6296
-14.2778
-15.9259
-15.8519
-13.5185
-9.98148
-7.72222
-7.64815
-7.59259
-8.14815
-9.11111
-8.24074
-5
-1.5
-0.407407
0.425926
2.24074
0.0185185
-1.66667
-2.94444
-3.25926
-3.68519
-7.37037
-14.3519
-14.8333
-13.7037
-13.1667
-12.7037
-11.9259
-14.6481
-18.8519
-21.037
-19.7407
-16.5926
-16.1111
-16.1667
-16.2407
-18.2593
-18.1852
-14.2222
-9.11111
-5.96296
-6.09259
-6.2963
3.07407
1.16667
-0.537037
-2.22222
-3.2037
-3.7037
-5.92593
-11.6481
-12.963
-9.72222
-8.74074
-8.33333
-7.09259
-8.68519
-12.4259
-14.7963
-13.7037
-10.6111
-11.3889
-11.4074
-12.0556
-16.2963
-16.7963
-12.9074
-9.38889
-8.85185
-10.2407
-11.7037
4.03704
1.88889
0.333333
-1.16667
-2.38889
-3.2963
-4.92593
-7.98148
-9.83333
-4.25926
-2.35185
-1.90741
-0.388889
-0.648148
-2.74074
-4.2037
-3.74074
-1.92593
-3.24074
-3.42593
-5.05556
-10.5
-11.1111
-8.46296
-7.2963
-8.27778
-9.62963
-11.037
1.2963
-1.72222
-3.46296
-4.48148
-4.92593
-4.83333
-4.5
-4.87037
-8.14815
-4.31481
-1.66667
-0.796296
0.777778
1.62963
1.33333
0.962963
1.27778
2.59259
2.12963
1.57407
-1.18519
-5.83333
-5.87037
-4.2037
-3.94444
-4.53704
-4.35185
-4.33333
-3.51852
-7.27778
-9.74074
-10.3519
-9.55556
-7.72222
-5.07407
-2.64815
-6.14815
-5.75926
-2.90741
-1.35185
0.111111
1.46296
2.05556
2
1.75926
2.38889
2.64815
0.851852
-2.40741
-3.81481
-2.62963
-1.22222
-0.555556
0.351852
2.31481
4.2963
-5.68519
-8.42593
-11.5926
-12.6111
-11.6111
-9.07407
-5.2037
-1.92593
-5.22222
-8.92593
-7.18519
-4.35185
-2.12963
-0.388889
0.574074
0.37037
-0.222222
-0.685185
-1.75926
-5.35185
-7.7963
-5.05556
-1.88889
-0.314815
1.24074
4.01852
7.7037
11.8148
-3.37037
-2.64815
-4.44444
-6.18519
-7.16667
-6.85185
-4.77778
-2.22222
-4.09259
-9.90741
-10.2778
-7.42593
-4.66667
-2.16667
-0.796296
-1.48148
-3.57407
-6.66667
-10
-14.5
-14.5741
-8.51852
-4.27778
-2.55556
0.0740741
4.77778
9.94444
15.1481
2.75926
7.92593
9.51852
8
4.27778
0.166667
-2.64815
-3.55556
-4.22222
-9.62963
-12.5
-10.9074
-9.16667
-7.61111
-6.77778
-7.75926
-10.7407
-16.037
-20.6852
-23.0926
-20.2593
-13.2963
-8.09259
-4.88889
-0.203704
6.5
12.5926
17.2037
4.27778
13.463
20
21.2222
17.7037
11.3519
5.07407
2.31481
3.11111
-0.518519
-5.64815
-8.18519
-11.0556
-12.4259
-12.9074
-13.7593
-16.3148
-20.537
-21.5741
-18.8333
-14.1852
-8.31481
-3.7963
0.759259
6.46296
11.9259
15.7778
16.4444
3.57407
12.3148
20.8519
25.963
26.7407
23.2407
17.2037
12.8148
13.3519
11.9444
6.25926
0.351852
-7.5
-13.8704
-16.7593
-16.0926
-14.1852
-12.7407
-8.2037
-0.851852
3.64815
7.37037
11.4074
15.7593
18.9444
19.3333
17.537
13.5556
1.03704
5.37037
11.2407
17.1296
22.1111
24.537
23.9815
22.8148
24
24.8519
20.9074
14.1296
5.31481
-1.98148
-5.24074
-3.81481
0.833333
7.09259
15.0185
23.1852
26.5741
28.2778
29.3333
29.0741
25.8333
19.1852
11.5926
5.11111
5.66667
2.12963
0.944444
2.94444
7.5
13.037
17.3889
19.463
21.3704
24.1481
23.9444
20.6667
16.7778
13.0926
11.3333
12.4074
16.4815
22.7963
28.3333
32.6481
34.3148
33.5741
31.037
25.463
16.8889
7.25926
-1.44444
-6.11111
9.7037
1.16667
-5.96296
-9.92593
-10.1296
-6.7963
-1.2037
4.07407
7.38889
10.9444
13.7407
14.7222
17.3519
20.0926
21.5556
21.2963
20.8889
22.4074
22.7963
22.1296
22.1111
19.2407
13.6852
5.94444
-2.48148
-9.27778
-13.6481
-14.5741
-2.40741
9.53704
14.3519
4.31481
-0.925926
-0.37037
10.9444
16.2778
16.037
6.94444
-4.87037
-16.4259
-20.8704
-16.0741
-1.61111
12.3148
16.6852
5.42593
-12.2407
-23.0741
-22.1667
-11.7963
-1.57407
9.2963
14.463
16.037
10.6296
5.22222
-4.22222
5.2963
10.0556
3.59259
2.72222
6.40741
17.0556
19.0185
14.1852
1.59259
-12.463
-24.7222
-28.0926
-18.7963
2.14815
22.3333
28.963
15.1296
-8.62963
-25.7593
-28.8889
-20.463
-9.90741
3.33333
13.7222
19.7407
16.0556
8.38889
-8.12963
0.12963
6.05556
5.14815
9.24074
14.6852
21.0926
17.6852
9.07407
-4.62963
-19.0185
-31.037
-31.7963
-17.537
8.51852
31.463
38.2593
22.4444
-5.03704
-26.6852
-34.0185
-28.3704
-19.2222
-4.25926
10.8333
22.5926
21.6852
12.5556
-12.537
-4.40741
4.74074
10.6296
17.8148
20.8519
19.9815
11.9815
2.33333
-10.1296
-23.3148
-33.6481
-31.1111
-13.5556
14.537
37.7222
44.6111
28.3333
-1.2037
-27.0556
-38.2222
-34.9259
-26.3333
-11.6296
5.64815
21.6667
25.537
17.4444
-14.3519
-5.57407
6.77778
17.4444
24.8704
23.1852
15.1667
4.51852
-4.61111
-14.463
-25
-32
-27.1111
-9.38889
17.1111
39.4259
47.6481
33.6296
4.48148
-24.7963
-40.3889
-40.2407
-31.9815
-18.1667
-0.759259
17.6481
26.9259
22.3519
-13.2778
-3.5
10.6667
22.8704
28.8333
23.2407
11.0556
-0.907407
-10.3519
-18.9444
-27.0741
-30.1852
-23.3704
-6.16667
18.2778
40.2778
50.3148
39.1852
10.9074
-21.2963
-41.8333
-45.0185
-37.2407
-23.7407
-7.14815
12.537
26.6852
26.7778
-11.6667
-0.944444
14.5926
26.7778
31.5926
23.537
9.5
-4.48148
-16.4259
-26.0741
-32.1852
-30.6481
-20.5556
-1.90741
22.1667
44.4074
54.7963
44.9074
16.6481
-17.9074
-43.2593
-50
-43.4444
-29.9444
-13.8333
7.2037
25.9259
30.8148
-11.2593
0.444444
18.7222
31.4074
35.8333
23.7222
6.03704
-12.5556
-27.1667
-35.8889
-36.3519
-26.8889
-12.4259
6.85185
27.1111
46.2222
54.7222
48
23.963
-9.16667
-39.5926
-53.537
-51.8148
-39.3333
-22.6667
0.5
23.963
34.037
-13.7222
0.555556
24.3148
39.537
41.4815
21.5
-3.33333
-26.2593
-39.6852
-42.7037
-33.8519
-16.5
1.53704
16.9259
28.8148
39.5
46.5556
46.1667
31.5185
3.57407
-29.2407
-50.5556
-56.5185
-49.1481
-34.2037
-9.68519
19.1111
35.5185
-19.5
-0.351852
30.9815
49.5556
44.9815
15.8333
-14.3519
-35.4815
-44.4074
-43.2963
-31.8333
-12.2222
8.53704
24.463
32.3148
36.0556
39.2778
42.3889
35.037
11.9444
-21.3704
-46.2778
-55.8889
-52.9815
-42.5556
-20.3519
12.1111
35.2593
-18.3519
8.03704
42.4074
54.7037
39.3519
3.24074
-24.8519
-39.3889
-43.0741
-41.3704
-30.9074
-10.463
13.537
31.3704
37.1296
35.8519
33.9815
36.0185
31.4074
13.3148
-16.5185
-40.0926
-50.4259
-51.3148
-47.6667
-30.7222
3.31481
33.8333
-16.5
15.8148
52.1111
58.537
31.9259
-9.74074
-34.1296
-40.3704
-39.0926
-38.2407
-30.1852
-10.8704
15.5185
35.1481
41.8148
38.1852
32.2963
30.3333
24.8148
10.1296
-14.3889
-33.8333
-43
-47.5926
-50.8148
-39.6296
-4.37037
32.6296
-14
23.0741
59.6111
58.537
22.6667
-21.1852
-39.3333
-38.7778
-34.5
-35.2963
-29.3333
-12.3889
14.6667
36.0741
46.1481
42.6481
32.9259
24.963
16.5926
5.16667
-13.5
-28.463
-36.7778
-43.3704
-51.1852
-44.3333
-9.66667
31.1852
-13.6852
26.7037
63.4444
57.0926
15.6296
-28.5556
-41.3519
-36.1667
-29.5926
-32.1111
-29.1481
-16.6481
10.6667
35.4815
51.6481
49.4444
35.5185
19.963
7.09259
-1.72222
-13.963
-23.8148
-31.4074
-39.9074
-50.537
-45.9444
-11.9815
30.2222
-15.3889
26.2037
63.7407
55.7407
12.3889
-31.8519
-41.5741
-33.3704
-24.6481
-29.1667
-30.6111
-23.4815
5.09259
35.2778
58.7963
57.5926
38.9259
14.963
-3.05556
-10.0926
-15.4259
-19.9815
-26.9444
-38.1852
-49.8889
-45
-10.6852
30.4259
-17.8148
23.0185
61.7222
55.2778
12.6852
-31.7963
-40.9815
-31.1296
-20.7222
-26.9815
-33.1111
-30.7593
-0.537037
35.6296
65.9815
65.5741
42.3148
10.5741
-12.6111
-18.8333
-18.1296
-17.7037
-23.7963
-37.0556
-48.1667
-41.5185
-7.14815
30.8148
-20.8704
17.4444
57.6296
56.1111
16.7963
-27.8704
-39.4815
-29.8148
-18.6296
-26.2222
-36.6296
-37.9444
-5.42593
36.9259
73.4074
73.2593
45.463
6.44444
-21.7222
-28.0185
-22.4444
-17.4074
-21.9074
-35.4074
-44.2778
-35.0741
-1.74074
31.1296
-24.0185
9.61111
50.9444
57
24.2778
-19.8519
-35.9259
-28.7593
-18.3889
-28.037
-42.5185
-45.5185
-8.33333
41.0741
82.6481
80.7407
47.2593
0.907407
-31.463
-37.4815
-27.8889
-18.7222
-21.4444
-33.0741
-37.963
-24.8333
6.48148
32.0741
-22.4815
5.55556
44.8148
54.1852
28.7407
-12.3333
-30.7778
-28.5926
-21.6481
-32.2037
-45.7778
-46.3519
-5.5
46.4074
88.7222
83.2963
45.1667
-6.35185
-39.8148
-43.8704
-30.7963
-19.9444
-21.9815
-30.3704
-29.6667
-13.4259
13.537
30.7778
-20.3519
1.22222
37.4815
51.6481
34
-3.22222
-25.0185
-28.7593
-25.9815
-36.8148
-48.0185
-45.6852
-1.88889
50.5185
92.1111
82.1667
41.0926
-12.3333
-43.7407
-46.6481
-33.463
-22.8148
-22.2963
-24.7222
-19.1667
-3.14815
17.037
27.0185
-15.7407
-0.981481
30.1296
44.5556
35.4444
4.75926
-15.8148
-25.3704
-28.8333
-42.1481
-50.7407
-43.2407
3.64815
55.3333
93.2407
77.7593
33.6667
-19.9074
-47.6481
-48.1852
-33.6852
-21.5
-17.4444
-16.5926
-10.5926
2.18519
16.8704
21.9259
-13.3704
-4.03704
22.4444
37.3704
34.5556
10.1481
-7.88889
-18.7778
-26.037
-42.6296
-53.0556
-43.6481
5.44444
58.1111
93.0926
72.463
24.9259
-28.1667
-51.0556
-46.9444
-29.1852
-15.7963
-11.2222
-10.7222
-5.25926
5.61111
16.4444
16.3148
-10.0741
-5.85185
15.0741
30.1111
30.9444
11.4444
-5.42593
-15.6667
-22.6667
-37.8519
-48.1111
-39.2963
7.38889
56.3889
86.7222
62.4074
15.9815
-31.7037
-47.2963
-39.9259
-23.1481
-13.1296
-10.2037
-8.61111
-0.37037
10.3333
17.037
10.8148
-5.61111
-5.37037
8.72222
22.0556
25.037
10.6852
-4.81481
-14.6852
-21.1667
-33.2407
-40.9815
-31.963
10.5
53.6296
78.5926
52.7407
9.51852
-31.9259
-41.6296
-32.8889
-18.8519
-12.7593
-10.7407
-6.62963
4.62963
14.1481
16
4.94444
-0.648148
-2.96296
4.12963
14.0741
18.7407
10.0185
-3.2963
-13.6296
-20.9259
-31.1111
-36.5185
-26.3704
13.8333
53.3519
74.0185
46.1296
3.98148
-33.3519
-38.4815
-28.0741
-15.463
-11.4074
-9.37037
-3.40741
8.05556
14.8889
12.5926
-0.0555556
4.03704
0.314815
1.07407
6.57407
12.1111
9.03704
-0.685185
-11.0741
-20
-30.3148
-34.8148
-23.5926
16.537
54.8519
72.5926
41.5741
-1.5
-36.4074
-37.2593
-24.3148
-11.7037
-8.33333
-6.05556
0.296296
9.44444
12.6296
7.59259
-3.88889
7.44444
3.46296
-0.333333
0.277778
4.38889
5.64815
0.944444
-7.14815
-16.9074
-28.0741
-32.8333
-21.3889
17.7778
54.5926
70.0556
37.5741
-5.18519
-37.6481
-35.3333
-20.8519
-8.24074
-4.92593
-1.85185
4.07407
9.66667
8.14815
1.16667
-7.77778
9.59259
6.05556
-0.0740741
-3.53704
-2.18519
0.203704
-0.481481
-4.7037
-12.3333
-23.1111
-28.8148
-18.9444
17.963
52.9259
66.6667
33.9074
-7.72222
-37.7593
-33.4259
-18.2037
-5.05556
-0.981481
2.62963
6.22222
7.7963
3
-3.53704
-9.74074
-8.22222
0.611111
5.33333
1.44444
0.166667
2
6.83333
-0.277778
-3.94444
-1.22222
11.4444
17.7222
12.5556
-1.16667
-13.8333
-18.8889
-16.7222
-11.8333
-8.05556
-4.38889
-0.111111
5.38889
9.44444
12.0556
8.66667
5.11111
-0.388889
0.611111
0.611111
1.88889
0.611111
0.166667
-2.5
5.77778
6.77778
-1.27778
-4
1.05556
11.5556
8.88889
1.77778
-5.33333
-4.05556
-3.38889
-5.72222
-10.7778
-12.2222
-9
-2.05556
2.22222
2.88889
1.94444
2.5
5.16667
8.44444
11.4444
9.16667
4.27778
-2.27778
-2.72222
-1.66667
0.444444
0.277778
0.111111
2.88889
8.33333
4.61111
-4.11111
-6.88889
2.94444
13.6111
13.8889
0.5
-13.3333
-19.3889
-16.2778
-7.61111
1
9.72222
12.1111
12.5556
6.27778
3.11111
1.11111
1.83333
-0.333333
-3.05556
-4.27778
-2.94444
-2.38889
-1
-0.666667
0.333333
0.111111
0.111111
0.0555556
3
2.11111
-3.66667
-4
0.222222
11.7778
10.8889
5.11111
-10.2222
-16.6111
-14.9444
-2
14.1111
26.2778
28.8889
17.3889
1.27778
-10.8889
-5.88889
5.83333
13.0556
6.16667
-6.77778
-19.2222
-21.2778
-18.1111
-6.94444
-1.83333
1.38889
-0.166667
-0.0555556
0
-1.66667
-10.6111
-13.7222
-1.16667
11.5556
16.6667
0.222222
-10.6111
-14.8889
-2.44444
12.9444
28.9444
37.6111
36.5556
22.1667
-4.11111
-30
-36.6111
-14.0556
18.6111
36.8889
28.5
4.88889
-19.3889
-31
-31.3333
-20.8333
-12.5
-5.05556
-2.5
-0.444444
-0.111111
-1.44444
-11.7222
-9.5
6
14.3889
4.05556
-17.6111
-20.0556
-1.38889
26.1667
42
42.3889
30.1111
13.3333
-11.3333
-36.1667
-56.7222
-46.5
-12.2222
30.6667
53.4444
51.3889
31.6111
5.72222
-16.0556
-30.6111
-33.8889
-29.2778
-16.7222
-5.88889
0.166667
-0.166667
8
3.11111
6.38889
10.3333
-1
-24.2778
-35.2778
-12
25.9444
50.4444
45.3889
21.8889
-3.94444
-24.2778
-40.2778
-48.1111
-46.3333
-27.6667
-3.83333
21.6111
40.3889
49.7222
45.8889
33.8889
14.5556
-8.22222
-30.5
-38.1111
-27.3889
-10.2778
0.388889
-0.111111
17.1667
20.3333
21.1111
7.38889
-22.4444
-45.3889
-35.6667
5.77778
41.6667
47.5556
22.2778
-9.88889
-33.2222
-45.8333
-49.6111
-39.8889
-18.7222
2.27778
6.61111
4.88889
12.2778
30.5
45.2222
47.6667
37.8333
16.2222
-11.4444
-31.5556
-30.5556
-15.6111
-1.88889
-0.611111
10.1111
11.9444
9.27778
-6.83333
-29.3333
-35.2222
-10.7778
25.8889
39.1111
22.7222
-8.55556
-31.3889
-43.3333
-48.4444
-41.2778
-18.6111
13
25.5556
11.3333
-11.6667
-13.8889
6.66667
30.8889
42.8333
42.2222
33.1111
12.9444
-11.3333
-26.9444
-22.4444
-8.94444
-1.33333
-9.94444
-10.5556
-10.6667
-18.8333
-20
-6.33333
25.7222
39.2778
24.2222
-6.83333
-28.1667
-35.7222
-41.4444
-42.6667
-28.6111
2
29.6667
32.6667
10.2778
-16.3889
-23.1667
-5.11111
19.7778
31.7778
34.0556
35.2778
29.8333
8.83333
-19
-27.3333
-16.4444
-2.22222
-24.8333
-26.3333
-24.0556
-21.7222
-3.11111
22.4444
49.5
39.2778
8.27778
-23
-32.2222
-33.3889
-38.5556
-35.5556
-13.5
18.8333
35.5556
28.3333
5.16667
-16.6111
-24.6111
-11.5556
10.3333
23.7222
25.5
30.3333
32.9444
21.4444
-7.61111
-24.6111
-19.1111
-2.38889
-19.8889
-17.8889
-16.8333
-13.8889
6.55556
32.1667
49.5
27.6667
-3.83333
-26.1667
-27.3333
-28.3333
-31.7222
-23.0556
1.22222
25.1667
29.6111
18.2778
1.27778
-12.7222
-21
-14.5556
2.22222
16.8889
19.7222
22.3333
26.8889
23
2.77778
-17.1667
-17.7222
-4.33333
-2.27778
-1.16667
-6.27778
-5.27778
11.0556
32.2222
36.7222
12.7778
-10.6111
-21.6667
-20.3333
-22.6667
-20.6667
-7.44444
12.0556
21.1111
17
7.44444
0.166667
-7.22222
-16.0556
-17.0556
-5.83333
10.1111
16.7222
16.1667
18.6111
18.3889
8.44444
-11.1111
-17.5556
-9.38889
13.8333
11.6111
1.66667
-0.166667
7.66667
23.4444
20.8333
5.38889
-9.27778
-13
-11.1667
-9.05556
-0.611111
8.61111
11.8333
3.94444
-2.33333
-2.77778
1.55556
1.16667
-6.38889
-13.1667
-10.9444
-0.555556
8.11111
9.22222
12
12.4444
7.77778
-8.94444
-18.1111
-14.0556
18.2222
12.4444
1.77778
1.22222
8
20.0556
12.8333
1.55556
-7.72222
-6.44444
-1.66667
6.77778
17.4444
17.5
3.44444
-14.8889
-18.7222
-6.88889
9.11111
17.1667
9.61111
-6.33333
-18
-17.5556
-6.94444
0
6.5
7.38889
4.61111
-7.72222
-16.2222
-14.5
15.5556
14.5556
7.33333
5.22222
3.44444
10.2778
2.05556
-0.555556
-6.11111
-0.722222
7.61111
23.5556
34.6667
22.6111
-7.27778
-33.6667
-32.2222
-9.27778
18
34.1111
27.2778
3.11111
-23.5556
-34.1667
-25.2778
-10.8889
-0.166667
2.94444
1.27778
-3.11111
-6.27778
-6.33333
7.44444
11
9
8.38889
8.22222
11
2.05556
-4.94444
-9.05556
-2.66667
8.16667
22.5
30.2222
15.7222
-10.7778
-32.2222
-26.0556
-3.16667
25.3333
42.3889
34.3333
4.5
-27.7778
-40.1667
-30.2222
-14.5
-4.61111
-1.66667
-1
1.94444
4.11111
3.38889
0.166667
9.88889
13.2222
10.3889
3.88889
1.94444
-1.5
-3.61111
-5.44444
-1.94444
5.11111
14.2222
20.1667
9.44444
-6.72222
-22.9444
-15.6111
-1.11111
20.5
31.6111
26.2778
3.61111
-21.1111
-29.5556
-22.3889
-10.3889
-6.55556
-5.77778
-4.05556
6.05556
12.6667
11.3333
-5.33333
2.11111
8.83333
6.38889
4.33333
-1.44444
2.44444
-1.77778
-0.833333
-2.72222
0.833333
2.55556
4.22222
0.166667
-2.61111
-7.05556
-0.722222
4.38889
13.1667
15.3889
11.2222
-0.833333
-11.9444
-14.1667
-9.33333
-5.05556
-8.5
-11
-6.72222
8.05556
15.2222
12.1111
-5
0.833333
8.72222
3.88889
-3.88889
-15.2222
-4.44444
1.77778
7.61111
2.27778
0.277778
-1.22222
-1.66667
-2.11111
-0.166667
1.11111
5
5.5
5.44444
1.83333
-0.222222
-2.16667
-3.5
-3.55556
-2.61111
-4.66667
-12.7222
-16.5556
-7.66667
10.1111
15.7778
8.66667
-1.61111
1.83333
9.16667
3.33333
-9.27778
-25.6111
-13.8333
1.72222
13.0556
7.94444
1.83333
-2.05556
-5.16667
-4
-0.222222
6.38889
9
8.83333
4.22222
-2.66667
-5.22222
-4
-1.22222
-1.11111
-2.83333
-10.7222
-19.6667
-20.2778
-2.88889
14.5556
15.6111
3.55556
0
3.05556
9.05556
4.61111
-13.9444
-33.3889
-26.6667
-0.0555556
18.0556
17.2778
6.11111
-1.16667
-6.27778
-4.83333
-0.888889
7.22222
10.6111
11.5
6.88889
-2.38889
-6.88889
-6.38889
-2.61111
-2.22222
-6.88889
-18.3889
-25.3889
-18.1111
6.88889
21.5
16.3889
0.611111
-3.72222
-3.27778
2.33333
4.44444
-9.77778
-28.1111
-31.6111
-5.55556
17.2778
24.7778
13.4444
2.16667
-6.94444
-7.38889
-3.61111
5.94444
12.3889
15.4444
12.2778
0.277778
-7.77778
-10.0556
-5.83333
-5.05556
-12.8889
-24.6667
-26
-7.44444
20.3333
28.8889
16.5
-0.5
-12
-15.5556
-8.44444
4.55556
3.11111
-11.0556
-26.8333
-13.7778
9.27778
25.7778
20.7778
7.88889
-5.27778
-9.5
-7.16667
3.05556
13.1667
18.9444
17.8889
4.33333
-7.5
-13.3333
-10.4444
-11.6667
-21.5556
-27.8889
-17.2778
11.3333
33.2778
31.6667
13.3333
-0.888889
-16.8333
-21.9444
-13.0556
7.38889
17.6667
7.88889
-19.8333
-27.4444
-10.6667
15.2222
24.1111
15.3333
0.5
-6.61111
-4.44444
5.11111
14.7778
18.9444
17
2.72222
-10.2778
-18.1667
-18.2778
-21.6667
-26.5556
-17.7222
7.83333
35.7778
40.7778
25.4444
6.22222
-2.22222
-12.1667
-14.6111
-7.5
10.5
23.9444
18.1111
-12.2222
-36.3889
-32.6667
-7.88889
14.7778
20.7222
14.6111
6.72222
3.61111
7.05556
12.6667
14
9.5
-4.55556
-17.7778
-26
-26.8333
-26.3889
-17.8889
5.61111
36
49.5556
36.8333
15.3889
2
-2.05556
-1.38889
0.555556
4.88889
14.3889
23.8333
21.0556
-4.27778
-34.8889
-47.1111
-34.6667
-10.7778
8.66667
19.4444
22.2222
21.6111
18.7222
14.3889
4.05556
-10.1111
-24.3889
-30.7778
-28.7778
-21.7222
-10.5556
9.22222
34.2778
49.8889
42.1111
21.6667
7.16667
4.22222
0.777778
8.55556
13.2778
14.7778
16.5
21.0556
23.1111
10.7778
-15.2222
-41
-50.4444
-39.9444
-15.7222
10.8333
28.4444
33.0556
26.5556
12.1667
-7.83333
-28.9444
-37.8333
-32.6667
-16.5556
1.44444
19.9444
36.8333
42.8889
33.7222
15.6111
4.77778
5.11111
8.05556
3.11111
11.3333
13.8889
15.7222
17
20
23.7778
20.8333
6.22222
-18.2778
-40.2778
-50.1667
-41.1111
-15.7222
13.2778
31.3889
30.7778
12.7222
-12.3333
-35.2222
-36.9444
-20.1667
7.05556
29.1667
42.3333
42.9444
28.7222
6.44444
-8
-7.55556
0
4.05556
3.05556
13
10.6667
9.27778
9.55556
11.0556
14.2222
17.6111
16.0556
5.55556
-11.8333
-28.3889
-35.0556
-26.8889
-8.5
6.94444
12.6111
4.11111
-6.22222
-15.7778
-10.7778
2.61111
20
31.4444
33.3889
24.5556
7.27778
-9
-14.5
-11.8333
-8.33333
-6.94444
-0.888889
10.7222
3.77778
-0.722222
-3.16667
-4.44444
-3.5
2.61111
11.6111
17.2222
13.6667
2.05556
-11.4444
-20.1111
-20.1111
-16
-8.72222
-3.38889
4.38889
9.27778
13.1667
14.3333
14.8889
13.7778
9.22222
1.72222
-4.72222
-7.38889
-7.27778
-10
-14.3889
-14.6667
-3.5
3.16667
-4.05556
-9.83333
-14.9444
-18
-16.4444
-8.66667
3.27778
13.6111
18.6667
16.9444
9.83333
-2.61111
-14.4444
-22.4444
-19.2778
-7.44444
9.61111
22.2222
22.7778
14.1111
2.22222
-5.88889
-10.1667
-10.5556
-6.61111
-0.666667
1.83333
-2.33333
-9.27778
-11.0556
-3.11111
-1
3.08
5.94
7.34
6.26
3.88
1.38
2.34
6.34
10.96
13.66
11.54
4.48
-4.46
-9.88
-10.66
-4.32
5.5
12.72
12.72
8.12
0.22
-8.68
-14.7
-14.62
-11.58
-7.86
-4.18
1.08
3.3
4.04
3.82
1.98
3.04
3.46
7.24
12.76
18.24
18.56
13.32
3.04
-8.36
-14.76
-13.02
-2.56
11.34
22.62
23.54
15.98
2.56
-11.82
-23.06
-25.14
-22.78
-16.88
-10.48
1.04
-0.06
-1.66
-3.22
-4.98
1.42
8.68
17.66
25.34
30.14
23.94
10.16
-7.1
-22.38
-28.9
-21.12
-2.42
18.82
35.54
39.06
28.68
9.1
-11.6
-27.96
-34.18
-33.22
-25.84
-17.12
0.2
-4.32
-7.1
-9.42
-8.56
4.66
17.96
27.5
31.7
29.56
12.84
-9.26
-29.18
-41.68
-43.54
-27.8
-1.56
26.04
47.44
56.2
48.34
27.32
2.04
-20.32
-33.92
-39.2
-34.52
-25.38
-1.92
-8.84
-12.48
-14.6
-8.14
11.6
25.72
30.72
27.58
14.18
-10.82
-32.7
-46.32
-50.74
-44.12
-24.66
-0.58
23.86
46
59.56
59.14
45.72
23.94
-0.5
-21.32
-35
-37.34
-31.32
-4.62
-11.58
-15.92
-15.8
-3.54
15.78
25.98
26.02
15.44
-6.26
-32.74
-49.52
-54.7
-49.48
-36.74
-16.92
2.54
20.54
38.5
54.4
61.3
56.8
41.86
19.82
-3.9
-23.46
-33.24
-32.18
-12.82
-14.84
-13.68
-8.14
7.76
22.32
24.5
15.16
-3.54
-29.52
-52.1
-60.8
-55.26
-39.66
-22.12
-5.94
6.66
16.86
27.06
41.78
55.5
60.8
53.68
37.38
14.4
-8.38
-25.24
-29.86
-18.42
-13.24
-5.74
4.84
23.26
29.72
20.52
0.96
-24.2
-51.42
-66.2
-63.62
-46.28
-21.5
-2.44
6.86
10
10.44
11.86
23.74
43.22
58.12
59.88
50.28
31.28
7.08
-15.58
-26.1
-18.76
-7.4
4.66
18.86
35.82
32.18
13.08
-12.04
-38.16
-61.04
-65.28
-51.94
-27.14
-0.62
15.06
16.3
9.62
0.92
-4.28
3.64
24.32
45.88
56.14
53.66
40.9
20.16
-4.36
-19.88
-12.08
0.46
12.34
27.82
39.06
27.56
6.1
-16.44
-37.84
-51.94
-48.16
-32.44
-10.88
9.08
18.38
15.32
6.44
-3.28
-10.9
-7.32
9.06
28.96
41.8
44.74
38.56
24.16
3.34
-13.76
-1.9
8.56
19.42
33.66
37.52
22.02
2.96
-14.8
-29.92
-36.2
-28.62
-15.78
-2.12
9.62
15.58
12.56
5.7
-1.02
-8.98
-11.36
-2.84
11.14
23.28
29.36
28.52
20.4
5.54
-10.94
10.7
16.04
22.18
32.86
30.34
15.18
1.28
-8.8
-16.48
-17.42
-10.14
-2.22
1.7
3.96
8.48
8.64
5.7
3.36
-2.6
-10.34
-10.94
-4.28
5.5
12.56
15.68
13.4
4.82
-9.1
19.4
19.56
21.38
28.48
20.94
8.28
1.08
-1.14
-2.2
0.28
5.54
7.42
1.66
-4.44
0.56
5.02
7
9.58
5.6
-7.14
-16.56
-17.74
-11.68
-4.24
1.98
5.46
3.34
-5.98
23.44
19.6
17.04
20.06
10.52
2.1
1.8
6.92
11.36
15.34
17.54
12.62
-1.9
-13.3
-6.48
2.34
10.32
18.44
15.22
-2.36
-19.1
-28.08
-27.64
-20.26
-11.14
-3.16
0.5
-2.4
21.84
18.3
15.44
14.86
6.42
-0.62
0.98
7.58
13.94
16.66
17.76
11.1
-4.22
-14.22
-4.32
6.7
16.56
25.28
20.78
-0.26
-20.34
-32.66
-35.9
-29.92
-19.14
-9.18
-2.6
0.36
16.68
14.08
9.34
5.66
0.98
-2.08
0.36
7.58
14.98
15.56
14.72
8.76
-3.24
-11.9
-2.28
7.86
16.34
22.76
19.16
0.42
-17.84
-29.92
-35.62
-31.9
-22.04
-12.42
-4.3
4.14
9.16
7.98
3.2
-3.26
-2.86
-2.32
0.76
6.8
13.44
11.78
9.56
4.74
-1.96
-6.04
1.64
9.66
16
18.5
14.2
-0.04
-14.68
-26.3
-33.16
-31.24
-23.34
-14.84
-4.86
7.4
2
0.86
-4.42
-13.4
-9.12
-3.08
1.82
6.86
12.44
9.26
4.94
0.78
-0.62
0.64
6.58
12.28
16.22
14.16
8.1
-2.18
-13.34
-24.44
-31.44
-30.32
-24.2
-16.6
-4.18
10.46
-3.58
-5.18
-10.4
-20.12
-14.42
-3.96
2.66
7.02
11.02
7.28
1.28
-2
1.7
7.84
12.14
15.44
16.52
8.94
0.82
-6.02
-14.48
-24.96
-29.8
-28.14
-23.08
-15
0.42
14.88
-8.42
-10.58
-15.28
-23.88
-19.24
-4.82
4.78
10.26
13.52
10.98
2.94
-1.68
3.46
11.6
13.68
15.52
15.66
4.9
-4.8
-9.82
-17.86
-28.34
-30.34
-26.42
-19.66
-8.22
9.38
21.3
-11.16
-13.32
-15.4
-22.9
-22.76
-8.94
3.44
10.14
13.78
14.6
6.98
0.48
5.66
15.68
17.18
18.32
17.82
4.04
-9.98
-17.48
-26.14
-34.66
-31.86
-22.4
-10.28
4.9
21.68
28.8
-8.82
-10.62
-11.82
-18.74
-25.2
-16.4
-3.94
5.36
11.5
17.46
14.04
7.68
10.4
18.96
19.62
18.14
15.54
-0.1
-17.52
-27.44
-34.4
-37.84
-28.52
-12.36
4.86
21.82
35.22
36.36
-1.62
-1.48
-1.46
-7.68
-21.2
-22.72
-16.26
-7.88
-0.02
11.7
16.58
16.26
19.42
24.3
21.08
14.18
6.2
-10.74
-26.36
-33.46
-34.94
-30.48
-15.1
4.16
22.7
38.3
45.76
40.42
8.24
10.54
11.56
4.84
-14.28
-26.32
-27.94
-23.98
-15.74
0.46
13.6
20.7
26.12
27.84
20.72
8.9
-3.88
-19.92
-31.2
-33.6
-28.12
-15.82
2.56
21.32
38.28
48.72
48.28
38.5
18.86
21.42
21.3
12.88
-8.74
-28.1
-36.9
-37.3
-29.54
-11.38
7.68
21.36
29.08
28.54
18.88
3.86
-12.62
-26.98
-33.42
-29.82
-16.88
1.72
20.88
37.2
48.24
49.82
42.46
30.82
25.42
27.96
26.72
18.78
-0.1
-22.02
-37.42
-42.44
-37.84
-22.46
-1.38
17.22
25.6
23.78
13.38
-2.7
-19.84
-29.48
-28.84
-17.84
-0.1
19.52
35.42
44.4
45.24
39.22
29.1
18.58
25.12
27
26.58
21.4
7.86
-11.26
-29.32
-40.14
-41.62
-32.36
-15.06
4.8
16.44
16.4
7.86
-4.72
-18.82
-23.5
-15.82
-0.24
16.98
32.74
41.14
40.22
32.7
22.46
12.34
5.66
17.02
17.16
16.76
14.66
8.66
-2.46
-15.62
-26.38
-31.8
-29.56
-20.88
-7.78
2.22
5.5
2.68
-1.44
-7.36
-7.42
0.2
11.94
22.3
30.32
32.18
26.98
17.7
7.46
-0.52
-3.24