-0.75
-1.5
-1.625
-2
-1.875
-1
-0.125
0.625
0.75
0
-0.5
-1.25
-0.625
0.875
2
3.125
3.125
2.75
1.625
1
0.625
0.375
0.75
0.625
0.375
-0.375
-1.125
-1.5
-1.5
-1
-0.625
-0.25
-0.375
-0.5
1.25
0.125
-1.125
-2.375
-2.75
-2.25
-1.625
-0.75
-0.375
-0.25
-0.25
-0.25
0.625
2.875
7.75
13.5
15
13.5
8.625
3
0.75
0.125
0.375
0.25
0.125
-0.125
-0.75
-1.25
-1.125
-0.5
-0.5
-0.25
-0.5
-1.125
0.75
0.875
-0.25
-1.25
-1.75
-2.25
-2.5
-2.25
-2
-1.25
-0.75
-0.375
0.5
4
15.75
32.875
41
40.125
29.5
12.875
4.25
1.375
0.125
-0.625
-1.25
-1.375
-1.25
-1.125
-0.5
0
-0.25
-0.375
-0.625
-0.875
-1.125
0.75
1.375
0.875
0
-1.625
-2.875
-2.875
-2.5
-1.5
-0.75
-0.375
0.875
7.375
23
41.25
56.25
57.75
44.375
26.625
10.875
3
0.75
-0.125
-1.125
-1.75
-1.625
-1.375
-0.625
-0.375
-0.5
-0.5
-0.625
-0.125
-3.125
-1.25
0.625
1.125
0.5
-0.75
-1.625
-1.5
-1
-0.375
0
1
4.625
15
23.375
26.125
36.875
38
32.875
29.375
15.25
4.25
1.5
1.375
0.75
-0.125
-0.875
-1.25
-1.375
-1.375
-1
-0.75
-0.625
0.125
-3.875
-3.25
-1.625
-0.25
0.5
0.625
0.75
1
1.25
1.125
0.875
2.625
8.75
17.25
14.625
9.25
8.375
10.75
18.625
23
17.625
7
2.375
1.75
1.625
1.25
0.25
-0.375
-1
-0.875
-0.25
0
0.25
0.375
-2.125
-2.25
-1.375
-0.625
0.25
0.875
1.5
1.875
1.75
1.375
1.125
3.25
10.125
12.375
8.5
5.25
-1.375
7.125
19.125
23.125
23.625
13
4.75
1.625
0.875
1
1
0.875
0.875
0.875
0.75
0.875
1
0.875
-0.75
-1.125
-1
-1.125
-1.125
-0.75
-0.25
0.25
0.375
0.625
1.5
5.125
12.5
12.875
14.375
15.25
7.5
14.625
25.5
29.375
32.625
25.375
11.75
3
0.25
0.25
0.875
1.375
1.875
1.625
1.125
0.875
0.625
0.375
-0.625
-1.125
-1.5
-1.5
-1.625
-1.5
-1.375
-1.125
-0.5
0.75
4.375
10.875
16.5
17.625
23.875
35
31.75
30.25
35.375
33.5
37.75
38.625
24
8.375
1.625
0.25
0.25
0.5
0.625
0.5
0.375
0
-0.25
-0.625
0
-0.75
-1
-0.5
-0.25
-0.125
0
-0.125
0.375
2.75
9.25
16.5
16.875
18.5
28.375
47
59.75
55.125
44.75
35
33.5
38.125
32.75
17
5.125
0.875
0.25
0
-0.5
-0.75
-1.25
-1.625
-1.5
-1.375
0.875
0
-0.125
0.625
1.25
1.5
1.75
1.625
2.75
7
13.25
17.75
14.125
19
31.125
44.625
70.125
70.25
49.125
38.25
27.125
25.125
29.625
22.75
10.875
3.375
1.5
1.25
0.375
-0.375
-1.375
-2
-1.875
-1.5
1.25
1.125
0.875
0.75
0.75
0.625
0.625
2
6.75
14.25
20.25
21.875
17.375
21.25
30
32.75
51.5
58
43.625
36.625
25.5
17.375
21.75
24.5
17.5
8.625
4.25
2.875
1.625
0.25
-0.5
-1.125
-1.125
-1
0.75
1.125
0.75
-0.25
-1
-1.375
-0.875
3.625
12.375
22.5
31
31.75
28.25
28.5
29.375
25.125
27.75
30.125
27.875
28.125
27.75
27.625
28.125
29.875
23.875
12.625
5.125
2.375
1.25
0
-0.375
-0.875
-1.125
-0.875
-0.75
-0.75
-1.375
-1.75
-1.75
-1.25
1.375
7.5
15.25
22.5
26.5
24.75
27.875
34.75
30.25
19.375
6.625
-0.375
9.75
22.25
29.375
36.75
37.375
35.75
31.25
16.875
4.625
0.5
0.125
-0.125
-0.25
-0.625
-1.5
-1.375
-1.75
-1.875
-2.25
-2.25
-1.625
0
4.25
9.375
12.375
12
6.625
5.25
18.125
30.25
21
-3.625
-40.625
-54
-28.25
0.75
20.875
30
30.375
32.375
36
27.625
12.125
2.125
-0.375
-0.25
0
0.125
-0.5
-0.75
-1.125
-1.125
-1.25
-1.625
-1.375
1
6
11
12.75
8.75
1.375
4.875
18.75
23.25
8.25
-28.625
-83.125
-107.875
-77.875
-33.125
7.5
27.875
25.375
24.5
30.375
33.25
23.25
7.875
0.125
-0.5
0
0.625
1.125
1.25
-0.375
-0.375
-0.75
-1.375
-1.5
1.5
7.25
13.875
19.25
17.875
12.5
15.125
22
16.5
-2.25
-36.625
-77.625
-105
-84.5
-40.75
1.25
31.375
30
23.5
20.75
25
25
13.625
3.25
0.5
0.5
1
1.625
2
-0.25
-0.25
-0.5
-1.125
-1.125
1.5
6.375
12.875
18.75
19.5
19
21.625
22.75
13.875
-8
-31.625
-48.125
-61.5
-52
-30.125
-3
24.75
31.625
29
20.875
17.875
21
17.625
8.5
3
1.625
1.5
1.875
1.875
0.5
0.25
0.25
0.375
0.875
2.625
5.75
8.625
8.5
8.875
17.25
24.125
18.125
8
-16.875
-31
-27.75
-26.5
-30.25
-33
-23.625
-6.75
11.375
18.375
19.125
17.75
20.75
22
14.625
6.25
2.5
1.75
2.25
1.75
1.75
1.375
1.75
2.75
3.5
5
6
3.25
-1.25
0
12.625
19.75
1.875
-20.25
-43.125
-49.125
-28.625
-12.25
-29.125
-50.75
-59.625
-52.875
-25
-2.875
14.625
23.25
28.875
30.5
23.25
10.625
2.625
1.25
1.25
0.5
1.5
1.625
2.25
2.75
3.125
5.5
8.125
5.875
3.125
6.25
14.75
20.375
10.375
-5.625
-18.5
-22.75
-11
-2.5
-18.5
-33.75
-40.75
-30.75
-3.25
14.75
26.875
32.75
36.25
38.25
34.125
19.875
5.75
1
0.5
0.25
0.75
1.125
1
0
0.125
4.75
11.75
14.375
14.75
19.5
24.75
31.75
48.875
60.5
59.25
51.875
33.875
12.875
7.5
16.5
27.75
42.25
57.5
57.625
46.875
39.375
33.5
33.125
35.25
29
14.125
3.625
1.125
1.125
0.625
0.75
0
-0.375
1.625
5.25
7.5
7.875
11.25
21.25
30.375
38.875
57.25
65
68.375
62.875
47.125
28.875
27.875
37.875
44
50.125
55
62.125
53.75
43.25
31.875
23.75
24.625
27.875
21.25
9
1.875
0.375
-0.125
-0.25
-0.625
1
5.25
5.375
0.75
-0.5
5.875
19
30.125
34.125
33.125
26
28.875
33
50.25
58
56.375
54.25
33.25
21.625
21.625
33.625
42.625
42.375
35.75
27.625
23.25
24.25
23.625
13.625
2.875
-0.25
-0.875
-1
-0.625
1.625
7
8.375
5.625
8.5
15.25
22.5
28.25
25.25
15.125
10.125
18.125
38.875
72.875
100
98.375
81.625
47.375
16.875
8.75
11.75
25.625
35.375
36.375
35.375
32
26.625
24.875
17.125
4.875
0.125
-1
-0.75
0.125
4.5
12
15.375
15.125
18.375
23.25
25.625
26
18.875
6.625
3.375
22.375
54.5
78.375
107.375
106.25
78.75
55.625
23.5
4.25
1.75
11.25
23.25
28.125
30.375
32.125
29.875
28.375
24.25
12.125
2.625
-0.875
-0.25
1.5
8.875
15.5
15.75
13.125
10.625
11.125
9.625
5.125
-5.5
-18.625
-21.75
-3.75
20.125
27.875
41.5
41.5
23.375
18.125
3.5
-14.5
-19.125
-14.25
-2.875
5.5
10.25
17.5
27.5
33.125
34.625
25.75
9.375
0
1
4
10.25
10.625
7.25
2.125
-10
-24.125
-42.5
-63.5
-81.25
-92.125
-94.25
-88.125
-80.375
-79.375
-77.25
-77.125
-81.25
-79.25
-79.625
-84.125
-85.5
-81.25
-69
-51.25
-33.75
-15
11
29.375
35.5
33.5
16.75
1.625
2.375
4.625
7
5.125
3.125
-0.375
-15.125
-39.25
-67.25
-97
-115.625
-121.375
-122.375
-120.375
-118.375
-117.625
-114.875
-115.125
-114.875
-113.625
-114.75
-113.5
-112.625
-109.5
-100.125
-80.75
-56.625
-32.75
-6.875
12.5
18.875
20.875
13.75
1.25
1
1
0.875
4
9.75
15
16
8.5
-2
-13.5
-20.875
-22.75
-24
-22.875
-21.375
-20.5
-15.875
-15.25
-15
-15.25
-19.625
-21.125
-22.875
-24.25
-23.625
-18.875
-10.5
-4.625
-6
-6.75
-7.5
-6.625
-1
-1.25
-1.875
-3.125
-6.75
-6.375
-1.375
5.125
14.75
20.625
21.75
21.375
20.125
19.125
19.75
23.25
27.125
31.625
33.125
34.25
35
30.875
26.125
17.5
7.75
1.25
-3.375
-6.25
-8.25
-15.375
-30.75
-39.75
-39.75
-31.5
-14.5
-2
-2.5
-4.75
-12.875
-24.125
-34.875
-44
-48.875
-52
-56.375
-59.625
-59.25
-57.125
-49.375
-40.125
-33.75
-27
-27.875
-27.5
-25.875
-31.75
-37
-48.875
-63.125
-71.125
-76.375
-78
-77.875
-78.75
-79.25
-74.375
-59.625
-39.5
-19.5
-1.125
-1.5
-4.25
-11.875
-24.875
-40.625
-55.625
-67.5
-75.125
-78.5
-75.875
-68.875
-61.625
-53
-52.375
-56.25
-58.125
-63.5
-64.625
-63.125
-63.5
-60.125
-57.75
-59.5
-63
-69.875
-76.125
-78.625
-76.625
-69.25
-59.375
-43
-26.5
-14.875
-0.875
-1
-2.5
-6
-11.875
-18.625
-25
-30
-31.375
-26.625
-16.875
-8.125
-2.25
-5
-17.875
-28.375
-33.75
-36
-35
-36.5
-36.125
-31.125
-18
-3.75
0.125
-3.625
-13.25
-22.25
-25.5
-23.625
-20.25
-15
-10
-6.875
-1.5
-1.75
-0.375
2.25
2.625
0
-1.625
-1.875
-1.5
-0.75
-0.25
0.25
0.625
0.625
0
-0.875
-1.625
-2
-0.875
0.75
0.625
0.125
0.25
0.125
0.625
1.375
0.875
0
-0.75
-1.25
0.125
1.25
0.125
-1.75
-1.75
-2.625
-1.375
2.125
3.25
0.75
-0.875
-1.5
-1.875
-1.5
-0.5
0.5
1.375
3.125
5.25
6
0.25
-8
-7.375
-2
0
0.125
0.125
-0.25
0.125
0.875
0.5
0
-0.375
-0.75
0.25
1
0
-1.625
-1.75
-3.625
-2
1.5
2.5
0.75
-0.5
-1
-1.25
-1.25
-0.5
0.375
2
7
16.5
23.875
8.25
-19.875
-23.75
-10.375
-2.75
-0.875
-0.375
-0.625
-0.5
0.375
0.5
0.125
0
0.25
0.5
0.125
-0.375
-1.375
-0.375
-3.25
-2.625
0.375
1.5
0.125
-0.875
-0.625
-0.25
-0.5
-0.25
0.625
3.625
13.875
32.25
39.75
13.75
-25.25
-39.125
-26.375
-9.625
-2
-0.75
-1.125
-1.125
-0.25
0.375
0.375
0.375
0.625
0.25
-0.25
-0.125
-0.875
0.625
-2
-1.625
0.125
0.5
-0.75
-1.375
-0.25
0.75
0.125
-0.25
1.25
7.625
24.5
44.875
46.375
18.625
-23.25
-49.625
-42.875
-19.75
-5
-1.25
-1.375
-1.75
-1.125
0.125
0.75
0.625
0.625
0.5
0
-0.375
-0.875
1.875
0
-0.125
0.25
-0.25
-1.375
-1.75
0
1.5
0.375
-0.625
2.375
13.5
34.5
50.375
45
22.625
-12.5
-49.625
-58
-33.625
-10
-2.125
-1.5
-2.375
-2
-0.25
0.875
0.75
0.625
0.75
0.5
-0.25
-0.875
2.875
1.75
0.625
0.375
-0.25
-1.375
-1.5
0.625
1.75
-0.125
-0.875
4.75
21.875
44.125
47.75
30.75
19.375
6.125
-33.875
-64.875
-48.625
-18.25
-5
-2.375
-2.625
-2.25
-0.5
0.625
0.625
0.625
0.75
0.625
0
-0.625
2.25
2.125
1.5
1.125
0.125
-1
-1
1
1.875
-0.125
-0.25
8.875
32
50.375
39.625
23.5
20.25
9.875
-19
-53.375
-58.125
-34.625
-13.75
-4.5
-3
-2.25
-0.375
0.625
0.625
0.625
0.875
0.625
-0.375
-1.125
1.875
2.125
1.5
1.25
0.375
-0.75
-0.625
1.375
2
0.5
3.125
16.125
39
48.625
36.375
36.5
28.75
-2.5
-19.125
-37
-56.5
-51.125
-29.75
-11.125
-4.125
-2.25
-0.25
0.75
0.625
0.5
0.375
0.25
0
-0.875
0.75
2
1.75
1.5
0.5
-0.625
-0.25
1.625
2.125
2.5
9.5
24.5
40.875
44.5
44.125
60.25
40.25
-19.375
-36
-29.5
-45.25
-59.375
-48.25
-23.25
-7.625
-2.375
0
1
0.5
-0.25
-0.5
-0.125
0.25
-0.625
-0.875
1.75
2.375
1.875
0.75
-0.5
-0.25
1.625
3.5
7.5
17
30
38.125
42.75
61.625
85.375
50.375
-30.5
-58.125
-37.75
-37.125
-58.375
-60.375
-36.5
-14.625
-4.375
-0.5
1
0.125
-1.375
-1.125
0
0.375
-0.75
-1.25
1.625
2.375
1.75
0.5
-0.625
-0.125
3
8.5
16.25
25.5
32.125
29.625
38.25
79.5
106.5
57.75
-32.25
-76.375
-58.125
-34.25
-46.875
-63.75
-49.75
-24
-7.875
-1.75
-0.125
-1.125
-2.5
-1.75
-0.125
0.625
-0.25
-1.5
1.375
2
1.5
0.75
-0.375
0.375
6.625
17.125
26.75
32.5
30.75
20.75
40
97.125
110.375
52.25
-24.875
-80.875
-77.375
-36.5
-32.375
-58.125
-62.625
-39.875
-14.875
-3.375
-0.875
-2
-3.5
-2.375
-0.375
0.375
0.125
-1.25
0.75
1.375
1.25
1
0.25
2.375
12.25
26
34.25
32.75
24
20.875
55.75
103.25
85.125
31.875
-5.375
-55.25
-83.75
-53.875
-26
-39.875
-64.5
-58.25
-27.875
-7.375
-2.25
-2.625
-3.625
-2.75
-0.875
-0.25
-0.125
-0.25
0.125
0.25
1
1.375
1.25
5.75
19.375
33.125
35.5
29.375
24.5
32.625
68
89.25
45.125
-3.125
-5
-13
-44.5
-55.375
-36.5
-29.375
-53.875
-67.25
-45.625
-18.625
-5.875
-3.125
-3.25
-2.5
-1.125
-0.75
0
-0.375
-0.375
-0.25
0.875
2.125
3.75
11.75
27.5
37.25
31.75
21.375
24.875
51
83.25
65
-9.625
-44.875
-9.625
29.875
17.875
-34
-52.125
-33.875
-42.75
-65.375
-59.75
-34
-12.125
-3.625
-2.75
-2.25
-1.125
-0.875
0
-0.125
-0.625
-0.75
0.375
2.25
7
19.5
35.375
39.5
26.125
10.5
24.375
72.5
94.5
28
-68.375
-78.875
-10.25
68.25
79.75
-1.75
-59.375
-44.75
-36.5
-55.5
-66.25
-50
-22.125
-6
-2.5
-2
-1
-0.625
0
0
-0.75
-1
-0.125
2.125
10
26.625
42.625
41.5
21
6
33.875
87.5
84.875
-12.75
-108.625
-98.625
-19.75
85
134.125
45.25
-52.5
-60.625
-41.5
-44.375
-63.375
-62
-34.125
-11.25
-3.75
-1.625
-0.5
-0.125
0.375
-0.75
-0.75
-0.75
-0.375
2.125
12.875
33.25
47.875
40.5
17.875
11.5
45.125
81.875
59
-40.625
-125
-96.5
-17.5
76.5
144.75
82.375
-26
-65.125
-52.625
-36.625
-49.25
-63
-46.25
-20.875
-7.25
-2
-0.25
0.25
0.25
-1.5
-0.625
0.25
0.25
2
14.5
36.75
47.75
36.5
19.25
25.125
57.5
61.375
13.5
-62.375
-111.625
-74.625
-9.75
56.625
117
92.125
17.375
-38.25
-57.125
-37.875
-32.75
-54.125
-57.75
-37.25
-14.625
-3.125
-0.5
0.25
0
-1.75
-0.625
0.75
0.75
2.125
16.75
43.125
50.375
28.375
16
44
76.375
45.875
-14.375
-68.5
-107.75
-72
-10
42
99.5
101.25
48.5
-11.5
-56.5
-52.375
-28
-36.25
-57.75
-55.875
-29.875
-7.5
-1
0.25
0.25
-1.5
-0.875
0.5
0.75
2.625
21
50.25
49.125
18.75
19.75
66.75
89
33.125
-29.25
-68.75
-106.375
-79.125
-17.125
34.25
89.5
104.25
68.5
14
-42.875
-61.125
-39.125
-30
-50.375
-65.25
-46
-16.875
-3.875
-0.375
0.125
-1.125
-1.25
0.25
1.375
5.125
24.5
51
45.625
19.25
34.5
83.875
89.625
28.5
-27.5
-68.875
-113.875
-85.375
-17.625
28.625
84.875
108.5
78.375
29.75
-28.875
-64.75
-56.5
-36.375
-43.25
-65.125
-58.625
-30
-10
-1.875
-0.125
-0.625
-1.75
-0.625
1.75
8.75
29.125
51.25
44.75
25.875
48.75
93.875
87.375
33.125
-7
-62.625
-130.25
-89.25
-7.25
24.125
79.5
111.5
71.625
24.875
-18.625
-61.625
-72.875
-49.75
-37.625
-56.25
-66.25
-46.625
-19.625
-4.375
-0.5
-0.875
-2
-0.375
3.625
15
34.625
45.625
38.25
38
69.25
97.25
75.25
28.875
-2.125
-55.125
-112.625
-65.625
8.25
15.125
49.625
87.125
61.125
23.5
-4.75
-42.875
-75.875
-69.375
-43.375
-43.75
-63.125
-61.875
-33.875
-9.375
-1.875
-1.25
-1.75
0.625
8.25
25.25
37.875
33.375
33.125
57
87.125
89.75
57.375
20.875
-0.625
-38.875
-78.5
-35.625
18.875
4.5
21
57.375
42.25
16
1
-24.75
-62.25
-76.625
-55.875
-37.875
-51.875
-68.375
-50.25
-19.625
-5.375
-0.875
-1
2.25
14.375
34
37.5
22.875
30.375
68.375
90.125
73.875
42
15.375
-0.25
-23.75
-43.875
-10.625
22
-0.75
-0.625
28.625
26.75
10.75
1.875
-13
-42.625
-68.75
-63.5
-36.75
-34.5
-60.375
-64.875
-38.25
-13.125
0
0.25
4.5
20.75
39.875
33.25
13.375
23.5
58.875
71.5
51.25
27.5
11.375
0.75
-9.625
-14.875
-0.125
11.25
-0.875
-4
10
13.625
7.125
2
-6
-25.25
-48.5
-50.5
-25.75
-13
-39.875
-70.25
-60.25
-25.75
0.625
1.125
6.125
26
44.625
28.875
4.375
15.625
46
51.75
32.5
16.875
8.625
1.875
-1.125
-0.125
1.125
3.125
3.625
0.125
2.375
6.25
4.5
1.875
-2.5
-13.875
-30.75
-35.625
-14.75
4.625
-21.5
-71.125
-76.125
-37.25
0.75
1.75
7.5
28.375
46.5
31.5
9.25
14.25
30.25
30.25
18.5
11.125
6.25
1
-0.625
1.375
2
3.625
4.5
0.5
2.5
6.125
3.875
0.375
-3
-7.875
-16.125
-19.5
-7.625
5.25
-15.75
-65.5
-80.125
-42.75
0.5
1.875
7.375
25
40.625
31.375
14.375
11
12.625
11.25
8.875
7.375
5.625
4.25
7
8.875
4.125
3.625
5.75
1.5
-1.625
-3.875
-4.75
-4.25
-5.5
-6.375
-6.5
-4.5
-0.125
0.75
-15.25
-50.5
-65.75
-37.75
-0.5
1.25
5.75
18.375
31.875
28.375
15
9.625
10
9.375
9.125
10.25
8.875
8.625
13.625
12
3.25
4.375
8
2.625
-5.25
-11.75
-11.375
-11.125
-13.125
-10.375
-7.5
-5.375
-2.75
-5.75
-18.375
-36.375
-42.5
-25.25
-0.875
0.75
3.75
10.875
20.375
22.125
15.375
9.5
7.625
8.75
13.875
17.875
12.625
9.25
13.375
8
0.375
3.25
5.625
4.125
-3.75
-12.375
-10.25
-13.5
-21.5
-18.625
-11.125
-5.875
-5.125
-11
-17.375
-21.5
-22.5
-13.375
-0.625
0.5
1.5
3.75
7.375
8.375
6.5
4.25
4.125
10.625
21.875
24.625
13.25
7.25
10.625
5.625
3.5
9
6
-0.5
-8.625
-14.375
-7
-7.25
-21.625
-27.375
-19.25
-8.5
-4
-5.375
-7.5
-8.5
-8.25
-4.875
-0.666667
-1.27778
-1.94444
-2.33333
-2.27778
-1.83333
-1.55556
-1.16667
-0.888889
-0.833333
-0.111111
2.16667
8.33333
16.6667
20.9444
22.5556
22.2778
20.2778
14.3889
6.33333
2.22222
0.611111
0
-0.555556
-1
-1.38889
-1.44444
-1.11111
-1.11111
-0.944444
-0.833333
-0.611111
-0.222222
-0.388889
-1.11111
-2.05556
-2.66667
-2.77778
-2.66667
-2.11111
-1.72222
-1.05556
0.333333
4.77778
15.2778
28.0556
37.1667
41.1667
41.2778
37.3889
27.2222
14.5
5.44444
1.27778
-0.111111
-0.833333
-1.22222
-1.5
-1.38889
-1.16667
-1.11111
-0.944444
-0.833333
-0.555556
-0.833333
-0.333333
-0.444444
-1.05556
-1.83333
-2.33333
-2.5
-2.11111
-1.83333
-0.722222
1.94444
8.88889
19.8889
32.4444
45.1111
51.8333
51.9444
45.6667
35
22.5556
10.0556
2.77778
0.222222
-0.611111
-1.11111
-1.38889
-1.44444
-1.38889
-1.11111
-0.833333
-0.777778
-0.5
-1.88889
-1
-0.166667
-0.166667
-0.555556
-0.944444
-1.05556
-0.944444
-0.777778
0.777778
4.83333
12.8889
19.7778
25.9444
37.6667
46.7222
46.5
39.1111
32.4444
26.5556
15.1667
5.16667
1.44444
0.444444
-0.111111
-0.555556
-1.05556
-1.38889
-1.16667
-0.833333
-0.722222
-0.277778
-2.66667
-2
-0.833333
-0.0555556
0.388889
0.555556
0.555556
0.555556
0.666667
2.61111
8.27778
14.8889
15.7778
16.5556
23.3889
32.2222
32.2778
27.1111
26.6111
26.1111
19.5556
9.05556
3.22222
1.44444
0.722222
0.388889
-0.166667
-0.388889
-0.222222
-0.0555556
0
0.222222
-2.38889
-2.11111
-1.05556
-0.333333
0.333333
0.833333
1.11111
1.22222
1.66667
4.5
11
14.5556
13.9444
14.7778
16.5
23.2778
25.6111
26.3889
28.2222
27.6111
25.6111
16.1111
7.11111
2.61111
1.27778
1.05556
0.888889
0.777778
0.722222
0.722222
0.777778
0.777778
-1.83333
-2
-1.66667
-1.16667
-0.611111
-0.0555556
0.277778
0.888889
2.72222
7
13.4444
15.2222
18.0556
24.8889
24.5556
26.3333
31.5
38.6667
39.5
33
31.6667
25.6111
13.9444
5.05556
1.5
0.944444
1.16667
1.27778
1.16667
0.944444
0.888889
0.555556
-0.944444
-1.38889
-1.44444
-1.16667
-0.833333
-0.555556
-0.111111
1.33333
5.16667
10.8889
15.2778
17.6667
26.9444
41.5
43.4444
40.8333
47.2778
57.8889
55.5556
41.8333
36.5
33.5
22.7222
9.83333
2.88889
1
0.833333
0.666667
0.388889
0.166667
-0.0555556
-0.5
-0.0555556
-0.611111
-0.888889
-0.444444
-0.0555556
0.111111
0.944444
3.66667
9.11111
14.9444
16.5
21.8333
35.6667
52.2778
59.9444
58.0556
62.6111
69.5556
65
50.1111
38.1667
34.4444
28.4444
16.1667
6.33333
2.05556
0.777778
0.166667
-0.388889
-0.722222
-1.11111
-1.61111
0.833333
0.333333
0.222222
0.5
0.777778
1.33333
3.72222
8.55556
14.9444
19.8889
19.7222
27
40.8333
52.2222
63.4444
67.0556
69.1111
68.6667
62.9444
53.6667
38.5556
30.7222
29.2222
22.1111
11.8333
4.94444
2
0.666667
-0.333333
-1.05556
-1.61111
-2.05556
1
0.722222
0.5
0.444444
0.666667
2.61111
7.55556
14.7222
21.8333
26.2222
27.2778
35.8889
45.2778
46.5556
55.6111
63.8889
64.7778
57.2778
52.2222
53.7778
42.6111
31.4444
30
27.4444
18.5556
8.61111
3.33333
1.38889
0.277778
-0.777778
-1.38889
-1.66667
0
-0.0555556
-0.277778
-0.611111
0.166667
3.94444
10.8333
18.8889
25.5556
29.3333
33.8889
41.7222
43.2222
35.0556
36.4444
45.0556
46.0556
36.2222
34.6111
46.8333
47.2778
37.8333
32.3333
31.3889
25.1111
13.2222
4.83333
1.66667
0.555556
-0.666667
-1.33333
-1.44444
-1.38889
-1.22222
-1.38889
-1.27778
0.833333
6.05556
12.6111
18.5
23
27.3889
35.7222
43.1667
37.3333
22.5556
12.3333
13.1111
13.8333
7
10.6111
31.0556
48.5
48.8889
39.5
34.3889
30.5556
19.1667
7.66667
1.83333
0.166667
-0.5
-0.944444
-0.833333
-2.27778
-2.11111
-2
-1
2.72222
8.33333
13.2222
15.7778
16.3333
20.2222
30.6111
34.6111
21.1111
0.0555556
-20.2222
-30.2778
-31.7222
-31.4444
-20
5.61111
37.1667
51.8333
43.2222
34.3889
31.8889
25
13.3333
3.94444
0.166667
-0.388889
-0.444444
-0.222222
-2
-2.05556
-1.88889
0.0555556
4.66667
10.3333
14.4444
15.1667
14.2778
19.5556
29.4444
28
9.22222
-15.1667
-42.7778
-67.8333
-72.9444
-62.7778
-42.2778
-15.7222
21.0556
50.7222
48.3889
35.7778
30.3889
27.8333
19.6111
8.11111
1.44444
0.388889
0.666667
1.11111
-1.27778
-1.66667
-1.55556
0.944444
5.88889
11.4444
15.9444
17.5
18
23.5556
30.0556
22.7778
0.666667
-23.1111
-48.1111
-78.5556
-88.1667
-73.7778
-45.5
-20.2222
7.5
39.7222
46.8889
37.7778
28.1111
25.8333
22.7222
13.2778
4.66667
1.77778
1.66667
1.88889
-0.111111
-0.611111
-0.611111
1.88889
6.27778
10.9444
14.4444
17
22.3889
28.8889
28.4444
17.8889
-1.77778
-19.0556
-38.9444
-66.7222
-78.3889
-67
-39.2778
-18.7778
-3.94444
20.2778
37.1111
37.5556
28.3333
23.5556
23.3333
18.3333
9.66667
4.22222
2.72222
2.44444
1.22222
0.944444
1.11111
3.33333
6.61111
8.55556
9.16667
12.1111
21.3889
26.8889
16.8333
3.16667
-10.8889
-21.0556
-35.7222
-53.2222
-62.8889
-59.1111
-41.5556
-26.8333
-20.8333
-9.38889
15.4444
32.4444
32.8889
26.3889
25.6667
24.3889
16.3889
7.44444
3.11111
1.94444
2.22222
2.22222
2.44444
4.77778
8.05556
8.16667
6
9.44444
21.6111
25.8889
11.6111
1.66667
-3.66667
-9.66667
-23.7222
-34.3333
-41.7222
-44.4444
-39.2778
-29.2778
-22.7222
-17.7778
6.77778
30.7222
41.5
36.2778
31.5
30.8333
24.8333
13.2778
4.72222
1.88889
2.33333
2.44444
2.88889
5.77778
9.33333
8.38889
6.5
12.5
24.3889
27.5556
18.8889
15.8333
17.5
11.5556
-1.55556
-9.11111
-16
-22.0556
-24.1667
-15.3889
-3.61111
2.72222
19.1667
39.7222
53.3333
49.6667
39.7778
35.0556
30.5
19.6667
7.94444
2.38889
1.16667
1.55556
2.5
5.44444
9.11111
9.72222
11.1111
20.2778
31
35.1111
40.6667
51.2778
57.6667
49.8889
41.4444
34.5
25.3333
17.8889
16.0556
24.5556
37
47.5
51.1667
54.0556
59.6667
58.6111
46.1111
36.0556
32.2222
25.6111
14
5.16667
0.222222
0.888889
2.94444
5.27778
6.27778
7.11111
12.7778
24
31.2778
35.6111
49.5556
62.0556
67.3333
60.8333
63.2222
62.5556
55.1111
49.6667
47.7778
50.7222
53.6667
63.5556
63.3889
58.6111
57.1667
59.8333
51.6111
37.0556
29.7778
26.9444
19.1667
8.55556
-0.5
0.944444
4.66667
6.27778
5
7.5
16.8333
27
30.0556
33.6111
47.0556
56.2222
59.1111
59.5
75.6667
86.1667
84.7778
82.9444
78.4444
70.7778
57
56.4444
57.2222
51.4444
47.8333
53.7222
53.9444
42
31
27.2778
23.0556
12.9444
-0.444444
2.11111
7.61111
9.55556
7.61111
11.6111
22.6111
29.2222
27.2778
27.6667
33.9444
34.1111
36.5
48.1111
71.7778
94.0556
102.167
103.444
92.6111
72.5556
48.5556
34.1111
34.7222
36.6667
36.5
43.2778
51.3889
47.1667
35.7222
28.6111
25.6111
17.9444
0
4.55556
10.8889
12.6667
11.4444
16.4444
25.5
25.1667
18.1111
14.8889
14.5
9.55556
12.8889
31.2222
51.7222
75.7222
89.7778
92.5556
78.6111
54.0556
32.6111
12.3333
8.66667
14.3333
18
24.1111
36.5556
44.7778
40.3333
32.3333
29.2222
25.0556
1.33333
7.22222
12.2778
12.7778
11.4444
12.5556
11.9444
0.0555556
-15.1111
-26.1667
-36
-46.6111
-43.9444
-27.5
-16.6667
-0.277778
13.8889
17
4.38889
-15.8333
-26.5
-40.8889
-46.6667
-38.7778
-29.3333
-18.9444
-1.38889
20.7222
31.7778
31.3889
30.7778
30.3333
2.88889
8.27778
10.8889
10
8.11111
3.88889
-7.11111
-27.8889
-48.6667
-66.2778
-83.4444
-97.2778
-98.0556
-89.3889
-85.8889
-77.6667
-68.7778
-65.8889
-72.2778
-82.1111
-84.1111
-90.1667
-92.5
-83.9444
-70.5
-55.8889
-35.8333
-6.83333
15.5556
23.7778
26.4444
28.3333
3.11111
6
7.38889
8.55556
9.33333
4.05556
-10.6111
-30.5
-50.9444
-71.3889
-92
-105.944
-108.333
-106.222
-105.556
-102.167
-98.1111
-96.1111
-98.3889
-101.278
-100.611
-102.611
-103.167
-97.0556
-83.5
-67.1667
-49.6667
-26.6667
-3.27778
9.22222
13.2778
14.3889
1.11111
0.277778
0.222222
2.16667
3.94444
1
-7.77778
-17.2778
-28.6111
-42.0556
-55.2222
-62.6111
-62.8333
-61.2778
-58.8333
-54.1111
-50.7778
-48.6111
-50
-52.2222
-54.8333
-60.1111
-63.8333
-64.6667
-59.2778
-51.1667
-44.1111
-37.1667
-26.3889
-17.2222
-12.7778
-10.4444
-2.11111
-6.33333
-9.38889
-9.5
-9.5
-12.1111
-16.7778
-18.8333
-22.2778
-28
-33.6667
-34.6111
-31.2222
-28
-24
-20.7778
-16.7222
-15
-18.2222
-21.8889
-27.6667
-34.7222
-43.3333
-50.7222
-52.6111
-52.5556
-54.2778
-58.1111
-55.5556
-48
-40.8889
-34.5556
-4.16667
-10.7222
-18.7778
-26.1667
-33.9444
-42.7222
-50.6667
-53.8889
-54
-53.4444
-52.4444
-47.5556
-41.6667
-37
-33
-31.3333
-28.1111
-27.6111
-30.9444
-33.7778
-39
-45.2778
-54.4444
-63.8333
-69.5
-75
-80.5
-84.5556
-82.6667
-72.5
-59.9444
-46.7778
-4.38889
-10.5
-19.8333
-30
-40.8333
-52.6667
-63.0556
-67.5556
-65.9444
-62.7778
-59.6667
-54.4444
-51.2222
-50.3333
-50.4444
-52.7222
-53.7778
-56.2222
-57
-55.8333
-55.7222
-55.9444
-59.3333
-63.5556
-67.1111
-72.1667
-78.1111
-80.4444
-76.6667
-65.7222
-52.7222
-39.5556
-2.44444
-1.05556
1.16667
2
0.5
-1.05556
-2
-1.61111
-1
-0.277778
0.888889
3.05556
8.44444
14.5556
13.8333
3.33333
-11.2778
-16.2778
-12.1667
-4.77778
-1.44444
-0.611111
-0.222222
0.444444
0.888889
0.944444
0.333333
-0.222222
-0.333333
0.0555556
0.277778
-0.722222
-2
-1.27778
0.555556
1.5
0.333333
-0.888889
-1.66667
-1.33333
-0.944444
-0.277778
1.66667
6.66667
17.1667
26.9444
25.9444
8.05556
-15.5
-28.0556
-24.4444
-12.9444
-4.66667
-1.38889
-1
-0.5
0.111111
0.611111
0.5
0.166667
0
0.166667
0.277778
-0.444444
-1.5
-1.22222
0.222222
0.833333
0.0555556
-0.666667
-0.944444
-0.666667
-0.611111
0.0555556
3.5
12.5556
26.6667
37.7778
34.2222
11.9444
-17.8333
-37
-36.4444
-22.7778
-9.38889
-2.66667
-1.44444
-1.27778
-0.777778
-0.0555556
0.333333
0.5
0.555556
0.611111
0.222222
-0.611111
-0.777778
-0.888889
0.166667
0.388889
-0.222222
-0.722222
-0.5
-0.166667
-0.222222
0.777778
6.27778
19
35.5556
47.0556
41.4444
17.3889
-17.6111
-43.1111
-48.6667
-34.3333
-16.6111
-5.16667
-2.11111
-1.88889
-1.44444
-0.555556
0.277778
0.722222
0.833333
0.833333
0.277778
-0.5
0.333333
-0.222222
0.166667
-0.0555556
-0.611111
-0.777778
-0.111111
0.333333
0.111111
1.83333
10.1667
26.3333
44.5556
54.4444
47.1667
23
-14.0556
-45.3333
-58.9444
-47.3333
-26.8889
-10.3889
-4.11111
-2.66667
-1.72222
-0.5
0.5
0.944444
0.888889
0.722222
0.222222
-0.333333
1.61111
0.777778
0.388889
-0.444444
-1
-0.833333
0.333333
1
0.888889
3.94444
15.6667
34.6667
52.8333
59.8889
50.2778
27.0556
-9.61111
-42.6111
-63.4444
-58.3889
-40.1667
-20
-8.66667
-4.16667
-2.16667
-0.5
0.666667
1.11111
0.944444
0.722222
0.222222
-0.333333
2.38889
1.66667
0.777778
-0.388889
-0.944444
-0.5
0.833333
1.66667
2.5
8
22.7778
42.4444
58.3889
63.1111
52.1111
29.7778
-6.5
-38.2222
-62.1667
-63.8889
-52.4444
-32.8333
-16.7222
-7.38889
-3.16667
-0.944444
0.388889
0.944444
0.833333
0.722222
0.333333
-0.222222
2.38889
2.5
1.77778
0.277778
-0.388889
-0.111111
1.22222
2.44444
5.27778
13.5556
29.7222
47.8889
62.0556
69.3889
59.8889
35.8333
-7.5
-39.8889
-62.6667
-65.5
-61.2778
-46.2778
-27.9444
-13.0556
-4.77778
-1.22222
0.277778
0.666667
0.388889
0.388889
0.166667
-0.277778
2.05556
2.72222
2.22222
0.777778
0.0555556
0.222222
1.94444
4.55556
9.66667
19.7222
34.7222
51.5
67.2222
80.3889
73.5
44.3889
-8.94444
-46.3333
-68.8889
-69.5556
-68.6111
-57.2222
-39.6667
-20.7222
-7.88889
-1.94444
0.111111
0.166667
-0.388889
-0.388889
-0.111111
-0.166667
1.72222
2.44444
2
0.611111
0.111111
1
4.5
9.88889
17.3889
27.2222
38.2778
52.1111
71.1667
91.5556
88.2222
51.5
-11.4444
-55
-74.8333
-72.8889
-72.7778
-66.2778
-51.2222
-30.1111
-12.7222
-3.72222
-0.888889
-0.888889
-1.44444
-1.27778
-0.5
-0.277778
1.22222
2.16667
1.94444
0.666667
0.444444
2.72222
9
17.8333
27.3889
35.4444
40.8333
52.3333
75.2778
103.778
100.944
55.1111
-17.8889
-64.8333
-78.8889
-71.5556
-72.3889
-72.8889
-64.7778
-43.7778
-21.6667
-7.5
-2.11111
-1.83333
-2.27778
-2
-0.833333
-0.444444
0.777778
1.94444
2.05556
1.05556
1.61111
5.61111
14.5
25.4444
34.8889
39.6667
41.6667
55.1667
81.8889
110.389
102.667
53.9444
-17.6111
-66.1111
-81.9444
-72.6111
-69.1667
-71.5
-72.7778
-58.0556
-34.4444
-14.3333
-4.5
-2.88889
-3.11111
-2.77778
-1.33333
-0.666667
0.388889
1.55556
2.05556
1.72222
3.5
9.5
20.5
31.9444
39.4444
42.1667
44.6111
62.2778
87.1111
104.556
83.6667
37.5556
-16.2778
-50.5556
-67.5
-66.2778
-65.8333
-67.5556
-73.8333
-67.6111
-48.6667
-25.7222
-10.2222
-4.83333
-3.72222
-3.16667
-1.61111
-0.722222
0.0555556
0.888889
1.66667
2.55556
6.5
15.4444
28.4444
38.8889
41.8889
41.6667
47.1667
70.1667
89
86.1667
48
8.61111
-13.8333
-21.4444
-33.7778
-49.2778
-61.8333
-66.9444
-73.2222
-72.2778
-60.4444
-38.6667
-18.7778
-8.16667
-4.27778
-3.16667
-1.66667
-0.777778
-0.222222
0.0555556
1
3.5
10.4444
23.1111
37.8889
45.8333
42.9444
39.8889
50.5556
77
85.2222
58.0556
4.77778
-24.6111
-12.0556
11.5556
11.7222
-20.1667
-51.9444
-68.9444
-75.6111
-76.4444
-70.0556
-51.1667
-28.8333
-13
-5.33333
-3.16667
-1.66667
-0.777778
-0.611111
-0.333333
1
5.05556
15
31
46.0556
49.7222
41.4444
39
56.6111
85.2222
77.3333
26.2222
-41
-56.1111
-11.7222
43.1111
56.7222
14.3333
-36.7222
-68.2778
-78.8889
-80.5556
-77.8889
-62.0556
-39.0556
-19.1667
-7.55556
-3.44444
-1.66667
-0.666667
-0.888889
-0.5
1.16667
6.77778
19.6111
37.8333
51
49.5556
38.9444
40.5556
62.7778
86.8889
60.3333
-7.5
-80.3889
-79.0556
-11.2778
67.6667
91.6111
45.1111
-19.2778
-60.9444
-74.1111
-76.1111
-78.3333
-69.5556
-50.2222
-28.2222
-12.1111
-4.55556
-1.61111
-0.555556
-0.888889
-0.166667
1.44444
8.33333
23.0556
42.3333
53.2778
49.2222
40.5
47.3333
66.1667
74.9444
29.6667
-40.0556
-102.833
-88.4444
-13.5556
75.7778
112.778
74.6111
5.94444
-44.8333
-64
-66.3333
-72.2222
-72.3889
-61.8889
-41.6111
-20.5
-7.55556
-1.77778
-0.388889
-0.888889
-0.111111
1.44444
10.1111
28.1667
49.2778
57.2222
49.5556
43.1667
55.3333
71.5
68.3333
8.55556
-63.1111
-120.389
-97.2222
-19.5
76.1111
125.944
102.5
33.2778
-30.7778
-63.8889
-66.8333
-67.7222
-68.6111
-67.0556
-54.8333
-33.6111
-14.6111
-3.72222
-0.333333
-1
-0.333333
1.55556
12.3333
33.2222
54.5
58.7222
49.8333
49.7222
68.3333
80.3333
63.0556
-8.16667
-79.8889
-130.778
-102.111
-25.7778
69.5
127.056
119.833
60.3889
-9.94444
-58.3889
-70.9444
-70.6667
-68.3333
-69.5556
-64.1667
-46.3889
-24.4444
-8.38889
-1.61111
-1.16667
0
2.94444
15
36.1111
55.5
58.1111
52.8333
61.4444
84.2222
87.6667
56.0556
-22.4444
-90.2222
-132.667
-101.833
-29.7778
58.6667
119.389
126.111
80.4444
12.1667
-46.6111
-70.5
-74.7778
-71.3889
-72.4444
-71.1667
-57.8889
-35.7222
-15.5556
-4.5
-1.22222
0.333333
4.72222
18.0556
38.9444
55.8889
58
57.8889
74.1667
97.2778
90.8889
48.1667
-31.2222
-92.5
-124.444
-92.8889
-27.8889
45.8889
101.889
118.944
89.2222
30.5556
-31.6111
-64.3889
-76.1667
-74.9444
-75.7222
-77.1667
-68.7778
-48.8333
-25.3889
-9.33333
-1.05556
1.16667
7.66667
22.6111
42.6667
56.7222
59.7222
65.5556
86.0556
105.167
91.0556
44.3333
-29.5556
-85.5
-110
-80.2778
-22.4444
35.5
82.4444
103.111
86.8889
39.5556
-20.6667
-59.6667
-78.1667
-79.0556
-78.2778
-80.7778
-77.5556
-62.5
-37.8333
-16.6111
-0.888889
2.66667
12.5
29
46.5
57.1667
62.8333
75.2222
96.7222
108.556
90.3889
47.8889
-15.3889
-69.5556
-96.6667
-74.5
-20.9444
30.7778
72.1667
86.8889
72.5556
32.3333
-18.6111
-57.4444
-80.3889
-83.3889
-78.7222
-78.5
-79.8333
-72.7222
-51.8333
-27.3889
-0.111111
5.77778
18.6667
34.6667
45.7778
51.6667
61.7222
82.5
104.222
105.778
81.1667
40.3333
-10
-54.7778
-73.2778
-56.0556
-12.7778
22
53.1667
63.7222
57.1667
28.7778
-9.11111
-45.6667
-75.1111
-85.5556
-79.2222
-71.5556
-72
-74.2222
-64.4444
-42.6111
1.44444
9.77778
24.5
38.3333
42.3333
43
53.7222
76.5
94.6667
89.8333
64.1111
30.3889
-6.5
-37.6111
-46.6667
-32.6111
-3.66667
13.1111
31.7222
40.6111
39.8333
23
-2.55556
-30.4444
-58.6667
-72.9444
-67.6111
-56.0556
-55.6667
-67.0556
-71.4444
-58
2.77778
13.2778
29.7778
42.4444
41.2222
36.8889
45.3333
66.1111
80.1111
71.9444
48.6667
22.7222
-1.72222
-19.6111
-22.4444
-10.2222
3.77778
8.22222
11.8333
19.2222
22
16.2778
0.833333
-18.6111
-42.2778
-57.6667
-54.7222
-42.2778
-41.6667
-59.8889
-76.3333
-70.5556
3.88889
16.4444
35.1667
48.7778
45.3333
37.3889
41.2778
56.8333
65.1667
54.8333
34.6667
15.8333
2
-5.77778
-6.22222
0.944444
4.88889
5.22222
2.83333
7.16667
9.5
8.61111
0.166667
-12.7222
-30.1667
-43.3889
-42.5556
-32.8889
-34.0556
-56.2222
-78.7222
-78.1667
4.55556
17.3889
35.5556
47.7222
42.6111
33
33.5556
43.6111
47.3889
37.6111
23
12.1667
7.16667
5.94444
5.27778
6.11111
4.66667
5.05556
1.77778
1.11111
-1.83333
-2.44444
-5.5
-10.8889
-20.8333
-29.6111
-29.2222
-21.7222
-23.5
-45.7778
-71.3333
-75.6667
4.55556
15.8889
30.9444
40.3889
35.2778
26
23
26.7222
28.2778
23.8889
17.6667
13.6111
11.3333
11.1111
8.66667
7.55556
4.94444
6.11111
2
-0.444444
-6.77778
-8.27778
-11.3333
-12.7222
-15.9444
-18.1111
-16.0556
-10.4444
-12.7778
-32.6667
-57.6667
-65.6667
3.83333
12.6111
24.4444
32.2778
29.2778
20.8333
14.1111
13.1111
15.4444
18.4444
18.3333
17
13.2222
11.7778
7.55556
6.22222
4.33333
6.27778
1.72222
-1.11111
-7.44444
-8.83333
-14.1111
-17.0556
-17.8333
-13.6667
-7.5
-3.44444
-7.55556
-24.3889
-43.6111
-51.1111
2.5
8.83333
18.1667
25.2222
24.5
18.3333
13.0556
13.7778
19.1667
24.1111
22.7778
17.8889
11.4444
9.44444
7.33333
9.05556
8.22222
7.44444
-1.33333
-5.94444
-9.94444
-8.38889
-13.5556
-20.4444
-25.2222
-21.7222
-13.6667
-8.55556
-11.1111
-22.0556
-32.3889
-35
-1.8125
-1.8125
-2.0625
-2.1875
-2.28125
-2.28125
-2.1875
-1.59375
0.1875
5.25
13.7188
23.5
31.75
36.2188
37.5938
37.7813
36.5938
32.0938
24
14.2188
5.75
1.03125
-0.5
-1.0625
-1.3125
-1.40625
-1.65625
-1.6875
-1.53125
-1.125
-1.78125
-1.625
-1.65625
-1.59375
-1.59375
-1.75
-1.875
-0.96875
1.75
8.1875
16.875
26.7188
36.75
43.6563
46.0938
46.125
44
38.2188
30.0625
20.25
9.90625
2.6875
0.125
-0.65625
-0.96875
-1.125
-1.375
-1.40625
-1.21875
-0.78125
-2.03125
-1.6875
-1.15625
-0.75
-0.6875
-0.875
-0.96875
0.375
4.40625
11.4375
17.8438
23.8125
33.3125
42.4063
46.3438
46.2813
42.9375
36.5313
30.5625
24.625
14.875
5.5625
1.46875
0.25
-0.3125
-0.625
-0.875
-0.9375
-0.8125
-0.40625
-2.4375
-2
-1.125
-0.34375
0.0625
0.0625
0.21875
2.34375
7.8125
14.0313
17.2813
21.25
27.8438
37.1563
43.4375
44.25
39.8125
34.0625
31.0938
27.0938
20.2813
10.8438
4.25
1.40625
0.40625
0.125
-0.03125
-0.09375
-0.0625
0.125
-2.15625
-1.84375
-0.90625
-0.125
0.34375
0.65625
1.65625
4.875
10.8438
15.125
17.7188
22.5
26.8125
34.9688
42.6875
45.1875
41.5313
37.8438
35.375
30.5313
26.0938
17.75
9.09375
3.5
1.28125
0.75
0.5625
0.5
0.53125
0.53125
-1.84375
-1.8125
-1.09375
-0.40625
0.09375
1.03125
3.34375
7.6875
13.25
16.6563
21.2188
29.0313
33.4375
39.1563
46.5313
50.875
49.875
47.75
43.25
35.375
30.9063
24.625
15.2188
6.78125
2.375
1.0625
0.75
0.625
0.5625
0.34375
-1.0625
-1.28125
-1
-0.4375
0.4375
2.3125
5.90625
11
15.1875
19.125
27.625
40.6563
47.375
51.125
56.5938
62.0625
64.625
63.3125
55.3438
42.375
35.3125
30.0625
21.3438
11.0625
4.375
1.59375
0.78125
0.5
0.28125
-0.09375
-0.09375
-0.46875
-0.4375
0.15625
1.75
5
10.1563
15.5
17.875
22.875
35.3438
50.5
60.5313
63.5
64.9375
69.5
75.9063
75.4688
64.4063
49.375
38.2813
32.4063
26.1563
16.4375
7.625
2.75
0.9375
0.1875
-0.25
-0.75
0.4375
0.03125
0.0625
1.3125
4.3125
9.34375
15.7813
20.9688
22.5938
30.3438
44.3438
56.875
68.1875
71.25
69.25
71.875
79.875
79.3438
68.2188
55.4688
41.75
34.0313
29.9375
22.2813
12.4688
4.84375
1.40625
0.125
-0.625
-1.1875
0.3125
0.15625
0.5
2.65625
7.15625
13.4063
19.7188
24.0938
27.1563
37.375
48.7188
54.2188
62.2188
66.625
65.0938
65.5938
70.8125
70.0938
63.8438
58.0625
46.3125
36.1563
31.75
27
18.5625
8.65625
2.71875
0.4375
-0.59375
-1.28125
-0.4375
-0.21875
0.84375
4.03125
9.375
15.6875
21.5313
26.1875
32.1563
42.5625
48.1875
44.4375
43.4375
45.6875
46.875
46.625
47.125
46.7188
48.2188
52.5313
49.5313
41.6563
35.0313
30.75
24.2813
13.9063
5.4375
1.125
-0.53125
-1.15625
-1.375
-0.59375
1.5625
5.90625
11.4688
16.7813
21
26.0625
35.4688
45.5
43.3438
29.7813
18.375
15.8438
21
22.7188
18.3438
17.0313
26.7813
42.125
50.5313
48.5938
39.6563
33.0625
28.0938
18.7813
8.9375
2.5
-0.25
-0.75
-2.21875
-0.71875
2.59375
7.53125
12.6563
16.125
17.9063
23.4063
35.7188
42.4688
31.4688
9.65625
-11.1563
-19.3438
-11
-7.46875
-15.0938
-15.9688
1.4375
26.75
46.8438
52.9688
43.3125
34.5938
30.0938
23.2188
13.625
5.15625
0.8125
-0.09375
-2.21875
-0.25
3.84375
9.0625
13.4688
15.4375
17
24.625
36.9063
38.6563
21.75
-3.34375
-29.9063
-45.625
-39.8125
-35.9063
-41.5938
-40.0938
-19.5625
9.90625
38.5625
54.625
47.9688
36.9063
30.4375
25.7813
18.375
9
2.875
1.21875
-1.4375
0.8125
5.25
10.2813
13.9063
15.5625
18.3438
26.3438
34.9063
31.9688
12.125
-12.0625
-35.8438
-54.8125
-56.9688
-55.4063
-55.9688
-51.125
-31.4375
-4
24.0938
45.3438
46.1563
37.2813
29.3438
25.5938
21.5938
13.8125
6.4375
3
0
2.1875
6.0625
9.71875
12.2188
14.1875
19.1875
26.9688
28.7813
19.625
0.28125
-18.2813
-35.4688
-53.0938
-65.4688
-71.2813
-66.5313
-54.6563
-36.8438
-16.125
7.15625
29.1875
39.4375
38.3125
31.7813
27.0938
25
19.625
11.625
5.40625
1.375
3.5
7.21875
9.78125
10.6875
13.5313
22.1563
30.1875
27
17.1875
1.8125
-9.40625
-18.875
-33.4063
-54.5
-65.4688
-57.7188
-43.3438
-28.5
-16.375
-0.21875
20.0938
38.0625
42.7188
38.125
31.5313
28.5
25.3438
18.3125
9.65625
2.5
4.96875
8.53125
9.53125
9.25
13.8125
24.7813
31.6563
26.5938
18.2188
8.5
3.71875
0.96875
-9.8125
-34.4375
-48.2813
-41.5
-27.9688
-15.9063
-8.5625
0.625
16.25
37.8438
48.1563
46.8125
39.25
33.3125
29.8438
23.9375
14.3125
3.21875
5.78125
8.5625
8.4375
8.6875
15.375
26.6563
33
30.5313
26.0938
22.9063
22.5313
23.375
14.7813
-6.21875
-19.0625
-15.9375
-5.1875
5.125
11.8438
16.375
27.0938
46.25
58.0625
58.5313
50.0938
40.0938
33.75
28.1563
19.125
3.03125
5.8125
8.34375
8.8125
10.7813
19.4688
30.625
37.2188
41.7188
46.1875
49.125
51.25
55.5313
49.5625
36.625
31.0313
29.625
31.1875
38.4688
45.625
45.0313
49.4063
60.8125
67.5938
67
59.3125
46.5313
36.625
30.8438
23.8438
3.8125
6.625
7.59375
8.4375
13.5625
23.9063
33.125
38.375
45.2188
51.4375
60.0313
66.3125
74.0313
72.4375
68
66.375
62.6875
60.4063
62.7813
68.5938
63.6563
60.25
62.9688
67.9688
68.8438
64.2188
52.375
39.3125
31.125
25.8438
5.53125
7.6875
7.0625
9.5625
18.0938
28.5
34.8438
37.6563
42.875
49.75
62.5938
72.8125
83.625
88.0313
91.4688
94.0313
90.6563
86.3125
82.875
82.5938
73.3125
64.0938
59.5313
61.3438
64.3125
63.6875
55.7188
43.4688
33.2188
27.6563
7.28125
9.0625
8.03125
11.8125
21
28.4063
30.9688
29.8438
30.4375
34.8438
48.2188
61.1563
72.4063
83.4688
91.75
96.3125
94.4063
89.4375
81.0313
72.75
61.9063
49.625
42.0313
42.8125
49.2188
54.9375
53.5625
45.6563
35.875
29.6563
9.4375
10.6563
9.1875
11.625
17.0313
17.7813
12.9375
4.21875
-4.375
-8.4375
1.03125
13.0625
20.4688
33.5
44.3125
48.0313
48.2188
46.125
34.4375
20.5313
12.2813
2.21875
-3.3125
1.5625
14.0938
28.7188
37.625
38.0625
33.2813
29.1875
10.5313
10.9688
9.625
10.25
10.3438
4.375
-6.75
-21.6875
-36.3125
-45.3125
-42.0625
-35.1563
-33.125
-21.9063
-10.875
-6.4375
-4.75
-5.6875
-16.875
-31.4063
-35.5938
-40.3438
-41.7813
-34.9688
-19.5313
1.0625
17.5625
26.125
27.875
26.8438
9.375
10.4688
10.875
10.0625
5.1875
-5.4375
-20.0313
-37.5313
-54.2188
-67.625
-72.8125
-73.0313
-75.3125
-68.0313
-60
-56.5938
-54.75
-54.5938
-62.0938
-72.7188
-73.4063
-73.4375
-69.5938
-59.9375
-44.5
-23.125
-3.21875
10.0313
17.5
20.25
5.125
5.8125
6.28125
2.8125
-6.84375
-20.625
-37.5
-55.375
-72.25
-87.4688
-97.1875
-101.531
-104.5
-100.469
-93.9375
-90.2188
-88.5
-88.75
-94.625
-102
-102.563
-101.594
-96.5625
-86.9688
-73.8438
-55.875
-35.9688
-19.6563
-6.84375
1.34375
-1.25
-1.90625
-2.65625
-6.9375
-16.1563
-27.75
-40.5
-52.2813
-63.4688
-73.625
-81.0313
-84.7813
-85.5313
-82.125
-77.2813
-73.5
-72.2188
-73.1875
-77.5938
-82.875
-85.5938
-87.125
-85.5625
-81.75
-75.9688
-68.2188
-56.375
-42.9375
-30.5625
-21.25
-8.625
-10.7813
-12.9063
-17.875
-26.4063
-35.625
-43.9688
-49.3438
-54.4688
-59.5313
-64.0938
-66.1563
-64.3125
-62
-59.375
-57.0938
-56.9688
-58.6875
-61.875
-66.1563
-71.3438
-74.8438
-76.4063
-77.0938
-77.5313
-78.5938
-73.9375
-63.8438
-52.1875
-41.9375
-14.9375
-20.9063
-27.25
-35.6563
-45.75
-55
-61.9063
-64.8125
-66.5313
-67.2813
-67.6563
-66.1875
-61.875
-58.8438
-56.5625
-55.125
-55.7813
-58.0938
-60.5313
-64.0313
-70.3125
-76.1875
-81.25
-85.3438
-88.5
-92.0313
-90.9688
-82.5625
-70.8125
-58.75
-0.4375
0.0625
0.3125
-0.3125
-0.90625
-1.40625
-1.25
-0.46875
1.625
6.875
15.2188
24.3125
28.75
22.7188
7.09375
-11.7813
-25.7813
-28.5938
-22.4375
-13.2813
-5.5625
-1.78125
-0.5625
0
0.1875
0.28125
0.34375
0.1875
0.21875
-0.1875
0.03125
0.375
0.46875
-0.09375
-0.65625
-1.1875
-1.125
-0.21875
3.0625
10.5625
21.0625
32.2813
37.25
29.7813
11.0938
-12.5
-31.1875
-37.5938
-31.5625
-20.375
-9.96875
-3.625
-1.5625
-0.78125
-0.34375
0.125
0.5
0.53125
0.53125
0.09375
0.15625
0.3125
0.28125
0.0625
-0.3125
-0.6875
-0.59375
0.5
5.40625
15
27.6563
40.5
45
36.6563
15.4688
-12.0313
-34.75
-45.8438
-41.4375
-29.125
-16.3125
-6.75
-2.90625
-1.5
-0.625
0.125
0.625
0.8125
0.6875
0.09375
0.3125
0.25
0.0625
0.03125
-0.125
-0.1875
0.21875
2.15625
9.0625
20.6563
35.6563
50.3125
53.3438
43.8438
20.4375
-11.8125
-37.5
-52.875
-52.0313
-39.6563
-25.2188
-12.5938
-5.6875
-2.40625
-0.78125
0.1875
0.78125
0.96875
0.6875
0
0.78125
0.34375
-0.09375
-0.125
-0.09375
0.34375
1.59375
4.9375
13.7813
27.125
44.3438
61.625
64.125
53.2813
26.8125
-12.125
-41.5938
-60.4063
-63.0625
-51.1563
-36.0313
-21.125
-10.7188
-4.4375
-1.21875
0.1875
0.8125
1
0.65625
-0.03125
1.53125
0.875
0.03125
-0.15625
-0.03125
1.03125
3.53125
8.5625
18.9375
33.9063
53.0313
72.5313
76.5625
64.4063
33.6563
-11.5
-46.8125
-69.0625
-73.4375
-62.75
-47.4063
-30.8125
-17.6563
-7.90625
-2.3125
-0.0625
0.625
0.75
0.4375
-0.09375
2.125
1.53125
0.5625
0.1875
0.5625
2.5
6.21875
12.9375
24.375
40.9375
61.375
81.1563
87.125
73.6875
39.2188
-8.8125
-50
-76.5625
-82.2188
-73.6875
-58.4375
-40.25
-25.2188
-12.625
-4.625
-1.03125
0.03125
0.1875
0.09375
-0.21875
2.34375
1.96875
1
0.90625
2.1875
5.625
11.2188
19.3125
30.625
46.6875
66.9063
87.0625
94.4688
81.5625
44.9375
-6.5625
-51.2813
-81.7188
-89.4063
-82.1875
-68.5938
-50.0313
-33.4063
-18.5
-7.9375
-2.75
-1
-0.6875
-0.5
-0.5625
2.125
1.96875
1.375
2.125
4.9375
10.5313
18.4063
27.3438
37.5313
52.4063
72.1563
92.75
101.938
88.75
48.875
-5.5625
-53
-84.9063
-93.4688
-88.7813
-78.1875
-62.0313
-44.875
-27.0313
-13.1563
-5.09375
-2.09375
-1.5625
-1.25
-1
1.8125
1.96875
2.0625
3.96875
8.46875
16.0313
25.1563
33.9688
43.5938
58.5
78.2813
98.5938
107.156
91.5625
50.0938
-4.34375
-52.375
-84.1563
-94.4063
-92.9375
-85.3125
-72.7813
-56.8125
-37.375
-20.6875
-9.15625
-3.71875
-2.5
-2.15625
-1.65625
1.5625
2.09375
3.09375
6.34375
12.4375
21.4375
31.2813
40.375
50.0313
65.6875
84.6875
101.625
104.938
84.0625
43.5625
-5.6875
-46.875
-73.7188
-86.4688
-90.5938
-88.4688
-81.4063
-68.1563
-48.8125
-30.7813
-16.0938
-7.1875
-3.8125
-2.65625
-1.90625
1.3125
2.40625
4.75
9.84375
17.9063
28.0313
37.5
45.875
55.0313
70.875
88.1563
99.2188
95.625
68.3438
30.9375
-6.78125
-37.0938
-55.3438
-70.1563
-82.6875
-88.2188
-87.9063
-78.0313
-60
-41.4063
-24.3438
-12.3125
-6
-3.25
-2
0.96875
2.78125
6.78125
14.2813
24.8438
35.875
44.0313
50.7188
58.9688
74.4063
88.6563
91.5313
79.2188
45.8438
14.8125
-6.46875
-22.5313
-30.5313
-48
-70.0625
-84.8438
-92.7813
-86.75
-71.0938
-52.5313
-33.2813
-18.4375
-9.09375
-4.25
-2.15625
0.65625
3.125
8.90625
19.125
32.1563
43.8125
50.6875
55.8125
63.3438
77.9063
86.5
78.9063
55.6563
17.125
-3.3125
-5.84375
-3.96875
-0.71875
-22
-53.1563
-78.0625
-95.4375
-93.7813
-81.2188
-63.8125
-42.8438
-25.375
-13.125
-5.75
-2.46875
0.375
3.6875
11.375
24.0313
38.7813
50.5
56.7813
60.9063
67.4688
79.9063
79.625
60.9375
28.0313
-13.8125
-21.7813
-6.15625
13.5938
28.875
5.75
-32.8125
-66.4688
-92.5938
-95.9688
-87.0938
-72.7813
-52.4063
-33.5313
-18.625
-8.375
-3.25
0.5625
4.875
14.1875
28.2188
43.7188
54.9375
60.625
64.9063
69.7813
78.125
68.4688
38.6563
-0.46875
-41.2813
-37.4688
-6.28125
27.9063
53.9063
32.6563
-8.625
-47.3438
-81.75
-91.6875
-88.6875
-80.0938
-62.4063
-43.8125
-26.5625
-13.0625
-5.15625
0.625
6.1875
17.8438
33.5938
49.375
59.3438
63.2188
67.6875
73.8125
80.9375
62.6875
21.2188
-28.375
-73.0938
-58
-9.34375
42.2813
81.8438
63.25
16.125
-30.2188
-72.7813
-89.5625
-90.3438
-85.5625
-71.5938
-54.875
-36.6563
-20.3125
-9.03125
0.5625
7.65625
21.4688
38.5938
54.6875
63.8125
67.5313
74.0313
81.5938
85.5313
58.125
4.78125
-55.0313
-102.813
-79.4375
-16.2813
52.5625
106.594
92.9063
42.8125
-12.3125
-63.8125
-87.4063
-93.4688
-91.5
-80.3125
-65.875
-47.0938
-28.5
-14.5
1.09375
9.34375
24.5625
42.3125
58.875
69.1875
74.7813
83.25
90.2188
88.3438
51.6563
-10.2813
-72.625
-120.344
-92.0313
-19.875
54.8125
119.125
112.875
63.2188
4.6875
-54.0938
-84.375
-95.625
-96.5313
-87.6563
-75.8438
-57.875
-37.9063
-21.5625
1.96875
11.3125
27.2813
45.4375
62.2813
74.1563
82.9375
93.3438
98.7188
91.0625
45.75
-21
-79.8438
-123.563
-93
-19.8438
50.3125
116.25
118.656
74.6875
19.3438
-42.0313
-79.0625
-95.5938
-100.188
-94.3125
-85.1563
-69.3125
-49.2813
-30.4063
3.8125
14.375
30.8438
48.9375
65.25
78.4688
90.6875
102.688
105.906
93
41.7813
-25.4375
-77.5313
-114.75
-85.4375
-18.6875
41.25
101.531
111.469
76.7813
29.2813
-29.1875
-71.0313
-92.5313
-101.531
-99.7813
-93.5625
-80.5
-61.875
-41.0938
6.84375
18.5625
35.125
52.25
67.7188
82.5625
97.9063
110.594
110.688
92.4375
39.2188
-24.5625
-69
-99.4688
-74.5938
-17.7188
31.0938
83.375
98
72.5313
33.9375
-18.5938
-62.0938
-87.7188
-100.563
-102.938
-99.5313
-89.0313
-73.4063
-52.8438
10.5313
22.8125
38.6563
53.9375
68.625
84.6563
101.719
114.219
111.75
90.0313
38.2188
-20.4063
-59.3438
-84.7188
-64.1875
-16.1875
24.2188
69.5
85.6563
66.875
35.0938
-12
-55.0313
-83
-97.4688
-101.438
-99.8125
-91.9688
-80.6875
-64.0313
13.9375
26.4688
41.4375
53.875
65.6563
79.7813
94.8125
105.906
104.875
85.9375
40.4688
-10.6875
-47.3438
-73.125
-56.9375
-15.4063
19.6563
60.0625
74.5625
57.3438
29.4688
-11.5313
-50.375
-75.25
-86.5313
-88.4063
-87.1875
-84.125
-79.9063
-71.3125
17.7188
30.4688
43.75
52.625
60.9063
73.0625
86.9375
97
95.25
76.25
37.125
-5.28125
-34.875
-53.5938
-41.625
-10.0625
15.625
44.5625
56.4375
45.4063
25.0313
-7.03125
-40.7188
-65.3438
-76.0313
-76.5625
-75.125
-75.25
-77.6875
-76.9063
21.875
35.6563
48.5625
55.6875
61.0625
70.375
81.3438
87.6563
82.7188
63.6875
30.75
-1.96875
-21.375
-32.8438
-24.4375
-2.65625
11.0625
28.4688
37.1563
29.9063
17.9688
-4.75
-32.0938
-53.5625
-64.6875
-66.875
-66.9688
-71.0938
-78.375
-81.5625
23.375
37.125
49.0313
54.625
57.5313
63.25
70.5
73.375
66.875
51.0313
27
5.59375
-4.75
-10.0938
-6.1875
4.28125
7.625
12.5625
16.25
11.0625
5.125
-7.71875
-26.5625
-42.0938
-51.4688
-54.6875
-56.1563
-62.7188
-73.0313
-78.8438
22.9375
35.3438
45.5313
48.875
49.3438
52.1875
56.625
58.1563
52.4688
41.4375
26.2188
13.4063
7.84375
4.8125
4.34375
6.75
5.53125
3.6875
3.09375
-1.6875
-5.71875
-13
-24.625
-34.0625
-39.9063
-41.5313
-42.8125
-50
-61.9375
-70.75
21.125
31.6563
39.9063
41
39.5313
40.4375
43.3438
45.2188
41.9063
35.2813
25.2813
16.2188
11.8125
8.3125
6.125
6.21875
4.65625
2.1875
0.1875
-4.90625
-9.21875
-15.4688
-23.9063
-29.5313
-31.9063
-30.4688
-30.125
-36.7188
-49.0625
-60.5625
18
26.5938
33.125
32.5938
29.9375
29.4375
31.2188
34
33.6563
30.1563
22.3438
14.8125
11.25
8.71875
7.875
8.0625
5.09375
1.09375
-1.21875
-5.84375
-9.25
-14.3125
-21.9375
-26.3438
-26.75
-22.8438
-20.4688
-25.5625
-36.625
-48.9375
-0.666667
-0.791667
-0.333333
0.166667
0.625
0.958333
1.04167
0.833333
0.75
0.25
-0.125
-1.16667
-4.75
-10.0833
-12.8333
-13.3333
-13.6667
-13
-9.45833
-3.75
-0.833333
-0.125
0.375
0.541667
0.416667
0.0833333
-0.166667
-0.208333
-0.25
-0.208333
-0.125
0.0416667
0.0416667
-0.666667
-1
-0.833333
-0.333333
0.25
0.541667
0.666667
0.75
0.5
0.0416667
-1.54167
-5.04167
-9.16667
-13.875
-16.3333
-16.875
-15.5417
-12.1667
-8.04167
-3.25
-0.666667
0.166667
0.375
0.416667
0.333333
0.125
0.208333
0
-0.125
-0.125
-0.166667
0.75
0.291667
-0.5
-0.875
-0.833333
-0.666667
-0.541667
-0.375
-0.333333
-0.625
-1.625
-3.79167
-2.54167
1.91667
0
-2.625
-2.29167
0.0833333
-1.125
-5.83333
-4.125
-1.29167
-0.666667
-0.75
-0.583333
-0.291667
0.0833333
0.375
0.333333
0.25
0.208333
0
1.125
1.16667
0.625
-0.208333
-1
-1.45833
-1.625
-1.45833
-1.375
-1.70833
-3.04167
-3.45833
2.66667
9.83333
13.4583
13.2083
13.875
14.3333
8.41667
1.20833
-2.625
-1.95833
-1.08333
-1
-1
-0.958333
-0.416667
-0.208333
-0.166667
-0.125
-0.0833333
-0.0416667
0.0833333
0.375
0.333333
0
-0.625
-1.08333
-1.25
-1.16667
-1.08333
-1.29167
-2.04167
0.833333
4.79167
6.25
11.0833
11.875
11.2083
7.45833
3.33333
2
-2.625
-2.91667
-1.29167
-0.458333
-0.458333
-0.708333
-0.958333
-1.125
-1
-0.875
-0.875
-0.666667
-0.708333
-0.375
0
0.416667
0.666667
0.583333
0.5
0.291667
-0.0833333
-0.708333
-1.08333
1.5
-0.291667
-2.875
-0.583333
1.04167
-1.33333
-6.45833
-5.66667
-3.08333
-4.75
-5.58333
-2.91667
-0.625
0.0416667
-0.0416667
-0.75
-1.04167
-0.875
-0.666667
-0.666667
-0.458333
-0.333333
-0.0833333
0.5
0.791667
1.125
1.29167
1.20833
0.708333
-0.583333
-2.04167
-1.875
-2.04167
-6.45833
-12.1667
-11.8333
-7.20833
-9.75
-13.875
-11.4167
-5.83333
-5.125
-8.41667
-6.25
-2.125
-0.166667
0.25
0.25
0.25
0.208333
0.291667
0.416667
0.625
-0.458333
-0.333333
-0.0833333
-0.208333
-0.291667
-0.0833333
-0.0833333
-0.708333
-2.58333
-3.66667
-1.45833
-2.70833
-7.25
-13.5417
-16.2917
-12.4167
-12.2083
-13.5417
-11.9167
-6.08333
-1.79167
-4.70833
-7.125
-4.41667
-1.29167
0
0.666667
1.04167
1.125
1.04167
1.16667
1.16667
-0.875
-0.833333
-1.04167
-1.25
-1.41667
-1.375
-1.66667
-2.625
-3.41667
-2.66667
0.166667
-2.16667
-4.75
-3.79167
-9.66667
-13.2083
-10.125
-4.91667
-3.70833
-5.5
0.791667
3.625
-2.20833
-4.95833
-3.16667
-1.125
-0.25
0.125
0.5
0.583333
0.708333
0.666667
-0.583333
-0.708333
-0.791667
-0.583333
-0.375
-0.791667
-2.29167
-4
-3.70833
-2.33333
-2.25
-4.20833
-2.125
6.25
4.16667
-3.375
-1.58333
6.625
7.375
-1.20833
-0.666667
5.08333
2.875
-3.25
-4.66667
-2.79167
-1.5
-1.08333
-0.791667
-0.375
-0.291667
-0.25
0.25
0.0416667
0.25
0.833333
1.08333
-0.25
-2.66667
-4.625
-5.58333
-5.875
-8.25
-7.125
-1.79167
5.79167
11.7917
10.9167
10
12.3333
11
3.58333
-3.625
-3.41667
-0.416667
-2.875
-4.625
-2.95833
-1.20833
-0.625
-0.625
-0.25
-0.25
-0.458333
1.16667
1.04167
1.08333
1.04167
0.25
-1.41667
-2.5
-2.54167
-2.66667
-3
-5.75
-5.20833
0.0833333
4.20833
11.2917
15.2083
14.875
13.5
10.0833
4.29167
-5.29167
-9.70833
-5.79167
-3.25
-4.125
-2.45833
-0.0833333
0.625
0.375
0.125
0.166667
-0.0416667
1.20833
1.08333
0.833333
0.125
-1.33333
-1.83333
-0.166667
2.95833
6.58333
7.45833
4.91667
4.29167
9.375
13.5417
19.5833
23.5
24.7083
23.25
19.0833
13.125
1.16667
-5.625
-3.66667
-1
-3.45833
-4.75
-2.375
-0.0833333
0.458333
-0.0833333
-0.25
-0.208333
0.0833333
0.0833333
-0.125
-0.75
-1.58333
-1.20833
0.75
3.875
6.91667
6.16667
5.33333
8.875
13.4167
17.5833
26.875
38.0833
39.5833
32.2083
26.8333
25.0417
13.6667
0.125
-2.08333
1.125
0.166667
-5.29167
-6.08333
-2.5
-0.208333
-0.25
-0.75
-0.916667
-0.708333
-0.375
-0.291667
-0.916667
-1.25
-1.375
-2.08333
-2.58333
-3.16667
-4.16667
-2.375
3.5
6.875
8.79167
11.9167
23.7917
26.9167
18.0417
10.7083
12.3333
14.7083
4
-2.95833
-0.625
3.875
0.625
-4.29167
-3.83333
-1.375
-0.541667
-0.708333
-0.916667
-0.541667
-0.25
-0.0833333
-0.375
-0.375
-0.583333
-1.83333
-3.79167
-6.16667
-6
-3.04167
-0.0416667
1.25
-1.41667
-8.83333
-9.91667
-6.04167
-5.54167
-10.75
-9.875
3.54167
8.41667
1.04167
-3.75
0.791667
4.125
0.333333
-3.41667
-2.91667
-1.29167
-0.666667
-0.375
-0.625
-0.75
-0.791667
-0.416667
0.166667
1.20833
3.125
3.16667
-0.625
-1.41667
3.91667
4.25
0.666667
-6.29167
-11.125
-18.9167
-18.7083
-11.7083
-7.70833
-4.33333
4.125
16.1667
10.9167
0.666667
-2.75
0.666667
0.916667
-2.95833
-3.95833
-2
-0.708333
-0.0833333
-1.25
-1.54167
-1.70833
-1.45833
-0.458333
2.20833
5.70833
6.33333
3.20833
4
12.5417
14.5
8.25
3.33333
3.91667
-2.54167
-6.33333
-1.16667
11.0833
17.5
19.0417
25.875
20.7917
8.83333
-2.45833
-4.29167
-3
-4.33333
-4.875
-2.41667
-0.166667
0.416667
-0.75
-0.916667
-1
-1.29167
-1.20833
0.458333
1.45833
0.375
0.375
2.66667
4.83333
4
-0.875
-0.958333
-1.58333
-5.25
-7.375
-5.25
3.58333
5.5
3.08333
3.95833
4.91667
0.25
-7.79167
-9.45833
-6.45833
-5.5
-6.29167
-4.20833
-0.708333
0.416667
0.833333
0.875
0.875
0.208333
-1.41667
-2.91667
-4.70833
-7.20833
-6.58333
-7
-18.4583
-30.4167
-35.375
-34.1667
-35.25
-34.7917
-31.9167
-29.6667
-30.25
-32.8333
-38.5833
-41.4583
-28.7917
-15.7917
-11
-10.625
-5.29167
-1.75
-4.08333
-6.04167
-3.70833
-1.08333
1.08333
0.958333
0.458333
0.458333
1
0
-3
-5.58333
-4.70833
-6.25
-18.8333
-28.4583
-30.9583
-29.7917
-33
-32.75
-30.7917
-30.125
-32.2917
-31.1667
-30.8333
-35.4583
-25.7917
-10.7917
-1.125
-3.66667
-3.20833
2.33333
2.66667
-2.83333
-5.125
-2.54167
0.416667
-0.125
-1.29167
0.0416667
3.79167
4.375
1.125
0.541667
3.70833
3.79167
2.70833
7.08333
10.875
9.91667
-0.958333
-7.16667
-10.6667
-14.1667
-12.9167
-6.58333
6.75
8.875
4.79167
5
7.83333
3.83333
-3.16667
-1.41667
3.25
1.5
-3
-2.79167
0.208333
-0.166667
-1.29167
-0.958333
0.333333
-0.958333
-2.83333
-0.708333
2.83333
4.625
10.5833
17.7917
20.9167
13.0417
1.29167
-10.4583
-16.625
-19.8333
-16.5833
-7.375
7.375
20.6667
16.2917
9.83333
7
5.70833
-1.58333
-6.54167
-3.58333
0.375
-1.08333
-2.58333
-0.0833333
-0.916667
-2.125
-3.41667
-5.16667
-7.375
-7.66667
-4.45833
-1.54167
1.04167
5.95833
9.375
6.41667
-3.91667
-4.79167
-12.1667
-19.0417
-19.625
-14.4167
-5.625
-3.875
7.45833
12.6667
8.91667
6.125
7.16667
3.91667
-3.58333
-5.91667
-2.75
-1.70833
-3.625
-0.5
-2.45833
-3.04167
-2.66667
-3
-2.91667
-0.958333
4.04167
7.54167
9.79167
12.7917
15.375
13.4583
11.75
20.0833
24.625
21.1667
20.5417
22.5417
22.8333
13.9167
11.3333
16.875
16.1667
14.4583
15.25
13.9583
5.58333
-1.58333
-3.33333
-3.29167
-5.875
-1.16667
-2.04167
0
2.25
3.5
8
17.0833
26.875
32.875
38.6667
45.6667
49.9583
53.9167
60.9167
68.4167
78.125
82.125
81.7083
76.5417
67.5417
59
49.25
46.25
44.9583
40.5
36.25
32.5
22.1667
9.33333
1.75
-1.08333
-3.91667
-1.41667
0.291667
3
3.66667
3.91667
9.75
20.8333
28.6667
34.5
42.25
50.5833
53.625
56.5833
62.7917
65.0417
69.0417
74.5417
75.3333
70.0833
62.2917
59.0417
54.375
49.625
48.625
43.875
37.25
33.375
28.9167
19
10.0833
6.25
5.16667
0.416667
2.875
2.375
-0.583333
-3.45833
-5.79167
-9.5
-17.2083
-22.3333
-25.0833
-28.3333
-31.9583
-33.2083
-31.25
-31.2917
-32.2917
-30.7083
-29.9167
-30.875
-32.625
-32.0833
-30.3333
-29.25
-25.6667
-21.5417
-18.0833
-11.7083
0.875
9.5
11.375
12.4583
14.5417
2.75
4.95833
4.625
2.54167
-0.0416667
-6.41667
-17.9167
-31.7083
-43.3333
-53.1667
-62.9167
-69.125
-71.25
-72
-73.2083
-73.2083
-74.2083
-74.5833
-73.5
-71.6667
-68.125
-65.375
-60.625
-53.9583
-44.7917
-34.5417
-22.75
-5.875
9.54167
17.25
19.5417
19.6667
2.5
5.08333
9.875
15.5417
21.0833
25.5417
28.125
29.0833
27.0833
23.4583
19.9167
15.9167
12.6667
9.45833
6.70833
7.125
5.29167
4.625
6.45833
8.79167
12.375
14.0417
18
22.75
26.5833
30.7083
33.4583
33.75
33.5
30.5
24.7083
17.4583
0.458333
1.66667
6.04167
13
20.75
29.2083
37.5833
44.7083
47
45.7917
44.25
41.5417
40.2917
40.1667
41.75
44.0833
46.3333
48.625
48
45.0417
41.5
38.8333
36.4583
34.5
33.3333
33.5417
31.7917
24.9167
18.4583
12.4583
6.83333
1.58333
-0.791667
-2.5
-4.41667
-5.70833
-6.75
-8.29167
-10.5417
-13.3333
-16.9167
-19.9167
-22.5
-21.8333
-17.4583
-11.7917
-6
-2.08333
3.33333
6.54167
2.875
-2.25
-9.20833
-15.9583
-23.375
-30.0417
-32.25
-32.5417
-30.8333
-28.7917
-26.5417
-23.1667
-19.0833
-14.4583
-0.166667
-2.29167
-1.83333
0.791667
1.875
0.833333
-0.0833333
-0.416667
-0.5
-0.5
-0.75
-1.91667
-4.5
-5.70833
2.54167
14.6667
10.5833
-3.75
-7.20833
-2.75
-0.583333
-0.25
-0.25
-0.583333
-0.333333
0.333333
0.583333
0.416667
-0.25
-0.583333
0.125
1.04167
0.541667
-1.79167
-1.875
0.541667
1.66667
0.625
-0.208333
-0.208333
-0.25
-0.625
-1.45833
-4.41667
-9.29167
-8.29167
6.125
21.4167
17.5
0.208333
-9.91667
-8.04167
-2.875
-0.166667
0.0416667
-0.625
-0.583333
-0.0416667
0.25
0.333333
0
-0.375
0
0.833333
0.625
-1.45833
-1.375
0.5
1.16667
0.208333
-0.416667
0
0.166667
-0.75
-3
-8.16667
-12.5417
-6.70833
9.5
23.5
22.5833
6.20833
-10.25
-12.8333
-6.25
-1.04167
0.333333
-0.25
-0.708333
-0.416667
-0.0416667
0
-0.166667
0
0.458333
0.75
0.75
-1.08333
-1
0.541667
1
-0.0833333
-0.75
0.0416667
0.5
-1.08333
-5.16667
-11.5833
-13.8333
-4.79167
10.9583
24.0833
26.75
13.3333
-7.70833
-16.7917
-10.625
-2.83333
0.166667
0.125
-0.75
-0.833333
-0.291667
-0.0833333
-0.166667
0.125
0.541667
0.708333
0.958333
-0.5
-0.541667
0.625
0.875
-0.458333
-1.125
0.208333
0.791667
-1.79167
-8.04167
-14.9167
-13.3333
-1.75
11.4583
22.5
28.5833
20.8333
-1.79167
-18.5
-15.25
-5.54167
-0.916667
-0.208333
-0.958333
-1.08333
-0.333333
0
0
0.25
0.375
0.458333
0.916667
0.125
0.125
0.791667
0.666667
-0.791667
-1.5
0.166667
0.916667
-2.95833
-11.5833
-17.375
-10.5417
1.625
10.9167
21.2917
28.0417
23.2917
5.58333
-13.5833
-17.625
-10.3333
-3.54167
-1
-1.33333
-1.29167
-0.375
0.0833333
0.125
0.208333
0.333333
0.541667
0.666667
0.541667
0.5
0.916667
0.5
-1.08333
-1.54167
0.208333
0.0416667
-5.41667
-14.125
-16.7917
-6.83333
2.95833
9.29167
21.9167
27.875
20.875
9.20833
-4.95833
-14.375
-14.2917
-8.25
-2.875
-1.66667
-1.5
-0.5
0.125
0.0833333
0.0416667
0.291667
0.625
-0.333333
0.291667
0.791667
1.16667
0.458333
-1.08333
-1.33333
-0.208333
-1.95833
-8.04167
-14.3333
-13.8333
-5.375
-1.41667
6.08333
28.9583
34.5417
16.3333
5.20833
1.29167
-6.66667
-14.5833
-13.5
-6.54167
-2.79167
-1.75
-0.458333
0.416667
0.125
-0.208333
0.166667
0.666667
-0.875
0.166667
0.708333
1.125
0.583333
-1
-1.66667
-1.625
-4.04167
-8.91667
-12.4583
-11.4167
-8.75
-8.66667
6.45833
37.9167
42
16.7083
1.16667
1
-1.33333
-11.625
-16.3333
-10.8333
-5.04167
-2.25
-0.375
0.75
0.375
-0.416667
-0.416667
0.416667
-0.958333
0.166667
0.708333
1.04167
0.375
-1.54167
-3.29167
-4.125
-5.45833
-7.58333
-8.25
-8.70833
-14.875
-17.625
8.91667
48.375
48.6667
16.75
-3.125
-1.33333
2.70833
-6.54167
-16.875
-15.125
-8.04167
-2.91667
-0.25
0.791667
0.333333
-0.625
-0.791667
0.125
-1.25
0.0416667
0.625
0.958333
0.208333
-2.75
-6.04167
-6.75
-5.95833
-5.125
-2.625
-6.75
-23.6667
-24.9583
14.7917
58.7917
54.5
14.7083
-10.5
-4.41667
7.375
1.08333
-13.5417
-18.75
-13.125
-5.20833
-0.583333
1
0.25
-1
-0.875
0.0416667
-1.45833
-0.208333
0.458333
0.791667
-0.375
-4.41667
-8.25
-7.91667
-4.91667
-1.625
0.375
-10.5833
-30.2917
-20.1667
23.4167
54.5833
50.5
21.375
-8.29167
-11.7083
3.45833
8.29167
-3.79167
-18
-18.875
-9.33333
-1.70833
0.875
0.25
-1.125
-1.08333
-0.166667
-1.16667
-0.416667
-0.0416667
0.375
-1.20833
-6.33333
-9.91667
-7.29167
-2.41667
-0.0416667
-1.58333
-15.0833
-28.5
-5.08333
34.7083
41.625
29.3333
18.375
2.83333
-6.375
-1.08333
7.5
4.83333
-10.625
-19.9583
-14.5
-5.25
-0.208333
0.0833333
-1.20833
-1.125
-0.333333
-0.666667
-0.416667
-0.5
-0.625
-3.08333
-8.70833
-11
-5.25
2.29167
2.04167
-7.66667
-21.5
-18.4583
18.5833
44.25
21.8333
-1.66667
4.20833
15.0833
12.0417
1.66667
2.375
7.16667
-2.5
-15.9583
-17.6667
-10.2083
-2.75
-0.458333
-1.125
-1
-0.416667
0.0416667
-0.25
-0.916667
-2.04167
-5.875
-11.5
-11.4583
-1.70833
8.20833
2.95833
-16.25
-25.875
-1
43.5417
46.6667
0.791667
-30.7083
-17.7083
19.8333
35.0833
13.9583
0.75
5.29167
1.875
-10.25
-18.125
-15.0417
-6.33333
-1.5
-1.04167
-0.833333
-0.541667
0.0833333
-0.375
-1.20833
-3.375
-8.75
-14.0833
-10.3333
3.70833
12.5833
-0.625
-25.4167
-25.5417
19.75
67.0833
44.7917
-21.2917
-55.4167
-38.5417
19
54.25
28.9167
3.66667
4.04167
3.25
-5.58333
-16.5
-18.4167
-10.0417
-3.16667
-1.41667
-0.791667
-0.5
0
-0.5
-1.41667
-4.66667
-11.7083
-15.6667
-6.75
9.41667
12.375
-7.79167
-28.9583
-16.625
37.7917
79.7083
38.375
-39.2917
-72.7083
-53.2083
15.6667
65.5417
40.875
6.29167
1.41667
4.16667
1
-10.8333
-18.8333
-14.0833
-6.33333
-2.5
-0.958333
-0.333333
-0.375
-0.541667
-1.20833
-5.70833
-14.2083
-15.7917
-3.04167
11.5833
8.33333
-14.125
-23.7083
3.75
50.25
70.0833
24.5417
-42.2917
-74.4583
-64.1667
3.70833
64.5
49.7917
14.375
0.916667
1.58333
6.41667
-0.791667
-14.25
-17.5833
-11.875
-4.91667
-1.29167
-0.333333
-0.625
-0.416667
-1
-7.29167
-18.0833
-16.6667
2.58333
15.125
1.75
-20.8333
-15.7917
18.875
56
67.0417
17.0417
-48.5
-72
-67.375
-14.0417
54.75
60.2083
29.9583
6.29167
-4.875
0.583333
5.04167
-3.33333
-14.75
-17.4167
-9.95833
-2.83333
-0.583333
-0.541667
-0.5
-1.125
-9.16667
-21.4167
-15.5417
8.66667
14.9167
-8.70833
-26
-4.33333
33.3333
58.375
61.8333
11.625
-51.0417
-68.2917
-64.9167
-25.625
37.9167
59.0417
43.9167
18.5833
-3.66667
-5.5
3.125
3.45833
-8.375
-18.8333
-14.9167
-5.83333
-1.45833
-0.666667
-1.04167
-2.04167
-10.1667
-21.25
-13.25
10.5
10.0417
-18.8333
-26.75
10.1667
45.7917
55.4167
54.2083
8.25
-52
-61.6667
-57.375
-34.2917
21.3333
52.7917
49.6667
29.3333
3.45833
-6.625
-0.541667
5.41667
-2.41667
-16.7083
-18.2083
-9.875
-3.29167
-0.708333
-1.5
-3.29167
-11.4583
-20.2083
-10.125
10.375
3.04167
-26.1667
-22.7083
23.7083
52.2083
48.75
46.6667
4.79167
-53.6667
-51.0417
-41.7917
-38.6667
4.91667
43.375
48.125
35.1667
12.375
-3.41667
-2.79167
4.83333
2.08333
-11.875
-19.375
-14.875
-6.41667
-0.791667
-2.16667
-5.16667
-13.2083
-17.9167
-6.20833
7.54167
-5.20833
-27.6667
-13.75
30.4583
49.2917
43.1667
42.5417
1.91667
-52.9583
-41.25
-27.0833
-36.0833
-6
32.25
43.0417
37.9167
19.9583
0.625
-4.79167
2.16667
4.83333
-5.08333
-17.375
-19.5833
-11.0833
-0.583333
-3.54167
-8.75
-14.2917
-12.5417
-2.875
0.708333
-12.5833
-23.4167
-3.33333
30.7083
38
37.0417
46.0833
6.45833
-49.5417
-37.9167
-23.375
-31.4167
-2.375
29.375
32.8333
32.2917
25.5417
6.375
-7.33333
-3.83333
4.66667
2.70833
-10.75
-20.9583
-16.25
-0.875
-5.70833
-12.1667
-12.5417
-3.875
0.333333
-9.58333
-21.3333
-15.4583
9.41667
30.2917
29.625
30.3333
37.625
2.70833
-41.375
-26.9583
-13.3333
-24.3333
-4.79167
21.1667
22.9583
23.625
27.7917
17.3333
-3.5
-11.7917
-2.79167
7.29167
1.54167
-14.6667
-20.125
-1.54167
-7.79167
-14.375
-8.875
4.5
2.5
-15.2917
-22.75
-7.625
15.0417
25.7917
21.7083
21.7917
26.1667
-1.83333
-32.625
-13
-1.16667
-18.9583
-7.95833
14.25
14.875
14.5
22.7083
21.125
1.875
-14.5
-8.95833
8.95833
13.75
-2.58333
-19.9167
-2.16667
-9.58333
-16.375
-6.45833
10.7917
5.25
-16.9167
-20.9583
-1.625
16.25
19.9583
15.25
13.9583
14.4167
-4.33333
-21.9583
-4.08333
8.08333
-9.04167
-10.2083
5.29167
8.75
8.75
16
19.5
6.875
-12.75
-13.7083
8.875
24.0833
8
-19.0833
-2.83333
-11.25
-18.625
-6.20833
14.0417
8.08333
-14.75
-16.5833
3.16667
15.9167
14.5417
9.91667
7.41667
4.875
-3.29167
-9.29167
-0.958333
6.58333
-1.625
-6.875
0.0416667
4.66667
5.75
10.2083
14.7083
8.29167
-8.83333
-13.125
8.625
28.375
14.5833
-17.4583
-3
-11.5417
-18.125
-4.33333
15.0833
8.33333
-11.5417
-11.0833
5.54167
12.7083
8.58333
4.875
1.875
-0.75
0.166667
0.666667
-0.583333
1.16667
2.125
0.833333
1
1.125
1.75
4.79167
8.83333
6.70833
-5.375
-11.125
6.29167
28.375
19.6667
-13.7083
-3
-10.1667
-14.875
-2.33333
12.8333
7.16667
-5.75
-4.66667
3.58333
4.83333
2.91667
2.91667
0.291667
-0.916667
2.70833
2.375
-1.20833
0.125
3.08333
3.91667
2.5
0.916667
1.5
1.375
1.95833
2.33333
-3.16667
-7.5
4
24.5
21.7083
-8.66667
-2.66667
-7.83333
-11.3333
-2.5
8.75
7.08333
0.833333
-0.791667
-1.875
-2.83333
0.875
4.04167
0.666667
0.291667
4.375
1.58333
-2.54167
0.25
3.875
4.41667
1.5
0.833333
4.58333
2.875
-2.54167
-4.33333
-4.08333
-2.33333
5.08333
17.4583
17.0833
-4.54167
-2.04167
-5.5
-8.79167
-3.58333
5.5
6.20833
1.20833
-2.70833
-5.29167
-3.41667
4.125
6.79167
1.29167
0.208333
2.25
-1.70833
-2.04167
4.66667
6.875
3.625
-1.45833
-1.58333
6.25
7.83333
-0.25
-6.41667
-6.33333
-1.66667
5.08333
10.3333
8.04167
-3.83333
-0.037037
-0.666667
-1.16667
-1.33333
-1.33333
-1.7963
-3.22222
-3.94444
-0.666667
3.51852
4.37037
2.25926
0.666667
0.277778
0.759259
2.2963
3.03704
-0.166667
-4.27778
-5.07407
-2.87037
-1.33333
-0.796296
-0.62963
-0.703704
-0.666667
-0.555556
-0.481481
-0.203704
-0.592593
-0.851852
-1.03704
-1.42593
-2.33333
-3.81481
-2.68519
1.37037
5.57407
9.16667
8.38889
6.07407
4.90741
5.37037
6.90741
5.87037
1.96296
-2.11111
-5.7037
-4.94444
-2.68519
-1.33333
-1.01852
-1.03704
-1.03704
-1.01852
-0.814815
-0.0555556
0.0740741
0.0925926
-0.203704
-1.03704
-2.27778
-3.25926
-1.2037
0.333333
0.12963
3.62963
4.96296
2.35185
0.111111
0.0555556
0.851852
-1.09259
-2.42593
-2.16667
-5.7963
-7.27778
-4.64815
-1.98148
-0.962963
-0.796296
-0.888889
-1
-0.759259
-0.12963
0.314815
0.481481
0.0740741
-1.24074
-2.64815
-2.25926
-0.814815
-3.61111
-8.64815
-8.2963
-5.74074
-7
-9.57407
-10.5
-11.5556
-13.0185
-10.1667
-5.18519
-5.68519
-8.35185
-6.75926
-3.09259
-0.87037
-0.148148
-0.111111
-0.185185
-0.0185185
-0.351852
0.12963
0.0185185
-0.833333
-2.42593
-3.40741
-1.68519
-2.24074
-7.25926
-13.463
-17.1481
-15.0556
-13.2037
-14.1481
-16.037
-19.1296
-18.9074
-13.9259
-7.81481
-4.18519
-6.12963
-7.12963
-4.48148
-1.46296
0.0555556
0.481481
0.611111
0.777778
-0.907407
-0.796296
-1.5
-2.88889
-4.37037
-4.5
-2.22222
-4.09259
-8.53704
-11.537
-16.8704
-16.9259
-12.2037
-10.0185
-12.0556
-16.3333
-15.2407
-11.037
-8.18519
-2.74074
-1.92593
-5.12963
-5.51852
-3.01852
-0.796296
0.222222
0.611111
0.833333
-0.925926
-1.46296
-2.88889
-4.74074
-5.7963
-5.31481
-4.22222
-6.88889
-8.46296
-5.92593
-8.7963
-10.4444
-5.59259
-1.12963
-2.24074
-5.90741
-4.75926
-3.64815
-6.33333
-2.94444
0.222222
-2.61111
-5.7963
-5
-2.31481
-0.592593
-0.0185185
0.203704
-0.388889
-1.62963
-3.37037
-4.94444
-5.33333
-4.66667
-6
-8.05556
-5.94444
0.87037
3.77778
2.96296
4.59259
8.53704
8.98148
7.75926
7.37037
4.35185
-2.44444
-4.37037
-1.61111
-1.48148
-5.09259
-6.27778
-3.85185
-1.35185
-0.407407
-0.240741
0.0185185
-1.48148
-2.57407
-2.83333
-2.24074
-2.2963
-5.83333
-7.40741
-2
7.07407
16.3704
18.6481
15.9074
15.8333
17.9444
19.9444
18.4444
11.4259
2.59259
-5.2963
-6.27778
-3.22222
-4
-6.40741
-5.11111
-2.16667
-0.444444
-0.203704
-0.296296
-1.48148
-1.33333
0.203704
2.24074
1.92593
-2.35185
-1.88889
6.24074
16.3889
29.4259
35.2037
30.1667
25.8519
28.3148
33.5556
30.8148
20.3519
10.2593
-1.74074
-7.51852
-4.07407
-2.09259
-4.57407
-5.75926
-3.68519
-1.03704
-0.148148
-1.12963
-1.75926
-0.851852
1.53704
3.92593
2.68519
-0.314815
2.27778
10.7037
19.7778
32.463
41.5185
38.1111
31.5185
33.0741
39.1481
36.6296
25.8889
16.0185
3.64815
-6.31481
-5.38889
-1.2963
-1.88889
-5.12963
-5.44444
-2.68519
-0.888889
-1.55556
-1.77778
-1.2037
0.351852
1.7037
0.62963
0.185185
4.96296
11.7593
17.2593
23.6481
32.2963
33.8519
30.2222
29.1852
32.463
30.5185
23.1296
16.1667
8.94444
-0.555556
-3.75926
-1.42593
0.611111
-2.42593
-5.48148
-4.48148
-2.2037
-1.37037
-1.14815
-0.814815
-0.722222
-2.2037
-3.44444
-0.148148
4.88889
7.77778
6.83333
4.90741
9.11111
15.8148
18.7593
17.0926
14.2407
13.037
12
11.4815
11.463
6.12963
-0.833333
-2.14815
0.777778
0.185185
-3.77778
-5.44444
-3.75926
-0.907407
0.240741
1.14815
0.277778
-3.01852
-2.92593
4.2963
9.51852
8.94444
2.88889
-5.96296
-9.55556
-0.0740741
10.6667
11.1481
2.38889
-0.277778
3.77778
8.94444
14.1296
15.1852
6.22222
-1.07407
-1.40741
0.259259
-2.18519
-5.66667
-5.03704
-1.07407
0.685185
2.68519
1.74074
-2.12963
-1.42593
6.37037
9.05556
5.40741
-2.01852
-11.3519
-19.4815
-11.7963
0.481481
4.11111
-5.14815
-8.31481
-1.75926
6.05556
10.963
14.3889
6.85185
-1.46296
-5.53704
-3.68519
-2.94444
-5.7963
-6.51852
-1.33333
0.462963
2.14815
0.796296
-1.44444
-0.351852
2.87037
2.31481
-2.98148
-8.38889
-14.7593
-22.2037
-19.4259
-12
-8.46296
-12.7037
-15.5556
-9.92593
-3.24074
-0.259259
2.40741
-0.611111
-6.05556
-10.463
-9.05556
-5.2963
-5.18519
-6.57407
-1.11111
-0.592593
-0.62963
-2.64815
-3.46296
-3.46296
-8.85185
-16.1667
-22.7778
-25.463
-28.7963
-32.0556
-35.537
-38.6296
-39.2407
-34.6481
-32.037
-28.1667
-23.7963
-20.1111
-18.9259
-15.9815
-13.1852
-12.8519
-11.9444
-6.88889
-3.59259
-5.14815
0.555556
0.481481
-1.87037
-4.37037
-3.51852
-3.7963
-12.537
-19.4815
-25.3704
-28.463
-32.8519
-33.8333
-39.963
-47.6296
-51.1481
-42.4815
-38.1852
-37.2778
-35.3333
-27.9444
-24.0741
-18.0556
-13.5185
-10.3333
-10.3148
-7.03704
-1.77778
-1.40741
1.72222
0.759259
-2.88889
-4.61111
-2.94444
-2.74074
-8.16667
-12.1111
-16.5926
-22.037
-28.9815
-31.0556
-36.9259
-45.2222
-48.7778
-41.3704
-35.7222
-35.0926
-33.6296
-23.3889
-15.1852
-9.12963
-5.44444
-3.2037
-5.07407
-5.72222
-2.31481
0.037037
1
-0.166667
-3.66667
-3.66667
-0.925926
0.944444
3.42593
7.25926
4.75926
-3.57407
-10.4074
-15.0741
-19.2037
-22.5
-23.2407
-21.8148
-19.9815
-17.6667
-14.3148
-6.59259
4.33333
8.90741
6.77778
4.14815
0.518519
-3.74074
-4
-0.833333
-1.24074
-2.87037
-4.5
-2.09259
1.5
4.7037
11.6667
17.2778
16.1111
9.5
8.44444
4.55556
0.5
-1.40741
-1.07407
-3.2963
-2.03704
3.48148
8.87037
9.51852
16.3704
20.1667
17.2778
11.1852
6.46296
0.703704
-4.05556
-3.57407
-2.03704
-1.92593
0.814815
6.77778
12.7593
18.5741
27.7407
34.8889
37.3333
37.9259
45.2222
45.7593
42.3889
41.8148
42.0926
39.1111
38.7778
43.8519
48.0185
41.1111
39
39.7037
35.2407
26.2593
18.8889
11.9074
3.98148
-0.722222
-0.462963
2
8.88889
17.2778
24.7963
32.1852
40.7222
46.8889
53.8889
63.2778
74.7778
79.5185
78.6667
78.0185
77.537
75.7037
75.2037
76.0926
75.2407
65.6667
55.963
51.7778
47.8333
39.1296
30.4074
23.0556
14.2593
5.90741
0.240741
3.57407
11.3333
18.537
24.7407
30.8333
36.2222
40.9074
50.3704
63.6481
73.037
78.0926
80.2963
80.7778
80.6111
79.9259
78.9444
76
71.7593
65.4815
55.1481
47.7222
44.7963
40.8148
34.5185
28.7778
22.1481
14
2.33333
3.87037
7.01852
8.25926
8.5
8.38889
6.42593
5.18519
9.77778
17.0185
18.7037
19.7593
22.2037
22.5556
22.6111
22.7407
22.8148
19.8704
16.6667
17.1296
14.6481
11.9259
15.1852
21.037
23.9259
23.8889
22.7593
19.7963
6.24074
6.05556
4.83333
1.48148
-2.75926
-7.87037
-15.2222
-21.5926
-23.9444
-24.8519
-28.7222
-30.0556
-29.5556
-29.7593
-29.2037
-28.3333
-26.6481
-26.2593
-25.4815
-20.2037
-16.2037
-12.0926
-3.53704
8.85185
18.2963
22.537
24.7222
25.2593
15.0185
16.5556
15.4259
12.7778
8.77778
3.51852
-3.74074
-11.6296
-18.3704
-24.7222
-31
-33.4444
-34.8704
-35.4815
-34.8704
-34.037
-32.0741
-30.3333
-28.037
-22.3704
-15.9259
-8.09259
1.03704
11.4444
20.9259
25.4074
27.5926
28.537
15.3519
18.4815
19.7963
19.9259
18.537
16.2593
13.2407
9.07407
5.2037
1.35185
-2.14815
-2.62963
-2.51852
-0.833333
0.62963
1.07407
0.87037
-0.148148
-0.37037
1.59259
3.7037
7.07407
9.66667
11.9444
15.1852
17.463
18.4074
18.2778
0.0185185
0.833333
0.944444
0.277778
-0.111111
-0.907407
-3.77778
-9.27778
-14.6667
-14.7593
-6.57407
7.81481
23.2778
30.8889
26.9815
10.6296
-6.46296
-16.2778
-14.3333
-8.07407
-2.98148
-1.33333
-0.962963
-0.62963
-0.203704
-0.111111
0
0.351852
0.0185185
0.574074
0.481481
0.0185185
-0.203704
-1.27778
-5.42593
-12.1296
-17.6852
-16.2037
-5.88889
9.88889
26.3519
33.963
31.2593
15.0185
-2.57407
-15.7037
-16.8889
-12.037
-5.94444
-2.74074
-1.55556
-1.01852
-0.481481
-0.148148
0.203704
0.574074
0.166667
0.462963
0.0925926
-0.425926
-0.814815
-2.5
-7.53704
-14.537
-19.8333
-18.2593
-7.09259
11.1296
31.9074
40.4444
36.2222
17.2407
-0.148148
-13.7593
-17.2778
-15.463
-10.1111
-5.48148
-2.75926
-1.46296
-0.62963
-0.111111
0.333333
0.62963
0.537037
0.592593
-0.185185
-0.981481
-1.96296
-4.31481
-9.59259
-16.2037
-21.5556
-21.6481
-10.7963
11.1481
39.3333
51.2037
44
18.9444
-0.351852
-13.0556
-16.5741
-17.463
-14.2407
-9.31481
-4.87037
-2.09259
-0.592593
0.111111
0.37037
0.425926
1.03704
0.796296
-0.537037
-1.94444
-3.53704
-6.18519
-10.9074
-17.463
-23.3148
-25.1852
-13.8704
11.2222
45.1296
60.6852
52.7963
23.0926
-0.0185185
-13.9259
-16.7593
-18.6296
-17.0741
-13.0185
-7.53704
-3.18519
-0.722222
0.203704
0.277778
0.166667
1.25926
0.592593
-1.5
-3.72222
-5.81481
-7.88889
-11.1111
-16.7593
-23.2037
-26.537
-15.6481
11.0185
47.1852
65.5926
58.5556
27.9444
1.98148
-13.3704
-16.4074
-18.6852
-18.8704
-16.1296
-10.2963
-4.57407
-1.18519
-0.0555556
-0.111111
-0.222222
1.12963
0.0925926
-2.88889
-6.07407
-8.35185
-9.25926
-10.4444
-15.0556
-22.1296
-27.3148
-16.3519
11.5
49.6852
68.1481
60.8148
29.3704
3.85185
-10.5926
-12.6111
-16.2222
-19.5556
-19.8889
-14.5185
-7.22222
-2.14815
-0.259259
-0.296296
-0.407407
0.555556
-0.907407
-4.59259
-8.16667
-9.94444
-9.33333
-9.44444
-14.5
-22.8889
-27.6852
-14.5
14.2963
50.4815
66.4815
60.4259
31.7037
7.64815
-7.92593
-9.72222
-13.037
-17.6667
-21.7593
-18.8704
-11.1111
-4.01852
-0.62963
-0.407407
-0.62963
-0.259259
-2.31481
-6.46296
-9.88889
-10.6296
-9.2963
-9.61111
-15.7407
-23.2222
-24.6481
-6.74074
21.5926
50.6296
57
49.2222
28.3333
13.7778
0.759259
-4.01852
-9.96296
-15.1667
-21
-21.1667
-15.3519
-7.5
-2.27778
-0.888889
-0.814815
-1.46296
-4.31481
-8.83333
-11.463
-10.4815
-8.07407
-9.07407
-16.8889
-23.0926
-19.8889
3.53704
30.7593
49.8333
43.5185
30.8148
19.6667
19.2593
14.1852
5.81481
-5.90741
-13.5185
-19.6296
-21.6481
-18.6296
-11.5926
-5.01852
-2.03704
-1.14815
-3.01852
-6.98148
-11.7407
-13.0741
-9.57407
-5.64815
-7.59259
-17.5556
-22.1296
-12.9444
15.4074
39.2407
45.3333
27.463
10.5185
9.53704
21.963
27.4444
18.2963
1.53704
-10.7593
-18.4444
-21.7963
-21.1111
-15.5185
-8.33333
-3.7963
-1.77778
-4.72222
-9.83333
-14.7593
-14.4259
-8.2963
-3.14815
-6.37037
-18.037
-19.1852
-2.96296
29.6481
45.963
36.6296
7.44444
-9.7037
0.12963
23.8519
38.0741
30.3889
10.9444
-5.77778
-16.4815
-21.537
-22.7778
-18.7593
-11.8148
-6.14815
-2.87037
-6.53704
-12.7593
-17.3148
-15.1111
-6.92593
-1.66667
-5.75926
-16.8333
-12.5556
9.33333
43.4074
49.2222
25.3148
-14.463
-28.9074
-8.75926
25.7037
45.7222
39.6481
18.7963
0.0740741
-12.5
-18.7037
-22.1111
-20.7593
-15.4444
-9.33333
-4.48148
-8.07407
-15.2037
-19.1852
-15.3889
-6.18519
-1.42593
-5.03704
-12.037
-1.16667
22.9444
52.0926
46.0556
11.8704
-33
-44.4074
-17.8889
23.5
48.5
46.4444
27.0185
7.90741
-6.38889
-13.4074
-18.6296
-20.7963
-18.9074
-13.7778
-7.25926
-10.463
-18.5926
-20.8704
-13.7593
-3.12963
-1.09259
-7.46296
-12.5556
7.01852
37.9815
68.2037
50.2963
1.75926
-56.2407
-67.2778
-32.8148
22.1296
55.8519
58.6667
37.6296
15
-3.59259
-11.3519
-15.7037
-18.4074
-19.8889
-17.7963
-11.5185
-13.2222
-21.7037
-21.5185
-11.2037
-0.666667
-2.46296
-11.5741
-13.0185
15.6852
54.5
84.3519
55.3519
-8.75926
-78.5
-90.2407
-46.7593
19.7778
61.8519
67.4815
47.4074
23.7963
2.77778
-8.22222
-14.1852
-17.1667
-20.0185
-20.2963
-15.463
-15.1667
-23.3148
-21.6296
-10.7037
-1.7963
-5.96296
-13.7963
-9
27.5
69.2593
94.1481
56.3889
-17.4815
-92.5741
-108.519
-60.7593
13.6852
66.6667
75.8148
55.5556
30.5741
9.2963
-3.2963
-11.7963
-16.2778
-20
-21.8148
-18.7593
-16.9444
-24.4074
-21.8148
-11.2593
-4.40741
-9.01852
-13.1481
-1.75926
38.6296
78.1481
94.3148
50
-25.1852
-94.0741
-109.648
-65.4815
4.31481
61.8333
78.0556
61.5556
36.0926
14
1.37037
-7.83333
-13.4815
-18.4259
-22.3333
-21.6852
-18.5
-24.5185
-21.0556
-11.9444
-7.88889
-12.4074
-11.5
6.5
48.1296
81.1852
87.463
39.3333
-29.037
-86.1111
-97.2778
-62.4259
-4.88889
48.963
72.9259
64.1667
41.4815
18.4815
5.33333
-3.81481
-9.7963
-15.5
-21.4815
-23.6296
-19.2222
-22.7222
-19
-13.1667
-12.7593
-16
-8.51852
15.5926
55.2593
78.7593
76.2037
29.1481
-27.7037
-73.2222
-81.1852
-56.537
-11.5926
34.8889
63.1296
62.1852
45.1111
23.3519
9.55556
-0.240741
-6.7037
-12.3519
-18.8889
-23.2222
-18.6852
-19.5926
-16.2222
-14.4259
-17.1667
-18.1296
-4.72222
23.3333
58.3889
73.1667
64
21.1667
-24.8889
-59.963
-66.0741
-49.6296
-16.2037
22.3148
51.8704
57.2963
46.4259
27.5
13.6667
2.68519
-4.75926
-9.68519
-14.3333
-19.0185
-17.3704
-15.6481
-11.9074
-12.6111
-17.5185
-17.9815
-3.03704
24.3889
54.3889
64.9815
54.2778
17.5926
-21.3333
-49.0741
-54.7963
-42.7222
-18.1111
13.9074
42.1296
51.8889
45.2222
27.7593
12.7963
1.64815
-3.77778
-4.98148
-6.2963
-10.8333
-16.7407
-12.0556
-7.61111
-10.2778
-16.8148
-16.8148
-2.33333
21.6111
46.1667
56.6111
49.9444
19.8519
-16.4444
-43.2593
-48.7963
-36.5185
-14.1852
12.6481
35.7407
45
40.963
26
10.2222
-1.59259
-4.31481
-0.166667
2.81481
-2.42593
-17.1481
-9.2037
-3.61111
-7.96296
-15.7037
-14.1667
1.55556
23.0741
40.6481
46.7593
38.7593
15.0926
-14.2037
-32.3889
-35.8889
-25.5741
-11.3889
7.66667
24.9259
35.5926
36.7037
26.9444
11.2407
-2.62963
-4.92593
3.61111
9.98148
4.11111
-15.7222
-6.01852
-0.87037
-6.74074
-14.2778
-10.5556
5.53704
22.6852
32.7778
33.463
25.1481
8.37037
-10.5741
-19.2778
-19.4444
-12.7037
-5.62963
4.7037
15.7222
23.4074
27.3704
23.2037
11.9074
-1.35185
-4.51852
5.05556
13.6481
8.68519
-13.6481
-3.55556
1.16667
-4.74074
-11.537
-7.59259
6.11111
18.6852
23.8889
21.6481
14.9444
3.94444
-5.5
-8.59259
-5.59259
-2.77778
-0.037037
2.57407
9.18519
13.8519
18.6852
17.3519
10.0185
-0.87037
-3.98148
5.42593
15.3889
12.2037
-11.3704
-1.33333
3.14815
-2.72222
-9.27778
-6.48148
4.53704
14.1481
17.2963
14.2222
9.61111
2.94444
-0.87037
-2.75926
0.351852
1.12963
2.81481
2.05556
6.01852
9.2963
13.8519
12.9074
6.7037
-2.44444
-4.74074
4.90741
16.3148
15.3148
-8.75926
0.648148
4.51852
-1.40741
-8.01852
-6.51852
2.46296
10.9074
13.7037
10.5741
6.35185
1.48148
0.0925926
-0.611111
2.90741
3.85185
4.81481
1.96296
3.40741
6.53704
11.5926
11.0185
4.33333
-4.77778
-6.81481
3.07407
15.963
17.4444
1.55556
1.83333
0.944444
0.111111
-0.833333
-1.05556
-0.888889
-0.277778
0.111111
0.166667
-0.777778
-3.16667
-9.33333
-16
-15.6111
-4.88889
10.3889
16.2778
13.0556
5.55556
1.77778
0.722222
0.777778
1
0.888889
0.611111
-0.111111
-0.777778
-0.888889
-0.388889
0.5
0.388889
0.333333
1.61111
1.66667
1.5
0.666667
0
-0.888889
-1.22222
-1.05556
-0.722222
-1.22222
-5.44444
-15.6111
-26.5
-26.9444
-10.2778
13.2778
26.7222
24.2222
13.5
5.22222
1.72222
1.11111
1.05556
0.777778
0.277778
-0.5
-0.833333
-0.666667
0.0555556
0.5
0.111111
-1.83333
-0.333333
1
2.05556
1.83333
0.888889
-0.611111
-1.55556
-1.38889
-1.16667
-2.5
-9.33333
-19.4444
-28
-26.8889
-12.5
8.5
26.3333
29.3333
20.8889
9.27778
2.88889
1.44444
1.38889
1
0.166667
-0.555556
-0.722222
-0.444444
-0.0555556
0.111111
-0.166667
-3.22222
-2
0.0555556
1.5
1.55556
0.722222
-0.611111
-1.16667
-0.888889
-1.22222
-4.61111
-12.7778
-17.7778
-16.5
-12
-9.16667
-4.05556
10.5556
23.4444
24
13.3889
3.83333
1.11111
1.33333
1.44444
0.888889
0.166667
-0.166667
-0.277778
-0.388889
-0.5
-0.611111
-2.66667
-2.66667
-1.27778
0.0555556
0.277778
-0.111111
-0.666667
-0.444444
0
-1.38889
-7.27778
-14.2222
-11.7778
-1
5.72222
-4.66667
-14.7222
-9.44444
10.2778
20.8889
17
7.27778
2
1.11111
1.05556
0.833333
0.5
0.0555556
-0.222222
-0.611111
-0.444444
-0.222222
-1.27778
-1.66667
-1.16667
-0.777778
-0.777778
-0.722222
-0.666667
-0.111111
-0.111111
-2.72222
-9.66667
-12.7778
-6.72222
5.88889
10.8333
-2.61111
-16.7222
-20.7222
-2.33333
14.7222
21.5
14.4444
5.77778
1.5
0.388889
0.277778
0.222222
0.111111
0.0555556
-0.0555556
-0.111111
-0.111111
0.0555556
-0.555556
-0.666667
-0.722222
-0.833333
-0.944444
-0.722222
-0.666667
-1.83333
-6
-11.8889
-10.6667
-5.05556
0.444444
1.33333
-3.22222
-7.05556
-15.4444
-9.94444
5.55556
22.4444
23.8333
13.5
4.16667
0.277778
-0.5
-0.277778
-0.0555556
0.277778
0.5
0.444444
0.333333
0.611111
-0.0555556
-0.333333
-0.388889
-0.5
-0.555556
-0.666667
-1.66667
-5.16667
-10.3333
-12.2778
-7.33333
-5.72222
-13.9444
-18.4444
-8.16667
8.16667
4
-6.55556
-2.72222
17.3889
28.6111
21.8333
9.27778
2
-0.111111
-0.277778
0.222222
0.722222
0.944444
0.5
0.166667
0.833333
-0.277778
-0.666667
-0.444444
-0.277778
-0.333333
-0.944444
-3.44444
-8.66667
-13.0556
-9.38889
-4.05556
-7.66667
-26.3889
-34.0556
-14.7222
16.0556
24.4444
7.77778
-3.55556
6.94444
22.7778
25.2222
15.0556
5.33333
1.16667
0.333333
0.833333
1.27778
1.16667
0.444444
-0.0555556
0.611111
-0.222222
-0.555556
-0.277778
-0.222222
-0.555556
-2.94444
-7.55556
-13.0556
-13.2222
-3.61111
1
-7.72222
-28.8889
-37.4444
-18.5
12
32.2222
22.6111
3.44444
-2.11111
9.61111
21
18.5556
9.27778
3.27778
1.55556
1.88889
2
1.5
0.388889
-0.277778
0.555556
0.388889
0.166667
0
-0.333333
-2.27778
-7.11111
-13.7222
-16.9444
-11.5556
1.16667
2.88889
-7.5
-20.4444
-22.6111
-11.1111
2.22222
20.9444
22.7778
8.77778
-6.27778
-2
15
21.4444
14.8889
6.38889
2.66667
2.27778
1.94444
1.44444
0.5
0
0.444444
1.05556
0.833333
0.166667
-1.27778
-5.05556
-11.6111
-17.4444
-16.5556
-6.88889
2.44444
0.388889
-7
-3.61111
4.88889
5.16667
-7.38889
-4.66667
5.27778
6.61111
-6.38889
-8.5
7.88889
22.2778
21.2222
11.2222
4.27778
2.22222
1.44444
1.22222
0.777778
0.555556
0.722222
1.11111
0.5
-0.833333
-3.16667
-7.94444
-13.0556
-14.5
-9
-1.72222
-2.72222
-11.1667
-8.22222
15.8889
42
32.4444
-7.16667
-36.6667
-29.9444
-10.0556
-4.83333
-8.33333
1.61111
18.9444
26.6667
18.7222
7.77778
2.05556
0.277778
0.388889
0.722222
0.722222
0.611111
0.888889
0.111111
-1.88889
-5.72222
-10.4444
-12.3333
-7.33333
2.44444
5.33333
-7.5
-20.7222
-6.22222
38.0556
75.5556
57.6111
-6.27778
-64.3333
-67.8889
-31.0556
-4.27778
-3.94444
-6.55556
7.05556
23.8889
24.7778
14
4.05556
0.0555556
-0.277778
0.333333
0.333333
0.555556
0.833333
0.222222
-2.61111
-7.55556
-12.4444
-11.7778
-2.94444
8.5
6.66667
-11.3333
-22.2222
3.66667
55.9444
93
73.3889
1.83333
-73
-98.9444
-59.0556
-10.8333
5.94444
-5.05556
-3.88889
14.3889
25.6111
20.0556
7.88889
0.777778
-0.833333
-0.444444
-0.444444
0.277778
0.777778
0.555556
-2.5
-8.33333
-13.5556
-12.5
-3.27778
7
4.88889
-9.27778
-11.7778
18
62.4444
82.6667
61.2222
2.61111
-57
-94.2778
-70.5556
-24.2778
9.05556
3.44444
-6
2.55556
17.6111
21.0556
12.2778
3.55556
-0.111111
-0.666667
-0.777778
0.333333
0.5
0.388889
-2.33333
-7.38889
-11.9444
-10.2222
-3.33333
0.5
-4.22222
-8.11111
4
34.8889
55.6111
52.8333
30.0556
3.72222
-24.7778
-57.5
-63.3333
-38.2778
-2.05556
7.44444
-3.22222
-6
6.11111
17.4444
16
7.77778
1.66667
-0.388889
-0.555556
0.111111
-0.611111
-0.666667
-2.22222
-5.05556
-6.77778
-3.61111
-0.444444
-6.05556
-14.1111
-4.27778
24.2778
51.8889
42.1667
14.6111
-9.55556
-0.333333
8.77778
-2.11111
-35.7222
-47.0556
-30.0556
-6.55556
-6.22222
-12.2222
-4.38889
13
20.7222
14.3889
5.22222
0.555556
0.0555556
0
-1
-1
-2.55556
-4.83333
-4.72222
1.33333
3.44444
-8.72222
-21.2222
-5.61111
28.6667
50.7778
26.8889
-3.27778
-20.1111
5.16667
24
25.0556
-17.6111
-45.7222
-46.5556
-18.4444
-7.72222
-12.7222
-11.0556
6.94444
23.3889
22.5
11.2778
2.72222
0.444444
-0.222222
-0.666667
-0.777778
-3.22222
-6.22222
-4.72222
2.5
3.05556
-11.2778
-23.5556
-9.44444
19.8333
33.6111
16.7778
-2.44444
-7
10.7778
22.9444
22.0556
-11.3889
-41.3889
-48.9444
-23.1667
-1.94444
-1.66667
-7.33333
1.88889
19.9444
26.5
18.2222
7.16667
1.61111
0.166667
0.444444
-0.833333
-4.44444
-8
-6.38889
-1.22222
-3.16667
-14.8889
-22.7778
-17.2222
-5.38889
0.222222
8
15.2222
22.9444
16.5556
8.33333
-4.5
-15.7778
-27.4444
-26.9444
-10.8333
10.3889
14.7778
3.38889
-2.44444
8.83333
23
22.9444
13.2222
4.05556
0.333333
0.555556
-2.27778
-5.38889
-5.94444
-1.88889
-2.11111
-11.7778
-22.2778
-20.7222
-13.7778
-8.5
-11
2.5
7.33333
15.7778
3.22222
6.22222
-1
1.16667
-10.2222
-14.7778
-13.8333
5.27778
21.1667
17.3889
1.72222
-1.05556
12.6667
22.9444
18.9444
8.55556
0.277778
-0.833333
-5.33333
-7.05556
-3.22222
2.5
-3.5
-18.7778
-25.0556
-13.2778
-1.27778
-1.11111
-12.2222
-11.1667
-18.3333
-14.8333
-14.1111
11.0556
22.5556
28.1111
14.8889
-0.555556
-14.5556
-9.33333
9.16667
18.0556
6.83333
-3.33333
4.66667
19.8333
22.2778
13.3889
-0.444444
-3.11111
-8.72222
-9.55556
-2.38889
4.72222
-3.5
-19.2222
-20.3889
-1.55556
14.5
13.5556
-7.27778
-28.6667
-51.2222
-50.2778
-25.3889
19.5556
51.7222
55
35.3333
6.77778
-17.1667
-23.4444
-9.16667
8.61111
8.72222
-1.5
-1.05556
14.0556
23.0556
18.8333
-1.44444
-6
-11.6667
-11.2222
-0.888889
6.11111
-1.61111
-12.8333
-7.77778
12.2222
23.5
16.3333
-10.2222
-40.2222
-58.5
-52.6111
-18.3333
17.6667
49.7222
54.0556
42.2778
16.5556
-8.66667
-24
-22.2222
-6.77778
1.77778
-4.55556
-9.44444
2.44444
20.1111
24.7222
-2.77778
-7.77778
-11.5
-8.66667
3.55556
11.2222
9.5
7.83333
16.4444
28.6111
28.2222
15.0556
-10.8333
-36.7222
-45
-32.8333
-4.66667
11.3333
28.1667
34.3889
32.1667
17.1111
-3.55556
-19.8889
-28.6667
-24.1667
-17.5
-21.3889
-26.5556
-15.2778
11.3333
28
-3.22222
-7.5
-8.55556
-3.88889
7.66667
15.5556
21
28.3333
37
38.1667
27.2222
11.6111
-6.38889
-21.2778
-23
-14
0.666667
3
8.61111
12.6667
15.2222
9.27778
-2.27778
-15.3889
-28.9444
-34.3333
-32.7222
-34.7222
-37.1111
-26.8889
1.44444
24.3333
-2.55556
-4.66667
-4.83333
-2.88889
1.33333
8.16667
22.0556
38.5
46.8333
38.7222
23
8.16667
-1.77778
-8.77778
-8.55556
-4.38889
0.666667
-0.888889
0.611111
2.5
5.38889
3.61111
-0.611111
-8.94444
-22.7222
-35.3889
-38.4444
-34.1111
-28.5
-20.4444
-5.83333
10.8333
-0.333333
0.166667
0.444444
-0.722222
-3.83333
-1.22222
10.6667
25.0556
30.8333
23.6111
12.8889
3.16667
-2.83333
-6.83333
-6.94444
-5.88889
-3.66667
-3.27778
1.77778
5.11111
9.5
8.33333
6.5
0.333333
-9.16667
-19.1667
-20.8889
-12.9444
-5.61111
-6
-11.4444
-10.3333
1.44444
4.88889
7.38889
5.94444
-1.72222
-4.66667
1.33333
11.0556
14.8333
9.88889
3.77778
-2.5
-6.66667
-9.44444
-8.11111
-3.77778
-1.83333
-0.888889
1.22222
7
13.5556
15.2778
14.4444
9.5
2.61111
-5.22222
-5.94444
2.88889
8.22222
-0.333333
-20.1111
-29.2222
2.61111
8.5
15.5556
19.3889
14.7222
8.38889
5.11111
5.22222
2.88889
-2.33333
-6.66667
-9.33333
-9.44444
-8.77778
-5.22222
-0.888889
-0.111111
-0.166667
0.5
5.77778
11.5556
13.8333
14.8889
13.2778
10.3889
5.66667
3.38889
4.66667
2
-11.3889
-29.2778
-37.8889
2.38889
8.38889
16.9444
23.2222
21.9444
15.8889
9.83333
4.77778
-2.61111
-10.1111
-12.6667
-8.88889
-1.44444
3.33333
4.88889
2.94444
0.111111
0.888889
1.33333
1.94444
-1.38889
-2.38889
1.55556
9.22222
13.5556
11.2778
5.33333
-0.222222
-6.77778
-17.7222
-27.5
-30.3333
0.02
0.54
0.36
0.08
-0.56
-1.74
-4.38
-9.26
-15.86
-23.46
-30.3
-31.64
-24.06
-11.36
4.06
20.02
30.56
30.98
26.16
19.3
11.44
5.18
2.34
1.02
0.22
-0.28
-0.64
-0.76
-0.5
0.06
0.12
-0.06
-0.84
-2.64
-6.42
-11.78
-17.26
-22.96
-28.06
-28.38
-21.54
-11.94
-0.14
14.24
26.2
29.58
27.78
23.02
15.66
8.14
3.68
1.48
0.5
0
-0.36
-0.6
-1.3
-0.86
-0.62
-0.6
-1.42
-3.86
-8.52
-13.52
-17.6
-22.5
-24.56
-22.92
-18.72
-13.54
-3.04
7.68
18.5
25.96
29.04
25.88
20.04
12.56
6.32
2.38
0.66
0.12
-0.1
-0.34
-1.56
-1.4
-1.08
-1.16
-2.52
-5.52
-10.22
-14.32
-18.3
-23.02
-23.16
-21
-19.7
-16.12
-5.28
3.46
13.54
24.08
30.86
29.24
24.58
17.38
10
4.2
1.22
0.42
0.24
0.12
-1.34
-1.56
-1.58
-2.24
-4.26
-7.84
-12.16
-15.94
-20.16
-24.44
-23.78
-21.92
-21.2
-17.06
-6.3
2.06
11.64
23.08
31.7
32.02
28.5
21.96
14.14
6.88
2.56
1.02
0.78
0.76
-0.82
-1.46
-2.34
-4.14
-7.4
-11.62
-14.92
-17.66
-21.86
-25.8
-24.76
-23.9
-23.28
-17.12
-4.96
3.5
12.12
22.9
31.42
32.8
30.7
25.84
18.64
10.72
4.98
2.4
1.68
1.42
-0.38
-1.62
-3.66
-6.88
-11.62
-16.16
-17.64
-19.48
-23.38
-26.06
-26.22
-27.54
-24.74
-15.38
-3.02
7.12
15.48
22.64
29.06
32.08
31.76
29
23.56
15.74
8.48
4.2
2.5
1.94
-0.3
-2.2
-5.36
-9.78
-15.08
-18.78
-18.98
-20.7
-23.1
-22.72
-24.98
-28.46
-21.88
-10.72
-3.34
7.26
16.94
19.68
22.3
27.96
30.76
29.9
26.58
20.58
13.24
6.96
3.66
2.52
-0.56
-3.22
-7.42
-12.58
-17.6
-20.64
-20.5
-21.98
-21.18
-16.12
-15.3
-16.74
-8.34
-0.7
-2.42
0.16
6
6.76
8.72
17.56
26.26
29.9
28.9
24.9
18.58
10.98
5.5
2.88
-1.38
-5
-10.18
-15.6
-19.84
-21.78
-21.5
-21.1
-15.9
-5.64
1.26
6
12.6
11.6
-1.48
-11.82
-16.04
-15.34
-9.64
3.9
19.22
29.3
31
28.46
23.04
15.14
7.94
3.46
-2.76
-7.46
-13.1
-17.88
-20.14
-20.52
-20.48
-18.94
-9.46
5.14
18.3
31.1
36.44
24.12
-1.66
-25.48
-41.72
-41.82
-29.8
-9.9
11.92
28.12
32.7
31.24
26.46
18.48
10.38
4.32
-4.16
-9.3
-14.7
-18.18
-18.14
-17.3
-17.96
-14.94
-1.78
15.74
35.92
56.42
58.38
34.56
-1.74
-39
-66.54
-66.76
-49.3
-24.74
2.04
23.04
30.72
31.62
28.5
21.54
13.38
6
-5.06
-10.3
-14.92
-17.34
-16.82
-16.26
-15.86
-10.62
4.92
25.48
53.08
77.94
75.74
43.6
1.32
-46.1
-83.8
-86.16
-64.94
-38.54
-10.5
13.82
25.46
28.96
27.82
23.4
16.6
8.48
-5.72
-10.32
-14.14
-16.22
-15.88
-15.16
-12.38
-3.56
14.14
35.94
63.28
84.82
78.6
44.34
1.82
-44.4
-83.04
-90.22
-73.22
-49.16
-23.82
-0.56
14.68
23.38
25.96
24.22
19.82
12.66
-6.32
-10.18
-12.72
-14.84
-15.64
-14.88
-10.52
-2.38
15.28
37.56
61.94
77.5
73.74
42.94
4.24
-36.6
-70.48
-83.86
-73.2
-54.02
-31.82
-10.8
6.12
17.88
24.44
25.38
22.8
17.24
-6.6
-9.06
-10.28
-13.06
-15.82
-15.64
-11.24
-4.78
11.6
34.28
55.52
64.62
63.46
41.04
9.46
-24.64
-51.66
-69.74
-68.64
-57.12
-39.34
-20.4
-1.7
12.86
22.98
27.16
26.16
21.76
-6.34
-7.62
-8.16
-12.12
-16.98
-17.78
-14.06
-9.14
5.98
28.5
44.28
48.02
49.78
36.58
12.86
-10.28
-30.46
-52.1
-59.3
-55.22
-43.98
-27.26
-7.16
8.86
21.4
28.58
29.44
26.14
-6.24
-6.74
-7.84
-12.82
-18.12
-19.52
-18.36
-14.52
-0.84
18.18
26.42
27.76
31.82
26.42
11.24
1.22
-11.14
-32.44
-44.88
-45.92
-40.52
-26.98
-7.78
8.24
21.42
29.98
32.42
30.48
-7
-8
-10.1
-15.02
-20.04
-21.96
-24.16
-23.84
-13.8
0.14
3.2
6.94
15.86
16.1
9.24
10.1
3.18
-14.3
-24.04
-26.36
-26.52
-16.68
-1.28
10.02
20.12
29.08
33.16
32.74
-7.52
-8.62
-11.72
-15.4
-19.18
-22.5
-26
-23.2
-16.56
-9.98
-12.18
-10.1
-6.2
-0.22
3.56
16.26
17.92
8.22
-3.26
-9.24
-16.42
-13.24
-1.74
8.78
16.42
24.64
30.82
32.82
-7.72
-9.18
-12.1
-13.06
-15.14
-18.86
-20.38
-14.4
-11.58
-13.14
-21.94
-25.24
-27.32
-19.24
-6.04
18.34
30.02
28.02
17.32
7.1
-7.1
-12.36
-7.54
0.72
7.6
15.04
23.08
29.24
-8.28
-8.92
-9.14
-5.44
-3.2
-3.88
-2.44
3.82
0.06
-11.9
-27.02
-37.6
-45.16
-34.72
-12.36
17.5
38.58
44.44
34.36
19.22
0.16
-14.32
-19.04
-16
-11.06
-3.82
6.46
18.06
-8.88
-8.5
-4.92
3.58
9.74
12.4
16.96
21.88
11.7
-7.8
-25.92
-42.76
-54.58
-41.92
-14.08
14.48
40.8
52.86
43.18
24.46
3.92
-16.48
-29.34
-32
-29.04
-22.1
-10.82
4.92
-9.76
-8.38
-1.6
10.2
19.84
26.26
34.34
39.34
26.1
3.38
-15.54
-36.82
-53.04
-40.58
-13.08
9.92
35.68
50.34
40
19.68
0.4
-21.46
-38.24
-43.84
-41.88
-34.94
-23.44
-6.28
-6.7
-3.52
6.18
19.52
31.62
41.88
50.64
51.08
35.3
11.68
-8.18
-30.12
-44.04
-34.54
-11.96
5.04
26.94
40.58
34.7
16.96
-0.24
-21.5
-40.64
-51.48
-52.44
-46.32
-36.14
-20.64
-1.16
3.86
14.54
27.26
40.38
52.16
58.32
53.4
36.22
13.38
-4.96
-23.62
-33.36
-25.24
-8.12
2.04
18.32
30.5
28.42
15.5
2.32
-16.18
-35.14
-49.14
-54.34
-51.08
-43.56
-32.5
4.78
9.3
16.62
24.9
33.88
41.68
44.16
37.88
24.52
8.76
-3.46
-15.16
-20.02
-14.44
-4.58
0.12
9.66
18.76
20.12
13.86
6.98
-4.3
-17.76
-29.34
-35.56
-36.76
-35.06
-31.72
11.14
15.34
18.98
21.86
25.9
29.58
28.72
22.48
14.34
5.72
-2.16
-8.08
-9.38
-6.9
-2.76
0.7
5.14
10.84
14.28
12.8
9.1
3.82
-3.34
-11.1
-17.9
-22.56
-26.1
-30.42