-18.125
-15.25
-13.25
-10.875
-6.375
-6.5
-6.5
-7
-7.25
-4.75
-5
-7.25
-8.625
-14.25
-17
-18.25
-20.625
-17.25
-13.375
-8.5
-3.125
-1.5
-0.625
-0.125
-0.375
-0.75
-1.375
-1.75
-2.375
-2.375
-2
-1.75
-1.75
-1.625
-13.875
-14.875
-14.75
-13.625
-13.125
-11.625
-9.625
-9.625
-7.5
-5.75
-6.5
-9.25
-10.5
-13.375
-15.375
-12.75
-12.5
-11.5
-9.125
-8.25
-5.875
-2.75
-1
-0.125
-0.5
-1
-1.25
-1.625
-1.5
-1.125
-1.5
-1.625
-1.625
-1.5
-12.125
-13
-12.625
-11.875
-12.75
-11.375
-8.125
-7.625
-4.375
-3.375
-6.25
-8.625
-10.625
-11.625
-13
-11
-12
-16.75
-16
-15.5
-13
-5.75
-2.625
-1.625
-1.5
-1.5
-0.625
-0.875
-0.25
0.125
-0.25
-0.25
-0.375
-0.125
-11.625
-10.25
-8.75
-7.75
-7.875
-7.5
-4.875
-3.25
-0.25
0
-2.5
-4.75
-7.25
-8
-10.75
-11.25
-13.25
-22.5
-24.375
-22.875
-20.25
-9.5
-3.125
-2
-1.5
-1.125
-0.5
-0.625
-0.375
-0.25
0.5
0.75
0.5
0.625
-11
-9.125
-6.5
-5.25
-5
-6
-5.875
-4.25
-2.5
-2.75
-3.25
-4.75
-5.25
-4.125
-8.125
-10.25
-12.5
-21
-24.75
-24
-22.5
-13.125
-4
-1.75
-1.125
-1
-1.25
-1
-1.375
-1.5
-0.875
-1
-0.75
-0.375
-8.75
-8.5
-6.125
-4.25
-4.25
-4.875
-6.125
-6
-6.5
-7.25
-6.75
-7.5
-5.75
-4.75
-8.125
-9.25
-10.5
-13.75
-18.75
-22
-22.375
-17.125
-7.25
-2
-0.625
-0.375
-0.625
-0.25
-0.75
-1.5
-2
-2.375
-1.875
-1.375
-7.25
-8
-7
-5
-5.5
-5.125
-5.875
-6.5
-8.75
-9.75
-8.5
-8.25
-7
-8.375
-11.125
-10.625
-8.25
-6.5
-11.75
-20.875
-24.25
-22.125
-13.75
-4
-0.625
-0.125
0
0
0
-0.625
-0.875
-0.875
-1
-1.125
-6.5
-7.375
-7.75
-6.5
-6.625
-6.125
-5.875
-6.375
-7.75
-7.5
-6.125
-5.25
-6.875
-10.25
-12.375
-10.375
-3.25
1.5
-1.875
-14.875
-24.25
-25.125
-20
-7.875
-1.125
-0.5
0.125
-0.125
0.125
0.25
-0.125
0.125
-0.375
-1
-4.5
-5.75
-7
-6.375
-4.75
-3.75
-3.625
-4.375
-4.25
-2.375
-1.625
-2
-5.625
-10.5
-10.875
-5.5
4.875
11.25
10
-2.625
-18.75
-24.625
-22.5
-13.375
-3.75
-1.125
-1
-1.125
-1.125
-0.5
-0.875
-0.5
-0.125
-0.5
-3.375
-4.25
-5.5
-5.25
-2.625
-1.375
-2.25
-3
-2.875
-1.75
-1
-2.25
-5.5
-8.625
-6.5
1.375
10.875
17.125
16.375
6.125
-11.125
-22.5
-23.5
-19.125
-9.125
-2.25
-2
-1.875
-2.25
-2.125
-2
-1.75
-0.625
-0.375
-4.375
-4.125
-4.375
-4.375
-2.375
-1.375
-2
-2
-3.125
-4.875
-4
-4.625
-6.25
-4.875
-0.75
5.625
11.625
17.875
17.625
10.625
-2.25
-18.625
-24.5
-23
-14.5
-3.75
-1
-0.5
-0.625
-1
-1.25
-1.75
-1.75
-1.75
-4.875
-4.375
-3.625
-3.375
-2.5
-1.25
-1
-0.25
-1.625
-4.5
-4.25
-5.5
-5.875
-2.5
2.75
7.625
10.625
15.375
16.5
13.625
6.875
-10.625
-23.5
-25.125
-20
-7.875
-0.75
0.625
1
1
0.75
0.125
-0.5
-1
-3.625
-3.375
-2.625
-2.25
-2.875
-2.625
-1.75
-1.125
-1
-2.125
-3.75
-6
-5.25
-0.75
6.125
10.75
11.625
10.625
10.875
12.125
10.5
-0.5
-18.75
-26.625
-26
-17
-4.5
0.125
1
1.125
1
0.875
0.625
0.5
-2.25
-2.125
-1.875
-1.875
-3.125
-4.125
-2.5
-2.375
-2.125
-1.875
-5.625
-7.125
-4
2.875
9.625
12.125
10.625
4.625
3.75
8
9.5
5.625
-10.25
-24.375
-28
-24.5
-12.25
-2.875
-0.5
-0.375
-0.375
-0.75
-0.875
-0.25
-1
-1.375
-1.625
-1.875
-2.75
-3.25
-2.25
-2.625
-2.875
-3
-6.125
-5.625
-0.625
6.25
9.75
8.125
2.125
-5
-4.625
2
7.75
7.75
-1.25
-17.125
-25.125
-25.25
-18.125
-7
-2.25
-1.375
-1.25
-1.5
-1.125
-0.5
-0.25
-0.75
-1
-1.125
-1.875
-2.25
-2.875
-3.625
-3.25
-4.125
-5
-2.625
1.875
6.375
6.625
0.75
-10.375
-17.5
-16.625
-9.25
2.25
7.375
4.375
-8.375
-20.5
-23.75
-20.5
-11.25
-4
-1.75
-1.375
-0.375
0.25
0
-0.375
-0.375
-0.125
-0.125
-0.5
-0.875
-1.75
-2.125
-2
-3.875
-3.875
-0.375
3
3.25
1.125
-6.125
-16.625
-20.25
-20.5
-18.75
-8.25
1.25
3.75
-0.75
-14.25
-23
-23.25
-18.25
-9
-4.375
-3.375
-1.375
-0.625
-1.125
-0.375
-0.125
0.125
-0.125
0
0
-0.25
0.25
-0.5
-2.375
-1.5
3
4.25
-0.75
-5.875
-12.125
-15.25
-11.125
-11.75
-17
-14.5
-6.75
-0.125
3.25
-6.875
-21
-25.5
-24.75
-16.125
-8.25
-6
-4
-2.875
-2.375
-0.125
0.125
0
-0.625
-0.625
-1.125
-0.875
0.125
-1
-1.125
1.375
5.875
5.375
-0.125
-8
-14.75
-13.625
-8.625
-7.875
-10.875
-11.5
-6.25
1.625
5.5
-0.125
-15.125
-24.875
-26.625
-21.625
-12.375
-6.625
-4.25
-3.125
-2
-0.25
0
-0.125
-0.375
-0.375
-0.875
-0.25
-0.625
-2.25
-1.25
2.25
6.375
8.125
8
2.875
-4.5
-6.375
-10
-11.25
-5.5
-3
3.125
10.875
10.5
6.375
-5.875
-21
-26.5
-25.75
-17.5
-7.625
-3.375
-1.5
-0.625
-0.875
-0.875
-0.75
-0.125
0.375
0.875
1.25
-1
-2.5
-0.375
4.5
8.25
11.125
11.375
8
3.5
0.75
-5.125
-8.625
-2.5
-0.625
3.75
11
12.375
11
3.25
-13.375
-24.625
-28.125
-23
-12.25
-5.625
-1.5
0
-0.625
-0.875
-0.875
-0.375
0.375
1.375
1
-1
-1.125
3.625
9.25
11.5
10.25
3.125
-3.875
-3.125
-1.125
2.875
4.125
-0.25
-3.25
-5.625
-1.875
7.25
11.5
8.75
-3.5
-18.5
-26
-26.125
-18.875
-10.125
-4.75
-1.75
0.25
0.375
0
-0.375
0.375
1.5
1
0.875
2.5
7.375
11
11.625
7.875
-0.75
-4.25
-0.375
2
10.125
14
6.875
5.25
0
-2.25
5
9.375
9.5
3.5
-9.875
-19.75
-24.625
-22.25
-13.625
-8.25
-3.75
0.375
0.875
0.375
-0.375
0.75
1
0.5
2.125
4.75
8.125
9.875
9.125
7.875
7.375
11.375
13.625
10.25
6.75
6.25
8.875
13.125
14.25
10.125
7.25
7.875
8.875
6.75
-2.125
-13.5
-21.125
-21.875
-17.125
-11.125
-5.75
0.25
0.5
0.5
0.25
0.875
-0.75
-1.75
0.5
4.75
8
8.875
6.875
6.375
13.125
18.625
19.375
15.875
5.625
3.875
10.5
13.375
15.5
11.625
4.875
5.375
8.25
8.375
3.75
-7.625
-16.5
-19.5
-19.875
-13.875
-9.375
0
-0.25
0.5
1.25
-0.25
-2.125
-2.75
-0.25
5.625
7.5
6.5
2.875
0.125
5
9
12.5
16.875
16.25
16.75
16.375
10.875
5.375
0.375
-3.75
-2.75
2.375
5.875
5.75
-1.25
-10.875
-16.875
-19.875
-15.75
-12.125
0
-0.375
0.375
1.375
-0.75
-1.625
-1.625
-1.125
0.25
-2.125
-7
-12.5
-15.5
-15.375
-13
-8.375
-0.375
5
4.375
-0.125
-9
-16.125
-19
-20.5
-19.875
-15.5
-8.75
-3.875
-3.375
-9.375
-16.375
-19
-17.875
-14.375
0.375
0.625
1.5
1.75
0.25
-0.25
-1.25
-4.875
-10.625
-18.125
-26.25
-31.375
-32.375
-32.5
-31.75
-29.5
-25.875
-23.75
-24.5
-26.5
-30.5
-33
-33
-33
-32.125
-29.625
-23.25
-15.5
-9.75
-9.5
-14.875
-17.75
-19.25
-17.75
0.5
1.5
2.625
2
0.875
0.625
-1
-4.5
-10.375
-17.5
-23.125
-25.375
-24.625
-23.5
-23.25
-22.375
-21.75
-21.25
-20.25
-20
-19.875
-19.625
-18.75
-17.75
-17
-15.375
-12.375
-7.25
-2.5
-1.5
-5.75
-10.875
-15.625
-18.375
0.125
1
1.5
1.25
2
2.75
3.125
3.375
2
-0.125
-1
-0.5
0.625
2
2.25
1.625
0.875
0.625
1.875
3.125
4.5
5.5
6.5
8
8.875
9.625
9.875
10.75
12.625
13.5
10.875
3.5
-5.125
-13
-0.25
-0.375
-0.875
-0.125
2
4
6.875
9.75
10.875
11.625
12.625
14
15.125
15.875
15.125
12.25
8.5
6
6.375
8
11
13.25
14.25
15.75
16.75
17
17.125
17.375
19.5
22.75
21.125
13.5
4.5
-4.625
0.25
-0.5
-1.625
-1.625
-0.875
1.125
5.625
10.75
12.625
13.875
13.875
12.75
13
12.625
11.25
8.875
5.25
2
1.375
2.375
5.5
8.375
8.75
9
9.5
9.375
10.125
11.375
13.375
15.625
13.875
9.875
3.875
-0.75
1.75
1.25
0.375
-0.5
-1
0.25
4.125
8.125
9.625
9.75
7.75
4.75
4
3.5
3.125
3.25
2.375
0.375
-0.375
-0.125
1.375
3.5
4
3.5
3
2.125
1.125
0.875
0.625
-0.125
0
0.625
-2.5
-3.125
32.375
32.375
32.125
30.75
25.5
21.625
20.125
16.75
16
13.5
7.875
3.5
1.375
0.375
-0.125
0.375
0.375
-0.875
-1.75
-1.5
-1.375
-0.75
1.375
1.875
0.875
0
-3.375
-5.375
-6
-6.625
-4.625
-3.875
-5.625
-5.625
-3.125
-7.25
-7.75
-12.875
-9.125
4.25
1.5
-7
0.25
10.25
11.5
8.5
3.625
0.75
9.25
-4.25
-30.375
7.25
57.875
42.25
10.875
1.5
0.375
0.125
-1.125
-0.5
0.125
-0.25
0.125
0.375
0.25
0.25
0.25
-0.125
-2.375
-7.625
-4.75
-8.875
-7.625
2.875
0.625
-5.375
1.25
11.25
11
4.25
1.25
0.625
6.375
-7
-31
8.25
62.875
48.75
14.875
3
0.25
0.125
-0.5
-1
-0.75
0.125
0.75
0.375
0
0.375
0.625
0
-1.375
-8
-5.125
-6.625
-5
2.875
1.875
-2.375
2.875
12.125
9.25
-1.125
-2.125
0.375
4.25
-7.25
-28
5.5
58.75
54
23.25
6.5
0.875
0.625
-0.25
-1.5
-0.875
0.375
0.5
0.125
0.25
0.75
0.375
-0.375
1.125
-7
-6.25
-5.75
-3.625
2
3.125
1.75
5.5
11.25
5.5
-4
-2
1.5
1.25
-10.5
-25.5
1.75
49.625
58.125
35.5
12.5
1.625
0.75
0.25
-1.625
-1.25
0.625
1.125
0.75
0.5
0.5
0
-0.125
4
-4.375
-6.5
-5.25
-2.25
1.25
2.875
4.75
9
10.75
0.5
-7
0.25
3.875
-3.375
-16.25
-23.75
-2
38.25
59.75
49
21.375
4
1.25
0.625
-1.25
-1
0.75
0.875
0.25
0.375
0.75
0.25
0.375
6
-1
-5.625
-5
-1.5
0.875
2.125
6
10.75
9
-2.25
-6.75
2
3.75
-8.625
-20.5
-20.5
-4
25.25
55.25
60.375
33.625
9
2.25
1.125
-0.625
-1.125
0.25
1
0.25
0.25
1.125
0.375
0.125
6.75
1.75
-4.5
-4.5
-1.25
-0.375
0.625
6.75
11.75
7
-2.75
-3.75
3
1.125
-13.125
-21.875
-15.5
-3
14.25
43.375
62.75
47.375
19.25
4.75
1.375
-0.125
-1.25
-0.25
1
0.125
-0.125
1.125
0.75
0.375
5.75
2.375
-4
-3.25
-0.125
-1.125
-0.375
6.625
11
6
-1.125
-1.75
1.125
-3.5
-15.625
-17.875
-6.75
0.75
4.625
25.875
55
57.625
33.75
10.625
1.875
0
-0.625
0.125
0.375
-0.5
-0.625
0.875
1.125
0.25
3
1.5
-3
-1.875
1
-0.5
-0.875
4.875
9.75
7.625
2.125
-2.5
-4.375
-8.75
-15.125
-9.25
5.125
5.25
-4.75
6.875
40.5
60.625
48.25
20.875
4.25
-0.125
-0.75
-0.125
0.375
0
-0.125
1
1.375
0.25
0.875
0
-2.5
-1
2.375
0.875
-1.75
2.75
9.875
10
3.5
-4
-8.75
-12.625
-12.25
1.125
16.375
9.375
-11.625
-10.125
21.375
54.75
59.25
34.125
9.625
0.75
0
0.125
-0.5
-0.375
0.25
1
1.375
0.375
-0.375
-1.375
-2.125
0.125
4.375
3.125
-2.75
0
9.875
11.625
3.75
-5.875
-12.25
-14.125
-7
11.625
25.125
13.375
-13.625
-22.375
0.75
38.625
62
49.75
19.25
2.5
0.5
0.5
-0.625
-0.5
0.5
0.75
1
0.5
-0.875
-1.875
-1.625
0.875
5.5
5
-3
-2
9.875
11.75
2.75
-7.25
-14.125
-12.75
0.75
21.375
28.625
12.625
-12.5
-26.125
-14.875
17.875
52.75
59.875
34
9.125
2
0.625
-1
-0.75
0.75
0.875
1
0.75
-0.125
-1.125
-1.375
0.75
5.375
5.125
-2.25
-1.125
9
8.875
1
-6.75
-13.25
-8.25
10.875
27.75
25.125
9.375
-8.375
-24.125
-24.75
-1.5
36
59.375
48
21.75
6.75
1.625
-1
-1.125
0.25
0.375
0.375
0.5
0
-0.625
-0.875
0.875
4.625
4.875
0
0.875
6.625
5.125
-0.125
-6.875
-11.25
-0.125
20.125
28.125
18.125
6.125
-3
-18
-28.25
-16.875
16
50.125
56.5
36
14.5
3.875
0
-1.125
-0.375
0
0.375
1
-0.5
-0.625
-0.625
0.875
3.25
3.25
1.5
2.875
5.375
3.5
-1.375
-7.875
-6.875
10
26.25
22.875
7.625
1
1.625
-7.25
-22.75
-25.25
-4.25
32.125
57.125
50.5
26.125
8.25
1
-1.125
-0.75
0
1.125
1.5
-0.75
-0.5
-0.5
0.625
2.125
1.75
2.125
4.375
4.5
1.625
-3.25
-7.125
0.375
19.125
26.875
12.5
-4.625
-4
6.625
3.75
-13.25
-24.375
-16.625
11.875
46.5
58.75
40.25
15.25
2.5
-0.5
-0.125
0.375
1.25
1.5
-1.125
-0.625
-0.375
0.625
1.5
1.375
2.5
4.125
3.5
0.125
-4.625
-3.625
8.75
21.25
19.125
4.125
-10.625
-7.5
9.25
9.75
-5.75
-16.5
-18.25
-3.5
29.25
55.75
52
26
5.25
0.625
1.625
1.125
1.625
1.625
-1.375
-0.375
-0.125
0.125
0.75
1.25
2.25
3.75
3.75
-0.875
-5.25
2.25
15
15
6.875
-0.375
-11
-8.375
10.25
10.5
-0.75
-4.25
-12.625
-14
10.875
45
57.25
37.75
11.375
3
3.75
2.5
2.125
1.375
-1.125
-0.125
0
-0.375
0.125
1.125
2.375
4.375
3.25
-3.125
-3.875
10.125
18.875
5.125
-6.25
-3.75
-8.625
-7.625
9.125
9.125
3
8.75
-1.875
-19
-6.875
28.375
54.375
46.625
20.375
8.125
7.125
4.75
2.375
0.5
-1.25
0
0.375
-0.625
-0.125
1.625
3
3.875
0.75
-4.25
1.25
18.625
20.125
-3.5
-13.625
-5.75
-9.125
-7.5
7
8.25
8
16.875
6.875
-17.75
-19.875
8.125
42
50.25
31.25
16
12.125
7.875
3
0.375
-1.375
0.125
0.5
-0.625
0.125
1.875
3
3
-1.25
-2.375
10
25
15.625
-12.625
-19.5
-8.5
-8.25
-5.375
5.125
7.25
11.375
21.5
14.5
-11.375
-25
-9
23.375
44.625
39.875
26
18.5
12.375
5.25
0.75
-1.125
-0.125
0.125
-0.375
1.125
2.625
2.5
0.75
-2.875
2.875
19.75
27
8.5
-18.625
-21.375
-9.375
-7.875
-3.375
6.125
5.5
9.75
22.875
20.375
-3.5
-24.5
-21
4.25
31.5
41.75
36.125
26.875
17.875
8.5
1.5
-0.75
0.125
-0.25
-0.625
2.375
4.75
2.25
-2.375
-2.75
10.125
27
25.375
2.125
-22.25
-21.25
-6.375
-7.5
-5.625
7
6.875
8.75
21.25
21.25
2.5
-20.125
-27.5
-11.75
15.875
37
41.625
34.75
25.125
13.75
3.5
-0.125
-0.125
-1.125
-1.125
4
6.5
0
-4.375
1.75
18.625
30.625
20.125
-3.375
-21.875
-20.125
-6.125
-7.5
-7.5
7
8.625
8.375
19.75
20.125
5.5
-13.125
-26.875
-23.25
-0.875
26.5
41.875
40.875
32.125
19.375
7
0.5
0
-1.5
-1.5
4.375
6.5
-1.75
-3.5
9.25
25.25
27.625
13.375
-4.125
-16.375
-14.875
-5.625
-10.375
-9.625
9.875
12.5
6.625
13.75
14.125
4.375
-7.625
-21.5
-27.125
-14
13.125
36.5
44.25
37.875
23.875
11.125
0.75
0.25
-1.5
-1.25
4
4.625
-2.75
0.5
17.125
27.5
21.25
7.625
-2.375
-9
-8.75
-5.25
-12.125
-11.5
7.5
14.875
8.875
7.875
6.125
1.25
-4.5
-14.875
-24.375
-20.5
0.25
25.875
43.125
43.125
29
15.125
0.75
-0.125
-1.125
0.125
3.25
0.875
-4.125
3.875
20
24.375
13.75
2.75
-1.25
-2.375
-3
-6.375
-12.375
-9.25
4.625
11.875
8
3.375
1
-0.25
-1.625
-8.5
-19
-19.875
-5.625
16.625
38.125
44.75
34.125
19.375
1.125
0.375
-0.25
1.25
0.75
-3.25
-3.5
5.625
16.875
16.875
6.75
0.375
-0.375
-0.75
-1.25
-3
-5.875
-4.25
2.5
5
2
0.25
0
-0.25
-0.625
-3.875
-10.75
-14
-7
8.75
29.625
43
39.25
23
1.75
0.75
0.375
1.5
-1.125
-4.875
-2.5
5
10.875
9.25
2.875
-0.375
-0.375
-0.25
0
-0.375
-1.25
-0.75
-0.25
-0.5
-0.125
0.125
0.25
0.5
0
-1.875
-4.875
-6.75
-4.5
3.75
20.75
38.625
40.125
22.625
1.875
1
1.5
2
-1.75
-4.5
-1.375
2.875
4.25
2.875
0.75
0.75
1.125
0.25
-0.5
-1.375
-2.125
-1.125
1.125
1.625
0
-0.5
1.5
3
1.125
-2.125
-2.625
-0.5
1.125
4
14.625
29.5
33.875
20
1.5
1.125
2.125
1.875
-1.75
-2.5
1.125
3.25
1.875
-0.125
0.875
3.5
2.625
-0.375
-1.625
-2.75
-4.75
-3.5
2.625
5.5
2
-0.25
2.5
5.25
2
-3
-1.875
2.875
4.75
5.25
9.875
18.5
24.5
17.125
1
0.75
1.875
1.375
-0.875
0.375
5.375
8.25
3.375
-2.875
-0.125
5
2.75
-1.625
-2.25
-3.625
-7.75
-6.75
3.875
10.125
4
-0.625
2.75
6.25
3
-3.375
-2.875
3.875
7.375
6.625
7.125
11.125
15.375
11.25
0.25
0.25
1.375
1.25
0.5
3
8.875
11.375
3.625
-4.75
-1
5.5
3.25
-1.75
-3.125
-5.25
-10.625
-10.125
3.625
13.625
7.375
0.5
3
7
3
-4.875
-4.375
3.875
9.125
8.625
6.5
6.625
8.75
7.125
1.375
0.375
-0.625
-1
-4.25
-3.625
9.875
17
1.75
-11.75
-5.375
2.75
0.625
-2.625
-3.375
-6.375
-12.125
-12.125
2.25
15.25
10.125
1
2.625
7.875
3.375
-6.5
-6.875
3.625
12
9.875
4.375
4.875
7.125
5.125
-21.2222
-18.6667
-17.5
-17.2222
-14.2222
-12.2222
-10.5556
-10.1667
-10
-11.2222
-12.6111
-15.2778
-18.7222
-20.7222
-22.0556
-22.7222
-22.4444
-19.0556
-14.6667
-11.8333
-8.38889
-3.83333
-1.94444
-1.77778
-1.83333
-1.83333
-1.72222
-2.05556
-2
-1.61111
-1.72222
-1.55556
-19.1667
-17.2778
-16.2222
-16.1667
-14
-11.4444
-8.38889
-8.16667
-7.94444
-8.66667
-10.0556
-12.1667
-16.8333
-17.5556
-18
-21.9444
-24.2222
-22.2222
-18
-16.2778
-13.6667
-6.44444
-2.5
-1.88889
-1.55556
-1.44444
-1.16667
-1.27778
-1
-0.833333
-0.888889
-0.611111
-16.5
-14.8333
-13
-12.6111
-11.2778
-9.05556
-6.16667
-6.61111
-6.88889
-7.16667
-7.66667
-9.55556
-15.0556
-15.6111
-15.9444
-22.8333
-28.5
-28.0556
-23.5556
-21.4444
-19.2778
-10.1667
-3.66667
-2.16667
-1.66667
-1.5
-1
-1
-0.666667
-0.611111
-0.611111
-0.277778
-13.7778
-12.2222
-9.88889
-9.44444
-9.22222
-7.72222
-6.11111
-7.16667
-7.72222
-7.16667
-6.5
-8.16667
-13.3889
-13.8333
-14
-20.9444
-29.2222
-30.6111
-26.3333
-24
-22.2778
-14
-5.33333
-2.22222
-1.66667
-1.38889
-1.22222
-1.27778
-1.27778
-1.33333
-1
-0.944444
-11.8889
-10.7222
-8.83333
-8.16667
-8.66667
-7.5
-7.77778
-9.5
-9.61111
-8.88889
-8.05556
-10.1111
-13.2778
-12.6667
-12.4444
-17.1111
-25.4444
-29
-26.2778
-24.4444
-23.6111
-17.9444
-8.83333
-2.61111
-0.944444
-0.777778
-0.833333
-1.05556
-1.38889
-1.66667
-1.55556
-1.66667
-10.5556
-10.0556
-9.22222
-8.44444
-9
-8.44444
-9.83333
-11.0556
-10.4444
-9.77778
-10.3333
-12.5556
-13.4444
-11.9444
-10.5556
-11.8889
-17.5556
-22.9444
-23.5
-23.2222
-24.1111
-21.7222
-13.8333
-4.88889
-1
-0.666667
-0.555556
-0.666667
-1
-1.16667
-1.22222
-1.55556
-9.33333
-9.5
-9.5
-8.33333
-8.27778
-8.05556
-9
-8.77778
-8.05556
-8.38889
-10.3889
-12.6667
-12.5556
-10.5
-7.22222
-5.55556
-7.33333
-13.6111
-18.1111
-20.7778
-23.7778
-24.0556
-18.8889
-8.72222
-2
-0.777778
-0.777778
-0.722222
-0.833333
-0.833333
-1
-1.05556
-7.72222
-8.05556
-8.27778
-7.33333
-6.88889
-7
-6.77778
-5.61111
-5.5
-6.61111
-8.88889
-10.5556
-10
-7.11111
-1.55556
2.72222
3.94444
-1.27778
-9.72222
-16.5
-22
-24.6667
-22.4444
-14.1111
-5.11111
-1.72222
-1.55556
-1.27778
-1.22222
-1.05556
-1.16667
-1.16667
-6.83333
-6.94444
-6.5
-5.5
-5.16667
-5.05556
-4.22222
-3.27778
-4.16667
-6
-7.44444
-8.22222
-6.83333
-2.55556
3.55556
9.77778
13.2778
9.72222
-0.888889
-12.2778
-18.8333
-23.5
-24.3333
-18.9444
-9.61111
-2.88889
-2.22222
-1.83333
-1.72222
-1.77778
-1.61111
-1.38889
-6.22222
-5.94444
-4.94444
-4.05556
-4
-3.72222
-3.05556
-3.38889
-4.44444
-6.22222
-7
-6.77778
-3.33333
2.22222
7.05556
13.8333
18.9444
17.3889
6.16667
-7.88889
-15.7778
-21.5
-24.8889
-22.7222
-14.6111
-5.05556
-1.61111
-0.888889
-0.777778
-1.11111
-1.38889
-1.55556
-5.88889
-5.55556
-4.55556
-3.55556
-3.16667
-2.66667
-2.88889
-3.83333
-4.55556
-6.33333
-7.11111
-5.5
-0.0555556
5.22222
8.11111
14.3333
20.5556
19.9444
10.3333
-3.44444
-12.6111
-19.2778
-24.5556
-25.1111
-19.9444
-9.55556
-2.44444
-0.166667
0.222222
-0.111111
-0.388889
-0.611111
-4.55556
-4.38889
-4.38889
-3.94444
-2.88889
-2.55556
-3.33333
-4.33333
-4.61111
-6
-6.44444
-3
3.16667
7
8.94444
13.1667
18.2222
17.9444
11.3333
1.05556
-9.88889
-17.1667
-23.2778
-26.2778
-24.3889
-16
-5.55556
-0.722222
0.333333
0.277778
0
-0.277778
-3.22222
-3.38889
-4.16667
-4.33333
-3.05556
-3.11111
-4.22222
-4.83333
-5.38889
-6
-5.27778
0
5.05556
6.44444
7.5
9.27778
11.4444
10.8889
8.33333
3.33333
-6.11111
-14.6667
-20.7778
-25.6667
-26.8333
-21.9444
-11.3889
-3.38889
-0.944444
-0.444444
-0.166667
-0.111111
-1.83333
-2.22222
-3.27778
-3.77778
-3.05556
-3.5
-4.33333
-5.11111
-5.94444
-5.44444
-2.83333
2.55556
4.94444
4.22222
3.11111
1.5
-0.0555556
-0.888889
0.888889
1.33333
-3.27778
-11.1667
-17.5556
-22.7778
-26.1667
-24.9444
-17.2222
-7.66667
-2.88889
-1.61111
-1.05556
-0.777778
-1.05556
-1.5
-2.22222
-2.61111
-2.77778
-3.44444
-4.05556
-5.22222
-6.05556
-4.11111
-0.388889
2.55556
2.33333
0.444444
-3.22222
-8
-12.2222
-12.8333
-8.5
-3.83333
-2.61111
-8.44444
-15.1111
-19.5556
-23.5
-25.7778
-22.1667
-13.1111
-5.72222
-2.83333
-2.16667
-1.38889
-0.388889
-0.777778
-1.11111
-1.22222
-1.61111
-2.05556
-2.55556
-4
-4.11111
-0.944444
1.94444
0.666667
-1.77778
-3.44444
-8.38889
-15.1667
-20.4444
-20.8889
-15.4444
-8.77778
-4.22222
-7.16667
-13.5556
-16.7778
-20.7778
-25.7778
-25.9444
-19.6111
-10.5556
-5.38889
-4.11111
-2.83333
-0.166667
-0.5
-0.611111
-0.722222
-0.944444
-1.11111
-1.94444
-2.94444
-1.88889
2.38889
3.44444
-1.05556
-4.27778
-5.61111
-10.0556
-17.2778
-22.0556
-21.7778
-17.1667
-10.1111
-5.11111
-5.83333
-10.7778
-14.5
-18.5556
-25.4444
-28.3889
-25.3889
-16.7778
-9.05556
-6.11111
-4.11111
-0.166667
-0.444444
-0.388889
-0.5
-0.277778
-0.555556
-1.61111
-1.77778
0.666667
5.05556
4.72222
1.27778
-0.833333
-2.83333
-7.16667
-13.7222
-17.4444
-16.7778
-13.3889
-6.83333
-1.5
-0.166667
-3
-9.55556
-16.0556
-23.2222
-28.7222
-28.8889
-22.5
-13.3333
-7.61111
-4.77778
-0.555556
-0.611111
-0.444444
-0.444444
-0.111111
-0.833333
-2.05556
-0.888889
2.94444
6.38889
6.16667
5.44444
4.83333
1.16667
-3.77778
-9.55556
-12.5
-11.5
-9.77778
-4.22222
1.38889
5.61111
4.88889
-3.27778
-12
-19.4444
-26.8889
-30
-26.7222
-18.1111
-9.61111
-5.22222
-0.722222
-0.5
-0.111111
0.277778
0.5
-0.777778
-1.33333
1.38889
5.66667
7.44444
7.5
9.33333
9.72222
5.44444
0.388889
-2.38889
-4
-3.88889
-3.55556
-0.722222
4.33333
9.05556
10
3.16667
-6.55556
-14.3333
-22.8333
-28.6667
-28.8889
-22.6111
-13.1111
-6.66667
-0.888889
-0.555556
0.166667
0.833333
0.5
-0.388889
0.444444
4.72222
8.44444
8.83333
9.22222
9.5
8.44444
4.83333
0.833333
0.777778
1.05556
1.27778
1.22222
0.944444
3.72222
7.72222
9.22222
6.83333
-1.05556
-9.5
-17.6111
-25.6111
-29.0556
-26.1111
-17.8333
-10
-0.388889
-0.166667
0.944444
1.33333
0.388889
0.222222
2.94444
7.83333
9.5
9.44444
10.7778
11.5556
10.3333
8
5.83333
7.66667
9.22222
9.05556
8.77778
6.55556
7.5
9.38889
10.9444
10.1667
3.88889
-4.38889
-11.8333
-20.4444
-26.5
-26.9444
-21.9444
-14.1111
-0.0555556
0
1
0.777778
-0.388889
0.666667
4.83333
8.66667
9
9.38889
12.3333
13.7222
12.6111
11.6111
11.1667
11.9444
13.6111
14.2222
13.5
11.2222
10.6111
12.0556
12.3889
11.1667
6.5
-0.166667
-6.94444
-14.7778
-21.7222
-25.6111
-23.7778
-18.1111
0.388889
0.555556
0.777778
-0.388889
-1.16667
0.888889
5.11111
7
6.61111
7.55556
10.8333
14.1111
14
14.3333
16.8333
18.0556
18.8333
18.0556
16.4444
14.0556
11.1667
10.5556
10.5
8.66667
6.16667
2.16667
-3.66667
-10
-16.6667
-22.8889
-24.1111
-21.2222
0.5
0.944444
0.0555556
-1.33333
-1.44444
0.611111
2.72222
1.33333
0.333333
0.0555556
0.611111
1.16667
0.444444
2.55556
7.61111
10.2778
11.3333
10.6111
8.27778
4.77778
-0.944444
-4.16667
-5.44444
-5.5
-4.27778
-4
-6.72222
-10.5
-15.0556
-20.6667
-23.0556
-23.2778
0.833333
1.44444
-0.0555556
-1.27778
-1.27778
-0.777778
-2.66667
-6.94444
-9.77778
-12.7778
-16
-18.1111
-18.7778
-15.9444
-9.72222
-5.66667
-5
-6.05556
-7.94444
-11.7778
-18.3333
-22.8889
-23.4444
-21.5556
-17.1667
-13.3889
-12.2778
-13.6667
-16.1667
-19.0556
-22.0556
-24.3333
1.38889
1.83333
0.611111
0.111111
-0.0555556
-1.94444
-7.11111
-13.2222
-17.8333
-23.2778
-28.8333
-32.4444
-32.9444
-30.5556
-26.2778
-23.1667
-22.2778
-22.2222
-23.2222
-25.7222
-29.7222
-32.5556
-32.8333
-30.5556
-25.2778
-19.2222
-15.1667
-14.2222
-15.1111
-15.6111
-18.4444
-22.7778
1.61111
1.83333
1.38889
1.77778
1.77778
-0.666667
-5.88889
-10.6667
-14.7222
-19.5
-23.7778
-25.7222
-25.2778
-23.8333
-22.1111
-20.8889
-20.3889
-20.1667
-19.9444
-20.2222
-20.3889
-20.1667
-19.6111
-17.8333
-13.7222
-8.61111
-4.77778
-3.44444
-4.33333
-6.05556
-10.3889
-16.3889
1.11111
1.16667
1.55556
2.77778
3.88889
3.33333
1.33333
-0.222222
-1.61111
-3.27778
-5.05556
-5.61111
-5.11111
-4.88889
-6
-7.05556
-6.66667
-6.27778
-5.83333
-4.83333
-2.27778
0.0555556
0.722222
1.55556
4
7.61111
10.4444
11.9444
10.6667
6.88889
1.16667
-6
0.111111
0.0555556
0.666667
2.38889
5.05556
7.61111
8.88889
10.1667
11.4444
12.4444
12
11.2778
11.6667
11.2778
8.61111
6
6
6.11111
6.44444
7.61111
10.8889
14.0556
14.6667
14.9444
16.2222
18.1667
20.0556
21.1667
19.6667
15.2778
9.11111
2.5
0.222222
-0.166667
0.222222
1.83333
4.88889
8.55556
11.1111
13.3889
15.4444
16.7222
16.0556
14.6667
14.5556
13.5556
10.5
7.33333
6.55556
6.61111
6.77778
7.55556
10.2222
13.1111
14
13.5556
13.5556
14.5
15.7778
16.4444
15.1667
12.6667
8.16667
3.77778
20.7222
19.9444
18
16.8333
17.9444
19.1667
18.7222
17.8889
18.1667
16.8889
13.3333
10.1667
8.83333
7.44444
5.38889
3.33333
2.5
2.27778
2.55556
2.94444
4.44444
6.61111
7.22222
6.5
5.33333
5.33333
5.55556
5
4.16667
3.66667
1.27778
-0.944444
-8.33333
-12.5556
-11.8333
-6.66667
-1.33333
0.666667
0.555556
5.27778
9.33333
12.3333
6.38889
4.94444
4.27778
-1.05556
-12.1667
-10.5
17.1111
51.1667
56.4444
37.5
12.9444
3.16667
0.388889
-0.666667
-0.611111
-0.5
0.277778
0.277778
0.555556
0.277778
0.5
0.111111
-6.05556
-9.16667
-9.55556
-5.16667
-1
1.22222
2.5
6.94444
9.61111
9.77778
3.27778
2.27778
1.72222
-4.55556
-15.8889
-13.3889
15.8889
53
62.8889
46.1667
19.4444
5.88889
0.833333
-0.333333
-0.777778
-0.777778
0.166667
0.722222
1.11111
0.722222
0.666667
0.166667
-4.83333
-7.38889
-7.88889
-3.72222
-0.388889
2.27778
5.05556
9.16667
9.88889
6.72222
0.555556
0
-0.0555556
-7.27778
-17.8333
-15.1667
12.9444
50.3889
65.5556
54.3333
28.1667
10.7222
2.22222
-0.166667
-0.888889
-0.944444
0
0.444444
0.777778
0.611111
0.833333
0.5
-3.55556
-6.33333
-6.88889
-3.11111
-0.111111
3.16667
7
10.1667
9.05556
4.16667
-0.277778
-0.5
-1.27778
-9.83333
-19.3333
-16.5
8.77778
44.7222
65.1111
61.6667
38.3889
17.6667
4.77778
0.555556
-0.777778
-0.833333
0.111111
0.611111
0.833333
0.444444
0.777778
0.611111
-1.55556
-5.05556
-5.94444
-2.94444
0.222222
3.72222
8.44444
10.7222
8.5
2.44444
-0.944444
-1.33333
-3.5
-12.4444
-20.4444
-17.1111
4.33333
36.7778
61.3889
66.6667
49.6111
27.2778
9.72222
2.27778
-0.277778
-0.555556
0.0555556
0.388889
0.722222
0.333333
0.888889
0.666667
0
-3.61111
-4.88889
-2.55556
0.444444
4
8.94444
10.9444
8.33333
1.88889
-1.55556
-3.22222
-6.77778
-14.7222
-19
-14.6667
1.88889
27.0556
52.7222
66.7778
59.1111
38.7222
16.9444
5.22222
0.333333
-0.333333
0.111111
0.222222
0.666667
0.277778
0.888889
0.444444
0.555556
-2.38889
-3.16667
-1.88889
0.166667
3.05556
8.44444
11.4444
9.16667
2.27778
-2.5
-5.66667
-9.77778
-15.0556
-14.5556
-8.55556
1.77778
16.9444
39.2222
60.4444
64.3333
49.9444
26.5556
9.72222
1.33333
-0.555556
-0.111111
0.166667
0.611111
0.5
1.22222
0.944444
0.277778
-1.94444
-1.5
-0.666667
0.333333
1.88889
7.11111
11.0556
9.72222
2.83333
-3.11111
-8.11111
-11.6667
-13.1111
-7
-0.0555556
3.27778
7.05556
22.7222
48.2778
64
59.3333
37.7778
16.7778
4.22222
0.166667
-0.111111
-0.388889
-0.111111
0.166667
1.27778
1.27778
-0.0555556
-1.61111
-0.0555556
0.944444
1.27778
1.38889
5.33333
9.94444
9.83333
3.77778
-4
-10.8889
-13.1667
-9
2.44444
9.88889
6.38889
-0.611111
5.88889
31.0556
57.0556
64.7222
50
26.3889
8.94444
1.22222
0
-0.277778
-0.0555556
0.222222
1.05556
0.944444
-0.555556
-1.38889
1.05556
2.38889
2.33333
1.5
4.5
9.38889
10
3.66667
-5.66667
-13.4444
-12.4444
-2.77778
12.5
18.2778
9.38889
-6.16667
-7.83333
12.5556
44.1111
63.3889
59.3333
38.0556
16.8333
4.61111
0.611111
-0.333333
-0.333333
0.222222
0.944444
0.888889
-1.11111
-1
1.88889
3.44444
2.94444
1.66667
4.22222
9.05556
9.55556
2.44444
-7.66667
-13.9444
-8.38889
5.55556
21.4444
23.7778
11
-9.27778
-17.5556
-3.88889
27.0556
55.0556
62.8889
49.1111
27.3889
10.7778
2.77778
0.0555556
-0.444444
0.111111
0.722222
0.833333
-1.33333
-0.722222
2.38889
4.16667
3.66667
2.22222
4
8
7.83333
0.666667
-8.33333
-11.3333
-1.72222
13.6667
26.6111
25.0556
10.7778
-9.61111
-21.7778
-16.0556
9.66667
41.2778
60.7222
57.2778
39.0556
19.2222
6.55556
1.05556
-0.555556
-0.0555556
0.666667
1.16667
-1.11111
-0.611111
2.16667
4
3.83333
2.66667
4
6.72222
5.83333
-0.777778
-7.05556
-6.22222
5.94444
19.5556
26.6111
21.2778
8.77778
-6.55556
-19.4444
-21.7778
-5.66667
24.3333
52.5556
61.3333
50.6111
30.0556
12.7222
3.05556
-0.5
-0.444444
0.277778
1.11111
-0.833333
-0.222222
1.83333
3.55556
3.72222
3.38889
4.22222
5.55556
3.5
-2.11111
-5.16667
-0.333333
12.8333
22.4444
22
13.5
5.16667
-2
-11.8889
-20.6667
-15.1667
7.72222
39.6667
59.3333
59.0556
41.6111
20.7778
6.66667
0.555556
0.0555556
0.5
1.11111
-0.833333
0.0555556
1.33333
2.72222
3.11111
3.88889
4.61111
4.66667
1.5
-2.66667
-2.27778
5.22222
17.2222
21.8889
16.2222
5.77778
1.11111
0.166667
-4.83333
-15.1667
-17.7222
-4.11111
24.2222
51.3333
62.1667
52.3333
30.6111
12
2.72222
1.05556
1.38889
1.61111
-0.944444
0.111111
0.666667
1.88889
2.61111
4.27778
4.88889
3.77778
-0.111111
-1.83333
1.38889
9.88889
17.2222
17.4444
8.94444
0.833333
-1.11111
2
-0.222222
-8.33333
-14.5556
-9.61111
10.2222
38.1111
58.7778
59
41.0556
19.5
6.77778
2.72222
2.55556
2.38889
-1.05556
-0.166667
0.166667
1.27778
2.38889
4.33333
4.72222
2.83333
-0.666667
0.611111
6.22222
13.1667
13.8333
9.05556
0.0555556
-3.94444
-2.16667
4.22222
5.05556
0
-7.11111
-9.94444
-0.555556
22.3889
49
59.7778
49.3889
28.3889
13.1111
6.38889
4.66667
3.33333
-0.944444
-0.111111
-0.0555556
0.944444
2.16667
3.88889
3.83333
1.66667
0.111111
4.72222
12.0556
15.8333
10.3889
0.833333
-8.61111
-10.6111
-5.11111
5.77778
11.3889
10.0556
2.16667
-7.05556
-8.44444
6.44444
34.1667
54.1111
53.7222
37.5556
21.7222
12.6667
8.05556
4.66667
-0.777778
0.166667
0.111111
1
2.22222
3.5
2.83333
1
2.38889
10.2778
17.1667
14.6667
2.72222
-8.72222
-14.1111
-12.4444
-5.61111
4.83333
12.5556
16.1111
12.1667
1.27778
-9.88889
-5.83333
16.6667
42.5556
52.2222
44.7778
31.1667
20.8889
13.1667
7.22222
-0.833333
0.0555556
0.333333
1.5
2.72222
3
1.66667
1.38889
6.33333
16.7778
20.1667
10.6667
-6.72222
-16
-15.3889
-8.5
-3
3.66667
8.55556
16.0556
18.3333
10.5
-6.55556
-13.6111
0.222222
26.7778
45.5
48.2222
40.2222
29.8333
19.6667
11.1111
-0.666667
-0.333333
0.388889
2.05556
3.61111
2.72222
1.22222
2.94444
11.3333
22.3889
21.7778
6.27778
-13.5556
-20.8333
-16.1667
-7.22222
-1.83333
4.16667
8.77778
17.2778
21.5
15.2778
-3.55556
-17.8333
-12.8333
10.2778
34.3889
47.1667
46.7222
38.8889
27.5
16.4444
-0.722222
-0.722222
0.722222
2.77778
4.16667
1.77778
1.05556
5.72222
17.1667
27
22.4444
4.44444
-14.6667
-21.7778
-18.8333
-12.1111
-5
5.05556
13.1111
21.1111
23.2778
16.7222
-1.38889
-18.9444
-21.8889
-5.61111
19.7222
41
49.9444
47.0556
35.8333
22.3333
-0.611111
-0.555556
1.11111
3.11111
3.94444
1.22222
2.5
10.1111
22.8889
29.2778
21.2222
2.5
-13.7222
-19.8333
-18.7222
-14.2778
-6.61111
5.77778
14.7222
20.5556
20.8333
15.5
0.833333
-16.7222
-25.9444
-17.5
4.5
31
48.3889
52.3889
43.4444
28.7778
-0.611111
-0.555556
1.22222
2.94444
3.16667
1.44444
5.44444
15.7778
27.1667
29
17.2778
-1
-14.1111
-17.2222
-14.8333
-10.2778
-4.72222
4.5
10.6667
15.2778
16.7222
14
3.16667
-12.4444
-24.7222
-23.5
-7.77778
18.3333
42.1111
53.3333
50
35.5556
-0.5
-0.5
1.16667
2.44444
2.11111
1.16667
7.05556
18
26.7778
24.8333
12.3889
-2.27778
-11.2222
-12.5556
-11.3889
-8.38889
-4.22222
3.83333
8.5
11.1111
11.3889
9.5
2.77778
-8.94444
-20.2778
-23.6667
-13.5
8.83333
34.8333
51.2222
53.9444
41.6111
0.166667
-0.111111
0.833333
1.05556
0.388889
0.444444
7.22222
17.0556
23
19
8.88889
-1.22222
-6.22222
-8.16667
-9.16667
-9.33333
-5.33333
2.94444
9.05556
10.1111
7.77778
4.77778
0.777778
-6.33333
-15.0556
-19.9444
-14.7222
2.33333
26.5
46.1667
54.7222
46.1111
0.722222
0.5
0.5
-0.444444
-1.5
-0.277778
7.11111
15.4444
18.7222
13.6111
5.83333
0.333333
-1.94444
-4
-7.27778
-8.61111
-5.16667
2.22222
7.33333
7.5
4.61111
2.11111
0.277778
-3.66667
-9.94444
-15.3333
-13.5
-1.55556
19.2222
39.3889
51.5556
46.2222
1.38889
1.5
0.722222
-1.11111
-2.33333
0.111111
7
12.7778
13.5
8.61111
3.77778
0.833333
-0.388889
-2.05556
-4.44444
-5
-2.5
1.83333
4.05556
3
1.61111
1.27778
1.27778
-1.16667
-5.72222
-9.72222
-9.44444
-1.66667
14.1111
31.9444
44.9444
42.0556
1.55556
1.83333
1
-0.777778
-1.55556
1.33333
6.22222
9.22222
8.16667
5.27778
2.83333
1.27778
-0.333333
-1.88889
-3.66667
-4.05556
-2.44444
0.833333
2.72222
2.27778
1.61111
2.05556
2.5
0.444444
-2.66667
-4.72222
-3.33333
1.38889
11.5556
24.4444
36.5
36.2222
1.66667
1.72222
0.888889
-0.388889
0.388889
3.72222
6.33333
5.5
2.66667
1.77778
2
1.61111
-0.555556
-2.61111
-5.05556
-5.88889
-3.55556
1.55556
5
4.05556
2.55556
2.72222
3.66667
1.61111
-1.11111
-1.61111
1.72222
5.61111
11.1111
18.9444
28.1111
29.5
1.66667
1.5
0.777778
0.388889
2.66667
6.33333
7.11111
3.83333
0.111111
0.5
2.27778
2.44444
-0.222222
-3.11111
-6.61111
-8
-5
2.05556
7.44444
6.66667
4.77778
4
4.66667
1.55556
-1.55556
-1.61111
3.11111
7.33333
10.9444
15
20.7222
21.7778
1.38889
0.5
-1.88889
-2.83333
0.5
7.16667
8.72222
3
-3.61111
-3.66667
-0.333333
1.05556
-1.27778
-4.44444
-8.61111
-10.5556
-6.61111
2.38889
9.66667
8.72222
6.22222
5.05556
5.88889
1.72222
-3
-3.11111
3.33333
9.33333
11.8333
12.3333
14.0556
14.1667
-22.5625
-21.4063
-18.4063
-16.5938
-13.8438
-12.375
-12.3438
-13.9375
-13.4063
-13.9688
-17.9688
-19.9375
-23.0625
-28.3438
-30.3125
-28.5
-27.1875
-24.4688
-20
-17.1563
-14.0313
-7.71875
-3.4375
-2.40625
-2.1875
-2.09375
-1.8125
-1.9375
-1.875
-1.46875
-19.75
-18.8438
-15.9688
-13.875
-11.9063
-11.125
-10.9375
-12.0938
-11.3125
-11.7813
-15.8125
-17.6875
-20.0625
-26.0938
-30.4063
-30.125
-29.5625
-27.2813
-22.7813
-20.5313
-18.2188
-10.625
-4.34375
-2.3125
-1.78125
-1.6875
-1.34375
-1.40625
-1.375
-1.1875
-17.4063
-16.9375
-14.5938
-12.5
-11.5938
-11.7813
-11.75
-12.25
-11.5625
-11.7188
-15.4063
-17.125
-18.3438
-23.375
-29.4063
-31.625
-31.875
-29.8438
-25.4063
-23.375
-21.6563
-14.4375
-6.875
-3
-1.84375
-1.78125
-1.5
-1.5
-1.46875
-1.375
-14.6563
-14.5
-12.9375
-11.0938
-11
-11.3438
-11.2813
-11.6563
-11.6563
-12.4375
-15.375
-16.2813
-15.7813
-19.0625
-25.7813
-30.4688
-31.6875
-29.3438
-25.3438
-23.9063
-23.2813
-17.8125
-9.8125
-3.78125
-1.40625
-1.34375
-1.3125
-1.28125
-1.34375
-1.53125
-12.6875
-12.7188
-12.1875
-10.8125
-11.25
-11.1563
-10.7813
-11.2188
-12.2813
-14
-15.7813
-15.0625
-12.25
-13.5313
-19.875
-26.3438
-28.4688
-26.1875
-23.0625
-22.875
-23.9688
-21.0938
-14.0625
-6.3125
-2.15625
-1.40625
-1.4375
-1.34375
-1.34375
-1.59375
-11.3125
-11.5
-11.8125
-11.0625
-11.25
-10.625
-10.0313
-10.5
-12.4688
-14.4688
-14.8438
-12.2188
-7.78125
-6.875
-11.375
-18.5625
-22.0313
-20.875
-19.2188
-20.625
-23.5
-23.375
-18.2813
-9.8125
-3.6875
-1.6875
-1.65625
-1.5625
-1.5
-1.71875
-9.5
-9.40625
-10.125
-9.84375
-9.4375
-8.34375
-7.71875
-8.53125
-11.2188
-13.4063
-12.3438
-8.21875
-2.84375
-0.09375
-1.9375
-7.875
-12.7188
-14.0313
-14.3438
-17.3125
-21.6563
-24.0313
-21.5625
-14.125
-6.375
-2.1875
-1.71875
-1.59375
-1.46875
-1.625
-8.125
-7.59375
-8.4375
-8.25
-7.375
-6.40625
-5.9375
-6.96875
-9.71875
-11.375
-8.75
-3.8125
1.34375
5.28125
6.1875
2.75
-2.625
-7.40625
-10.7813
-15.0625
-19.75
-23.4063
-23.7813
-18.625
-10.6875
-3.96875
-2
-1.625
-1.375
-1.4375
-7.3125
-6.625
-6.9375
-6.71875
-5.96875
-5.84375
-5.6875
-6.6875
-8.71875
-8.8125
-4.90625
-0.1875
4.09375
9.15625
12.4688
11.8125
6.75
-1.1875
-8.53125
-13.8125
-17.875
-22
-24.4375
-22
-15.0313
-6.75
-2.46875
-1.28125
-1.09375
-1.21875
-6.53125
-5.78125
-5.34375
-4.9375
-4.75
-5.15625
-5.46875
-6.5625
-7.375
-5.84375
-1.625
2.09375
5.375
10.4375
15.4375
17.5313
13.7188
3.59375
-6.90625
-13.0938
-16.25
-20.1563
-24.125
-24.3125
-19.4688
-10.75
-4.15625
-1.4375
-0.8125
-0.78125
-5.875
-5.53125
-4.75
-4.40625
-4.71875
-5.5
-6.34375
-7.28125
-6.34375
-3.0625
0.90625
3.25
4.90625
8.5
14
18.0313
15.875
5.5625
-7.125
-14.125
-16.2813
-18.7188
-22.8438
-25.1563
-23.125
-15.7813
-7.15625
-2.1875
-0.625
-0.34375
-5.0625
-5.28125
-4.3125
-4.21875
-4.9375
-6.03125
-7.34375
-7.75
-5.28125
-0.6875
2.03125
2.5625
2.375
4.1875
9
13.25
12.4063
3.78125
-8.0625
-15.4688
-17.0938
-18.1563
-21.3438
-24.6563
-25.125
-20.5313
-11.7813
-4.53125
-1.5
-0.75
-3.71875
-4.125
-3.5
-3.65625
-4.40625
-5.5
-6.96875
-6.53125
-3.0625
0.75
1.71875
0.8125
-1.0625
-1.15625
1.96875
4.5625
4.25
-0.84375
-9.09375
-16.0625
-18.1875
-18.5625
-20.375
-23.4375
-25.75
-24.125
-17.2188
-8.90625
-3.6875
-1.90625
-2.5
-3.09375
-3.0625
-3.40625
-4
-5.28125
-6.40625
-4.6875
-1.28125
0.59375
-0.03125
-1.96875
-5.34375
-6.65625
-6.0625
-6.5
-6.46875
-6.96875
-10.7188
-16.3438
-19.0938
-19.8438
-20.0938
-22
-25.125
-26.2813
-21.9688
-13.9063
-6.96875
-3.6875
-1.5625
-2.03125
-2.125
-2.375
-3.0625
-4.5
-4.78125
-1.8125
0.71875
0.1875
-2.125
-4.84375
-8.5
-10.375
-12.375
-16.3125
-16.25
-12.5313
-11.4063
-14.875
-18.5
-20.5938
-20.4063
-20.8125
-23.9063
-27.2188
-26.0313
-19.6563
-11.8438
-6.8125
-0.875
-1.03125
-1.125
-1.375
-2.1875
-3.3125
-2.34375
1.5
3
0.6875
-2
-4.5625
-7.1875
-9.21875
-13.4063
-19.1875
-19.25
-13.1875
-9.09375
-10.0313
-14.4063
-18.6563
-19.375
-19.6563
-22.4688
-26.8438
-28.375
-24.75
-17.25
-10.2813
-0.71875
-0.8125
-0.78125
-1.09375
-1.96875
-2.1875
0.28125
4.1875
4.59375
1.96875
-0.875
-3.125
-4.5625
-7.0625
-12.9375
-18.7813
-18.75
-12.5313
-6.71875
-5.09375
-8.84375
-14.375
-17.0938
-18.375
-20.9688
-25.5313
-28.8125
-27.9063
-22.1875
-14.3125
-0.46875
-0.34375
-0.1875
-0.8125
-1.625
-0.40625
3.125
6.3125
6.15625
4.28125
2.0625
0.75
0.40625
-2.46875
-8.53125
-13.125
-13.2188
-8.59375
-2.59375
0.8125
-1.59375
-7.53125
-12.8125
-16.1875
-19.0625
-23.3438
-27.7813
-29.2813
-26.0625
-18.6875
-0.28125
0.21875
0.28125
-0.5625
-0.75
1.90625
6
8.25
8
6.84375
6.28125
6.46875
6.34375
3.28125
-1.84375
-4.28125
-4.40625
-1.875
2.5625
6.5625
5.9375
0.53125
-6.6875
-12.625
-16.5938
-20.5313
-25.375
-28.7188
-28
-22.1875
0
0.5
0.1875
-0.5
0.34375
4.25
8.21875
9.5
9.1875
8.9375
9.28125
10.3438
9.53125
6.03125
2.4375
1.4375
1.3125
2.15625
5.125
8.78125
10.2188
6.65625
-1
-8.34375
-13.5
-17.5938
-22.125
-26.5938
-28.3438
-25.1875
0.46875
0.875
0.3125
0.15625
2.3125
6.375
9.21875
9.90625
10.125
11.3438
13.375
15.125
13.4688
10.9375
10.3438
10.9688
10.9688
10
10.3438
12.25
14.5938
12.4375
5.03125
-3.34375
-10.0313
-14.5625
-18.5625
-23.3438
-26.7813
-26.4063
0.4375
0.46875
-0.09375
0.78125
3.90625
7.15625
8.6875
8.90625
10.0313
12.5625
15.8438
17.3125
15.5938
13.875
15.3125
17.625
17.5313
15.2188
13.0313
12.9688
14.5938
14.2813
8.65625
0.25
-7.4375
-12.5938
-15.9063
-20.3125
-24.25
-26.1563
0.53125
-0.15625
-0.6875
0.5625
3.40625
4.90625
4.40625
3.40625
4.34375
7.84375
10.4375
10.7188
9.625
9.125
11.5313
14.4375
14.0938
10.3125
7.03125
5.5
5.8125
6.34375
3.375
-3
-9.53125
-14.125
-16.5313
-19.6563
-23.0625
-25.9688
0.3125
-0.625
-0.84375
0.15625
1.46875
0.375
-2.40625
-4.9375
-4.71875
-2.53125
-1.4375
-1.84375
-1.53125
0.09375
3.21875
6.0625
5.625
1.875
-1.71875
-4.53125
-6.34375
-6
-6.71875
-9.84375
-13.875
-17.0938
-18.8125
-20.1875
-21.9063
-25.0313
0.25
-0.53125
-0.53125
-0.3125
-1.21875
-4.28125
-8.5625
-12.4375
-13.5938
-13.7188
-14.7188
-15.8125
-13.9688
-11.6875
-9.5625
-7.375
-7.78125
-10.5
-13.1875
-15.9063
-18.9688
-18.625
-16.6563
-16.2813
-17.0625
-18.7188
-19.875
-20
-20.5313
-23.3125
0.78125
0.53125
0.71875
-0.15625
-2.84375
-7.1875
-12.2813
-16.75
-19.4063
-21.7188
-24.8125
-26.3125
-24.5
-22.1563
-20.6563
-19.5938
-19.9063
-21.4375
-22.375
-23.8125
-25.9375
-25.5938
-22.4688
-19.0625
-16.5625
-15.9063
-16.625
-16.5938
-16.875
-19.25
0.9375
1.46875
2
1.21875
-1.65625
-5.46875
-9.34375
-12.4063
-14.8125
-18
-21.25
-22.5313
-21.25
-19.5
-18.5313
-18.25
-18.2813
-18.4063
-18
-18.0938
-18.7188
-17.8438
-14.6563
-10.3125
-6.5
-4.71875
-5.78125
-7.0625
-8.375
-11.3438
1.0625
2.125
3.375
3.8125
2.34375
0.46875
-0.9375
-1.75
-3.03125
-5.09375
-7.59375
-9.25
-9.25
-9.09375
-8.84375
-8.8125
-8.71875
-8.53125
-7.65625
-6.46875
-5.21875
-3.65625
-1.15625
2.34375
6
8.03125
6.84375
4.125
0.8125
-2.84375
1.40625
2.71875
4.53125
6.09375
6.21875
6.09375
6.6875
7.625
7.65625
6.8125
5
3.1875
1.8125
0.71875
0.5625
0.3125
0.28125
0.375
1.46875
3.28125
5.75
7.78125
9.1875
11.4063
14.1563
16.1563
14.875
11.2813
7
3.28125
14.6875
14.75
16.2188
17.5938
17.25
16.9375
17.2813
17.5313
17.8125
17.1875
14.8125
12.0625
9.9375
7.84375
6.875
6.53125
6.46875
6.3125
7.0625
8.5625
10.7188
12.4688
13.0313
14
15.5313
16.625
15.1875
11.875
7.59375
4.5
-9.75
-10.5938
-8.15625
-2.34375
1.65625
5.5
8.71875
10.3125
9.28125
7.15625
6.40625
-2.4375
-9.625
-7.78125
-1.5625
23
49.5
58.0313
55.0625
37.2813
17.0313
5.96875
0.625
-0.40625
-0.3125
-0.03125
0.4375
0.6875
0.6875
0.71875
-6.5625
-8.15625
-6.46875
-1.4375
2.09375
6.3125
8.875
9.65625
8.1875
4.90625
3.25
-5.3125
-13.1875
-11.5938
-4.28125
21.25
50
62.2188
61.9688
44.9063
23.5938
9.9375
2.15625
-0.125
-0.34375
-0.0625
0.46875
0.78125
0.8125
0.9375
-5.03125
-6.5
-4.90625
-0.4375
3.34375
7.59375
9.5625
9.4375
7.125
2.71875
-0.15625
-7.75
-15.0938
-13.5625
-5.71875
18.3125
47.125
62.7813
66.2813
52.625
31.8438
15.75
5.0625
0.5625
-0.40625
-0.28125
0.25
0.625
0.71875
1
-4.34375
-5.4375
-3.75
0.28125
4.5625
8.71875
10.0313
9.28125
6.09375
0.9375
-2.9375
-9.53125
-15.4688
-14.0625
-6.15625
15.1563
41.6875
60.1563
67.6563
58.9063
40.8438
22.8125
9.4375
2.21875
-0.03125
0.03125
0.25
0.65625
0.59375
0.78125
-3.3125
-4.09375
-2.5
1
5.375
9.59375
10.5313
9.21875
4.96875
-1.375
-6.03125
-11.1875
-14.9375
-13.1563
-5.5625
11.9063
34.4688
54.625
66.1875
63.1875
49.7188
31.2188
15.0625
5
0.65625
0.03125
0.25
0.71875
0.84375
1.09375
-2.125
-2.8125
-1.5
1.5625
5.5625
9.5625
10.7188
9
4.09375
-2.84375
-8.28125
-11.9688
-13.1563
-10.5625
-3.875
9.125
26.2188
46
61.3438
64.5625
57.25
40.3125
22.1563
9.25
2.25
0.1875
0.09375
0.5625
0.8125
1.15625
-0.9375
-1.40625
-0.625
1.96875
5.125
8.71875
10.5313
8.59375
3.59375
-3.40625
-9.40625
-11.4688
-9.96875
-5.78125
-0.0625
7.875
18.5938
34.5938
52.2188
61.875
61.6563
49.3438
30.4375
14.875
4.875
0.625
0.09375
0.34375
0.71875
1.0625
-0.25
-0.09375
0.4375
2.5
4.875
7.71875
10
7.78125
2.78125
-4.125
-9.8125
-9.5
-5.21875
1.03125
5.25
7.5
11.5625
22.0938
39.7188
55.3125
62.25
56.4063
39.9063
22.375
9.5
2.34375
0.0625
0
0.4375
0.8125
0.125
0.6875
1.3125
2.96875
4.71875
7.15625
9.375
6.875
1.84375
-4.75
-9.09375
-6.1875
1.03125
8.65625
10.7813
7.625
4.9375
9.8125
25.6563
45.3125
59.125
60.3125
48.6875
31.25
15.9063
5.875
1.21875
0.15625
0.34375
0.59375
0.28125
1.21875
2.21875
3.75
5
7.03125
8.65625
5.75
0.8125
-4.84375
-7.1875
-1.78125
7.5625
15.3125
15.5625
8.03125
-0.40625
-0.71875
11.7188
32.9688
52.4375
60.7813
55.5
40.4375
23.6563
10.8125
3.34375
0.5
0.25
0.46875
0.3125
1.59375
2.8125
4.15625
5.09375
6.8125
7.90625
4.84375
0.21875
-4.125
-4.15625
3.125
13.0313
19.8125
18.1875
8.40625
-3.3125
-7.875
0.4375
19.75
42.4688
57.5313
59.2813
49.1563
32.5
17.2188
6.78125
1.5625
0.5
0.46875
0.4375
1.84375
3.0625
4.34375
5.0625
6.21875
6.84375
3.6875
-0.09375
-2.25
-0.09375
8.0625
16.375
20.6875
17.4375
7.1875
-3.96875
-10.6563
-6.5
9.09375
31.1563
51.2188
59.8438
55.8438
41.625
24.5938
11.4688
3.65625
1.25
0.875
0.53125
1.875
3.0625
4.34375
4.96875
5.375
5.40625
2.65625
0.1875
0.3125
4.34375
11.875
17.5
19.6563
14.9688
5.3125
-3.5625
-11.2188
-10.5938
1.375
20.5625
42.8125
57.75
59.625
49.75
33.0625
17.2813
7.03125
2.5
1.15625
0.5
1.78125
3
4.46875
5.0625
4.90625
4.40625
2.125
0.84375
2.46875
7.28125
13.2188
16.2188
17.0313
12.125
3.9375
-1.84375
-9.59375
-11.8438
-3.40625
11.2813
33.0313
52.4688
59.9375
55.5625
41.5313
24.4688
11.9688
5.15625
2.3125
0.125
1.15625
2.5
4.125
4.9375
4.8125
3.96875
2.5625
2.53125
5
9.6875
12.9063
12.75
11.6875
7.1875
1.9375
0.1875
-4.84375
-8.71875
-4.5
4.5625
22.1563
43.7188
56.4375
58.1563
48.9063
32.4063
18.4063
9.40625
4.625
-0.0625
0.71875
2.25
3.75
4.375
4.3125
3.40625
3.625
5.4375
9
13.0625
12.375
8.3125
4.40625
-0.15625
-1.0625
2.0625
1.25
-1.65625
-2.21875
0.46875
11.9063
31.4375
48.3438
56.2188
53.3438
40.4375
26.1875
15.5
8.46875
-0.15625
0.6875
2.21875
3.40625
3.71875
3.8125
3.84375
6
9.34375
12.2813
13.4375
8.5625
1.1875
-3.25
-5.9375
-3.28125
3.875
6.53125
5.46875
3.03125
0.59375
5.5
20.0313
37.3125
50.0313
53.6563
46.4375
34.3438
23.0625
14
-0.15625
0.71875
2.125
3
3.0625
3.71875
5.25
9.4375
13.3438
14.2188
11.75
3.0625
-6.09375
-8.71875
-8.96875
-4.3125
5.71875
9.71875
10.5313
8.9375
2.71875
1.90625
10.5
24.9375
40.625
50.4063
49.5938
41.9688
31.25
20.6875
0.03125
0.96875
2.34375
3.1875
3.0625
4.21875
7.1875
12.875
16.9375
15.2188
9.40625
-2.21875
-12.5313
-12.6563
-10.9063
-5.15625
6.96875
12.1875
14.75
14.875
5.875
-0.53125
2
11.9375
28.9063
43.9063
49.8125
47.9688
39.3125
28.375
0.25
1.125
2.5
3.5
3.09375
5.375
9.96875
16.75
20.75
16.625
7.90625
-5.96875
-16.8438
-16.0313
-13.25
-6.25
6.9375
13.8438
18.4375
19.4688
9.34375
-1.65625
-5.0625
-0.09375
15.5625
34.4688
46.8125
51.2813
46.5313
36.3125
0.40625
1.0625
2.3125
3.53125
3.75
7.5625
13.7188
20.9063
23.6875
17.6563
6.5625
-8.4375
-18.9688
-18.0625
-14.1563
-6.09375
7.34375
14.9375
19.9063
20.8125
10.6563
-2.3125
-10.0938
-9.34375
3.21875
23.3125
41.25
51.4688
51.9063
43.7188
0.5
1.03125
2.15625
3.53125
4.71875
10.0313
17.3125
24.1563
25.5938
18
5.78125
-8.8125
-18.5313
-17.9375
-14.125
-6
6.46875
14.1563
19.3438
19.9063
10.6563
-2.40625
-12.9063
-15.75
-6.8125
12.0313
33.4688
49
54.875
50.1563
0.71875
1.15625
2
3.0625
4.78125
10.7813
18.3438
24.6563
24.9063
16.5313
4.5625
-8.46875
-16.875
-16.25
-13.0938
-5.9375
5.03125
11.8125
16.8438
17.5625
9.875
-1.71875
-13
-18.4375
-12.9688
3.5625
26.2188
45.5938
56.25
55.2188
0.75
0.9375
1.15625
1.96875
4.09375
10.3125
17.7813
23.1875
22.4063
13.4688
2.125
-8.46875
-14.9688
-13.1563
-9.65625
-4.75
4
8.875
12.5938
14.7188
9.21875
-0.0625
-10.3438
-17.7813
-15.5625
-2.46875
18.875
40.375
54.7813
57.7188
0.8125
0.59375
0.28125
1.1875
3.71875
9.78125
16.625
20.875
19.1563
10.9688
1.65625
-6.5625
-11.4688
-9.75
-7.125
-3.6875
3.53125
6.875
9.25
11.1563
6.90625
0.0625
-8.21875
-15.6563
-15.75
-6.15625
12.5625
34.0625
50.6563
56.75
1.21875
0.71875
0.09375
1.09375
3.84375
9.3125
15.1563
18.125
16.0313
9.59375
2.5625
-3.9375
-8.5
-8.65625
-7.28125
-3.84375
2.96875
6.9375
8.5
8.875
5.1875
-0.28125
-6.53125
-12.6875
-14
-7.28125
8.375
27.8438
44.9375
52.5625
1.4375
0.84375
0.25
1.46875
4.34375
9.21875
13.8438
15.4688
13.125
8.5
3.1875
-2.09375
-6.25
-8.4375
-7.90625
-4.3125
1.84375
6.28125
7.6875
7.15625
4.34375
0.40625
-4.15625
-8.75
-10.5625
-5.90625
6.34375
22.5
38.4375
46.2188
1.3125
0.875
0.8125
2.6875
5.96875
9.71875
12.25
11.8125
8.96875
5.59375
1.96875
-1.5
-4.5625
-6.65625
-6.09375
-3.375
1.28125
4.71875
5.28125
5.09375
3.46875
1.09375
-1.53125
-4.65625
-6.125
-3.03125
5.96875
18.6875
32.125
39.4688
1.21875
1.15625
1.71875
3.84375
6.65625
8.84375
9.3125
7.625
5.28125
3.1875
1.125
-1.125
-3.8125
-6.03125
-5.875
-3.5625
0.53125
4
5.28125
5.46875
4.1875
2.21875
0
-2.21875
-2.71875
-0.03125
6.8125
16.7813
27
33.1563
-0.25
-1.1875
-0.65625
1.15625
4.25
5.6875
3.96875
1.40625
-0.375
-1.0625
-1.25
-2.25
-5.0625
-7.78125
-7.25
-4.34375
0.65625
5.25
6.9375
7.1875
5.71875
3.40625
0.90625
-0.8125
-0.34375
2.875
8.9375
16.3125
23.0313
26.9375
-0.708333
-0.0833333
0.625
1.29167
1.83333
0.875
-0.125
0.5
0.125
-0.291667
0
-0.583333
-0.25
-2.25
-3.29167
-1.20833
-0.0416667
0.958333
1.33333
2.625
3.5
1.625
0.833333
0.541667
-0.0416667
-0.0833333
-0.541667
-0.791667
-1
-0.833333
-0.75
-1
-1.91667
-1.75
-2.58333
-3.125
-2.75
-2.33333
-3
-3.08333
-2.33333
-2.45833
-2.5
-2.75
-1.45833
-1.04167
-0.916667
2.41667
4.70833
5.625
5.41667
5.16667
5.16667
2.58333
0.666667
0.333333
0.125
0
-0.416667
-0.583333
-0.875
-0.833333
-0.875
-0.958333
-2.125
-2.08333
-2.875
-3.20833
-2.5
-1.91667
-1.45833
-1.20833
-0.916667
-1.41667
-2.5
-2.58333
-1.91667
-1.45833
-1.33333
0.125
2.79167
3.875
3.45833
2.83333
3.08333
2.5
0.416667
-0.166667
0.125
0.0833333
0.333333
0.333333
0.458333
0.5
0.25
0.375
-1.58333
-1.54167
-1.45833
-1.08333
-0.208333
-0.0416667
1.5
2.5
2.41667
1.75
0.583333
0.5
-0.541667
-1.33333
-1.75
-3.33333
-1.91667
-0.541667
-0.166667
-0.125
0.375
2.375
1.41667
-0.0833333
-0.291667
-0.291667
0.166667
0.333333
0.833333
1
0.916667
1.125
-1
-0.625
0.0833333
-0.125
0.25
0.5
2
2.29167
1.83333
1.95833
2.58333
2.95833
0.75
-0.25
-0.583333
-3.04167
-4.16667
-2.70833
-1
-0.166667
0.5
2.875
3.16667
0.583333
-0.5
-0.458333
-0.541667
-0.458333
-0.333333
-0.208333
-0.0416667
0.125
-0.458333
0.208333
1.04167
0.583333
0.208333
0.708333
0.916667
-0.0833333
-0.791667
-0.458333
1.375
1.625
0.208333
-0.166667
-0.833333
-2.70833
-5.79167
-4.375
-1.625
-0.416667
0.875
2.66667
4.16667
2
0
-0.0416667
-0.375
-0.541667
-0.791667
-0.916667
-0.625
-0.625
-1
-0.625
-0.166667
-0.125
-0.833333
-0.583333
-1.66667
-3.04167
-2.875
-2.20833
-1.375
-1.625
-1.45833
-1.45833
-3.45833
-5.45833
-8.25
-8.25
-5.20833
-2.91667
-0.958333
0.791667
3.08333
3.5
1.20833
0.333333
0.541667
0.333333
0.166667
-0.125
-0.0833333
-0.25
-1.41667
-1.54167
-1.70833
-1.5
-1.58333
-1.625
-2.58333
-3
-1.95833
-1.04167
-1.83333
-2.41667
-2.29167
-3.04167
-4.83333
-6.625
-7.91667
-9.5
-7.25
-3.58333
-2.04167
-0.541667
1.5
4
3.04167
0.916667
1.125
1.04167
1
0.958333
0.5
0.25
-0.291667
-0.666667
-1.41667
-1.33333
-0.791667
-0.916667
-0.916667
0.166667
0.791667
0.75
-0.166667
-0.916667
-2.20833
-3.79167
-3.20833
-4
-4.95833
-6.33333
-5.33333
-2.29167
-2.04167
-0.916667
0.791667
3
3.45833
0.875
-0.0416667
-0.0416667
0
0.416667
0.5
0.583333
0.291667
0.0833333
-0.458333
-0.708333
-0.625
-0.875
-0.25
0.833333
0.5
0.25
0.291667
-0.291667
-2.16667
-2.75
-0.708333
-0.791667
-2.33333
-3.20833
-3.625
-2.66667
-2.41667
-1.79167
0.0416667
1.70833
3.16667
1.33333
-1.04167
-1.33333
-1.375
-1.16667
-0.666667
-0.291667
-0.708333
-0.583333
0.0416667
0.0416667
-0.541667
-0.625
-0.0833333
-0.166667
-0.791667
-0.583333
-0.333333
-1.25
-2.375
-1.375
-0.25
0.708333
0.208333
-0.5
-2.20833
-3.625
-1.70833
-1.70833
-0.625
1.29167
3.70833
4.125
0.75
-0.625
-0.875
-1.16667
-1.20833
-1.16667
-1.25
-1.04167
0
0.75
0.125
0.416667
0.75
0.375
0.375
0
-0.375
-2.125
-2.08333
-0.625
-0.833333
0.916667
2.79167
3.04167
0.583333
-3
-1.625
-0.791667
-1
0.666667
3.08333
5.79167
3.91667
1.375
0.791667
0.541667
0.208333
-0.0416667
-0.875
-0.666667
-0.375
0.0833333
0.166667
0.5
0.583333
0.5
1
0.166667
-1.125
-2.33333
-0.833333
0.75
1.25
3
5.875
6.45833
3.375
-0.625
-3.125
-1.91667
-2.08333
-1.25
0.5
3.20833
4.83333
2.75
1.54167
1.25
0.875
0.708333
-0.666667
-0.5
-0.708333
-0.833333
0.125
0.375
-0.0416667
0.166667
0.333333
-0.5
-2.125
-1.41667
0.958333
2.54167
5.08333
7.45833
9.70833
9.45833
6.5
3.08333
-2.16667
-3.25
-2.79167
-2.91667
-1.83333
0.125
3.25
2.875
1
0.25
0.125
0
-0.541667
-0.625
-0.916667
-1.08333
-0.5
-0.458333
-0.708333
-0.208333
-0.5
-1.41667
-1.75
0.958333
2.66667
3.04167
5.25
7.79167
9.16667
8.95833
7.70833
5.20833
1.25
-1.58333
-1.20833
-2.45833
-2.375
0
2.70833
4
1.95833
0.708333
0.833333
0.458333
-0.291667
-0.416667
-0.666667
-0.875
-1.20833
-1.5
-1.20833
-1.125
-1.75
-2.625
-1.125
2.54167
3.33333
2.25
1.66667
2.29167
2.5
2.45833
3.08333
2.70833
2.375
0.708333
0.166667
-0.791667
-1.54167
0.5
2.70833
5.25
4.54167
2.625
2.08333
1.54167
-0.0416667
0.0416667
-0.0416667
0.0416667
-0.25
-0.541667
-0.333333
-1.04167
-2.04167
-2.70833
-0.833333
0.833333
1.33333
1.08333
-0.0833333
-0.958333
-2.08333
-2.66667
-2.04167
-1.33333
-0.375
-0.875
-2.54167
-1.33333
-0.916667
-0.583333
0.958333
3.41667
4.875
3
1.25
0.916667
0.125
0.0833333
0.0416667
0.25
0.166667
0.416667
0.541667
-0.208333
-1.20833
-1
-0.75
-3.41667
-4.70833
-3.16667
-2.45833
-2.66667
-3.58333
-4.08333
-3.375
-3.41667
-4.29167
-6.125
-7.625
-4.625
-1.95833
-2.25
-0.75
0.875
3
2.58333
0.291667
-0.291667
0.291667
0
-0.125
-0.5
-0.666667
0.0416667
0.125
-0.583333
-1.375
-0.0833333
-1.08333
-4.79167
-7.20833
-5.91667
-4.83333
-5.16667
-5.04167
-4.875
-3.125
-2.41667
-3.375
-6
-7.08333
-5.75
-3.58333
-3.33333
-1.79167
0.0833333
2
3.25
1.5
0.0833333
0.25
0.0416667
-0.125
-0.5
-0.291667
-0.125
-0.75
-2.125
-2.375
-1.08333
-1.04167
-0.625
0.25
0.0833333
-0.458333
-3.20833
-4.16667
-3.29167
-2.625
0.166667
1.83333
2.08333
0.791667
-2.95833
-4.08333
-3.5
-3.375
-1.16667
1.375
3.625
3.54167
1.875
-0.208333
-0.166667
-0.416667
-0.375
0.25
-0.375
-1.83333
-3.04167
-1.91667
-1.29167
-0.833333
1.625
3.83333
2.58333
0.916667
-2.33333
-4.79167
-4.58333
-5.125
-2.375
0.0416667
2.95833
2.95833
-1.33333
-3.625
-3.20833
-4.25
-3.25
-0.833333
1.54167
3.625
2.91667
-0.375
-0.166667
-0.5
-0.291667
0.125
-0.625
-2.04167
-1.79167
0.0416667
0.0416667
-1.41667
-2.16667
-3.08333
-4.04167
-5
-4.25
-4.58333
-5.66667
-5.375
-5.29167
-4.79167
-4.375
-3.45833
-2.29167
-2.75
-3.20833
-3.625
-3.95833
-2.95833
-0.833333
1.91667
2.83333
-0.291667
-0.208333
-0.0416667
0.708333
0.625
-0.0416667
-0.625
0.708333
1.5
0.791667
-1.04167
-4.04167
-5.375
-5.58333
-6.375
-4.125
-2.5
-2.16667
-1.45833
-2.70833
-2.5
-3.625
-3.5
-1.08333
-1.41667
-3
-2.91667
-3.83333
-3.66667
-1.33333
0.583333
2.58333
-0.208333
-0.416667
0.625
1.29167
0.75
0
0.375
2.04167
1.54167
1.04167
1.875
2.04167
2.625
1.20833
-1.45833
-3.20833
-3.45833
-2.08333
-1.5
-0.625
2
4.75
5.54167
4.04167
1.54167
-0.833333
-1.79167
-3.04167
-3.66667
-2.08333
-0.541667
1.70833
0.0416667
-0.25
0.625
0.458333
-0.0833333
0
2.08333
4.20833
4.66667
6.16667
9.41667
13.1667
13.7083
12.0417
9.54167
6.91667
6.25
6.08333
6.45833
8.20833
11.0417
14.3333
15.0417
12.5833
9.29167
6.33333
3.41667
1.75
-0.166667
-1.875
-0.958333
0.875
-0.25
-0.291667
-0.375
-0.791667
-0.625
1.54167
5.375
7.91667
10.4583
13.5833
16.7083
18.875
18.625
19.0417
20.0417
20.7917
21.5417
20.8333
20.25
19.5833
18.4167
17.25
16.2917
15.9583
14.3333
11.5417
8
5.75
3.875
0.166667
-0.541667
0.541667
-0.666667
-0.333333
-0.791667
-1.25
-0.708333
1.41667
3.5
4.08333
5.20833
6.45833
6.75
5.66667
5.08333
6
8.5
10.125
10.25
9.91667
8.70833
6.625
3.04167
0.25
-0.458333
-0.0416667
0.625
0.208333
-0.666667
-1.75
-1.95833
-2.45833
-2.625
-1.54167
-0.0416667
0.166667
-0.458333
-1.125
-1.58333
-2.45833
-4.66667
-7.29167
-9.41667
-11.75
-14.2083
-16.0417
-16.5417
-16.125
-14.7083
-13.875
-14.3333
-14.5
-15.0417
-16.3333
-18.5833
-20.0417
-19.9167
-19.5417
-17.9583
-15.9583
-14.2083
-13.5417
-12.875
-9.95833
-7.875
-6.375
0.916667
0.75
0.125
-0.541667
-1.95833
-4.625
-8.125
-10.9583
-13.5
-16.625
-18.75
-19.3333
-19.2083
-18.4583
-16.9167
-15.2917
-14.8333
-14.6667
-14.4167
-14.7083
-15.75
-16.75
-16.7917
-16.1667
-15.2917
-14
-13.125
-13.0833
-13
-11.3333
-10
-9.45833
0.833333
1
1.125
1
0.0416667
-1.95833
-3.45833
-4.625
-5.875
-6.91667
-6.75
-5.70833
-5.33333
-4.66667
-3.25
-1.75
-1.04167
-0.875
-0.583333
-0.291667
-0.333333
-0.75
-0.958333
-0.458333
-0.0833333
0
-0.458333
-0.833333
-0.875
-2.20833
-3.375
-4.70833
-0.541667
-0.0833333
0.458333
0.916667
1.04167
1
1.29167
1.41667
1.66667
2.83333
4.08333
5
5.25
5.20833
4.5
3.79167
3.79167
3.79167
3.70833
4.04167
5.16667
6
6.04167
6.29167
7.29167
8.25
8.91667
9.83333
9.75
7.58333
5.91667
3.83333
-16.2083
-16.0833
-14.5417
-12.5
-10.3333
-7.125
-4.41667
-1.58333
0.458333
2.79167
4.29167
4.5
5.375
5.5
3.91667
2.375
2.54167
2.70833
2.41667
2.58333
3.375
4.125
4.25
4.41667
5.58333
6.66667
8.25
9.45833
8.875
8.125
6.91667
5.5
3.04167
1.29167
-0.5
-6.83333
-4.54167
3.625
0.25
-7.25
-3.875
3.45833
4
1.29167
-2.75
3.375
17.8333
-5.33333
-42.2917
-21.5417
18.8333
21.875
8.75
2
0.708333
0.666667
-0.291667
-0.583333
-0.166667
-0.0416667
0
0.0416667
0
0.125
2.58333
0.875
0.291667
-5.5
-4
2.41667
-0.75
-6.58333
-1.95833
5.66667
3.625
-0.75
-1.58333
5.58333
16.0833
-6.83333
-41.5417
-25
13.5417
22.6667
13.1667
4.08333
0.416667
0.708333
0.5
-0.625
-0.916667
-0.208333
0.25
0.0416667
0.125
0.416667
3.25
0.416667
-0.5
-4.20833
-3
0.708333
-2.20833
-5.33333
0.833333
7.45833
2.5
-2.83333
-0.0416667
7.54167
12.9167
-7.5
-36.7083
-26.875
5.08333
20.3333
17.2083
7.125
1.29167
1.08333
0.625
-0.791667
-0.916667
0.0833333
0.208333
-0.375
0
0.5
4.54167
0.458333
-1.58333
-2.95833
-2.20833
-1.29167
-3.125
-3.125
3.04167
7
0.708333
-3.375
2.33333
9.04167
9.25
-7.83333
-30.0417
-27.0417
-4.54167
15
20.125
11.25
2.91667
1.41667
0.833333
-0.791667
-1.08333
0.0833333
0.458333
-0.25
-0.208333
0.25
5.25
1.5
-2.04167
-2.5
-1.625
-2.5
-3.875
-1.58333
4.70833
6.45833
-0.541667
-2.91667
4.5
9.375
5.41667
-7.79167
-22.7917
-25.3333
-13
6.95833
19.75
15.75
6.16667
2.08333
1
-0.458333
-0.916667
0.0416667
0.416667
-0.333333
-0.291667
0.25
5.04167
2.33333
-1.95833
-2.29167
-1.16667
-2.91667
-4.33333
-0.833333
5.33333
5.91667
-0.375
-1.375
5.70833
7.83333
0.666667
-7.95833
-14.0417
-19.875
-19.25
-3.16667
15.375
18.7917
10.7917
3.875
1.25
-0.291667
-0.75
0.0833333
0.333333
-0.416667
-0.25
0.5
4
2
-1.79167
-1.5
-0.0833333
-2.83333
-5.41667
-1.41667
5.5
6.41667
0.875
-0.25
5.66667
5.16667
-4.58333
-8.08333
-4.5
-11.25
-21.8333
-13.4167
7.16667
18.4167
15.5833
7.375
2.08333
-0.166667
-0.833333
-0.0416667
0.291667
-0.5
-0.458333
0.375
3.20833
1.20833
-2.33333
-1
1.41667
-2
-6.20833
-2.375
5.16667
6.58333
2.29167
1.33333
4.58333
0.458333
-9.20833
-6.5
4.33333
-1.75
-20.25
-21.8333
-3.79167
14.2083
19
11.75
3.54167
0.166667
-0.125
0.291667
0
-0.791667
-0.75
0.25
2.33333
0.708333
-2.79167
-1.33333
2.45833
-0.291667
-6.04167
-3.45833
3.91667
6.375
4.70833
3.45833
1.54167
-5.91667
-12.0833
-3.625
10.7917
7.16667
-14.2083
-26.1667
-15.6667
5.33333
19.2917
17
6.70833
0.875
0.0833333
0.208333
-0.125
-0.583333
-0.5
0.208333
1.41667
0.0833333
-2.95833
-1.70833
2.875
1.125
-5.75
-4.41667
3.375
7
6.66667
3.95833
-2.79167
-11.625
-12.5833
0.458333
14.9167
12.7917
-6.75
-25.0417
-24.2917
-5.66667
14.4167
19.8333
11.1667
2.83333
0.958333
0.541667
-0.5
-0.666667
-0.291667
0.208333
0.666667
-0.708333
-2.95833
-1.58333
3.08333
1.625
-5.45833
-4.66667
3.33333
8.04167
7.54167
1.875
-7.75
-14.5
-10.125
4.33333
16.5833
15.375
-0.208333
-19.625
-27.5833
-16.0833
5.625
18.2917
14.9583
6.5
2.5
1
-0.5
-0.666667
-0.208333
0.0833333
0.25
-1.16667
-2.875
-1.625
2.875
1.91667
-4.625
-4
3.375
8
6.75
-1.5
-11.4583
-13.75
-5.58333
7.04167
15.1667
14.6667
4.95833
-11.625
-25.625
-23.7917
-5.125
12.9167
16.7083
10.9167
5.04167
1.75
-0.208333
-0.708333
-0.416667
-0.291667
0.375
-0.916667
-2.75
-1.66667
2.41667
1.625
-3.79167
-2.75
3.625
6.79167
4.375
-4.58333
-13.0833
-10.375
0.875
8.5
9.5
10.4583
9
-2.25
-19.25
-27.0417
-15.8333
3.875
15.375
14.9583
8.83333
3.375
0.291667
-0.625
-0.625
-0.541667
0.208333
-0.625
-2.20833
-1.45833
1.5
0.875
-2.66667
-1.08333
3.83333
5.25
1.375
-7.66667
-12.7917
-4.83333
7.45833
8.70833
1.83333
3.70833
10.875
5.95833
-10.5417
-24.625
-23.1667
-6.91667
10.0417
17.125
13.375
5.625
0.625
-0.5
-0.375
-0.375
-0.166667
-0.625
-1.41667
-0.833333
0.375
-0.333333
-1.58333
0.541667
4
3.45833
-2.25
-9.16667
-9.45833
-0.208333
10.5
8.79167
-2.95833
-2.29167
9.58333
9.45833
-3
-16.7083
-24.4583
-17.2083
1.125
15.75
17.7083
9.125
1.08333
-0.416667
-0.0416667
-0.166667
-0.416667
-0.416667
-0.791667
-0.625
-0.458333
-1.25
-0.833333
2.125
4
0.625
-5.625
-7.58333
-3.79167
2.75
9.66667
6.79167
-5.625
-4.54167
7.83333
7.95833
0.875
-6.54167
-19.2083
-23.6667
-9.41667
10.5
19.3333
12.875
2.91667
0
0.208333
0.0416667
-0.416667
-0.208333
-0.541667
-0.708333
-0.875
-1.54167
-0.333333
3.08333
3.33333
-2.83333
-7.95833
-3.41667
3.33333
4.58333
6.41667
3.66667
-7.58333
-6.29167
5.58333
5.41667
2.625
2.5
-10.1667
-24.4583
-18.7917
2.16667
17.5833
15.2917
5.125
1
1
0.916667
-0.625
0.0833333
-0.208333
-0.875
-1.08333
-1.20833
0.291667
3.04167
1.41667
-6.375
-8.625
1.95833
8.91667
5.33333
5.29167
1.95833
-10.5833
-9.58333
2.125
3.45833
4.58333
9.25
-0.75
-20.25
-24.5833
-7.625
12.125
15.375
6.875
2.58333
2.91667
2.45833
-0.833333
0.125
0
-0.875
-1.16667
-0.833333
1.125
2.54167
-2
-9.45833
-5.95833
9.33333
13.2917
2.70833
0.541667
0.458333
-9.41667
-9.25
-0.625
-1.29167
2.125
13.375
9.16667
-11.875
-25.3333
-16.2083
3.83333
12.2083
7.625
4.5
5
4.20833
-0.75
0.0416667
-0.25
-1.25
-0.916667
0.25
1.75
0.5
-6.125
-10.3333
-0.666667
16.375
15
-2.54167
-5.33333
-0.708333
-6.54167
-4.91667
0
-7.20833
-3.79167
14.3333
16.7917
-2.20833
-21.0833
-21.5
-5.75
6.08333
7
6.375
6.79167
5.875
-0.333333
0.458333
-0.791667
-2.25
-0.5
1.75
1.66667
-2.41667
-9.29167
-9.16667
4.79167
20.75
14.5833
-6.41667
-8.08333
-0.458333
-5.79167
-4.70833
0
-8.125
-5.70833
13.0833
19.4583
5.29167
-14
-22.2083
-14.25
-1.75
4.66667
6.66667
8
8.29167
0.125
0.583333
-1.625
-3.04167
0.75
3.25
0.208333
-6.16667
-11.2083
-5.83333
9.45833
20.2083
11.7917
-5.04167
-4.875
-0.25
-8.33333
-8.66667
-2
-5.16667
-3.29167
10.75
18.1667
10.2083
-5.75
-18.7083
-19.75
-10.4583
-0.458333
5.66667
9.54167
10.4583
0.208333
0.541667
-1.91667
-3.04167
1.625
3.58333
-2.25
-9.54167
-10.5
-1.08333
12.2083
17.5833
8.5
-3.83333
-1.75
0.5
-10.25
-11.0417
-1.58333
-1.83333
-2
7.25
14.75
12.5417
1.58333
-12.625
-20.9167
-17.4583
-7.16667
2.91667
10.2083
11.7083
0.541667
0.333333
-2.25
-2.45833
2.375
2.375
-5.625
-11.2083
-7.33333
3.91667
13.5
14.5417
5.875
-4.54167
-2.70833
0.791667
-7.70833
-8.45833
-0.125
-2
-3.25
5
11.4167
11.7917
6.16667
-5.58333
-17.5417
-20.7917
-13.6667
-2.08333
8.45833
12.7083
0.916667
0.125
-2.375
-1.66667
2.91667
1.125
-7.79167
-11.0417
-3.45833
7.16667
11.6667
9.91667
3.45833
-3.70833
-1.20833
1.54167
-7
-7.54167
0.958333
-0.541667
-2.33333
3.33333
7.16667
8.83333
7.91667
-0.541667
-13.2083
-20.125
-17.0417
-7.25
4.91667
12.875
1
0.208333
-1.625
-0.541667
2.625
-0.333333
-8.375
-9.20833
-0.291667
7.70833
8.08333
5.375
2.125
-1.20833
1.16667
2.16667
-6.45833
-8.79167
-0.625
2.20833
0.916667
2.125
3.41667
5.58333
7.20833
2.16667
-8.5
-16.5
-17.625
-11.8333
0.208333
11.6667
0.833333
0.0416667
-0.541667
0.875
2.04167
-2.08333
-8.375
-6.79167
2.08333
7.20833
5
1.66667
0.583333
1.5
3.25
0.875
-5.75
-6.95833
-1.04167
2.75
2.04167
0.875
1.04167
3.33333
6
3.45833
-4.79167
-12.375
-16.3333
-14.2083
-3.25
9.83333
0.333333
-0.333333
0.541667
2.25
0.916667
-3.70833
-6.91667
-3.54167
3.45833
5.125
2.04167
0.708333
0.833333
1.25
2.04167
0.25
-3.95833
-4
0.708333
2.41667
0.166667
-0.916667
0.458333
2.70833
4.04167
2.54167
-2.20833
-8.04167
-13.375
-13.8333
-5.125
7.5
0.0416667
-0.625
0.875
2.45833
-0.0833333
-4.125
-4.375
-0.333333
3
2
0.5
1.29167
1.29167
0.666667
1.33333
0.458333
-2.70833
-3.16667
0.0833333
1.79167
0
-1.625
0.0833333
2.95833
2.70833
0
-2
-4.08333
-8.375
-11.2083
-6.75
4.41667
-0.0416667
-0.5
1.125
1.75
-1.70833
-4.33333
-1.08333
3.5
2.25
-1.54167
-0.75
2.04167
1.66667
0.708333
1.875
1.125
-3.79167
-5.625
-0.208333
3.45833
0.416667
-2.375
-0.208333
3.41667
2.54167
-2.125
-3.70833
-1.95833
-3.25
-7.58333
-7.25
2.29167
-0.166667
-0.208333
1.20833
0.541667
-3.20833
-3.875
1.41667
5.41667
1.54167
-3.41667
-1.41667
2.375
2.125
1.33333
2.625
1.54167
-4.83333
-7.83333
-1.16667
4.29167
1.16667
-2.5
0.166667
4.54167
2.66667
-3.25
-4.83333
-1.79167
-0.875
-4.16667
-5.33333
1.20833
0.541667
0.416667
2.08333
1.625
-5.20833
-7.625
2.58333
9.79167
2.45833
-5.20833
-2.33333
2.125
1.875
1.75
3.41667
1.75
-5.95833
-10.0417
-2.08333
5.58333
2
-3.375
0
6.29167
4.08333
-4.20833
-7.25
-2.54167
1.375
-0.75
-2.83333
0.75
-2.57407
-2.42593
-1.96296
-0.944444
-0.796296
-0.833333
-1.05556
-0.648148
-0.481481
-0.796296
-1.33333
-2.24074
-1.09259
1.05556
2.2037
2.59259
2.66667
2.77778
2.64815
3.14815
3.61111
1.96296
0.296296
-0.0555556
0.0555556
0.111111
0
0.203704
-1.53704
-0.592593
0.333333
0.666667
0.314815
0.37037
0.944444
1.66667
1.18519
0.203704
-1.27778
-4.5
-4.18519
-1.22222
0.296296
-0.0925926
-0.666667
-0.111111
0.425926
1.48148
3.72222
3.27778
0.888889
-0.203704
-0.0555556
0.0555556
0.0740741
0.314815
-1.14815
0.185185
1.01852
0.462963
-0.0925926
-0.0185185
1.05556
1.81481
1.11111
-0.333333
-2.46296
-6.11111
-6.77778
-3.96296
-2.03704
-2.7037
-3.46296
-2.48148
-1.14815
0.462963
3.2037
4.38889
2.05556
0.0740741
-0.222222
-0.203704
-0.148148
-0.0925926
-1.5
-0.240741
-0.037037
-1.27778
-1.48148
-1.33333
-0.333333
0.0925926
-0.851852
-2.53704
-4.94444
-7.61111
-8.83333
-7.77778
-5.61111
-5.46296
-5.62963
-4.27778
-2.44444
-0.314815
2.38889
4.64815
3.85185
1.31481
0.148148
0.0185185
0.0185185
-0.0555556
-2.11111
-1.51852
-1.77778
-2.7963
-2.61111
-2.33333
-2.03704
-2.05556
-3
-4.64815
-6.18519
-7.68519
-9.72222
-10.8519
-9.27778
-7.33333
-6.5
-4.88889
-3.09259
-1.46296
0.814815
3.68519
4.94444
3.03704
0.796296
0.5
0.351852
0.12963
-2.12963
-2.25926
-2.42593
-2.27778
-1.90741
-1.7037
-2.07407
-2.7037
-4.07407
-5.09259
-5.22222
-6.18519
-9.03704
-11.8333
-11.4444
-8.25926
-5.92593
-3.96296
-2.7963
-2.40741
-0.777778
1.92593
4.68519
4.18519
1.48148
0.351852
0.203704
0.0925926
-1.55556
-2.25926
-2.05556
-1.11111
-0.740741
-0.592593
-1.31481
-2.7037
-4.11111
-3.98148
-2.51852
-3.16667
-6.25926
-9.46296
-10.7037
-7.74074
-3.96296
-1.64815
-1.44444
-2.57407
-1.88889
0.407407
3.40741
4.66667
2.42593
0.240741
-0.351852
-0.481481
-1.05556
-1.64815
-1.18519
-0.203704
0.259259
0.37037
-0.537037
-2.68519
-4
-2.62963
-0.703704
-0.462963
-2.53704
-5.57407
-8.07407
-6.74074
-1.94444
0.759259
0.296296
-1.33333
-2.01852
-0.722222
1.90741
4.46296
4.05556
0.962963
-0.444444
-0.740741
-0.666667
-0.796296
-0.277778
-0.0185185
0.648148
0.685185
-0.388889
-2.7963
-3.16667
-1.11111
0.703704
1.81481
1.62963
-0.944444
-3.81481
-4.27778
-0.259259
2.33333
1.66667
0.185185
-1.25926
-1.14815
0.833333
3.88889
5.46296
3.18519
0.611111
-0.259259
-0.722222
-0.314815
-0.0185185
0
0.62963
0.277778
-1.03704
-2.57407
-1.75926
0.37037
2.01852
4.07407
5.40741
3.90741
1.68519
0.203704
1.59259
3.03704
2.74074
1.46296
-0.518519
-1.53704
-0.425926
2.38889
5.37037
5.07407
2.40741
0.851852
-0.666667
-0.185185
-0.12963
-0.037037
0.240741
-0.703704
-1.72222
-1.31481
0.592593
2.18519
4
6.11111
8.12963
8.46296
7.83333
5.83333
3.42593
2.92593
3.22222
2.16667
0.481481
-1.05556
-1.2963
0.444444
3.61111
5.62963
4.11111
2.03704
-1
-0.833333
-0.981481
-0.62963
-0.962963
-2.2963
-2.53704
-0.037037
2.33333
3.14815
4.68519
6.40741
8.37037
10.9815
11.9444
9.59259
4.27778
1.62963
2.66667
2.72222
1.77778
0.240741
-1.46296
-0.888889
1.83333
5
5.59259
3.55556
-0.981481
-1.12963
-1.16667
-1.01852
-1.90741
-3.25926
-2.5
0.962963
2.92593
2.96296
3.27778
3.7963
5.55556
9.27778
11.5556
8.87037
2.68519
-1.05556
0.0185185
2.12963
2.75926
1.7037
-0.555556
-1.16667
0.833333
4
6.22222
5.07407
-1.01852
-1.2037
-1.07407
-1.31481
-2.61111
-3.5
-2.37037
-0.166667
0.685185
0.611111
-0.333333
-0.777778
0.518519
3.38889
5.37037
3.31481
-1.12963
-4.59259
-4.61111
-1.25926
0.981481
0.722222
-0.259259
-0.962963
-0.0185185
2.61111
5.55556
5.88889
-0.555556
-0.388889
-0.185185
-1.03704
-2.59259
-2.68519
-1.90741
-1.75926
-2.12963
-2.07407
-3.72222
-4.38889
-3.51852
-2.53704
-1.57407
-2.18519
-4
-6.44444
-8.12963
-5.5
-2.62963
-1.64815
-0.555556
-1.09259
-1.22222
0.611111
3.46296
5.2963
-0.462963
0
-0.0925926
-1.46296
-2.7963
-2.12963
-1.81481
-3.2963
-4.42593
-4.66667
-6.16667
-6.88889
-6.38889
-6.74074
-7.27778
-6.44444
-5.85185
-7.18519
-9.62963
-9.14815
-6.31481
-4.12963
-1.74074
-1.55556
-2.46296
-1.48148
0.981481
3.64815
-0.240741
0.0925926
-0.518519
-2.14815
-2.92593
-1.87037
-1.77778
-2.46296
-3.16667
-4.44444
-5.53704
-6.01852
-5.77778
-5.88889
-6.77778
-5.53704
-4.53704
-5.55556
-7.2963
-8.68519
-6.94444
-3.94444
-2.22222
-1.77778
-2.51852
-2.68519
-0.907407
1.87037
-0.37037
-0.518519
-1.62963
-2.85185
-2.48148
-1.64815
-1.75926
-2.09259
-2.87037
-4.96296
-5.33333
-5.72222
-6.09259
-6.75926
-8.03704
-7.01852
-5.33333
-5.14815
-5.83333
-8.03704
-7.59259
-4.7963
-3.5
-2.14815
-2.31481
-3.05556
-2.22222
0.185185
0.0555556
-0.759259
-2.18519
-2.35185
-1.2037
-0.685185
-1.38889
-1.85185
-2.98148
-4.7037
-4.31481
-3.40741
-4.83333
-6.77778
-8.01852
-7.07407
-4.94444
-3.44444
-3.57407
-5.85185
-7.59259
-5.92593
-4.2037
-2.38889
-1.98148
-2.75926
-3.03704
-1.31481
0.37037
-0.703704
-1.77778
-0.944444
0.685185
1.05556
0.203704
-2.03704
-4.03704
-4.66667
-4.22222
-3.14815
-4.96296
-8.24074
-9.53704
-8.5
-5.16667
-2.24074
-2.22222
-3.51852
-6.18519
-6.46296
-4.22222
-2.37037
-1.98148
-2.11111
-3.14815
-2.2963
0.740741
-0.0740741
-0.166667
1.66667
3.2963
4.25926
4.5
3.09259
2.24074
2.87037
2.83333
3.31481
1.62963
-0.481481
-0.722222
0.0740741
2.18519
4.53704
5.27778
5.33333
2.87037
0.648148
1
1.05556
0.87037
0.425926
-1.27778
-1.75926
0.388889
0.574074
2.27778
4.62963
6.51852
8.2963
10.3148
10.8333
12.0556
13.5185
13
11.6667
11.3148
11.3333
11.8148
11.7407
12.037
12.8519
14.0741
15.2778
13.8333
9.94444
7.05556
5.33333
4.55556
3.44444
1.61111
0.0740741
-0.37037
0.888889
3.7037
6.31481
8.25926
10.4815
13.2778
16.3519
19.5185
21.6481
21.6852
20.1481
20.2407
21.6296
22.463
21.6852
19.7963
18.8704
19.7222
20.3333
19.2037
15.1111
10.2037
7.05556
5.94444
4.27778
2.94444
1.18519
-1.24074
0.148148
2.5
3.87037
4.85185
5.85185
7.18519
9.55556
12.1111
13.7407
14.3333
13.3704
13.7593
14.7963
15
13.9444
11.8519
10.1296
9.68519
9
7.75926
4.90741
0.944444
-1.62963
-2.22222
-2.35185
-1.7963
-2.11111
-1.75926
-1.48148
-1.40741
-2.11111
-3.14815
-4.44444
-5.5
-5.11111
-4.61111
-4.07407
-3.01852
-2.64815
-2.7037
-2.31481
-2.14815
-2.74074
-4.2037
-5.74074
-7.07407
-8.77778
-9.66667
-10.2963
-11.8519
-13.5741
-13.7037
-12.0741
-9.75926
-8.35185
-1.59259
-2.92593
-4.85185
-7.31481
-10.037
-13.1481
-15.7963
-17.4815
-18.963
-19.5556
-18.4815
-17.537
-17.4259
-17.1667
-16.9444
-17.0556
-17.4444
-18.2037
-19.3148
-20.7037
-21.0556
-20.0926
-19.7407
-20.1111
-19.7963
-17.463
-14.7037
-12.6852
-1.01852
-2.74074
-4.98148
-7.37037
-10
-12.7778
-14.963
-16.5926
-18.2407
-18.7963
-17.7963
-16.5185
-15.9259
-15.463
-15.0741
-14.7778
-14.537
-14.3333
-14.6667
-15.0556
-14.7593
-13.5
-12.463
-12.0556
-11.9074
-11.0926
-9.85185
-9.01852
-8.27778
-8.68519
-8.77778
-8.7037
-8.66667
-8.42593
-8.14815
-8.46296
-8.74074
-8.12963
-7.18519
-6.09259
-5.16667
-4.72222
-4.81481
-4.59259
-4.16667
-3.62963
-3.22222
-2.57407
-1.7963
-0.777778
0.314815
1.48148
1.53704
0.740741
0.351852
-0.296296
-2.96296
-4.7037
-4.57407
-4.55556
-3.51852
-1.05556
2.94444
3.74074
3.85185
5.75926
9.88889
7.03704
-9.48148
-30.7778
-37.3519
-22.9074
3.66667
20.6111
24.5926
17.2593
9.44444
3.51852
0.62963
-0.388889
-0.666667
-0.222222
-0.222222
0.0925926
-2.53704
-4.25926
-4.61111
-4.88889
-3.40741
0.148148
4.44444
5.38889
4.7963
5.7037
7.72222
4.38889
-9.74074
-27.1667
-33.9815
-24.3704
-3.05556
14.2222
22.9259
20.1481
13.5
6.05556
1.55556
-0.259259
-0.611111
-0.166667
-0.259259
0.037037
-2.42593
-3.87037
-4.53704
-5.09259
-3.25926
1.2037
5.77778
6.7037
5.38889
5.05556
5.03704
1.44444
-9.33333
-21.9074
-28.4815
-24.3148
-9.85185
6.24074
18.963
21.5741
17.3704
9.33333
3.11111
0.0740741
-0.666667
-0.203704
-0.314815
-0.037037
-2.27778
-3.24074
-4.37037
-5.16667
-3.48148
2.05556
6.88889
7.92593
5.64815
4.01852
2.16667
-1.33333
-8.38889
-15.9444
-21.8333
-22.963
-15.7407
-2.44444
13
20.8519
20.3333
12.9815
5.57407
1.2037
-0.296296
-0.148148
-0.481481
-0.222222
-2.11111
-2.57407
-3.61111
-4.68519
-3.38889
2.16667
7.24074
8.66667
6
2.96296
-0.962963
-4.40741
-7.66667
-9.90741
-14.0556
-19.2778
-19.4444
-10.8889
4.74074
17.4815
21.7593
17.0185
8.88889
2.92593
0.12963
-0.166667
-0.537037
-0.203704
-1.74074
-1.7037
-2.98148
-4.44444
-3.57407
2.07407
7.37037
9.24074
5.81481
1.35185
-4.44444
-7.01852
-6.53704
-3.72222
-5.94444
-13.9259
-20.5926
-17.7407
-4.2963
11.2593
20.5
19.8148
12.7963
5.57407
1.37037
0.0185185
-0.518519
-0.407407
-1.55556
-1.03704
-2.27778
-3.94444
-3.35185
1.96296
7.2963
9.12963
4.77778
-1.25926
-7.96296
-8.72222
-4.48148
2.42593
1.85185
-7.85185
-19.6296
-22.5926
-12.7778
3.31481
16.4444
20.3519
16.2407
9.22222
3.7037
0.851852
-0.462963
-0.648148
-1.66667
-0.814815
-1.62963
-3.14815
-2.74074
1.81481
7.01852
8.48148
3.33333
-4.24074
-10.8704
-9.57407
-2.03704
7.64815
8.53704
-1.62963
-16.8889
-25.0741
-20.037
-5.16667
10.3704
18.8333
18.5185
12.8519
6.55556
2.24074
0
-0.62963
-1.83333
-0.685185
-1.16667
-2.62963
-2.35185
1.85185
6.88889
7.53704
1.33333
-7
-12.1852
-8.74074
0.462963
10.5
12.2963
3.5
-12.2593
-24.1667
-24.7778
-13.3704
2.46296
14.963
19.1667
16.3889
10.0741
4.2963
0.666667
-0.648148
-1.83333
-0.537037
-0.796296
-2.27778
-1.92593
2.16667
6.57407
5.92593
-1.31481
-9.01852
-11.6481
-6.09259
2.96296
11.1296
12.7963
6.42593
-7.07407
-20.3519
-26.0926
-19.7593
-5.96296
8.90741
17.6852
18.8889
13.8148
6.85185
1.74074
-0.425926
-1.77778
-0.462963
-0.407407
-1.7037
-1.14815
2.24074
5.38889
3.57407
-3.51852
-9.48148
-9.88889
-3.22222
4.7963
10.7963
11.9444
7.77778
-2.7963
-15.7963
-25
-23.5
-13.1296
1.88889
14.0926
19.6111
17
9.74074
3.22222
0.0925926
-1.72222
-0.833333
-0.537037
-1.07407
-0.0740741
2.25926
3.51852
0.962963
-4.55556
-8.18519
-7.09259
-1.14815
5.25926
9.09259
10.3333
8.03704
0.722222
-11.037
-21.7778
-24.5
-18.5
-5.48148
8.53704
18.2778
19.1667
13
5.48148
1.16667
-1.64815
-1.2963
-0.833333
-0.518519
0.925926
1.90741
1.44444
-1.42593
-4.46296
-5.53704
-3.22222
1.07407
4.72222
5.72222
6.44444
6.42593
3.12963
-5.38889
-16.0926
-22.2593
-21.5741
-12.2963
1.61111
14.5556
19.1667
15.2778
8
3.07407
-1.46296
-1.64815
-1.12963
-0.0925926
1.33333
1
-1.09259
-3.66667
-4.2037
-2.16667
1.72222
5.11111
5.07407
1.83333
-0.12963
1.53704
3.53704
0.685185
-7.55556
-16.8148
-21.963
-18.2778
-6.03704
8.64815
16.9259
16
10.2778
5.38889
-1.27778
-1.66667
-1.07407
0.12963
0.851852
-0.907407
-3.51852
-4.37037
-1.51852
2.59259
6.05556
6.55556
3.48148
-2.03704
-4.74074
-2.68519
2.05556
3.33333
-0.518519
-9.38889
-18.1852
-20.7593
-12.6667
1.2963
12.2222
14.6111
11.6296
7.74074
-1.40741
-1.5
-0.592593
0.203704
-0.407407
-3.46296
-5.25926
-3.35185
2.90741
7.44444
8.83333
5.22222
0.444444
-5.46296
-6.66667
-4.88889
0.148148
3.2037
3.7037
-1.75926
-11.7593
-19.5741
-17.463
-6.22222
5.59259
11.1852
11.4815
9.7037
-1.62963
-1.2963
-0.185185
-0.037037
-2.14815
-5.92593
-6.33333
-1.12963
7.66667
12.0556
10.2407
3.59259
-2.5
-8.05556
-9
-7.53704
-2.14815
3.05556
7.53704
5.48148
-4.5
-16.5556
-20.2222
-13.0556
-1.74074
6.03704
9.64815
10.7593
-1.87037
-1.01852
0.037037
-0.62963
-4.14815
-7.98148
-6.64815
1.18519
11.5741
15.4259
11.6111
3.11111
-3.92593
-9.92593
-11.6481
-10.8519
-5.05556
2.35185
10.5
11.9074
3.12963
-11.5741
-20.5556
-18.537
-9.53704
-0.5
6.27778
10.9074
-1.83333
-0.814815
-0.407407
-1.96296
-6.25926
-9.12963
-5.83333
4.09259
14.8519
17.3519
11.2963
1.48148
-5.44444
-10.4444
-11.6852
-11.2407
-6.27778
0.888889
10.5926
15.0926
9.35185
-5.53704
-18.3148
-21.8889
-16.4815
-7.59259
1.7963
9.7963
-1.68519
-0.87037
-1.33333
-3.77778
-8.03704
-9.27778
-3.90741
6.96296
16.7963
17.3889
10
0.0185185
-6.01852
-9.96296
-10.6481
-10.5556
-6.5
-0.185185
9.61111
15.9259
13.037
-0.0185185
-14.5
-22.4259
-21.4815
-14.2222
-3.81481
7.2037
-1.31481
-0.462963
-1.61111
-4.77778
-9.14815
-9.07407
-2.44444
8.64815
16.8519
16.2593
8.77778
0.148148
-5.48148
-9.42593
-10.7222
-10.2037
-5.98148
-0.12963
8.44444
14.9444
14.537
4.31481
-10.1667
-21.5
-24.6852
-19.7407
-9.05556
4.01852
-0.722222
0.0185185
-1.5
-5.2037
-9.59259
-8.75926
-1.40741
9.33333
15.7222
14.0741
7.11111
0.333333
-4.24074
-8.11111
-9.7963
-9.31481
-5.24074
-0.37037
6.62963
12.7778
14.5
7.44444
-5.66667
-18.8889
-25.4444
-23.4444
-13.8889
-0.0925926
-0.203704
0.277778
-1.74074
-5.85185
-9.74074
-7.7963
0.333333
10.2407
14.7407
11.5926
4.62963
-1.18519
-4.09259
-6.42593
-6.98148
-6.7037
-4.14815
-1.35185
3.77778
9.66667
13.2593
9.5
-1.18519
-14.7222
-24.0556
-25.2778
-17.8889
-3.92593
0.0925926
0.314815
-2.05556
-6.07407
-8.98148
-6.03704
1.74074
9.5
12.0556
8.74074
3.77778
-0.407407
-2.74074
-5.7037
-6.33333
-5.44444
-2.53704
-0.481481
2.40741
6.83333
10.5926
9.57407
1.55556
-10.5185
-21.2778
-24.7407
-19.7963
-6.38889
0.185185
-0.037037
-2.68519
-6
-7.42593
-3.77778
2.55556
7.83333
8.88889
6.87037
4.25926
2.12963
-0.925926
-5.59259
-8.25926
-6.46296
-1.64815
1.75926
2.98148
4.83333
7.5
7.98148
2.64815
-7.24074
-17.4259
-22.0741
-19.4259
-8.12963
0.0740741
-1.03704
-3.85185
-5.7037
-4.81481
-0.703704
3.53704
5.62963
5.59259
4.72222
4.74074
3.90741
0.62963
-5.38889
-8.94444
-6.72222
-1.05556
2.74074
2.7963
3.12963
4.94444
6.35185
2.87037
-4.66667
-13.5741
-18.463
-17.8704
-9.01852
-0.0740741
-1.96296
-4.42593
-4.64815
-1.94444
1.77778
3.64815
3.62963
3.2037
3.31481
4.03704
3.59259
0.740741
-4.35185
-7.46296
-5.38889
-0.814815
2.22222
1.61111
1.94444
3.51852
5
2.2037
-3.5
-10.3519
-14.5926
-15.2407
-8.7963
0.777778
-2.96296
-5.55556
-3.98148
1.22222
4.2963
3.40741
0.981481
0.592593
1.75926
3.25926
3.24074
0.888889
-3.61111
-6.87037
-5.37037
-1.5
1.42593
1
1.75926
3.37037
4.33333
0.87037
-4.01852
-8.46296
-10.4815
-11.3148
-7.40741
-0.333333
-3.11111
-3.5
-3.66667
-1.33333
-1.77778
-3
-2.72222
-0.444444
3.66667
5.16667
5.72222
3.83333
2.94444
1.05556
0.166667
-1.22222
-4.05556
-8.22222
-9.38889
-6.61111
-2.61111
-0.5
0
0.611111
0.388889
-0.0555556
-0.388889
-0.222222
-0.0555556
0.0555556
-0.222222
-0.611111
-1.16667
-1.44444
-2.38889
-2.11111
-3.33333
-5.38889
-3.72222
-0.166667
5.66667
5.61111
4.38889
2.5
1.88889
1.44444
2.61111
4.77778
2.77778
-6.55556
-12.7222
-11.3333
-5
-1.05556
-0.444444
0.111111
0
-0.277778
-0.388889
-0.444444
-0.0555556
0
0.0555556
-2.72222
-1.83333
-0.777778
-1.16667
-1.72222
-3.16667
-5.27778
-2.94444
1
6.27778
4
1.66667
1.61111
3.94444
4.72222
6.16667
8.94444
7.38889
-5.44444
-16
-16.1667
-7.94444
-1.77778
-0.944444
-0.555556
-0.388889
-0.222222
-0.111111
-0.444444
-0.166667
-0.277778
0.0555556
-4.44444
-3.11111
-1.44444
0.111111
0.111111
-0.722222
-3.44444
-2.16667
0.722222
4.5
1.5
-0.277778
1.72222
5.83333
6.11111
5.83333
9.55556
10.5
-0.444444
-14.7778
-18.8333
-11.8889
-3.88889
-1.22222
-0.444444
-0.0555556
0.222222
0.0555556
-0.0555556
-0.111111
-0.333333
-0.277778
-3.88889
-2.94444
-2.16667
0.166667
0.888889
0.833333
-0.555556
-0.0555556
1.27778
1.66667
-1.38889
-0.777778
2.72222
6
3.11111
1.11111
6.77778
13.4444
8.05556
-7.77778
-18.8333
-16.3889
-7.83333
-2.16667
-0.611111
-0.222222
0.388889
0.722222
0.833333
0.444444
-0.222222
-0.555556
-2.11111
-1.94444
-2.22222
0
0.888889
1.44444
1.38889
1.16667
0.555556
-1.44444
-1.88889
1.55556
5.11111
3.5
-3.55556
-6.66667
2.11111
15.9444
18.2778
3.55556
-14.7778
-20.0556
-12.9444
-4.44444
-0.666667
-0.222222
0.111111
0.333333
0.555556
0.5
0.222222
0
0.333333
-0.833333
-2.27778
-1.33333
-0.388889
0.833333
2
0.888889
-0.833333
-2.61111
0.722222
5.44444
6.77778
-0.611111
-10.8889
-13.7778
-2.55556
17.2778
26.3333
16
-7.11111
-20.3889
-17.8889
-7.94444
-1.66667
-0.222222
0
0.388889
0.277778
0.0555556
-0.111111
-0.0555556
2.05556
-0.166667
-2.27778
-2.44444
-1
1
1.88889
-0.277778
-2.5
-2.05556
3.55556
7.55556
5.44444
-5.33333
-16.5556
-18.1667
-5.72222
16.2778
30.6111
26.1667
4.44444
-15.6667
-20.2222
-12.3333
-3.88889
-0.5
-0.222222
0.0555556
0
-0.277778
-0.166667
-0.0555556
2.16667
-0.0555556
-2.61111
-3.5
-1.72222
1.16667
2.22222
-0.166667
-2.05556
-0.444444
4.33333
6.11111
1.27778
-9.22222
-17.8889
-17.8889
-6.61111
11.7222
28.5556
32.1667
16.8333
-5.94444
-20.1111
-16.7222
-7.94444
-1.33333
0
0.166667
0.166667
-0.444444
-0.388889
-0.5
0.777778
-0.166667
-1.94444
-2.94444
-1.77778
0.722222
1.94444
1.16667
0
1.22222
2.44444
2.33333
-4.11111
-11.6667
-16.1667
-13.0556
-5.05556
5.83333
20.7222
31.8889
27.3333
6.94444
-14.8889
-20.3889
-13.8333
-4.94444
-0.722222
0.111111
0.666667
0.222222
0.388889
0.111111
-0.666667
-0.777778
-1.11111
-1.66667
-1.61111
-0.777778
1
2.27778
2.66667
2.44444
1
-1.72222
-8.72222
-13.3333
-11.8889
-5.66667
-2
0.0555556
9.66667
26
32.5
19.9444
-4.88889
-20
-19.2778
-10.1111
-2.66667
-0.5
0.333333
0.333333
0.722222
0.5
-0.888889
-0.833333
0.166667
0.277778
-0.666667
-2
-0.888889
2.11111
4.05556
3.55556
0
-5.66667
-12.7222
-13.4444
-6.27778
2.72222
2.22222
-2.72222
-0.888889
14.9444
30.5556
29.3889
9.38889
-14.1667
-22.1667
-16.6667
-6.55556
-1.5
0.333333
0.722222
0.777778
0.277778
-0.222222
-0.611111
0.833333
1.33333
0.277778
-1.88889
-1.44444
1.5
4.16667
3.22222
-1.05556
-9.55556
-14.2778
-10.6667
2.05556
10.0556
5.66667
-5.44444
-9.11111
2.44444
22.4444
32.1111
21.6667
-2.88889
-19.9444
-20.5
-11.3889
-3.5
-0.5
0.444444
0.277778
-0.333333
0.388889
0
1.16667
1.55556
0.833333
-0.944444
-1
1.22222
3.38889
2.11111
-3.5
-11.8889
-12.5
-3.55556
11.3333
15.9444
7.83333
-7.33333
-15.3333
-9.22222
9.72222
27.3889
28.1111
9.77778
-12.3889
-20.7222
-15.3333
-6.11111
-1.33333
-0.277778
-0.5
-0.777778
0.388889
0.0555556
0.888889
1.16667
1.22222
0.333333
0.277778
1.22222
2.27778
-0.222222
-6.05556
-10.8889
-6.22222
5.22222
16.6667
16.5556
7.44444
-7.05556
-16.0556
-15.8333
-3.16667
16
27.1111
20.1111
-0.944444
-16.4444
-17.5
-9.44444
-3.61111
-1.83333
-1.5
-0.722222
0.0555556
-0.111111
0.666667
0.777778
0.944444
0.277778
0.555556
1.44444
1.77778
-2.16667
-7.38889
-6.55556
3
12.7778
15.6111
10.3889
4.22222
-3.11111
-10.1111
-15.8889
-13.5556
1.83333
20.6667
26.1111
11.7778
-8.44444
-16.9444
-12.9444
-6.77778
-3.61111
-2.55556
-0.944444
-0.166667
-0.0555556
0.5
0.722222
0.5
0
0.5
1.5
0.777778
-4.83333
-7.88889
-1.61111
11.5
16.9444
10.6111
1.5
-0.5
1.11111
-1.61111
-11.4444
-17.7778
-9.72222
12.1111
27.1667
22.4444
2.55556
-13.2778
-15.6111
-11.2222
-6.05556
-3.66667
-1.44444
-0.277778
0.111111
0.5
0.611111
-0.277778
-0.333333
0.5
1.77778
-0.888889
-7.16667
-8.27778
0.277778
13.0556
15.8333
8.16667
-0.166667
-1.22222
1.44444
-0.166667
-9.38889
-16.7222
-13.0556
5.55556
24.7778
28.9444
14.6667
-5.61111
-16.1111
-15.3889
-9.77778
-5.16667
-2.33333
-0.222222
0.0555556
-0.111111
0.111111
-0.555556
0.5
1.5
1.33333
-4.27778
-9.94444
-8.38889
1.77778
11.5
13.3889
7.44444
2.88889
0.277778
0.277778
-2.66667
-8.55556
-13.1667
-12.7222
-0.555556
17.8333
30.3333
24.8889
5.77778
-12.3333
-17.6111
-14.5556
-8.05556
-3.88889
-0.0555556
-0.166667
-0.666667
-0.944444
-0.833333
1.33333
2.55556
-0.0555556
-7.77778
-11.3333
-6.05556
4.11111
9.05556
8.11111
4.83333
3.05556
1.33333
-0.555556
-1.88889
-4.61111
-7.66667
-10.7222
-6.11111
8.83333
26.3333
30.4444
17.1667
-4.22222
-15.8889
-17.3889
-11.3333
-6.33333
0
0.111111
-0.944444
-1.72222
-1.16667
1.5
2.11111
-3.05556
-10.3333
-10.5
-1.44444
9.27778
10.8889
5.83333
-0.611111
-3.22222
-2.05556
0.166667
2.77778
2.16667
-2.61111
-9.27778
-10.4444
-0.5
18.0556
29.1667
24.9444
6.5
-9.61111
-16.4444
-14.2778
-9.44444
0.166667
0.833333
-0.5
-1.88889
-1.38889
1.22222
0.277778
-6.05556
-10.5
-6.77778
3.11111
8.44444
5.88889
-0.333333
-2.72222
-3.22222
-0.888889
-0.5
2.11111
3.55556
2.05556
-2.72222
-7.94444
-4.72222
8.22222
23.2778
26.7222
16.1111
-1.16667
-11.6111
-14.6111
-11.2222
-0.166667
0.777778
-0.111111
-0.666667
-0.388889
0.444444
-3.38889
-8.66667
-8.77778
-1.16667
5
4.05556
-2.05556
-4.27778
-1.5
2.72222
2.27778
-1.55556
-4.27778
0.111111
5.16667
5.72222
-1.27778
-5.72222
-0.166667
13.8333
23.8333
21.4444
7.72222
-5.16667
-12.4444
-11.3333
-0.0555556
0.111111
0.111111
0.833333
1.61111
-0.222222
-6.33333
-9.77778
-5.5
3.88889
5.94444
-2
-10.3333
-9.44444
-0.722222
6.27778
4.94444
-0.5
-4.66667
-0.166667
7.38889
10.5556
3.72222
-4.88889
-6.16667
4.61111
17.2222
22.3333
14.2222
2
-8.22222
-9.66667
-0.388889
-1.05556
0.0555556
2.22222
3.44444
-0.611111
-6.27778
-6.22222
0.888889
8.94444
6.94444
-1.72222
-9.33333
-8.88889
-4.72222
-0.5
0.111111
1.72222
2.5
6.44444
9.83333
9.94444
3.77778
-5.27778
-9.83333
-5.22222
6.5
16.0556
16.2778
7.44444
-3.5
-8.05556
-0.611111
-1.22222
0.388889
2.72222
3.94444
0.333333
-1.33333
1.72222
8.66667
11.4444
7.33333
-0.333333
-5.44444
-7.38889
-8.05556
-7.66667
-3.55556
4.38889
9.94444
10.3333
7.88889
5
1.33333
-4.66667
-10.7222
-11.3889
-4.61111
7.22222
14.1667
11.3889
1.16667
-6
-1.27778
-1.16667
0.611111
2.55556
3.05556
1.94444
4.66667
10.1111
13.9444
11.5
5.5
0.666667
-1.83333
-3.77778
-6.83333
-7.94444
-4.5
2.77778
8
7.94444
4.72222
1.33333
-0.833333
-3.88889
-8.61111
-12.7778
-11.5
-2.44444
8.66667
11.9444
6.66667
-1
-1.5
-0.944444
0.388889
1.33333
1
1.66667
6.33333
11.4444
12.3889
7.27778
1.66667
-1.38889
-1.5
-1.61111
-2.22222
-2.88889
-1.83333
0.277778
1.94444
1.66667
-0.0555556
-1.72222
-2.27778
-2.5
-4.72222
-8.72222
-10.5556
-5.55556
4.44444
11.8333
12.5
7.61111
-0.777778
-0.722222
-0.555556
-0.888889
-2
-1.22222
2.33333
6.11111
6.16667
2.27778
-1.27778
-2.16667
-0.444444
1.11111
2.55556
2.38889
0.666667
-2.27778
-3.61111
-2.5
-1.72222
-2.27778
-3.05556
-2.11111
-1.66667
-3.83333
-6.77778
-6.27778
0.777778
10.3333
17.0556
15.8889
0.333333
-0.0555556
-1
-2.61111
-4.94444
-5.94444
-3.88889
-0.166667
2.11111
0.333333
-1.66667
-1.94444
0.444444
2.38889
4.61111
5.22222
2.88889
-2.11111
-5.66667
-4.5
-2.66667
-1.94444
-2.55556
-1.38889
-0.222222
-0.944444
-3.72222
-4.72222
-0.555556
8.5
16.7778
17.7222
1.22222
0.944444
-0.444444
-2.83333
-6
-7.88889
-6.44444
-2.5
1
0.833333
-0.166667
-0.222222
1.33333
2.66667
4.38889
5.88889
4.33333
-0.5
-5.33333
-5.33333
-3.11111
-1
-1.11111
-0.222222
0.555556
0.611111
-2
-3.44444
-1.27778
5.11111
11.7222
12.6667
0.944444
2.05556
3.44444
2.94444
-0.0555556
-4.61111
-4.83333
0.111111
5.61111
6.66667
4.44444
2.38889
1.38889
1.44444
2.38889
4.11111
3.5
0.722222
-3.33333
-3.94444
-2.88889
-0.722222
-0.333333
0.833333
2
2.22222
0.111111
-1.66667
-1.05556
1.77778
5.38889
6.16667
-5.68
-6.08
-4.56
-3.86
-3.78
-0.98
1.2
4.3
7.48
8.14
6.92
11.4
12.2
7.2
4.94
2.42
-9.22
-18.32
-19.02
-18.02
-15.8
-9.64
-3.62
-0.86
-0.3
-0.28
-0.06
-0.22
-4.26
-4.78
-3.32
-2.32
-3.12
-1.18
0.8
3.32
5.72
6.42
5.02
8.98
11.24
8.52
8.14
7.64
-3.02
-14.14
-18.18
-19.64
-18.76
-13
-6.12
-1.8
-0.22
-0.04
0.12
0.06
-3.46
-3.72
-2.16
-0.74
-1.58
-0.38
1.16
2.9
4.56
4.76
2.8
5.2
7.76
7.58
9.74
11.78
4
-7.18
-14.82
-19.6
-20.74
-16.26
-9.38
-3.5
-0.48
0.18
0.18
0.16
-2.76
-2.78
-1.44
0.22
-0.38
0.1
1.44
2.8
3.88
3.38
0.6
0.28
2.02
4.54
9.96
15.18
11.92
2.34
-8.6
-17.5
-21.48
-19.14
-12.98
-5.96
-1.34
0.08
0.16
0.22
-2.3
-2.32
-1.42
0.32
0.24
0.34
1.82
2.9
3.1
1.7
-2.14
-5.66
-5.4
-0.36
8.58
17.56
19.74
13.6
0.6
-12.5
-20.38
-20.86
-16.48
-9.14
-2.98
-0.16
0.18
0.22
-2
-2.02
-1.58
-0.08
0.46
0.74
2.14
3.1
2.3
-0.46
-5.72
-11.56
-12.94
-6.18
6.12
19.04
26.42
24.58
11.94
-4.4
-16.78
-21.1
-19.26
-13.04
-5.88
-1.24
0
0.1
-1.94
-2.04
-1.9
-0.5
0.78
1.46
2.84
3.14
0.92
-3.24
-9.32
-16.14
-18.08
-10.2
4.02
19.3
30.4
32.74
22.24
4.8
-11.14
-19.6
-21.22
-17
-9.72
-3.46
-0.76
-0.16
-1.78
-1.92
-1.82
-0.46
1
2.08
3.2
2.24
-1.72
-6.4
-12.2
-18.6
-19.74
-11.32
2.42
17.74
31.1
36.8
29.76
13.94
-3.68
-16.3
-21.86
-20.44
-14.08
-6.66
-1.92
-0.18
-1.66
-1.82
-1.56
-0.5
1.18
2.62
3.12
0.68
-4.06
-8.68
-13.4
-17.9
-17.48
-10.02
0.98
14.08
27.56
35.82
33.38
21.8
4.88
-10.72
-20.46
-22.46
-18.14
-10.56
-4.14
-0.94
-0.96
-1.02
-0.58
-0.12
1.38
2.92
2.3
-1.38
-6.2
-10.18
-13.06
-14.02
-11.5
-5.64
1.12
9.68
20.62
29.72
31.92
26.34
13.18
-3.64
-16.86
-22.66
-21.2
-14.86
-7.28
-2.44
-0.28
-0.26
0.46
0.6
1.84
2.88
1.22
-3.32
-7.62
-10.58
-10.62
-8.22
-3.86
0.18
2.58
5.1
12.18
20.78
26.22
26.54
19.34
4.2
-11.24
-20.32
-22.16
-18.24
-11.12
-4.88
0.36
0.34
1.04
1.04
1.94
1.94
-0.34
-4.32
-7.28
-8.64
-5.44
-0.68
3.76
5.48
3.8
0.4
3.24
10.5
17.94
23.44
22.56
11.4
-3.9
-15.48
-20.94
-20.08
-14.78
-8.14
0.96
0.98
1.5
1.42
1.7
0.3
-2.22
-4.78
-5.94
-5.22
1.14
7.46
10.78
10.12
5.04
-3.64
-5.48
-0.16
8.24
17.64
23.06
17.68
4.58
-8.48
-17.48
-20.54
-18.24
-12.3
1.02
1.18
1.66
1.76
1.3
-1.14
-3.7
-5.1
-5.3
-2.46
6.02
13.06
15.48
13.9
6.7
-5.28
-11.2
-8.82
-0.8
10.98
21.56
22.66
13.96
0.58
-11.62
-18.92
-20.38
-16.58
0.58
0.9
1.48
1.6
0.3
-2.86
-5.04
-5.24
-3.88
1.06
10.26
16.18
16.9
14.32
6.8
-5.42
-13
-13.3
-6.96
4.6
17.88
24.62
21.7
10.24
-3.76
-15.06
-20.74
-20.18
0.28
0.7
1.1
0.84
-1.42
-4.78
-6.34
-5.62
-2.48
4.26
12.96
16.66
16.1
12.54
5.18
-5.5
-12.42
-14.64
-10.34
0.24
14.18
24.52
27.04
19.24
4.92
-9.48
-18.9
-21.96
-0.22
0.38
0.56
-0.22
-3.1
-6.04
-7.6
-6.52
-2.4
5.24
12.5
15.44
14.3
10.7
3.96
-4.56
-11.22
-14.28
-11.52
-2.54
11.1
23.84
30.56
26.58
13.72
-2.62
-15.16
-21.86
-0.64
-0.08
-0.34
-1.64
-4.58
-7
-8.68
-7.74
-3.12
4.18
9.42
11.96
11.76
8.68
3.32
-2.24
-7.8
-11.9
-10.6
-3.6
8.22
21.56
31.6
31.74
21.7
5.62
-9.04
-19.32
-0.48
-0.22
-1.32
-3.34
-6.36
-8.44
-9.58
-7.46
-1.82
4.16
7.28
8.52
7.38
4.1
1.28
-0.92
-3.66
-6.5
-6.82
-3.22
5.46
16.92
27.9
32.48
27.2
13.62
-1.44
-13.96
-0.06
-0.38
-2.34
-4.68
-7.24
-8.86
-9.1
-6.3
-1.42
2.04
3.1
3.2
2.16
0.04
-0.42
0.32
0.44
-0.66
-1.56
-0.08
4.82
13.14
22.72
29.84
28.82
19.74
6.14
-6.92
0.22
-0.34
-2.36
-4.18
-5.78
-6.5
-6.16
-3.34
-0.66
0.18
-0.8
-0.34
-1.02
-1.66
-0.48
2.38
2.82
2.98
2.72
2.6
3.94
9
16.2
23.38
25.72
21.46
11.28
-0.74
0.86
0.5
-0.84
-1.98
-2.56
-2.36
-1.3
0.42
1.08
-0.6
-3.74
-4.48
-3.94
-3.62
-0.92
4.14
6.14
6.44
6.3
4.62
2.3
3.52
8.04
14.76
19.64
20.3
14.44
5.04
1.1
1.22
0.86
0.38
0.88
2.26
4.06
5.3
4.26
0.44
-4.76
-7.56
-8.1
-7.1
-2.86
4.18
8.32
10.2
9.98
6.5
1.1
-1.46
-0.3
5.08
11.68
16.16
15.14
9.9
0.62
1.26
2.26
2.9
4.78
7.32
9.24
8.74
5.84
0.78
-5.42
-8.82
-8.68
-7.02
-2.9
4.22
8.18
9.52
9.62
6.2
-0.62
-4.98
-5.98
-2.9
3.26
10.26
13.52
12.88
-0.18
1.08
3.18
4.94
7.82
11.16
12.6
10.7
6.98
2.18
-3.38
-6.12
-5.68
-4.46
-1.7
3.16
5.12
5.6
5.92
2.94
-3.24
-7.84
-10.02
-9.12
-3.9
3.76
10.34
13.84
-0.98
-0.04
1.92
3.7
6.72
10.32
12.02
9.82
6.66
2.84
-1.46
-4.14
-3.72
-2.92
-1.22
1.4
2.42
2.46
2.3
-0.1
-4.78
-8.54
-10.86
-10.7
-6.32
1.24
9.18
15.34
-2.14
-2.16
-1.1
0.38
3.2
6.68
8.7
7.52
5.42
3.08
0.68
-1.02
-1.22
-0.8
-0.28
-0.02
-0.58
-0.7
-1
-2.38
-5
-7.04
-8.84
-9.2
-6.24
0.18
8.2
15.52
-0.82
-1.38
-0.52
0.1
1.94
5.54
7.9
6.8
5.72
4.78
3.6
2.96
3.16
2.9
1.88
-0.26
-3.14
-4.38
-4.52
-4.5
-5.02
-5.06
-5.84
-6.54
-5.14
-0.3
6.82
13.92