-19.25
-15.875
-14.125
-12
-8.625
-5.875
-2.625
-0.5
0.375
1.125
1.5
1
0.25
0.125
0.125
0.875
1.5
1.625
1.25
0.5
-0.25
-1.125
-1.375
-1.375
-1.25
-0.75
-0.375
-0.5
-0.25
0
0.125
0.5
0.375
0
-19.75
-17.625
-15.625
-12.875
-9
-5.875
-3
-1.875
-1.75
-1
-0.25
0.375
0.375
0
-0.125
0.375
0.75
1.25
1.375
1.25
1
0.375
-0.25
-0.75
-0.625
-0.25
0.25
0.375
0.25
0.5
0.625
0.875
0.625
0.25
-14.625
-13.5
-12.5
-10.625
-8.125
-5.625
-3.375
-2.75
-3
-2.625
-2
-0.875
-0.125
-0.125
-0.25
-0.375
-0.625
-0.5
-0.125
0.125
0.5
0.625
0.125
-0.25
-0.375
-0.25
0.25
0.5
0.625
0.875
0.75
0.625
0.25
0
-7.5
-6.5
-5.875
-5.125
-4.375
-3.125
-2.25
-1.875
-1.875
-2.25
-2.125
-1.625
-1.125
-0.75
-0.625
-0.75
-0.875
-1
-0.75
-0.5
-0.125
0.5
0.5
0.375
0.125
-0.25
-0.25
-0.25
0
0.25
0.25
0.25
-0.125
-0.25
-0.375
0
0.75
1.125
0.875
0.875
0.25
0.125
0.375
-0.125
-0.5
-0.875
-1.125
-1
-0.75
-0.625
-0.125
0
0.25
0.5
0.5
0.875
1
1
0.875
0.125
-0.625
-1
-1.375
-1.25
-0.75
-0.5
-0.25
0.125
2.5
0.875
-0.125
-0.375
-0.125
0.375
0.625
1
1
0.75
0.25
-0.375
-0.5
-0.125
0.5
1
1.75
2
1.875
1.75
1.125
0.625
0.5
0.375
0.25
0.125
-0.375
-0.625
-0.875
-1.125
-0.75
-0.5
0
0.875
1.625
-0.875
-3.125
-4.125
-3.25
-1.75
0
1
0.875
0.625
0.25
0
0.125
0.875
1.875
3
4.375
5.5
6
5.875
4.625
2.625
1.125
0
-0.75
-0.5
-0.375
-0.125
0.25
0
-0.25
-0.125
0.25
1.125
0.75
0.125
-0.875
-1.875
-1.875
-1.5
-0.375
0.25
0.375
0.375
0.375
0.625
0.875
1.75
2.875
4.625
7
9.25
11.125
11.5
9.875
6.75
3.5
0.875
-0.75
-1.375
-1.375
-0.75
-0.375
-0.25
-0.5
-0.625
0.25
1
0.25
1.375
1.625
1.25
0.25
-1
-1.375
-1.375
-1.25
-1
-0.75
-0.125
0.875
2.25
4.125
6.375
8.875
10.75
11.5
11
9.25
7
4.5
2
0
-1.5
-2
-1.5
-1.25
-1.125
-0.75
-0.625
0.625
2
-2
-0.375
0.5
1
0.375
-0.75
-1.5
-1.875
-1.875
-1.5
-0.875
0.125
1.75
3.5
5.625
7.625
8.625
8.75
7.5
6.125
5.625
5.875
5.75
4.75
2.75
0.625
-0.625
-1.125
-1
-0.875
-0.25
0.375
1.25
2.5
-4.75
-3.625
-2.375
-1.25
-0.625
-0.375
-0.5
-0.75
-0.5
0.25
1.375
2.875
4.625
6.25
7.375
7.625
5.75
3.375
1.625
1.25
3.25
6.125
8
8.25
6.625
4.25
2.125
0.375
0.25
0.5
0.875
1.375
1.125
0.625
-3.75
-3.625
-3
-2.125
-1.125
-0.25
0
0
0.625
1.5
2.625
4.625
6.5
8.125
8.375
6.25
1.875
-2.5
-4.25
-3.125
0.25
4
6.875
8.125
7.875
6.5
4.125
2
1.25
1.25
1.625
1.625
0.625
-0.75
-1.625
-1.625
-1.75
-1.5
-1
-0.5
0
0.375
1.25
2.375
3.75
6
7.625
8
6.5
2.5
-2.25
-6
-7.125
-5.75
-3
0
3
5.5
7
7.25
5.875
4.125
2.375
1.375
0.875
0.25
-0.375
-1.375
-1.25
-0.75
-0.75
-0.75
-0.75
-0.75
0
1
2.375
4.25
6.375
8
8
5.5
1.5
-2.625
-5.25
-6
-6.125
-5.875
-5
-3.25
-0.5
2.875
5.5
7
7.5
6.375
4.25
2
-0.375
-1.625
-2.125
-2.5
-0.5
0
0.25
0.25
-0.25
-0.5
0
1.25
3.375
5.75
8.375
8.375
5.875
1.625
-3.125
-5.125
-4.75
-3.25
-2.625
-3.25
-4.25
-4.375
-2.75
0.125
3.375
6.125
7.875
7.625
6
3.25
0.25
-1.375
-2.375
-2.5
0.125
-0.25
-0.125
0.125
0.25
1.125
2.125
3.875
6.125
7.75
8.75
6.375
2.125
-2
-5.125
-4.875
-3
-1.125
-0.125
-0.75
-2.25
-3.875
-4.125
-2.75
0.25
3.875
6.375
7.75
7.375
5.5
3.25
1.125
-0.375
-1.25
-0.375
-1.25
-1.375
-0.875
0.75
3.125
5.5
8.125
9.375
9
6.375
2.125
-1.75
-4.375
-4.625
-3.75
-2.375
-1.125
-0.5
-0.625
-1.25
-2.875
-4.5
-4.875
-3.125
0.125
3.625
7
8.125
8
6.5
3.875
2
0.375
-0.125
-0.25
-0.5
-0.375
0.875
2.625
5.375
8.375
8.5
6.5
2.125
-2.125
-4
-4.5
-3.25
-2.625
-2
-1.25
-1
-0.5
-0.5
-1.25
-3
-4.5
-4
-2
1.75
5.5
7.375
8.375
7.25
5.125
3.375
1.875
0.75
1.125
0.875
0.5
0.125
0.125
1.25
2.75
2.875
1.875
-0.125
-2.125
-2.75
-2.75
-2.375
-2
-1.625
-1
-0.375
0.25
0.5
0.625
-0.25
-1
-1
-0.5
1.375
3.125
4.375
5
4.375
3.375
2.5
2.25
0.375
0.375
0.25
-0.25
-1.125
-2.25
-3.875
-5.25
-4.625
-2.75
-0.5
1.125
1.125
0.5
-0.375
-0.5
-0.5
-0.375
0.375
0.625
0.875
1.25
1.75
2.625
2.875
2.375
1.25
0.375
-0.375
-1.125
-0.625
-0.125
0.625
2.25
-0.5
-0.5
-0.375
-0.75
-1.375
-3
-5.875
-9
-9.5
-7.5
-3.375
1
3.125
3.875
3
2.125
1.5
0.75
0.375
0
-0.5
-0.25
1.25
2.625
3.25
2.5
0
-2.625
-5
-6.25
-3.875
-0.75
1.625
3.75
-0.5
-0.375
-0.125
-0.25
-0.625
-2
-4.25
-7.25
-9.5
-9.75
-7.25
-2.75
1.625
4.75
5.5
4.5
3
1.375
-0.125
-0.875
-1.125
-0.375
1.125
2
2.125
0.75
-2
-5.375
-7.5
-7
-2
4
7.5
8.125
0.125
-0.125
-0.25
-0.375
-0.625
-1.25
-2.375
-3.75
-6
-7.75
-8.375
-6.5
-2.375
1.875
4.875
5
3.375
1.5
0.25
0.375
1.625
3.125
3.875
3.375
2.125
-0.25
-2.75
-5.125
-5.375
-2.25
3.5
9.625
13
11.75
1.125
0.375
-0.5
-0.875
-1.25
-1.5
-1.625
-1.875
-3.375
-5.75
-8.375
-9.25
-7.25
-3.375
0.625
2.75
2.625
1.75
1.875
3.375
5.5
6.625
6
3.75
1.375
-0.375
-0.75
0.125
2.625
6
7.625
8.875
9.625
8
1.125
0.375
-0.625
-1.125
-1.375
-1.375
-1
-1.125
-2.375
-4.5
-7.125
-9.25
-9.625
-7.875
-4.625
-0.75
2
3.875
5.5
6.625
7.5
6.75
4.5
1.75
-0.625
-0.375
2.25
6.875
11.375
12.625
8.875
3.625
0.5
-0.5
-0.25
-0.25
-0.5
-0.75
-0.625
-0.5
-0.125
-0.125
-1.125
-2.5
-4.125
-6.375
-8.125
-8.625
-7.125
-3.25
1.625
5.875
8
7.625
5.75
3.25
0.375
-1.625
-2.875
-2
1.25
6.25
9.875
9.5
5
-1.375
-5.5
-5.25
-0.5
0
0.75
1.25
1.375
1.125
0.75
0.25
-0.25
-1
-2.125
-3.625
-5.125
-6.125
-5.5
-3.5
0.125
3.5
4.75
4.125
1.375
-1.375
-3.375
-4.625
-5.375
-6
-6.125
-5.875
-5.75
-5.875
-5.875
-5.875
-5.25
-2.375
0.5
0.875
2
2.875
3
2.625
1.5
0.375
0
-0.125
-0.5
-0.25
-0.25
-0.875
-1
-1.625
-1.625
-1
-0.875
-1.25
-2.625
-4.5
-5.375
-5.875
-6.625
-8
-10.75
-14.375
-16.375
-15.375
-11.5
-6.25
-2.125
0.25
1.625
1.75
2.25
2.375
2.375
2.125
1.25
0.375
0
0.5
2
4.125
5.625
5.125
3.125
0.5
-2.375
-3.5
-3.25
-2.375
-0.875
-0.625
-1.125
-2.125
-3.625
-4.875
-6.75
-9.25
-10.25
-9.25
-6.625
-3.625
-2.625
-4.25
3
2.875
2.75
1.625
0.625
0.375
-0.125
-0.125
0.25
1.125
3.625
5.5
6.625
6
3.125
0.375
-2.5
-3.625
-2.25
3
9.375
12.75
12.375
7.75
2.625
-0.625
-2.25
-3.25
-4.125
-4.875
-5.875
-7
-8.625
-10.375
4.625
4.375
3.875
2
0.375
0
-0.375
0
0.75
1.375
3.125
3.375
3
2.25
0
-1.375
-2.125
-2.125
-0.125
5.75
11.5
13.875
13
7.875
2.875
0
-1.5
-2.125
-3.5
-5.25
-7.625
-9.875
-11
-10.625
5.625
5.5
4.625
3.25
2.125
1.375
1.25
1.125
1.125
1.125
1.5
1.125
0.125
-0.75
-2.25
-2.625
-1.5
-0.25
1.25
1
-1.375
-4.125
-5.75
-5.375
-3.875
-2.375
-2.25
-2
-2.125
-2.75
-3.5
-4.625
-5.125
-4.75
4.875
5
4.25
4
3.125
1.875
1.5
1
1.125
1.5
1.625
2
1.125
-0.5
-1.875
-2.75
-1.5
0.125
0.5
-3.625
-9.875
-13.625
-14.5
-10.75
-6.25
-3.75
-2.875
-2.125
-1.375
-0.75
-0.125
0
0
-0.25
2.625
2.875
2.75
3.125
2.375
1.25
0.625
0.625
1.5
2.5
2.625
3.375
3.25
1.375
0.25
-1.375
-1.75
-1
-1.75
-5.125
-9
-10.25
-9.625
-6.375
-3.5
-2.5
-1.625
-1.125
-0.625
0
0.5
1
1.375
1.125
-7
-4.125
-2.375
-5.75
-13.625
-13.875
-5.625
-0.75
-0.375
-1.125
-2
-1.5
0
0.375
-0.375
-0.875
-0.5
0.375
0.25
-0.25
0.25
1.125
1.375
0.875
0.5
0.25
-0.375
-1
-1.25
-1.25
-1.125
-0.5
0.375
0.5
-4
-2.375
-1.375
-3.875
-9.5
-10.125
-4.25
-0.125
0.25
-0.5
-1.5
-1.625
-0.625
0
-0.125
-0.375
-0.25
0.25
0.125
-0.5
-0.25
0.625
1
1
0.875
0.5
0
-0.875
-1.5
-1
-0.625
-0.625
-0.125
0.25
-1.625
-0.75
-0.5
-2.375
-5.625
-6.125
-2.875
-0.25
0.25
0.125
-0.5
-1.125
-0.875
-0.125
0.25
0.125
-0.125
0
0.125
-0.375
-0.5
0.125
0.625
0.75
0.875
1
0.75
-0.75
-1.875
-0.625
0
-0.875
-1
-0.25
-0.5
0.75
0.875
-0.875
-3.625
-4.125
-2
-0.875
-0.375
0.75
0.375
-0.875
-0.875
-0.25
0.125
0.25
0.125
0.25
0.5
0
-0.375
0.25
0.5
0.125
0.625
1.25
0.75
-1
-2
-0.25
0.5
-1
-1.625
-0.5
-0.125
1.25
1.25
-0.375
-2.875
-3.375
-1.5
-0.875
-0.625
0.625
0.5
-0.625
-0.625
0
0.25
0.125
0.125
0.5
0.75
0.25
-0.25
0.375
0.5
-0.25
0.375
1.125
0.375
-1.25
-1.875
0
0.75
-1
-1.75
-0.125
-1.25
-0.125
0.625
0.125
-1.875
-2.375
-0.875
-0.75
-0.75
0
-0.25
-0.625
0
0.625
0.75
0.5
0.5
0.75
0.375
-0.25
-0.375
0.375
0.5
-0.375
0
0.875
0.375
-1.375
-1.875
0.125
0.75
-0.75
-1.5
0.125
-2.375
-1.375
-0.125
0.125
-1.5
-1.75
-0.25
-0.5
-0.875
-0.375
-0.75
-1
-0.125
1.125
1.875
1.5
1.625
2.25
1.25
-0.625
-1.875
-1.625
-0.875
-0.75
-0.25
0.25
-0.125
-1.125
-1.5
-0.25
0.5
-0.125
-0.5
0.875
-3.5
-2.625
-1.375
-0.625
-0.875
-0.5
0.375
-0.25
-0.875
-0.625
-0.875
-0.875
0.375
2.25
3.375
2.875
3.25
4
1.875
-1.5
-3.875
-4.25
-3
-1.875
-1
-0.125
0.125
-0.5
-1.125
-0.75
0
0.375
0.75
2
-3.5
-2.875
-2.375
-1.75
-0.75
0.25
0.625
-0.125
-0.75
-0.75
-1
-0.375
1.625
3.75
5.125
5.125
5.625
5.5
1.5
-3.25
-5.75
-6.25
-5.25
-3.75
-2.25
-0.75
0.25
0.25
-0.5
-1.125
-0.5
1.125
2.375
3.5
-2
-1.375
-2
-2.5
-1.375
0
0.5
-0.125
-0.625
-0.25
-0.125
0.625
2.75
5.25
6.875
6.875
6.875
5.75
1.25
-3.625
-6.375
-7.125
-6.75
-6
-4.5
-2.375
-0.375
0.625
0
-1.125
-0.5
1.625
3.5
4.5
-1
-0.125
-1.125
-2.25
-1.625
-0.625
0
0
0
0.5
0.625
1.875
4.875
7.25
7.875
7.125
6
3.625
-0.375
-3.25
-4.5
-5.375
-6.5
-7.5
-6.875
-4.5
-1.625
0.125
0.25
-0.5
-0.125
1.875
3.625
4.625
-0.5
0.625
-0.25
-1.625
-1.375
-0.75
-0.25
-0.25
0.375
1.75
1.875
3.375
7.25
9.375
8.125
5
2.125
0
-1.25
-1.125
-1.25
-2.75
-5.125
-7.375
-8.125
-6.75
-3.875
-1.25
0.25
0.25
0.375
1.875
3.125
4
-0.375
1.125
0.5
-1
-0.75
0
0.25
-0.125
1
3.625
4
5
8.625
9.5
5.75
0.75
-2.25
-2.75
-1.125
1.25
2
0.75
-2.25
-6
-8.5
-8.25
-5.625
-3.125
-1.125
0.125
0.375
1
2.125
3.125
-0.5
1.5
1
-1
-0.75
0.5
1
0.5
2.125
5.75
6.125
6.25
8.5
7.5
2.25
-3.125
-5.25
-4
-0.875
2.375
4
3.5
0.75
-3.375
-7
-8.25
-6.75
-4.875
-3
-1.25
-0.625
0.125
1.375
2.5
-0.5
2
1.25
-1.5
-1.25
0.75
2
1.75
3.875
8.25
8.625
6.625
5.375
3.125
-1.125
-5.125
-5.75
-3.5
-0.375
2.25
3.75
4.375
3.5
0.375
-4.125
-6.875
-6.625
-6.125
-5.5
-4
-2.5
-0.625
1.125
2
-0.375
2
1.125
-1.125
-0.5
1.625
3.375
3.875
6.125
9.5
8.75
4.875
0.875
-2
-3.875
-4.625
-3.75
-2.125
-0.375
1
2.5
4.375
4.875
3
-0.75
-3.875
-4.875
-6
-7.125
-6.75
-5.25
-2.375
0.625
1.75
-0.625
1.5
1.125
-0.375
0.5
2.875
5.25
6.375
7.875
9
6.625
1.625
-3.25
-5.125
-4.375
-3
-1.875
-1.125
-0.25
0.375
1.25
2.875
4.25
4.375
2.625
0.125
-2.125
-4.75
-7.375
-8.75
-8
-4.625
-0.5
1.375
-0.875
1.25
1
-0.125
1.375
4.625
7.875
9.375
8.75
6
2.375
-1.625
-5.5
-6.25
-4
-1.375
-0.25
-0.25
0
0.25
0.5
1.25
2.5
4
5
4.25
1.25
-2.75
-6.625
-9.375
-10
-7.375
-2.125
1.125
-1
0.625
0.625
0.25
2.375
5.875
9.25
11
9.375
4.375
-0.875
-4.625
-6.5
-6
-3.625
-0.75
0.375
0.25
0.625
0.75
0.5
0.625
1
3
6.5
7
3.125
-1.125
-5.125
-9.5
-11.875
-9.625
-3
1.75
-0.875
0.375
0.5
0
1.875
5.5
9.125
11.25
9.875
4.75
-1
-5.125
-6.625
-5.75
-3.625
-1
0.5
0.875
1.125
0.875
0.375
0.5
1
2.875
6.625
7.625
3.75
-0.625
-5.125
-10.125
-11.875
-8.875
-2.875
1.75
-0.5
0.5
0.375
-0.5
0.875
4
7.375
9.5
9.25
6.5
2.375
-2.25
-5.875
-6.125
-4
-1.625
0
0.75
1.125
0.75
0
0.75
2.5
4.125
6.25
6.25
2.5
-1.875
-6.5
-10.5
-9.375
-4.75
-1.875
0.25
-0.25
0.125
0.125
-0.25
0.375
2
4.25
6.5
8.75
9.5
6.5
1
-3.625
-5
-4.25
-3
-1.5
-0.125
0.875
0.625
0.125
1.875
4.375
5.25
5.375
3.75
-0.75
-4.875
-7.75
-9
-4
2
0
-2.625
-0.375
-0.125
0
-0.375
-0.125
0.75
2.125
4.25
7.25
9.25
8.125
4.75
0.875
-1.875
-3.625
-4.5
-3.375
-1.25
0.25
0.875
1.375
3.125
5.125
4.875
3.875
1.75
-3.25
-7.375
-8.375
-5.75
2.5
7.875
1.25
-5.75
-1.125
-0.375
-0.25
-0.875
-0.5
0.25
1.125
2.625
4.875
7
7.625
7
5.25
2.375
-1.375
-4.5
-4.875
-2.75
0.375
2.625
3.25
3.625
4
3
2.125
0.625
-3.75
-7.375
-6.875
-2.25
5.625
9.125
1.875
-6.5
-1.625
-0.875
-0.875
-1.375
-0.375
0.625
1
2.125
3.375
4
4.875
6.5
7.625
6.125
1.875
-2.25
-3.75
-2.375
1
3.625
4
3.25
1.75
0
0.375
0.875
-1.75
-4.125
-3.375
-0.375
3.875
5.375
1
-5.25
-2
-1
-1.25
-2
-0.375
1
1.125
1.875
2.125
1.5
2.375
5.125
7.625
7.875
5.125
1.5
-0.625
-0.625
1.75
3.875
3.25
1.25
-0.875
-2.375
-0.875
1.5
1.25
0.5
0.125
-1
-1.25
-0.125
0.25
-2
-2
-0.75
-1
-1.75
-0.375
0.625
0.75
1.5
1.25
0
0.375
3.125
6.625
8.375
7.5
5.25
2.875
1.75
2.5
2.875
1.125
-1.375
-3.125
-3.625
-1.875
1
2.625
3.125
1.75
-1.875
-3.875
-2.125
1
1.625
-1.5
-0.375
-0.5
-1.125
-0.25
0.125
0
0.875
0.75
-0.375
0.25
3
6
7.125
7
6.875
5.625
3.75
2.625
1
-1.625
-3.5
-4.125
-3.875
-2.125
0.5
2.5
3.375
1.875
-1.625
-3
-1.25
0.875
1.75
-1.125
0
0
-0.625
-0.625
-0.875
-0.75
0.375
0.5
0
1.25
4.125
6.375
5.875
4.875
5.75
5.625
4.25
3.5
2.125
-0.875
-4.375
-6.125
-5.375
-3.375
-1.375
0.25
1.25
1
0
0.375
1.625
1.375
0.75
-0.5
-0.375
-0.25
-0.375
-1.625
-2.125
-0.875
0.375
0.5
0.875
3.375
6
6.125
4
2.625
3.625
3.75
3.625
5.5
7.5
5.375
-3.5
-10.875
-10.25
-6.375
-3.625
-2.25
-1.5
-0.875
0.625
2.875
3.5
1.625
0.125
0.125
-1.125
-1.375
-1.25
-2.625
-2.5
-0.625
0.25
0.25
1.625
5.875
8.125
5.25
1.75
0.5
1.625
2.375
3.625
7.875
11.75
8.75
-4.125
-14.5
-13.125
-7.625
-4.25
-3
-2.375
-1.25
0.5
2.125
2.125
0.25
-1.125
0.625
-1.5
-2.625
-2.75
-3.875
-2.875
-0.25
0.375
0.125
2.125
7.5
9.125
3.625
-0.5
-0.75
0.625
2.25
5
10
14
9.875
-5.375
-16.75
-14.625
-8.375
-4.625
-3.5
-2.75
-1.375
-0.5
0.25
0.625
-0.125
-0.5
0.625
-1.5
-3.25
-4.25
-5.375
-3.625
-0.25
0.5
0.625
3.25
8.375
9
2.125
-2.75
-2.375
0.25
3.5
7.125
10.75
12.375
7.125
-6.625
-16
-13.75
-8
-4.5
-3.625
-2.625
-1.125
-1
-0.875
-0.25
0
0.25
0.125
-0.875
-3
-5.375
-6.375
-4
-0.375
0.625
1
3.75
8.125
8.375
2.25
-3.625
-4.75
-0.875
5
9.25
10
6.875
0
-8.5
-11.875
-8.875
-5.25
-3.5
-3.125
-2.125
-0.625
-0.75
-0.75
0
0.125
0.125
-23.7778
-20.1111
-15.8889
-12.3889
-9.16667
-6.44444
-3.5
-1.66667
-1.05556
-0.666667
-0.444444
0
0.277778
0.444444
0.333333
0.555556
0.833333
0.944444
0.722222
0.222222
-0.111111
-0.5
-0.722222
-0.666667
-0.388889
-0.277778
0
0.555556
0.833333
0.777778
0.333333
0.444444
-18.5556
-16
-12.8333
-10
-7.72222
-5.88889
-3.94444
-2.55556
-2.11111
-1.83333
-1.5
-0.888889
-0.5
-0.388889
-0.444444
-0.277778
0.0555556
0.277778
0.388889
0.444444
0.333333
0.111111
-0.111111
-0.166667
-0.111111
-0.277778
-0.0555556
0.444444
0.611111
0.5
0.166667
0.388889
-10.4444
-9.05556
-7.44444
-5.66667
-4.5
-3.61111
-2.77778
-2.22222
-2
-2
-1.72222
-1.27778
-0.944444
-0.777778
-0.611111
-0.555556
-0.333333
-0.111111
0.166667
0.555556
0.611111
0.555556
0.444444
0.333333
0.111111
-0.277778
-0.277778
0
0.0555556
0
-0.111111
0.166667
-2.88889
-2.72222
-2.55556
-1.94444
-1.44444
-0.833333
-0.666667
-0.666667
-0.777778
-1
-1.05556
-1.05556
-0.888889
-0.611111
0
0.277778
0.555556
0.666667
0.833333
1.05556
0.888889
0.833333
0.666667
0.388889
-0.0555556
-0.444444
-0.666667
-0.833333
-0.833333
-0.666667
-0.388889
0.0555556
0.0555556
-0.722222
-1.16667
-1.11111
-0.666667
0.0555556
0.444444
0.444444
0.277778
0
-0.166667
-0.111111
0.277778
0.944444
2
2.94444
3.66667
3.94444
3.77778
3.33333
2.55556
1.72222
0.888889
0.166667
-0.333333
-0.444444
-0.722222
-1
-0.944444
-0.666667
-0.222222
0.222222
0.333333
-1
-1.55556
-1.72222
-1.22222
-0.388889
0.388889
0.777778
0.611111
0.5
0.444444
0.833333
1.61111
2.77778
4.55556
6.33333
7.72222
8.22222
7.88889
6.77778
5.11111
3.22222
1.33333
0
-0.666667
-0.611111
-0.777778
-1
-0.833333
-0.444444
0.111111
0.555556
0.0555556
-0.833333
-1.11111
-1.38889
-1.38889
-1.27778
-0.611111
-0.166667
-0.0555556
0.166667
0.555556
1.55556
2.94444
4.88889
7.33333
9.83333
11.7222
12.5556
12.1667
10.5556
8.05556
5.11111
2.33333
0.166667
-1
-1.11111
-1.27778
-1.38889
-1.11111
-0.5
0.388889
0.888889
-0.611111
-0.611111
-0.555556
-0.777778
-1.16667
-1.55556
-1.38889
-1.11111
-0.833333
-0.111111
0.944444
2.38889
4.27778
6.66667
9.22222
11.2778
12.5556
13.1111
12.8333
11.5
9.22222
6.66667
4.16667
1.94444
0.222222
-0.722222
-1.16667
-1.38889
-1.05556
-0.388889
0.666667
1.33333
-1.77778
-0.833333
-0.333333
-0.333333
-0.777778
-1.27778
-1.38889
-1.33333
-0.777778
0.444444
2.11111
3.94444
6
8.22222
9.72222
10.3889
10.3333
10.3333
10.1111
9.55556
8.72222
7.72222
6.38889
4.55556
2.5
0.722222
-0.277778
-0.833333
-0.611111
-0.0555556
0.833333
1.55556
-3.72222
-2.55556
-1.77778
-1.22222
-1
-0.944444
-0.722222
-0.277778
0.555556
2.11111
4.27778
6.55556
8.22222
9.05556
8.5
7.05556
5.5
4.55556
4.5
5.33333
7
8.44444
8.61111
7.66667
5.83333
3.61111
2.05556
1.05556
0.888889
0.888889
1.11111
1.27778
-3.88889
-3.11111
-2.33333
-1.5
-0.888889
-0.5
0.277778
1.33333
2.55556
4.38889
6.66667
8.72222
9.22222
8.22222
5.83333
2.77778
0.0555556
-1.44444
-1.22222
0.666667
3.94444
7
8.66667
8.88889
7.83333
6.05556
4.27778
2.83333
1.88889
1.16667
0.666667
0.222222
-2.88889
-2.61111
-2.16667
-1.33333
-0.611111
-0.166667
1.05556
2.77778
4.55556
6.44444
8.27778
9.38889
8.5
5.83333
2.33333
-1.33333
-4.27778
-5.88889
-5.38889
-3
0.611111
4.22222
6.94444
8.55556
8.83333
8
6.44444
4.66667
2.83333
1.27778
0.0555556
-1
-1.38889
-1.38889
-1.22222
-0.722222
-0.222222
0.388889
1.94444
4.16667
6.72222
8.44444
9.05556
8.22222
5.88889
2.55556
-1.11111
-4.11111
-6.27778
-7.16667
-6.61111
-4.88889
-2.38889
0.5
3.66667
6.61111
8.55556
8.94444
7.88889
6
3.61111
1.33333
-0.722222
-2.11111
-0.666667
-0.555556
-0.444444
0.0555556
0.833333
2.11111
4
6.16667
8.61111
9.22222
8.11111
5.55556
2.5
-0.611111
-3.66667
-5.22222
-5.66667
-5.61111
-5.38889
-4.94444
-3.83333
-2
0.666667
3.88889
6.94444
8.77778
8.88889
7.55556
5.33333
2.94444
0.444444
-1.5
-0.5
-0.333333
0.0555556
0.833333
2.22222
4.5
6.61111
8.38889
9.72222
8.94444
6.38889
2.66667
-0.555556
-2.94444
-4.72222
-4.83333
-3.94444
-3.16667
-3.22222
-4
-4.22222
-3.66667
-1.83333
1
4.33333
7.44444
8.94444
8.88889
7.33333
5.16667
2.72222
0.333333
-0.5
-0.277778
0.388889
1.66667
3.88889
6.94444
8.88889
9.55556
8.83333
6.72222
3.38889
-0.722222
-3.33333
-4.61111
-4.72222
-4
-2.77778
-1.77778
-1.83333
-2.83333
-4
-4.38889
-3.33333
-1.44444
1.27778
4.83333
7.94444
9.66667
9.05556
7.55556
5.72222
3.38889
-0.111111
-0.0555556
0.444444
1.44444
3.33333
5.77778
7.05556
7.22222
5.83333
3.83333
1.11111
-2.11111
-3.88889
-4.5
-3.83333
-2.94444
-2
-1.11111
-0.833333
-1.33333
-2.5
-3.22222
-2.66667
-1.5
0.333333
3.16667
6.22222
8.38889
8.27778
7.27778
6.11111
4.55556
0.222222
0.166667
0.111111
0.277778
0.944444
1.88889
2.33333
2.27778
1.5
0.611111
-0.555556
-2
-2.77778
-2.94444
-2.38889
-1.77778
-1.22222
-0.611111
-0.222222
0
-0.5
-0.833333
-0.666667
-0.222222
0.666667
1.94444
3.61111
4.83333
5.11111
4.94444
4.5
4.11111
0.166667
0.0555556
-0.5
-1.55556
-2.72222
-4
-4.5
-4.22222
-3.38889
-2.38889
-1.22222
0.166667
0.555556
0.388889
0
-0.0555556
0.0555556
-0.0555556
0
0.388889
1
1.44444
1.55556
1.66667
1.72222
1.38889
0.444444
-0.444444
0.0555556
0.777778
1.16667
2
-0.277778
-0.333333
-0.944444
-2.44444
-4.44444
-6.77778
-8.16667
-8.38889
-7.22222
-5.11111
-2.27778
0.944444
2.72222
3.27778
2.83333
2.16667
1.38889
0.5
0.0555556
0.5
1.5
2.22222
2.38889
2.11111
1.22222
-0.722222
-3.16667
-4.55556
-2.94444
-0.666667
1.05556
3.05556
-0.388889
-0.5
-0.944444
-2.33333
-4.33333
-6.88889
-9
-10.1111
-9.66667
-7.5
-4.16667
-0.166667
2.77778
4.38889
4.55556
3.66667
2.27778
1
0.5
0.944444
1.94444
2.61111
2.88889
2.16667
0.444444
-2.38889
-4.83333
-5.38889
-2.83333
0.555556
3.55556
6.22222
0
-0.444444
-0.944444
-1.77778
-3.05556
-4.66667
-6.77778
-8.77778
-10
-9.16667
-6.77778
-3.66667
-0.388889
2.33333
4
4.05556
3.22222
2.66667
2.77778
3.38889
4
4.11111
3.77778
2.27778
0.0555556
-2.33333
-2.94444
-1.5
1.38889
4.94444
8.5
10.6667
0.222222
-0.5
-1.05556
-1.5
-2.16667
-3.05556
-4.72222
-6.83333
-8.94444
-9.72222
-9.16667
-7.44444
-4.66667
-1.44444
1.33333
3.11111
4.16667
5
5.77778
6.05556
5.94444
5.22222
4
2.33333
1.05556
0.888889
2.44444
4.83333
6.44444
8
9.77778
9.94444
0.166667
-0.555556
-1
-1.16667
-1.38889
-1.77778
-2.77778
-4.55556
-6.88889
-8.88889
-10
-9.88889
-8.05556
-4.94444
-1.44444
2
5
7.11111
8.05556
7.66667
6.44444
4.61111
2.33333
0.888889
0.888889
2.94444
5.94444
8.27778
8.44444
7.83333
7.33333
5.72222
0
-0.111111
-0.0555556
-0.111111
-0.222222
-0.5
-1.27778
-2.66667
-4.55556
-6.66667
-8.61111
-9.61111
-8.77778
-6.38889
-2.94444
0.944444
4.44444
6.72222
7.16667
6
3.66667
1
-1.55556
-2.72222
-2.16667
0.0555556
2.22222
3.33333
2.94444
1.72222
0.388889
-0.666667
0.611111
1
1.33333
1.33333
1.22222
0.833333
0.111111
-1
-2.22222
-3.5
-4.83333
-6
-5.94444
-4.77778
-2.55556
-0.111111
2.05556
3.44444
3.22222
1.77778
-0.555556
-3
-5.33333
-6.72222
-7.05556
-6.61111
-6.22222
-6.05556
-5.72222
-5.44444
-5.27778
-4.27778
1.72222
2.33333
2.66667
2.55556
2.27778
1.77778
0.888889
0.222222
-0.111111
-0.111111
-0.277778
-0.888889
-1.27778
-1.5
-1.27778
-1.05556
-0.777778
-0.166667
-0.166667
-1
-2.22222
-3.72222
-5.5
-7.55556
-9.55556
-11.4444
-13
-13.5
-12.4444
-10.8333
-9.16667
-6.66667
2.94444
3.11111
2.88889
2.44444
2
1.44444
0.722222
0.777778
1.88889
2.94444
3.77778
3.83333
3.33333
2.11111
-0.0555556
-1.77778
-2.38889
-0.944444
0.833333
1.66667
2.16667
1.83333
0.388889
-2.83333
-6.55556
-9.72222
-11.7222
-12.3889
-12
-11.1111
-10.2222
-9.05556
4.27778
3.94444
3.22222
2.27778
1.55556
1.05556
0.5
1.05556
2.88889
4
4.72222
4.88889
4.33333
2.72222
-0.222222
-1.94444
-2
0.611111
3.83333
5.77778
7.05556
7.05556
5.61111
1.72222
-2.66667
-5.72222
-7.66667
-8.77778
-9.66667
-10.3333
-10.8333
-11.1667
5.5
4.72222
3.55556
2.33333
1.44444
0.888889
0.611111
1.27778
3.16667
3.72222
3.72222
3.55556
2.83333
1.33333
-1.11111
-1.94444
-1.05556
1.66667
4.55556
6.27778
7.11111
6.83333
5.44444
2.22222
-1
-2.72222
-3.94444
-5.11111
-6.88889
-8.5
-9.83333
-11
6.55556
5.66667
4.55556
3.44444
2.38889
1.44444
1.27778
1.66667
2.55556
2.61111
2.11111
1.5
0.388889
-0.888889
-1.72222
-1.55556
-0.777778
-0.611111
-0.777778
-1.05556
-1.77778
-2.72222
-3.72222
-3.94444
-3.77778
-3.22222
-3.33333
-3.88889
-4.83333
-5.66667
-6.16667
-6.77778
6
5.22222
4.27778
3.72222
2.83333
1.88889
1.88889
2.22222
2.5
2.72222
2.44444
1.5
0.0555556
-1.16667
-1.16667
-1.27778
-1.72222
-3.61111
-5.77778
-7.05556
-8.55556
-9.5
-9.55556
-7.38889
-4.83333
-3.16667
-2.44444
-2.22222
-2.22222
-2.22222
-2.11111
-2.27778
-4.44444
-4.66667
-7.77778
-11.5
-11.6111
-7.55556
-3.27778
-0.888889
-0.944444
-1.11111
-1.11111
-0.555556
-0.277778
-0.333333
-0.555556
-0.333333
0.0555556
0.277778
0.166667
0.444444
0.777778
1.16667
1.05556
1
0.722222
-0.0555556
-1
-1.66667
-1.5
-1.22222
-0.888889
-0.444444
-2
-2.55556
-5.27778
-8.33333
-8.61111
-5.55556
-2.27778
-0.444444
-0.555556
-0.944444
-1.16667
-0.777778
-0.388889
-0.166667
-0.222222
-0.0555556
0.166667
0.166667
0.0555556
0.222222
0.666667
1
1
0.944444
0.777778
-0.0555556
-0.944444
-1.55556
-1.16667
-0.944444
-0.944444
-0.722222
-0.333333
-0.833333
-3.11111
-5.66667
-6.16667
-4.05556
-1.66667
-0.222222
-0.222222
-0.666667
-1.05556
-0.833333
-0.277778
0.222222
0.277778
0.333333
0.333333
0.222222
-0.0555556
0
0.277778
0.666667
0.777778
0.888889
0.777778
-0.166667
-1.05556
-1.55556
-0.833333
-0.555556
-0.777778
-0.833333
-0.444444
-0.277778
-1.33333
-3.16667
-3.77778
-2.83333
-1.44444
-0.444444
-0.222222
-0.444444
-0.722222
-0.5
0.111111
0.611111
0.777778
0.722222
0.666667
0.222222
-0.166667
-0.277778
0
0.277778
0.444444
0.722222
0.833333
-0.111111
-1.11111
-1.61111
-0.722222
-0.333333
-0.722222
-0.722222
-1.05556
-0.722222
-0.944444
-1.88889
-2.11111
-1.72222
-1.11111
-0.666667
-0.388889
-0.444444
-0.5
-0.111111
0.722222
1.38889
1.66667
1.72222
1.77778
0.944444
-0.222222
-1.33333
-1.44444
-1.05556
-0.444444
0.166667
0.555556
-0.111111
-0.944444
-1.44444
-0.722222
-0.333333
-0.555556
-0.222222
-1.77778
-1.33333
-1.22222
-1.5
-1.33333
-0.944444
-0.833333
-0.777778
-0.722222
-0.611111
-0.333333
0.611111
1.83333
2.77778
3.22222
3.33333
3.16667
1.44444
-0.777778
-2.88889
-3.33333
-2.88889
-1.88889
-0.888889
0
-0.166667
-0.666667
-1.22222
-0.722222
-0.333333
-0.111111
0.555556
-2.16667
-1.83333
-1.77778
-1.94444
-1.5
-0.833333
-0.611111
-0.722222
-0.944444
-0.833333
-0.111111
1.55556
3.38889
4.77778
5.55556
5.5
4.5
1.33333
-2.05556
-4.77778
-5.38889
-4.88889
-3.66667
-2.27778
-1
-0.555556
-0.611111
-0.944444
-0.666667
-0.0555556
0.833333
2.11111
-2.61111
-2.27778
-2
-1.66667
-1.05556
-0.444444
-0.388889
-0.555556
-0.722222
-0.333333
0.833333
3.05556
5.27778
6.88889
7.44444
6.83333
4.88889
1
-2.94444
-5.83333
-6.77778
-6.55556
-5.72222
-4.16667
-2.44444
-1.05556
-0.611111
-0.722222
-0.611111
0.166667
1.55556
3.22222
-2.66667
-2.38889
-1.88889
-1.22222
-0.444444
-0.0555556
-0.0555556
-0.222222
-0.111111
0.555556
2.22222
4.94444
7.33333
8.66667
8.38889
6.94444
4.33333
0.555556
-3.11111
-5.77778
-7.16667
-7.61111
-7.61111
-6.33333
-4.38889
-2.05556
-0.833333
-0.5
-0.388889
0.388889
1.94444
3.77778
-1.72222
-1.77778
-1.88889
-1.33333
-0.555556
-0.0555556
0.0555556
0.277778
1
2.11111
4.16667
7.22222
9.33333
9.61111
7.61111
5.27778
2.94444
0.555556
-2.05556
-4.55556
-6.66667
-8
-8.83333
-8.22222
-6.61111
-3.83333
-1.72222
-0.5
-0.111111
0.666667
2.22222
3.94444
-0.666667
-1
-1.66667
-1.38889
-0.666667
0.0555556
0.5
1.33333
2.55556
4.16667
6.33333
9.16667
10
8.66667
5.27778
2.66667
0.833333
-0.222222
-1.22222
-2.22222
-4.05556
-6.22222
-8.66667
-9.22222
-8.38889
-5.61111
-3.27778
-1.38889
-0.555556
0.5
2.11111
3.88889
0.333333
-0.166667
-1.27778
-1.22222
-0.611111
0.388889
1.27778
2.77778
4.66667
6.44444
8.16667
9.72222
9.05556
6.38889
2.33333
-0.222222
-1.38889
-1
-0.277778
0.444444
-0.722222
-3.22222
-7.05556
-9
-9.38889
-7.22222
-5.11111
-3
-1.72222
-0.277778
1.5
3.44444
0.944444
0.5
-0.777778
-0.833333
-0.111111
1.27778
2.72222
4.94444
7.5
8.77778
8.94444
8.22222
6.22222
3.11111
-0.777778
-2.77778
-2.94444
-1.05556
0.944444
2.55556
2.16667
0.0555556
-4.11111
-7.38889
-9.22222
-8.27778
-6.88889
-5.22222
-3.72222
-1.88889
0.277778
2.22222
0.888889
0.777778
-0.111111
0.166667
1.16667
2.88889
4.66667
7.05556
9.27778
9.33333
7.88889
5.55556
2.94444
-0.0555556
-3.22222
-4.44444
-3.66667
-0.944444
1.72222
3.61111
3.83333
2.44444
-0.888889
-4.44444
-7.27778
-7.88889
-7.66667
-6.88889
-5.88889
-4.16667
-1.66667
0.722222
0.722222
0.888889
0.388889
1.27778
2.88889
5.16667
6.94444
8.83333
9.83333
8.5
5.61111
2.33333
-0.444444
-2.83333
-4.72222
-4.83333
-3.27778
-0.611111
1.88889
3.55556
4.33333
3.77778
1.94444
-0.888889
-3.77778
-5.88889
-7.38889
-8.22222
-8.33333
-6.94444
-4.05556
-0.777778
0.833333
0.944444
0.611111
2.11111
4.77778
8.05556
9.66667
10.1111
8.94444
6.16667
2.5
-1.27778
-3.77778
-4.94444
-4.61111
-3.44444
-1.88889
-0.333333
1.27778
2.83333
4
4.27778
3.66667
2.33333
0.277778
-2.61111
-5.94444
-8.88889
-10.5
-9.77778
-6.72222
-2.38889
0.666667
0.833333
0.777778
2.66667
5.88889
9.88889
11.7222
11.5556
8.83333
4.27778
-0.777778
-5
-6.44444
-5.72222
-3.61111
-1.83333
-0.555556
0.222222
1.05556
1.88889
3.05556
4.11111
5.11111
5.05556
3.55556
0.0555556
-4.44444
-9.05556
-12.1667
-12.2778
-8.88889
-3.55556
0.333333
0.611111
1
3.05556
6.5
10.7778
13
12.7222
9.05556
3.05556
-3.11111
-7.44444
-7.88889
-5.83333
-2.72222
-0.666667
0.444444
0.722222
0.888889
1
2.05556
3.72222
6
6.88889
5.77778
1.94444
-3.38889
-9.05556
-13.1111
-13.3889
-9.72222
-4
0.0555556
0.5
1.16667
3.33333
6.61111
10.5556
12.7222
12.4444
8.94444
3.05556
-3
-7.27778
-7.77778
-5.83333
-2.77778
-0.722222
0.5
0.722222
0.777778
0.722222
1.77778
3.66667
6.44444
7.77778
6.83333
2.61111
-3.22222
-9.22222
-12.8333
-12.5556
-8.72222
-3.77778
0.0555556
0.333333
0.833333
2.66667
5.66667
9.33333
11.6111
11.7222
9
4.22222
-0.944444
-4.94444
-6.27778
-5.61111
-3.5
-1.61111
-0.0555556
0.5
0.833333
1.16667
2.38889
4.11111
6.38889
7.33333
6.11111
1.5
-4.27778
-9.33333
-10.7222
-8.88889
-5.27778
-2.72222
-0.0555556
-0.0555556
0.166667
1.55556
4.11111
7.44444
9.88889
10.6667
9.22222
5.94444
2.05556
-1.61111
-3.88889
-4.83333
-4.22222
-2.77778
-0.944444
0.444444
1.38889
2.27778
3.38889
4.72222
6
6.05556
4.11111
-0.722222
-5.72222
-9.05556
-7.72222
-4.33333
-1.11111
-1.33333
-0.666667
-0.555556
-0.388889
0.555556
2.27778
4.88889
7.55556
9.55556
9.88889
7.94444
4.88889
1.66667
-0.944444
-3
-4.22222
-3.72222
-1.77778
0.777778
2.55556
3.5
4.11111
4.66667
5.22222
4.38889
2.05556
-2.44444
-6.27778
-8.16667
-5.38889
-1.27778
1.83333
0
-1.11111
-1.05556
-0.833333
-0.0555556
1.27778
3.16667
5.38889
7.5
8.83333
8.5
7.05556
4.88889
2.33333
-0.333333
-2.66667
-3
-1.61111
1
2.77778
3.72222
3.83333
3.77778
3.66667
2.88889
1.27778
-2
-5
-6.5
-3.88889
-0.111111
2.44444
-0.0555556
-1.38889
-1.33333
-1.22222
-0.388889
0.722222
2.11111
3.55556
5.11111
6.66667
7.66667
8.11111
7.44444
5.5
2.72222
-0.111111
-1.22222
-0.666667
1.33333
2.72222
3.33333
2.77778
2.05556
1.55556
1.33333
0.888889
-0.944444
-2.94444
-4.27778
-2.44444
0.166667
2.11111
-0.277778
-1.44444
-1.33333
-1.16667
-0.555556
0.333333
1.5
2.5
3.33333
3.88889
5.22222
7.16667
8.94444
8.44444
6.05556
2.83333
1.05556
0.888889
2.05556
2.72222
2.55556
1.11111
-0.333333
-1
-0.722222
-0.166667
-0.722222
-1.44444
-2
-0.5
1.27778
2.72222
0.777778
-1.5
-1.22222
-1.11111
-0.666667
0
0.944444
1.55556
1.88889
2.11111
3.72222
6.5
9.33333
9.72222
8
5.11111
3.22222
2.5
2.88889
2.55556
1.22222
-1.11111
-2.77778
-3
-1.94444
-0.388889
0.277778
0.444444
-0.0555556
0.277778
0.777778
1.72222
0.722222
-1.38889
-1.11111
-1.11111
-0.888889
-0.388889
0.333333
0.777778
1
1.44444
3.33333
6.27778
8.88889
9.5
8.38889
6.5
5.05556
4.33333
4.38889
3.38889
0.777778
-3
-5.61111
-5.72222
-3.77778
-1
1
1.77778
1.05556
0.111111
-0.5
0.166667
0.222222
-1.16667
-1.22222
-1.44444
-1.44444
-1
-0.111111
0.5
1
1.88889
4.05556
6.55556
7.83333
7.88889
7.22222
6.72222
6.22222
6.05556
6.94444
6.38889
3
-3.72222
-9.16667
-10.2778
-7.27778
-2.88889
0.0555556
1.16667
0.388889
-0.666667
-1.22222
-0.444444
0.277778
-1.16667
-1.5
-2.11111
-2.27778
-1.88889
-0.722222
0.166667
1.05556
2.55556
5
7.16667
7.11111
6.33333
5.38889
5.66667
6.16667
7.22222
9.16667
8.72222
4
-4.94444
-11.9444
-13.0556
-9.61111
-5
-2.27778
-0.777778
-0.555556
-0.222222
0.111111
0.944444
1.16667
-1.27778
-2.05556
-3
-3.33333
-2.77778
-1.33333
-0.166667
1.16667
3.5
6.38889
8.05556
6.44444
4.38889
3
3.88889
5.61111
8.05556
10.8889
10.2222
4.16667
-6.11111
-13.7222
-14.4444
-10.8889
-6.55556
-4.38889
-2.72222
-1.44444
0.333333
1.61111
2.27778
1.66667
-1.55556
-2.88889
-4.33333
-4.66667
-3.72222
-1.77778
-0.166667
1.77778
5.11111
8.27778
9.22222
5.5
1.83333
-0.111111
1.94444
5.22222
9
11.9444
10.7778
3.83333
-6.77778
-14.5
-15.0556
-11.3889
-7
-4.77778
-3
-1.44444
0.277778
1.22222
1.27778
0.333333
-1.66667
-3.66667
-5.61111
-6.05556
-4.5
-1.77778
0.333333
2.55556
6.05556
9.16667
9.55556
4.61111
-0.166667
-2.61111
0.388889
5.05556
9.94444
12.8333
11.1111
3.72222
-7.11111
-14.8333
-15.4444
-11.6111
-7.16667
-4.83333
-3.22222
-1.88889
-0.666667
0.111111
0.333333
0.0555556
-18.2188
-14.7813
-11.875
-9.5
-7.3125
-5.125
-3.03125
-1.875
-1.59375
-1.34375
-1.03125
-0.53125
-0.25
-0.125
0.03125
0.1875
0.34375
0.40625
0.28125
0.09375
0.03125
-0.03125
-0.15625
-0.34375
-0.375
-0.15625
0.09375
0.1875
0.0625
0.15625
-12.5313
-10.375
-8.59375
-7.03125
-5.59375
-4.125
-2.78125
-1.96875
-1.71875
-1.59375
-1.28125
-0.84375
-0.40625
-0.09375
0.21875
0.46875
0.65625
0.8125
0.75
0.59375
0.4375
0.34375
0.15625
-0.09375
-0.1875
-0.1875
-0.0625
0.03125
-0.0625
0.125
-5.84375
-5
-4.25
-3.5
-2.75
-1.96875
-1.40625
-1.03125
-0.90625
-0.875
-0.65625
-0.3125
0.3125
0.9375
1.625
2.09375
2.40625
2.5
2.40625
2.1875
1.6875
1.125
0.46875
0.03125
-0.3125
-0.53125
-0.59375
-0.53125
-0.46875
-0.0625
-2.0625
-2.125
-2.09375
-1.84375
-1.5
-1.0625
-0.65625
-0.34375
-0.1875
0.09375
0.5
1.03125
2.09375
3.25
4.34375
5.09375
5.40625
5.1875
4.78125
4.125
2.96875
1.78125
0.65625
-0.0625
-0.5625
-0.90625
-1.03125
-0.90625
-0.5
0.0625
-0.5625
-1
-1.25
-1.28125
-1.125
-0.875
-0.46875
-0.0625
0.21875
0.78125
1.59375
2.6875
4.375
6.1875
7.71875
8.75
9.125
8.71875
7.875
6.5625
4.59375
2.6875
1.09375
0.0625
-0.6875
-1.1875
-1.34375
-1.03125
-0.3125
0.5
-0.375
-0.65625
-0.75
-0.875
-0.90625
-0.84375
-0.375
0.15625
0.71875
1.71875
3
4.71875
6.84375
9.03125
10.875
12.1875
12.7188
12.3125
11.2188
9.4375
7
4.5
2.375
0.90625
-0.28125
-1.125
-1.4375
-1.15625
-0.21875
0.71875
-1.5
-1.46875
-1.375
-1.34375
-1.375
-1.3125
-0.78125
0.03125
1.09375
2.625
4.40625
6.5
8.59375
10.5
12.0313
13.125
13.5625
13.2813
12.1875
10.3438
8.0625
5.875
3.96875
2.375
0.96875
-0.25
-0.78125
-0.6875
0.15625
1
-2.3125
-1.875
-1.5625
-1.375
-1.25
-1.09375
-0.53125
0.5
2.03125
3.9375
5.9375
7.90625
9.25
10.2813
11.0938
11.6875
11.875
11.6875
10.9375
9.78125
8.5
7.21875
5.84375
4.375
2.875
1.40625
0.53125
0.1875
0.5625
1.125
-3.21875
-2.4375
-1.8125
-1.3125
-0.75
-0.09375
0.84375
2.28125
4.1875
6.15625
7.78125
8.9375
8.96875
8.5625
8.25
7.96875
7.71875
7.6875
7.78125
7.9375
8.25
8.375
7.90625
6.84375
5.46875
3.875
2.5
1.4375
1.03125
0.78125
-3.34375
-2.59375
-1.9375
-1.21875
-0.21875
0.9375
2.3125
4.125
6.125
7.75
8.65625
8.71875
7.46875
5.75
4.1875
2.875
2.0625
2.09375
2.96875
4.46875
6.28125
7.8125
8.53125
8.28125
7.4375
6.0625
4.4375
2.8125
1.53125
0.53125
-2.84375
-2.1875
-1.53125
-0.6875
0.625
2.21875
4.1875
6.125
7.78125
8.65625
8.625
7.6875
5.5625
3
0.5
-1.5
-2.625
-2.53125
-1
1.46875
4.25
6.65625
8.25
8.90625
8.75
7.84375
6.15625
4.1875
2.25
0.46875
-2.125
-1.5
-0.625
0.59375
2.28125
4.28125
6.5625
8.21875
9.03125
8.71875
7.59375
5.78125
3.25
0.375
-2.59375
-4.875
-5.90625
-5.5
-3.71875
-1.125
1.78125
4.5
6.8125
8.40625
9.0625
8.78125
7.40625
5.5
3.28125
0.9375
-0.9375
-0.3125
0.71875
2.28125
4.15625
6.125
8.09375
8.96875
8.75
7.4375
5.625
3.34375
0.875
-1.6875
-4.3125
-6.09375
-6.71875
-6.3125
-4.96875
-3
-0.53125
2
4.5625
6.8125
8.28125
8.875
8.28125
6.9375
4.84375
2.46875
-0.125
0.65625
2.03125
4.0625
5.9375
7.59375
8.90625
8.9375
7.84375
5.8125
3.5
0.90625
-1.25
-3.125
-4.84375
-5.71875
-5.8125
-5.4375
-4.78125
-3.75
-2
0.125
2.5625
5.0625
7.09375
8.53125
8.84375
8.28125
6.71875
4.5625
0.21875
1.125
2.65625
4.8125
6.59375
7.875
8.3125
7.6875
6.15625
3.9375
1.5625
-1.03125
-2.875
-4.09375
-4.6875
-4.71875
-4.34375
-4
-4
-3.71875
-2.53125
-0.90625
1.125
3.53125
5.6875
7.53125
8.53125
8.625
7.6875
6.1875
0.28125
0.9375
2.03125
3.625
4.84375
5.53125
5.375
4.65625
3.4375
1.875
0.125
-1.84375
-3.0625
-3.625
-3.4375
-2.9375
-2.46875
-2.28125
-2.53125
-2.5625
-1.8125
-0.71875
0.6875
2.5
4.21875
5.84375
7.0625
7.59375
7.1875
6.46875
0.0625
0.21875
0.53125
1
1.3125
1.40625
1.21875
0.875
0.375
-0.1875
-0.90625
-1.6875
-2.0625
-2.09375
-1.8125
-1.4375
-1.21875
-1.0625
-1.15625
-1.09375
-0.65625
-0.0625
0.65625
1.59375
2.5
3.34375
4.4375
5.125
5.125
5.09375
-0.46875
-0.9375
-1.6875
-2.625
-3.0625
-3.15625
-3.1875
-3
-2.59375
-1.875
-1.15625
-0.4375
-0.03125
0.15625
0.28125
0.1875
0.03125
0.0625
0.3125
0.65625
1
1.09375
0.96875
0.90625
0.75
0.65625
1.5625
2.4375
2.8125
3.40625
-0.84375
-1.78125
-3.25
-5.09375
-6.34375
-7
-7.03125
-6.40625
-5.25
-3.5
-1.6875
0.15625
1.46875
2.21875
2.28125
1.96875
1.46875
1.3125
1.6875
2.0625
2.1875
1.875
1.1875
0.09375
-0.84375
-1.375
-0.3125
1.0625
1.9375
2.9375
-0.78125
-1.9375
-3.625
-5.8125
-7.65625
-8.9375
-9.34375
-8.8125
-7.46875
-5.34375
-3.03125
-0.59375
1.3125
2.6875
3.3125
3.375
3.0625
2.8125
3
3.15625
3.15625
2.65625
1.625
0.03125
-1.0625
-1.40625
-0.125
1.625
3.125
4.34375
-0.78125
-1.8125
-3.28125
-5.0625
-6.96875
-8.59375
-9.71875
-9.71875
-8.78125
-6.9375
-4.78125
-2.46875
-0.25
1.84375
3.625
4.6875
5.125
5.09375
4.96875
4.625
4.28125
3.59375
2.5625
1.28125
0.625
0.875
2.1875
4.03125
5.9375
7.15625
-0.5625
-1.34375
-2.3125
-3.46875
-5.28125
-7.3125
-8.9375
-9.6875
-9.59375
-8.59375
-7.125
-5.21875
-2.78125
0.03125
2.8125
5.0625
6.375
6.71875
6.28125
5.34375
4.40625
3.53125
2.8125
2.25
2.40625
3.125
4
5.375
7.21875
8.34375
-0.03125
-0.5625
-1.09375
-1.78125
-3.25
-5.15625
-7.09375
-8.59375
-9.4375
-9.4375
-8.65625
-7.15625
-4.8125
-1.8125
1.53125
4.4375
6.375
7
6.375
5
3.375
2.0625
1.28125
1.25
1.78125
2.53125
2.75
3.4375
5.09375
6.375
0.40625
0.21875
0.03125
-0.3125
-1.28125
-2.6875
-4.375
-6
-7.34375
-8.09375
-7.9375
-6.90625
-4.875
-2.25
0.59375
3
4.65625
5.28125
4.59375
3
0.84375
-0.9375
-1.90625
-1.78125
-1.25
-0.6875
-0.71875
-0.46875
0.625
1.84375
1.375
1.28125
1.21875
0.875
0.21875
-0.75
-1.90625
-3.15625
-4.28125
-5.25
-5.46875
-4.90625
-3.59375
-1.90625
-0.1875
1.3125
2.3125
2.6875
2.09375
0.71875
-1.40625
-3.46875
-5.03125
-5.9375
-6.34375
-6.40625
-6.5625
-6.46875
-5.75
-4.46875
2.4375
2.375
2.25
1.78125
1.28125
0.875
0.3125
-0.21875
-0.71875
-1.5
-1.875
-1.875
-1.53125
-1.03125
-0.5
0.5
1.4375
1.8125
1.5
0.625
-0.90625
-2.90625
-5.125
-7.84375
-10.125
-11.1875
-11.5938
-11.6563
-11.3438
-10.3125
3.46875
3.3125
3
2.25
1.75
1.6875
1.96875
2.25
2.40625
1.9375
1.4375
1.03125
0.59375
0.1875
-0.28125
0.3125
1.09375
1.40625
1.375
1.03125
0.34375
-1.125
-3.4375
-6.875
-9.875
-11.3438
-11.9688
-12.375
-12.8125
-12.7813
4.625
4.21875
3.65625
2.65625
2
2
2.6875
3.28125
3.6875
3.40625
2.8125
2.09375
1.25
0.46875
-0.28125
0.5625
1.65625
2.09375
2.375
2.5
2.375
1.3125
-0.96875
-4.65625
-8
-9.875
-11.0625
-11.9375
-12.8125
-13.2813
5.5
4.875
4.0625
2.9375
2.21875
2.1875
2.96875
3.5625
3.84375
3.46875
2.78125
1.96875
1.15625
0.375
-0.4375
0.125
1.03125
1.46875
1.84375
2.09375
2.03125
1.21875
-0.5625
-3.1875
-5.6875
-7.28125
-8.65625
-9.75
-10.8125
-11.5625
6.03125
5.28125
4.4375
3.5
2.8125
2.5625
3.0625
3.46875
3.53125
2.9375
2.03125
1.21875
0.71875
0.1875
-0.65625
-1.59375
-2.40625
-2.71875
-2.5625
-2.375
-2.75
-3.40625
-4.28125
-4.4375
-4.40625
-4.5625
-5.1875
-5.90625
-6.625
-7.28125
-6.46875
-8.09375
-10.3125
-10.5625
-7.9375
-5.25
-2.65625
-1.1875
-1.15625
-1.09375
-0.71875
-0.53125
-0.3125
-0.0625
0.03125
0.25
0.40625
0.59375
0.71875
0.90625
1.15625
1.03125
0.90625
0.28125
-0.5625
-1.09375
-1.65625
-1.5625
-1.3125
-0.96875
-4.53125
-5.625
-7.15625
-7.40625
-5.53125
-3.6875
-1.96875
-1.03125
-1.15625
-1.09375
-0.59375
-0.21875
0.21875
0.46875
0.40625
0.34375
0.15625
0.125
0.1875
0.46875
0.8125
0.90625
0.90625
0.28125
-0.4375
-1
-1.5625
-1.34375
-1.1875
-0.8125
-3.09375
-3.625
-4.5
-4.6875
-3.5
-2.40625
-1.40625
-0.84375
-1.03125
-0.875
-0.28125
0.375
1.1875
1.625
1.625
1.28125
0.46875
-0.3125
-0.90625
-1
-0.5625
-0.0625
0.40625
0.15625
-0.375
-0.84375
-1.40625
-1.15625
-0.96875
-0.5625
-2.375
-2.375
-2.78125
-2.96875
-2.25
-1.6875
-1.15625
-0.65625
-0.6875
-0.34375
0.5
1.34375
2.46875
3.125
3.15625
2.53125
0.96875
-0.6875
-2.15625
-2.8125
-2.40625
-1.59375
-0.59375
-0.25
-0.4375
-0.71875
-1.21875
-1.03125
-0.75
-0.1875
-2.375
-2.25
-2.3125
-2.34375
-1.6875
-1.3125
-1.03125
-0.5625
-0.34375
0.40625
1.71875
2.9375
4.375
5.0625
4.78125
3.5625
1.0625
-1.46875
-3.625
-4.6875
-4.34375
-3.375
-1.96875
-1.0625
-0.75
-0.6875
-0.96875
-0.78125
-0.3125
0.625
-2.3125
-2.15625
-2.0625
-2
-1.34375
-1.09375
-0.875
-0.34375
0.15625
1.40625
3.1875
4.78125
6.34375
6.78125
6
4.125
0.96875
-2
-4.53125
-5.9375
-5.9375
-5.25
-3.8125
-2.53125
-1.59375
-1
-0.875
-0.46875
0.15625
1.34375
-2.25
-2.03125
-1.9375
-1.84375
-1.125
-0.8125
-0.53125
0.15625
0.90625
2.5625
4.78125
6.5625
7.96875
7.875
6.46875
4.125
0.75
-2.21875
-4.8125
-6.53125
-7.0625
-6.9375
-5.84375
-4.4375
-2.96875
-1.75
-0.96875
-0.1875
0.65625
2.0625
-2.375
-1.9375
-1.5
-1.3125
-0.625
-0.28125
0.03125
1.0625
2.28125
4.4375
6.9375
8.40625
9
7.84375
5.71875
3.3125
0.375
-2.0625
-4.4375
-6.46875
-7.625
-8.09375
-7.53125
-6.1875
-4.375
-2.71875
-1.28125
-0.125
0.9375
2.5
-2.28125
-1.75
-1
-0.625
0.125
0.65625
1.09375
2.53125
4.125
6.34375
8.59375
9.25
8.84375
6.9375
4.5
2.34375
0.09375
-1.6875
-3.65625
-5.6875
-7.375
-8.5
-8.59375
-7.65625
-5.78125
-3.9375
-2.1875
-0.6875
0.65625
2.46875
-1.65625
-1.59375
-0.9375
-0.53125
0.59375
1.6875
2.625
4.5625
6.1875
8
9.40625
9.03125
7.78125
5.5
3.1875
1.5
0
-1.09375
-2.59375
-4.46875
-6.46875
-8.25
-9.03125
-8.71875
-7.1875
-5.375
-3.5625
-1.8125
-0.09375
2.03125
-1.03125
-1.375
-0.90625
-0.4375
1.25
3.09375
4.75
6.9375
8.15625
9.03125
9.125
7.8125
6
3.625
1.625
0.3125
-0.5
-0.71875
-1.3125
-2.53125
-4.4375
-6.65625
-8.3125
-8.96875
-8.1875
-6.96875
-5.34375
-3.4375
-1.4375
1.15625
-0.25
-0.5
0.0625
0.65625
2.71875
4.84375
6.6875
8.59375
8.96875
8.78125
7.78125
5.84375
3.75
1.5
-0.15625
-1
-0.90625
-0.1875
0.15625
-0.3125
-2.03125
-4.4375
-6.6875
-8.21875
-8.3125
-7.90625
-6.84375
-5.1875
-3.21875
-0.4375
0.5
0.6875
1.65625
2.65625
4.90625
7
8.46875
9.53125
8.875
7.5625
5.6875
3.28125
1
-1
-2.0625
-2.09375
-0.90625
0.75
1.78125
1.8125
0.34375
-1.9375
-4.375
-6.4375
-7.46875
-8.125
-8.09375
-7.1875
-5.53125
-2.84375
0.8125
1.40625
3.03125
4.75
7.3125
9.15625
9.78125
9.5
7.71875
5.5625
3.1875
0.65625
-1.5
-3
-3.40625
-2.59375
-0.6875
1.4375
2.84375
3.1875
2.25
0.5
-1.5625
-3.75
-5.65625
-7.46875
-8.84375
-9.03125
-7.90625
-5.375
0.84375
1.6875
3.84375
6.1875
9.21875
11.1875
11.375
10
6.90625
3.4375
0.1875
-2.40625
-4
-4.46875
-3.8125
-2.34375
-0.15625
1.9375
3.3125
4.09375
3.90625
2.96875
1.4375
-0.90625
-3.8125
-6.96875
-9.78125
-11.125
-10.3125
-7.5625
0.84375
1.8125
4.21875
7.0625
10.5938
12.9063
13.0625
10.8438
6.4375
1.5
-2.8125
-5.34375
-6
-5.0625
-3.3125
-1.5625
0.28125
1.84375
3.09375
4.375
5.125
5.09375
4.125
1.6875
-2.15625
-6.59375
-10.6875
-12.9063
-12.1875
-8.96875
0.8125
1.78125
4.21875
7.1875
10.9375
13.5313
13.9688
11.5625
6.5
0.75
-4.40625
-6.9375
-6.9375
-5.21875
-2.8125
-1.0625
0.28125
1.375
2.53125
4.21875
5.90625
6.75
6.21875
3.65625
-1.0625
-6.53125
-11.1875
-13.625
-12.75
-9.09375
0.71875
1.8125
4.1875
7.1875
10.875
13.4688
14
11.5625
6.53125
0.75
-4.40625
-6.875
-6.84375
-5.09375
-2.71875
-1.0625
0.15625
1.125
2.25
4.09375
6.1875
7.40625
7.03125
4.40625
-0.75
-6.40625
-10.5625
-12.4375
-11.125
-7.65625
0.53125
1.71875
4.125
7.09375
10.4063
12.6875
12.9688
10.6563
6.375
1.5
-2.8125
-5.21875
-5.78125
-4.84375
-3.09375
-1.40625
0.15625
1.5
2.6875
4.25
6.125
7.0625
6.6875
4.21875
-0.84375
-5.875
-9.125
-10.1875
-8.5
-5.6875
-0.03125
1
3.3125
6.125
9.15625
11.3125
11.5938
9.8125
6.65625
3.03125
-0.28125
-2.59375
-3.9375
-4.0625
-3.0625
-1.4375
0.5625
2.3125
3.4375
4.40625
5.59375
6.03125
5.625
3.59375
-0.8125
-5.03125
-7.5625
-8.125
-6.375
-4.15625
-0.65625
0.125
2.21875
4.75
7.46875
9.59375
10.2188
9.21875
7.21875
4.75
2.15625
0.09375
-1.5625
-2.34375
-1.875
-0.6875
1.125
2.78125
3.59375
4.125
4.78125
4.84375
4.5625
3.09375
-0.4375
-3.9375
-6.125
-6.78125
-5.4375
-3.65625
-1.125
-0.59375
1.0625
3.03125
5.40625
7.6875
9
9.125
8.15625
6.53125
4.4375
2.59375
0.90625
-0.21875
-0.1875
0.375
1.625
2.84375
3.21875
3.40625
3.71875
3.53125
3.25
2.25
-0.53125
-3.375
-5
-5.625
-4.46875
-2.71875
-1.21875
-0.9375
0.21875
1.59375
3.4375
5.53125
7.09375
8.03125
8.25
7.875
6.84375
5.40625
3.6875
2.125
1.40625
1.375
1.875
2.4375
2.4375
2.125
2.125
1.75
1.34375
0.625
-1.46875
-3.34375
-3.8125
-3.4375
-1.78125
-0.0625
-1.21875
-1.09375
-0.28125
0.5625
1.78125
3.5
5.0625
6.6875
8.15625
9.03125
9
7.84375
5.8125
3.8125
2.53125
2
2.09375
2.09375
1.53125
0.75
0.34375
-0.125
-0.34375
-0.65625
-1.875
-2.6875
-2.15625
-0.96875
0.75
1.78125
-1.375
-1.28125
-0.65625
0
0.84375
2.1875
3.53125
5.28125
7.53125
9.3125
10.2188
9.53125
7.34375
5.21875
3.75
3.25
3.5
3.0625
1.59375
-0.46875
-2.15625
-3.09375
-2.96875
-2.3125
-2.09375
-1.65625
-0.5
0.84375
2.125
2.28125
-1.875
-1.8125
-1.3125
-0.59375
0.28125
1.4375
2.8125
4.53125
6.96875
9.125
10.25
10
8.09375
6.28125
5.3125
5.625
6.5625
5.875
3.1875
-1.4375
-5.53125
-7.40625
-6.8125
-4.46875
-2.5
-1.125
-0.21875
0.40625
1.09375
1.125
-2.40625
-2.4375
-2.0625
-1.25
-0.3125
0.8125
2.34375
4.0625
6.46875
8.5625
9.5
9.59375
8.28125
7.3125
7.21875
8.0625
8.96875
7.28125
3.125
-3.28125
-8.71875
-10.5625
-9.25
-5.625
-2.4375
-0.78125
-0.28125
-0.5
-0.4375
-0.21875
-2.8125
-3.09375
-2.90625
-2.03125
-0.9375
0.375
2.3125
4.21875
6.5
8.15625
8.3125
8.21875
7.5
7.59375
8.65625
10
10.3438
7.46875
2.0625
-5.3125
-11
-12.5
-10.7188
-6.53125
-3
-1.25
-0.6875
-1.0625
-1.0625
-0.53125
-3.25
-3.9375
-4.0625
-3.25
-1.71875
0.125
2.71875
5.125
7.21875
8.15625
7.28125
6.34375
5.65625
6.625
8.75
10.8125
10.9688
7.34375
1.15625
-6.65625
-12.3438
-13.7813
-12.0625
-8.0625
-4.5625
-2.40625
-1.03125
-0.5
0.0625
0.6875
-3.71875
-4.71875
-5.125
-4.25
-2.25
0.125
3.3125
6.15625
8.21875
8.4375
6.53125
4.46875
3.21875
4.6875
7.71875
10.7188
11.2813
7.40625
0.875
-7.1875
-12.9375
-14.3438
-12.8438
-9.25
-5.96875
-3.625
-1.5625
-0.09375
1.125
1.78125
-1.75
-0.916667
-0.5
-0.416667
0.0416667
0.625
1.16667
1.29167
1.375
1.33333
1.04167
0.625
0.375
0.5
0.583333
0.708333
0.708333
0.541667
0.208333
-0.291667
-0.5
-0.541667
-0.541667
-0.583333
-0.458333
-0.291667
-0.333333
-0.5
-0.375
-0.166667
-0.0833333
-0.166667
-5.45833
-4.625
-3.41667
-2.58333
-1.625
-0.916667
-0.125
0.416667
0.541667
0.666667
0.625
0.666667
0.666667
0.625
0.541667
0.75
0.875
0.958333
0.75
0.333333
0.0833333
-0.166667
-0.208333
-0.25
-0.125
0.0833333
0.125
0.208333
0.25
0.291667
0.208333
0.166667
-7
-6.33333
-5.16667
-4.25
-3.45833
-2.79167
-1.875
-1.16667
-0.958333
-0.625
-0.333333
0.0833333
0.333333
0.291667
0
-0.0833333
-0.125
-0.125
-0.166667
-0.25
-0.25
-0.375
-0.458333
-0.25
0.0416667
0.208333
0.5
0.875
0.958333
0.708333
0.375
0.333333
-4.125
-3.29167
-2.54167
-1.91667
-1.75
-1.79167
-1.58333
-1.33333
-1.125
-1.04167
-0.833333
-0.583333
-0.541667
-0.625
-0.916667
-1.16667
-1.20833
-1.16667
-0.958333
-0.625
-0.333333
-0.166667
-0.125
0
0.125
0
0.166667
0.458333
0.5
0.375
0.0833333
-0.0416667
0.541667
1.29167
1.45833
1.625
1.29167
0.708333
0
-0.375
-0.333333
-0.458333
-0.5
-0.708333
-1.04167
-1.41667
-1.75
-2.25
-2.54167
-2.58333
-2.25
-1.625
-1.08333
-0.416667
0.208333
0.375
0.208333
-0.125
-0.291667
-0.375
-0.5
-0.458333
-0.375
-0.416667
0.833333
0.833333
0.583333
0.541667
0.583333
0.833333
0.541667
0.166667
-0.0416667
-0.125
-0.25
-0.708333
-1.04167
-1.45833
-1.95833
-2.79167
-3.66667
-4.08333
-4.08333
-3.625
-2.91667
-1.83333
-0.666667
0.125
0.333333
0.25
0.166667
0
-0.0833333
-0.208333
-0.25
-0.0833333
-0.75
-1.375
-1.54167
-1.41667
-0.75
0.166667
0.75
0.916667
0.75
0.458333
0.0416667
-0.333333
-0.708333
-1.20833
-1.79167
-2.125
-2.29167
-2.45833
-2.58333
-2.45833
-1.91667
-1.375
-1
-0.416667
0.166667
0.541667
0.625
0.625
0.583333
0.375
-0.0416667
-0.125
0.333333
-0.458333
-0.625
-0.583333
-0.208333
0.0833333
0.583333
1
0.958333
0.5
-0.0833333
-0.291667
-0.708333
-1.125
-1.04167
-0.291667
0.791667
1.25
1.29167
1
0.583333
-0.208333
-1.08333
-1.45833
-1.08333
-0.375
-0.125
0.0416667
0
-0.0416667
-0.208333
-0.583333
2.16667
1.58333
1.125
0.708333
0.208333
-0.291667
-0.458333
-0.541667
-0.791667
-1.08333
-1.41667
-1.66667
-1.625
-1.08333
0.333333
1.79167
2.91667
3.5
3.41667
2.5
0.708333
-1.04167
-2.08333
-2.66667
-2.66667
-1.95833
-1.41667
-1.125
-1
-0.708333
-0.208333
-0.0416667
1.125
1.29167
1.125
0.666667
0.0416667
-0.416667
-0.875
-1.375
-1.625
-1.75
-1.95833
-2.29167
-1.70833
-0.291667
1.45833
2.95833
3.79167
4.33333
4.16667
3.125
1.16667
-0.541667
-1.45833
-1.91667
-2.20833
-2.20833
-1.83333
-1.5
-1.125
-0.666667
-0.0416667
0.625
-1.04167
-0.416667
-0.0833333
-0.125
-0.166667
-0.125
-0.458333
-0.916667
-1.08333
-1.20833
-1.29167
-1.125
-0.208333
1.20833
2.16667
3.04167
3.70833
4.125
3.95833
3.375
2.70833
1.91667
0.916667
0.0416667
-0.625
-1.375
-1.45833
-1.16667
-0.5
0
0.291667
0.75
-1.08333
-0.833333
-0.625
-0.416667
-0.25
-0.208333
-0.458333
-0.875
-1.375
-1.5
-0.958333
0.333333
1.5
2.375
2.66667
2.625
2.625
2.41667
2.125
2.08333
2.70833
3
2.29167
1
-0.166667
-0.875
-1.16667
-1
-0.291667
0.375
0.875
1.04167
-0.666667
-0.75
-0.625
-0.375
-0.291667
-0.5
-0.666667
-0.916667
-1.58333
-1.29167
-0.0833333
1.5
2.33333
2.375
2.29167
1.375
0.25
-0.583333
-0.5
0.291667
1.33333
2.125
2.20833
1.5
0.25
-0.5
-0.916667
-0.916667
-0.75
-0.333333
0.416667
0.625
-0.5
-0.541667
-0.5
-0.541667
-0.75
-1.33333
-1.54167
-1.41667
-1.20833
-0.166667
1.125
2.04167
2.25
1.75
1.16667
-0.125
-1.70833
-2.45833
-1.95833
-0.666667
0.25
1.04167
1.79167
2.08333
1.54167
0.375
-0.458333
-0.958333
-1.41667
-1.58333
-1.41667
-0.916667
0.333333
0.25
-0.166667
-0.666667
-1.45833
-2.45833
-2.70833
-2.125
-0.458333
0.833333
1.66667
2.16667
2.04167
1.45833
0.208333
-0.625
-1.20833
-1.41667
-1.29167
-0.666667
0.166667
0.958333
1.58333
2.20833
2.58333
1.66667
0.291667
-1.04167
-1.66667
-2.08333
-2.58333
-2.20833
0.125
0.125
-0.125
-0.458333
-1.04167
-1.375
-1.04167
-0.208333
1.375
1.95833
2.08333
2.125
1.54167
0.791667
-0.458333
-0.666667
-0.208333
-0.125
-0.416667
-0.791667
-0.25
0.416667
0.708333
1.25
1.875
2.04167
1.08333
-0.291667
-0.875
-1.25
-1.70833
-2.08333
-0.791667
-0.583333
-0.125
0.333333
1
2
2.79167
3.16667
2.95833
2.41667
1.70833
0.833333
0.0416667
-0.541667
-0.708333
-0.625
-0.333333
-0.291667
-0.541667
-1.20833
-1.5
-1.54167
-1.20833
-0.708333
-0.166667
0.916667
1.45833
1.58333
1.25
0.875
0.541667
-0.333333
-0.208333
-0.125
0.458333
1.5
3.04167
4.625
5.08333
4.625
3.25
1.91667
0.291667
-1.58333
-2.08333
-1.875
-1.08333
-0.791667
-0.833333
-0.583333
-0.583333
-0.916667
-1.91667
-2.66667
-2.41667
-2
-1.29167
-0.125
1.75
3.54167
3.625
3.08333
2.5
1.70833
0.625
0.541667
0.708333
1.45833
2.58333
3.91667
4.41667
4.16667
3.16667
1.83333
0.0833333
-1.95833
-2.75
-2.66667
-2.04167
-1.5
-1.04167
-0.375
0.0833333
0.166667
-0.5
-1
-1.08333
-0.916667
-0.375
0.625
2.54167
4.04167
3.79167
3
2.375
1.625
0.25
0.208333
0
-0.0416667
0.0833333
0.625
1.5
2.29167
2.5
2
1.20833
0.208333
-1.08333
-2
-2.20833
-1.66667
-0.75
-0.0833333
0.416667
0.541667
0.625
0.708333
0.5
0.583333
1.04167
2.08333
2.66667
2.33333
1.25
0.166667
-0.708333
-1.54167
-0.208333
-0.125
-0.291667
-0.708333
-1.16667
-1.75
-1.41667
-0.5
0.75
1.33333
1.58333
1.91667
1.29167
0.291667
-0.708333
-0.833333
-0.5
-0.5
-0.791667
-1
-0.75
-0.5
-0.458333
0.0416667
0.875
1.45833
0.541667
-1.04167
-1.95833
-2.91667
-4.16667
-4.54167
-0.375
-0.0416667
0.166667
-0.166667
-0.708333
-1.58333
-2
-1.70833
-0.541667
0.75
1.83333
2.79167
3.125
2.66667
1.58333
0.5
-0.5
-1.45833
-2.25
-2.41667
-2.25
-1.91667
-1.33333
-0.625
-0.458333
-1.41667
-3.08333
-4.375
-3.91667
-3.41667
-3.375
-2.5
-0.208333
0.0833333
0.25
0.0416667
-0.333333
-0.625
-1.08333
-1.29167
-1
0.25
1.79167
2.83333
3.375
3.25
2.66667
1.125
-0.791667
-2.08333
-2.45833
-2
-1.45833
-0.75
0.208333
0.125
-1.16667
-3.54167
-5.16667
-5.375
-3.875
-1.58333
0.666667
2.70833
0.458333
0.166667
-0.208333
-0.333333
-0.5
-0.625
-0.958333
-1.375
-1.70833
-1.25
-0.166667
0.958333
1.625
1.83333
1.58333
0.541667
-0.708333
-1.33333
-1.08333
-0.333333
0.833333
1.83333
2.375
1.625
0.25
-1.33333
-1.91667
-1.33333
-0.291667
1.54167
3.79167
5.125
0.125
-0.5
-0.958333
-1
-1
-1.08333
-1.20833
-1.375
-1.75
-2.125
-2.125
-1.5
-0.75
-0.0416667
0.166667
0.5
1
1.375
1.91667
2.29167
3
3.375
3.25
3.33333
3.75
4.91667
6.33333
7.375
7.08333
6.20833
5.45833
3.75
-0.958333
-1.29167
-1.33333
-1.33333
-1.25
-1.08333
-0.875
-0.916667
-1.25
-2.08333
-2.95833
-3.33333
-2.91667
-1.83333
-0.666667
1
2.66667
3.70833
4.16667
4.125
3.5
2.83333
2.45833
3.16667
4.70833
7.125
9.29167
10.0417
8.95833
6.75
4.16667
1.33333
-0.958333
-0.791667
-0.583333
-0.5
-0.416667
-0.25
-0.166667
-0.625
-1.45833
-2.5
-3.58333
-4.33333
-4.25
-3.33333
-1.375
0.583333
2
2.58333
2.25
1.66667
0.416667
-0.583333
-1
-0.875
-0.125
0.791667
1.25
1.08333
0.708333
0.416667
0.166667
0.583333
-0.583333
-0.125
0.291667
0.625
0.791667
0.708333
0.458333
-0.208333
-1.375
-1.95833
-2.375
-2.66667
-2.66667
-2.20833
-0.708333
0.125
0.0833333
-1.33333
-3.33333
-4.95833
-6.125
-6.75
-6.875
-6
-4.95833
-4.70833
-5.04167
-4.95833
-3.75
-2
-0.0416667
2.29167
-0.875
-0.5
0
0.458333
0.666667
0.5
0.291667
0.0416667
-0.375
0.0416667
0.625
0.875
0.916667
0.958333
0.916667
0.166667
-1
-2.70833
-4.25
-5.29167
-5.625
-5.58333
-5.375
-4.20833
-3.25
-3.125
-2.91667
-2.20833
-0.75
0.583333
1.625
2.29167
-1.125
-0.958333
-0.875
-0.791667
-0.708333
-0.5
-0.541667
-0.25
0.5
1.29167
2.08333
2.41667
2.58333
2.29167
1.04167
-0.166667
-0.75
0.708333
2.83333
4.45833
5.625
6.20833
6.16667
4.375
2.04167
0.166667
-0.541667
-0.708333
-0.916667
-1.20833
-1.70833
-2.16667
-0.458333
-0.458333
-0.666667
-1.04167
-1
-0.583333
-0.666667
-0.416667
0.416667
0.5
0.583333
0.833333
1.16667
1
-0.125
-0.375
0.333333
3.20833
6.375
8.33333
9.70833
10.1667
9.625
6.45833
3.04167
1
-0.25
-1.25
-2.5
-3.54167
-4.375
-4.70833
0.916667
0.75
0.625
0.208333
0.125
0.0416667
-0.125
-0.291667
-0.166667
-0.75
-1.375
-1.16667
-0.875
-0.708333
-0.916667
-0.166667
1.16667
2.04167
2.45833
2.29167
2.375
2.125
1.33333
0.291667
-0.375
-0.208333
-0.458333
-0.958333
-1.58333
-2.125
-2.41667
-2.625
-1.625
0.833333
4.125
2.95833
-2.70833
-4.625
-1.95833
-0.208333
0.25
0.333333
-0.333333
-0.625
0
0.375
0.0833333
-0.416667
-0.416667
0.166667
0.208333
-0.416667
-0.5
0.0833333
0.208333
-0.0833333
0.166667
0.833333
0.916667
0
-0.5
-0.0416667
-0.0833333
-0.541667
-0.958333
0.875
3.33333
2.41667
-2
-3.54167
-1.5
-0.208333
0.291667
0.541667
-0.125
-0.583333
-0.208333
0.125
0.0416667
-0.25
-0.25
0.208333
0.25
-0.416667
-0.541667
0.0833333
0.166667
-0.125
0.125
0.833333
1
-0.166667
-0.75
0.166667
0.333333
-0.458333
-0.75
0.791667
2.70833
2
-1.33333
-2.54167
-1.125
-0.291667
0.166667
0.625
0.166667
-0.541667
-0.541667
-0.0833333
0.125
-0.0833333
-0.125
0.25
0.333333
-0.25
-0.5
0
0.0416667
-0.25
0.166667
0.958333
1
-0.375
-1.04167
0.208333
0.75
-0.291667
-1
0.0833333
1.70833
1.58333
-0.625
-1.41667
-0.583333
-0.458333
-0.125
0.583333
0.166667
-0.583333
-0.541667
-0.125
0.0833333
-0.0416667
0.0416667
0.458333
0.416667
-0.25
-0.458333
0.0833333
0
-0.5
0
1.125
1.16667
-0.541667
-1.25
0.25
0.958333
-0.291667
-0.833333
-0.208333
0.833333
0.875
-0.458333
-0.666667
0
-0.375
-0.333333
0.416667
0.125
-0.708333
-0.791667
-0.166667
0.125
-0.25
-0.0416667
0.916667
1.25
0.375
-0.458333
-0.291667
-0.291667
-0.625
-0.166667
0.875
1.08333
-0.375
-1.125
0.166667
0.75
-0.541667
-0.791667
-0.291667
0.458333
0.291667
-0.666667
-0.291667
0.416667
-0.208333
-0.291667
0.25
-0.25
-1.08333
-1.04167
-0.208333
0.0416667
-0.416667
0.333333
1.79167
2.04167
0.875
-0.416667
-0.583333
-0.541667
-0.875
-0.541667
0.5
0.916667
-0.125
-0.833333
-0.0833333
0.25
-0.708333
-0.75
-0.125
0.458333
0.0833333
-0.875
-0.458333
0.375
0.0416667
0
0.0833333
-0.833333
-1.58333
-1.33333
-0.458333
-0.166667
-0.25
1.33333
3.04167
2.54167
0.916667
-0.291667
-0.625
-0.875
-1.16667
-0.708333
0.0416667
0.375
0.125
-0.416667
-0.625
-0.541667
-0.875
-0.541667
-0.0833333
0
-0.333333
-0.708333
-0.291667
0.333333
0.125
-0.0416667
-0.25
-1.20833
-1.91667
-1.58333
-0.5
0.0833333
0.333333
2.04167
3.5
2.66667
1
-0.0416667
-0.333333
-0.708333
-1.33333
-1.33333
-0.625
0.125
0.291667
-0.25
-0.916667
-1.08333
-1.08333
-0.333333
-0.0416667
-0.375
-0.666667
-0.541667
-0.0416667
0.291667
-0.0416667
-0.166667
-0.458333
-1.66667
-2.29167
-1.5
-0.0833333
0.708333
1.04167
2.29167
3.125
2.29167
1.125
0.458333
0.208333
-0.208333
-1.16667
-1.91667
-1.45833
-0.291667
0.25
-0.125
-0.958333
-1.33333
-1.16667
-0.25
0.541667
0
-0.833333
-0.708333
0.0833333
0.25
-0.625
-0.625
-0.5
-1.95833
-2.66667
-1.08333
1.20833
1.95833
1.33333
1.41667
1.83333
1.79167
1.625
1.16667
0.708333
0.291667
-0.666667
-1.83333
-2.08333
-1.20833
-0.125
0
-0.916667
-1.41667
-1.125
-0.291667
1.08333
0.416667
-0.875
-0.791667
0
-0.0833333
-1.16667
-0.958333
-0.583333
-2.16667
-2.375
0.291667
2.58333
2.41667
1.16667
0.833333
0.75
0.458333
0.75
1.45833
1.91667
1.41667
-0.0833333
-1.625
-2.125
-1.58333
-0.666667
-0.25
-0.875
-1.45833
-1.25
-0.333333
1.41667
0.75
-0.791667
-0.875
-0.208333
-0.458333
-1.75
-1.375
-0.5
-1.58333
-1.29167
1.5
3.25
2.54167
1
0.125
-0.458333
-0.875
-0.291667
1.33333
2.75
2.54167
0.875
-1.04167
-1.875
-1.54167
-1
-0.666667
-1
-1.5
-1.33333
-0.541667
1.5
1
-0.75
-1.16667
-0.5
-0.791667
-2.41667
-1.83333
0.208333
0.291667
0.25
1.83333
3.125
2.41667
0.625
-0.875
-1.70833
-1.5
-0.583333
0.708333
2.375
3.33333
2.25
-0.25
-1.375
-0.916667
-0.916667
-1.125
-1.33333
-1.58333
-1.25
-0.75
1.20833
0.75
-0.916667
-1.375
-0.708333
-1.04167
-2.54167
-1.33333
1.33333
1.625
1.16667
1.875
2.625
1.91667
0.125
-1.58333
-2.33333
-1.70833
-0.666667
0.25
1.54167
2.91667
2.83333
0.916667
-0.375
-0.333333
-0.458333
-0.791667
-1.45833
-2.04167
-1.54167
-0.916667
1
0.458333
-1.41667
-1.83333
-0.958333
-0.958333
-1.875
-0.333333
2.33333
2.54167
1.66667
1.66667
1.83333
0.958333
-0.625
-1.83333
-2.04167
-1.41667
-0.791667
-0.208333
0.708333
1.83333
2.33333
1.70833
1.04167
0.791667
0.458333
-0.166667
-1.45833
-2.70833
-2.33333
-0.875
1.125
0.25
-2.08333
-2.66667
-1.625
-0.541667
0.0416667
1.25
2.58333
2.83333
2.25
1.29167
0.166667
-0.708333
-1.04167
-1.08333
-1
-1.04167
-1.16667
-0.625
0.291667
0.708333
1
1.625
2.29167
2.45833
1.70833
0.5
-1.125
-3.20833
-3.45833
-0.791667
0.916667
0
-2.29167
-3.125
-2.25
-0.583333
1.04167
2.58333
3.66667
3.70833
2.20833
-0.0833333
-1.54167
-1.58333
-0.875
-0.583333
-0.541667
-0.416667
-0.708333
-0.875
-0.666667
-0.583333
0.166667
1.83333
3.04167
3.33333
2.95833
1.625
-1
-3.95833
-4.33333
-0.708333
0.5
-0.291667
-2.25
-3.20833
-2.625
-0.916667
1.375
3.625
4.79167
4.29167
1.79167
-1.20833
-2.5
-1.95833
-0.791667
-0.333333
-0.208333
0.166667
-0.166667
-1.04167
-1.54167
-1.54167
-0.375
1.95833
3.5
3.875
3.91667
2.25
-1.41667
-4.375
-4.29167
-0.625
0.166667
-0.541667
-2.16667
-2.91667
-2.45833
-0.958333
1.29167
3.54167
4.70833
4.20833
1.79167
-1.125
-2.41667
-1.91667
-0.875
-0.416667
-0.125
0.333333
-0.0833333
-1.125
-1.75
-1.95833
-0.791667
2.125
4
4.16667
4.04167
1.79167
-2.25
-4
-3.125
-0.5
0.208333
-0.375
-1.91667
-2.66667
-2.375
-1.125
0.916667
2.875
3.875
3.58333
1.95833
-0.0833333
-1.375
-1.58333
-1.16667
-0.75
-0.208333
0.166667
-0.458333
-1.25
-1.29167
-1.5
-0.791667
2.29167
4.45833
4.04167
2.83333
-0.125
-3.33333
-2.58333
-0.541667
-0.333333
0.375
-0.166667
-1.58333
-2.29167
-2.25
-1.41667
0.25
1.875
2.70833
2.83333
2.16667
1.04167
0.0416667
-0.833333
-1.33333
-1.25
-0.75
-0.291667
-0.625
-1.125
-0.75
-0.708333
-0.208333
2.625
4.45833
3.29167
1.08333
-2.20833
-4.16667
-1.04167
2.20833
-0.375
0.208333
-0.0833333
-1.04167
-1.58333
-1.83333
-1.875
-1.20833
0.583333
2.25
2.45833
1.79167
1.5
1.41667
0.458333
-1
-2
-1.83333
-0.625
-0.166667
-0.625
-0.416667
-0.0833333
0.5
2.66667
3.83333
2.29167
0
-3.04167
-4.54167
-0.5
3.75
-0.333333
0.208333
-0.125
-0.958333
-1.08333
-1.25
-1.70833
-1.54167
-0.375
0.875
1.41667
1.45833
1.75
2.125
1.29167
-0.5
-1.91667
-1.95833
-0.708333
0
-0.208333
0.125
0.333333
0.25
1.70833
2.95833
1.95833
0
-2.875
-4.20833
-0.0833333
4.20833
-0.291667
0.416667
-0.208333
-1.08333
-0.75
-0.75
-1.20833
-1.125
-0.833333
-0.625
-0.0416667
0.833333
1.75
2.33333
1.70833
0.166667
-1.33333
-1.70833
-0.583333
0.291667
0.333333
0.708333
0.375
-0.5
0.625
2.04167
1.45833
0.166667
-1.91667
-3.20833
-0.0833333
3.625
-0.375
0.375
-0.208333
-0.875
-0.5
-0.708333
-0.958333
-0.25
-0.125
-1.25
-2
-0.875
1.375
2.58333
2.04167
0.625
-0.75
-1.125
-0.208333
0.791667
1.125
1.125
0.125
-1.04167
-0.125
1.04167
0.583333
-0.125
-1.29167
-2.16667
-0.166667
2.625
-0.583333
0.333333
-0.0833333
-0.708333
-0.375
-0.583333
-0.625
0.208333
0
-1.70833
-2.83333
-1.58333
0.958333
2.16667
1.83333
1
-0.208333
-0.666667
0.541667
1.75
1.625
0.833333
-0.416667
-1.45833
-0.916667
0
0.166667
0.291667
-0.166667
-1
-0.458333
1.20833
-0.583333
0.333333
0.0416667
-0.5
-0.291667
-0.5
-0.416667
0.25
-0.333333
-2
-2.70833
-1.33333
0.75
1.29167
1.125
1.08333
0
-0.541667
1.125
2.91667
2.79167
1.04167
-1
-2.125
-1.875
-0.958333
0
0.958333
0.958333
-0.208333
-0.833333
-0.0416667
-0.0833333
0.25
0.166667
-0.125
-0.458333
-0.791667
-0.416667
0.166667
-0.875
-2.33333
-1.75
-0.0416667
0.708333
0.166667
0.166667
0.75
-0.166667
-1.20833
0.416667
4.29167
6
2.75
-1.75
-3.5
-2.70833
-1.33333
-0.0416667
1.16667
1
-0.375
-0.916667
-0.458333
0.375
0.25
0.375
0.208333
-0.708333
-1.125
-0.458333
-0.0833333
-1.5
-2.58333
-0.875
1.125
1.04167
-0.166667
-0.458333
-0.0833333
-1
-1.83333
0.5
5.95833
8.125
3.04167
-2.625
-3.70833
-2.375
-1.25
-0.541667
0.166667
0
-0.791667
-0.5
0.166667
0.75
0.416667
0.625
0.333333
-1.08333
-1.375
-0.416667
-0.5
-2.375
-2.83333
0.208333
2.54167
1.58333
-0.333333
-1.08333
-1.16667
-2
-2.16667
1.08333
7.33333
9.125
2.70833
-3.20833
-3.5
-1.83333
-0.958333
-0.916667
-0.958333
-1.16667
-1.08333
0.166667
0.958333
1.04167
0.916667
0.958333
0.0833333
-1.625
-1.58333
-0.541667
-1.16667
-3.20833
-2.875
1.45833
4.33333
2.54167
-0.75
-2.375
-2.375
-2.54167
-1.91667
1.875
7.83333
9.08333
2.66667
-3.25
-3.66667
-1.83333
-0.875
-1.125
-1.25
-1
-0.541667
0.5
1.04167
1.29167
1.5
1.375
-0.166667
-2.375
-2.08333
-0.625
-1.29167
-3.41667
-2.75
2.125
5.33333
3.375
-0.833333
-3.54167
-3.66667
-2.83333
-1.33333
2.33333
7.91667
9.125
2.75
-3.29167
-3.83333
-1.875
-0.833333
-1.08333
-0.958333
-0.583333
-0.5
0.0833333
0.5
-5.62963
-4.59259
-3.64815
-2.81481
-2.07407
-1.38889
-0.981481
-0.962963
-0.944444
-0.907407
-0.907407
-1
-1.18519
-1.38889
-1.46296
-1.42593
-1.38889
-1.27778
-1.07407
-0.685185
-0.314815
-0.166667
0.0555556
0.333333
0.407407
0.444444
0.351852
0.222222
-3.16667
-2.51852
-1.98148
-1.61111
-1.38889
-1.22222
-1.2037
-1.25926
-1.51852
-1.7037
-2.03704
-2.46296
-2.88889
-3.16667
-3.25926
-3.05556
-2.83333
-2.5
-2
-1.33333
-0.703704
-0.259259
0.111111
0.407407
0.37037
0.314815
0.111111
-0.0925926
-0.685185
-0.462963
-0.259259
-0.12963
-0.111111
-0.333333
-0.592593
-0.851852
-1.35185
-1.94444
-2.7037
-3.5
-4.14815
-4.57407
-4.74074
-4.57407
-4.22222
-3.64815
-2.87037
-2.05556
-1.24074
-0.62963
-0.0555556
0.314815
0.388889
0.277778
-0.0740741
-0.351852
0.314815
0.203704
0.222222
0.333333
0.5
0.314815
-0.0185185
-0.425926
-1
-1.74074
-2.44444
-3.07407
-3.5
-3.85185
-4.05556
-4.09259
-3.83333
-3.38889
-2.68519
-2.03704
-1.46296
-1.03704
-0.62963
-0.240741
0.0740741
0.0925926
-0.111111
-0.314815
0.462963
0.12963
-0.0185185
0.037037
0.222222
0.166667
-0.037037
-0.5
-1.01852
-1.62963
-1.7963
-1.77778
-1.61111
-1.66667
-1.77778
-2
-1.96296
-1.81481
-1.48148
-1.46296
-1.48148
-1.57407
-1.42593
-1.12963
-0.62963
-0.388889
-0.222222
-0.222222
0.777778
0.425926
0.0555556
-0.296296
-0.518519
-0.722222
-1.03704
-1.46296
-1.64815
-1.55556
-0.796296
0.166667
1
1.40741
1.55556
1.42593
1.22222
0.814815
0.296296
-0.703704
-1.64815
-2.22222
-2.55556
-2.55556
-2.11111
-1.51852
-0.777778
-0.259259
0.62963
0.407407
-0.0925926
-0.703704
-1.2963
-1.72222
-2.11111
-2.2963
-1.98148
-1.12963
0.185185
1.66667
2.87037
3.68519
4.2037
4.38889
4.05556
3.2037
1.88889
0.240741
-1.16667
-2.03704
-2.61111
-2.88889
-2.7037
-2.03704
-1.05556
-0.166667
0.148148
0.111111
-0.314815
-0.981481
-1.64815
-2.16667
-2.5
-2.31481
-1.48148
-0.12963
1.18519
2.55556
3.74074
4.87037
5.68519
6.11111
5.7037
4.55556
2.75926
1.07407
-0.333333
-1.18519
-1.94444
-2.44444
-2.57407
-2.07407
-1.24074
-0.148148
-0.703704
-0.759259
-1.03704
-1.42593
-1.92593
-2.12963
-1.90741
-1.12963
-0.0925926
1
1.72222
2.48148
3.5
4.83333
5.72222
6
5.40741
4.35185
2.98148
1.98148
1.09259
0.296296
-0.444444
-1
-1.33333
-1.2963
-0.944444
-0.222222
-1.22222
-1.44444
-1.62963
-1.81481
-2.07407
-1.74074
-0.851852
0.240741
1.12963
1.7037
1.96296
2.16667
2.66667
3.64815
4.12963
4.05556
3.5
2.92593
2.38889
2.14815
1.75926
1.24074
0.574074
-0.037037
-0.62963
-1.03704
-1.16667
-0.851852
-1.42593
-1.92593
-2.12963
-2.14815
-2.09259
-1.27778
-0.037037
1.05556
1.61111
1.72222
1.81481
1.74074
1.72222
1.87037
1.72222
1.42593
1.18519
1.35185
1.72222
2.03704
2.05556
1.72222
1.25926
0.666667
-0.111111
-0.87037
-1.46296
-1.64815
-1.61111
-2.18519
-2.24074
-1.92593
-1.24074
-0.296296
0.648148
1.33333
1.62963
1.83333
2.14815
1.98148
1.27778
0.240741
-0.537037
-0.740741
-0.296296
0.537037
1.22222
1.72222
1.92593
1.7963
1.48148
0.907407
0.0925926
-0.888889
-1.85185
-2.37037
-0.981481
-1.22222
-0.962963
-0.37037
0.62963
1.27778
1.51852
1.62963
1.62963
1.75926
1.90741
1.53704
0.648148
-0.796296
-1.68519
-1.77778
-1.09259
-0.185185
0.462963
0.944444
1.27778
1.31481
1.2963
1.05556
0.685185
-0.0555556
-1.01852
-1.81481
0.222222
0.685185
1.31481
2.07407
2.90741
3.07407
2.7037
2.25926
1.87037
1.64815
1.25926
0.62963
-0.240741
-1.33333
-1.90741
-2
-1.53704
-1.05556
-0.62963
-0.148148
0.333333
0.740741
1.09259
1.2963
1.44444
1.16667
0.685185
-0.12963
2.05556
3.38889
4.24074
4.62963
4.62963
4.33333
3.7037
2.7963
1.87037
0.759259
-0.592593
-1.44444
-1.83333
-1.85185
-1.77778
-1.85185
-1.96296
-2.09259
-1.7963
-1.31481
-0.611111
0.240741
1.11111
1.88889
2.27778
2.61111
2.85185
2.33333
2.61111
4.12963
5.01852
5.27778
4.87037
4.33333
3.64815
2.64815
1.51852
0.0925926
-1.53704
-2.44444
-2.68519
-2.24074
-1.75926
-1.64815
-1.85185
-2.05556
-1.77778
-1.22222
-0.351852
0.777778
1.81481
2.55556
2.57407
2.75926
3.14815
2.96296
1.92593
3.03704
3.87037
4.18519
3.96296
3.48148
2.90741
2.07407
1.14815
-0.0185185
-1.27778
-2.11111
-2.38889
-2.18519
-1.7963
-1.53704
-1.48148
-1.40741
-1.12963
-0.666667
0.0925926
1.07407
1.87037
2.24074
1.83333
1.61111
1.55556
1.55556
0.185185
0.351852
0.888889
1.61111
2.22222
2.2037
1.87037
1.48148
1.12963
0.851852
0.666667
0.0740741
-0.703704
-1.62963
-2.05556
-2
-1.61111
-1.12963
-0.796296
-0.5
-0.12963
0.296296
0.425926
0.148148
-0.240741
-0.888889
-1.68519
-1.85185
-0.851852
-1.22222
-1.05556
-0.37037
0.592593
1.12963
1.38889
1.53704
1.72222
1.96296
2.33333
1.96296
0.981481
-0.537037
-1.72222
-2.18519
-1.94444
-1.5
-1.12963
-1.11111
-1.35185
-1.7963
-2.31481
-2.72222
-2.40741
-2.51852
-3.25926
-3.55556
-1.12963
-1.72222
-2
-1.68519
-0.888889
0
0.796296
1.5
2
2.40741
2.81481
2.62963
1.74074
0.388889
-0.981481
-1.77778
-1.92593
-1.64815
-1.18519
-1.18519
-1.68519
-2.64815
-3.48148
-3.68519
-2.7037
-2.11111
-2.27778
-2.66667
-0.944444
-1.46296
-1.92593
-2.14815
-2.03704
-1.2963
-0.222222
0.814815
1.42593
1.7037
1.66667
1.57407
1.40741
1.27778
0.796296
0.222222
-0.203704
-0.185185
0.277778
0.62963
0.5
-0.166667
-0.574074
-0.333333
0.62963
1.59259
2.16667
1.83333
-1.05556
-1.46296
-1.98148
-2.51852
-2.87037
-2.64815
-2
-1.14815
-0.611111
-0.277778
-0.277778
0.037037
0.648148
1.61111
2.31481
2.59259
2.37037
2.35185
2.64815
3.33333
3.94444
4.38889
4.74074
5.12963
5.27778
5.64815
6.22222
6.01852
-1.2963
-1.51852
-1.87037
-2.48148
-3.14815
-3.51852
-3.57407
-3.2963
-2.88889
-2.40741
-2.01852
-1.27778
-0.0555556
1.38889
2.77778
3.72222
3.87037
3.75926
3.7037
4.25926
5.24074
6.59259
7.75926
8.27778
7.77778
7.59259
7.96296
8.11111
-1.18519
-1.12963
-1.24074
-1.77778
-2.64815
-3.48148
-4.24074
-4.62963
-4.42593
-3.87037
-2.96296
-1.90741
-0.814815
0.0740741
0.888889
1.7037
2.01852
1.85185
1.37037
1.07407
1.44444
2.68519
4.11111
4.98148
4.90741
4.85185
5.25926
6.12963
-0.944444
-0.740741
-0.555556
-0.833333
-1.66667
-2.38889
-3.14815
-3.74074
-3.66667
-3.22222
-2.37037
-1.64815
-1.11111
-1.09259
-1.37037
-1.37037
-1.27778
-1.57407
-2.25926
-3.12963
-3.44444
-3.01852
-1.74074
-0.462963
0.388889
1.03704
1.75926
2.92593
-0.722222
-0.462963
-0.166667
-0.148148
-0.62963
-0.944444
-1.25926
-1.64815
-1.61111
-1.37037
-0.981481
-0.740741
-0.814815
-1.16667
-1.90741
-2.46296
-2.61111
-2.88889
-3.51852
-4.37037
-5.05556
-5.46296
-5.01852
-4.11111
-2.94444
-2.03704
-1.31481
-0.37037
-0.944444
-0.722222
-0.592593
-0.333333
-0.0555556
0.185185
0.462963
0.611111
0.722222
0.796296
0.5
0.296296
0.222222
0.722222
1.14815
1.14815
1.03704
0.833333
0.592593
0.537037
0.296296
-0.481481
-1.64815
-2.53704
-2.7037
-2.59259
-2.57407
-2.61111
-0.611111
-0.518519
-0.796296
-0.62963
0.0185185
0.277778
0.574074
0.962963
1.11111
1.09259
0.611111
0.518519
0.87037
2.24074
3.88889
4.61111
4.68519
4.61111
4.62963
4.96296
4.83333
3.85185
1.53704
-0.777778
-2.12963
-2.94444
-3.59259
-4.16667
1.81481
0.0740741
-2.03704
-2.7037
-1.57407
-0.333333
0.240741
-0.185185
-0.722222
-0.962963
-0.685185
-0.333333
-0.12963
0.222222
0.648148
0.962963
0.555556
-0.0555556
-0.518519
-0.518519
-0.314815
0.222222
0.722222
1
0.407407
-0.166667
-0.481481
-0.444444
1
-0.0740741
-1.37037
-1.66667
-0.944444
-0.111111
0.185185
-0.259259
-0.962963
-1.37037
-1.14815
-0.62963
-0.111111
0.666667
1.51852
2.11111
1.55556
0.444444
-0.666667
-1.05556
-0.981481
-0.314815
0.333333
0.851852
0.37037
-0.12963
-0.555556
-0.537037
0.592593
-0.0740741
-0.87037
-1.01852
-0.666667
-0.222222
-0.148148
-0.574074
-1.2963
-1.72222
-1.53704
-0.833333
0.0740741
1.42593
2.59259
3.14815
2.27778
0.851852
-0.537037
-1.27778
-1.51852
-1.01852
-0.222222
0.537037
0.333333
-0.166667
-0.685185
-0.907407
0.259259
-0.240741
-0.666667
-0.666667
-0.444444
-0.351852
-0.518519
-1.09259
-1.72222
-2.01852
-1.55556
-0.62963
0.555556
2.03704
3.22222
3.62963
2.66667
1.22222
-0.0740741
-0.981481
-1.51852
-1.53704
-0.907407
-0.12963
0.0185185
-0.296296
-0.777778
-1.14815
0.12963
-0.314815
-0.574074
-0.574074
-0.388889
-0.5
-0.87037
-1.66667
-2.24074
-2.24074
-1.24074
0.0555556
1.38889
2.55556
3.33333
3.38889
2.59259
1.51852
0.685185
-0.240741
-1.09259
-1.7963
-1.59259
-0.962963
-0.518519
-0.555556
-0.888889
-1.27778
0.0555556
-0.351852
-0.611111
-0.62963
-0.518519
-0.722222
-1.25926
-2.24074
-2.7037
-2.16667
-0.351852
1.27778
2.22222
2.51852
2.66667
2.75926
2.44444
1.92593
1.35185
0.518519
-0.425926
-1.5
-1.88889
-1.77778
-1.33333
-1.07407
-1.11111
-1.37037
-0.314815
-0.592593
-0.648148
-0.648148
-0.740741
-1.11111
-1.66667
-2.46296
-2.48148
-1.40741
0.796296
2.22222
2.59259
2.18519
1.98148
2
2
1.92593
1.88889
1.2963
0.333333
-1.14815
-1.88889
-2.11111
-1.64815
-1.42593
-1.44444
-1.77778
-0.62963
-0.944444
-0.87037
-0.814815
-1.09259
-1.5
-1.88889
-2.14815
-1.7037
-0.351852
1.68519
2.66667
2.51852
1.75926
1.40741
1.38889
1.48148
1.66667
2.09259
1.90741
1.11111
-0.574074
-1.61111
-2.05556
-1.68519
-1.57407
-1.7963
-2.25926
-0.37037
-1.25926
-1.48148
-1.59259
-1.87037
-1.90741
-1.57407
-0.907407
-0.259259
0.666667
1.88889
2.37037
2.11111
1.33333
1.05556
1
1.12963
1.2963
1.92593
2.14815
1.75926
0.185185
-1
-1.61111
-1.38889
-1.57407
-2.22222
-2.88889
-0.333333
-1.5
-1.90741
-2.14815
-2.12963
-1.68519
-0.740741
0.240741
0.796296
1.25926
1.96296
2.16667
1.88889
1.03704
0.518519
0.166667
0.277778
0.703704
1.72222
2.31481
2.25926
0.907407
-0.203704
-0.925926
-0.851852
-1.25926
-2.22222
-3.18519
-0.537037
-1.81481
-2.24074
-2.37037
-1.87037
-0.944444
0.351852
1.27778
1.55556
1.61111
1.98148
2.01852
1.66667
0.592593
-0.277778
-0.907407
-0.648148
0.185185
1.55556
2.31481
2.38889
1.38889
0.648148
0.111111
0.111111
-0.592593
-1.90741
-3.37037
-1.11111
-2.51852
-2.68519
-2.14815
-0.851852
0.37037
1.48148
2
2.01852
1.94444
2.09259
1.87037
1.11111
-0.314815
-1.42593
-1.90741
-1.24074
-0.0185185
1.44444
2.11111
2.2037
1.62963
1.42593
1.2963
1.25926
0.388889
-1.24074
-3.14815
-1.59259
-3.11111
-3.24074
-2.37037
-0.481481
1.38889
2.90741
3.40741
2.96296
2.25926
1.7963
1.2037
0.203704
-1.24074
-2.24074
-2.38889
-1.53704
-0.296296
0.851852
1.5
1.88889
2.09259
2.46296
2.66667
2.57407
1.44444
-0.740741
-3.37037
-1.94444
-3.59259
-3.7963
-2.81481
-0.537037
2.01852
4.2037
5.03704
4.2037
2.7037
1.25926
0.12963
-1.01852
-2
-2.46296
-2.16667
-1.53704
-0.777778
-0.185185
0.574074
1.5
2.62963
3.64815
4.18519
3.88889
2.16667
-0.759259
-3.90741
-2
-3.77778
-4.14815
-3.25926
-0.981481
2
4.87037
6.57407
5.75926
3.42593
0.518519
-1.33333
-2.22222
-2.18519
-1.88889
-1.57407
-1.62963
-1.64815
-1.40741
-0.37037
1.16667
3.12963
4.83333
5.77778
5
2.33333
-1.48148
-4.55556
-2
-3.75926
-4.25926
-3.5
-1.18519
2
5.14815
7.09259
6.24074
3.59259
0.185185
-1.83333
-2.57407
-2.12963
-1.59259
-1.25926
-1.62963
-2.05556
-2.16667
-1.05556
0.87037
3.55556
5.64815
6.55556
4.90741
1.53704
-2.40741
-4.37037
-2.07407
-3.68519
-4.18519
-3.42593
-1.03704
2.09259
5.01852
6.57407
5.7037
3.31481
0.388889
-1.44444
-2.22222
-2.07407
-1.68519
-1.37037
-1.53704
-1.90741
-2.18519
-1.33333
0.537037
3.57407
5.87037
6.62963
4.27778
0.555556
-3.05556
-3.77778
-2.25926
-3.59259
-3.83333
-2.88889
-0.444444
2.25926
4.37037
4.98148
4.12963
2.62963
1.05556
-0.203704
-1.31481
-2.07407
-2.27778
-1.83333
-1.27778
-1.01852
-1.35185
-1.16667
-0.0185185
2.7963
5.14815
6.03704
3.75926
0.388889
-2.74074
-2.96296
-2.24074
-3.44444
-3.55556
-2.48148
-0.240741
1.90741
3.33333
3.48148
2.88889
2.07407
1.38889
0.518519
-0.574074
-1.7037
-2.11111
-1.74074
-0.888889
-0.388889
-0.62963
-0.944444
-0.518519
1.64815
4.01852
5.38889
3.87037
0.981481
-1.98148
-2.44444
-1.96296
-3.11111
-3.22222
-2.2963
-0.5
1.16667
2.12963
2.27778
1.94444
1.68519
1.42593
0.907407
-0.037037
-1.11111
-1.53704
-1.22222
-0.37037
0.0740741
-0.12963
-0.685185
-0.62963
0.851852
2.90741
4.42593
3.57407
1.27778
-1.5
-2.11111
-1.27778
-2.18519
-2.64815
-2.48148
-1.48148
-0.0740741
1.05556
1.48148
1.37037
1.31481
1.44444
1.24074
0.518519
-0.5
-0.87037
-0.555556
0.12963
0.37037
0.0555556
-0.314815
-0.222222
0.944444
2.31481
3.33333
2.2963
0.148148
-2.33333
-2.27778
-0.722222
-1.40741
-1.98148
-2.24074
-1.92593
-1.2037
-0.5
0.0740741
0.666667
1.44444
2.05556
1.87037
0.981481
-0.111111
-0.407407
-0.0185185
0.648148
0.740741
0.314815
-0.111111
-0.111111
0.777778
1.68519
2.24074
0.833333
-1.18519
-2.94444
-1.64815
-0.351852
-0.907407
-1.42593
-1.81481
-1.98148
-2.07407
-2.01852
-1.40741
0
1.7037
2.75926
2.44444
1.22222
-0.222222
-0.611111
0
1.37037
2.03704
1.64815
0.537037
-0.314815
-0.0185185
0.592593
1
-0.444444
-2.01852
-2.98148
-0.777778
-0.296296
-0.907407
-1.35185
-1.61111
-1.64815
-2.14815
-2.62963
-2.40741
-0.759259
1.46296
2.92593
2.7037
1.18519
-0.981481
-1.83333
-0.740741
2.62963
5.12963
4.98148
2.01852
-1.05556
-1.92593
-1.33333
-0.407407
-1.14815
-1.92593
-2.2963
-0.259259
-0.333333
-1.07407
-1.38889
-1.44444
-1.44444
-2.16667
-2.92593
-2.68519
-1.05556
1.11111
2.35185
2.12963
0.666667
-1.53704
-2.14815
-0.259259
4.44444
7.59259
6.7963
2.25926
-2.16667
-3.57407
-2.7963
-1.24074
-0.888889
-0.851852
-1.12963
-0.240741
-0.333333
-1.24074
-1.5
-1.42593
-1.51852
-2.33333
-3.03704
-2.31481
-0.666667
1.07407
1.40741
0.87037
-0.425926
-1.88889
-1.68519
1.14815
6.27778
9.16667
7.31481
1.7963
-3.22222
-4.74074
-3.74074
-1.66667
-0.333333
0.296296
-0.0925926
-0.425926
-0.0555556
-1.27778
-1.81481
-1.88889
-2.11111
-2.75926
-2.98148
-1.38889
0.555556
1.7963
0.666667
-0.814815
-2.11111
-2.16667
-0.62963
2.92593
7.48148
9.5
6.92593
1.31481
-3.59259
-5.03704
-4.03704
-1.92593
-0.37037
0.407407
0.0925926
-0.5
0.333333
-1.35185
-2.2963
-2.51852
-2.64815
-3.11111
-2.98148
-0.759259
1.72222
3.03704
0.944444
-1.64815
-3.62963
-3.03704
-0.5
3.83333
8.24074
9.72222
6.68519
1.07407
-3.5
-4.64815
-3.74074
-2.11111
-1.18519
-0.666667
-0.703704
-0.611111
-4.11111
-4.11111
-5.55556
-7.27778
-6.83333
-3.88889
-1.61111
-0.666667
-1.5
-1.22222
-0.555556
0.444444
0.277778
-0.333333
-0.777778
-0.555556
-0.0555556
0.166667
0.388889
0.666667
0.888889
0.833333
0.277778
-0.333333
-0.944444
-0.722222
-0.333333
0
-0.388889
-0.444444
0.222222
0.777778
-3.22222
-3.11111
-4.16667
-5.33333
-5.16667
-2.77778
-0.722222
0
-1
-1.38889
-1.05556
-0.222222
0.0555556
-0.0555556
-0.222222
-0.277778
-0.388889
-0.5
-0.388889
0
0.444444
0.666667
0.555556
0.0555556
-0.444444
-0.388889
-0.166667
-0.111111
-0.5
-0.388889
0.388889
0.722222
-1.88889
-1.94444
-2.33333
-2.88889
-2.61111
-1.5
0
0.333333
-0.111111
-0.777778
-0.833333
-0.611111
-0.277778
-0.111111
-0.0555556
-0.111111
-0.333333
-0.444444
-0.611111
-0.555556
-0.277778
0.222222
0.666667
0.555556
0.222222
0.0555556
0.0555556
-0.111111
-0.388889
-0.333333
0.222222
0.277778
0.111111
-0.277778
-0.888889
-1.05556
-1
-0.833333
-0.222222
0.222222
0.777778
0.555556
0.166667
-0.5
-0.666667
-0.611111
-0.555556
-0.5
-0.555556
-0.111111
-0.0555556
0.0555556
-0.111111
0.0555556
0.333333
0.611111
0.833333
0.777778
0.444444
-0.0555556
-0.388889
-0.444444
-0.388889
-0.5
2.27778
1.27778
-0.166667
-1.11111
-1.33333
-1.05556
-0.444444
0.222222
0.833333
0.888889
0.388889
-0.444444
-1.16667
-1.5
-1.66667
-1.5
-1.22222
-0.277778
0.666667
1.55556
1.66667
1.38889
0.888889
0.722222
0.666667
0.444444
0.166667
0
0.0555556
-0.222222
-0.777778
-1.22222
3.33333
2.44444
0.444444
-1.27778
-2.22222
-1.61111
-0.833333
0.222222
0.611111
0.722222
0.111111
-0.833333
-1.83333
-2.44444
-2.88889
-2.88889
-2.5
-0.777778
1.33333
3.44444
3.88889
3.33333
2
1.22222
0.555556
-0.0555556
-0.444444
-0.222222
0.277778
0.111111
-0.888889
-1.66667
1.61111
1.83333
1.33333
-0.166667
-1.27778
-1.16667
-0.611111
0.0555556
-0.0555556
-0.166667
-0.777778
-1.55556
-2.61111
-3.55556
-4.22222
-4.27778
-3.27778
-1
1.94444
4.44444
5.5
5.11111
3.77778
2.38889
1
-0.333333
-0.944444
-0.611111
0.333333
0.166667
-1.16667
-2.33333
-0.722222
0.277778
1.22222
0.888889
0.277778
-0.222222
-0.277778
-0.333333
-0.5
-1
-1.72222
-2.72222
-3.38889
-4
-4.11111
-3.61111
-1.88889
0.222222
2.05556
2.94444
3.66667
4.11111
4.38889
3.61111
2.33333
0.5
-0.5
-0.722222
-0.166667
-0.277778
-1.33333
-2.22222
-2.44444
-1.38889
0.222222
1
1.33333
0.722222
0.0555556
-0.777778
-1.22222
-1.88889
-2.66667
-3.5
-3.66667
-3.44444
-2.27778
-0.722222
1.33333
1.66667
1
-0.555556
-0.0555556
1.38889
3.72222
4.22222
3.83333
1.94444
0.611111
-0.5
-0.611111
-0.833333
-1.16667
-1.55556
-2.05556
-1.88889
-1.22222
-0.444444
0.333333
0.388889
-0.0555556
-1.05556
-1.88889
-2.77778
-3.5
-4.11111
-3.33333
-1.27778
2.16667
4.5
4.83333
1.77778
-1.94444
-4.66667
-4.22222
-2
1.38889
3.55556
4.61111
3.61111
2.05556
0.166667
-0.888889
-0.888889
-0.222222
0.5
-1.22222
-1.55556
-1.55556
-1.16667
-0.666667
-0.277778
-0.611111
-1.55556
-2.77778
-3.5
-3.77778
-3.38889
-1.33333
2.22222
6.27778
7.77778
5.94444
1
-3.77778
-6.55556
-6.38889
-4.44444
-1.44444
1.44444
3.61111
4.05556
3.16667
1.38889
0.111111
-0.0555556
0.777778
1.55556
-0.555556
-0.833333
-0.833333
-1
-1.16667
-1.16667
-1.38889
-2.22222
-3.55556
-4
-3.27778
-1.27778
1.94444
5.72222
8.33333
7.88889
4.38889
-0.111111
-3.83333
-5.66667
-6.38889
-5.77778
-4.27778
-1.55556
1.16667
3.22222
3.66667
3
1.94444
1.5
1.61111
1.88889
-0.611111
-0.388889
0.111111
-0.0555556
-0.777778
-1.72222
-2.61111
-3.61111
-4.61111
-3.88889
-1.27778
3.11111
6.44444
7.77778
6.22222
3.55556
1.05556
-0.166667
-1.05556
-2.44444
-4.61111
-6.05556
-6.11111
-4.38889
-2
0.833333
3.11111
4.55556
4.5
3.44444
2.16667
1.22222
-0.333333
-0.222222
0
-0.388889
-1.16667
-2.55556
-3.55556
-4.16667
-3.94444
-1.66667
2.22222
7
8.38889
6.5
2.22222
-0.666667
-1.44444
-0.277778
0.833333
0.722222
-1.5
-4.22222
-6.33333
-6.22222
-4.72222
-1.77778
1.22222
4.11111
5.22222
4.72222
3
1.61111
0.166667
-0.222222
-0.833333
-1.5
-2.33333
-3.61111
-4.27778
-3.83333
-1.61111
1.94444
5.83333
8.66667
7.55556
3.5
-1.27778
-3.27778
-2.5
-0.277778
1.66667
2.55556
1.33333
-1.22222
-4.72222
-6.55556
-6.77778
-4.55556
-1.38889
2.22222
4.66667
5.16667
3.94444
2.33333
0.722222
-0.0555556
-1.5
-2.88889
-4.11111
-5.05556
-4.33333
-1.55556
3.16667
6.5
7.72222
6.38889
3.55556
0.277778
-2.38889
-2.88889
-2.11111
-0.555556
0.722222
2.16667
2.77778
1.83333
-1.66667
-5.33333
-7.5
-6.5
-4.05556
-0.888889
2.27778
4.44444
4.83333
3.38889
0.555556
0.166667
-0.888889
-2.11111
-3.55556
-4.44444
-3.5
-0.333333
4.38889
6.72222
6.44444
3.55556
1
-0.833333
-1.83333
-1.94444
-1.66667
-0.888889
-0.166667
1
2.27778
2.55556
0.333333
-3.27778
-6.11111
-6.16667
-4.44444
-1.94444
1.05556
3.38889
4.22222
2.66667
0.222222
0.5
0.222222
-0.277778
-1.27778
-2
-1.77778
-0.0555556
2.38889
3.5
2.88889
1.11111
-0.111111
-0.5
-0.722222
-0.888889
-1.22222
-1.05556
-0.666667
0
0.944444
1.27778
0.666667
-1.22222
-2.77778
-3.27778
-2.61111
-1.38889
0.111111
1.27778
1.72222
0.888889
0.0555556
0.5
0.944444
1.66667
2.27778
2.55556
1.27778
-0.777778
-3.16667
-3.38889
-2.22222
-0.388889
0.444444
0.611111
0.555556
0.166667
-0.277778
-0.5
-0.222222
-0.0555556
-0.555556
-1.22222
-1.11111
-0.111111
0.944444
1.27778
1.33333
1.22222
0.0555556
-1.66667
-2.83333
-2
0.0555556
0.333333
0.833333
2.11111
3.77778
5
3.61111
0.166667
-4.55556
-6.66667
-6.27778
-3.61111
-1.16667
0.722222
1.72222
1.72222
1.16667
0.611111
0.388889
-0.277778
-1.61111
-2.55556
-1.61111
1
3.55556
4.72222
4.27778
2.22222
-2.5
-6.77778
-7.83333
-3.5
0.166667
0.166667
0.611111
1.77778
3.66667
5.33333
4.88889
2.11111
-2.55556
-6.38889
-8.05556
-6.94444
-3.88889
-0.5
2.22222
3
2.61111
1.33333
0.166667
-1.27778
-2.27778
-2.27778
-0.666667
2.05556
4.44444
5.94444
4.94444
1.38889
-5.5
-10.3333
-10.3333
-3.55556
0.666667
0.555556
0.611111
1.11111
2.05556
3.11111
3.88889
3.66667
2.22222
-1.5
-5.66667
-8.55556
-7.27778
-3.44444
0.888889
2.83333
2.55556
0.444444
-1.55556
-2.72222
-1.77778
0.222222
2.33333
3.5
3.83333
3.77778
1.72222
-2.27778
-7.5
-9.61111
-7.72222
-1.77778
1.11111
1.05556
0.833333
0.611111
0.611111
1.16667
2.61111
4.05556
4.72222
2.38889
-1.72222
-6.22222
-7.44444
-6
-2.55556
-0.333333
0.388889
-1.11111
-2.33333
-2.27778
0.166667
2.88889
4.33333
3.44444
1.27778
-1.22222
-3.55556
-5.05556
-4.33333
-2
0.111111
0.833333
1.16667
1.11111
0.777778
0.166667
-0.277778
0
1.44444
3.44444
5.11111
4.66667
2
-2.11111
-5.5
-7.05556
-6.33333
-4.55556
-2.88889
-2.22222
-1.5
0.222222
2.88889
4.94444
5.11111
2.66667
-1.22222
-5.72222
-7.72222
-6.16667
0.222222
5.83333
7.11111
2.5
0.111111
0.222222
0.166667
0
-0.111111
0.277778
1.16667
2.55556
3.77778
4.22222
3.38889
1.27778
-2.11111
-5.61111
-7.94444
-7.61111
-5.22222
-1.72222
1.38889
3.66667
4.77778
4.77778
3.88889
1.61111
-1.61111
-5.5
-6.55556
-3.88889
2.61111
7.05556
6.83333
1
-0.722222
-0.888889
-0.555556
0
0.666667
1.05556
1.22222
1.55556
2
2.38889
2.27778
1.77778
0.0555556
-2.33333
-5.22222
-5.88889
-4.5
-0.777778
2.55556
4.77778
4.77778
3.66667
2.33333
1.38889
0.388889
-1.05556
-1.88889
-1.38889
0.166667
1.11111
0.611111
-1.61111
-1.16667
-1.33333
-0.888889
0.333333
1.38889
1.77778
1.33333
0.666667
0.111111
-0.333333
-0.166667
0.666667
1.5
1.38889
-0.277778
-1.72222
-2.11111
-0.833333
0.833333
2.33333
2.88889
2.72222
2.16667
2.44444
3.11111
3.77778
3
0.833333
-2.77778
-5.16667
-5.16667
-3
-0.388889
-0.333333
0.111111
0.888889
1.44444
1.33333
0.833333
-0.222222
-1.77778
-3.05556
-2.77778
-0.166667
2.66667
4.44444
4.05556
2.44444
0.0555556
-3.16667
-5.05556
-4.11111
0.0555556
4.05556
5.38889
4.94444
4.33333
4.72222
3.94444
1.5
-2.44444
-4.55556
-3.66667
-0.5
0.388889
1.16667
1.55556
1.61111
1.22222
0.611111
0.166667
-0.722222
-2.44444
-3.66667
-2.94444
0.444444
3.33333
4.94444
4.66667
2.94444
-0.222222
-5.5
-8.72222
-7.55556
-0.944444
5.5
7.72222
6.27778
4.22222
3.61111
3.11111
1.88889
0.333333
-0.444444
0.166667
1.16667
1.05556
2.27778
2.77778
2.11111
1
-0.111111
-0.388889
-0.833333
-2.16667
-2.72222
-1.61111
1.77778
3.61111
4
2.88889
1.16667
-1.61111
-5.66667
-7.66667
-5.72222
0.222222
5.38889
6.55556
4.66667
2.44444
1.61111
1.5
1.66667
2.55556
3.05556
3.05556
1.55556
0.777778
2
2.77778
2.33333
1.27778
0.333333
-0.166667
-0.555556
-1.44444
-1.16667
0.111111
2.5
3.38889
2.88889
0.722222
-1.44444
-3
-1.83333
0.666667
3.27778
3
1.27778
-0.611111
-0.833333
-0.222222
0.111111
0.222222
0.333333
1.5
2.11111
1.94444
0.444444
0.111111
1
1.94444
2.16667
1.38889
0.444444
-0.333333
-0.777778
-1.05556
-0.5
0.555556
2.05556
3.16667
3.05556
0.611111
-1.83333
-2.5
1.83333
6.33333
7.83333
3.11111
-2.61111
-5.33333
-4.27778
-2.05556
-1.05556
-0.666667
-0.555556
0.111111
0.444444
0.444444
-0.0555556
-6.58
-7.08
-6.74
-5.34
-3.8
-2.36
-1.24
-0.7
-0.82
-1.04
-1.36
-1.56
-1.64
-1.44
-1.08
-0.42
0.3
1.04
1.42
1.5
1.3
1.02
0.5
0.04
-0.22
-0.32
-0.42
-0.54
-3.68
-4.32
-4.38
-3.52
-2.38
-1.32
-0.62
-0.4
-0.76
-1.34
-2.12
-2.66
-2.88
-2.66
-2.06
-0.76
0.56
1.84
2.6
2.92
2.62
2.08
1.32
0.74
0.16
-0.24
-0.5
-0.84
-1.12
-2.12
-2.54
-2.16
-1.48
-0.84
-0.42
-0.56
-1.3
-2.3
-3.4
-4.16
-4.28
-3.74
-2.58
-0.56
1.44
3.1
4.18
4.54
4.02
3.04
2
1.12
0.34
-0.32
-0.66
-1.24
0.24
-0.94
-1.64
-1.56
-1.28
-0.92
-0.66
-1.06
-2.14
-3.42
-4.72
-5.54
-5.46
-4.54
-2.84
-0.32
2.12
4.08
5.46
5.92
5.36
4.22
2.96
1.68
0.6
-0.3
-0.86
-1.54
0.46
-0.28
-0.78
-0.92
-1.02
-1.18
-1.42
-2.1
-3.28
-4.58
-5.68
-6.2
-5.82
-4.68
-2.74
-0.28
2.16
4.2
5.9
6.68
6.52
5.56
4.28
2.7
1.2
-0.08
-0.9
-1.68
0.22
-0.1
-0.38
-0.58
-0.98
-1.7
-2.5
-3.56
-4.7
-5.76
-6.06
-5.56
-4.34
-2.94
-1.18
0.36
1.7
2.84
4.28
5.34
6
5.82
5.14
3.74
2.1
0.44
-0.66
-1.54
-0.58
-0.58
-0.64
-0.86
-1.5
-2.66
-3.88
-4.98
-5.74
-6.04
-5.06
-3.28
-1.32
0.1
1.12
1
0.62
0.32
1.1
2.28
3.92
4.88
5.28
4.48
3.22
1.52
0.26
-0.74
-1.56
-1.3
-1.32
-1.7
-2.48
-3.82
-5.18
-5.9
-5.7
-4.72
-2.38
0.48
2.72
3.58
3.2
1.08
-1.28
-2.96
-2.98
-1.74
0.74
3.08
4.7
4.92
4.38
3.14
1.84
0.94
-1.78
-1.5
-1.74
-2.5
-3.58
-5
-6.14
-6.04
-4.6
-2.22
1.1
4.36
6.32
6.34
4.66
1.2
-2.5
-5.3
-6.2
-5.44
-2.96
0.12
2.82
4.34
4.96
4.62
3.74
2.92
-2
-2.22
-2.9
-3.86
-4.86
-5.76
-5.96
-4.7
-2.14
1.2
4.72
7.54
8.6
7.74
5.1
1.18
-2.96
-6.24
-8.06
-8.1
-6.42
-3.5
-0.32
2.44
4.42
5.38
5.36
4.96
-2.4
-3.22
-4.26
-5.34
-6.1
-6.06
-4.8
-2.14
1.38
5.14
7.98
9.32
8.8
6.98
4
0.62
-2.7
-5.5
-7.76
-8.76
-8.48
-6.66
-3.84
-0.4
2.84
5.34
6.52
6.76
-2.56
-3.96
-5.3
-6.28
-6.5
-5.26
-2.44
1.16
4.82
8.1
9.48
8.92
6.96
4.66
2.04
-0.08
-1.94
-3.62
-5.76
-7.56
-8.82
-8.58
-6.9
-3.6
0.24
3.96
6.38
7.58
-2.4
-4.12
-5.58
-6.42
-6.18
-4.06
-0.24
3.84
7.26
9.56
9.42
7.26
4.26
1.82
0
-0.64
-0.94
-1.42
-3.18
-5.42
-7.86
-9.18
-8.76
-5.98
-2.12
2.1
5.46
7.32
-2.4
-4.16
-5.46
-5.9
-5.06
-2.46
1.62
5.42
8.02
9.04
7.86
5.02
1.82
-0.3
-1.34
-1.04
-0.32
0.06
-1.2
-3.22
-5.94
-8.26
-8.9
-6.96
-3.8
0.08
3.72
5.9
-1.56
-2.76
-3.64
-3.88
-3.22
-1.2
1.82
4.42
6
6.38
5.1
2.7
0.3
-1.14
-1.56
-0.92
0.08
0.7
-0.08
-1.74
-4.04
-6.24
-7.16
-5.98
-3.84
-1
1.88
3.5
-0.24
-0.64
-1.02
-1.14
-1
-0.2
0.96
1.86
2.26
2.32
1.66
0.6
-0.4
-0.88
-0.94
-0.56
0
0.4
-0.04
-0.96
-2.08
-3.24
-3.8
-3.28
-2.74
-1.9
-0.78
-0.18
1.2
1.7
1.86
1.66
1.04
0.16
-0.96
-1.8
-2.16
-2.06
-1.58
-0.88
-0.26
0
0.08
-0.08
-0.32
-0.52
-0.78
-0.86
-0.6
-0.28
-0.02
0.22
-0.74
-2.04
-3
-3.72
2.32
3.4
4.06
4.12
3.2
1.2
-1.62
-4.16
-5.78
-6.08
-4.94
-2.9
-0.82
0.38
0.74
0.22
-0.56
-1.14
-1.08
-0.44
0.84
2.14
2.72
2.3
0.14
-2.66
-5.14
-6.5
3
4.34
5.42
5.82
4.84
2.42
-1.18
-4.9
-7.6
-8.52
-7.5
-5.18
-2.4
-0.54
0.32
0
-0.62
-1.04
-0.6
0.36
1.96
3.4
3.68
2.56
-0.1
-3.3
-6.14
-7.26
2.88
3.92
5.08
5.9
5.56
3.72
0.64
-3.18
-6.64
-8.8
-8.84
-7.32
-4.92
-2.86
-1.38
-0.98
-0.8
-0.42
0.66
2.02
3.52
4.18
3.44
1.4
-1.5
-4.5
-6.68
-6.8
2.34
3.08
4.24
5.4
5.8
4.94
2.86
-0.52
-4.24
-7.44
-8.92
-8.84
-7.36
-5.54
-3.52
-2
-0.62
0.78
2.6
4.04
4.78
4.34
2.58
-0.14
-2.68
-4.66
-5.74
-5.2
1.5
1.96
3.06
4.48
5.5
5.64
4.66
2.1
-1.5
-5.2
-7.78
-9.04
-8.84
-7.36
-5.02
-2.58
-0.04
2.48
4.7
5.84
5.58
3.86
1.08
-2.1
-3.98
-4.64
-4.32
-2.98
0.7
1.14
2.18
3.46
4.46
5
4.78
3.22
0.54
-2.58
-5.34
-7.4
-8.34
-7.72
-5.76
-3.02
0.16
3.3
5.82
6.92
6.24
4
1.06
-1.98
-3.48
-3.54
-2.56
-1.26
0.46
1.02
1.86
2.52
3.1
3.52
3.5
2.82
1.38
-0.44
-2.42
-4.3
-5.9
-6.5
-5.94
-4.06
-1.32
1.96
5.38
7.64
7.76
6.3
3.98
1.08
-0.9
-1.56
-1.4
-1.16
0.64
1.48
2.16
2.16
2.04
1.98
1.64
1.34
1.08
0.92
0.24
-0.92
-2.52
-4.04
-4.88
-4.12
-2.2
0.7
4.46
7.36
8.1
7.72
6.4
3.94
1.72
0.48
-0.46
-1.38
1.26
2.06
2.38
1.74
0.88
0.22
-0.46
-0.48
0.24
1.7
2.46
2.26
0.82
-1.34
-3.42
-3.94
-2.96
-0.48
3.18
6.28
7.54
7.74
6.92
4.96
2.94
1.58
0.56
-0.28
2.18
2.86
2.74
1.52
0.02
-1.1
-1.9
-1.6
-0.14
2.38
3.94
4.24
2.92
0.28
-2.72
-4.02
-3.68
-1.66
1.88
5.24
7
7.7
7.36
5.9
4.06
2.54
1.36
0.4
2.92
3.36
2.8
1.22
-0.44
-1.64
-2.36
-1.76
0.08
2.82
4.54
5.04
3.84
1.28
-1.74
-3.16
-3.16
-1.64
1.14
3.86
5.32
5.98
5.88
5.02
3.84
2.72
1.76
0.9