1.375
1.5
1
0.375
0
-0.375
-0.125
-0.25
-0.125
0.25
0.125
0.125
-0.125
-0.625
-0.625
-0.375
0
0.75
1.625
2.625
3.25
3.625
3.125
2.25
1.75
0.875
0.625
0.625
0.25
0.125
0
-0.625
-0.875
-0.625
-0.125
0.375
0.375
0.375
0.375
0.75
1.25
1
0.375
-0.25
-0.875
-1.25
-1.125
-0.75
0.25
2.25
5
8.25
11.5
15.375
17.5
17.75
15.25
10.875
7
3.875
2.625
1.625
0.75
-0.25
-0.875
-1.25
-1.25
-0.625
-1.25
-1.125
-0.875
-0.625
-0.25
0.375
0.75
0.625
0.125
-0.5
-0.875
-0.75
0.75
3.625
8.875
15.625
22.625
28.375
31.875
34.375
34.5
33.75
31.75
28.75
24.75
19.5
14.125
7.75
3.25
0.375
-1.25
-1.125
-0.75
-0.375
-0.5
-0.75
-0.875
-0.875
-0.375
-0.125
0
0
-0.125
-0.125
0.875
4
9.5
17
25.5
30.875
34.125
32.125
26.625
20.25
14.25
13.125
16.625
24.375
31
33.125
31.125
22.5
13.375
7
1.625
0.375
0.25
-0.125
0
0
0
0.375
0.75
0.625
0.375
0.375
0.375
1.5
6.125
13.75
21.625
28.25
27.25
18.625
9.375
-2.875
-11.75
-18
-22.5
-22
-18
-9.75
0.625
11
20.75
25.875
23.75
18.625
10.75
4.125
1.125
-0.25
-0.5
-0.375
-0.375
0.125
0.5
0.25
0.125
0.625
1.75
6.5
14.625
21.125
22.75
17.5
3.625
-10.75
-21.25
-26.5
-25.25
-22.375
-19.25
-18.5
-19.875
-22.875
-24
-19.75
-10.875
5.875
18.375
22
20.375
11
3.5
0.5
-1.25
-1.375
-1.75
-1.75
-1.5
-1.5
-0.5
1.625
6.25
14.375
19.125
16.875
8
-6.375
-16.875
-17.5
-12.875
-1.25
12.125
22.25
29.625
28.875
21.75
8.875
-5
-14.25
-19.75
-13.625
-0.25
10.25
17.875
16.5
9.375
3.625
-1.5
-1.625
-1.75
-1.75
-1.625
-1
1
5.5
12.875
17.625
14.5
4.875
-6.875
-14
-8.125
9.125
28.625
49.75
66.5
76.25
82.125
80.75
73.5
58.875
39.5
20.25
1.375
-11.25
-12.375
-3.875
6.5
14.375
14.875
8.25
-1.25
-1.125
-0.875
-0.875
-0.75
0.5
3.875
10.5
15.5
13
5.25
-4.25
-7
3
24.125
47.875
66.625
78.875
80.625
77.75
75.5
75.25
78.25
79.75
73.625
58.625
37.375
12.875
-4.75
-8.25
-2.625
6.875
13.5
11.875
-0.25
0
0
-0.375
-0.625
1.75
7.25
12.875
13
6.125
-1.75
-3.375
7
28.5
49.125
59.375
59.75
51.5
39.875
32
27.625
28.25
34.5
47
60
63.125
57.375
38.5
14.875
-1.125
-6
-0.25
6.5
10.375
0.875
1.375
1.5
1.25
1.375
4.5
9.625
10.875
7.375
0.375
-2.75
5.75
23.125
39.375
38.375
25.375
5.875
-9.375
-11
-9
-8.125
-14
-22.5
-25.625
-15.125
6.625
26.5
35.875
28.75
11.25
-1.625
-2.75
1.5
6.375
1.125
1.375
1.75
1.875
3.25
6.375
9
6.75
1.25
-2.25
1.625
15.625
29.625
28.5
8.875
-17.5
-35.125
-37.5
-27.5
-20.75
-27.875
-45.375
-65.875
-80.75
-81
-56.375
-23.25
7
24.375
18.25
5.625
-0.5
0.5
4.5
0.25
-0.375
-0.5
0.125
2.375
6.375
7.375
3.625
-0.875
-0.5
7.75
21.5
25.625
12.625
-5.875
-24.75
-23.875
-13.5
-7.875
-9.875
-28.125
-41.125
-46
-44.625
-42
-39.5
-28.625
-11.25
6.75
15.375
10.375
1.5
-0.625
2
-1
-1.75
-1.875
-0.625
2
5.5
5.25
1.375
-0.75
2.75
11.875
20.125
16.125
1
-8.625
-8.125
2.625
13.125
9.375
-3.625
-15.375
-10.625
9
27.75
35.25
20.5
1
-2.625
1.125
10.875
13.25
3.25
-1.625
-0.5
-1.625
-2.125
-1.875
-0.25
2.75
4.25
3.125
-0.125
-0.875
4.75
11.875
12.875
3.625
-9.75
-11.75
-0.875
10.125
16.375
8.625
-4.5
-5.875
4.375
24.25
40.125
44.75
33.75
15.75
9
9
12.75
13.75
6
-0.625
-0.625
-1.625
-1.875
-1.75
-0.125
2.75
3.5
2.125
-0.25
-0.125
4.875
8.375
3.375
-8.75
-19.125
-21.5
-14.375
-9
-6.125
-7.375
-10.125
-3.875
3.375
10.625
17.5
18.25
12.25
8.25
6.875
10
13.5
11.75
6.75
0.5
-0.125
-0.625
-0.5
-0.375
0.5
2.375
2.75
1.25
0.25
0.375
3.125
2.5
-6.375
-16.625
-23.375
-30.5
-34
-38.25
-41.375
-34.375
-23.125
-9.5
-0.5
2.5
4.375
2.5
-0.5
0.375
1.875
6.5
9.25
7.625
4.625
0.375
-0.375
0.75
1.25
1.625
1.625
2.25
1.875
0.625
0.375
-0.25
-0.25
-4.25
-13
-14.875
-11
-8.625
-12.125
-23.25
-37.75
-39.125
-27.875
-14.875
-3.375
0.625
0.875
-1.25
-2.125
-0.75
0.625
3.375
4
2.5
1.125
-0.5
-1.25
0.875
1.625
2.125
2.375
1.875
1.375
1
0.5
-0.625
-3.25
-8.625
-13
-4.875
12.875
31.75
40
25.75
2
-15.875
-20.5
-13.25
-4.125
0.375
0.375
-0.75
-0.75
0.125
0.5
0.125
-1.25
-2.125
-2
-1.125
-2
0
0.5
0.875
1.25
0.125
0.25
1
0.75
-0.25
-4.75
-10
-10.5
-0.375
18.125
36.5
46.625
36.125
18.375
1.625
-8.375
-6.25
-2.5
0.25
-0.5
-1.75
-1.125
-0.25
-0.625
-2.625
-5.75
-6.5
-4.75
-1.75
-2.375
-0.25
-0.25
-0.375
-1.25
-2.125
-1.625
0
1
0.125
-4.75
-9.625
-10.5
-7.25
-0.25
3.75
4.75
5.375
3.625
2.875
3
0.125
-3.25
-5.75
-10
-12.25
-9.125
-5.375
-4.5
-6.375
-9.75
-10.875
-7
-2.375
-2.25
0.125
-0.125
-1
-2.75
-3.75
-3.5
-1.375
0.75
0.25
-3.75
-7.5
-8.125
-14.25
-23
-35.125
-43.75
-32.625
-14.375
4.25
14.5
7.5
-8.875
-26.25
-39.375
-39.5
-26.25
-12
-5.25
-7.625
-12.75
-13.5
-7.25
-1.875
-1.375
-0.375
-0.5
-1.375
-3
-5.5
-6.25
-4
-0.75
0.625
-1.625
-4
-2.5
-9
-25.125
-39.25
-47.125
-33.375
-2.5
22.125
31.5
21.375
-4.5
-34.625
-51.25
-45.625
-25.625
-3.875
1
-7.25
-14.375
-14.375
-5.875
-0.75
-1.125
-1
-1
-1.125
-2.375
-5.625
-7.875
-6.375
-2
1.5
0.5
-1.625
0.75
8.25
15.25
24.625
31.375
37.375
44.875
44.75
42.125
36.5
27.75
16
12.125
15
20.375
21.375
6
-10.75
-18
-13.375
-3.25
-0.25
-2.25
-0.125
-0.125
-0.125
-0.875
-3.375
-7
-7.375
-3.25
1.125
0.75
-2.125
-3
9.25
36.625
63.125
80
78.5
59.125
39.875
31.375
37.75
54.5
70.25
78.25
71.375
51.5
21
-6.75
-21.875
-20.625
-7.75
-0.875
-1.25
-4.5
0.875
0.625
0.5
0.125
-1.5
-6.125
-9.375
-6.625
-1.625
1.5
-0.875
-9.75
-15.25
-7.625
7.25
21.75
27.125
20.75
12.625
10.125
18.5
33.625
49.125
52.375
39.625
12.25
-17.625
-31.375
-29.625
-14.5
-1.5
-0.875
-4.25
-7.625
-0.125
-0.5
-0.375
-0.5
-1.25
-5.5
-11.375
-11.375
-6
1.25
3.5
-6.625
-25.375
-43
-49
-43.75
-33.375
-20.875
-13.5
-10
-6.625
-5.875
-7.25
-15.125
-29.625
-42.625
-46.5
-37.625
-19.5
-4
0.5
-3.5
-8.5
-9.75
-1.75
-1.625
-1.5
-1.375
-1.5
-4
-9.5
-13.875
-11.75
-3.625
3.875
3.125
-10
-32.75
-54
-65.375
-67.875
-61.5
-51.875
-46.125
-43.75
-47.625
-55.375
-62.75
-66.625
-58.625
-41.875
-20.875
-3.125
1.875
-1.75
-8
-11.375
-9.5
-1.375
-1
-1.125
-1
-1.375
-2.625
-5.875
-12.25
-16
-11.75
-3.375
4.25
4.375
-7.75
-28.875
-50.5
-66.75
-77.5
-80.25
-79.5
-79.125
-78.5
-76.125
-69.25
-55
-34.875
-14.5
0.25
4.875
-0.25
-8.125
-11.75
-11.125
-6.875
0.25
0.375
0.25
0.125
-0.75
-1.75
-3.75
-8.625
-15
-18.375
-14.875
-5.375
4.625
10.125
4.375
-10.5
-25.875
-42.75
-54.875
-60.5
-62.75
-58
-47.75
-33.375
-15
0.25
8.875
8.625
0.375
-8.875
-13.75
-12.25
-7.875
-3.25
1
1
1.125
1
0.125
-0.875
-2.5
-5.375
-10.5
-17.875
-21.625
-17.375
-7.125
7
17.75
18.875
15.625
7.375
-1.375
-6.625
-8.875
-5
2.125
10
16.25
14.125
6.375
-4
-14.75
-17.125
-14.25
-9.125
-3.5
-0.75
0.5
0.375
0.5
0.375
-0.125
-0.625
-1.5
-2.625
-5.5
-10.75
-17.375
-22
-21.125
-15.25
-1.5
11
20.25
26.75
26
24.75
23.25
22.375
21.125
17.75
10
-2.125
-13.125
-20.625
-21.5
-16.25
-10
-4.625
-1.125
0
-0.5
-0.75
-1
-1.25
-1.25
-1
-1
-1
-1.75
-3.625
-7.75
-14.875
-22
-28.75
-29
-24
-16.5
-5.75
0.375
3.875
3.375
-1.875
-9.125
-16.75
-23.75
-25.875
-24.375
-20.375
-12.875
-7.875
-3.875
-1.25
-0.5
-0.25
-0.875
-1
-1.5
-1.625
-1.5
-1.25
-0.875
-0.75
-0.5
-0.625
-1.625
-4.875
-10.375
-17.75
-27.75
-33.875
-37.125
-36.75
-32.625
-30.25
-29.875
-32.25
-35
-35.5
-32.5
-25.125
-17.125
-9.875
-4.25
-1.75
0
0.375
-0.125
-0.75
-0.375
-0.5
1
1.625
-0.5
-1.375
-0.375
0.75
2.125
1.75
0.125
-0.375
-0.125
0.375
1.125
0.625
-0.75
-0.25
1.625
2.375
1.5
0.375
-0.625
-1.5
-1.5
-1.125
-0.625
-0.125
0.25
0.875
1
0.875
0.875
0.125
0.125
-0.375
0.625
1.375
-0.375
-1.25
-0.25
0.75
1.875
1.75
0.125
-0.75
-0.375
0.75
2.25
2.75
2.25
2.75
4.5
5.875
3.75
-1
-4.5
-5.875
-4.75
-3.125
-2.125
-0.875
0
0.25
0.375
1
1.25
0.375
0.5
-0.625
0.125
1.125
0
-0.625
0
0.375
1.125
1.5
0.375
-0.5
1
4.125
7.625
9.125
7.125
5.125
4.625
4.875
2.75
-1.75
-4.75
-5.75
-5.75
-7.5
-8.125
-5.75
-3.5
-1.375
0
0.875
1.5
0.875
0.75
-0.5
0.125
1.375
0.625
-0.125
0
0
0.625
1.125
1.125
3
7
10.5
12.25
9.875
5.625
2.875
0.125
1
1.75
-0.875
-2.375
-1.625
-0.75
-5.625
-10.375
-11.25
-11.375
-6.75
-1.625
0.375
1.5
1.125
0.5
-0.25
0.5
1.625
1
0.125
-0.375
-0.375
0.875
2.25
5.375
10.75
13.125
11.75
9.25
3.875
1.375
1.625
-1.5
-0.75
0.75
-0.75
-1
0.5
2.125
-2.25
-6.5
-7.875
-13
-13.875
-8
-2.625
0.375
0.75
0
-0.125
0.625
1.375
1.5
0.75
-0.875
-0.375
3
7.25
12.625
15.625
12.25
7.25
3.875
-1.25
-2.25
-0.5
-3.5
-3.375
-1
0.25
2.125
4.125
5
0.5
-2.875
-2.375
-7.375
-15
-15.375
-9
-3
-0.5
-0.25
0.125
0.75
1.25
1.75
1
-0.5
1.625
7.75
14.125
17.125
13.625
5.75
0.125
-2.625
-5.25
-0.625
5.5
4.375
3.75
1.625
-2.625
-5.25
-5.375
-1.75
1.25
2.75
4.125
0.25
-9.25
-16.125
-15.5
-9.625
-3.625
-0.5
0.125
1
1.5
2.125
1.5
0.75
5.75
14.875
19.125
15.25
5.625
-3.625
-5.25
-0.625
6.125
14.125
17
14
9.75
3.125
-4.5
-11.25
-17.375
-19.75
-13.5
-3.125
5.75
8.375
0.375
-10.25
-17.125
-16.625
-9
-0.25
0.125
0.625
1.125
2.25
2.75
4.625
13
21
18
6.5
-5
-7
2.75
16.375
25.875
26.875
21.625
15.875
10
2.5
-4.75
-11.25
-18.75
-27.125
-29.625
-22.875
-10.125
3.25
7.75
1.125
-11.125
-19.25
-15.875
0
0.25
0.5
0.875
2.125
5
11.25
19.875
22
10.375
-5
-7.875
4
21.25
32.625
33.625
28.25
22.25
17.875
11.5
2.625
-5.5
-12.5
-19.5
-27
-33.875
-36.625
-30
-14.375
3.875
10.5
-1.5
-16.5
-20.125
0.625
0.875
0.75
0.5
2.125
8
17.625
24.125
17.375
-1.125
-10.25
2.25
23.375
36.375
32.375
23.125
20.875
20.625
19
10.25
-2.875
-12.5
-17.5
-18.125
-18.125
-19.125
-26.5
-37.125
-33
-11
9.125
8.75
-8
-21.625
0.625
1.125
0.75
0.125
2.75
12.375
24.25
24
7
-9.5
-4.375
20.375
40.125
37.75
17.875
2
9.625
26
24.25
5
-16.375
-27.375
-24.625
-14.25
-4.5
1.375
-4
-26.5
-41.875
-28
-1.625
12.5
3
-18.5
0.25
0.875
1
0.875
4.625
17.125
28.375
18.625
-3.875
-10.25
9.5
38.75
47.375
24.625
-7.875
-16.5
10.625
36.75
28.375
-1.875
-29.625
-36.625
-23
-9.125
-1.25
9.25
11.625
-8
-33.5
-38.125
-17.125
8
10.375
-11.25
-0.25
0.5
1.375
2.375
7.5
20.75
28.5
11.875
-11
-5
26.625
51.125
41.375
0.75
-28.875
-16.125
23.625
45.375
24.625
-14.375
-41.875
-39.625
-12.75
1
-5.25
3.25
20.25
11.875
-18.375
-41.625
-31.75
-0.25
13.125
-4.5
-1.125
-0.375
1.375
4.5
11.75
24.25
26.625
4.375
-14.375
4.75
41.375
53.875
25.125
-22
-32.5
1.625
39.125
47.125
14.375
-29.5
-50.375
-31.375
10
17.875
-9.75
-19
4.5
23.75
2.25
-39.5
-44.5
-11.25
12.375
1.875
-1.375
-0.875
1.5
6.625
15.75
26.25
22.875
-1.5
-13.625
14.875
50.375
47.125
4.75
-36.875
-29.75
17.125
48.25
41.625
8.375
-31.375
-46.875
-16.125
31.125
30
-15.25
-38.25
-14
24.875
17.75
-34.5
-54
-21.75
9.25
6.375
-1.375
-1
1.625
8
18.875
27.5
18.75
-5.75
-11.375
22.625
53.25
34.625
-14.125
-42.375
-22.5
20.25
43.25
38.375
12.625
-23.375
-38.25
-6
40
33.125
-19.25
-45.5
-17.125
27.875
23.25
-32.5
-59.625
-29.625
5.875
8.625
-0.75
-0.75
1.625
8.625
20.75
28.125
15.625
-8.625
-9.5
26.5
50.75
21.25
-23.375
-31.5
-8.125
15.375
24.5
26
17.875
-9.875
-28.625
0.375
42.875
31.875
-21.25
-48.375
-17.5
32.375
27.125
-32
-62.5
-33.875
3.5
9.25
0.125
0.125
1.625
8.625
21.375
28.125
14.25
-9.75
-9.375
25.75
45.375
12.25
-21.625
-11.125
7.75
5.5
-0.75
7.75
18.875
3
-17
6.625
44.375
29.875
-24.75
-48.25
-12.875
34.25
25.125
-33.25
-62.625
-34.25
2.625
8.25
0.75
1
1.875
8
20.375
28
15.25
-9.5
-11.25
21.25
38.75
8
-12.375
12.375
24
-1.125
-22.625
-11.375
14.625
10.625
-9
10.25
45.25
28.25
-27.5
-48.375
-9.25
35.625
20.625
-37
-60.75
-30.75
3.5
6.125
1
1.25
1.875
7.25
19.125
28.125
17.75
-8
-14.375
14.5
32.625
8
-2.75
29.25
36.5
-2.75
-33.875
-23.125
7.875
10.75
-6.125
9
41.25
25.25
-29.25
-43.875
-0.625
35.75
11.875
-41.75
-56.125
-23.75
5.625
2.5
0.625
1.125
1.75
6
17
28.25
21.875
-5
-17.5
6.75
27.5
12.375
1.75
21.75
25.875
-2.75
-22.375
-8.625
16.75
10
-15.75
-6.625
24.75
16.625
-22.25
-24.25
14.5
33
-1.125
-47
-48.75
-14.25
7.875
-2.125
0.375
0.75
1.375
4.25
13.75
27.5
26.75
0.75
-18.625
-0.875
22.5
16.75
4.75
8.125
9.75
1.375
0.375
16.25
26.625
4.75
-28.375
-27.25
1.625
8
-7.125
-0.125
25.875
23.25
-19
-49.875
-36.875
-4.375
8.5
-7.375
0.25
0.5
0.875
2.625
10.625
25.375
29.875
8
-16
-8.25
15.125
23.25
17.25
10.5
5.875
3.875
12.875
27.625
25.75
-0.125
-29.75
-34.25
-15.5
-1.875
3.75
15.625
22.375
-0.25
-36.75
-45.25
-21.625
4.25
5.5
-13.75
0.125
0.625
0.625
1.125
7.125
21.25
30.875
16.25
-9.625
-13.25
5.625
24.5
28
17.375
10.125
13.5
21.25
27.875
22.625
-0.625
-27.25
-34.75
-23
-7.5
7.625
14.25
2.5
-22.75
-41.875
-33.125
-7
7.125
-1.25
-17.75
0.125
0.625
0.5
0.625
4.5
15.625
27.375
23.125
2.125
-12.75
-5.375
16.75
33.25
33.625
28.75
26.25
22.625
17.75
8.875
-3.625
-15.25
-21.625
-19.875
-11.375
-2.375
-6.75
-22.375
-35.875
-36.125
-16.75
3.25
4.125
-9
-19.375
-0.125
0.25
0.625
0.75
3
10.5
20.875
24.875
14.25
-5.25
-12
4.875
28.125
40.25
40.25
33.25
22.125
10.125
3
0.25
-2.875
-8.375
-15.5
-19.375
-21.125
-28.125
-36
-33.625
-19.25
-2.5
4.5
-3.25
-15.25
-17.25
-0.25
0.125
0.75
0.875
2.25
6.5
13.75
21.875
21.25
6.875
-8.125
-7.375
7.75
24
32.75
32.625
24.625
14.25
8.375
4.625
-0.75
-7.875
-15.375
-21.5
-27.625
-32.625
-29.625
-15.875
-2.125
2.875
-1.25
-11.75
-16.875
-11.75
-0.125
0.25
0.625
0.75
1.875
3.875
7.375
16
23
16.75
1.375
-9
-6.375
5.75
17.875
24.25
22.25
15
9.25
4.25
-1.125
-7.25
-14.875
-20.5
-23
-20.125
-10.5
-1.5
1.625
-1.5
-9.375
-15.25
-13.375
-6.625
0
0.375
0.75
0.625
1.25
2.25
3.75
9.375
17.75
19.875
11.125
-0.625
-5.875
-3.125
2.125
6.5
11.125
12
8.875
4.5
-1
-6.75
-11.75
-13.125
-9.75
-3.25
1.125
0.875
-2.625
-8.625
-13.5
-13.5
-8.375
-2.5
0.25
0.75
0.625
0.25
0.625
0.875
1.5
4.875
10.75
15.875
15.125
8.375
2.125
0.75
1
-1.625
-0.875
2.375
1.875
0.875
-0.125
-1.25
-1.875
-2.25
-0.75
0.125
-2.125
-4.75
-8.5
-11.875
-11.75
-8.375
-3.25
-0.25
0.25
0.625
0.5
0.125
-0.125
-0.125
0.75
2.875
5.5
8.5
11.625
12.5
9.375
6
6.25
3
-1.5
-1
-1.75
-2.25
-1
0.125
1.125
0
-1
-2.625
-6.875
-9.875
-11.5
-11
-7.25
-2.875
0.125
0.5
-0.25
0
0.75
0.5
-0.75
-1
0.5
2.25
3
3.375
5.75
10.125
11.75
9.5
9.25
6.25
1.25
1.25
-0.375
-2.375
-2.375
-2.125
-1.125
-1.25
-2
-5.875
-11.375
-11.375
-8.875
-5.875
-1.875
0.25
1
0.5
-0.375
-0.25
0.5
0.375
-0.75
-1
0.625
2.25
2
1.125
2.125
4.375
6.375
8
11.5
11.125
5.625
3.75
1.375
-2.5
-4.125
-4
-3
-3.75
-5.5
-8.375
-10.125
-7.375
-3.75
-1
0.75
0.875
0.875
0.25
-0.277778
0
0.222222
0.222222
0.333333
0.222222
0.222222
0.111111
-0.166667
-0.444444
-0.222222
0.944444
3.33333
6.5
10.4444
14.6111
18.5
22.4444
24.6111
25.5
24.7222
23.5556
21.3889
17.5
13.7222
9.77778
6.66667
3.44444
1.05556
-0.222222
-0.888889
-0.888889
-0.722222
-0.444444
-0.111111
0.166667
0.388889
0.444444
0.388889
0.222222
0.333333
1.16667
3.33333
6.94444
12
17.1667
22.8333
26.8889
29.5
30.9444
30.7778
30.4444
29.1667
29.2778
29
27.2778
25.1111
20.9444
16.2778
10.7778
5.88889
2.44444
-0.0555556
-0.666667
-0.777778
-0.666667
-0.277778
0.0555556
0.222222
0.277778
0.388889
0.777778
2.44444
5.94444
10.7222
16.2778
21.6667
25.6111
28.5556
27.8889
25.3889
21.2222
17.6111
15.7778
14.7778
17
20.3333
23.6111
26.5556
26.7222
24
19.1667
13.6111
8.83333
4.11111
1.27778
-0.555556
-0.555556
-0.166667
0.0555556
0
0.277778
1.16667
3.22222
7.22222
12.7778
18.1111
22.3333
23.7222
21.7778
17.7222
10.8333
3.88889
-3.22222
-7.27778
-8.72222
-8.94444
-6.44444
-1.88889
4.55556
11.5
18.0556
21.5
21.7778
19.5556
15.6111
10.4444
5
-0.833333
-0.888889
-0.611111
-0.388889
-0.222222
0.666667
3.11111
7.61111
12.8333
17.3889
19.5556
18.9444
14.5
7.77778
0.722222
-4.27778
-5.83333
-5.66667
-2.94444
-1.22222
-0.944444
-3.16667
-5.72222
-6
-4.5
1.5
8.16667
14.2778
17.7778
17.8333
15.6667
10.0556
-1.66667
-1.72222
-1.5
-1.16667
-0.277778
2.16667
6.83333
12.4444
16.0556
16.5
14.3333
9.72222
4.11111
0.611111
0.0555556
5.72222
14.8333
25.2222
34.1111
37.8889
38.3333
31.7778
21.6667
11.8333
2.33333
-1.5
-0.555556
4.72222
10.5
13.3333
15.3889
13.5
-1.94444
-1.94444
-1.88889
-1.27778
0.888889
5.27778
10.7222
14.5556
14.6111
11.8889
8.33333
4.72222
4.77778
11
22.4444
38.8889
55.8333
70.8333
80.6111
84.2222
84.2222
77.3889
64.9444
49.3889
31.8889
16.0556
5.5
2.77778
4.5
7.11111
10.3889
12.9444
-1.5
-1.44444
-1.27778
0.111111
3.61111
8.88889
13.0556
13.0556
10.7778
8.27778
7.66667
10.1111
18.3889
33.2778
50.0556
66.6111
78.2222
85.0556
87.2778
87.5556
88.2778
86.9444
83.1111
74.1667
60.4444
42.3889
24.6667
12.3889
6
4.44444
5.38889
8.83333
-0.111111
-0.111111
0.222222
2.44444
6.77778
10.8333
11.5
9
7.38889
8.5
12.7222
20.3889
30.4444
42.6111
52.5
57.9444
57.6667
53.4444
49.5
46.3333
44.8889
45.6667
48.6111
51.0556
50.1667
43.5556
33.5
22.3333
12.9444
7.33333
3.94444
4.83333
1.05556
0.944444
1.66667
4.88889
9.11111
10.2222
8.16667
5.83333
7.33333
12.2778
18.7778
26.5
31.0556
32.7222
31
24.8333
15.3889
5.61111
-0.777778
-5.61111
-11.3889
-15.5556
-13.6667
-4
8.61111
18.1667
22.5556
21.7222
17.5556
11.9444
6.22222
3.22222
1.22222
1.33333
2.55556
6
9
7.66667
4.33333
4.38889
9.05556
15.8333
21.2778
23.5556
20.3889
12.6667
3.77778
-7.88889
-18.5
-25.8889
-30.5
-35.4444
-44.4444
-53.3333
-57.2778
-48.2222
-30.1667
-10.9444
3.05556
11
14.8889
13.7778
9.66667
4.38889
0.111111
0.5
2.22222
5.61111
7.22222
4.83333
2.66667
5.44444
11.7222
17.5556
18.6111
15.5556
11.1667
2.61111
-4.83333
-14
-20.0556
-22.3333
-27.1667
-30.1111
-35.6667
-41.5556
-45.6111
-41.5556
-27.2222
-11.2222
-1.94444
3.5
8.66667
12.3333
11.7222
5.88889
-1.38889
-0.444444
1.77778
4.38889
4.66667
2.55556
2.22222
6.66667
12.3333
14.7222
11.9444
6.66667
4.16667
0.833333
-3.66667
-8.05556
-8.88889
-7.77778
-11.1111
-12.2778
-9.22222
-5.5
-3.27778
-2.38889
2.61111
9.16667
8.61111
5.5
5.27778
9.83333
12.3889
7.27778
-2.11111
-0.944444
1.5
3.16667
2.72222
1.33333
2.72222
7.55556
10.7222
8.94444
2.83333
-2.33333
-3.11111
-4.72222
-8.55556
-8.5
-4.88889
-1.94444
-3.38889
-1.66667
7.83333
16.9444
23.2778
23.9444
23.7778
23.4444
18.5
11.8333
7.83333
9.72222
11.2222
7.72222
-1.83333
-0.5
1.88889
2.66667
1.66667
0.944444
2.94444
6.61111
6.38889
0.611111
-6.16667
-10.0556
-14.2222
-19.7222
-25.9444
-24.1111
-18.5
-15.6667
-11.8889
-5.38889
6.61111
16.4444
22.1111
22.7222
21.2222
19.5
17.1111
12.8333
9.33333
9.55556
9.27778
7
-0.5
0.555556
2.38889
2.5
1.27778
1
2.44444
4.33333
1.05556
-6.66667
-11.4444
-12.3889
-16.7222
-26.1111
-34
-32.8889
-29.6667
-29.6667
-25.6667
-16.2778
-4.22222
4.16667
7.05556
8
8.33333
7.77778
8.72222
8.44444
8.27778
7.72222
5.72222
4.44444
0.722222
1.5
2.66667
2.66667
1.55556
1.22222
1.5
1.05556
-3.94444
-11.1667
-11.2778
-6
-5.83333
-12.3889
-18.5556
-19.8333
-22.3333
-28.5
-28.5556
-20.8333
-10.3333
-2.11111
0.388889
1.22222
2
1.55556
2.38889
3.05556
4
3.55556
1.72222
0.611111
1.27778
1.66667
1.94444
2.05556
1.55556
1.11111
0.166667
-2.16667
-7.11111
-12
-7.61111
2.83333
11.4444
13.7778
11.2778
8.83333
1
-10.1667
-17.8889
-17.5
-10.1667
-3.94444
-1.88889
-0.722222
0.166667
-0.944444
-2.11111
-1.88889
-0.444444
-1.16667
-2.66667
-3.61111
0.722222
0.666667
0.333333
0.722222
1.22222
0.888889
-0.722222
-4.11111
-8
-10.4444
-6.38889
3.72222
13.0556
19.7222
21.6111
19.9444
12.6111
2.22222
-5.88889
-9.77778
-8.38889
-6.94444
-6.33333
-5.05556
-3.72222
-4.72222
-6.83333
-6.33333
-4.33333
-5.05556
-6.5
-7
-0.0555556
-0.833333
-2.05556
-1.72222
-0.388889
-0.277778
-1.94444
-5.22222
-7.33333
-8.16667
-8.94444
-8.44444
-6.44444
-1.94444
1.94444
3.72222
4.22222
4.05556
2.05556
-2.94444
-9.44444
-16.5
-20.1667
-19.3889
-16.5
-15.0556
-14.0556
-10.6667
-7.77778
-8.33333
-10
-9.27778
-0.833333
-2.16667
-3.94444
-4.11111
-2.33333
-1.44444
-2.66667
-5.05556
-5.55556
-4.55556
-10.1667
-19.1111
-25.6667
-25.3889
-19.0556
-14.0556
-5.88889
4.55556
10.2222
5
-10.4444
-24.7222
-30.3333
-29.3889
-25.6111
-22.1111
-16.8333
-10.5556
-8.44444
-10.5
-12.7778
-9.83333
-1.16667
-2.72222
-5.22222
-6.22222
-4.77778
-3
-3.33333
-5.44444
-4.44444
-0.555556
-3.5
-13.1667
-17.8889
-13.8889
-5.05556
1.22222
10.3333
23.6111
30.0556
23.6111
5.16667
-9
-13.3333
-13.5
-14.8333
-15.8889
-11
-7.11111
-8.94444
-13.1667
-14.5
-9.11111
-1.05556
-2.33333
-4.88889
-7.11111
-6.38889
-3.77778
-3.05556
-5.05556
-4.38889
0.833333
3.83333
3.33333
7.72222
19
31.5
37.0556
40
45.8889
48.3889
42.9444
31.2778
26.5
27.3333
23.3889
12.1111
1.11111
-2.77778
-6
-11.8333
-16.0556
-14.4444
-7.44444
-0.277778
-1.16667
-3.55556
-7
-8.05556
-5.16667
-3.11111
-5.22222
-6
-2.11111
4.77778
11.5
21.9444
37.2778
49.8333
54.5
53.3333
52.0556
52.0556
51.5
51.6111
56.3889
58.2222
48.6667
27.7222
8.22222
-3.83333
-12.1111
-17.3889
-18.0556
-12.3889
-5.83333
0
-0.5
-2.22222
-6.38889
-9.27778
-7.5
-4.44444
-4.66667
-6.83333
-7.27778
-5.61111
-3.77778
-0.555556
6.66667
14.2222
19.3333
21.5556
22.7222
25.3889
28.5556
34.3333
38.8333
36.3889
23.2778
4.44444
-9.88889
-19.2778
-22.5
-21.3889
-16.5
-9.22222
-5.38889
-0.5
-0.666667
-1.72222
-5.55556
-10.1111
-10.6667
-7.83333
-5.66667
-6.72222
-9.44444
-12.6111
-18.8889
-27
-33
-35.6667
-34
-30.0556
-25.5556
-20.2778
-16.3333
-12.6111
-12.9444
-18.5556
-26.4444
-33.3333
-34.4444
-31.6111
-25.9444
-18.7222
-12.2222
-7.38889
-6.61111
-1.44444
-1.38889
-1.88889
-4.55556
-9.16667
-12.6111
-12
-8.55556
-7.05556
-8.83333
-13.6667
-23.1111
-37.9444
-54.5556
-67.7778
-74.0556
-74.5556
-71.8333
-67.7222
-65.5556
-64.5556
-66.3333
-67.5556
-64
-55.5556
-43.1667
-30.6111
-19.6667
-12
-8.5
-7.83333
-9.22222
-1.16667
-1.05556
-1.44444
-3
-6.77778
-11.8333
-14.7222
-13.5
-10.7778
-9.22222
-9.5
-12.5556
-22.1667
-38.5
-55.4444
-70.1111
-80.4444
-87.1667
-89.1111
-88.1667
-86.2778
-81.7778
-73
-59.2222
-43.2778
-28.4444
-16.6667
-9.83333
-7.77778
-8.55556
-10.5
-11.1667
-0.166667
-0.166667
-0.666667
-1.66667
-4.22222
-8.94444
-14.1667
-17.0556
-16.3333
-13.5
-10.5556
-7.05556
-6.72222
-12.4444
-22.4444
-36
-48.6667
-59.5556
-65.7222
-65.9444
-62.2222
-53.8889
-41.4444
-28.2778
-16.6667
-9.38889
-6.77778
-7.27778
-10.1111
-12.0556
-12.6667
-11.1667
0.777778
0.666667
0
-0.777778
-2.27778
-5.44444
-10.8333
-16.4444
-19.2778
-18.6667
-16.0556
-11.3889
-4.61111
-0.555556
0.611111
-3.5
-9.55556
-15.8889
-21.4444
-22.0556
-20.1667
-15
-8.5
-4.72222
-3.11111
-4.83333
-8.72222
-12.6111
-15.5556
-14.7778
-12.3333
-8.55556
0.333333
0.166667
-0.444444
-1
-1.72222
-3.11111
-6.61111
-11.6111
-16.2778
-19.4444
-20.7222
-20.1111
-14.6111
-7.66667
-0.888889
3.88889
6.22222
7.33333
5.38889
4.38889
3.44444
2.5
0.444444
-3.55556
-8.16667
-13.2222
-17.0556
-18.7778
-17.5
-13.7778
-9.22222
-5.11111
-0.5
-0.666667
-1.16667
-1.33333
-1.33333
-1.77778
-3.33333
-5.94444
-9.66667
-14.6111
-19.3333
-23.7222
-24.9444
-24
-20.8333
-15.2778
-10.1667
-5.38889
-4
-4.5
-7.05556
-11.3333
-16.3889
-20.5
-23
-23.3889
-21.2778
-17.8333
-13
-8.66667
-4.77778
-2.16667
0.277778
0.777778
1
0.222222
-0.444444
-0.111111
0.777778
1.66667
1.38889
0.777778
0.555556
1.83333
4.66667
6.94444
7.88889
6.61111
5.61111
5
4.27778
2.38889
-1.16667
-3.55556
-5.83333
-6.5
-7.5
-7.11111
-5.66667
-3.44444
-1.16667
0.444444
1.33333
1.44444
0.166667
0.666667
0.888889
0.388889
-0.277778
-0.111111
0.722222
1.66667
1.88889
2.27778
3.77778
6.72222
9.88889
10.6111
9.38889
5.55556
3.38889
1.61111
1.77778
1.11111
-0.388889
-1.05556
-2.22222
-3.27778
-6.33333
-9.5
-10.5
-9.55556
-5.77778
-2.33333
0.388889
1.22222
0.222222
0.666667
0.944444
0.722222
-0.111111
-0.166667
0.388889
1.88889
3.66667
6.5
9.38889
11.5
11.2222
8.5
5.55556
2.22222
1.61111
0.444444
1.16667
0.555556
-0.333333
-0.555556
-0.888889
-0.944444
-3
-6.16667
-9
-11.5
-10.8333
-7.83333
-3.44444
-0.388889
0.333333
0.888889
1.27778
1.27778
0.333333
0.0555556
0.833333
3.88889
7.77778
11.6667
12.8889
11.6667
8.5
5
2.94444
1.16667
1.66667
1
1.61111
0.722222
-0.611111
-1.11111
-1.44444
-0.777778
-1.83333
-3.16667
-5.27778
-9.11111
-12.3333
-12.7222
-8.66667
-3.88889
0.277778
1
1.5
1.61111
0.888889
1.11111
3.22222
8.16667
12.7222
14.8333
12.3333
8.61111
5.27778
4.11111
5.16667
6.27778
8.61111
7.55556
6.27778
1.44444
-3.38889
-7.27778
-8.5
-7.22222
-5.61111
-4.05556
-3.38889
-5.83333
-10
-13.6111
-12.7778
-8.83333
0.111111
1.16667
1.83333
2.16667
1.72222
3.16667
7.27778
13.3333
16.3889
14.8333
9.77778
6.27778
6.22222
9.27778
13.3889
15.0556
14.8333
10.4444
6.44444
0.777778
-3.66667
-8.77778
-12.7778
-15.2778
-14.6667
-11.0556
-6.66667
-4.83333
-7.05556
-11.4444
-14.5
-13.5
0.277778
1.16667
1.88889
2.61111
3.44444
7.05556
12.6111
17.6667
17.0556
12.6667
7.77778
7.61111
11.3333
16.4444
20.1111
19.5556
17.1667
11.2778
6.83333
1
-3.22222
-8.72222
-14.1667
-19.5
-21.7778
-19.3889
-13.5
-8
-6.16667
-8.77778
-13.5
-16.1667
0.388889
1.11111
1.83333
3.55556
6.5
12.2222
17.7222
19.8333
15.6667
9.83333
7.22222
11.1111
17.5
23.0556
24.3889
23.5
21
16.9444
11.0556
3
-4.83333
-12.6111
-19
-24.9444
-28.1111
-27.0556
-21
-12.6111
-7.11111
-6.55556
-11.6111
-16.6111
0.666667
1.11111
1.77778
4.66667
10.1111
17.5
21.8333
19.8889
12.5
6.94444
8.83333
16.8333
23.6667
26.3889
25.2778
26.7222
27
24.6667
14.7222
0.333333
-13.3333
-23.2222
-26.2778
-25.9444
-25.1667
-25.7778
-25.9444
-19.7778
-10.9444
-4.44444
-7.27778
-14.7222
0.722222
1.16667
2.22222
6.66667
14.4444
22.4444
23.8333
17.0556
8.11111
6.72222
15.1111
25.8333
28.9444
25.7222
24.1111
29.8333
35.3889
30.2778
12.6667
-9.83333
-25.8333
-32.5556
-30.6667
-24.3333
-19.2778
-19.9444
-26
-26.5
-17.7778
-5.27778
-2.88889
-10.4444
0.777778
1.33333
3.22222
9.55556
19
26.1111
23
12.1667
5.05556
11.2778
26.3889
35.5556
30.7222
20.8889
20.1111
30.2222
36.9444
26.5556
2.38889
-20.5556
-29.7778
-27.1111
-21.7222
-17.8889
-16.9444
-18.7222
-26.2778
-30.6667
-26
-10.7778
-1.88889
-5.38889
0.777778
1.61111
4.55556
12.6111
23.2222
27.9444
20
7.22222
5.5
20.6667
38.3889
40.6667
25.5
10.7222
13.1667
27.2222
35.0556
20.2222
-7.38889
-29.1111
-30.7778
-19.3333
-10.0556
-8.22222
-10.2222
-12.6667
-21.6111
-31.8333
-34.7778
-20.6667
-5.38889
-1.77778
0.611111
2.33333
6.77778
16.3889
26.5556
27.2222
15.2222
3.66667
10.2222
31.9444
46.7222
37.2222
11.9444
-3.05556
6.88889
28.3889
37.1111
18
-14.5556
-35.9444
-32
-14.5
-3.61111
-3.94444
-5.05556
-2.72222
-8.83333
-24.7222
-39.5
-31.8333
-13.2778
-1.05556
0.444444
3.16667
9.38889
19.9444
28.5
24.8889
10.5
2.88889
17.0556
41.5
47.8333
25
-7
-16.7222
4.66667
34.2778
43.2222
18.9444
-19.1667
-40.5556
-30.9444
-8.05556
1.38889
-4.38889
-6
4.66667
6.05556
-12.3889
-39.1667
-41.1667
-22.1111
-2.83333
0.0555556
3.72222
11.8889
23.3333
30
22.2778
6.61111
3.61111
23.5
46.6111
42.3889
10.0556
-21.6667
-22.8333
7.5
39.3333
47.1667
18.6667
-20.4444
-38.1667
-20.2778
7.66667
11
-8.5
-18.1111
-1.94444
12.6667
-1.61111
-35.7778
-48.2222
-30.9444
-5.88889
0.277778
4.44444
13.8333
25.5
30.2778
19.5556
3.88889
5
27.7222
46.6667
34.8889
0.611111
-23.3889
-17
11.5556
35.3333
37.7778
13.5556
-17.3333
-26.6111
-3.55556
23.7222
19.3889
-13.3333
-31
-12.5556
12.2778
4.22222
-33.0556
-52.7222
-38.0556
-9.33333
0.722222
5.27778
15.2222
26.8889
30.1111
17.4444
1.94444
5.61111
28.7222
43.6111
28.0556
-1.77778
-15.8333
-5.61111
12.6667
23.7222
22
7.61111
-12.2222
-14.6111
8.33333
31.7778
21.6111
-16
-34.8889
-14.2222
13.3889
5.61111
-33.4444
-56.1111
-42.0556
-12.0556
1.16667
5.77778
15.7222
27.5
30
16.6667
0.833333
4.83333
26.3333
37.8889
22.9444
0.722222
-4.33333
4.44444
9.38889
9.5
8.33333
5.61111
-5.11111
-4.72222
15.0556
34.6111
20.6667
-18.2778
-36.1667
-13.2778
15.4444
6
-34.1111
-57.6111
-42.8889
-13.0556
1.38889
5.66667
15.4444
27.3889
30.3333
17.1111
0.5
2.66667
21.3333
31.2222
19.1667
5.27778
5.5
10.1667
3.16667
-2.83333
-0.0555556
6.88889
2.22222
2.22222
17.9444
32.9444
17.3333
-19.2778
-32.8333
-8.16667
17.1667
3.55556
-36.5556
-56.8333
-40.2778
-12.3333
1.5
5.16667
14.1667
26.3889
30.7222
18.8333
1.05556
-0.333333
15.1111
25.6111
17.9444
8.66667
9.22222
10.3889
0.0555556
-5.16667
2.22222
12.3889
6.27778
-0.5
8.22222
21.1667
11.5
-14.2778
-20.1667
2.16667
18.1667
-2.22222
-40.1111
-54
-34.8889
-10.2778
1.61111
4.5
12.2778
24.5556
31
21.7778
3.33333
-2.61111
8.88889
21.3333
19.8333
14.5556
14.5556
13.7222
4.05556
-0.388889
5.77778
13.1111
2.33333
-9.77778
-7.44444
6.16667
6
-5.27778
-4.5
10.5556
13.6111
-12.6667
-43.7778
-48.5
-27.2222
-7.94444
1.5
3.72222
10.2222
22.2222
30.7778
25.1111
7.11111
-3.77778
3
17.6667
25.2778
26.6111
25.2222
19.7778
7.83333
3.44444
7.44444
11.5
-1.05556
-14.3889
-15.7222
-3.88889
0.444444
-0.944444
1.38889
7.77778
-0.444444
-25.5556
-45.1667
-39.6111
-18.7222
-6.55556
1.05556
2.66667
7.88889
19.1111
29.6111
28
12.1667
-2.72222
-1.72222
12.1667
25.5
32.1111
31.2778
25
15.1667
12.2778
14.7778
13.7778
-1.5
-17.2778
-21.2778
-11.5
-4.55556
-2.61111
-1.88889
-2.88889
-14.3333
-32.7778
-40.7222
-29.0556
-12.1111
-6.77778
0.611111
1.72222
5.88889
15.5556
26.7222
29.0556
17.6667
1.77778
-3.33333
6.11111
20.3333
30.7222
32.7222
30.5
26.2778
25.6111
24.5556
16.7222
-1.83333
-19.5
-26.5
-20.2778
-12.8889
-8.11111
-7.61111
-12.3333
-23.5
-34.3333
-32.8333
-19.2778
-8.05556
-8.72222
0.444444
1.16667
4.11111
11.8333
22.5
28.1667
22.3333
8.44444
-0.833333
2.38889
14.0556
24.7778
29.8889
32.8889
35.7778
37.7778
33.4444
20.7222
-0.5
-20.1111
-31.7778
-30.0556
-22.9444
-14.6111
-12.6667
-17.6667
-26.8333
-30.7222
-24.2778
-12.6111
-7.66667
-11.6111
0.5
1
2.94444
8.55556
17.7778
25.1111
24.5
14.8889
4.5
2.11111
9.83333
21.4444
30.6667
35.4444
37.2222
35.2222
28.2778
16.2222
0.611111
-14.1111
-25.3889
-28.1667
-25.5556
-20.2222
-20
-24
-28.0556
-25.3889
-16.8333
-9.22222
-9.38889
-14.1667
0.444444
0.833333
2.11111
5.88889
12.9444
20.5
23.7778
19
9.94444
4.16667
8
18.8889
29.6111
34.4444
31.7778
25.1667
16.6667
9.38889
2.5
-4.44444
-12.3333
-18.8889
-23.2222
-24.6667
-26.8889
-27.6111
-26.0556
-19
-12
-8.83333
-11.8333
-15.2222
0.388889
0.833333
1.55556
3.66667
8.33333
15.0556
20.7222
20.5
14
6.66667
5.05556
11.2222
19.3889
25.1667
24.4444
20.2222
14.1111
8.83333
4.11111
-1.5
-7.38889
-13.8889
-18.5556
-23
-24.7222
-23.7778
-18.4444
-12.1667
-9
-10.1111
-13.6111
-14.2778
0.5
0.833333
1.22222
2
4.44444
9.61111
16.2778
19.8333
16.5556
9.38889
4.44444
6.5
12.6111
18.5556
20
17
11.8889
6.44444
2.83333
-1.27778
-5.33333
-11.2222
-16.1111
-20.1667
-20.1111
-17.2778
-11.7778
-8.5
-8.55556
-11.3889
-13.1111
-11.3889
0.555556
0.777778
0.888889
1.11111
2.27778
5.55556
11.0556
16.1111
16.6111
12.2222
6.16667
4.05556
6.5
10.8889
13.9444
13.2778
11.2222
6.66667
2.77778
-2.5
-6.61111
-11.3333
-13.6111
-14.3889
-11.7778
-9.16667
-6.94444
-7.72222
-10
-11.8889
-11
-7.44444
0.444444
0.611111
0.555556
0.444444
0.944444
3
6.61111
11.2778
13.9444
13.4444
9.16667
5.66667
4.5
5.11111
6.33333
5.66667
6.11111
3.44444
1.16667
-3.05556
-5
-6.5
-5.77778
-5.33333
-4.27778
-5.66667
-7.05556
-9.77778
-10.7222
-10.1111
-7.11111
-3.55556
0.277778
0.333333
0.166667
-0.111111
0.222222
1.77778
3.88889
6.61111
9.11111
11.1667
10.7778
9.16667
7.27778
5.66667
4.83333
2.72222
2.38889
-0.0555556
-1.33333
-3.38889
-3.16667
-2.55556
-1.38889
-1.83333
-3.22222
-6.94444
-9.38889
-10.8333
-9.22222
-6.44444
-3.11111
-0.944444
-0.21875
0.0625
0.25
0.21875
0.1875
0.4375
1.5625
3.4375
5.875
8.90625
12.2188
15.4688
19.4063
22.375
24.5
25.7188
26.0938
25.9375
25.5625
25.8438
25.4063
25
24.5625
23
20.5938
17.5938
14.4688
10.8125
7.3125
4.46875
-0.375
-0.1875
-0.09375
0.09375
0.5
1.6875
4.21875
7.375
10.625
14.1875
17.5938
20.2813
23.1563
24.1875
23.5938
21.6875
19.6875
17.875
17.0313
17.5625
17.9375
18.9688
20.6563
22.3125
22.7188
21.5313
19.1875
15.75
12.1563
8.84375
-0.6875
-0.59375
-0.40625
0.34375
1.71875
4.25
7.875
11.6563
14.7813
17.6563
19.25
19.75
20.125
18.7813
16.75
14
11.9063
10
9.5
9.6875
10.0313
11.4688
13.3438
16
17.875
18.7813
18.5
17.375
15.3438
12.6563
-1
-0.9375
-0.53125
1.09375
3.8125
7.46875
11.4688
14.4688
16.0938
17.125
17.3125
17.4063
17.0938
16.7188
16.8125
17.5625
19.5313
21.4375
23.25
22.3125
20.0938
17.6875
15.2813
15.125
15.0625
15.25
14.9063
14.9375
14.9688
14.0625
-1.6875
-1.4375
-0.28125
2.53125
6.34375
10.3438
13.2188
14.3438
14.75
15.4375
16.8125
18.6875
20.2188
23
27.6875
33.9375
40.625
46.125
49.2188
48
44.125
38.0313
30.5938
24.8125
20.6875
18
15.625
13.875
12.9688
12.4375
-1.78125
-0.90625
1.375
5.1875
9.28125
11.9688
12.8125
13
14.125
16.4688
19.5938
23.5938
27.9375
35.625
46.0313
57.25
67.0938
73.9375
77.3125
76
71.9063
63.7813
52.7188
40.9375
30.875
24.25
19.1563
15.3438
12.0625
10.125
-1.125
0.4375
3.71875
7.8125
10.75
11.1875
10.9375
11.9063
15.4375
19.9375
24.1563
29.4375
35.8438
46.5313
58.0313
68.0938
74.6875
78.125
79.5313
77.875
74.9063
68.75
59.3125
47.6875
36.5313
28.6563
23.125
18.875
14.2188
9.6875
-0.125
2.15625
6.125
9.34375
10.125
9.125
9.28125
12.9375
19.2188
24.7813
27.9063
31.0313
37.4375
46.6875
54.4375
57.4688
55.625
51.7813
48.8438
47.9063
47
45.5
42.375
36.2188
30.0625
25.5625
23.25
21.5313
17.5313
11.4063
1.28125
4.28125
8.03125
9.40625
8.4375
7.28125
9.5
16.1563
23.5625
26.9063
25.625
25.6563
29.8438
35.25
36.4375
30.9375
21.4063
13.1875
9.5
8.4375
8.125
9.625
12.25
14.3125
15.2188
15.5
16.5625
19.0625
18.8438
14.0625
2.21875
5.25
8.03125
7.625
5.65625
6.09375
10.9688
18.9375
24.2813
22.7188
17.9063
16.0625
18.625
19.0313
13.125
0.78125
-12.8438
-20.875
-23.5
-24.9688
-27.5625
-25.5625
-19.0938
-9.21875
-0.5
4.28125
7.59375
12.9688
17.6563
16.2813
2.15625
5
6.53125
4.8125
3.40625
6.40625
13.0313
19.9063
20.6875
14.75
9.875
9.15625
11.5625
8.71875
-0.8125
-14.5625
-25.5
-27.9688
-27.0938
-27
-31.1563
-32.625
-26.3125
-13.0938
-0.78125
4.03125
4.46875
7.15625
12.7188
16.125
1.875
4.21875
4.46875
2.4375
2.40625
7.25
13.8438
17.125
13.1875
4.875
0.96875
2.78125
3.5625
-1.5
-11.5
-21.5625
-25.3438
-20.1563
-13.3438
-11.4688
-13.6875
-16.5938
-12.5625
0.21875
11.0938
12.5938
7.71875
5.34375
8.59375
14.2188
1.65625
3.125
2.5625
0.9375
2
7.4375
12.2188
11.125
3.5
-4.53125
-6.46875
-4.90625
-6.40625
-13.0938
-21.2188
-25.625
-22.8125
-13.75
-5
-0.5
0.15625
-1.34375
2.0625
12.1563
20.3125
19.4063
12.1875
6.6875
7.4375
12.625
1.5625
2.53125
1.59375
0.5
2.125
6.65625
8.625
3.78125
-4.375
-9
-8.96875
-8.78125
-13.7188
-21.2813
-26.1875
-25.1875
-19.1563
-11.0313
-3.40625
2.96875
8.125
8.90625
11.9063
18.8438
23.75
21.1875
14
7.40625
5.84375
9.96875
1.84375
2.40625
1.53125
1
2.15625
4.71875
3.71875
-3
-8.8125
-8.96875
-8.1875
-10.4375
-18.7813
-27
-29.25
-25.0313
-19.6875
-16.2813
-11.5938
-5.5
2.71875
7.8125
11.5625
15.625
17.7813
15.5
10.875
6.625
5.28125
6.65625
1.8125
2.15625
1.6875
1.40625
1.625
1.78125
-1.4375
-7.96875
-9.9375
-5.84375
-3.09375
-6.28125
-14.5625
-21.5625
-21.5625
-16.5625
-14.8125
-17.2813
-17.9688
-13.875
-6.46875
0.25
4.65625
6.5625
7.03125
5.65625
4.1875
2.9375
2.96875
2.6875
1.21875
1.59375
1.6875
1.5625
0.8125
-1.0625
-5.28125
-10.1563
-8.59375
-1.5
3.09375
1.96875
-3.75
-7.90625
-6.625
-2.59375
-4.3125
-11.4375
-16.4375
-16.5
-11.7813
-5.78125
-1.8125
-1.625
-2.71875
-3.53125
-3.0625
-2
-0.96875
-2.40625
-0.09375
0.25
0.90625
1
-0.4375
-3.65625
-7.625
-9.875
-7.59375
-2.8125
-0.625
-1.1875
-3.375
-3.28125
-0.59375
1.8125
-0.875
-8.15625
-14.1875
-17.4063
-16.0313
-11.9688
-9.59375
-11.3438
-13.4375
-12.7188
-9.3125
-5.375
-3.84375
-6.90625
-1.96875
-1.875
-0.75
-0.34375
-1.90625
-5.625
-8.71875
-8.6875
-7.03125
-6.78125
-7.96875
-8.53125
-6.3125
-1.5
3
4.84375
2.875
-2.09375
-8.4375
-13.4688
-15.625
-14.9375
-15.0625
-19.5938
-22.6875
-19.9375
-13.1875
-7.34375
-6.625
-10.6875
-3.4375
-3.84375
-2.59375
-1.59375
-2.8125
-6.59375
-8.6875
-6.4375
-4.71875
-6.09375
-8.9375
-8.875
-3.09375
5.46875
11.4375
13.3125
13.375
10.5
4.65625
-1.09375
-5.125
-6.4375
-9.78125
-18.0625
-23.5938
-20.625
-12.4375
-6.90625
-8.59375
-14.1563
-4.40625
-5.625
-4.65625
-2.96875
-3.5
-7.09375
-8.78125
-5.5625
-3.375
-5.28125
-7.84375
-7
0.28125
10.9688
18.8438
21.9688
24.4375
25
20.5625
15.7813
12.125
8.34375
0.78125
-10.875
-18.7188
-17
-9.875
-7.21875
-11.9688
-17.0313
-4.375
-6.71875
-6.5625
-4.3125
-3.71875
-6.65625
-8.78125
-6.5625
-2.84375
-0.34375
2.4375
6.09375
14.0625
24
31.9375
37.4063
42.0625
44.0938
40.3125
36.5313
32.2813
26.75
17
3.15625
-7.15625
-9.125
-7.15625
-9.8125
-16.3438
-19.1875
-3.5625
-6.75
-8.03125
-5.96875
-4.15625
-6.15625
-8.71875
-8.4375
-4.75
1.5625
8.3125
13.5
18.5938
25
31.5938
38.3438
45.125
48.375
46.75
43.5938
39.4375
33.3438
22.5625
10
-0.75
-6.21875
-9.4375
-15.3125
-20.5625
-19.875
-2.78125
-6.375
-9.0625
-8.15625
-5.90625
-6.0625
-8.53125
-11.1875
-11.4375
-8.21875
-3.59375
-1.53125
-2.125
-1.96875
0.8125
6.4375
13.375
18.0625
19.25
17.5938
14.3438
8.40625
0.78125
-5.875
-11.375
-14.7188
-18.4688
-22.6563
-23.3125
-18.0313
-2.25
-5.6875
-9.5
-10.2813
-8.53125
-7.28125
-8.625
-12.5625
-16
-16.4063
-15.5625
-17.5
-23.0313
-29.3125
-32.7813
-31.5313
-27.4063
-23.9688
-21.9375
-22.3438
-24.375
-26.0938
-26.7188
-25.75
-24.7188
-24.375
-25.3438
-25.3438
-21.3438
-14.9375
-1.90625
-4.53125
-8.59375
-11.375
-11.3438
-10
-10.0313
-12.9688
-17.6875
-21.7813
-26.0938
-32.0938
-41.2813
-52
-60.5938
-65.5313
-66.5625
-66.1563
-63.8438
-62.2813
-60.0938
-56.0938
-50.4688
-42.75
-36.0313
-31.0938
-27.8125
-23.4063
-17.5938
-12.375
-1.4375
-3.28125
-6.78125
-10.6875
-13.0938
-12.9375
-12.625
-14.1875
-18.0625
-22.9063
-28.4688
-35.3438
-43.75
-55
-66.0938
-75.375
-81.25
-84.0938
-83.1875
-79.8125
-74.2813
-66.5313
-56.625
-46.1875
-36.9688
-29.9688
-24.7813
-19.3125
-14.6875
-11.4688
-0.96875
-2.15625
-4.75
-8.625
-12.5938
-14.8125
-15.4375
-15.8438
-17.2813
-19.7188
-22.5
-26.25
-30.3125
-37
-45.5938
-54.4375
-61.3438
-65.375
-66.3438
-63.5313
-58.1563
-50.375
-41.75
-34
-27.625
-23.0938
-19.125
-15.3438
-13.0313
-12.0313
-0.5625
-1.28125
-2.9375
-6.0625
-10.2813
-14.125
-16.5625
-17.3438
-17.6563
-18.4063
-19.1875
-20.5313
-20.9688
-22.75
-26.25
-31.4063
-36.375
-39.7188
-40.9063
-38.7188
-34.9375
-30.7188
-26.7813
-23.5313
-20.9375
-18.7188
-16.6563
-14.8438
-14.0313
-12.75
-0.53125
-1.03125
-1.96875
-3.84375
-7.25
-11.1875
-14.7188
-17.2188
-18.625
-19.6563
-19.4063
-19.1563
-17.625
-16.0313
-15.4688
-15.9063
-17.1563
-17.875
-19
-18.6563
-18.4063
-18.6563
-18.75
-18.9688
-18.5938
-18.0625
-17.0625
-15.9063
-14.2813
-11.7813
0.90625
1.125
0.4375
0.28125
0.5
0.875
2.6875
4.6875
6.75
9.21875
10.4688
9.78125
8.59375
5.625
2.9375
2.21875
0.78125
1.0625
0.75
-0.03125
-0.09375
-1.4375
-1.875
-3.9375
-6.59375
-8.09375
-9.90625
-8.9375
-6.375
-3.90625
0.9375
1.125
0.59375
0.53125
0.9375
2.3125
5.34375
8.3125
10.5625
11.6875
10.6563
8.09375
6.03125
3.3125
1.78125
2.125
1.1875
1.625
1.03125
-0.1875
-0.4375
-1.71875
-1.71875
-2.5625
-4.28125
-5.96875
-8.6875
-10.1875
-9.78125
-7.71875
0.9375
1.15625
0.96875
1.28125
2.40625
5
8.6875
11.5938
12.6563
11.5313
9
6.375
5.8125
5.65625
6.75
8.4375
7.21875
5.875
1.9375
-2.8125
-5.78125
-8.21875
-7.59375
-6.3125
-5.375
-5.03125
-7
-9.375
-10.9063
-10.6563
1.3125
1.6875
1.84375
2.84375
4.9375
8.28125
12.0313
13.7188
12.9063
10.6875
8.6875
8.78125
11.5938
14.2813
16.3125
16.625
13.2188
9
2.5625
-4.75
-10.7188
-15.625
-17.0313
-15.6875
-12.625
-9.125
-7.84375
-8.75
-10.4688
-11.9375
1.4375
2.0625
2.96875
5.28125
8.40625
12.0938
14.9688
14.7188
12.9375
11.5625
12.4375
16.125
21.4063
24.3125
24.125
21.375
15.0625
9.0625
2.15625
-5
-11.5625
-18.4688
-22.9063
-25
-23.375
-18.5
-13.9375
-11
-10.5938
-12.1875
1.46875
2.59375
4.6875
8.3125
12.3438
15.5938
17
15.625
14.125
15.4063
19.1563
24.2813
28.8125
28.75
25.7188
21
14.0938
8.1875
1.8125
-4.4375
-10.2813
-17.3438
-23.4688
-28.625
-30.6875
-27.3125
-21.9688
-16.2813
-12.75
-13.1875
1.8125
3.375
6.59375
11.375
15.8125
18.375
18.5625
16.9063
17
20.3125
23.7188
26.6875
27.2188
24.5938
23.4063
21.0313
16.4375
9.75
-0.46875
-9.9375
-16.6563
-20
-21.5625
-23.0625
-25.0313
-26.0313
-24.0625
-20.0625
-16.0938
-14.75
2.125
4.59375
9.125
14.7813
19.1875
20.75
19.9063
18.75
20.0313
23.5313
25.2813
24.7813
23.6875
22.9375
25.75
27.2188
21.75
10.1563
-6.03125
-20.1563
-27.3125
-26.8125
-22.875
-19.1563
-18
-20.3125
-21.5
-20.1563
-17.7188
-16.0938
2.53125
6.21875
12.0938
18.3438
22.5
22.7188
20.8125
20.2188
22.375
25.6563
26.3125
24.4688
23.7188
26.125
31.9375
33.5625
24.7188
8.3125
-11.0625
-25.625
-31
-29.375
-25.5625
-21.6875
-20.2813
-21.75
-21.9375
-20.5
-17.7813
-15.9375
3.28125
8.25
15.2188
21.625
25.0313
23.6563
20.8438
21.4375
24.9063
28.4688
29.0313
26.1875
26.1875
31.1563
37.5
37.4688
24.4063
4.1875
-15.3125
-27.9063
-30.5
-28.1875
-26.5313
-24.4688
-24.4375
-26.1563
-25.7813
-23.8438
-19.6563
-16.4688
4.40625
10.6875
18.5313
24.5
26.3438
23.2188
20.3438
22.9688
28.4375
32.5625
32
27.4063
27.0625
32.9063
38.3125
35.25
18.375
-3.65625
-20.1563
-26.8125
-24.0313
-20.625
-21.3125
-22.4688
-25.6563
-28.8438
-29.7188
-29.2188
-24.2813
-18.8125
5.5625
13.0938
21.5938
26.625
26.5313
22.25
19.9688
25.1875
32.5625
35.3125
30.9688
22.0938
19.75
26.6875
34.125
32
14.9688
-7.15625
-21.8438
-24.4063
-17.5
-12.2188
-12.75
-14.9063
-19.9688
-25.6563
-30.4688
-33.9688
-30.7813
-23.2813
6.90625
15.5625
24.1875
27.75
25.625
20.6875
19.8438
27.75
35.875
35.3438
24.7188
10.4063
6.59375
16.2188
29.5938
32.1875
17
-4.5
-19.4375
-21.625
-13.5938
-7.71875
-7.375
-7.15625
-10.4375
-16.7813
-25.6875
-35.75
-36.875
-29.125
8.3125
17.6563
25.9063
28
24
19.2188
20.125
29.6563
38.0625
33.875
19.0938
2.53125
-1.96875
9.78125
25.4375
29.4375
15.6563
-4.09375
-17.0938
-17.4688
-9.1875
-4.65625
-5.03125
-3.28125
-3.0625
-7.5625
-18.5
-34.2813
-40.7813
-34.2813
9.53125
19.5938
27.5313
28.125
22.7813
18.0313
20.0313
30.4375
38.3125
32.4063
17.25
1.75
-1.90625
9
21.3125
22.5938
9.375
-5.71875
-11.7813
-7.0625
1.71875
0.875
-5.75
-7.1875
-5.96875
-6
-15.1875
-33.25
-42.9688
-38.4063
10.5625
20.9063
28.4375
28.0313
21.875
17.0938
19.375
29.0938
36.4375
30.4688
17.0313
5.53125
1.625
9.4375
17.125
13.9375
3.9375
-4.28125
-3.09375
6.4375
13.5313
6
-8.09375
-13.625
-12.7188
-9.28125
-15.3125
-33.75
-44.5938
-41
11.1563
21.5938
29
28.1875
21.3125
16.3125
17.7188
25.7813
32.2813
27.3125
16.5313
8.46875
5.125
9.28125
13.3125
8.84375
1.5
-1.75
3.25
12.9375
17.4063
7.59375
-8.375
-14.1875
-12.2188
-9.09375
-15.8125
-34.5625
-46.2188
-42.4688
11.0938
21.5
29.0938
28.4375
21.4375
15.5938
15.4375
21.625
26.9688
22.6875
13.1875
6.6875
4
8.21875
14.1563
11.875
6.75
2.84375
3.375
9.03125
11.8438
4.53125
-5.59375
-7.84375
-5.875
-5.21875
-15.5625
-35.1875
-46.2813
-42.0313
10.4063
20.5625
28.5625
28.7813
22.2813
15.625
13.2188
17.4375
22.7188
19.9688
12.9063
7.46875
4.4375
8.6875
15.5625
15.6563
11.3125
4.71875
0.1875
1.09375
3.6875
1.6875
-1.1875
-0.34375
0.0625
-4.125
-18.5625
-36.8438
-45.4375
-39.875
9.375
19.0313
27.4688
28.9688
23.5
15.8438
11.125
13.9375
21.3438
24.5938
23.375
19.9375
13.7188
11.1563
12.6875
11.4375
8.0625
3.3125
-1.84375
-2.78125
-0.75
-1
-1.15625
-0.9375
-3.40625
-11.0625
-25.375
-38.9063
-42.9688
-35.7188
8.09375
17
25.9063
28.8438
24.875
16.7813
9.71875
10.8125
19.4375
28.2188
33.8438
34.125
26.4688
18.2188
12.9688
7.59375
3.75
-0.1875
-4.5
-5.90625
-4.625
-4.96875
-5.78125
-7.125
-11.9688
-19.625
-30.3125
-38.3438
-37.9688
-30.8438
6.6875
14.7188
23.625
28.125
26.1563
18.5313
10.1563
8.8125
15.9688
26.9063
36.6875
40.8438
36.125
27.875
20.1875
12.0313
5.125
-1.59375
-7.875
-11.2188
-11.4688
-12.1875
-13.0625
-14.9063
-19.4063
-25.125
-31.9688
-35.125
-32.3438
-26.375
5.25
12.25
20.7813
26.6563
26.9063
20.7813
12.3438
8.75
12.375
21.375
31.5625
38.25
38.8438
36
31.1563
23.0938
12.625
0.1875
-11.6875
-19.4063
-21.8125
-21.6563
-20.125
-19.5625
-21.6875
-25.3438
-29.75
-30.6875
-27.4375
-23.0625
4.03125
9.875
17.75
24.2813
26.3438
22.5625
15.2813
10.75
11.0625
16.2188
23.9063
30.3438
34.9375
37.3438
36.9375
31.1875
18.8125
2.1875
-14.4375
-25.7813
-29.0313
-26.4688
-21.4688
-18.375
-19.3125
-22.9063
-26.9688
-27.0938
-24
-20.7188
2.875
7.4375
14.375
21.0938
24.7188
23.2813
18
13.6875
12.25
14.4063
19.5625
24.875
30.2813
35.375
36.7188
31.7813
19.7188
2.03125
-15.6875
-27.0938
-29.875
-25.9688
-19.1563
-16
-17.9063
-22.25
-26.2188
-25.4063
-21.9063
-18.8125
2.09375
5.34375
10.9688
17.375
21.9688
22.5
19.1563
15.7188
14.6875
17.4688
22.8438
27.4688
30.7188
31.4375
29.0313
23.2813
13.25
0.78125
-11.5938
-20.0938
-22.9063
-21.8438
-19.2813
-19.875
-23.3438
-26.3438
-27.25
-23.7813
-19.1563
-16.5
1.5625
3.59375
7.71875
13.375
18.3438
20.375
18.875
16.0625
15.375
19.5313
26.2188
31.7188
33.5
29.1875
22.1563
14.4375
7
1.28125
-4.625
-9.9375
-14.9063
-20.2188
-24.8125
-29
-31.4688
-29.7813
-25.2188
-19.6875
-15.1875
-13.7813
1.15625
2.28125
5
9.625
14.4688
17.8125
17.875
15.1563
12.7188
13.9063
19.1875
25.1875
29.5625
28.625
22.9688
16.125
8.65625
2.5625
-2.78125
-8.65625
-14.7188
-21.5
-27
-29.4375
-28.8125
-23.7188
-18.0625
-14.1563
-11.8438
-12.1563
0.875
1.40625
2.875
6.3125
10.7188
14.875
16.75
14.9063
11.4063
9.40625
11.25
15.5313
20.7813
23.125
20.75
16.2188
9.4375
2.65625
-3.53125
-9.65625
-15.125
-19.7188
-21.9688
-21.6563
-19
-14.7813
-11.9063
-10.6563
-10.5313
-10.875
0.65625
0.84375
1.65625
3.78125
7.25
11.375
14.2813
14.3438
11.6875
8.34375
6.96875
7.78125
11.125
13.9688
14.3438
12.7813
8.03125
2.25
-3.6875
-9.09375
-12.4688
-14.0313
-13.5625
-11.6563
-9.90625
-8.5625
-8.625
-9.59375
-9.84375
-9.28125
1
0.833333
0.583333
0.125
-0.166667
-0.333333
-0.125
0.0416667
0.0833333
0.208333
-0.125
-1.08333
-3
-5.375
-8
-10.5833
-12.7917
-14.5417
-15.25
-15.2917
-14.7917
-14.1667
-12.8333
-10.9167
-8.875
-6.5
-4.29167
-2.16667
-0.791667
-0.125
0.166667
0.125
0.208333
0.541667
0.583333
0.541667
0.5
0.5
0.333333
0.0833333
-0.333333
-1.54167
-3.625
-6.16667
-8.91667
-11.0417
-12.75
-12.375
-10.4167
-6.75
-3.25
-1.29167
-1.16667
-3.29167
-6.20833
-9.41667
-11.75
-11.7917
-9.95833
-7.33333
-4.58333
-2.58333
-0.958333
-0.541667
-0.583333
-0.5
-0.458333
-0.291667
-0.0416667
-0.0416667
-0.25
-0.625
-2.04167
-4.79167
-7.33333
-8.91667
-8.08333
-5.125
-0.583333
6.33333
13.4167
20.5417
24.5417
25.9167
25.5833
22.9583
18.0417
11.2917
4.375
-1.66667
-5.375
-7.625
-7.66667
-6.25
-3.79167
-1.625
-0.125
-0.25
-0.333333
-0.333333
-0.166667
-0.333333
-0.791667
-2.20833
-4.45833
-5.91667
-5.16667
-2.16667
3.45833
10.1667
17.875
23.0833
25.1667
24.5417
21.75
19.75
18.875
20.75
22.7917
23.1667
21.7083
15.75
8.95833
2.41667
-2.875
-5.41667
-6.125
-3.33333
0.75
0.916667
1
0.958333
0.625
0.0416667
-1.54167
-4.04167
-4.45833
-1.70833
2.70833
7.91667
12.2083
14.625
14.4583
8.41667
-0.291667
-10.3333
-17.625
-20.5833
-20.9583
-16
-7.79167
1.25
9.91667
14.125
13.4583
10.25
5.66667
1.58333
-2.79167
-4.20833
0.625
0.666667
0.875
0.791667
0
-1.375
-3.29167
-3.54167
-0.666667
3.625
6.875
8.58333
6.95833
0.708333
-9.79167
-22.25
-33.5
-42.6667
-47.5
-48.7083
-48
-44.5
-38.0833
-29.1667
-18.2917
-5.70833
3.29167
6.70833
7.5
6.5
3.58333
-1.58333
-0.125
-0.375
-0.416667
-0.666667
-1.58333
-3.25
-3.20833
0.0833333
3.29167
4.45833
3.25
-0.0833333
-7.29167
-17.7917
-27.875
-33.8333
-35.125
-33.1667
-29.5
-27.5
-27.4583
-30.0833
-32.875
-33.2917
-31.2083
-23.4583
-12.5417
-3.5
1.83333
4.04167
5.125
2.58333
-0.625
-0.583333
-0.708333
-1.33333
-2.29167
-2.5
-0.166667
2.95833
3.45833
1.16667
-2.70833
-8.75
-15.5833
-19.4167
-18.5
-12.0833
-2.08333
9.5
18.75
22.1667
21.2917
14.0417
3.04167
-6.875
-15.5417
-20.0417
-19.0417
-11.75
-4.54167
-0.875
2.41667
4.125
-1.16667
-0.958333
-1.04167
-1.91667
-2.375
-0.25
2.45833
3
1
-2.25
-5.66667
-9
-6.45833
1.04167
11.9167
23.75
34.125
42.0833
44.5417
46
47.4583
47.7917
43.5833
34.4167
23.2083
10.375
-1.16667
-7.20833
-6.70833
-3.75
-0.791667
2.29167
-0.958333
-1
-1.375
-1.75
-1.08333
1.5
3.125
1.79167
-0.916667
-3.29167
-3.83333
-0.25
8.58333
19.5417
28.9167
35.75
38.5833
37.125
34
34.6667
40.4167
50.0417
58.5417
56.9167
48.7917
36
21.9167
7.875
-2.08333
-3.75
-2.95833
-0.666667
0.583333
0.375
-0.0416667
-0.0416667
1.125
2.20833
2.04167
-0.125
-2.04167
-2.41667
0.458333
6.375
9.95833
14
13.875
13
9.75
5.375
5.79167
5.33333
7.66667
10.3333
15.7917
20.4167
19.375
17
15.2917
12.7083
6.41667
0.208333
-2.375
-1.54167
1.45833
1.125
0.875
1.04167
2
1.875
0.333333
-1.45833
-1.83333
0.0833333
3.58333
5.91667
3.33333
-1.375
-5.58333
-9.45833
-13.4583
-16.25
-15.5833
-17.9167
-25.8333
-35.5417
-42.0417
-37.8333
-29.75
-20.75
-9.33333
0.791667
6.45833
3.625
-0.541667
-0.75
0.791667
0.5
0.166667
0.916667
1.58333
1.16667
-0.291667
-0.958333
0.333333
3.33333
5.625
5.25
2.29167
-2.875
-4.33333
-7.58333
-10.5417
-12.125
-13.7083
-14.7917
-22.625
-30.4167
-37.125
-37.4167
-30
-22
-14.4583
-8.29167
-2.20833
0.916667
0.333333
-0.666667
0.125
-0.0416667
-0.208333
0.583333
0.958333
0.458333
-0.375
0.0416667
2.375
5.375
6.875
6.20833
6.875
8.16667
9.58333
7.04167
4.16667
3.625
1.45833
0.291667
-0.25
0.625
1.54167
0.875
1.16667
2.125
-0.875
-3.41667
-4
-1.79167
0.833333
-0.375
-0.5
-0.5
-0.208333
0.208333
0.458333
-0.0833333
-0.125
1
3.45833
5.83333
6
5.66667
10.125
16.3333
19
18.5
17.7083
18
13.9583
9.08333
8.83333
10.6667
13.7083
14.2917
12.75
11.4167
7.29167
3.54167
0.708333
0.458333
1.83333
1.08333
-1.29167
-0.958333
-0.458333
-0.125
0
-0.125
0.708333
2.16667
4.04167
4.79167
2.25
-0.333333
-0.291667
2.33333
2.79167
4.75
8.25
10.9583
10.75
7.75
6.83333
5.95833
6.66667
6.625
6.16667
5.79167
5.54167
4.25
2.75
2.875
2.875
2.54167
-0.958333
-0.708333
-0.208333
-0.166667
-0.375
-0.0833333
0.958333
2.58333
3.16667
1.66667
-3.04167
-9.41667
-17.9167
-25.125
-28.0833
-26.0833
-20.1667
-13.9167
-6.08333
-0.208333
1.875
1.875
1.16667
0.75
0.708333
1.125
2.58333
2.91667
2.875
3.25
3
3
0.291667
0.375
0.916667
0.541667
-0.0833333
0
0.666667
1.91667
1.125
-1.375
-4.04167
-7.66667
-13.9167
-22.4583
-25.75
-25.5417
-22.6667
-19.25
-13.5833
-6.25
-2.75
-0.0833333
0.166667
-0.0833333
-0.0416667
0.625
2.04167
2.70833
2.79167
2.91667
2.625
2.66667
0.791667
1.25
1.75
1.58333
0.75
0.458333
0.666667
0.875
-0.25
-1.375
1.125
5.41667
9.33333
9.875
7.58333
5.70833
2.29167
-2.33333
-6.20833
-6.33333
-2.45833
1.66667
3.875
4.29167
3.83333
3.625
4
3.66667
2.91667
2.5
2.58333
2.08333
0.416667
1.04167
1.45833
1.75
1.25
0.833333
0.666667
0.0833333
-0.875
-1.20833
4.5
13.7917
23.1667
29.25
28.25
25.5
17.6667
7.91667
-0.208333
-2.5
3.58333
9.95833
13.25
13.5
12.0833
9.375
6.08333
2.875
1.83333
1.83333
2.20833
1
0.333333
0.625
1.16667
1.58333
1.625
1.125
0.666667
-0.0416667
-1.375
-3.08333
-0.0833333
7.66667
13.125
15.25
14.7083
12.375
6.125
-2.54167
-6.70833
-4.5
2.83333
9.16667
10.8333
10.5
9.41667
6.91667
1.5
-1.70833
-0.541667
1.04167
1.45833
-0.25
0.375
0.291667
0.666667
1.33333
1.66667
0.916667
0.208333
0.0416667
-0.916667
-3.5
-8.95833
-13.625
-20.4167
-27.125
-30.3333
-30.4167
-26.4167
-23.5833
-20.0833
-17.5833
-17.1667
-21
-24.75
-23.9167
-18.625
-12.5417
-9.625
-5
-0.5
1.66667
0.958333
-0.958333
-0.375
-0.708333
-0.833333
0.125
0.833333
0.25
-0.583333
0.0416667
0.916667
0.166667
-7.79167
-21.375
-33.0417
-41.4167
-44.4583
-42.0833
-32.875
-20.7917
-15.7917
-19.375
-30.5417
-43.4167
-48.875
-45.125
-33.375
-21.1667
-9.04167
0.125
3.41667
2.875
-0.583333
-1.33333
-0.958333
-1.25
-1.58333
-0.708333
0.666667
0.833333
0
-0.208333
1.79167
4.91667
6.83333
5.875
6.54167
8.45833
10.5
10.4167
9.41667
11.5
10.7083
5.25
-5.04167
-9.95833
-8.20833
-2.70833
1.95833
4.45833
9.125
9.54167
6.20833
0.958333
-2.54167
-1.125
0
-0.166667
-0.625
-0.333333
1.33333
2.41667
1.66667
-0.375
0.166667
4.125
11.875
23.4583
35.1667
45.5417
51.0417
48.9167
41.4167
32.7917
28.4583
27.7917
29.9583
37.25
44.3333
45.375
37.6667
27.4167
17.7083
8.70833
1.25
-3.08333
-2.375
0.166667
1.16667
0.916667
0.375
-0.375
0.333333
2.58333
3.08333
0.833333
-1.25
-1
1.29167
6.79167
15.7917
26.3333
34.5417
38.5
39.0417
36.7083
34.875
36.5417
42.2083
47.6667
48.7917
41.4167
29.5417
17.0833
5.125
-2.41667
-5.79167
-4.16667
-0.583333
1.70833
0.583333
0.416667
0.125
-1.04167
-1.66667
0.541667
3.20833
3.125
0.583333
-2.125
-4.875
-8.91667
-9.45833
-4.20833
3.95833
13.5833
22.7083
30.7083
34.8333
35.5417
34.5417
29.875
21.0417
9.79167
-0.291667
-6.95833
-10.0417
-9.5
-5.875
-1.625
1.5
2.16667
-0.875
-0.75
-0.625
-1.16667
-2.125
-1.83333
1.04167
4.25
4.375
1.75
-1.91667
-8.29167
-16.1667
-21.4583
-22.1667
-17.375
-10.2917
-2.375
3.625
4.375
1.16667
-5.91667
-14.5833
-20.0417
-22.0833
-19.2083
-13.2083
-6.66667
-0.875
1.83333
2.54167
1.08333
-1.20833
-1.08333
-0.833333
-0.833333
-1.54167
-2.70833
-1.91667
1.875
5.04167
5.08333
3.04167
-0.75
-8.66667
-20.0833
-30.5
-36.25
-38.7917
-39.4583
-38.375
-37.625
-37.4167
-37.5833
-35.8333
-29.6667
-20.9583
-11.6667
-3.20833
2.375
4.83333
3.79167
1.20833
-1.08333
-0.166667
-0.166667
-0.208333
-0.291667
-0.833333
-2.16667
-3.29167
-2.75
0.208333
3.75
6.04167
7.70833
5.33333
-0.875
-10.1667
-21
-30.2083
-37.75
-40.7917
-40.625
-37.7917
-31.625
-22.1667
-11.4167
-1.79167
4.91667
8.08333
8.08333
5.29167
1.58333
-1.5
-2.75
0.875
0.916667
0.791667
0.458333
-0.125
-1.125
-2.83333
-5.04167
-5.20833
-2
2.625
8.33333
13.2917
17.0417
17.9583
13.5417
7.75
1.625
-1.70833
-1.79167
0.791667
6.16667
12.2083
15.0417
15.125
12.6667
7.83333
3.04167
-1.66667
-3.29167
-3.41667
-2.58333
0.791667
0.791667
0.791667
0.541667
0.125
-0.291667
-1.54167
-3.5
-5.58333
-6.20833
-4.91667
-2.04167
4.83333
12.125
19.4583
24.8333
27.9583
29.625
28.4167
28.0833
27.5417
26.2083
23.0417
17.4167
11.1667
4.41667
-1.41667
-5.16667
-6.33333
-4.91667
-3.08333
-1.33333
-0.375
-1.04167
0.458333
1.25
-0.0416667
-0.708333
-0.75
-0.458333
0.583333
0.833333
-0.25
-1.58333
-2.375
-1.625
0.625
1.54167
0.458333
-0.291667
0.625
2.33333
2.58333
1.45833
0.541667
0.708333
0.625
-0.75
-1.54167
-1.66667
-1.41667
-0.75
-0.458333
0.25
-0.166667
-0.958333
0.208333
1.04167
0.125
-0.5
-0.791667
-0.666667
0.291667
-0.0416667
-1.875
-2.66667
-1.91667
0.208333
2.5
2.5
1.45833
0.125
-0.5
0.958333
1.45833
0.333333
-0.208333
1.58333
3.125
1.58333
0.0416667
-1.70833
-3.33333
-2.33333
-0.958333
-0.0416667
0.0416667
-0.875
-0.0833333
0.833333
0.458333
-0.166667
-0.875
-1.125
-1.16667
-2.29167
-2.45833
-0.541667
1.04167
2.5
2.79167
0.833333
0.541667
0.291667
-0.708333
0.541667
1.20833
0.0833333
-0.958333
0.666667
2.75
1.70833
1.875
1.875
-1.66667
-3.75
-2.79167
-1.125
0
-0.75
-0.333333
0.541667
0.833333
0.166667
-1.41667
-2.58333
-3.08333
-2.54167
0.208333
2.45833
2.08333
2.16667
1.75
-0.416667
0.0416667
0.416667
-0.625
0.75
1.625
0.25
-1.20833
0.0416667
1.83333
0.5
1.08333
4.04167
2.625
-2.29167
-4.5
-2.83333
-0.25
-0.708333
-0.375
0.333333
0.75
-0.208333
-2.66667
-4.29167
-3.20833
0.291667
3.45833
3.16667
0.833333
0.25
-0.666667
-2.33333
-0.416667
1.16667
1.5
3.79167
4.16667
1.75
-0.916667
-1.375
-0.583333
-1.375
-0.416667
3.125
4.29167
1.33333
-2.66667
-3.95833
-0.5
-0.833333
-0.5
0.166667
0.625
-1.25
-4.79167
-4.79167
-0.416667
3.625
4.25
1.45833
-2.04167
-2.91667
-2.41667
-1.125
2.25
3.58333
2.875
3.41667
3.5
3
2.54167
1.20833
-1.54167
-4.08333
-3.08333
0.458333
3
3.75
1.45833
-2.95833
-0.375
-0.625
-0.666667
-0.291667
-0.333333
-3.25
-5.95833
-2.41667
3.41667
4.70833
2.25
-1.58333
-4.54167
-3.54167
-0.875
0.916667
3.375
4.08333
3.125
3.25
3.29167
3.41667
4
3.70833
0.541667
-4.20833
-5.29167
-2.625
0.208333
3.29167
4.5
0.458333
-0.375
-0.333333
-0.708333
-1.33333
-2.41667
-4.75
-4.79167
0.958333
6.08333
4.16667
-0.833333
-4.75
-5.70833
-2.16667
1
1.04167
1.66667
3.375
5
5.79167
5.29167
4.66667
4.16667
3.5
1.83333
-2.66667
-6.66667
-5.75
-2.41667
1.875
5.54167
3.625
-0.291667
0.0416667
-0.666667
-2.66667
-4.875
-5.75
-2.16667
5
7.5
2
-5.16667
-7.875
-3.45833
2.04167
0.541667
-2.25
-0.75
3.83333
9.54167
11.375
8.45833
4.04167
0.333333
-1.95833
-0.666667
2.75
-0.416667
-7.58333
-8.08333
-1.5
5.83333
7.29167
-0.333333
0
-0.875
-4.125
-7.33333
-5.5
2.25
8.91667
6.58333
-3.54167
-10.7083
-7.125
2.58333
6.16667
-1.70833
-8.875
-3.04167
9.625
17.25
15.4167
7.29167
-0.0833333
-3.20833
-5.20833
-4.33333
4.25
8.04167
-3.25
-13.0833
-7.75
4.04167
10.2083
-0.291667
-0.25
-1.54167
-5.79167
-9
-3.54167
7.54167
11.375
2.08333
-11.7917
-14.1667
-1.375
11.0833
8.375
-6.375
-13.25
-0.875
16.375
21.5417
12.7083
-1.20833
-6.66667
-2.08333
-0.208333
-2.25
2.5
8.91667
2.95833
-10.7083
-14.1667
-2.5
10.8333
-0.416667
-0.5
-2.375
-7.45833
-9.875
-0.375
13.0833
11.0417
-6.33333
-19.0417
-12.0417
8.41667
18.7083
7.25
-11.5833
-15.8333
1.29167
20.875
23.5417
9.45833
-9.20833
-13.1667
-1.16667
4.04167
-1.125
0.875
10.0417
10.2917
-4.16667
-17.75
-11.5417
7.75
-0.833333
-1.25
-3.58333
-8.70833
-9.04167
4.29167
16.9583
6.54167
-15.9167
-22.0417
-4.25
20
23.5417
1.875
-19.8333
-18.8333
3.83333
25.5
26.6667
7.08333
-16.25
-17.0417
1.625
6.70833
-4
-5
9.04167
19.4583
6.79167
-17.2083
-19.9167
1.33333
-1.125
-2.29167
-5.08333
-9.29167
-6.66667
8.70833
18
0.291667
-23.75
-20.375
7.5
30.5833
23.625
-7.70833
-29.1667
-20.8333
6.79167
30.375
30.5833
4.66667
-23.75
-20.125
7.41667
12.75
-7.95833
-15.5
4.875
27.8333
19.125
-13.7917
-26.0417
-5.375
-1.25
-3.375
-6.83333
-9.79167
-3.79167
12.9167
17.5
-6.5
-28.6667
-14.6667
19.5
35.6667
16.875
-16.9167
-32.125
-20.125
8.70833
33.5
31.2083
-0.666667
-32.1667
-21.5833
17.4583
25.6667
-5.75
-27.9583
-6.70833
31.7917
30.9583
-8.54167
-30.0417
-12.0417
-1.16667
-3.95833
-8.08333
-9.875
-1
15.75
15.7083
-11.8333
-30.2083
-7.33333
27.5
31.7917
6.20833
-20.2917
-25.2083
-11.375
8.375
25.8333
25.5
-4.75
-35.7917
-19.2917
26.9167
36
-2.20833
-35.3333
-17.4583
31.25
39.125
-3.625
-32
-16.9583
-1.08333
-4.08333
-8.95833
-9.79167
1.25
17.4167
14.0833
-14.9167
-29.7083
-1.20833
30.7083
23.0833
-4.66667
-17.375
-10.8333
-1.83333
3.20833
14.2083
19.2917
-5.70833
-34.5
-15.625
31.9167
38.875
-3.66667
-38.25
-18.6667
31.9167
41.5
-1.5
-32.5
-19.25
-0.958333
-4
-9.20833
-9.83333
2.04167
18.25
13.6667
-15.5833
-27.875
2.75
29.4583
12.3333
-11.9167
-8.83333
3.875
3.08333
-5.29167
3.125
16.2917
-3.625
-32.125
-12.5833
34.1667
39.0417
-5.54167
-40.625
-17.9583
34.2083
41.7917
-2.08333
-32.5
-19.0833
-0.708333
-3.75
-9.125
-10.1667
1.625
18.3333
14.5417
-13.875
-25.75
3.875
25.875
3.29167
-15.4167
1.625
15.2083
1.83333
-13.4583
-3.33333
14.2917
-0.708333
-27.8333
-10.5833
34.375
36.4167
-10.5417
-40.25
-11.625
36.5417
38.0417
-5.125
-31.6667
-16.4167
-0.583333
-3.08333
-8.41667
-10.75
-0.25
17.5833
16.6667
-10.2917
-23.875
1.54167
20.875
0.666667
-13.3333
5.875
16.875
-1.25
-17.9583
-4.70833
17.9167
5.875
-23.2917
-11.6667
27.125
26.875
-14.0417
-33.375
-1.66667
38.125
31.0833
-10.2917
-29.7917
-11.625
-0.416667
-2.25
-7.33333
-11.0417
-3.125
15.25
19.1667
-4.91667
-21.875
-3.08333
14.1667
0.291667
-9.125
5.75
14.2083
-0.75
-15.75
-2.54167
20.6667
10.75
-18.4167
-14.3333
15.0833
15.375
-13.9583
-21.5833
9.75
36.1667
19.8333
-15.7083
-25.7917
-5.5
-0.375
-1.58333
-6.08333
-10.9167
-6.08333
11.7917
20.5833
1.54167
-18.1667
-9.5
4.04167
-1
-3.04167
9
12.4167
-1.29167
-11.7917
0.416667
19.2917
11.1667
-13.0417
-12.875
6.375
6.45833
-10.5
-8.41667
16.625
27.75
6.875
-19.2083
-19.5417
1.29167
-0.375
-1.08333
-4.70833
-10.375
-8.66667
7.375
20.1667
7.79167
-12.5833
-13.2083
-3.91667
-2.125
0.333333
8.45833
8.66667
-2.20833
-7.375
4.58333
18.9583
11.875
-8.79167
-11.9167
1.125
3.125
-4.875
-0.416667
15.8333
17.5
-2.83333
-18.875
-11.8333
6.04167
-0.333333
-0.75
-3.58333
-9.08333
-9.58333
2.58333
16.25
11.9167
-4.70833
-12.7083
-9.04167
-3.5
0.291667
3.83333
3.375
-1.83333
-0.958333
9.75
18.0833
11.75
-3.66667
-9.08333
-2.95833
-0.208333
-1.29167
4.33333
12.875
7.54167
-9.16667
-15.1667
-4.29167
8.5
-0.375
-0.416667
-2.375
-7.33333
-9.54167
-1.58333
10.6667
12.625
2.54167
-8.625
-11
-4.41667
-0.0833333
-2.58333
-3.20833
0.166667
4.54167
12.0417
17.9583
13.0417
1.58333
-5.25
-6.54167
-4.75
0.541667
6.79167
8.33333
-0.0416667
-10.75
-9.45833
1.375
7.91667
-0.333333
-0.208333
-1.5
-5.375
-8.29167
-4.41667
4.95833
10.4583
6.625
-2.875
-9.83333
-8.33333
-3.33333
-2.04167
-0.958333
2.875
6.66667
9.83333
11.5
9.79167
5.33333
-0.583333
-5.20833
-3.45833
2.41667
5.08333
2.25
-5.16667
-9.29167
-3.41667
4.54167
5.33333
-0.291667
-0.0833333
-1
-3.66667
-6.16667
-5.58333
-0.166667
7
8.33333
1.25
-7.25
-9.91667
-6.08333
0.0416667
4.08333
5.83333
5.70833
4.33333
4.08333
5.04167
5.79167
4.25
0.916667
0.291667
1.95833
1.16667
-3.16667
-6.875
-5.125
0.875
4.625
2.16667
-0.375
-0.125
-0.5
-2.04167
-4
-5.58333
-3.70833
3
7.875
4.625
-2.66667
-6.91667
-6.16667
-1.58333
2.70833
4.25
4.08333
3
2.875
4.125
4.66667
3.83333
2.79167
2.33333
1.29167
-2.33333
-5.58333
-4.29167
-0.5
2.95833
3.04167
-1.16667
-0.333333
-0.0833333
-0.208333
-0.833333
-1.91667
-4.58333
-5.91667
-0.875
6.16667
6.45833
0.791667
-4.25
-5.66667
-3.08333
1.125
3.625
4.08333
3.04167
2
2.375
3.58333
4.16667
3.29167
1.70833
-0.708333
-3.91667
-4.33333
-1.125
1.95833
2.79167
0.458333
-3.08333
-0.291667
-0.0416667
0.0416667
-0.291667
-0.958333
-2.91667
-5.04167
-3.375
2.08333
5.625
3.79167
-0.541667
-3.79167
-3.5
-0.416667
1.375
2.16667
3.125
3.20833
3
3.08333
2.875
1.33333
-1.04167
-2.29167
-2.20833
-0.791667
1.58333
2.41667
0.833333
-2
-3.625
-0.375
-0.0833333
0.291667
0.0833333
-0.625
-1.875
-3.20833
-3.41667
-1.33333
2.375
4.125
2.08333
-1.20833
-1.20833
0.708333
-0.208333
-0.125
2.25
2.79167
2.08333
1.16667
0.291667
-0.666667
-1.08333
0.125
1.16667
1.58333
1.66667
0.458333
-1.41667
-2.91667
-2.58333
-0.333333
-0.0833333
0.416667
0.291667
-0.625
-1.54167
-1.66667
-1.625
-1.95833
-1.20833
1.20833
2.33333
0.458333
0.25
1.95833
0.583333
0.0833333
1.875
1.66667
0.458333
-0.583333
-0.791667
-0.458333
0.166667
2.16667
2.91667
1.45833
-0.166667
-1.70833
-2.54167
-2.20833
-0.958333
0.333333
0.037037
-0.888889
-2.44444
-4.11111
-5.24074
-5.22222
-4.12963
-1.90741
0.481481
3.33333
6.05556
9.01852
12.2407
14.7407
16.4444
17.3704
17.7037
17.463
15.963
14.2222
11.1481
7.87037
5.2963
2.94444
0.796296
-1.83333
-4
0.277778
-0.481481
-1.98148
-3.64815
-4.27778
-3.27778
-1.27778
1.2963
3.46296
4.51852
5.85185
6.25926
6.12963
4.5
1.48148
-1.64815
-4.18519
-4.51852
-2.64815
-1.07407
2.16667
4.24074
5.33333
5.7963
5.75926
5.27778
3.33333
0.611111
-0.12963
-1.44444
-2.94444
-3.48148
-2.11111
0.5
2.66667
3.85185
2.92593
0.407407
-2.01852
-5.66667
-10.8704
-18.3704
-26.6667
-33.8333
-38.9444
-39.9259
-36.7407
-31.7407
-24.1111
-15.8519
-8.92593
-4.2963
-0.740741
2.14815
3.85185
3.77778
-1.27778
-2.7037
-3.2037
-1.62963
0.87037
2.75926
2.5
0.0185185
-4.33333
-8.85185
-12.8333
-17.5556
-23.7037
-30.9074
-37.4444
-42.4074
-45.5185
-46.2963
-44.8148
-41.1852
-35.463
-28.0185
-20.7778
-15.5926
-11.2963
-6.98148
-2
2
-2.64815
-3.27778
-1.94444
0.907407
2.7037
1.85185
-1.57407
-6.25926
-9.51852
-10.7407
-11.8889
-14
-17
-18.5556
-17.3148
-14.0926
-10.5185
-9.85185
-11.9815
-14.1481
-15.8519
-14.8333
-12.463
-10.5926
-9.98148
-9.96296
-7.40741
-2.96296
-3.2037
-2.22222
0.259259
2.40741
1.81481
-1.59259
-5.72222
-8.2963
-6.44444
-2.09259
0.611111
2.24074
4.85185
11.0185
20.8148
31.3333
39.7407
41.9815
38.2963
31.6667
23.8889
17.1481
12.3148
8.53704
4
-1.81481
-5.7037
-5.81481
-2.14815
0.0185185
2.40741
2.31481
-0.314815
-3.98148
-5.75926
-3.18519
3.7037
10.9815
14.7037
17.9444
23.5926
33.2222
45.4815
56.5185
63.4259
65.3704
63.5185
58.5926
50.8519
42.0556
33.6481
26.5741
19.5556
11.2407
2.66667
-3.25926
-0.12963
2.24074
3.11111
0.962963
-2.35185
-4.24074
-1.88889
4.51852
10.5926
14.4444
14.7593
16.7963
22.8333
31.2222
39.1667
41.8889
40
39.4444
40.9074
42.9815
40.9815
34.2407
26.5556
20.1667
16.8519
14.463
9.31481
2.48148
1.88889
3.22222
2.57407
-0.222222
-2.37037
-1.24074
3.7037
9.87037
11.3704
8.92593
6.62963
7.74074
12.0741
16
15.6296
8.87037
-0.703704
-4.57407
-2.01852
3.90741
6.66667
3.77778
-0.518519
-2.61111
-0.148148
5.33333
7.96296
5.88889
2.62963
2.83333
1.25926
-0.833333
-0.925926
2.51852
8.01852
11.1111
8.14815
2.87037
1.07407
2.18519
4.53704
3.68519
-3.18519
-14.537
-24.9815
-29.0741
-28.1111
-24.4815
-21.3704
-21.463
-22.1481
-20.3148
-14.5
-5.7037
1.53704
4.27778
2.16667
1.53704
0.166667
-0.37037
1.64815
6.37037
10.0926
9.96296
7.64815
5.22222
7.38889
9.83333
9.96296
5.96296
-3.09259
-11.2778
-15.2407
-17.963
-20.0556
-22.5
-22.6111
-21
-19.3704
-15.9815
-12.037
-7.48148
-2.46296
1.2037
0.944444
0.148148
-0.37037
0.62963
3.92593
8.05556
9.07407
6.7037
5.96296
8.48148
13.5185
16.4074
15.2222
10.2407
3.68519
2.01852
5.5
6.22222
2.7963
-3.33333
-6.5
-4.44444
-1.83333
0.388889
0.462963
-0.962963
-1.05556
-0.0555556
-0.12963
-0.759259
-0.333333
1.87037
5.2963
7.61111
5.38889
0.851852
0.407407
4.03704
8.59259
10.9815
9.03704
4.81481
2.09259
5.72222
13.4259
16.4259
14.1111
9.05556
5.57407
7.2037
9.94444
10.963
9
5.05556
2.38889
1.94444
-0.481481
-0.833333
0.166667
2.72222
5.25926
5.16667
0.722222
-5.11111
-8.59259
-8.48148
-7.09259
-6.74074
-8.7037
-11.4444
-10.7963
-4.92593
2.7963
8.61111
10.463
8.77778
7.2037
8.38889
11.037
11.5185
9.68519
6.75926
4.38889
3.92593
-0.12963
-0.259259
0.759259
2.92593
4
2.14815
-1.77778
-6.31481
-9.75926
-12.3704
-14.5741
-16.5185
-18.6852
-19.963
-17.6111
-12.8519
-7.81481
-2.88889
1.05556
2.92593
4.01852
5.40741
8
8.62963
7.42593
5.7963
4.38889
4.75926
0.777778
0.740741
1.46296
2.74074
2.46296
0.148148
-0.777778
-0.0185185
0.203704
-1.38889
-4.87037
-8.85185
-11.7222
-12
-9
-6.57407
-5.98148
-4.25926
-1.38889
1.7037
5.01852
7.81481
10.3519
10.5185
8.5
5.96296
4.12963
4.25926
1.53704
1.38889
1.64815
2
0.907407
-1.12963
1.11111
6.74074
11.963
13.7593
10.1667
5.55556
2.44444
2.35185
5.07407
5.40741
2.94444
0.111111
-1.12963
1.7963
6.03704
10.1667
12.7593
12.3704
9.03704
4.81481
2.48148
2.75926
2.16667
1.72222
1.44444
1.40741
0.240741
-1.55556
0.0740741
5.5
9.44444
10.6111
7.83333
3.81481
0.388889
-0.444444
0.759259
0.444444
-2.31481
-5.81481
-8.48148
-6.51852
-1.77778
3.40741
6.2037
6.42593
4.18519
0.703704
0.203704
1.77778
2.11111
1.31481
0.555556
0.333333
-0.185185
-1.38889
-2.64815
-3.55556
-5.96296
-8.64815
-11.2037
-12.8704
-14.5185
-16.5185
-18.4074
-19.6852
-20.8519
-22.4815
-23.3704
-20.9259
-16.8333
-13.1481
-10.6667
-8.59259
-6.72222
-4.77778
-1.01852
2.07407
1.88889
1.12963
-0.0555556
-0.259259
0.12963
0.351852
-2.75926
-8.94444
-16.8889
-23.0556
-24.0741
-22.6481
-22.5556
-24.9259
-30.0185
-33.5741
-34.5556
-33.8148
-31.1852
-27.9815
-24.9444
-23.9444
-23.0556
-19.3519
-12.7037
-4.77778
1.96296
4.24074
1.42593
1.35185
0.111111
-0.925926
-0.0555556
2.55556
2.87037
-0.777778
-5.72222
-9.27778
-7.98148
-3.85185
-0.611111
-1.27778
-6.40741
-11.6296
-14.5741
-14.0185
-10.3333
-7.11111
-6.7963
-9.88889
-12.1111
-10.4444
-4.53704
3.72222
7.38889
5.44444
1.24074
2.31481
1.5
-0.351852
-0.296296
3
7.27778
10.7778
13.5926
15.7407
19.7963
25.0926
30.4259
33.8148
33.0556
30.0185
27.0185
26.6667
28.3889
28.037
24.5185
18.5185
12.8148
10.4259
10.9259
12.1296
9.01852
2.94444
0.574074
2.68519
3.12963
0.981481
-0.407407
1.25926
6.64815
14.7778
23.9074
31.2222
36.3148
41.1481
48.1667
55.7222
61.5926
64.0926
63.5
62.0926
59.4815
54.0741
46.5
38.5926
31.1296
24.6852
18.6667
12.1667
4.07407
-2.2037
-0.666667
1.55556
3.51852
2.96296
0.944444
-0.574074
0.444444
4.74074
11.8519
18.8519
22.7222
25.8148
31.5
40.0556
49.3704
56.463
60
58.8148
52.9074
44.3333
35.463
28.6481
22.5
16.4259
9.46296
1.48148
-4.31481
-5.88889
-2.07407
-0.759259
1.96296
3.74074
3.03704
0.203704
-2.59259
-4.35185
-3.5
-1.14815
-0.796296
-1.24074
-0.185185
3.77778
10.2963
16.0741
19.6852
19.1667
14.2963
8.7963
4.07407
1.51852
0.0740741
-2.2037
-5.11111
-7.7963
-7.81481
-4.59259
-2.66667
-2.75926
-0.777778
2.31481
3.81481
2.40741
-1.18519
-6.03704
-10.6296
-13.3889
-16.5926
-20.7222
-25.4815
-28.7593
-29.3333
-28.6852
-27.4815
-26.7222
-27.1667
-25.7222
-23.2963
-19.7963
-16.1296
-13.6481
-11.4815
-8.83333
-4.68519
-0.333333
-1.94444
-3.05556
-2.87037
-0.777778
1.64815
2.90741
2.2037
-0.203704
-4.72222
-9.37037
-13.6296
-19.0556
-26.0556
-33.537
-39.6296
-43.963
-46.0556
-44.6296
-40.2593
-33.9074
-26.6667
-20.1481
-14.4259
-10.1481
-6.16667
-2.25926
1
2.31481
-0.907407
-2.18519
-3.42593
-3.59259
-2.25926
0.0740741
1.85185
3.2037
2.75926
1.22222
-0.407407
-3.22222
-7.27778
-12.6296
-18.1852
-22.1852
-24.3519
-23.4815
-19.4815
-14.6852
-9.16667
-4.68519
-1.46296
0.611111
1.96296
2.57407
2.38889
0.666667
0.333333
0.314815
-0.833333
-3.05556
-4.33333
-3.7963
-0.888889
1.81481
3.25926
2.53704
1
-0.277778
-1.48148
-1.09259
-0.537037
2.05556
3.92593
5.25926
4.18519
1.7963
-0.388889
-1.68519
-1.62963
-0.37037
1.61111
3.12963
2.22222
-0.388889
-0.0555556
-0.37037
-1.87037
-4.25926
-4.66667
-2.44444
1.55556
3.62963
2.68519
-0.481481
-3.2037
-3.62963
-2.42593
0.388889
2.48148
5.01852
6.42593
7.53704
6.96296
4.92593
1.88889
-1.59259
-3.88889
-4.2037
-1.90741
1.16667
2.94444
1.88889
-0.685185
-1.61111
-3.27778
-4.87037
-3.44444
-0.0555556
3.27778
2.68519
-0.907407
-4.92593
-6.18519
-3.61111
0.0740741
4.01852
5.38889
6.66667
6.88889
7.57407
7.53704
6.87037
5.38889
2.09259
-2.09259
-5.57407
-6.01852
-3.2963
0.351852
2.38889
-1.77778
-3.31481
-4.53704
-4.46296
-1.35185
2.03704
3
-0.537037
-5.16667
-7.35185
-5.16667
-0.611111
3.07407
5.37037
5.94444
7.09259
7.64815
8.09259
7.57407
7.14815
6.75926
5.31481
1.44444
-3.64815
-7.51852
-7.25926
-3.55556
0.833333
-2.87037
-4.94444
-5.44444
-3.53704
0.648148
2.85185
0.814815
-4.31481
-6.96296
-4.90741
0
2.66667
2.66667
2.5
4.74074
8.90741
11.2037
10.7593
6.90741
3.35185
1.53704
2.61111
3.7037
1.96296
-2.81481
-7.12963
-6.57407
-1.96296
-4.31481
-6.44444
-5.62963
-1.92593
2.31481
2.12963
-2.33333
-6.74074
-5
1.12963
5.5
3.01852
-2.42593
-2.48148
4.42593
14.1111
17.1852
13.5926
5.18519
-1.88889
-5.22222
-3.35185
2.14815
5.81481
3.94444
-2.7037
-6.53704
-4.31481
-5.87037
-7.64815
-5.2037
-0.12963
3.35185
0.62963
-4.92593
-6.74074
-0.685185
6.64815
7.03704
-1.55556
-9.24074
-5.83333
7.48148
20.463
22.037
14.1481
3.46296
-3.12963
-5.53704
-5.11111
-1.24074
3.12963
5.27778
0.685185
-4.05556
-4.92593
-7.51852
-8.53704
-4.44444
1.74074
4.09259
-0.62963
-6.33333
-5.48148
2.64815
8.44444
3.98148
-7.2037
-12.8333
-3.66667
13.6667
26.0556
23.1667
10.9444
0.12963
-2.7963
-1.96296
-2.48148
-2.11111
0.166667
3.90741
1.24074
-3.18519
-5.62963
-8.94444
-8.83333
-3.03704
3.94444
4.7963
-2.01852
-8.07407
-5.01852
4.7037
9.03704
1.01852
-11.537
-14.4259
-0.333333
19.8519
30.7037
23.0185
6.64815
-3.96296
-2.53704
2
1.22222
-1.96296
-1.44444
3.18519
1.88889
-3.31481
-7.61111
-10.2593
-8.61111
-0.851852
6.5
5.12963
-4.42593
-10.5926
-4.55556
7.81481
11.4259
0.462963
-14.037
-15.4074
1.40741
23.7593
32.6296
20.6296
-0.12963
-9.72222
-2.98148
6.62963
5.7037
-0.759259
-1.59259
5.11111
5.07407
-2.62963
-10.8889
-11.4444
-7.96296
1.83333
9.12963
4.64815
-7.96296
-13.2963
-3.2037
12.9259
16.6667
3.22222
-14.7222
-18.8148
-2.2037
21.7963
32.6667
19.4815
-3.68519
-14
-4.44444
8.16667
7.5
-0.481481
-0.259259
9.7963
11.5741
-0.0185185
-14.0741
-12.1667
-6.62963
4.90741
11.2407
2.92593
-12.1111
-15.5926
-0.851852
17.9074
21.3148
6.01852
-13.8148
-20.4444
-6.09259
17.7407
30.1852
18.0556
-5.27778
-15.2037
-4.05556
8.66667
5.55556
-4.38889
-1.33333
15.1852
20.537
5.72222
-15.5556
-12.3519
-4.92593
7.83333
12.4815
0.740741
-15.8889
-16.6111
1.90741
21.6852
23.1481
6.64815
-12.7407
-19.1296
-6.62963
15.3148
26.6667
14.537
-8.40741
-15.9444
-1.72222
11.5185
4.14815
-9.72222
-5.2037
18.3333
28.6667
12.1667
-15.2222
-12.5926
-3.61111
10.1667
13.3889
-0.796296
-17.9444
-16.0556
4.5
22.2963
20.463
3.90741
-10.7963
-13.9259
-2.61111
14.537
21.5185
7.35185
-14.9444
-17.2037
4.11111
20.9815
9
-13.3519
-12.0926
15.7963
32.7593
17.2778
-13.9074
-12.7407
-2.64815
11.6481
14.037
-1.38889
-17.963
-14.2222
6.24074
20.6852
15.5741
1.14815
-8.46296
-7.7963
0.481481
12.4444
14.8704
0.62963
-18.6667
-15.9444
10.3704
28.3519
13.2963
-14.6667
-15.9815
13.3704
33.463
19.1667
-13.2407
-12.8889
-2.53704
12.0741
14.5741
-0.648148
-16.5185
-11.9444
7.75926
19.7593
12.1111
-1.81481
-9.40741
-7.33333
-0.555556
10.6667
14.3704
3.24074
-14.9259
-14.1111
8.48148
23.7963
9.81481
-14.3704
-12.1481
16.7778
34.2963
17.8519
-13.963
-13.0741
-3.33333
11.3704
15
1.46296
-13.7407
-10.3889
6.62963
16.7963
9.48148
-2.44444
-9.16667
-8.05556
-2.87037
9.35185
16.463
9.33333
-8.94444
-12.9074
2.35185
14.7593
5.11111
-11.2407
-4.74074
20.537
32.5926
13.6481
-15.0185
-13.1111
-4.77778
9.55556
15.1296
4.62963
-10.0556
-10.9259
0.277778
8.72222
6.55556
2.16667
-1.07407
-2.94444
-3.61111
4.92593
13.1111
10.463
-4.31481
-9.37037
0.37037
10.0556
3.40741
-6.18519
1.09259
20.5741
25.9259
7.25926
-15.6111
-12.8889
-6.46296
7
14.7222
8.03704
-5.55556
-11.037
-6.72222
-0.851852
1.7963
5.51852
7.35185
4.25926
-1.40741
2.09259
9.42593
9.59259
-1.37037
-6.2037
0.907407
9
4.68519
-2.33333
2.96296
16.3333
17.8333
2.03704
-14.4259
-12.1667
-7.87037
3.88889
12.9074
10.4074
-0.759259
-9.31481
-11.3333
-9.33333
-4.66667
4.53704
11.9074
11.3889
4.2963
3.75926
7.75926
8.77778
0.574074
-3.01852
1.90741
8.16667
4.5
-1.16667
2.31481
11.3519
11.0556
-1.25926
-11.9815
-11.2407
-8.75926
0.944444
10.2963
11
2.94444
-6.12963
-11.3333
-11.8333
-8
1.12963
8.48148
10.2778
6.16667
7.64815
11.2593
12.4259
4.87037
0.333333
1.38889
4.31481
0.888889
-2.05556
1.77778
8.74074
7.05556
-2.61111
-9.55556
-10.2037
-9.18519
-1.55556
7.37037
9.98148
4.83333
-2.77778
-8.05556
-9.57407
-7.64815
-2.25926
2.25926
4.25926
4.75926
10.2222
16.2963
17.3519
9.33333
1.77778
-1.35185
-1.14815
-2.64815
-1.96296
3.14815
7.98148
4.85185
-3.37037
-7.72222
-9.03704
-9.14815
-3.48148
4.59259
8.2037
5.14815
-0.685185
-4.88889
-5.75926
-5.5
-3.85185
-3.07407
-0.833333
3.33333
12.037
19.1481
19.7222
11.4259
1.81481
-4.64815
-6.16667
-4.74074
0.462963
6.68519
8.38889
2.5
-5.03704
-6.92593
-7.38889
-8.72222
-5.09259
1.85185
6.38889
4.87037
-0.277778
-4.14815
-4.09259
-3.14815
-2.94444
-4.12963
-2.66667
2.83333
11.9815
19.0741
19.5556
11.9259
1.35185
-6.83333
-8.25926
-3.35185
4.44444
9.03704
6.18519
-1.51852
-6.87037
-5.77778
-5.57407
-7.7037
-6.2037
-0.759259
4.48148
4.92593
0.185185
-5.51852
-7.38889
-5.42593
-1.85185
1.09259
3.75926
7.22222
10.6296
12.9074
12.1296
8.27778
2.74074
-1.64815
-1.81481
1.96296
5.68519
5.07407
-0.666667
-6.35185
-7.31481
-3.53704
-3.83333
-6.25926
-6.5
-2.90741
2.42593
4.85185
1.48148
-5.25926
-9.68519
-8.27778
-2.25926
4.66667
8.62963
9.74074
8.16667
7.14815
6.35185
6.55556
5.94444
5.22222
4.75926
4.53704
2.64815
-1.75926
-6.48148
-8
-5.01852
-0.888889
-2.33333
-4.61111
-6.14815
-4.66667
-0.0185185
4.18519
4.25926
-0.703704
-6.33333
-8.48148
-5.35185
0.833333
5.83333
8.35185
7.64815
7.03704
6.16667
6.48148
6.18519
6.42593
5.33333
3.2963
-1.31481
-5.37037
-7.22222
-4.98148
-1.22222
0.925926
-1.18519
-3.01852
-5.2037
-5.53704
-2.37037
2.40741
5.24074
3.2037
-1.90741
-6.11111
-6.46296
-2.55556
1.94444
5.92593
6.98148
7.53704
6.7037
6.40741
5.35185
4.42593
2.27778
-0.240741
-3.35185
-4.61111
-3.87037
-1.03704
0.944444
0.833333
-0.0555556
0.222222
0.222222
-0.444444
-0.555556
-0.222222
0.444444
0.777778
0.611111
0.222222
-0.444444
-1.72222
-4
-6.27778
-7.77778
-7.27778
-5.72222
-4.22222
-2.72222
-1.27778
1.94444
3.77778
5.38889
5.27778
6.05556
6.22222
5.55556
4.22222
2.5
1.33333
0.111111
-0.555556
-0.0555556
0
-0.222222
-0.833333
-0.833333
-0.333333
0.611111
1
0.444444
-1.38889
-4.11111
-7.05556
-9.44444
-9.72222
-8.83333
-5.44444
-2.61111
0.722222
1.55556
1.66667
1.05556
-0.0555556
-0.222222
0.833333
4.22222
8.27778
10.1667
10.1111
6.77778
3.66667
0.722222
-0.222222
0
-0.444444
-0.611111
-0.833333
-0.444444
0.0555556
0.5
-0.111111
-2.22222
-6.05556
-9.83333
-11.6111
-9.66667
-5.05556
-0.666667
3.44444
5.27778
8
6.83333
4.33333
-1.55556
-6.22222
-8.88889
-7.27778
-3.33333
2.5
6.88889
10.7222
10.6111
8.27778
4.33333
1.72222
0
-0.333333
-0.5
-0.611111
-0.222222
0.0555556
-0.5
-3
-7
-11.1111
-11.8889
-8.11111
0.166667
8.22222
12.7222
12.7222
9.66667
8.22222
5.38889
2.94444
-2.5
-6.22222
-9.77778
-11
-11.7222
-10.1667
-5.94444
1.44444
8.66667
11.8333
9.88889
5.88889
-0.0555556
-0.333333
-0.388889
-0.388889
-0.333333
-0.888889
-3.11111
-7.5
-11.2778
-11.1667
-4.44444
5.16667
14.0556
16.2222
13.0556
4.72222
-2.61111
-6.66667
-6.05556
-2
1.94444
6.27778
6.5
3.11111
-4.94444
-13.7222
-17.2778
-13.8333
-2.55556
7.61111
12.4444
10.2778
0.111111
-0.0555556
-0.277778
-0.611111
-1.38889
-3.38889
-7.38889
-11.3333
-10.5
-2.27778
9.44444
16.8333
14.6667
4.27778
-7.16667
-16.2778
-18.5
-18
-12.1111
-4.55556
4.88889
14.4444
20.7778
21.6111
15
2.38889
-9.22222
-17.3889
-14.3889
-4.66667
6.72222
11.3889
0.0555556
0.0555556
-0.111111
-0.722222
-2.88889
-7.05556
-11.2778
-10.7778
-2.27778
10.1111
17
12.1667
-3
-19.6667
-29.8889
-31.1111
-25.1667
-18.5
-10.6111
-3.22222
5.11111
13.8333
22.5
29.7222
31.6667
26.3889
14.1667
-2.55556
-14.8333
-15.7778
-5.05556
6.38889
-0.0555556
0.222222
0.0555556
-1.55556
-5.27778
-10.2222
-11.3889
-4.16667
8.33333
16.1667
9.55556
-7.66667
-26.2778
-35.1667
-32.2778
-21.9444
-9.77778
-2.72222
1.27778
0.444444
-0.5
-0.944444
4
14.6111
27.4444
36.7222
34.8889
20.6111
-0.333333
-14.6667
-13.6111
-2.5
-0.666667
0.111111
0.333333
-1.88889
-7
-10.9444
-7.16667
4.77778
14.3889
10.1667
-8.5
-27.3889
-32.1111
-21.3889
-4.72222
4.61111
6.33333
3.77778
3.83333
5
4.77778
0
-7.27778
-10.9444
-4.5
12.3333
28.5
32.3333
18.2778
-2.33333
-13.9444
-10.1667
-0.5
-0.0555556
-0.222222
-3.33333
-8.11111
-8.33333
0.0555556
11.3889
11.2222
-4.16667
-24.3333
-30.3889
-14.6111
10.3889
25.8889
20.8333
6.94444
-0.5
4.77778
14.0556
17.5
10
-6
-24.8889
-34.1667
-25.8333
-1.66667
21.0556
26.4444
12.2778
-5.55556
-12.1111
-0.333333
-0.444444
-1.44444
-4.44444
-7.22222
-3.66667
6.11111
11.8333
2.27778
-17.6111
-28.7222
-16.7778
13.0556
37.3333
36.5556
15.2222
-6.16667
-6.88889
7.38889
23.1111
25.4444
15.4444
-1.27778
-21.6667
-38.6111
-45.0556
-29.6111
-2.55556
19.2222
18.8889
3.88889
-8.72222
0.555556
-0.611111
-3.11111
-6.05556
-6.11111
0.5
9
7.88889
-7.38889
-23.8889
-21.0556
3.55556
30.2778
37.0556
16.8333
-5.11111
-14.3889
0.666667
18.2778
24.4444
12.6667
-3.88889
-8.94444
-6.77778
-10.4444
-25.4444
-32.8333
-20.2778
5.55556
18.5556
12.0556
-2.77778
0.611111
-1.11111
-4.33333
-6.38889
-4
3.55556
8.55556
2
-13.3333
-21.0556
-7.27778
19
31.6111
18.3889
-8.66667
-19.3889
-8.66667
12.7778
22.4444
12.0556
-11.3333
-28.0556
-21.0556
4.5
19.9444
8.61111
-15.5
-22.8333
-4.72222
14.2778
15.9444
2.72222
0.666667
-1.38889
-4.72222
-5.94444
-2.27778
4.88889
6.38889
-2.55556
-14.2778
-12.6111
7.27778
27.3333
24.6667
0.277778
-21.1111
-19.2778
-0.111111
14.5
14.1667
-3.11111
-24.2778
-34.5
-21.8333
8.16667
27.6667
21.6667
-2.72222
-15.7222
-6.05556
11.5
16.3333
6.16667
0.166667
-1.5
-4.22222
-4.66667
-0.666667
5.16667
4.38889
-4.27778
-10.6111
-2.05556
17.0556
27.0556
16.8889
-3.5
-11.1667
-7
2.27778
0.888889
-5.22222
-15.3889
-23.1667
-23.1111
-12.1111
7.05556
18.3333
14.7222
-1.44444
-9.94444
-4.55556
9
13.5
6.88889
-0.277778
-1
-2.72222
-2.72222
0.277778
4.11111
2.77778
-3.33333
-4.16667
6.33333
19.1111
17.6111
3.72222
-4.44444
4
12.4444
8
-8.33333
-19.6667
-21.3889
-17.1111
-10.1667
-1.94444
4.88889
6
1.22222
-5.61111
-6.11111
-1.72222
6.61111
8.83333
5.55556
-0.944444
-0.722222
-1.11111
-1
0.666667
2.55556
2.16667
-0.166667
2.61111
10.5
12.5
-0.555556
-15.8333
-11.3889
13.1111
29.8333
21.3333
-3.16667
-21.1111
-22.8333
-15
-5.33333
1.61111
3.44444
1.22222
-2.77778
-4.61111
-2.27778
0.333333
3.44444
3.61111
3.05556
-1.27778
-0.555556
0.388889
0.5
0.666667
0.444444
1.38889
3.05556
7.77778
10.7778
2.38889
-17.7222
-34.2222
-23.7778
9.27778
36.8333
36.5556
12.1667
-10.1111
-18.0556
-12.1667
-3.83333
2.44444
2.72222
-0.277778
-3.38889
-1.33333
2.33333
2.88889
0.388889
-1.55556
0.277778
-0.833333
-0.222222
1.11111
0.833333
-0.333333
-1.66667
0.611111
5.66667
10.5556
9.11111
-3.38889
-22.2778
-32.6111
-22.7222
4.38889
25.7222
29.8333
15
0.111111
-7.44444
-4.38889
0.944444
4
1.05556
-4.16667
-5.61111
0.722222
6.77778
5.22222
-2.5
-6.61111
-2.55556
0.166667
0.833333
2.16667
1.5
-1.27778
-3.94444
-1.27778
6.11111
11
7.5
-2.38889
-9.88889
-9.22222
-4.61111
-0.5
-0.944444
-1.55556
-1.61111
2.61111
8.72222
15.1111
15.9444
8.5
-5.16667
-15.9444
-13.6111
-0.166667
10.1111
6.33333
-5.55556
-10.7778
-4.83333
0.833333
1.83333
3.05556
2.44444
-1.66667
-5.55556
-3.88889
4.38889
9.66667
5.77778
0.722222
3.88889
15.3333
14.5
-3.94444
-26.9444
-34
-19.6667
2.66667
23.1111
34.6667
32.2778
12.2222
-15.7222
-31.3889
-20.4444
3.16667
16.3333
6.77778
-9.5
-14.1111
-5.38889
0.722222
2.16667
4.11111
4.33333
-0.111111
-6.33333
-7.22222
0.777778
7.77778
4.44444
-2.72222
0.944444
12.8889
13.1111
-9.05556
-32
-37.3333
-19.6111
3.16667
24.0556
38.0556
35.8889
12.8889
-19.3889
-30.0556
-10.3333
16.8889
22.3333
3.38889
-14.7222
-14.9444
-3.22222
0.277778
1.66667
4.11111
5.77778
2.38889
-5.22222
-9.83333
-3.72222
5.83333
5.94444
-5.16667
-13.5556
-12.8333
-10
-14.6111
-16.5
-11
0.222222
5.16667
8.05556
14.3889
16.7222
7.55556
-6.5
-2.33333
18.6667
32.6667
20.4444
-5.72222
-19.3889
-12
1.33333
0.166667
0.944444
3.33333
6.55556
5.94444
-1.72222
-10.4444
-8.77778
2.55556
9.44444
-1.22222
-20.0556
-33.5
-31.2778
-18.2778
0.944444
15.2222
16.0556
1.5
-13.3889
-15.6111
-5.83333
6.66667
18.5556
34.5
43.3333
33.9444
5.33333
-17.7222
-19.7222
-5.05556
6.16667
0.333333
0.388889
2
6.05556
8.38889
3.27778
-8
-13
-3.94444
10.8333
13.9444
0.888889
-17.5556
-26.2222
-18.8889
-2.33333
11.3333
10.3889
-3.72222
-18.3333
-22
-9.72222
10.5
33.0556
44.1111
35.7778
9.5
-17.1667
-24.2778
-12.2778
3.88889
8.27778
0.277778
0
0.833333
4.77778
9.44444
8.11111
-2.5
-13.8889
-12.0556
4.11111
20.8333
24.2222
13.4444
-0.444444
-7.44444
-6.44444
-2.5
-2.66667
-7.27778
-11.2222
-10.2778
-0.0555556
13.4444
24.1111
20.4444
2.44444
-18.9444
-27.8333
-18.1667
-0.444444
9.27778
6.05556
0
-0.0555556
0.444444
3.11111
7.83333
10.2778
4.33333
-8.44444
-15.8333
-7.5
13.5556
31.8889
36.6111
27.3333
12.7778
-0.5
-7.33333
-8.72222
-5.83333
-1.66667
1.44444
4.44444
3.66667
-2
-15.2222
-28.0556
-31.3889
-20.6667
-3.11111
9.27778
8.83333
0.333333
-0.277778
-0.0555556
0.555556
2.11111
5.77778
9.83333
9.61111
0.944444
-10.8889
-15.1111
-4.94444
12.6667
28.0556
33.9444
30.2222
19.8889
8
1.5
-0.888889
-0.277778
-2.38889
-6.44444
-14.8889
-24.6667
-32.0556
-29.6667
-17.8889
-1.38889
9
9.77778
2.05556
-5.61111
-0.277778
0.166667
0.888889
1.77778
3.88889
7.38889
10.7222
8.94444
0
-11.3889
-15.4444
-9.27778
4.61111
17.3333
24.6667
24.6667
18.8889
12.4444
5.05556
-1.61111
-9.77778
-16.8889
-22.8889
-24.1667
-20.3333
-9.16667
2.66667
10.9444
9.88889
2.61111
-5.55556
-8.83333
-0.111111
0.111111
0.777778
1.66667
2.83333
4.66667
8.38889
11.3333
9.16667
-0.555556
-11.7222
-17.0556
-13.5
-3.77778
5.05556
12.3889
12.7778
11.4444
5.55556
-0.277778
-7.16667
-12
-13.2778
-8.27778
0.111111
9.61111
12.2778
9.38889
1.11111
-6.22222
-9.66667
-8.11111
0.222222
0.277778
0.444444
1.11111
1.61111
2.22222
4.5
8.27778
10.9444
8.33333
0.833333
-7.11111
-13.1667
-13.8889
-12.1111
-5.33333
0
3.88889
3.83333
1.83333
0
-0.944444
2.11111
7
11.6111
11.5556
6.5
-1
-7.27778
-9.77778
-8.55556
-5.11111
0.5
0.333333
0.166667
0.333333
0.333333
0.444444
1.66667
4.27778
7.44444
9.61111
9.11111
6.61111
0.722222
-4.44444
-9.5
-10.3889
-9.38889
-5.94444
-0.888889
3.72222
7.61111
8.22222
8.16667
5.83333
3.44444
-1.16667
-5.05556
-8.61111
-9.22222
-7.55556
-4.44444
-1.61111
-0.46
-1.06
-1.72
-2.94
-4.86
-7.2
-8.96
-10.04
-9.4
-7.5
-5.58
-3.48
-1.76
-0.98
-0.86
0.26
0.6
0.94
0.92
1.14
0.38
0.18
0.5
1.94
3.64
6.28
8.68
10.16
-0.88
-2.02
-3.44
-5.2
-7.56
-9.76
-10.32
-9.6
-7.36
-4.5
-2.4
-1.4
-1.4
-2.42
-3.42
-2.8
-1.82
0.18
2.1
3.82
4.06
3.66
2.16
1.08
1
2.62
5.34
8.18
-1.44
-3.38
-5.64
-7.9
-10.18
-11.18
-9.6
-6.98
-3.96
-1.9
-1.84
-4.18
-7.3
-10.12
-11.14
-9.92
-6.64
-1.48
4
8.84
12.08
12.82
10.58
6.78
3.08
0.92
1.84
4.5
-2.14
-4.98
-8.1
-10.54
-11.62
-10.4
-7.08
-3.66
-1.8
-3.06
-6.82
-12.28
-16.94
-19.32
-18.26
-15.12
-9.44
-2.36
4.76
11.46
17.62
21.1
20.5
16.96
11.58
5.6
2.1
2.12
-3.32
-6.52
-9.68
-11.3
-10.66
-7.78
-4.28
-1.98
-2.58
-7.14
-13
-18.74
-22.88
-24.5
-21.72
-16.92
-9.38
-0.16
8.64
15.52
21.24
24.66
24.04
20.76
16.42
10.2
4.06
1.16
-4.74
-7.92
-10.2
-10.36
-8.34
-5.04
-2.74
-3.08
-6.82
-12.4
-17.44
-20.96
-21.92
-20.3
-15.84
-9.88
-2
5.68
12.1
15.06
16.6
17.54
17.82
16.7
16
12.84
7.5
2.68
-5.92
-8.4
-9.38
-8.56
-5.84
-3.2
-3.54
-6.88
-11.44
-15.3
-16.84
-15.74
-12.86
-9.36
-4.94
0.18
5.78
10.1
12
9.84
6.38
4.34
5.34
8.3
12.26
13.36
10.98
6.26
-6.8
-7.94
-7.6
-6.16
-3.64
-2.74
-6.16
-10.64
-13.38
-13.1
-9.54
-3.96
0.54
3.28
5.72
8.62
11.48
13.46
12.12
5.1
-3.48
-9.22
-10.34
-6.32
2.12
8.54
11.02
9.24
-7.08
-6.82
-5.24
-3.66
-2.4
-3.68
-8.62
-12.08
-11.12
-5.7
1.94
8.96
11.52
11.86
12.08
13.5
14.9
16.26
13.1
2.82
-9.72
-19.1
-23.2
-20.92
-11.68
-1.48
6.62
9.2
-6.88
-5.74
-3.68
-2.66
-2.58
-4.94
-9.12
-9.84
-5.12
3.8
12.42
16.72
15.9
14.8
13.6
13.22
12.86
11.3
5.04
-5.5
-15.92
-22.82
-24.56
-21.9
-15.32
-6.18
3.72
8.56
-6.12
-4.36
-2.46
-2.12
-2.8
-4.74
-7.02
-4.64
3.72
13.68
20.46
21.26
16.76
12
8.48
4.8
1.14
-2.26
-8.52
-14.98
-17.98
-18.36
-16.98
-13.66
-10.84
-6.06
2.42
7.98
-4.92
-3.1
-1.6
-1.54
-2.24
-2.78
-2.82
1.28
9.76
17.84
20.88
18.34
12.6
8.02
3.94
-1.6
-6.84
-11.16
-16.54
-18.98
-16.12
-11.7
-8.9
-7.24
-7.32
-5.2
1.02
6.6
-3.74
-2.28
-1.06
-0.82
-0.62
0.58
2.1
5.14
11.26
15.56
15.06
11.72
9.16
7.04
3.74
-3.44
-10.62
-17.32
-22.72
-21.92
-14.3
-6.48
-1.72
-0.1
-2.54
-2.66
1.02
5.18
-2.54
-1.52
-0.6
0.02
1.64
4.54
6.2
6.68
9.08
9.48
6.96
5.88
8.7
9.84
6.76
-2.68
-12.96
-22.44
-27.66
-24.48
-13.5
-2.92
3.46
5.36
2.84
1.64
2.62
4.66
-1.44
-0.74
0.08
1.38
4.2
8.14
8.84
5.88
4.3
1.6
-1.94
0.8
9.52
13.46
10.94
1.98
-9.76
-19.96
-23.82
-20.38
-11.1
-1.88
2.6
3.3
2.44
2.5
2.54
3.58
-0.46
-0.2
0.56
2.16
5.72
9.64
9.6
4.84
-0.04
-5.24
-8.32
-4.32
5.68
11.98
12.34
6.58
-0.56
-6.58
-8.7
-8.1
-5.04
-2.7
-3.22
-4.64
-3.36
-0.36
0.42
1.32
0.26
0.02
0.5
1.98
5.56
8.94
8.94
4.56
-0.96
-7
-9.8
-7.2
-0.22
4.2
6.4
5.9
5.72
5.42
6.18
4.38
0.96
-3.14
-6.86
-8.58
-5.44
-0.84
-0.24
-0.54
1.32
0.48
0.22
1.3
4.06
6.56
6.68
3.4
-3
-9.44
-12.58
-11.58
-8.28
-4.84
-1.24
3.54
8.84
13.06
15.86
13.52
6.84
0.04
-3.94
-4.82
-0.86
2.54
1
-1.82
2.5
0.98
-0.04
0.46
1.94
3.52
4.94
3.44
-2.8
-9.52
-13.5
-16.06
-16.9
-15.28
-10.36
-0.96
9.44
17.46
22.24
20.82
13.12
5.58
1.92
1.94
4.64
5.16
1.04
-3.74
4.14
2.02
0.12
-0.4
-0.6
-0.2
2.76
4.28
-1.28
-8.52
-13.18
-19.32
-25.56
-25.08
-18.42
-6.92
7.4
18.94
25.2
25.82
20.4
13.12
10.06
10.04
9.58
6.08
-0.22
-5.98
5.58
3.38
0.68
-0.82
-2.68
-3.22
0.12
2.98
-1.74
-8.88
-14.78
-21.2
-27.2
-26.52
-19.96
-8.48
3.34
12.08
18.76
23.58
23.66
21.56
21.58
20.4
15.46
7.02
-1.82
-7.98
6.88
5.22
2.3
0.06
-3.2
-4.9
-2.08
1.04
-2.12
-7.44
-12.22
-16.38
-19.56
-18.06
-13.68
-7
-2.14
1.26
6.34
14.9
21.9
25.92
28.14
25.54
16.42
4.12
-5.14
-9.92
7.68
7.02
4.62
1.82
-2.48
-4.98
-1.76
3.24
4.56
3.34
0.86
-3.38
-7.54
-8.98
-8.22
-6.34
-5.72
-4.96
-1.2
7.02
14.7
19.64
20.42
16.06
6.16
-4.04
-9.98
-10.94
7.84
8.6
7.18
4.42
-0.36
-4.18
-2.6
2.8
7.28
10.28
11.46
10.04
6.36
3.28
0.56
-1.86
-5.04
-7
-5.96
-0.6
4.62
7.36
6.5
2.22
-4.88
-10.32
-11.68
-9.48
7.02
9.24
9.34
7.32
2.96
-1.54
-2.56
0.64
6.62
12.94
17.62
20.2
19.86
16.1
10.32
4.34
-3.08
-8.82
-11.08
-9.34
-7.2
-5.5
-6.48
-8.68
-11.46
-12.34
-10.64
-7.3
5.88
8.98
10.76
9.96
6.72
2.4
-0.24
0.48
5.88
13.8
20.74
25.3
26.52
23.3
15.98
8.18
-0.34
-7.28
-12.7
-14.98
-16.54
-16.78
-17.56
-16.58
-14.98
-11.88
-8.58
-5.64
4.62
7.84
10.58
11.24
9.6
6.22
3.14
2
4.76
10.96
17.34
21.7
23.28
21.58
16.06
9.98
3.34
-2.94
-9.5
-14.88
-19.5
-21.4
-21.5
-18.42
-14.04
-9.28
-6.42
-5.12
3.26
6.14
9.18
11
11.2
9.22
5.72
2.46
1.32
3.54
7.46
11.8
14.78
15.94
13.42
9.88
5.08
-0.2
-6.28
-11.1
-14.9
-16.32
-15.28
-11.78
-8.32
-5.9
-5.36
-6.26