3.5
-5.125
-4.375
-13.75
-5.125
-4.125
-2
7.75
9.625
20.75
25.25
20.375
14.375
3
-2.125
-4.125
-2.5
0.125
1.25
7.375
13.75
10.125
8.25
-5.625
-16.625
-24
-33.375
-37.625
-38.5
-31.125
-28.375
-18.125
-16
-8.125
-2.75
-8
-8.25
-6.375
-3.75
-18.625
-26.75
-13
6.625
28.375
43.125
35.625
21.25
10.625
5.5
1.5
-1.125
0.375
1
13
17.75
18.375
22.375
5.625
8.625
4.5
-2.625
-0.875
-10.875
-11.375
-14.125
-9.625
-12.125
-11
-3.625
-9.75
-20.5
-14.375
-13.375
-11.5
-20.125
-24.125
-7.5
5.5
26.875
37.625
29.125
15.125
5.5
-5.625
-11.125
-6.375
-6.125
1.5
1.625
8.75
12.375
12.5
28.625
24.75
25.75
26.125
12
10
6.875
12.625
8.75
1.625
-11.375
-8.25
-13.375
-13.625
-12.25
-6.625
-10.875
-19.75
-23.125
-12.25
2.375
13.875
18.125
3.875
-13.75
-25.75
-26.625
-21.375
-15
-8
-9.75
-7.625
-11.25
-4.25
6.625
12
21.75
22.125
20
14.875
11.875
12.25
11.5
10.875
-18
-12.875
-3.625
-2.375
-3
-10.375
-14.125
-16.5
-25.875
-19.375
-13.5
-6
17.75
18
0.25
-2.5
-13
-13.875
-6.125
1.125
4.875
-1.25
-5
-10.625
-16.875
-7.125
-0.75
-2.625
5.125
4.625
8.125
8.5
9.625
14.125
-9.875
-11.25
-3.75
1
1.375
0.25
-2.875
-5
-10.375
-21.625
-10.25
11.875
42.75
52.25
43.875
35.625
15.25
15.75
10.5
14.125
31.625
36.25
37.125
24.875
-4.75
-14.625
-10.375
-11.375
2.25
12.25
15.125
15.625
11.875
6.5
-10
-12.375
-9.875
-4.25
-0.125
9
12.75
15.375
15.125
-0.5
3.75
22.5
34.625
50
53.875
36.125
23.75
20.375
12.25
18.875
38.75
60.875
69.25
55.875
21.625
-7.875
-13.375
-7.5
5.375
16.375
14.625
8.75
4
-5.375
-11.625
-10
-10.5
-7
-3
2.875
11.75
15.625
18.25
15.75
11.75
15.625
18
32.125
33.5
23.625
16.875
6
4.5
14.625
27.625
47.25
67
67.875
57
38.25
17.375
10.25
5.25
5
1.125
-5.875
-4.75
-6.875
8
8.125
4.875
-1.125
-5.5
-3.5
-1.5
-0.75
3.125
20.625
29.75
33.625
39.125
27.25
17.625
13.5
4.125
-1.5
-1.5
4.25
17
29.125
45.375
66.125
72.625
71.875
59.5
36.25
19.5
3.875
-7.125
-11.375
-10
-3.625
16
14.375
13.5
5.25
-5
-9.25
-15.75
-14.375
3.5
33.375
48
56.125
46.875
18.75
10.25
1.625
-6
-6.5
-6.125
-2.75
6.25
18.25
29.625
42
52.5
61
55.875
41.5
25.75
-1.125
-13.625
-12.75
-13.375
-1.875
-2
-0.125
-1.25
-3
-5.75
-12
-14.5
1.625
27.5
45.125
54.75
46.875
24.75
10.25
1.125
-6.875
-8.875
-9.875
-6.375
-3
-1.125
6.5
20.125
27.75
41.75
57.75
56.25
49.375
29.75
4.625
-8.5
-7
-2
3.875
-7.625
-6.125
-10.375
-9.625
-4.75
1.625
21.75
45.875
56.875
60.875
50.875
27.5
15.25
3.5
-7
-7.75
-7.125
-5.625
-2.75
-3.625
-4
-1.25
6.25
18.5
32.25
46.125
57.75
60.125
49.625
39.75
28.625
18.5
17
9
-4.625
-3.125
-1
0
5.875
23.375
50.75
60.75
66.25
60.5
36
21.75
10.125
-4.125
-5.75
-3.75
-1.5
1.625
-1.75
-4.75
-5.625
-4.75
-2.5
3.5
13.375
22.375
37.625
53.375
61.625
64.5
57.375
36.625
18
3.5
-12.375
-7.375
3.375
9
23.625
40.25
47.75
56.5
55
39
27.5
14.375
-0.5
-3
-0.875
0.5
3
1.875
-1.375
-3.5
-5.125
-6.25
-5.5
-3.5
1.625
8.25
19.75
38.375
55.125
64.75
63.75
44.25
20.5
5.75
8
5.625
8.25
20.875
43.875
52.75
58.125
61.75
42
29.5
17.75
1.875
-2.875
-0.75
0.25
1.875
2.125
0
-0.125
-1.25
-3
-5.125
-6.625
-6
-4.25
-0.75
5.5
19.875
38.375
51.875
64
60.125
39.625
22.625
37.5
27.25
24.25
38.125
52.25
63.125
69.75
51.25
32.75
19.125
1.875
-4.25
-3.5
-2.75
-0.75
0.375
-0.125
-0.25
-0.125
-0.25
-1.125
-2.5
-4.625
-6.125
-6.375
-4.75
-2.25
4.375
20.125
37.75
53
62.375
52.625
32.875
27.875
21.375
34.875
48.25
57.875
67.25
54.5
32.625
19.25
2.5
-4.5
-4.75
-4
-2.25
-0.875
-0.75
-1
-1
-0.875
-0.625
-0.5
-0.625
-1.75
-3.5
-5.5
-5.125
-3.75
-1.75
6.25
22
33.25
39.125
40.75
25.875
12.125
20.5
41.75
58.125
69
55.25
31.375
18.25
3.125
-4.375
-5
-4.5
-2.25
-0.625
-0.375
-0.5
-0.75
-0.75
-0.875
-0.75
-0.375
-0.25
-0.25
-1
-1.75
-1.75
-1.5
-0.75
0.25
-1.375
-4.375
-7.875
-9.875
-8.75
-1.5
21.375
29.5
43.625
43.875
23
12.875
5.75
-2
-3.375
-3.375
-3.125
-1.5
-0.25
-0.25
-0.25
-0.125
-0.125
-0.25
-0.25
-0.125
-0.125
-0.25
-0.25
1.25
1.25
1.5
1.5
-7.25
-26.625
-43.875
-57.625
-57.25
-40.375
-12.875
-6.75
-12
-13.5
-20.5
-15.375
-6.5
-1.25
2.125
2.25
1.875
1.25
-0.625
-0.625
-0.25
-0.25
-0.125
-0.25
-0.25
-0.125
0
-0.5
-2.5
-1.25
0.375
1
2.875
-5.25
-26.125
-46.625
-65
-72.75
-55.375
-32.875
-4.875
-20.25
-35.25
-49.875
-59.125
-38.75
-23.375
-11.5
1.125
5.5
6.625
6.25
3.375
0.625
-0.25
-0.5
-0.125
-0.25
-0.375
-0.125
-0.75
-3.25
-3.25
-1
0.125
2.625
-3.25
-23.125
-42.25
-61.125
-72.25
-59.875
-36
-11.5
-0.625
-11.5
-30.125
-50.375
-66.25
-61.375
-45.625
-29.75
-10
0.25
5.75
7.5
6.75
3.875
0.875
-0.625
-0.5
0
-0.125
-0.625
-3
-3.375
1.625
3.5
5.75
1.5
-17.875
-37.375
-54.875
-68.875
-63.5
-46.5
-26.75
-7.75
-0.5
-6.625
-23.875
-51.5
-73.625
-88.75
-79.25
-56.375
-33.5
-14
-3.5
3.5
6.125
5.625
2.125
-0.5
-2.25
-2.25
-0.875
-2
-1.875
3.25
6.875
8.375
6.875
-9.75
-30
-48.625
-68
-64.5
-52
-37.625
-25
-21
4
-3
-14.75
-33.25
-55.125
-79.375
-89.5
-81.125
-65.75
-38.875
-19.5
-8.125
2
5.5
4.25
1
-1.75
-3.75
-3.25
-0.375
4.375
8.125
9
7.5
-5.5
-26.875
-50.875
-72.625
-77
-62.875
-45.125
-28.375
-23.25
-24.625
-8.75
-9.5
-8.625
-11.875
-18.625
-41.25
-68.5
-84.875
-83.125
-69.75
-45.375
-25.5
-12.875
0.875
7.125
6
2.125
0
-2
2.875
8.625
8.5
6.875
-4.25
-27.375
-55.625
-83.75
-91.25
-75.375
-51.625
-25
-11.375
-9
-10.75
-22.875
-22
-19.125
-15.875
-4.5
-7.25
-18.375
-38.25
-56.375
-71.375
-70.25
-50.75
-34.25
-15.375
1.5
9.125
7.625
7.75
7.375
6.125
7.875
6.125
-4.125
-26.75
-54.125
-80.125
-87.375
-71.625
-45.5
-20
-3
4.5
6.625
4.375
-18
-18.375
-17.125
-13.625
-8.375
1.375
7.125
-3.625
-36.25
-60.625
-79.875
-80.625
-57.25
-39.125
-17.875
1
10.75
12.625
13.25
9.375
4.5
-4.625
-27.5
-54.375
-78.375
-81
-58.75
-33.875
-10.25
1
2.625
7
9.375
8.125
-18.875
-11.625
-2.625
-2.25
-7
-9.375
-18
-29.75
-45.125
-61
-74.75
-86.5
-83.375
-66.25
-44.25
-20
1
7.375
7.5
6.25
-5.375
-28.375
-56.875
-79.375
-84.875
-65.125
-33.625
-10
1.625
6.25
5.125
5.625
7.125
4.5
-18.125
-12.75
-5
0
-0.125
-9.125
-22.875
-32
-29.25
-32.25
-42.125
-58.25
-83.25
-89
-73.375
-50.25
-22.875
-4.125
0.625
-6.125
-28.875
-56.625
-80.125
-84.75
-63.5
-37
-13.375
1.125
2.625
5.25
8.5
9.875
13.125
17.375
-9.625
-12.625
-9.875
-5
-7.625
-13.5
-18.875
-21.75
-19
-11
-10.375
-23.375
-51.375
-81
-91.75
-81
-54.125
-25.625
-15
-28.625
-52
-73.75
-82.625
-66.625
-39.75
-15.875
-1.625
3
4.375
4.625
9.875
15.875
25.75
33.5
-6.625
-6.25
-2.5
-0.5
-4.625
-5.75
-7.125
-11.375
-17
-16.75
-11.25
-9.75
-20.875
-42.25
-73.875
-89.125
-80.875
-66.5
-56.375
-57.625
-56
-59.375
-48.25
-30.625
-23.125
-6.875
1
4
10.875
13.875
15.125
15.25
15.875
7.25
1.625
10.125
17.5
26.25
27.875
28.125
26.25
18.625
3.125
-12.375
-16.75
-12.625
-7.75
-9.375
-33.625
-64
-82.25
-95
-89
-61.5
-22.625
7.25
23.375
22.375
3.625
1.75
7
9
13.625
14.25
12.25
5.125
-8
-18.5
9.375
15.625
17
25.625
26.625
23.625
20.125
14.375
4.75
-9.5
-14
-12.125
-6.375
-0.5
-5.875
-14.875
-26.5
-35.125
-23.5
5.75
44.375
85.75
92.5
72.5
45.875
21.625
15.625
16.625
12.375
4.25
-0.625
-6.625
-13
-4.375
4.125
-8.625
-26.875
-33
-33.875
-32.5
-29.25
-23.375
-16.625
-13.875
-8.125
-3.125
0.125
0.5
0.5
22.625
39.625
60
81.875
77.5
74
91.625
97.75
83.375
83
60
37.5
39.625
29.375
17.75
13.375
11.25
12
26.5
24.75
18.875
-11.875
-21
1.125
20.125
22
-1
-31.125
-31.75
-15.25
3.125
22.375
89.25
145.375
79.875
8.75
0.375
-2
-60.875
-135.5
-96.375
-17.75
8.375
4.375
-3.75
-7.375
-6.875
-1
-5.625
-13.125
-20.125
-8.25
16.875
9.25
7
-14
-14.875
7.5
24.125
18.25
-2.5
-12.375
-11.125
-16.375
-6.625
18.75
83.875
135.75
77
10.375
0.625
-1
-54.75
-128
-98.125
-23.125
2.375
1.875
-6
-22.125
-18.375
-1.125
3.375
-2.375
-12.375
-4.875
11.75
2.125
-6.25
-14
-9.125
9.625
20.75
9.875
-2.375
5.25
12.25
-1.625
-9.125
0.125
61.625
127.5
79.625
9.625
4.125
5.875
-49.5
-123.125
-97.75
-24.875
-2.25
2.875
0.75
-25.5
-23.625
-1.75
1.5
-7.375
-11.625
0.25
7.375
-5.625
-8.25
-6.625
-3.375
5.75
7.375
-1.625
6.75
28.625
28.5
4.625
-12.875
-8.375
55.125
115.25
67
11.375
13.875
11.75
-42
-118.75
-105.125
-29.25
0
12.125
11.5
-28.5
-31.125
-4.75
-1.625
-10.125
-8.25
4.5
4.875
-15.25
-11.625
0.875
2.125
2.5
4.375
-0.875
-4.75
16.875
41.375
33.5
7.25
-1.5
46.75
88
53.25
19.25
18.375
8.125
-40.875
-106.625
-101.5
-40.5
-4.125
22.875
18.375
-32.25
-35.375
-2.875
4.375
-8.375
-8
4.625
-1.625
-12.375
-14
4.25
9.25
1.125
1
0.125
-5.25
7.125
31.375
51.75
43.875
13.25
28.75
62.875
47.125
22.25
18.25
7.75
-34.625
-88.375
-90
-55.625
-23.125
14.5
11.375
-21.375
-17.625
-1
1.25
-9.125
-10.375
-0.125
-3.5
-14
-5.375
14.125
14.5
-0.375
-2.75
3.75
2.625
2.875
15.25
48.5
69.75
45.625
35.75
42.625
29.875
21.25
14.625
1.5
-23.625
-62.5
-79.125
-64
-40.875
-13.125
-5.125
-15.125
-7
4.625
7.125
-3.625
-14.5
-9.25
-3.625
-15.375
-8.5
14.5
19
3.5
0.375
8.25
2.875
-2
6.75
54.5
101.875
69.75
27.625
23
23.125
16.875
4.75
-4
-14.125
-32.375
-55.75
-66.75
-48.125
-26.25
-32.75
-25.875
1.75
4
0.25
-5.375
-16.875
-13
-7.125
-7.25
-11.125
4.375
19.125
8.75
3.5
11.5
5.5
2.125
17.875
64.5
103.125
69.875
23.5
16.125
14.5
4.125
-0.75
1.5
-4
-17.5
-31.875
-50.125
-56.125
-47.375
-47.875
-29
0.5
-2.75
-8.875
-13.625
-21.375
-12.75
-3.125
-4.75
-10.875
2.5
15.25
4.5
-0.5
11.25
11.375
20.75
46.125
69.75
85.125
59.625
23.5
12
1.625
-5
0.5
5.375
2.5
-6.25
-18.75
-30.125
-40.75
-50
-50.75
-38.375
-27.75
-25.75
-18.125
-19.125
-21
-4.875
6.875
-1.75
-11.875
-3.5
7.75
1.75
3.5
13.75
21.875
46.5
66.375
74
69.375
39.75
14.25
1.125
-7.125
-4.375
2.875
6.875
5
0.875
-6.5
-18.875
-23.25
-29.75
-45
-45.25
-46.375
-53
-39.125
-28.25
-18
5.5
12.125
-0.125
-13.125
-7.375
4.875
1.5
6.625
30
43.375
56.375
76.875
72.625
43.75
20
3.5
-7.25
-6.75
-2.125
2.875
6.75
5.875
3.5
1.25
-6.25
-17.25
-25
-27.625
-34.5
-56.375
-67.875
-52.5
-37.375
-19.5
2
6.75
2.125
-11.125
-3
7.25
3.625
18.375
48
58
69.75
73.5
47.75
25.25
10.125
-4.125
-8.75
-5.5
-0.25
3.625
5
4.75
4.125
3.25
2.25
-3.5
-13.375
-15.875
-22.875
-52.875
-77.875
-66.25
-45.875
-30.375
-9.75
2.25
4.125
-8.375
1.375
13
18.625
41
63.5
69.5
65.25
48.25
30.25
14.375
-1.25
-8.5
-8.625
-2.5
3
2.125
1.625
3.25
3.625
3.5
3.5
3
-1.625
-8.5
-14.25
-31.375
-60.875
-71.5
-56.75
-42.25
-33.5
-18.5
-1.25
-11.375
4.25
25.875
38.875
55
71.875
67.75
45.25
31.25
17.75
1.125
-6.375
-8.5
-5
1.875
2.125
-0.25
0.125
1
2.25
3.125
3.625
4
3.5
0.75
-5.75
-17.875
-38.125
-58.125
-64.25
-58.125
-55.125
-40.625
-0.5
-12
8.5
43.875
59.75
66.375
64
48.5
35
19.625
2.125
-5
-6.5
-5
-1
0.625
-0.125
-0.25
0.375
0.25
0.125
1.5
3.125
4.125
4.125
3.5
2.25
-4.125
-19.625
-39
-56.5
-70.625
-77.375
-58.125
-16.125
-11.875
26.375
68.5
75.375
63.25
46.25
33.875
19.5
2.75
-4.5
-5.25
-4.25
-2.25
-0.875
-0.25
-0.25
-0.25
0.375
0.125
-0.5
0.125
1.5
3.25
4.25
5.125
5
1.75
-6
-22
-43.75
-68.875
-92.5
-80.625
-26.375
-4.5
50.75
84.875
72.75
47.5
30.875
18.5
2.875
-5.125
-4.75
-3.75
-2.25
-0.875
-0.625
-0.25
-0.25
-0.25
0.375
0.25
-0.375
-0.25
0.25
1.5
3.75
6.75
7
2.75
-0.25
-13.125
-47.625
-78.375
-92.125
-80.75
-23
15.375
71.25
90.375
67.875
39.75
19.375
5.5
-3.75
-8.125
-6.375
-1.375
0
-0.75
-0.75
-0.25
-0.375
-0.375
0.5
0.5
-0.125
-0.125
-0.25
0.5
3.75
7.75
7.5
2.75
-7.25
-27.375
-52.125
-77.375
-90
-68.125
-25.125
24.75
80
86.5
62.25
41.125
17.75
2
-3.625
-7.75
-6.625
-2.25
-0.125
-0.375
-0.5
-0.25
-0.625
-0.5
0.5
0.625
0.25
-0.5
-2.75
0.25
8.125
9.5
5.375
-5.25
-25.875
-47.125
-65.5
-77
-70.125
-43.125
-15.125
22
64
76.375
65.625
44.25
26.375
11
-1.125
-5.75
-4.875
-2.75
-2.875
-2.125
-0.25
0
-0.625
-0.25
0.375
0.375
-0.25
-3
-2.75
5.5
11.125
7.875
-3
-22.875
-44.5
-67.875
-81.5
-66.625
-37.75
-13.25
-5.625
11.75
31.875
53.875
65.75
60.875
48.875
28
9.5
-0.25
-4.25
-3.5
-4
-4.625
-2.125
-0.125
-0.25
0
0.375
-0.375
-2.25
-2.625
1.875
8.5
10.5
1.5
-18.125
-42.375
-68.375
-82.875
-70.5
-45
-18.75
3.5
-8.25
-7.875
3.375
31.75
52.625
62.75
69.5
52.125
26
12.5
3.5
-2.75
-4.875
-5.625
-5.875
-3.75
0.75
2
0.125
-1.5
-1.375
1
4.625
8.875
7.125
-10
-39.25
-69.625
-85.25
-75
-54.75
-31.375
-1.25
16.5
-9.5
-16
-12.5
12.5
33.625
45.125
67.25
73.625
50.5
26.375
16.75
7.875
-2.5
-6
-7.25
-7.75
-2.5
3.5
1.5
-1.125
1.375
3.875
7.5
8.25
-5.5
-34.625
-71.125
-90.875
-78.5
-56.125
-37.125
-14.875
6.5
15.875
-15.25
-19.5
-12.875
-3.875
9.125
31.75
57.5
71.875
69.125
50.25
28.125
21.25
12.625
-1.125
-7.375
-9.25
-7.125
-0.25
5.25
3.875
3.125
6.5
7.125
-4.25
-29.625
-66.375
-95.75
-87.75
-58.375
-33.125
-15.25
-6.125
2.25
8.5
-25.625
-20.75
-11.375
-6.875
6.75
27
45.875
59
57.625
50.125
42
35.5
29.75
15.375
-1.5
-9.125
-8.125
-1.25
5.375
5.375
5.625
5.875
-4.125
-27.25
-58.375
-86.875
-96.875
-75.875
-37
-9.75
-4.25
-2.25
5.125
6.875
-16.5
-16.375
-10.625
-4.625
5.625
18.125
26.625
36.875
42
43.375
49.375
52.375
46.5
35.625
18.125
-0.75
-9
-3.125
5.5
6.375
4.75
-4.375
-28.25
-55.875
-79.375
-92.75
-82.75
-49.875
-14.5
3.5
4.125
3.5
5.625
0.625
-15.375
-12.625
-1.625
0.5
7.25
21.125
20.5
13.5
17.875
31.25
38.25
49.5
60.875
57
42.25
20
-0.5
-4.375
4
5.75
-5.375
-29.125
-56.625
-76.125
-83.875
-77.125
-53.375
-22
-3.375
4.25
8.125
7.625
4.375
-4.25
-10.875
-3.5
-2.25
0
10.875
19.375
14.125
7.75
4.75
15.25
30.125
34.5
47.25
64.25
66.625
49.5
21.625
4.375
0.875
-6.375
-28.875
-56.125
-77.875
-82
-64
-45.5
-28.375
-11.875
-4.375
4.5
12.75
13.125
8.375
-0.375
-0.375
1.125
-0.625
3.75
4.125
2.25
1.375
3.75
9.75
20.5
25.375
22.375
24.125
46.75
77.75
76.5
46.875
21.875
2.25
-24.625
-53.5
-78.5
-90.625
-70.625
-35
-17.625
-12.875
-7.5
-2.625
7.625
16.375
14.875
14
5
-4.875
8.75
9
6.25
2.375
-1.25
-2.625
-0.125
5.25
17.5
22.5
13.25
4.125
22.25
66.625
83.375
65.125
39.25
5.375
-34.375
-62.5
-80.375
-87.75
-57.125
-12.375
1.125
-5.75
-9.5
-1.125
16.125
19.625
7.5
6.875
4.75
-1.125
24.125
15.75
4.5
0.375
-5.125
-7.75
-6.625
-4.375
10.625
28.25
19.625
-10.75
-4.875
46.375
73.5
67.25
49.25
14.25
-21.5
-36.125
-58
-92.625
-68.875
-9.875
10.75
3.5
-9.75
-6.375
16.75
24.25
7.875
1.75
6
-5.125
27.625
21
3.125
-2.125
-5.375
-7.125
-10.875
-15.5
-1
30.25
36.125
-5.625
-21.5
23.875
65.875
80.25
59.125
17.75
-4.5
-6.625
-32
-87.75
-90
-33.875
6.875
9.625
-9.375
-9.875
13.5
19.625
0.625
-4.75
5.875
-20.125
15.875
19.625
4.5
-0.125
-2.75
-4.25
-9.375
-18.375
-8.125
30.875
48.875
3.875
-27.25
6.25
63.375
97.875
65.75
19.125
13
17.5
-9.625
-76.5
-110.375
-60.5
8.25
12
-20.375
-16.375
10.75
16.875
-1.75
-12.5
7.25
-4.83333
-10.5556
-13.7222
-19.5
-20.5556
-12.3333
-0.444444
10.3333
18.8333
29.2222
36.5
27.7222
17.6667
6.44444
-1.33333
-5.5
-5.38889
5.05556
7.94444
11.7222
14.3333
12.1111
16.3333
5.44444
0.166667
-4.88889
-9.38889
-9.44444
-17.6667
-11.1111
-12.5556
-10.5556
-12.1111
-12.8333
-18.8333
-20.2778
-23.1111
-21.5
-12.7778
-2.77778
7.72222
16.7222
26.8889
25.7778
15.3889
2.33333
-6.5
-10
-12.5
-6.05556
-3.33333
3.44444
6.05556
5.77778
15.0556
13.7222
15.7778
13.6667
13.0556
13.5556
3.72222
6.61111
3.83333
2.33333
-13.0556
-9.5
-16.1111
-18
-18.9444
-20.1111
-23.2778
-16.4444
-2.83333
6.66667
16
16.6111
14.0556
3.94444
-7.27778
-12.4444
-18
-10.0556
-4.5
0.611111
-0.611111
3.16667
9.94444
9.94444
12.7222
15.0556
21.1111
19.1667
16
16.4444
14.8333
11.6111
-14.1111
-12.4444
-13.1667
-11
-9.44444
-13.3333
-22.4444
-21.8333
-10.8889
-0.944444
11.7222
16.5
18.5556
19.5
11.3333
3.33333
-9.5
-2.94444
8.61111
9.61111
5.83333
7.66667
8.11111
4.11111
0.166667
0.166667
7.83333
9.5
14.2778
15.0556
15.7222
17.3889
-10.7222
-9.44444
-7.72222
-3.77778
0.444444
-0.611111
-9.33333
-14.7222
-4.5
10.0556
23.5
26.2778
34.1111
44.6111
37.1111
22.7778
6.72222
16.6667
30.1667
32.8889
33.1111
34.0556
27.6667
14.2222
1.83333
-3.22222
-1.22222
1.66667
13.2222
15.5556
13.9444
11.7222
-12.8333
-10.5556
-6.61111
-1.38889
3.77778
8.72222
7.94444
0.111111
6.77778
21.1667
32.3889
35.3889
41.0556
53
47.1667
31.8889
19.0556
24.7778
37.2778
47.8889
56.7778
61.1111
54.1667
40.6667
27.1111
14.4444
4.38889
2.55556
10.2222
11.5
6.11111
2.55556
-7.5
-3.33333
-2.72222
-1
2.94444
9.05556
12.1111
14.1667
20.8333
31.6111
37.8889
42.1111
45.1667
44.4444
37.4444
25.5556
17.3889
20.1667
29.6667
45.5
62.1111
72.0556
72.1667
64.7778
53.1667
38.8333
22.5556
12.8889
9.88889
5.72222
0.944444
-3.94444
0.666667
1.33333
-0.0555556
-3.05556
-4.88889
-1.77778
7.33333
20.5556
29.1667
36.8889
43.3333
47.2222
41
27.4444
18.6111
11.7778
6.66667
6.27778
15
30.9444
49
65.9444
76.6111
83
77.7222
64.4444
46.2778
25.8333
9
-3.77778
-8.94444
-8.22222
5.77778
2.77778
-0.388889
-3.77778
-9.11111
-4.88889
8.22222
31.1111
40.7222
46.3333
53
50.5
37.1111
14.8333
5.88889
0.722222
-3.5
-3.61111
3.55556
16
31.4444
45.9444
61
75.5556
76.9444
68.1111
54.3333
36.7222
17.4444
0.5
-5.66667
-4.55556
1.66667
-0.944444
-3.11111
-4.38889
-1.44444
7.33333
25.6111
43.2778
51.8889
55.8889
54.4444
43.0556
24.1111
6.44444
-1.44444
-6.11111
-8.77778
-7.33333
-2.33333
5.5
17.1667
30.3333
46.8889
66.0556
75.2778
73.7778
62.7778
49
32.8333
15.4444
4.16667
1.55556
-6.72222
-4.72222
-2.83333
3.44444
16
33.8333
49.4444
61.6111
65.7778
60.8889
49.2222
29.5556
13.4444
1
-4.33333
-7.66667
-8.11111
-6.61111
-4.33333
-1.27778
5.16667
14.1111
26.8333
42.0556
57.0556
66.4444
66.6667
64.1667
56.5556
43.6111
28.8333
15.7778
-7.22222
-2.22222
7.05556
19.0556
40.3333
55.6667
67.2778
71.4444
67.4444
55.9444
35.3889
17.5556
5.44444
-0.888889
-3.72222
-4.72222
-4.72222
-3.5
-4.38889
-5.05556
-2.44444
3.83333
14.3333
25.7222
40.5556
57.5
67.3889
71.7222
71.8333
63
47.6667
29.2222
2.66667
8.44444
23.0556
39.3333
54.9444
68
73.4444
71.6111
59.2778
41.7778
24.9444
10.4444
2.88889
-0.944444
-1.83333
-1.22222
-0.444444
-1.83333
-3.88889
-5.66667
-6.27778
-4
1
7.5
19.7778
38.2222
57.2778
69.7222
76.3889
74.7778
62.1111
43.1667
19.2778
26.8333
43.1667
55.8889
68.5
75.4444
74.4444
63.2778
43.7778
28
13.2222
4.11111
-0.333333
-1.55556
-0.666667
0.555556
0.722222
-0.888889
-3.16667
-4.72222
-5.94444
-6.61111
-5.11111
-1.5
5.05556
19
37.3889
53.6667
67.9444
72.7222
67.6111
53.8333
39.3333
46.5556
58.2778
67.1667
74
76.1111
66.7222
47.9444
28.6111
13.7778
4.27778
-1.11111
-2.83333
-2.11111
-0.666667
0.333333
0.388889
-1
-1.83333
-2.94444
-4.44444
-5.66667
-6.55556
-5.38889
-2.27778
5.33333
20.1111
37.3333
51.1111
60.1667
60.8333
53.6667
49.2778
57.8889
66.8333
73.5
77.2222
69.4444
51.8889
31.7778
15.7222
4.44444
-2.27778
-4.33333
-3.33333
-2.05556
-0.944444
-0.555556
-0.888889
-0.888889
-1.05556
-1.55556
-2.55556
-3.72222
-4.83333
-4.66667
-4.16667
-1.33333
6.61111
17.5
26.8889
31.5
34.6111
31.6111
43.6111
49.4444
56.6111
64.1111
63
49.1111
31.4444
16.2778
5.05556
-1.77778
-4.27778
-4.16667
-2.88889
-1.33333
-0.833333
-0.777778
-0.833333
-0.722222
-0.666667
-0.722222
-1.16667
-1.88889
-2.05556
-2.05556
-1.94444
-1.66667
-1.61111
-2.44444
-5.05556
-8.05556
-8.61111
-9.33333
19.1667
25.3333
29.7222
35.8333
31.7222
20.6667
11.6667
6
0.555556
-2
-2.27778
-2.22222
-1.44444
-0.777778
-0.611111
-0.666667
-0.611111
-0.555556
-0.444444
-0.611111
-1.44444
-1.11111
-0.333333
-0.333333
-0.444444
-3.22222
-10.6111
-23.6667
-37.1111
-47.3889
-49.9444
-46.9444
-12.9444
-10
-10.8333
-8.77778
-11.8889
-9.38889
-4.11111
-1.22222
1
1.66667
1.55556
1.33333
0.5
0.0555556
-0.333333
-0.388889
-0.277778
-0.277778
-0.5
-1.55556
-1.83333
-0.722222
0.611111
0.555556
-1.88889
-8.55556
-22.9444
-43.6111
-61
-71.4444
-69.6111
-60.2222
-30
-35.5556
-44.6667
-49.3889
-51.2778
-40
-25.1111
-11.5
-0.5
3.55556
4.66667
4.44444
2.94444
1
0.111111
-0.444444
-0.5
-0.611111
-1.44444
-1.94444
-1.44444
0.166667
1.05556
-0.666667
-6.38889
-19.9444
-38.8333
-58.7222
-75.0556
-80.2778
-72.8333
-56.3333
-32.7778
-47.4444
-64.6111
-76.4444
-78.8889
-67.8889
-49.7778
-31.1667
-11.6111
-0.666667
4
5.88889
4.33333
2.44444
0.666667
-0.5
-1.33333
-1.94444
-1.66667
-0.944444
1.72222
2.83333
2.77778
-1.83333
-14.1111
-32.3889
-53.5
-70.5
-80.0556
-78.9444
-66.0556
-47.7222
-20.8889
-42.6111
-63.7778
-83.5556
-92.5556
-90.3333
-78.7778
-57.4444
-35.3333
-15.4444
-3.33333
2
4.33333
3
1.66667
0.0555556
-1.77778
-2.44444
-1.11111
2.72222
4.94444
5.22222
1.94444
-9.66667
-28.7778
-51.3333
-70.8889
-80.4444
-83.8889
-75.6667
-61.8889
-44.9444
-16.1667
-32.6667
-52.6667
-75.5
-89.6111
-98.3889
-94.7222
-84.1111
-64.8333
-40.8333
-21.0556
-7
-1.22222
2.83333
2.27778
1.27778
-0.277778
-0.722222
1.94444
5.16667
7.55556
4.22222
-6.11111
-25.9444
-51.1667
-71.7778
-84.5556
-87.5556
-81.3889
-65.8333
-48
-34.5556
-14.9444
-24.6667
-33.4444
-48.0556
-62.1667
-76.2222
-84.7222
-84.7222
-80.1111
-63.9444
-43.9444
-26.4444
-11.2222
-1.83333
3.22222
5
4.88889
5.44444
5.72222
7.05556
4.88889
-5.22222
-24.6111
-49.9444
-73.6667
-88.7778
-92.7222
-85.8333
-69.2222
-47.5
-29.2778
-20.2778
-22.1667
-23.8889
-23
-27.7778
-36.8889
-55
-68.9444
-81.5556
-88.8333
-86.8889
-73.4444
-51.7778
-32.2222
-13.3889
-1.94444
5.83333
9.66667
10.3333
9.33333
4
-5.66667
-24.6667
-49.7222
-72.7222
-87.3889
-91.5
-83.5556
-66.8333
-42.8333
-20.3889
-6.72222
-2.44444
-23.2222
-20.2778
-12.6667
-8.44444
-12.5
-24.8333
-43.9444
-60.0556
-79.9444
-92.8333
-93.0556
-80.4444
-56.8333
-36.5556
-15.0556
0.111111
9.16667
11.8889
6.94444
-5.61111
-26.5556
-50.3333
-72.6667
-86
-87
-79.1667
-62.0556
-39
-15.8889
-1.5
3.55556
4.66667
-22.3333
-16.6667
-11.7222
-13.3889
-19.4444
-29.3889
-43.5
-60.6667
-77.1667
-92.8889
-100.944
-96.3333
-82.7778
-63.1111
-41.3889
-19.8889
-2.77778
2.22222
-6.16667
-25.9444
-52.2222
-73.1667
-86.6111
-88.7778
-77.8889
-59.1111
-35.5556
-13.7778
1.83333
10.3889
12
13.9444
-16.6111
-11.7778
-9.44444
-10.9444
-15.9444
-21.2222
-30.4444
-40.8889
-54.7222
-69.3333
-86
-96.2222
-94.9444
-87.0556
-69.2778
-48.5
-27.8889
-19.8889
-29.9444
-50.6111
-73.2222
-87.3333
-89.3889
-80.1667
-61.5
-37.2222
-14.9444
0.888889
8.72222
12.0556
16.7222
20.2222
-11
-9.55556
-8.72222
-11.6111
-18.0556
-23.5556
-28.1111
-33.1111
-36.1667
-44.8889
-61.7778
-77.3889
-89.9444
-93.7778
-91.3333
-79.4444
-63.5556
-57.2222
-58.1111
-67.9444
-79.0556
-81.8333
-74.3333
-56.8889
-39.2778
-19.3889
-0.666667
9.83333
13.6667
15.1111
21.2222
25.2222
-0.555556
1.72222
5.22222
9.61111
7.22222
1.05556
-6.88889
-11.8333
-14.6111
-20.9444
-37.3889
-53.7222
-69.5556
-83.8333
-93.5556
-97.5556
-93.6111
-85.2222
-68.7222
-60.0556
-55.9444
-49.3889
-37.1667
-21.5556
-15
-5.44444
4.83333
12.9444
16.8889
12.8889
14.1111
15.0556
9.27778
11.8333
13.6667
18.7778
16.4444
10.6667
0.833333
-8.11111
-9.44444
-12.0556
-20.5556
-30.7222
-43.2778
-52.3889
-65.6111
-78.0556
-79.1111
-66.8333
-37.4444
-13.2222
0.555556
13.8333
22.6667
27.2778
20.1111
12.7222
13.6667
16.6667
17.5
10.5556
3.11111
1.94444
6.5
6.38889
3.27778
6.83333
7.38889
4.44444
-1.38889
-9.27778
-10.2778
-9.11111
-10.6111
-15.8889
-21.3889
-18.3889
-22.8889
-31.0556
-28.2778
-8.22222
21.5
46.5556
63.5
70.8333
73.9444
68.5
54.2222
37.3333
26.5556
25.7778
22.8333
14.8333
7
8.38889
-0.944444
-5.44444
-11.5
7.72222
14.2222
15.3333
-0.555556
-8.88889
-10.7222
-7.55556
2.5
50.0556
101.889
140.889
102.778
52.3889
9.16667
-34.8333
-85.9444
-137.5
-112.444
-60.2222
-5.22222
3.55556
-3.16667
-15.2222
-16.2778
-12
-11.8889
-13.7778
-14.5556
-6
-9.22222
-7.27778
-7.27778
10.8333
14.1111
13.8333
3.55556
2.77778
2.72222
1.94444
1.66667
41.6667
89.2778
128.889
95.7222
52.7778
14.8333
-26.2778
-80.2222
-134.667
-116.611
-65.5556
-7.94444
4.05556
-3.22222
-21.7778
-22.1667
-14.3333
-7.5
-6.16667
-9.16667
0.333333
-10.5
-3.61111
-5.22222
7.55556
7.61111
9.33333
5.61111
12.6667
19.5
19.1111
13.6667
38.7222
76.9444
110.722
87.1667
52
17.4444
-20.8333
-73.0556
-125.722
-117.944
-74.8333
-15.0556
3.05556
-0.0555556
-23.9444
-23
-14.0556
-4.33333
-5
-9.27778
0.944444
-10.3333
0.555556
-0.611111
5.55556
1.22222
5.66667
9.22222
22.6111
32.5556
33.8333
30.7222
43.0556
68.4444
90.3889
75.5556
47.4444
18.8333
-15.5
-62.2778
-110.944
-113.722
-80.6667
-28.6667
-5.77778
-2.16667
-20.9444
-18.0556
-13.2778
-4.83333
-6.5
-10.1667
-2.83333
-9.72222
3
7.16667
10.1111
3.44444
3.83333
6.22222
18.6111
38.0556
48.1667
53.7222
55.1667
65.7778
73.3889
60.7778
39.5556
17.6111
-11.3333
-52.9444
-95.3333
-103
-79.8333
-40.8889
-20.7778
-11.1667
-21.1111
-13.4444
-8.77778
-1.66667
-4.55556
-12.1667
-8.38889
-8.38889
3.77778
11.3889
11.9444
5.11111
4.05556
5.27778
14
40.1111
62.6111
77.0556
66.1667
60.7222
55.8889
47.6111
32.5556
16.3889
-6.44444
-40.2778
-77.2222
-90.8889
-76.1111
-47.9444
-29.5556
-23.2222
-25.6667
-15.5
-9
-5.88889
-10.0556
-15.1111
-9.55556
-4.5
5.66667
10.9444
9.33333
5.38889
5.72222
7.11111
17.2778
46.7222
76.9444
93.3333
77.5556
58.3889
42.1111
31.2222
22.6667
11.0556
-2.72222
-28.1111
-55.9444
-75.7778
-73.3889
-58.5
-42.7778
-35.8333
-32.3889
-19.5556
-10.5556
-8.22222
-14.6111
-18.6111
-10.1667
-3.77778
5.22222
9.72222
7.38889
4.88889
6.66667
13.7778
27.4444
62.2778
89.5556
105.889
79.7778
52.5556
26.4444
18.3889
12.2222
5.88889
-1.72222
-15
-33.1667
-53.4444
-62.9444
-62.6111
-55.2222
-48.5
-42.4444
-31.1667
-23.5
-19.3333
-20.1111
-19.9444
-9.44444
-4.44444
1.66667
9.16667
9.88889
9.66667
17.1111
28.6667
46
70.7222
90.5556
99.2222
73.9444
43.4444
16.1667
7
4.27778
3.83333
2.27778
-3.77778
-16.3333
-32.5556
-46.3889
-57.5556
-59.8889
-55.9444
-48.6667
-42.6667
-41.0556
-37.7778
-29.6111
-21.8889
-7.33333
-6.66667
-1.72222
7.66667
11.9444
18.5556
31.2222
47.6111
60.0556
77.5556
86.2222
85.4444
59.1667
30.8889
8.55556
0.444444
0.333333
2.33333
4.88889
2.11111
-4.83333
-16.9444
-28.5556
-41.5556
-50.0556
-54.6111
-55.7778
-57.7778
-58.3333
-54.7222
-40.5556
-27.6111
-8.77778
-6.16667
-3.05556
4.61111
16.2222
27.6667
46.7222
61.3333
75.7222
85.1111
83
68
38.7778
15.7778
0.222222
-3.11111
-1.33333
2.22222
5.16667
5.11111
1.61111
-5.83333
-13.6667
-23.6111
-31.9444
-43.0556
-54
-66.5556
-73.7222
-73.1111
-57.8333
-39.8333
-13.6667
-2
0.777778
9.5
24.1667
41.2222
60.8889
74.6111
85.7778
84.3333
71.3889
45.2778
20.2222
2.88889
-4.33333
-5.16667
-1.72222
2.16667
5.16667
5.38889
4.5
0.666667
-4.94444
-14
-20.8333
-29.6667
-41.9444
-61.2778
-76.3889
-80.8333
-69.2222
-53
-28.8889
-4
6.33333
21.0556
39.8889
56.5
73.2222
83.7778
83.5
71.3889
48.6667
26.5
7.66667
-2.22222
-6.38889
-4.83333
-0.888889
2.55556
4.27778
4.44444
4
3.72222
1.66667
-2.33333
-8.05556
-16.1111
-30.8889
-53.2778
-73.1667
-82.3889
-74.8889
-65.2222
-45.6111
-5.38889
12.8333
36.1667
62.2222
74.1667
84.1111
79.8889
69.6111
48
29.4444
11.6667
0
-6.44444
-6.44444
-3
0.666667
2.05556
2.55556
2.72222
3.16667
3.5
3.72222
2.55556
0.0555556
-5.83333
-16.4444
-35.0556
-55.2222
-71.6111
-77.0556
-79.7222
-70.0556
-2.22222
28.6667
57.3889
78.5
83.3333
79.4444
68.0556
48.7222
30.0556
13.6667
2.61111
-5.11111
-6.5
-4.33333
-0.666667
0.666667
0.833333
0.555556
1.16667
2.16667
2.88889
3.66667
4.11111
4.16667
1.83333
-5
-19.1111
-37.1111
-57.6667
-75.7222
-92.8333
-92.1111
9.72222
50.2222
75.1667
87.0556
78.4444
66.6667
49.1111
32.7778
15.5
4.22222
-3.5
-5.33333
-4.44444
-2.05556
-0.722222
0
-0.111111
0.222222
0.388889
0.777778
1.66667
2.94444
4.27778
5.66667
5.94444
3.22222
-5.94444
-23.6111
-50.1111
-79.8333
-105.278
-106.389
19.6111
66.2222
91.5
94.3333
76
53.5556
33.6667
15.8333
2.83333
-4
-5.16667
-3.72222
-2.44444
-1.44444
-0.722222
-0.333333
-0.166667
0.166667
0.111111
0.0555556
0.388889
1.66667
3.94444
6.72222
7.83333
6.66667
-2.38889
-20.7778
-49.1667
-80.8333
-106.389
-110.889
21.3889
70.8889
99.2778
99.3889
74.9444
46.3333
22.5556
5.33333
-4.44444
-7.44444
-5.94444
-3.11111
-1.44444
-0.666667
-0.611111
-0.444444
-0.166667
0.222222
0.333333
-0.166667
-1.11111
0
3.11111
8.33333
9.55556
5
-8.05556
-28.4444
-55.7778
-83.5
-104.278
-101.278
24.6111
73.3333
101.167
100.556
72.7778
44.7222
18.6667
3.66667
-5.88889
-7
-5.66667
-3.66667
-2.16667
-1.16667
-0.666667
-0.388889
-0.166667
0.277778
0.166667
-1.11111
-1.61111
0.277778
5.05556
9.22222
7
-3.22222
-21.7222
-44.7222
-67.8889
-87.6667
-93.0556
-83.1111
25
66.2222
89.4444
90.0556
73.8333
52.7778
29.5556
11.0556
-0.944444
-4.44444
-4.77778
-4.22222
-3.72222
-2.55556
-1.22222
-0.333333
-0.0555556
0.0555556
-0.777778
-1.38889
-0.777778
2.94444
7.05556
7.77778
-0.0555556
-17.0556
-41.1667
-65.7222
-83.9444
-89.9444
-81.7222
-61.6667
17.6667
46.5556
66.3889
76.1111
74.2222
66.8889
48.3333
28.0556
11.1667
2.22222
-1.77778
-4
-5.55556
-4.88889
-3.33333
-0.388889
0.444444
0.388889
-0.666667
-0.388889
1.5
4.83333
7.33333
3.27778
-11.5556
-37.2778
-64.9444
-86.9444
-95.0556
-88.8333
-67.6111
-39.5
4.11111
22.1667
45.2222
62.5556
72.1111
75.5556
66.1111
50.1111
28.6667
14.6667
4.77778
-0.555556
-5.22222
-6.77778
-5.77778
-2.5
0.333333
1.33333
1
1.61111
3.16667
5.55556
3.72222
-7.77778
-33.4444
-64.3333
-89.4444
-97.6667
-91.7778
-73.2222
-47.5556
-19.5
-11.3889
3.88889
26.4444
47.7222
63.5
74.7222
76.9444
66.6667
50.1667
30.7222
18.8333
7.44444
0.111111
-5.94444
-7.94444
-5.05556
-1.27778
3.05556
3.61111
3.83333
3.66667
2.44444
-6.44444
-29.3889
-61.5
-90.2222
-100.778
-93
-75.5
-53.0556
-29
-4.55556
-20.6111
-7.11111
11.5556
37.6111
58.9444
75.6667
76.8333
68.5
54.7778
43.6111
33.7222
23.5556
10.7778
0.166667
-6.44444
-5.33333
-1.66667
3.11111
3.83333
4.27778
1.88889
-6.11111
-25.2778
-55.5
-86
-104
-100.611
-81.0556
-56.4444
-33.3889
-12.5
3.16667
-22.2778
-15.1111
-3.22222
20.6667
46.4444
65.4444
71.6111
66.2222
59.9444
54.5556
50.8889
42.5556
29.3333
13.5
0.611111
-3.27778
-1.66667
3.11111
4.11111
2.44444
-7.22222
-25.2222
-51.6111
-79.0556
-99.3889
-104.056
-90.2222
-62.8333
-35.9444
-14.0556
-3.72222
4
-21.6667
-12.6111
-3.55556
13.4444
30.8333
46.8333
56.5
57.2778
56.5
56.1667
58.2778
58.4444
50.2778
35
15.7222
4.22222
0.388889
3.33333
1.83333
-7.16667
-26.7778
-50.7778
-73.7778
-91.8889
-100.333
-95.0556
-72.9444
-42.5556
-17
-1.61111
2.66667
4.33333
-16.5556
-5.88889
-0.388889
9.38889
17.4444
27.1667
38.2778
46.2222
51.6111
53.5556
56.5
61.2222
63.6667
57.3333
40.5
20.8889
8.22222
2
-7.94444
-26.6111
-52
-72.2778
-86.7222
-93
-93
-79.2222
-52.6667
-22.1111
-0.722222
9.83333
10.8889
8.5
-11.5
0
2.44444
9.94444
14.1667
16
21.6667
28.8889
42.0556
47.6667
51.2222
56
65.2778
72.1667
63.9444
45.2778
21.8889
1.44444
-22.3889
-49.5
-74.8889
-90.1111
-92.1667
-85.3889
-71.3889
-53.1111
-29.5
-7.88889
7.72222
15.3889
17.2778
12.2222
-4
4.11111
4.94444
9.94444
13.3889
11.3333
8
12.1111
24.2778
39
41.7778
48.9444
58.3889
76
76.6667
63.5556
35.3333
3.44444
-29.3333
-61.2778
-87.1667
-100.611
-93.1111
-68.7778
-44.6111
-27.2778
-15.8889
-1.16667
11.5556
17.6667
15.2222
7.88889
8.55556
13.6111
8
3.38889
0.666667
-3.05556
-2.33333
2.72222
18.3889
30.7222
34.1667
36.1667
48
71.0556
80.6667
71.4444
45.0556
13.7778
-15.9444
-53.0556
-88.9444
-111.944
-98.0556
-58.2222
-23.6667
-8.66667
-7.83333
0.611111
12
19
15.1111
6.05556
12.3889
18.3889
11.8889
1.22222
-3.77778
-8.22222
-7.05556
-2.66667
12.6667
24.6111
25.2222
22.6111
31.5
65.2778
89.3889
90.7222
61.2222
24.1667
-8.66667
-45.6667
-83.5556
-109.944
-98.8889
-56.9444
-19.4444
-4.16667
-6.33333
-0.888889
9.5
16.1111
12.5556
6.38889
5.38889
13.5
10.3889
0.277778
-3.5
-7.77778
-7.05556
-2.72222
16.0556
29.5556
26.6111
10.3333
10.5
51.3889
94.3333
112.278
80.2778
34.5556
-4.16667
-35.7778
-68.3889
-100.167
-97.6111
-60.3889
-19.1111
-4.44444
-10
-6
7.27778
15.8333
12.6667
9.27778
-14.1563
-18.75
-26.3438
-25.4688
-16.5313
-6.28125
2.28125
8.15625
14.7813
15.9063
18.6563
17.9375
13.1563
6.1875
-2
-1.59375
-3.96875
-0.03125
2.71875
5.0625
11.4063
11.1875
11.3438
5.1875
3.59375
2.96875
2.71875
6.90625
0.4375
0.6875
-15.5625
-16.8438
-22.5313
-22.5313
-19.2188
-12.3438
-3.4375
4.4375
12.5625
13.2188
14.875
15.2188
15.2813
11
0.84375
-0.8125
-2.3125
3.1875
4.625
8.28125
11.75
13.3125
16.875
13.5
12.125
11.125
13.8125
15.625
13.5313
11.9688
-17.2813
-17.7813
-18.3125
-16.2813
-15.9063
-14.25
-8
1.59375
13.7813
16.8438
15.875
18.4063
21.4688
21.8438
13.4375
12.0313
9.1875
13.3438
16.375
17.4375
16.6563
17.4375
20.625
15.125
11.0313
9.5625
12.1563
12.9375
14.9063
15.0313
-13.8125
-11
-9.0625
-8.1875
-9.53125
-10.75
-2.8125
9.78125
24
25.1875
25.2813
30.5938
35.5938
39.1563
29.5
26
25.4688
32.0625
35.125
37.0625
33.8125
33.2813
37.0938
30.75
20.9688
16.3438
15.4063
11.8125
15.0625
15.3438
-9.6875
-6.34375
-2.15625
0.375
-0.3125
1.09375
8.40625
21.5313
33.4063
36.375
37.3438
38.9688
41.1875
42.6563
35.625
31.5938
34.5
43.75
48.9375
52.5938
49.5938
49.6563
52.7188
46.4688
33.5938
22.5625
15.5625
8.3125
10.75
10.25
-6.6875
-5.03125
-1.59375
1.03125
5
10
16.5313
27.7813
38.8125
44.625
45.5938
45.9375
42.1563
39.125
33.625
31.2813
34.0313
42.5625
53.5313
60.8125
63.7188
67.9688
70.25
63.3125
50.0625
36
21
10.4375
6.875
3
-3.21875
-1.5625
-1.53125
1.5
8
18.9688
28.3125
38.0313
46.625
50.1563
52.0625
48.2188
40.1875
30.5625
23.2813
20.1563
23.6875
33.2813
45.75
60.0625
70.0625
79.8125
85.5
82.5625
70.6875
55.5938
38.4375
23.3438
14.0313
5
-1.25
-0.34375
2.03125
6.65625
16.0938
32.3438
40.1563
47.0313
52.2813
54.125
51.4063
43.625
31.1875
15.125
9.125
6.15625
8.46875
17.4688
30.5
43.9688
57.5938
72.2188
79.8438
80.9375
75.1563
62.2188
47.3438
35.125
22.9688
10.2188
-2.9375
0.15625
5.40625
14.0313
28.3125
41.8125
48.875
53.0938
55.7813
53.75
47.3438
36.2813
20.9063
6
-0.46875
-2.625
-1.5
4.4375
16.7813
29.6563
44.6563
61.7813
73.1875
78.375
77.5313
71.8438
60.7188
49.9063
36.1563
21.3125
-0.625
7.25
17.9063
32.2188
45.3438
57.0938
63.1875
64.8438
62.2813
54.2188
43.1563
28.0313
14.9063
1.71875
-4.40625
-6.71875
-6.03125
-1.59375
5.90625
15.5
27.9375
42.75
56.9375
68.9063
74.6875
76.1563
74.625
67.1563
55.3125
41.25
11.6563
21.6875
37.5313
50.6875
62.9688
70.7813
72.4063
69.2813
61.0313
49.2188
33.5938
19.9375
8.09375
-1.34375
-5.03125
-6.5625
-6.28125
-3.6875
-0.375
3.75
12.2188
23.4063
36.375
51.1875
63.9063
71.8125
76.8125
75.5938
66.25
54.75
24.9688
37.9063
51.9063
64.1563
73.5938
75.8125
73.6875
65.5313
52.5938
38.1875
24.5625
11.4063
2.375
-1.84375
-3.78125
-4.3125
-4.15625
-4.59375
-3.75
-1.375
3.4375
10.4063
21.4063
36.6563
52.2813
66.2188
76.0313
77.6563
72.6563
65.0938
47.6875
56.4063
67.9688
76.7188
80.25
79.5313
72.125
59.4063
42.4688
28.5313
15.2188
5
0.53125
-1.8125
-2.25
-2.15625
-2.59375
-3.75
-5.09375
-4.96875
-3.1875
0.03125
6.84375
19.8438
36
51.5
65.875
71.8438
70.6563
66.2188
67.9688
72.3438
78.0625
80.1563
80.1875
73.6563
61.2188
44.6563
28.4688
15.9375
5.875
0.53125
-1.9375
-2.125
-1.3125
-1
-1.4375
-2.71875
-4.375
-5.375
-5.15625
-3.625
-0.3125
7.40625
20.6875
33.9688
44.7813
51.875
52.875
50.4063
66.4375
70
71.875
73.4375
70.5
60.3438
46.3438
30.5
16.5313
6.40625
0.90625
-2.65625
-3.09375
-1.90625
-0.96875
-0.65625
-1.03125
-2.15625
-3.125
-4
-4.53125
-4.0625
-2.71875
1.15625
7.40625
14.875
21.5313
24.6563
26.875
25.8125
54.6563
54.9375
55.4375
56.8438
52.7188
42.7188
29.9375
18.625
8.125
2
-2
-3.21875
-2.59375
-1.65625
-0.96875
-0.6875
-0.90625
-1.375
-2.4375
-2.8125
-2.84375
-2.6875
-2.5
-2.9375
-3.75
-4.71875
-5.78125
-7.125
-7
-7.28125
26.625
29.5938
28.875
29.5625
25.7188
18.9375
13.0625
6.96875
3.1875
-0.21875
-1.5625
-1.625
-1.25
-0.90625
-0.84375
-0.75
-0.71875
-1.40625
-1.8125
-1.5625
-1.09375
-1.03125
-2.375
-6.71875
-13.3438
-23.0938
-32.6875
-39.4688
-40.0625
-39.6875
-13.125
-10.3438
-9.90625
-8.3125
-10.2188
-9.125
-5.6875
-2.125
0.15625
0.59375
1.125
0.96875
0.4375
0.1875
-0.375
-0.8125
-1.21875
-1.46875
-1.28125
-0.40625
0.34375
-0.71875
-4.3125
-12.1563
-25.5313
-40.4375
-52.875
-62.125
-63.5625
-61.4375
-39.9375
-42.25
-44.5
-45.3125
-45.3125
-37.4063
-26.6875
-15.1875
-5.46875
0.0625
1.9375
2.78125
2.1875
0.9375
-0.125
-1.0625
-1.53125
-1.5625
-0.4375
0.90625
1.21875
-1.65625
-8.71875
-21.8125
-37.8438
-54.1563
-68.8438
-77.0938
-78.5
-74.4375
-54.5625
-62.5625
-68.5625
-72.3438
-72.9375
-63.4063
-48.3438
-33.4375
-17.1875
-5.875
-0.09375
1.90625
3
2.15625
0.5
-0.5625
-1.125
-0.78125
1.5
2.875
1.1875
-5.5
-18.5
-34.8438
-51.625
-67.5313
-80.2188
-86.6875
-86.25
-80.0625
-59.9063
-75.125
-85.5
-93.4688
-93.5
-87.4375
-74.0313
-55.3438
-36.5625
-19.875
-8.65625
-1.9375
0.0625
2
1.75
0.8125
0.40625
1.75
3.3125
2.5625
-2.34375
-15.1875
-32.4063
-50.0313
-66.7813
-78.5625
-87.0625
-89.5313
-87.1563
-76.5
-49.125
-66.7188
-80.4375
-90.75
-94.7188
-94.0625
-86.625
-72.4375
-55.3438
-37.3438
-23.1563
-12.25
-4.96875
-0.0625
2.90625
3.8125
4.3125
4.8125
4.0625
-0.875
-11.4375
-28.3438
-47.875
-65.625
-78.4375
-86.75
-90.9375
-88.25
-80.25
-66.8125
-38.8125
-53.4688
-66.8438
-79.6563
-88.8125
-96
-95.8125
-89.4688
-78.2188
-61.4688
-43.9063
-28.9063
-16.0313
-5.34375
1.71875
6.40625
8.15625
6.5
0.375
-10.3438
-26.5938
-46.5938
-65.7813
-79.875
-88.8125
-92.1875
-88.9063
-79.5938
-65.6563
-50.2813
-32.9375
-40.4688
-49.9688
-63.6563
-73.6875
-86.4688
-94.75
-95.875
-93.375
-83.5313
-67.9375
-49.2188
-33.8438
-18.0938
-4.5
4.34375
7.3125
2.78125
-9.28125
-26.8125
-45.9688
-65.0625
-78.8438
-87.8125
-91.25
-87.2188
-76.3125
-59.9063
-42.3125
-27
-24.5938
-26.6563
-31.25
-40.8125
-55.0938
-67.7188
-81.0938
-92.2813
-98.875
-97.4063
-87.3125
-71.8125
-52.4688
-36.3125
-19.2188
-6.6875
-2.625
-9.0625
-25.7813
-45.5625
-64.7188
-78
-85.7188
-88.9063
-85.2188
-74.75
-56.4688
-36.3438
-17.5938
-5.375
-24.0938
-24.3438
-26.875
-36.2188
-47.9375
-60.9688
-75.8438
-91.6563
-104.5
-108.313
-102.219
-89.75
-74.2188
-58
-42.8438
-30.4688
-24.8438
-31.875
-48.2813
-65.5313
-79.625
-87.6563
-89.1875
-85.1875
-75.375
-57.2813
-34.7813
-14.25
2.1875
11
-18.5313
-18.1875
-18.8438
-23.2813
-31.25
-41.125
-55.2813
-71.4688
-89.0938
-100.313
-103.469
-98.875
-90.125
-80.375
-70.0938
-62.2813
-56.2813
-59.8438
-69.4688
-78.75
-84.4375
-84.7813
-80.125
-70.5313
-55.6563
-34.125
-12.4375
3.59375
14.3438
18.875
-7.71875
-8.75
-8.59375
-10.1563
-18.5938
-25.9063
-35.4375
-50.125
-68.4688
-83.25
-93.4063
-97.9688
-95.8438
-94.125
-93.2188
-89.625
-80.375
-76.875
-77.5625
-75.6875
-73.1875
-65.9375
-57.1563
-46.3125
-34.1875
-16.3438
1.8125
11.875
18.6563
20.6875
-1.1875
-1.65625
-2.5
-3.9375
-10.3125
-18.0625
-23.9063
-32.5625
-47.4688
-62.3125
-76.4063
-83.3125
-85.625
-86.5625
-90.6563
-89.75
-76.9063
-65.4688
-54.9375
-47.2813
-40.0938
-29.6875
-19.9688
-11.9375
-6.78125
2.03125
10.5938
14.875
17.1563
16.1875
3
2.3125
0.65625
1.65625
-3.78125
-9.84375
-11.9063
-14.9063
-24.0313
-37.2188
-52.625
-59.5313
-61.4375
-63.7188
-67.4063
-65.125
-50.5625
-30.8125
-12.3125
-3.15625
6.8125
20
27.9375
30.5313
27.875
24.625
24.4063
24.5
20.6875
18.4688
-2.21875
-1.5
4.34375
6.09375
7.90625
5.65625
2.71875
5.96875
10.7813
41.5938
73.3438
103.875
128.906
105.25
73.875
17.2188
-50.4688
-95.6563
-134.094
-123.313
-82.8438
-43.6875
-10.8438
-2.1875
-13.9688
-17.7813
-17.2188
-18.2188
-12.625
-10.5625
-3.5
1.71875
6.46875
9.21875
10.0313
7.46875
10.8125
17.5
24.375
51.8438
74.5
96.6563
115.469
94.9375
67.6563
18.125
-42.5625
-87
-126.188
-121.594
-89.375
-56.0625
-22.375
-11.5
-18.1875
-15.5
-14.8125
-12.375
-7.53125
-8.15625
-0.59375
4.28125
8.0625
10.4063
11.1563
11.5
19.1875
28.9688
36.9063
61.5313
77.125
91.2188
104.219
83.7813
59.8125
18.4688
-35
-76.0938
-113.188
-117.5
-93.4063
-66.875
-37.5
-20.625
-22.1563
-14.25
-11.4688
-9.875
-7.03125
-9.96875
1
5.5625
8.25
10.1875
12.2813
15.5625
29.75
42.2813
51.5625
74
80.0313
86.1563
91.5313
70.4063
50.625
17.8125
-26.8438
-63.625
-97.625
-106.5
-89.3125
-69.5938
-44.6563
-30
-30.9063
-20.3438
-17.8438
-14.3125
-10.0625
-13.4688
-0.1875
6.90625
9.59375
9.4375
12.875
17.1563
36.6563
57.4063
70.8438
87.5625
84.7188
79.6563
75
55.8438
40.125
14.5313
-20.375
-51.375
-82.3125
-92.9688
-82.4688
-70.8438
-50.2188
-38.5313
-38.1563
-25.9375
-23.625
-18.3125
-14.4375
-17
0.5
6.15625
7.34375
7.90625
14.0625
22.5625
47.1563
72.5313
85.9375
96.9375
85.5313
70.5625
59.9688
42.125
30.625
13.5313
-12.7813
-38.5625
-65.4688
-78.375
-75.4063
-68.9688
-54.125
-47
-45.4375
-36.75
-35.375
-27.625
-22.0625
-19.0625
1.71875
7
7.71875
12.0625
21.4375
32.8438
59.6875
81.7188
94.9375
102.469
84.25
65.4688
47.4375
28.25
21.4688
9.78125
-7
-26.3438
-49.4375
-63.5
-67.5625
-66
-57.25
-54.4375
-53
-47.2188
-47.25
-37.4688
-28.9688
-22.125
0.9375
8.28125
13.8438
21.0313
33.9688
45.7813
68.5313
89.7813
99.5938
101.5
80.5938
56.0625
34
17.875
12
5.84375
-2.15625
-15.8438
-32
-45.6563
-56.5313
-61.4063
-58.9688
-60.1875
-58.9688
-55.4688
-57.7188
-48.875
-40.0938
-31.3438
2.5
13.0938
21.4063
33.4063
50.8125
60.0625
78.875
93.6563
94.0938
91.875
69.9063
44.0313
24.6563
10.0625
5.40625
3.875
0.875
-6.0625
-17.0313
-29.0313
-42.4688
-52.9063
-55.3125
-59.875
-61.2813
-60.9063
-68.1563
-63.5938
-55.5313
-44.875
7.5625
19.4375
31.2188
47.5313
64.6563
74.1563
86.6875
92.2813
86.0938
77.0938
55.0313
32.1563
15.7813
3.96875
1.59375
2.53125
2.34375
-0.28125
-6.21875
-15.625
-26.875
-37.5
-45.625
-53.8438
-60.875
-66.7813
-75.4375
-75.4063
-69.1875
-56.9375
9.78125
25.625
41.9063
60.0625
75.9063
83.8438
90.2188
88.8438
77.1563
61.0938
38.6563
19.1875
5.84375
-0.53125
-0.34375
1.5
3.71875
2.8125
-0.5
-5
-13.4063
-21.5313
-29.6875
-43
-54.8438
-67.5
-81.4375
-83.7188
-81.4375
-69.5
15.7188
36.3438
54.4063
71.6563
85.1563
88.3125
87.875
80.9063
63.5938
43.125
23.375
7.40625
-1.3125
-2.78125
-1.40625
1.3125
3.90625
4.40625
2.8125
-0.375
-5.875
-11.9063
-19.2813
-30.4688
-43.2188
-59.1563
-75.2813
-83.4063
-87.6563
-80.7813
27.9375
52.5313
68.9063
82.7188
89.1875
85.4063
79
66.0938
45.4063
27.4688
11.3438
0.375
-3.46875
-3.625
-1.3125
1.46875
3.46875
4.125
4.09375
2.84375
0.5
-1.96875
-8.09375
-18.2188
-32.1875
-50.3125
-68.8125
-81.7188
-91.3438
-91.2813
43.3438
67.8438
82.3125
90.7188
87.0625
76.9063
64.0313
46.2188
28.9063
13.75
2.3125
-2.71875
-4.8125
-3.25
-0.4375
1.125
2.5
3.03125
3.0625
3.625
3.21875
2.625
0.1875
-6.90625
-18.375
-35.9063
-58.4688
-79.625
-98.875
-106.281
58.375
82.8125
95.0625
94.75
82.6875
66.0938
46.4063
29.8125
14.4688
3.34375
-1.78125
-4.28125
-4.03125
-1.65625
-0.40625
0.46875
1.28125
1.34375
2.0625
3
4.03125
5.125
4.90625
1.59375
-8.65625
-26.8125
-51.3438
-80.4063
-105.813
-116.313
68.3438
95.25
103.563
98.9688
79.2188
55.0938
35
16.75
3.9375
-2
-4.8125
-4.40625
-2.59375
-1.34375
-0.53125
-0.0625
0.34375
0.5
0.5
1.8125
3.34375
5.6875
8.125
5.25
-4.5
-22.9688
-51.3438
-82.3125
-109.25
-120.656
72.625
101.844
111.25
101.188
76.1563
48.5625
25
7.71875
-1.875
-5.84375
-6.1875
-4.25
-2.5625
-1.34375
-0.53125
-0.1875
-0.03125
-0.59375
-0.5
0.875
3.03125
6.90625
7.875
3.40625
-7.78125
-29.7813
-56.0625
-84.0938
-107.813
-113.688
67.9375
98.2813
109.844
100.5
77.5938
49
23.875
7.125
-2.96875
-6.34375
-6.0625
-4.65625
-3.0625
-1.625
-0.75
-0.25
-0.40625
-0.84375
-0.59375
1.03125
3.96875
6.34375
4.875
-3.28125
-19.1563
-41.75
-66.625
-88.75
-103.938
-105
59.625
88.5625
101.125
96.1875
80.125
55.5313
32.625
15.5625
2.90625
-2.5625
-4.8125
-5.21875
-4.4375
-3.1875
-1.3125
-0.4375
0.03125
0.125
0.5
2.53125
4.53125
4.34375
-1.40625
-15.5
-36.2813
-59.5938
-80.9063
-95.0938
-99.375
-92.875
49.0625
73.25
86.0625
86.7813
78.1875
64.0313
47.2188
29.625
16.125
5.875
-0.71875
-3.78125
-5.3125
-4.84375
-3
-0.625
0.625
1.34375
2.5
3.6875
3.4375
-1.1875
-13.9375
-34.4688
-58.3125
-80.1563
-94.2813
-98.625
-93.3125
-78.5625
36.6563
55.875
71.125
76.8438
77.625
71.5625
60.7813
47.5938
31.0625
19.5625
8.78125
0.6875
-3.3125
-5.5625
-4.375
-1.5
1.59375
2.875
3.9375
3.125
-1.71875
-13.125
-32.8438
-56.5938
-79.7188
-95.1875
-100.313
-96.3438
-82.9688
-62.8125
20.5625
43.2188
65.0625
77.4375
82.2813
77.9375
66.6875
54.6875
42.0938
31.1563
21.4063
11.0625
2.53125
-2.25
-3.65625
-1.6875
1.625
3
2.5625
-1.8125
-12.25
-29.9063
-53.25
-76.9375
-95.8125
-103.625
-100.125
-87.6875
-67.125
-44.1875
4.75
27.7188
51.3438
69.4688
79.625
78.6875
71.25
62.5938
53.8438
46.2813
37.0938
26.2813
14.4688
4.96875
0.34375
-0.46875
1.59375
1.3125
-2.8125
-12.2188
-29.0313
-50.0313
-72.5313
-93
-104
-103.313
-93.0313
-72.5938
-49.1563
-27.5313
-3.0625
15.9063
38.8438
58.1563
71.1875
74.5313
69.875
64.9375
59.1875
55.8438
51.6875
42.9063
31.3438
18.6563
8.625
3.78125
1
-4.21875
-12.9063
-28.4375
-47.9063
-68.1875
-88.0938
-101.063
-105.063
-97.3438
-79.3125
-55.9688
-32.25
-13.6875
-9.09375
5.09375
24.125
44.5
59.2813
68.9688
69.4063
66.5938
62.5625
60.0313
59.3125
55.5625
48.2188
36.9375
23.5938
11.5
0.25
-12.625
-29.0313
-47
-65.2188
-83.5
-95.5313
-102.406
-101.156
-84.9375
-63.0313
-37.4688
-14.2813
-1.625
-9.78125
0.84375
14.25
29.5313
43.1875
56.3438
62.3438
65.4688
64
62.125
62.8438
62.375
61.2813
54.375
40.3438
22.3438
1.53125
-22.625
-45.7188
-65.5938
-82.6875
-93.2188
-97.8125
-97.5625
-88.125
-68.3438
-44.2188
-18.75
0.9375
8.75
-4.15625
3.125
9.59375
18.0313
25.8125
37.8125
47.5938
56.0313
60.4063
62.5
64.4688
66
69.0625
64.8125
51.9688
31.7188
5.03125
-26.1563
-55.1563
-77.625
-95.375
-100.594
-97
-88.9063
-71.0938
-47.6875
-24
-2.28125
11.0938
11.75
4.84375
9.375
10.5313
10.9688
11.6563
17.9063
26.5625
39.9375
49.1563
58.0625
63.8438
66.7188
73.5313
71
60.0938
41.875
15.4375
-18.4375
-53.5
-83.75
-108.438
-110.875
-96.6563
-77.375
-50.8125
-27.2188
-9.25
6.4375
15.2813
13.4375
7.5625
11.0938
10.8125
7
3
5.5
11.4688
24
37.9063
49.5625
58.5313
67.875
81.125
84.25
78.2188
57.875
25.9063
-11.5938
-54.5
-89.7813
-116.156
-117.688
-95.0313
-67.625
-37.4063
-15.7813
-3.71875
7.125
13.5313
12.75
5.375
8.25
6.03125
0.40625
-2.59375
0.15625
9.03125
22.5938
32.9688
43.5938
49.0625
62.5313
85.1875
96.7188
98.7188
75.875
37.875
-5.9375
-54.4375
-92.2188
-116.438
-114.875
-89.75
-56.9063
-29.0625
-11.6875
-1.40625
5.5
12.25
14.2188
3.70833
1.33333
6.79167
2.875
7.375
10.4167
7.125
7.75
4.08333
2.20833
-3.83333
-6.91667
-4.16667
-2.375
-0.416667
1
3.20833
3.625
6.16667
0.958333
-1.04167
-4.58333
-11.375
-17.25
-24.7917
-26.2917
-26.8333
-24.9167
-21.4583
-20.2917
-15.375
-6.91667
6
-0.916667
1.41667
-0.583333
-2.16667
1.25
9.625
10.5417
8.58333
12.5
15.9583
10.5417
5.08333
8.04167
10.875
10.5417
9.375
12.7917
13.625
10.125
12.0833
8.83333
8.95833
0.625
-5.20833
-7.5
-12.5417
-11.4167
-14.5417
-12.2917
-12.2917
-11.0417
0.5
-0.541667
-4.79167
-2.79167
-6.29167
-4.125
6.95833
9.5
10.625
10.7917
12.75
11.0833
6.25
1.45833
-0.0833333
-0.958333
2.45833
2.54167
-2.91667
3.41667
7.625
7.75
12.25
13.9167
17.5417
14
8.75
8
1.95833
4.75
-0.375
-5.75
-4.95833
0.583333
-3.29167
-6.75
-7.125
-5.33333
-4.33333
1.25
1.625
-2.375
-9.875
-9.95833
-13.3333
-25.9583
-28.0417
-23
-13.625
-17.2083
-22.625
-17.1667
-15.7917
-14.5417
-10.3333
-0.916667
8.70833
11.25
11.7083
9.66667
3.83333
1.25
0.875
-0.0416667
0.125
-0.458333
-1.66667
-5.54167
-6.16667
-10.9167
-17.4167
-12.4583
-10.9583
-13.9583
-14.0833
-12.5
-15.1667
-20.5417
-20.5833
-14.4167
-15.6667
-15.7917
-14
-22.25
-28.1667
-26.5417
-20.7083
-16.0833
-12.6667
-4.20833
3.95833
2.16667
-2
-4.54167
1.625
7.04167
4.66667
-0.625
-0.375
2
-0.791667
-7.08333
-12.1667
-13.125
-9.58333
-7.45833
0.958333
0.458333
3.41667
9
7.75
4.95833
-2.83333
2.125
5.625
-2.70833
-12.25
-15.4583
-16.9583
-20.1667
-22.8333
-19
-8
-3.41667
2.41667
5.79167
6.79167
8.25
-6.375
-5.45833
-2.75
1.75
4.375
6.75
6.16667
-4.25
-6.08333
-1.125
-0.0833333
-2.04167
2
13.4583
15.125
8.95833
8.08333
10.75
10.2917
12
9.5
0.0416667
-11.2917
-19.4583
-22.0417
-25.125
-23.9583
-11.875
2.20833
8.16667
5
2.125
-12.4583
-6.375
-4.08333
-1.79167
5.91667
11.75
8.83333
-3.58333
-6.83333
-5.79167
-9.95833
-9.125
-4
7.41667
9.75
8.54167
9.16667
8.75
9.125
10.875
14
13.2083
7.08333
-2.5
-5.95833
-6.875
-12.2083
-9.08333
-2.54167
3
3.5
-0.333333
1.95833
3.83333
3.5
2.375
2.95833
0.291667
-6.66667
-6.41667
-5.45833
-6.95833
-6.20833
0.0416667
8.16667
8
6.45833
7.25
5
4.75
7
8
9.08333
14.75
15.6667
10.2917
4.125
2.83333
3.83333
-2.75
-5.70833
-3.33333
0.0833333
-0.875
10.75
6.625
5
1.54167
-9.625
-20.2917
-20.75
-12.5833
-10.5
-7.125
2.29167
12.5833
13.0417
5.16667
3.625
2.75
1.375
0.375
1.29167
6.125
8.79167
8.5
9.16667
10.7917
4.75
-4.20833
-6.58333
-10.6667
-16.0833
-19.5833
-16.0833
-8.08333
1.83333
-2.08333
-4.91667
-9.70833
-20.7917
-22.7917
-17.75
-13.8333
-10.6667
-2.625
8.875
10.6667
4.54167
1.45833
0.166667
-1.54167
-1.875
-2.75
-0.625
3.25
8.125
9.16667
10.375
14.4583
12.8333
4.08333
-7.79167
-13.5833
-18.5833
-22.25
-20.6667
-12.125
-2.70833
-3.08333
-9.75
-15.5833
-12.9583
-7.04167
-4.54167
-2.08333
4.29167
10.2083
9.375
3.625
1.625
0.166667
-1.79167
-3.25
-4.08333
-2.04167
0.625
1.16667
3.20833
7.79167
11.2917
13.8333
15.5
13.375
5.54167
-1.83333
-6.41667
-7.83333
-8.29167
-8
-7.875
-7
-12.0833
-12.6667
-6.125
-4.41667
-0.916667
4.625
12.625
12
5.875
3.83333
2.54167
-0.208333
-1.41667
-2.25
-2.33333
-0.25
-0.291667
-0.25
0.25
2.375
6.125
8.625
11.8333
13.4167
12.5
9.66667
3.75
-2.125
-5.41667
-7.875
-17.8333
-19.7917
-15.2917
-9.08333
-8.54167
-6.5
-0.916667
7.25
9.54167
7.33333
7.41667
5.41667
2.08333
0.75
-0.0833333
-0.0833333
0.666667
-0.25
-1.375
-1.375
-0.666667
-0.0833333
1.70833
4.04167
8
12.5
13.6667
12.1667
8.91667
2.125
-4.375
-8.20833
-11.4167
-13.2083
-8.75
-6
-3.58333
1.75
7.70833
12.125
8.5
8.79167
6.875
2.91667
1.29167
0.666667
0.5
1.04167
1.16667
-0.0416667
-0.708333
-1.33333
-1.5
-1.20833
-0.541667
0.333333
2.41667
7.5
11.7917
11.125
12.25
13.0417
8.33333
2.83333
-2.58333
0.625
-0.375
-2.41667
1.75
9.375
15.3333
12.0833
9.625
6.83333
2.125
0.375
-0.375
-0.708333
0.0416667
0.458333
0.291667
0.166667
-0.0833333
-0.583333
-1.375
-1.70833
-1.875
-1.75
-1.375
0.75
6.20833
13
19.2917
25.1667
27.2917
25.1667
7.25
7.625
9
8.66667
11.3333
16.5833
14.2917
9.08333
6.29167
1.29167
-0.416667
-0.541667
-1
-0.833333
-0.333333
-0.291667
-0.375
-0.291667
-0.25
-0.291667
-0.583333
-1.08333
-2.29167
-2.29167
-2.20833
-2
2.70833
15
25.75
32.375
37.125
38.1667
27.5833
25.875
28.5
30.625
31.875
23.2917
10.9167
4.54167
-0.25
-2.16667
-2.25
-1.95833
-0.625
-0.0416667
-0.166667
-0.208333
-0.291667
-0.25
-0.25
-0.0416667
0.666667
0
-0.75
-0.75
-0.666667
1.41667
7.29167
14.25
20.25
23.9583
23.9167
20.7917
24.0417
28.5833
33
37.0417
35
20.4583
10.375
2.91667
-2.66667
-3.25
-3.33333
-3.125
-1.625
-0.208333
0
0.0416667
0.0416667
0.0416667
0.208333
1
1.04167
0.25
0.541667
0.583333
2.41667
7.41667
11.2083
11.8333
11.5
8.625
2.54167
-6
1.54167
8.58333
15.6667
20.625
18.6667
16.5
13.6667
9
2.125
-0.916667
-1.83333
-2
-2.29167
-1.45833
-0.416667
0
0.125
0.208333
0.958333
0.833333
-1.375
-1.29167
-0.791667
0.5
4.54167
8.45833
10.1667
9.5
5.83333
-0.125
-6.29167
-9.58333
-6.58333
1.70833
6.16667
10.9583
13.5
21.2083
21.5
16.9167
12.0417
5.45833
1.95833
0.291667
-0.291667
-1.04167
-0.708333
0.0416667
0.791667
1.25
0.458333
-2.125
-3.29167
-2.54167
-1.95833
1.375
5.25
8.125
10
5.625
0.75
-3.41667
-2.58333
0.291667
-7.33333
-5.08333
-3.04167
2.54167
8.83333
14.875
20.6667
21.2917
20.9583
14.0833
7.625
3.625
1.25
0.5
-0.375
-0.333333
0.708333
0.958333
-1.70833
-3.625
-2.16667
-1.625
1
5.91667
11.2917
13.9583
10.8333
5.25
1.41667
-1.54167
-1.33333
-0.875
-3.95833
-13.125
-16.7083
-14.9583
-10.2917
-4.58333
4.91667
16.8333
22
20.9167
14.8333
8.91667
3.79167
0.166667
-0.583333
-1.5
-2.16667
-3.04167
-2.41667
-1.08333
-0.708333
1.91667
8.625
15.8333
20.7083
17.875
11.0833
7.33333
0.291667
-6.16667
-12.1667
-10.2917
5.33333
-0.833333
-11.7917
-22.6667
-27.3333
-21.4583
-16.375
-6.04167
6.45833
16.7917
19.4167
15.2083
10.5
3.25
-0.625
-2.83333
-5.125
-5.875
-2.70833
0.541667
2.375
9.375
17.0417
20.4583
15.7083
8.375
2.16667
-5.25
-14.5417
-20.3333
-19.9583
-14.5833
5.58333
4.91667
-3.08333
-15.5833
-22.7083
-25.125
-21.5417
-19.2083
-7.79167
7.45833
18.4583
21.2083
16.1667
12.1667
4.08333
-1.375
-3.70833
-3.33333
-2.875
1.33333
10.625
17.5833
19.2083
11.9583
0.916667
-5.91667
-13.9583
-22.2917
-25.2917
-20.5
-11.75
-9.45833
-1.16667
-5.91667
-4.83333
-1.375
0.0416667
-5.29167
-3.08333
-0.291667
0.708333
5.91667
13.4167
19.5
19.7083
19.0833
14.125
7.70833
3.29167
2.08333
3.29167
9.5
18.6667
19.5
13.5833
4.54167
-3.66667
-12.5417
-19.7083
-21.75
-16.625
-7.91667
-1.95833
-1.25
-4.08333
-6.70833
-2.66667
3.79167
5.875
4.625
-0.958333
-1.125
-3.95833
-6.33333
-2.29167
6.04167
16.875
20.2083
21.5
19.0833
12.4167
8.75
14.125
19.3333
18.75
13.2917
4.95833
-0.5
-7.5
-15.7083
-16.875
-12.0417
-4.5
-2
-3
-3.45833
-3.33333
1.66667
2.875
0.958333
0.0416667
-1.33333
-8.25
-16.625
-21.625
-23.75
-19.2083
-9.04167
2.91667
13.25
20.625
23
21.0833
19.9583
20.3333
17.7917
11.2917
4.70833
-2.20833
-10.25
-14.9167
-14.75
-11.7083
-5.45833
-1.45833
-1.75
-7.25
-10.7917
-2.625
0.208333
-0.541667
-3.33333
-4.04167
-4.5
-3.79167
-8.66667
-15.8333
-19.5417
-19.3333
-17.375
-11.5833
-1.41667
10.2917
19.5833
28.2083
31.3333
19.1667
7.54167
-1.75
-7.5
-13.2917
-19.6667
-15.5833
-9.375
-5.41667
-4.5
-4.33333
-1.125
-1.54167
-0.166667
-9.41667
-13.25
-15.2917
-18.625
-20.7083
-19.125
-13.5417
-7.75
-6.75
-8.83333
-13.0417
-18.1667
-18.75
-14.9583
-5.79167
8.54167
20.4583
19.875
3.79167
-12.7917
-24.25
-32.9167
-35.3333
-29.625
-17.3333
-7.91667
-3.08333
-3.16667
-3.66667
1.54167
11.0417
16.1667
-10.3333
-12.375
-11.9167
-13.4167
-14.0833
-13.6667
-12.6667
-7.125
-2.75
-3.08333
-8.41667
-12.4583
-18.1667
-25.4167
-27.4583
-23.7083
-24.2917
-32.625
-38.25
-47.3333
-53.0833
-56.5417
-50.2917
-35.7083
-24.5
-12.375
-3.875
1.875
3.75
4.41667
10.625
9.95833
9.75
16.7083
24.7917
29.5
29.0833
24.4583
16.5833
10.25
5.625
1.08333
-4.54167
-7.04167
-12.3333
-28.2917
-42.2917
-55.5417
-66.6667
-71.3333
-63.125
-54.7917
-50.8333
-40
-32.625
-27.875
-28.7917
-22.0833
-13.0833
-8.70833
-2.70833
-4.70833
-9.58333
-13.5
11.0833
10.7083
-8.45833
-16.875
-4.5
11.6667
12.75
0
-2.04167
-0.666667
-9.58333
-38.7917
-61.1667
-1.875
62.9583
37.75
2.83333
29.25
66.9167
20.0833
-57.0417
-50.4583
-11.5
1.75
11.3333
8.70833
-6.95833
-5.29167
4.41667
4.58333
-3.5
-10.7917
8.625
1.45833
-10.4583
-11.8333
-1.16667
9.375
6.25
-4.58333
-2.04167
6.125
-0.541667
-36.2083
-60.6667
-1.70833
57
30.6667
1.75
29.9167
67.125
25
-51.7917
-51.5417
-16.5417
-0.75
16.5417
13.875
-9.91667
-11.9167
1.33333
5.33333
-2.91667
-9.41667
1.125
-1.04167
-4.29167
-7.54167
-1.41667
6.125
0.583333
-10
-6.5
7.54167
8.125
-26.6667
-52.125
-3.16667
44.7917
25.5417
5.70833
28.7917
58.8333
28.0417
-37
-48.75
-26.25
-6.20833
20.4167
18.375
-12.875
-16.75
3.33333
8.75
-5
-10
-6.08333
-3.54167
0.208333
-2
0.375
1.79167
-8.45833
-12
-3.5
2
6
-11.5833
-36.0833
-6.08333
32.9583
22.125
6.75
24.7917
50.75
28.9583
-23.9167
-39.2917
-28.9583
-11.7917
16.9583
14.125
-11.7917
-11.4583
3.58333
6
-4.125
-5.29167
-10.5
-9.20833
0.708333
2.58333
1.08333
2.83333
-4.66667
-14.4583
-11.9583
-7.20833
3.91667
1.25
-19.1667
-3.04167
24.5417
16.3333
5.83333
21.5833
43.75
26.75
-17.2917
-28.2917
-21.0833
-14.2083
8.08333
8.29167
-11.4167
-9.58333
3.125
6.95833
0
-2.08333
-9.08333
-15
0.375
7.375
0.833333
-0.333333
-0.541667
-8.75
-22.2083
-24.0833
6.08333
18.7083
-6.08333
-2.5
17.25
11.3333
4.91667
17.75
34.25
24.4167
-5.375
-20.5833
-21.7083
-8.66667
8.41667
-1.75
-12.875
-4.16667
4.04167
5.79167
-1.20833
-4.625
-8.125
-12.0833
2.125
7.625
-2.25
-2.25
2.16667
-9.25
-29.5833
-28
6.91667
23.4583
8.25
5.83333
9.5
5.45833
5.33333
12
22.1667
21.25
6.625
-8.83333
-17.9167
-7.95833
4.83333
-5.875
-13.7083
-5.25
5.08333
8.54167
-2.75
-9.75
-8.83333
-10.625
3.66667
6.83333
-4.33333
-2.375
-1.54167
-16.3333
-27.8333
-24.7917
5.04167
31.625
21
5.16667
4
4.79167
3.41667
5.5
11.125
15
13.875
3.08333
-8.54167
-4.625
-0.458333
-7.75
-8.08333
-4.83333
-0.416667
4.75
-4
-10.2083
-4.54167
-11.1667
-0.5
4.75
-4.04167
-6.33333
-9.66667
-13.9167
-15.5833
-19.5833
3.66667
32.7917
23.5417
6.25
3.45833
1.375
-1.625
1.125
7.5
10.375
11.3333
9.75
3.66667
0.541667
-5.125
-9.16667
0.958333
1.25
-6.95833
-4.20833
-6.91667
-10
-1.125
-13.25
-3.625
4.04167
-9
-14.6667
-7
-7.70833
-12.75
-8.875
10.7917
27.0833
19.5417
7.04167
2
-1.5
-2.875
-0.875
3.29167
7.5
8.79167
7.875
7.91667
6.29167
-0.375
-1.83333
5.04167
0.833333
-8.83333
-9.08333
-11.3333
-11.0833
2.95833
-11.5833
-4.91667
-1.83333
-15.6667
-13.6667
-5.375
-10.2083
-7.04167
6.25
18.5
21.9167
13.5417
4.33333
-0.458333
-2.66667
-3
-1.125
1.125
3.25
6.75
6.16667
4.25
8.08333
7.33333
5.83333
11.2083
3.91667
-8.33333
-10.625
-16.6667
-17
2.04167
-8.58333
-5.75
-8.70833
-17.7083
-11.0417
-5.54167
-7.95833
2.66667
18.2083
20.625
14.5
7.875
1.66667
-1.91667
-2.875
-3.08333
-1.16667
1
1.04167
2.45833
5.79167
6.66667
4.33333
3.875
11.375
17.4167
8.04167
-4.91667
-10.7083
-14.2917
-14.875
-2.5
-13.5
-10.5833
-10.1667
-14.125
-9.91667
-3.91667
2.375
14.375
18.875
13.5
9.45833
5.16667
-0.208333
-2.91667
-3
-1.83333
-0.375
0.458333
0.375
0
1.375
4.625
4.375
4.08333
13.1667
20.5
11.5417
-1.875
-8.375
-9.66667
-9.75
-1.70833
-23.1667
-20.0417
-8.70833
-8.16667
-4.75
5.83333
13.5
14.5417
12.3333
10.2917
6.54167
1.83333
-2.125
-3.95833
-1.58333
0.416667
-0.375
-0.5
0
-0.166667
-0.333333
0.958333
3.16667
4.125
8.375
16.5417
15.6667
5.66667
0.5
0.375
-5.95833
-11.7917
-31.8333
-19.5
-1.5
-1.95833
2.25
14.4583
15
10.125
9.91667
7
2.54167
-0.458333
-3.45833
-2.5
0.666667
0.541667
-0.541667
-0.583333
-0.583333
-0.5
-0.458333
-0.291667
0.208333
1.91667
6.5
12.2917
14.25
12.5
12.0417
10.8333
-3.04167
-26.0833
-32.375
-10.125
4.33333
5.75
10.875
12.5833
11.0833
10.625
6.70833
2.25
0.125
-1.75
-1.95833
-0.333333
0.333333
-0.333333
-0.333333
0.166667
-0.333333
-1
-0.958333
-0.75
-0.875
-0.375
3.125
8.70833
14.625
21.0417
22.0417
13.6667
-5.33333
-35.625
-32.375
-7.25
10.4167
16.8333
14.7083
11.0417
12.0833
7.91667
0.541667
-1.16667
-0.541667
-0.875
-0.833333
-0.208333
0.0833333
-0.375
-0.291667
0.375
0.0833333
-0.583333
-1.08333
-1.91667
-2.16667
-0.333333
2.5
7.08333
17.125
23.75
20.25
15
-1.95833
-37.6667
-36.625
-8.375
15.75
21.625
17.7917
13.5417
9.66667
3.875
-0.791667
-2.375
-1.70833
-0.5
-0.166667
-0.0416667
0.0416667
-0.416667
-0.375
0.25
0.458333
0.791667
-0.75
-4.375
-3.75
0.833333
5.66667
11.4167
16.25
20.25
20.2083
9.66667
-9.33333
-36.3333
-37.5417
-8.5
18.9167
22.125
17.5833
14.75
8.41667
2.20833
-1.125
-1.70833
-0.875
-0.875
-0.708333
0
0.0416667
-0.458333
-0.333333
0.333333
1.25
0.791667
-3
-4.95833
-1.66667
3.54167
10.5417
15.3333
15.8333
16.125
11.625
-0.708333
-15
-35.5833
-27.7917
-4.33333
9.5
12.7917
15.875
16.0417
10.875
4.25
-0.416667
-0.708333
0.5
-0.541667
-1.58333
-0.666667
0
-0.375
-0.0416667
0.958333
0.833333
-1.375
-3.79167
-3.29167
1.25
8.54167
15.2083
18.1667
16.5
9.45833
-1.125
-10.5417
-17.3333
-25.3333
-18.7917
-7.33333
-1.66667
1.5
8.45833
16.625
14.9167
7.41667
2.95833
1.70833
1.41667
0.583333
-0.791667
-2.20833
-1.83333
0.0416667
1
0.583333
-0.75
-1.91667
-2.66667
-1.83333
4.75
15.375
21.25
18.75
11
1
-9.91667
-19.0833
-21.8333
-10.9583
-16.3333
-16.4167
-7.58333
-3.54167
-1.375
9.79167
17.5417
12.5833
5.83333
4.875
3.875
1.625
0.625
-1.5
-3.70833
-1.54167
1.33333
0.0416667
-1.375
-1.04167
-1.625
1.125
12.2917
23.7917
23.0833
11.4583
-0.625
-9.33333
-15.2917
-19.7083
-20.375
-5.70833
-17.75
-16.9583
-9.83333
-10.1667
-7.20833
3.16667
11.0833
15
10.7917
5.58333
6.79167
5.54167
2.16667
0.0416667
-3
-4.29167
-1.41667
0.833333
0.166667
-0.583333
0.791667
8.625
21.4583
26.8333
16
-2.04167
-12.4167
-13.2083
-14.0417
-19.1667
-16.7917
-5.29167
-11.8333
-16.2917
-16.9167
-15.0833
-7.83333
5
10.5833
8.45833
6.29167
5.54167
7.83333
9.75
6.625
1.5
-2.70833
-4.5
-1.875
0.791667
0.291667
0.875
7.5
18.4167
24.2083
20.4583
6.625
-12.2083
-19.5
-14.6667
-13.5833
-15.2083
-9.08333
-0.916667
-4.58333
-12.2083
-19.9583
-18.5833
-8.875
2.33333
7.16667
3.70833
0.958333
3.33333
7.20833
10.9167
12.0417
6.70833
-1.125
-4.45833
-1.95833
0.625
1.70833
8.25
17.3333
19.8333
17.8333
11.7917
-3.29167
-17.8333
-21.7917
-17.5417
-9.5
-5
-3.08333
-3.04167
-6.66667
-8.08333
-12.125
-13.5833
-9.79167
-2.45833
2.20833
1.20833
-1.33333
-2.58333
1
8.45833
14.4583
13.375
4.45833
-2.83333
-2.16667
2.29167
9.5
17.4167
17.75
13.0833
10.2917
4.08333
-9.91667
-21.9583
-22.875
-13.875
-3.79167
-1.20833
-0.25
-4.70833
-5.70833
-4.91667
-5.95833
-5.625
-6.875
-8.20833
-4.625
-0.958333
-0.708333
-2.91667
-4.08333
-1.25
7.70833
17.25
13.9583
2.41667
1
10.25
17.5833
17.75
12.0417
4.83333
3
-0.5
-15.0833
-25.375
-19.6667
-8.75
-2.375
0.125
3.66667
-6.20833
-3.20833
-2.5
-5.54167
-2.95833
1.16667
-3.375
-10.75
-8
-0.5
-0.458333
-4.91667
-9.70833
-3.875
13.375
19.25
11.7083
12.0833
19.3333
19.9167
15.2917
6.33333
-4.45833
-7.75
-8.79167
-15.5
-18.0833
-12.9583
-7.20833
-2.25
0.125
4.45833
-4.75
1.45833
-2.66667
-5.58333
-0.791667
4.125
3.58333
-5.91667
-15.7083
-7.29167
4.29167
-3.25
-16.5833
-11.0417
7.29167
16.5833
19.5833
23.9583
22.5417
17.9167
18
6
-17.5417
-22.2917
-12.4583
-6.875
-6.91667
-12.125
-10.0833
2.375
5.08333
2.70833
-3.91667
4.5
3.08333
2.375
2.16667
1.375
0.333333
-6.5
-14.875
-9.20833
6.33333
2.45833
-21
-19.8333
4.20833
15.1667
19.3333
23.625
19.1667
21.8333
33
10.3333
-32.5833
-36.125
-13.2083
0.583333
1.29167
-9.66667
-13.1667
1.66667
9.41667
3.41667
-11.4583
6.375
8.20833
4.45833
3.04167
1.20833
-0.291667
-5.75
-13.75
-10.0833
8.08333
9.54167
-20.5417
-33.5417
-10.5833
15.4167
28.0833
25.375
18.125
23.1667
33.7917
14.2083
-30.1667
-41.5833
-16.125
4.625
3.875
-9.5
-12.375
1.91667
8.75
0.958333
-14.875
4.95833
7.04167
3.75
2.83333
0.833333
0.458333
-5.25
-17.625
-13.4167
16.0833
22.9583
-16.7083
-46.4167
-31.4167
10.3333
39.4583
33.0417
16.75
15.8333
29.5417
24.25
-18.875
-47.625
-22.7917
12.4167
8.04167
-14.5833
-14.4583
3.04167
8.66667
-2.5
-6.64815
-8.61111
-3.92593
1.64815
2.01852
-0.5
-4.38889
-5.07407
-4.66667
-4.59259
-5.55556
-10.2778
-14.7778
-16.7222
-18.0556
-15.537
-14.4074
-13.463
-4.88889
-2.35185
-2.48148
-3.5
-2.07407
1.66667
1.75926
3.68519
3.57407
-2.42593
-6.25926
-10.6111
-11.8148
-6.48148
-5.37037
-8.96296
-12.0741
-13.7037
-15.2778
-15.2593
-13.9074
-13.3333
-18.9074
-22.1111
-24.3704
-25.5556
-26.7778
-23.6481
-17.2963
-14.2037
-14.3889
-13
-9.59259
-4.18519
0.388889
6.57407
7.83333
4.75926
-7.57407
-9.59259
-11.4815
-11.5926
-11.9259
-14.2222
-13.2593
-14.6481
-17.0185
-15.7778
-13.1667
-10.1111
-10.2222
-11.7778
-13.1852
-19.0185
-23.3889
-22.7037
-23.2593
-23.2963
-23.4444
-22.9444
-20.5926
-16.8148
-9.83333
-1.42593
2.94444
5.51852
-3.12963
-3.07407
-5.98148
-10.4444
-10.3148
-8.75926
-6.14815
-7.5
-8.03704
-6.5
-4.53704
0.462963
5.62963
7.18519
5.96296
0.759259
-2.85185
-7.87037
-16.4074
-21.9074
-23
-21.8148
-22.1481
-20.9815
-15.6481
-10.1667
-4.74074
1.14815
-0.648148
-0.222222
-2.12963
-9.83333
-8.62963
-5.55556
-3.07407
-3.18519
-1.61111
-1.40741
0.592593
4.92593
14.7778
17.5926
18.0185
16.0926
14.0741
8.66667
-0.222222
-7.7963
-8.98148
-9.31481
-12.037
-13.963
-13.2593
-12.5741
-10.1111
-4.66667
0.907407
-1.44444
-5.83333
-9.94444
-8.2037
-5.62963
-3.81481
-1.88889
0.0555556
1.25926
4.18519
9.42593
14.6111
17.6296
18.8148
20.1111
19.4815
16.3148
10.3704
4.24074
0.888889
-0.259259
-3.09259
-6.38889
-10.6111
-13.9815
-14.0926
-10.5185
-4.59259
-10.5
-12.8889
-14.037
-12.6481
-11.3148
-8.57407
-5.53704
-1.53704
1.74074
6.87037
9.2037
10.037
10.963
12.9074
14.4444
15.5926
17.2963
17.8148
16.963
13.3148
8.85185
4.5
-1.92593
-8.77778
-13.4444
-16.5556
-15.7407
-12.7222
-17.2778
-18.3333
-15.537
-14.2963
-12.1667
-8.51852
-3.81481
-0.166667
6.18519
9.09259
9.33333
5.33333
5.05556
5.68519
7.33333
9.40741
12.8148
15.6481
18.463
16
10.463
5.09259
-1.5
-9.5
-13.6667
-15.8148
-16.3519
-17.6296
-19.7222
-17.1111
-13.7407
-11.6852
-8.7037
-4.66667
-0.12963
4.53704
7.51852
8.66667
5.61111
2
0.5
0.351852
1.40741
5.61111
9.98148
14.8333
19.8889
20.4815
16.037
9.27778
2.55556
-3.40741
-7.7037
-10.2778
-13.1296
-20.0926
-16.3333
-13.1111
-8.48148
-5.53704
-1.74074
2.42593
7.48148
8.96296
9.87037
7.11111
3.85185
0.037037
-1.75926
-2.38889
-0.981481
2.33333
6.16667
9.83333
13.9815
17.6852
17.7778
14
10.0556
4.88889
0.574074
-2.14815
-5.55556
-17.4815
-11.5741
-6.31481
-2.16667
0.62963
4.51852
9.14815
11.7222
12.4815
9.46296
6.42593
2.64815
-0.388889
-2.05556
-2.42593
-1.61111
0.87037
3.05556
6.16667
9.33333
13.537
17.4815
17.463
15.3704
13.7778
9.61111
5.98148
2.37037
-12.4259
-5.85185
-1.42593
1.7963
5.2963
9.66667
13.1296
13.6667
12.037
9.59259
5.48148
2.25926
0
-1.16667
-1.35185
-0.851852
-0.685185
0.0925926
1.57407
3.18519
6.85185
12.1852
16.5185
18.4444
19.4444
18.8519
16.1111
14.0926
1.64815
5.2963
6.68519
8.31481
11.9074
14.8333
15.0185
12.537
10.2778
6.40741
3.18519
0.944444
-0.12963
-0.425926
-0.481481
-0.759259
-1.16667
-1.48148
-1.07407
-0.296296
1.40741
5.61111
11.8889
18.0556
24.5926
28.2222
28.3889
27.6852
18.1481
18.463
16.4815
17
18.8889
17.5741
13.2593
9.31481
5.57407
2.46296
0.388889
-0.444444
-0.388889
-0.185185
-0.148148
-0.5
-0.981481
-1.5
-2.01852
-1.85185
-1.09259
2.01852
9.40741
19.2963
28.1667
35
37.3519
37.6296
34.3148
32.6111
29.6852
29.0185
24.463
17.3333
10.4074
4.83333
0.981481
-1.38889
-2.01852
-1.38889
-0.796296
-0.277778
-0.12963
-0.111111
-0.37037
-1.11111
-1.90741
-1.81481
-0.833333
2.5
9.68519
19.4444
27.3889
32.7407
34.9074
34.9259
39.7778
38.2593
37.9815
35.9074
27.0556
16.9259
8.46296
1.62963
-1.7963
-2.96296
-2.96296
-2.03704
-0.907407
-0.259259
0.240741
0.425926
0
-0.777778
-1.16667
-0.407407
1.83333
6.62963
12.4444
17.7222
21.7593
23.5741
23.9259
23.3333
37.3889
37.5556
38.9259
36.1296
27.463
18.537
11.037
3.40741
-0.425926
-1.81481
-2.48148
-2
-1.11111
-0.185185
0.425926
0.388889
-0.833333
-1.38889
-1.07407
0.740741
5.03704
9.87037
13
13.8148
13.1296
12.3148
11.7222
11.1667
26.6481
28.7593
31.463
29.8519
27.9815
24.0556
17.4074
10.8889
5.25926
1.98148
0.333333
-0.981481
-0.833333
-0.5
-0.240741
-1.07407
-1.7037
-1.68519
-0.296296
3.57407
8.87037
12.6852
13.5556
10.3889
8.75926
7.24074
8.27778
8.03704
14.3889
18.963
21
21.6296
24.6111
25.7037
23.9259
20.1111
13.6852
8.24074
4.42593
1.92593
-0.351852
-1.2963
-2.24074
-2.7037
-2.38889
-0.814815
2.64815
7.85185
13.2593
14.6481
12.8148
9.92593
7.12963
6.03704
6.33333
5
-2.64815
1.61111
4.64815
7.33333
13.6111
18.6296
20.9259
22.7778
19.2963
14.3333
9.98148
5.14815
1
-2.51852
-4.25926
-4.31481
-1.85185
2.64815
8.7037
14.3704
17.4259
16.5556
13.6852
10.2222
7.75926
4.94444
2.48148
-1.72222
-13.6852
-10.2778
-7.33333
-3.07407
2.74074
9.27778
15.9259
21.2407
23.4444
20.9444
15.7222
10.6296
4.07407
-0.851852
-3.85185
-2.85185
1.33333
8.40741
15.8333
18.963
17.6111
14.3519
9.81481
7.35185
2.57407
-3
-10.7407
-17.037
-22.2222
-23.8519
-20.2037
-15.6296
-8.96296
-1.74074
5.90741
13.963
20.6852
23.2037
21.3333
15.5741
10.7778
4.72222
1.68519
2.7963
8.22222
15.2222
19.8333
18.963
13.2407
8.40741
4.92593
0.703704
-5.59259
-13.8519
-22.1296
-26.8519
-13.1481
-16.1111
-15.537
-11.7778
-7.72222
-0.111111
8.51852
14.4259
19.8704
22.8889
22.7593
21.9259
19.0926
16.4815
14.1852
14.8889
18.5
20.7222
19.3333
14.5556
7.2963
2.44444
-1.62963
-7.25926
-15.3519
-23.7778
-29.1111
-29.6296
-8.25926
-12.7963
-15.6852
-16.3148
-14.3519
-8.61111
-0.037037
6.53704
10.8333
15.2222
19.3519
22.3333
26.037
27.9815
29.7778
29.2407
27.0556
22.3148
14.7037
8.01852
3.03704
-1.37037
-5.88889
-13.3519
-20.6852
-25.3148
-25.6667
-22.1481
0.0555556
-2
-7.51852
-10.7593
-14.3333
-12.6852
-6.7963
-1.7037
2.46296
6.46296
11.5185
19.1111
26.4259
35.9259
40.1296
37.6667
30.037
18.5741
7.90741
0.796296
-2.2963
-6.5
-13.463
-19.3889
-22.7222
-22.2407
-18.6852
-13.9074
-11.3333
-12.7037
-16.3148
-19.963
-23.9444
-27.537
-26.3889
-21.2593
-13.0556
-4.16667
3.59259
10.5556
20.1667
28.7407
31.7778
28.3889
19.037
7.03704
-3.22222
-11.0556
-15.0741
-19.7778
-23.5741
-22.7222
-19.6111
-13.1296
-7.85185
-3.66667
-14.9259
-14.5741
-15
-14.6667
-18.8519
-24.4259
-28.8704
-28.7037
-22.3148
-15.4259
-9.44444
-4.14815
-0.87037
2.03704
-0.722222
-6.07407
-12.2037
-20.6481
-26.6667
-32.5556
-37.7778
-39.7963
-37.3889
-28.4074
-17.1296
-7.46296
0.481481
3.64815
-12.3519
-10.9259
-10.2407
-9.38889
-11.037
-16.7407
-24.0926
-27.4259
-26.9444
-26.037
-24.5185
-23.963
-27.9074
-35.1296
-41.5556
-47.1481
-51.537
-52
-52.2037
-54.1111
-56.5926
-54.2963
-44.2778
-30.7778
-17.0926
-6.5
-0.962963
0.740741
-5.37037
-5.05556
3.85185
3.59259
-1.59259
-11.3889
-16.7222
-22.0185
-27.8889
-31.5926
-9.44444
18.2778
43.0556
48.3889
54.8889
62.2407
43.537
5.03704
-39.6667
-46.1852
-31.6481
-6.05556
-0.796296
-2.61111
-8.51852
-3.87037
2.68519
2.01852
-3.98148
-2.83333
2.2963
-0.148148
-7.31481
-15.2407
-19.8519
-17.9259
-18.8889
-17.8704
-3.07407
17.7778
35.8148
40.7222
46.6296
54.7222
41.6667
10.6852
-29.4074
-37.7593
-28.2222
-5.44444
-3.09259
-4.7963
-11.0556
-4.7037
1.83333
0.648148
-2.2963
-1.64815
-0.703704
-7.81481
-15.3704
-21.0556
-18.7593
-10.6481
-6.24074
-5.11111
3.22222
16.2778
28.3889
31.7778
37.7593
45.8704
39.2778
14.5741
-18.2037
-29.2963
-23.1111
-5.72222
-4.48148
-6.25926
-11.3333
-4.2037
1.33333
-0.925926
-1.7963
0.148148
-2.25926
-12.3889
-24.6481
-27.3148
-20.7593
-2.5
5.24074
9.11111
10.0185
16.0741
20.4074
23.0185
29.3519
38.2593
34.3704
15.0185
-10.9074
-20.8519
-16.8333
-2.64815
-0.925926
-2.81481
-10.4259
-8.11111
-4.46296
-5.68519
-2.87037
-2.22222
-5.68519
-16.6111
-25.963
-29
-19.2407
1.75926
15.9444
20.2593
15.4259
12.9815
12.5556
14.8704
22.0185
30.9259
30.463
16.0556
-3.5
-13.9074
-11.1481
-1.98148
1.35185
-0.240741
-5.7037
-7.46296
-7.77778
-11.3333
-4.59259
-6.55556
-11.6667
-17.1111
-22.7037
-23.2963
-17.7593
3
19.3333
27.9259
20.963
12.8148
7.88889
8.40741
15.1481
22.1111
25.0926
16.8704
3.87037
-6.64815
-6.88889
-0.814815
3.40741
2.77778
-2.44444
-7.03704
-9.92593
-14.4074
-8.48148
-12.0556
-13.6111
-16.2037
-18.0926
-19.1481
-14.5185
6.40741
23.6296
33.4074
22.537
11.8148
4.37037
4.96296
8.40741
12.6111
17.0926
16.1852
10.9815
2.74074
-1.07407
-0.537037
2
3.90741
2.61111
-1.44444
-6.88889
-15.1852
-13.7222
-15.1111
-15.1667
-13.3148
-11.7407
-9.66667
-6.01852
9.85185
23.2222
31.0185
21.537
11
2.55556
1.27778
2.57407
6.22222
10.7963
13.537
13.6481
9.74074
4.94444
0.907407
1.7037
6.11111
8.44444
3.94444
-4.37037
-14.9074
-18.7963
-16.9444
-14.1111
-9.68519
-5.7963
-1.14815
2.94444
14.0926
22.2593
25.7407
18.2222
8.83333
1.55556
-1.61111
-0.592593
2.12963
6.72222
9.37037
11.3333
10.6111
8.98148
6.37037
6.5
9.05556
11.2037
6.85185
-0.277778
-12.5185
-22.0926
-16.9444
-9.44444
-5.81481
-1.2037
3.48148
10.2593
19.2037
23.0741
21.7037
12.8889
4.96296
-1.01852
-2.87037
-2.16667
0.240741
3.5
5.72222
7.44444
7.7037
9.24074
10.2778
13.2222
14.4444
14.4444
8.85185
2.57407
-8.44444
-20.6481
-12.0185
-4.42593
-2.11111
2.51852
8.24074
17.1481
22.1667
22.037
15.5185
7.75926
1.2037
-2.33333
-3.55556
-2.42593
-0.722222
1.53704
3.27778
5.61111
6.11111
7.09259
8.48148
13.7963
17.4815
18.4444
13.2222
8.75926
-1.07407
-14.0926
-5.46296
0.240741
2.07407
8.01852
14.9444
19.6852
20.2222
16.037
10.3704
3.98148
-0.574074
-3.11111
-3.22222
-1.90741
-0.518519
0.259259
0.925926
1.85185
3.01852
4.62963
8.24074
15.0185
21.0556
23.3889
19.2407
14.6111
3.7037
-11.8519
-0.425926
8.74074
11.3704
17.3519
18.6667
18.6296
14.4259
10.7778
5.68519
1.07407
-2.33333
-2.90741
-2.03704
-0.814815
-0.481481
-0.222222
-0.314815
-0.12963
0.037037
1.68519
5.27778
13.0556
21.7778
28.9259
28.3889
22.8333
8.68519
-12.4074
5.18519
16.7037
22
23.0556
20.963
15.4815
10.4815
5.51852
1.57407
-1.61111
-2.38889
-1.72222
-0.574074
-0.37037
-0.5
-0.37037
-0.555556
-1.18519
-2.51852
-1.42593
3.24074
12.9074
23.7407
32.3333
33.4444
27.2963
10.4074
-11.8519
9.72222
25.0741
27.1852
26.5185
20.2778
14.5185
7.22222
2.2037
-1.38889
-2.35185
-1.94444
-0.851852
-0.444444
-0.185185
0.0555556
0.0740741
-0.888889
-2.96296
-4.03704
-1.94444
4.38889
14.2407
25.0556
33.1111
34.5741
26.0741
7.87037
-14.3889
9.31481
25.7593
31.1296
29.5
22.037
12.963
4.85185
0.425926
-1.62963
-2.07407
-1.87037
-1.18519
-0.537037
0.12963
0.481481
0.111111
-1.77778
-3.77778
-3.85185
0.444444
8.18519
18
26.1111
30.3704
28.0185
19.2037
3.94444
-16.3889
4.94444
21.6481
28.1296
28.9074
22.537
13.5926
5.85185
1.7963
0.0185185
-0.925926
-2.05556
-1.94444
-1.35185
0.037037
0.333333
-0.333333
-2
-3.12963
-1.64815
4.31481
14.037
23.0556
27.037
24.7407
18.537
10.1111
-2.27778
-14.0185
1.81481
13.6852
18.4074
23.037
20.3889
15.7963
8.72222
5.7037
3.25926
1.55556
-1.03704
-2.5
-2.55556
-1.2963
-0.462963
-0.537037
-1.51852
-0.962963
2.74074
11.7037
21.4074
27.1667
23.4444
15.3704
6.62963
0.555556
-8.12963
-11.2778
-0.537037
4.88889
8.7963
13.5
17.2593
15.2593
12.6667
9.01852
7.90741
5.2037
1.75926
-1.62963
-3.85185
-3.01852
-1.81481
-0.111111
0.407407
3.09259
9.90741
19.8148
26.8704
25.1481
15.8148
5.62963
-1.51852
-6.66667
-14.4444
-16.2037
-8.83333
0.148148
7.27778
13.5556
13.9074
11.7037
9.16667
9.74074
10.4444
9.87037
5.37037
0.611111
-3.35185
-3.25926
-2.03704
0.814815
3.59259
9.31481
17.037
24.5926
26.4444
20.1852
9.11111
-1.07407
-7.83333
-14.1296
-20.9444
-22.963
-16
-4.55556
5.37037
11.2963
11
7.53704
6.07407
7.72222
11.5556
13.1667
10.4074
4.85185
-0.962963
-2.51852
-1.01852
4
9.74074
16.2222
21.2407
23.7778
21.5185
14.0926
3.01852
-7.37037
-15.4444
-20.8519
-24.2037
-25.6111
-20.1296
-8.81481
2.25926
9.37037
9.59259
5.62963
2.01852
2.90741
7.37037
13.1667
14.1852
10.7778
3.88889
1.07407
3.07407
10.2222
16.2778
19.7222
19.963
19.0185
16.1852
8.64815
-2.68519
-14.2593
-21.9074
-24.4074
-23.7407
-22.8148
-21.8889
-13.5926
-4.66667
3.83333
7.44444
6.40741
3.09259
0.425926
1.5
6.81481
12.537
14.5926
11.7593
9.90741
11.9444
17.2222
19.3333
18
15.1667
14.4074
12.1667
4.14815
-9.25926
-21.6852
-27.4444
-26.1667
-20.5185
-18.9259
-21.5185
-17.5185
-9.53704
-2.51852
3.16667
5.24074
4.81481
1.44444
-2.22222
-0.0925926
6.22222
14.5926
18.5926
21.4444
23.0185
24.2778
21.0926
15.3148
9.85185
7.7037
5.62963
-1.77778
-14.963
-26.463
-30.3148
-23.9444
-14.7037
-11.8333
-14.8889
-14.6296
-11.7037
-8.72222
-4.40741
0.0925926
3.35185
2.7963
-2.75926
-3.03704
1.16667
12.7593
20.9815
27.7963
29.9444
29.8148
25.4074
16.5185
6.62963
0.148148
-3.11111
-8.7963
-20.5556
-29.6111
-28.963
-17.463
-5.7963
-2.66667
-4.98148
-7.2037
-8.7963
-12.1667
-12.4815
-8.72222
-1.81481
1.38889
-2.88889
-4.74074
-0.722222
11.0556
20.1852
25.7778
30.3889
35.4259
37.4259
26.8889
7.38889
-10.2963
-18.2222
-19.3519
-24.1111
-27.2222
-24.7407
-12.5185
-0.444444
1.07407
0.814815
-0.611111
-2.33333
-11.2963
-16.7037
-16.8704
-6.98148
-1.2037
-5.64815
-10.8333
-8.42593
8.57407
23.1481
31.7778
35.037
40.5185
45.0185
34.6667
8.72222
-19.3889
-32.7407
-30
-24.5741
-21.0741
-17.5185
-8.62963
0.925926
-0.0740741
2.01852
3.37037
3.05556
-6.75926
-18.0185
-20.0926
-10.3148
-0.944444
-9.14815
-19.963
-21.463
2.7037
27.4815
42.7778
43.463
44.7407
47.8889
36.9074
6.27778
-29.3148
-42.7963
-31.9444
-17.5556
-13.2593
-14.6111
-9.2963
-0.759259
15.7222
2.33333
-3.94444
-1.05556
7.66667
2.55556
-18
-38.5556
-33.7222
-11.6667
12.3889
24.8333
23.2222
17.6667
4.22222
-0.0555556
-5.83333
-10.6111
-13.3889
-11.2778
1.33333
9.22222
6.66667
7.55556
2.72222
14.5556
7.27778
6.88889
-1.77778
-5.55556
-3.77778
-5.33333
7.88889
0.166667
-6.61111
0.277778
10.1111
9.27778
-7.77778
-30.4444
-38.5
-21.7222
0.777778
20.4444
23.0556
23.7778
11.8333
2.33333
-8.94444
-12.2778
-9
-7
0.166667
-0.111111
-4.61111
-7.83333
-9.88889
6
8.5
12.1111
3.94444
-2.05556
-2.38889
-2.55556
3.05556
-0.277778
-6.55556
1.88889
9.72222
10.5556
3.38889
-12.2222
-27.8333
-33.3333
-20.2222
8.38889
25.9444
32.2778
15.5
0.555556
-10.3333
-12.7222
-8.5
-8.27778
3.27778
0.833333
-1.05556
-13.8333
-10.3889
-4.05556
2.66667
3.94444
3.11111
2
0.388889
1.27778
-6.33333
-8.33333
-6.94444
3.22222
5.33333
7.11111
8.22222
7.05556
-9.55556
-29.7222
-40.6111
-17.8333
10.2222
32.8333
23
5
-3.83333
-8.72222
-10.2778
-15.2778
-0.0555556
11.2222
16.7778
1.77778
-3.72222
-8.83333
-5.5
-5.61111
-5.27778
-1.72222
-0.611111
2.16667
-7.38889
-10.4444
-7.83333
0.444444
0.555556
0.722222
5.11111
14.6111
3.16667
-24.5
-52.8333
-33.9444
0.444444
31.7222
23.1111
10.8889
6.16667
-2.66667
-18.2778
-32.3333
-13.7778
14.3889
37.5556
32.6667
17.8333
-6.66667
-17.2222
-17.6667
-9.77778
0.444444
5.38889
11.2778
-5.16667
-7.11111
-10.0556
-6.27778
-7.22222
-5.27778
-3.05556
10.8889
7.22222
-10.1667
-43.1667
-35.8333
-9.72222
22.5556
24.0556
18.8889
11.3889
-1.66667
-24.2778
-40.2222
-30.3333
0.444444
33.9444
46.4444
33.5556
5.77778
-10.1667
-9
-1.55556
3.05556
5.44444
9.22222
0.5
3.22222
-4.61111
-7
-9.5
-7.16667
-6.11111
-1.72222
-4.61111
-13.3889
-22
-16.6667
-0.166667
15.4444
21.3333
19.7778
11.6111
-4.05556
-23.8889
-39.7222
-37.8889
-18.5
13.0556
35.2222
37.3889
20.2778
7
2.88889
8.66667
9.83333
9.05556
5.16667
1.44444
8.22222
5.27778
2.27778
-2
-3.55556
-12.6667
-23.4444
-27.3889
-16.8889
0.666667
9.33333
12.7778
15.2222
19.2778
16.4444
5.55556
-6.94444
-19.6667
-29.8333
-35.7778
-31.2778
-15.8333
1.77778
19.5
28
34.9444
32.3889
27.4444
15.1111
2.38889
-10.2222
1.22222
9.22222
12.2778
8.33333
2.66667
-7.77778
-20.3333
-42.8889
-37.8333
-17.7778
21
28.0556
27
17.1667
16.5556
9.38889
1.16667
-7.05556
-12.2222
-20.6667
-28
-30.1667
-24.3333
-16.1111
-0.833333
17.2222
37.3333
41.0556
33.4444
16.5
1.33333
-11.4444
1.66667
4.16667
7.88889
4.38889
-3.66667
-18.3333
-34.3889
-41.0556
-26.2222
4.11111
29.8889
35.0556
27.6667
18.1111
9.44444
2.55556
-2.88889
-3.55556
-6.33333
-11.3889
-20.9444
-26.3333
-30
-27.9444
-18.6111
3.11111
31.2222
44.8889
37.8333
16.1111
-0.0555556
-6.55556
0.944444
0.0555556
-0.166667
-11.1111
-20.7778
-36.5
-34.8889
-24.8333
4.55556
23.4444
37.2222
31.6667
24
11
2.22222
-2.88889
-1.88889
0.0555556
-0.444444
-4.94444
-11.8333
-18
-23.1667
-25.0556
-24.9444
-16.4444
0.444444
17.8333
26.3333
22.6111
17.5
14.4444
-3.66667
-8.33333
-12.6111
-22.6111
-34.2222
-36
-25.6111
3.11111
24.2222
36.9444
32.9444
25.6667
13.5556
3.33333
-4.38889
-3.38889
0.5
4.16667
3.05556
-0.166667
-5.22222
-11.2778
-19.2222
-22.9444
-25.4444
-23.9444
-18.7222
-5.72222
9.61111
23.1111
29.7778
33
-4.33333
-12.2222
-21.2778
-32.3333
-34.2778
-23.6667
-1.77778
17.6111
32.3889
33.4444
29.0556
16.4444
5.44444
-3.16667
-4.16667
-1.33333
2.66667
4.16667
4
2.55556
0.277778
-3.88889
-9.22222
-14.0556
-19.8889
-28
-35.7222
-30.0556
-10.1667
18.2222
37.6667
43.3889
-1.72222
-15.9444
-31.3889
-34.8889
-25.7222
-0.888889
16.3333
30.9444
32.5556
30.1111
19.1111
7.11111
-1.77778
-4.33333
-2.33333
0.888889
2.05556
2.55556
2.83333
3.38889
2.5
0.611111
-3
-6.94444
-12.2778
-21.1111
-31.9444
-36.3333
-27.8333
-3.38889
22.3889
41.9444
3.88889
-19.5556
-35.2778
-31.7222
-7.88889
17.4444
32.1667
33.9444
30.0556
20.7778
9.72222
-0.333333
-4.16667
-3.33333
-0.111111
1
0.833333
0.444444
1.16667
2.5
3
2.66667
1.11111
-2.05556
-6.05556
-13
-23.4444
-33.5556
-32.7778
-16.6111
10.0556
30.2222
-9.38889
-31.6667
-32.8333
-14.8333
12.3333
30.2222
36.4444
33.1111
23.5
11
0.944444
-3.44444
-3.22222
-1.16667
0.0555556
0.444444
0
-0.111111
0.0555556
0.666667
1.77778
2.61111
2.61111
0.333333
-2.16667
-6.11111
-11.6111
-19.5
-22.1111
-13.2778
2.38889
17.3889
-23.2778
-37.4444
-23.9444
2.77778
23.8889
31.4444
29.8889
22.8333
12.6111
3.33333
-2.27778
-3.38889
-2.22222
-0.666667
0.0555556
0.111111
0.166667
-0.166667
-0.222222
-0.277778
0.611111
1.44444
1.61111
0.277778
-1.38889
-2
-0.722222
1.88889
5.38889
7.16667
4.27778
-1.11111
-27.5
-22.6667
-6.61111
10.8333
16.2778
15.6667
13.3333
9.44444
4.44444
0.333333
-1.16667
-1.66667
-0.888889
-0.333333
0.0555556
0.111111
0.166667
-0.111111
-0.333333
-0.166667
1
1
-0.111111
-2.11111
-1.66667
3
12.3889
24.8889
30.8889
24.3889
1.38889
-21.0556
-5.5
8.55556
6.83333
1.33333
-6.66667
-8.27778
-6
-4
-2.11111
0.222222
1.22222
1.77778
0.944444
0.277778
-0.111111
-0.0555556
0.0555556
0.0555556
0.166667
1.22222
1.5
0.0555556
-3.38889
-3.88889
1.11111
12.5556
27.3889
40.6111
39.8889
21.1111
-14.6111
-40.6667
17.8889
37.4444
26
1.5
-21.7222
-30.6667
-25.7778
-18.0556
-8.83333
-2.88889
1.88889
3.88889
3.5
1.77778
0.444444
-0.111111
-0.277778
0.277778
1.11111
1.72222
0.555556
-2.72222
-4.72222
-1.33333
9.27778
25.7222
39.5
43.0556
29.3889
1.94444
-28.9444
-48.1111
31.2222
47
39.5
12.4444
-15.5556
-36.2222
-39.1111
-32.1667
-20.0556
-10
-3
2.55556
5
4.55556
2.66667
-0.166667
-0.777778
-0.0555556
1.33333
0.388889
-3.61111
-5.83333
-4.11111
7.16667
22.7778
39.2778
44.5
33.6111
8.38889
-19.0556
-38.0556
-40.7222
26
42.6111
49.1111
36.6667
7.33333
-22.5556
-41.4444
-42.4444
-32.4444
-21.8889
-11.6667
-4.88889
2.11111
5.33333
5.22222
2.16667
-0.555556
-1.11111
-1
-3.94444
-6.27778
-5.33333
4.72222
20.8889
39.3333
48.5556
40.3333
12.3333
-16
-35.5556
-30.8889
-22.9444
18.5
24.8889
37
40.8333
32.0556
8.72222
-21.6111
-37.5556
-42.2778
-32.2778
-25.5
-15.5556
-7.33333
1.61111
6.27778
4.83333
1.5
-3.27778
-5.5
-6.94444
-5
3.22222
18.2222
38.5
52.1667
47.4444
20.1111
-15.7778
-37.8333
-38.8333
-23.7778
-9
7.05556
6.66667
15.3333
26.0556
30.8333
27.4444
10.6111
-8.27778
-23.5556
-31.3889
-32.5
-30.1111
-21.3333
-9.61111
0.444444
5.11111
2.88889
-2.66667
-5.83333
-5.05556
3.22222
16.7778
36.7222
51.6111
51.6667
27.4444
-8.83333
-39.5
-47
-36.3889
-17.0556
-1.94444
0.388889
-5.33333
-0.666667
5.22222
18.3333
32.6667
35.9444
26.3333
1.16667
-18
-34.4444
-38.2222
-36.6667
-25.6111
-11.6111
-1.38889
2.55556
-0.666667
-2.11111
3.11111
16.6667
36.1111
50.6111
50.3889
26.6111
-8.83333
-39.5556
-47.1667
-39.8333
-23.6111
-12.9444
-0.555556
-8.22222
-8.38889
-7
-6.55556
0.611111
19.1667
42.0556
46.9444
35.9444
6.83333
-13.9444
-35.4444
-42.8333
-42.5556
-29.9444
-14.1111
-3.16667
3
7.27778
17.9444
35.4444
50
49.1111
24
-13.3333
-42.6111
-47.9444
-34.6667
-20.6667
-12.6111
-7.88889
0.111111
-11.1111
-7.88889
-3.38889
2.16667
10.6667
21.0556
27.9444
30.5556
26.7222
21.4444
9.72222
-7.55556
-31.5556
-47.5556
-47.3889
-31.3333
-12.7778
3.77778
17.6111
35.9444
50.6667
49.3889
24.7222
-14.1111
-44.6667
-52.2222
-39.1111
-19.4444
-8.72222
-6.83333
-6.33333
-3.38889
-11.1667
-9.77778
-5
5.5
13.9444
16.7778
14
11
16.7222
24.8889
34.1111
24.7778
0.722222
-33.0556
-51.7222
-47.1667
-26.1111
2.33333
28.6111
48.8333
51
28.7778
-10.0556
-44.0556
-54.6111
-42.1111
-21.1667
-7.77778
-3.83333
-5.83333
-8.05556
-7.66667
-9.44444
-8.33333
-1.5
10.0556
16.8333
16.3333
6.44444
-1.77778
-3.72222
10.3333
30.4444
44.9444
34.7222
1.55556
-31
-45.2222
-31.7778
-3.11111
23.8889
36.1667
24.9444
-0.166667
-29.7778
-47.1111
-42.3889
-25.1667
-9.11111
-6.72222
-7.88889
-6.66667
-4.66667
-3.66667
-14
-11.6111
-5
3.83333
6.11111
9.16667
12.6667
12.9444
6.5
1.38889
12.6111
32.6111
47.2222
33.8333
7.22222
-19.2222
-24.0556
-15.5556
-9.61111
-9.5
-13.7222
-9.72222
-13.3889
-20.6667
-24.6667
-18.3333
-5.72222
-3.27778
-4
-2.33333
2.11111
5.83333
-12.7222
-8.61111
-4.44444
3.22222
4
7.44444
14.7222
20.5556
12.6667
-1.83333
-8.11111
8.61111
33.0556
39.9444
26.2778
1.72222
-13.2222
-25.0556
-42.3333
-52.6667
-42.3333
-8.94444
16.7778
15.6111
2.66667
-6.83333
-2
0.777778
2.05556
5.11111
12.7778
13.5
0.0555556
-1.05556
-3.94444
-0.388889
0.0555556
2.77778
8.61111
16.6111
11.9444
-0.888889
-15.2778
-6.33333
13.1667
23.0556
13.3333
-3.5
-13.1667
-28
-49.0556
-61.6667
-43.7222
-0.277778
34.2778
38.7222
16.8889
2.33333
3.22222
11.5556
12.1667
8.5
7.22222
2.27778
-2.06
1.38
-1.36
-6.08
-15.9
-25.92
-34.64
-31.72
-21.64
-0.82
17.08
30
26.54
13.92
-2.3
-13.86
-19.96
-19.26
-6.86
5.08
11.28
11.56
11.56
6.5
-0.3
-3.84
-3.22
-1.08
-5.6
-0.56
0.08
-0.92
-11.16
-20.56
-32.9
-35.12
-30.24
-11.84
6.36
25.52
28.04
16.64
1.38
-11.74
-22.76
-26.56
-10.84
3.82
11.32
14.2
17.72
9.84
1.94
-0.14
-0.28
0.54
-6.92
-1.98
-0.7
-1.26
-9.56
-19.58
-34.54
-38.7
-36.98
-20.34
1.7
25.5
30.08
22.58
6.1
-12.36
-27.94
-34.9
-19.02
0.46
13.5
20.26
28.16
17.94
6.98
4.14
3.8
4.06
-8.7
-4.64
-5.26
-6.18
-13.04
-20.68
-33.22
-34.08
-32.8
-18.08
3.9
25.64
29.8
25.22
7.48
-15.2
-33.78
-41.62
-29.64
-9.44
9.32
23.76
34.68
27.52
20.2
17.24
12.88
8.58
-6.26
-6.54
-9.98
-14.98
-22.5
-27.6
-31.06
-28.1
-20.3
-6.24
12.04
27.24
31.36
22.82
5.92
-16.04
-36.62
-48.3
-38.74
-22.46
-3.14
17.6
34.66
34.14
34.4
32.68
25.78
16.9
-2.92
-7.52
-15.4
-25.44
-32.62
-33.96
-32.6
-21.46
-5.38
8.36
21.98
33.88
32.94
21.62
5.36
-14.54
-35.32
-49.5
-47.88
-37.04
-20.86
0.82
23.88
35.34
44.08
46.44
40.12
28.34
-3.36
-10.82
-22.48
-36.9
-39.94
-38.7
-29.52
-10
13.92
25.46
35.72
39.34
32.28
18.82
4.14
-14.22
-31.68
-43.66
-48.18
-45.08
-32.28
-13.5
5.72
22.48
39.48
46.66
45.26
38.22
-11.18
-21.3
-34.16
-43.34
-42.14
-34.04
-15.5
9.68
31.86
40.38
42.78
37.76
26.78
13.16
1.8
-10.66
-24.54
-35.54
-44.06
-48.94
-44.3
-30.12
-13.3
6.72
28.62
41.7
46.02
41.8
-20.94
-33.74
-41.84
-45.54
-36.98
-19.9
5.04
26.26
45.48
48.58
42.92
32.66
21.64
8.04
1.02
-5.34
-14.62
-24.54
-33.86
-42.64
-46.08
-42.14
-31.34
-14.74
4.14
20.66
34.76
41.04
-32.18
-41.68
-42.98
-39
-22.64
1.14
23.26
40.76
51.48
48
37.08
25.78
13.8
5.04
1.28
-1.66
-6.42
-12.6
-22.24
-31.62
-39
-43.28
-42
-32.66
-20.12
-3.34
16.84
33.44
-40.34
-45.7
-39.74
-24.5
-1.38
20.02
39.72
50.16
49.88
40.2
28.6
15.76
6.88
2.28
1.66
1.08
-0.7
-3.98
-10.6
-19.16
-27.64
-35.92
-43.22
-43.9
-38.54
-24.7
-2.52
21.02
-43.32
-42.76
-28.66
-3.68
19.24
39.44
52.52
52.72
42.58
31.14
17.8
6.94
1.66
0.52
1.26
2.74
2.42
0.28
-4.14
-10.16
-18.46
-28.3
-37.56
-42.46
-43.54
-34.36
-13.7
11.02
-39.28
-33.1
-12.22
12.74
34.74
50.22
54.66
46.22
33.72
20.74
8.88
1.52
-0.62
-0.48
1.06
2.6
3.6
2.96
0.58
-2.92
-8.66
-18.26
-28.34
-35.1
-38.34
-33.18
-17.18
4.82
-32.72
-20.62
-0.32
23.02
40.98
48.64
45.36
35.84
22.66
10.98
3.08
-0.76
-1.7
-0.46
0.78
1.9
3.1
3.16
2.04
0.2
-3.1
-8.76
-14.84
-19.42
-20.72
-17.1
-9.86
1.12
-21.16
-10.08
5.64
24.32
35.16
36.2
31.96
22.86
12.54
5.12
1.02
-1.38
-0.96
-0.2
0.44
1.48
2.18
2
1.78
0.92
-0.56
-1.4
-1.48
0.32
3.16
5.28
4.48
3.86
-5.86
-0.12
6.48
14.06
16.56
16.22
13.78
9.12
5.12
2.38
0.34
-0.26
-0.04
0.22
0.54
0.88
1.02
0.8
0.36
0.3
1.74
5.56
12.32
21.22
27.28
27.64
19.6
6.58
10.4
7.1
1.38
-4.7
-9.36
-10.22
-9.12
-6.22
-2.52
-0.64
0.7
1.64
1.6
1.02
0.6
0.24
-0.16
-0.96
-1.26
0.42
4.96
13.88
26.82
39.4
46.06
43.36
26.76
2.14
28.1
18.22
1.82
-15.74
-29.5
-33.46
-30.28
-23.24
-13.4
-5.46
-0.32
2.08
3.34
2.34
0.74
-0.16
-1.22
-2.64
-1.56
3.28
12.32
26.3
42.52
54.42
57.32
46.56
21.66
-8.38
43.78
30.18
8.48
-16.58
-37.52
-47.26
-46.9
-38.66
-27.4
-15.16
-5.82
-0.12
2.3
2.86
1.36
-0.86
-2.72
-2.8
0.82
9.86
24.38
41.62
55.58
62.8
56.24
35.24
6.56
-21.56
51.74
37.16
13.84
-11.64
-34.04
-47.66
-51.12
-46.4
-37.4
-26.96
-16.3
-7.66
-2.1
0.34
0.72
-1.62
-2.24
0.4
7.78
21.22
39.42
54.88
63.36
59.76
42.6
15.24
-13
-36.98
51.1
42.84
26.96
5.5
-16.94
-33.9
-45.5
-49.98
-48.14
-40.82
-31.46
-20.7
-11.08
-5.22
-2.78
-1.52
1.52
7.72
19.74
36.96
53.64
63.2
61.48
46.02
20.08
-10.1
-35.36
-49.14
40.9
42.36
37.66
26.84
10.98
-8.46
-26
-40.1
-49.46
-50.96
-45.94
-37.24
-25.94
-15.34
-7.24
-0.1
8.9
20.48
36.1
52.2
62.7
62.2
48.7
23.08
-7.54
-35.44
-51.7
-53.98
26.42
33.96
37.74
38.44
32.34
16.88
-2.72
-19.94
-38.2
-50.36
-54.08
-50.6
-43
-29.3
-13.62
1.16
18.2
36.48
51.5
60.84
60.72
47.36
23.22
-6.18
-35.24
-53.86
-58.76
-52.54
12.62
22.32
33.6
41.84
43.36
36.66
23.14
3.02
-16.78
-36.38
-50.82
-57.74
-53.82
-41.84
-22.36
1.76
27.74
48.98
60.76
60.86
46.84
21.6
-7.46
-35.28
-54.08
-59.98
-56.54
-45.42
4.3
18.58
34.66
44.48
47.36
44.68
35.12
18.92
0.66
-17.34
-35.88
-50.78
-53.54
-45.34
-28.3
-0.94
28.7
48.64
55.72
49.04
25.46
-5.62
-33.68
-54.42
-63.2
-59
-48.82
-34.32
-4.48
9.38
25.32
38.66
45.68
47.48
45.2
36.82
23.74
7.92
-10.76
-31.38
-42.58
-42.18
-32.12
-9.96
16.26
33.46
37.84
29.08
4.48
-24.48
-46.3
-58.92
-59.66
-49.12
-35.7
-23.52
-2.92
7.12
19.38
30.28
33.86
37.54
39.98
38.62
34.24
26.46
10.56
-11.3
-28.86
-37.84
-36.5
-22.84
-3
11.38
14.46
7.8
-8.9
-29.56
-43.66
-47.86
-43.24
-32.62
-21.54
-12.98
-0.66
6.02
14.46
22.1
22.8
25.46
29.8
30.76
32.78
32.62
23.82
5.24
-12.5
-29.82
-38.48
-35.58
-25.44
-15.7
-10.04
-10.04
-15.46
-23.44
-30.7
-29.86
-22.52
-15.04
-8.42
-2.24