44.375
36.75
13.75
-1.25
-10.125
-15.375
-12.125
-10.875
-10.125
-8.375
-6.375
-5.375
-4.875
-3.5
-1.125
1.25
2.375
1.5
-0.5
-3.375
-6.5
-9.375
-10.125
-8.5
-8.875
-16.125
-16.75
-30.625
-50.25
-66.125
-88.875
-98.5
-102
-99.375
-64.75
-63.375
-65.375
-56
-41.75
-26.25
-10
-5.125
-5.125
-5.375
-4.375
-3
-3
-2.875
-1.625
0.625
2.75
3.375
2.25
-0.875
-3.875
-5.75
-5.25
-3.25
-3.5
-16.25
-39.625
-74.25
-109.25
-132.625
-146.25
-144.375
-141.125
-134.875
-87.875
-68.375
-51.75
-35.5
-20.25
-7.75
1.125
3.75
3.375
2.125
1.375
1
-0.25
0.625
6.125
17.5
28.5
35.125
32.75
22.625
12
4.125
1.625
1.125
-0.875
-21.875
-69.125
-109.875
-140.375
-148.5
-129.125
-111.625
-101.375
-89.125
-21.125
-9.75
-1.875
1.875
4.125
5.375
5
4.875
4.875
3.875
3
2.375
3.625
10.875
26.25
54.75
77.75
88.5
84
59.375
34.875
16.375
4.625
-0.375
-4.875
-19.75
-52.125
-74.625
-84.75
-79.75
-55
-37.625
-28.75
-20.75
8.75
8.875
9.25
7.875
5.25
3
0.5
0
0.375
1.375
3.125
6.75
16.625
33.125
59.375
89.875
112
119.125
109.5
86.375
58.75
35.125
15.75
2.5
-4.25
-7.25
-11.75
-13.75
-12.125
-8.75
-1
6
9.75
11.75
8.625
8.375
8.75
8.625
6.625
3.75
1.25
0
0
2.75
8
18.5
39.375
65.5
89.625
96.875
98
96.5
91
92.75
83.625
62.25
39.125
18.75
7.25
5.25
8.625
12.875
15.25
15.5
14.75
14.125
13.125
12.125
12.375
11.375
10.75
10.125
8.75
7.125
6.625
6
6.25
9.875
18.625
38.875
67.75
91.5
94.75
75.875
52.5
42.125
54.875
77.25
90.75
86.625
66.125
43
24.875
13.625
11.25
13.625
15.5
16.375
16.125
14.875
13.75
13
13.625
11.875
9.25
7.625
7.375
8.125
9.5
10.625
13.625
20.75
39
67
88.125
91.125
72.75
39.5
11.25
3.125
15.875
41.875
68.25
84.375
84.375
68.125
46
26.75
14.375
11.125
12.875
14.75
15.75
15.875
16
16.625
12.875
12.25
9.625
7.75
7.625
8.125
9.375
13.125
21.125
39.75
66.25
84
81.875
58.75
20.625
-17.25
-38.125
-42
-33.375
-8.125
26.125
58
81.5
87.375
75
53.875
34.875
22.125
16.875
16.125
15.625
15.125
14.375
13.625
11.875
12.625
12
9.875
7
5.375
8.25
18.25
39
67.125
82.875
77.75
52.25
6.875
-35.5
-59.875
-72.5
-72.75
-59.125
-42.75
-16.625
23.125
57.125
82.375
92.25
80.875
60.625
39.5
22
12
7
4.25
1.125
-2.5
3.5
2.75
2.375
1
-0.75
1.625
12.375
34.25
64.375
81.375
77.5
53.375
11.5
-28.375
-44.625
-42.875
-36
-28.375
-29.625
-35
-30.5
-9.375
20.375
52.125
77.5
87.75
78.25
54.375
27.25
4.25
-10.125
-17
-20.75
-23.5
-5.5
-6.25
-5.875
-3.5
2.875
16.25
38.5
63.625
77.375
71
48.875
10.5
-25.125
-33.125
-25.125
-7.375
12.375
15.375
0.75
-14.75
-23.625
-27.375
-14.875
13.25
43.375
70.375
83.625
74.875
50.625
20.75
-4.125
-19.25
-24.375
-23.875
-3
-1.625
0.5
7.75
23.25
47.5
72.125
81.875
70.375
43
3.75
-29.625
-38.375
-27.25
-9.625
7.5
13.125
7.5
1.625
-7
-18.5
-31.5
-33.5
-21.5
2.875
35.75
66.25
86.125
86.375
67.5
39.125
13.5
-2.125
-7.625
-0.75
0.25
6.25
21.25
46.125
72.375
81.875
72.375
43.5
3.25
-30
-38.125
-27
-10.5
7.375
8.875
0.125
-3.625
-3.25
-3.5
-10.75
-24.375
-33.75
-37.25
-27
-1.625
30.75
64.5
90.25
97.5
81.875
54.25
26.875
7
-15.5
-8
11.125
39.625
69.25
82
71.75
45.375
5.75
-26.375
-33.625
-24.625
-7
7.5
12.5
10.625
14.375
16.625
14
10.125
0
-9
-21.125
-30.875
-33.5
-26.125
-5.125
24.5
58
87.5
99.75
88.625
62.25
32.25
-16.875
4.375
36.25
66.25
79.625
72.25
46.625
9
-20.75
-29.875
-22.625
-7.625
6.125
7.75
10.375
22.625
39.5
42.375
33.75
19.25
3.5
1.75
-4.5
-16.125
-28
-33.75
-28.125
-9.5
19.75
54.375
81.875
91.625
77.875
48.875
7.25
32.25
59.75
73
65.125
46.125
15.75
-13.75
-22.875
-20.375
-11.75
2.125
6.125
3.375
8.75
12.125
12.125
9.25
2.25
-0.5
-0.125
2.25
1.375
-5.5
-14.25
-19.125
-20.5
-14.25
-2
11.625
24.375
32.25
30.375
21.5
5.375
15.25
23.5
25.25
21.875
12.5
4.625
1
-1.5
-1.375
-2
-1.625
-0.625
1.75
-2.75
-16.875
-31.375
-34.25
-28.75
-14.5
-0.5
-0.25
-0.625
2
7.5
10.625
9.875
5.625
-7.5
-26.75
-40.375
-49.125
-43.625
-25
-19.625
-34.5
-50.5
-53.625
-43.5
-27.875
-1.75
22.125
28.625
25.875
14
-1.5
-6.375
-2.625
-8.25
-14.625
-21.375
-21.5
-13.375
-4.75
2.625
2.75
6.75
14.5
24.125
28.125
23
5.25
-24.375
-57.625
-82
-89.25
-73.125
-43.5
-26
-50.375
-79.875
-97.25
-94.125
-70.125
-33
7
36.25
43.625
33.875
14.625
-3.25
-8.75
-7.125
-2.125
0.125
1.875
6.25
15.125
21
25.75
34.625
34.375
32.375
26.125
7.125
-24.625
-58.25
-85.75
-97.5
-84.5
-58.125
-31.5
-9.625
-25
-49.75
-80.375
-101
-98.375
-75
-37.75
5
36
44.875
36.75
17.625
-1.25
-10.125
-4.125
5.375
14.75
28.25
41.625
52
58.125
57.75
46.875
30.25
7.375
-25.125
-62.125
-89.125
-97.625
-84.75
-55.25
-28.75
-12.25
6.375
0.25
-15.125
-42.375
-74.625
-98.5
-100.25
-80.5
-45.25
-2.75
33.25
48.125
43.25
25.625
3.875
-2.25
5
15.75
27.375
30.75
37.5
42.75
35.625
28.125
5.75
-28.25
-61.125
-87.125
-92.375
-74.75
-45.5
-17.375
-1.375
4.375
1
-1.125
-7.75
-21.125
-44
-72
-95.25
-100
-82.75
-50.875
-7.375
29.75
46.5
40.25
22.625
-1.875
-15.375
-19.625
-22.375
-20.75
-16.5
-6.25
-2
-9.875
-33.875
-64.25
-84.375
-83.375
-63.25
-33
-8
3.875
7.875
8.125
-8
-7.375
-6.875
-8.875
-18.75
-37.125
-63.125
-87.5
-93.75
-82.125
-54.625
-16.125
17.5
30.25
24.125
5
-20.125
-34.125
-34.375
-28.125
-21.25
-15.125
-20.625
-42.375
-67.25
-85.5
-83.625
-60.625
-33.5
-10.875
1.125
2
1.75
-0.5
1
2.25
4.125
5.625
3.875
-6.25
-23.875
-50.625
-78
-91.375
-86.125
-63.25
-28.125
8.625
29.75
38.375
33.375
28.125
24.375
18.625
11.875
-11.75
-45.25
-73.375
-89.375
-87
-63.875
-37.625
-18.875
-7.25
-2.5
-1.625
-0.375
-1.375
12.125
11.375
11.75
12.25
12.125
8.5
-0.75
-18.375
-46.375
-75.375
-93.875
-92
-68.75
-28.125
14.75
43.75
60
62.5
51.25
30.625
-1.75
-46
-81.125
-97
-90.25
-64
-36.5
-15.875
-3.75
2
4.25
5
5.625
6.875
7
4.5
3.25
1.875
0.125
-1
-3.625
-9.875
-24.25
-47
-75.625
-95.5
-94.5
-73
-38
-5
16.25
20.75
12.75
-14
-52.125
-83.25
-96.5
-85.125
-56.375
-26.375
-8.25
2.375
7.625
7.5
7
6.5
5.375
6
-2.75
-5.625
-7
-8.625
-9.375
-9.875
-10.75
-11
-15.375
-25.875
-44.75
-71.625
-93.375
-97.625
-81
-53.125
-26
-16.75
-32.625
-61.125
-86
-93.625
-79.875
-50.875
-24
-8
-2.125
-2.5
-4.375
-7.5
-9
-8.375
-8.5
-8.25
1.125
1
1.375
1.25
1.5
1.75
0
-1.375
-3.375
-9.625
-20.125
-40
-67.625
-91.125
-96.625
-83.5
-64.25
-57.25
-69.875
-86.875
-93
-80.25
-55.125
-32.75
-19.625
-14.375
-14.625
-16.625
-18
-18.75
-18.5
-17.25
-16
-14.625
11.875
13.875
13.5
11.875
9.875
8.125
5.125
1.375
-2
-6.875
-13.875
-25.125
-43.875
-68.125
-92
-100.5
-101.875
-93.75
-71.25
-61.75
-49.375
-35.25
-30.375
-21.5
-15
-12.75
-12.375
-12
-11.375
-10.75
-10.375
-10.125
-9.625
-9
14.625
14
10.25
6.25
2.5
-2.25
-6.125
-9.875
-12.875
-14
-15.125
-17.625
-25.25
-39.5
-62.625
-80.5
-78.5
-47.75
0.625
25.875
31.375
16
-7
-10
-7.75
-6.625
-6.25
-6.375
-6.5
-6.625
-7
-6.875
-7.125
-7.5
11.875
9
5.125
2.375
-0.375
-3.875
-6.25
-7.875
-9
-8.875
-8.75
-8.75
-10.375
-16.875
-28
-25.875
-1.75
37.5
75.625
80.875
59.125
26.875
0
-7.375
-7.875
-7.875
-7.875
-7.875
-7.875
-7.875
-7.75
-7.25
-7
-6.625
7.25
4.875
2.875
2.125
2
2.125
2.125
1.875
0.75
-1
-3.25
-5.25
-6
-7.375
-9.25
10.625
36.25
53.375
68.125
52.25
26.875
11.125
-1.625
-5.375
-5.75
-5.75
-5.375
-4.75
-4.25
-4
-3.75
-3.625
-3.125
-2
2.125
0
-1.625
-1.875
-0.25
2.125
4
5
4.25
2.125
-0.25
-2.25
-2.875
-2.25
-1.875
9.25
17.625
19
22.25
12.375
3.875
2.125
-0.875
-1.75
-1.25
-0.875
-0.25
0.5
1.125
1.625
1.875
2.25
3.625
5.75
-37.375
-18.25
0
-0.5
-23.375
-22.625
-1.875
4.875
-0.375
-4.125
-2.875
-0.875
0.625
3.25
4.875
2.75
-0.875
-3.25
-4
-2.375
1.25
3.125
1.625
-2
1.875
53.875
142.5
135.375
23.25
-38.625
-30.125
-28.5
-28.25
-22.125
-28
-16.875
-5.125
-6.75
-19.75
-16
-1.75
3.625
1.875
-1.375
-2.875
-2
0.75
4.625
7.375
7.125
3.25
-4.375
-9.25
-5.875
-0.625
0.75
0.75
0.25
2.75
37.25
107.875
107.5
8
-48.625
-31.75
-21.125
-21.625
-17.375
-22.625
-17.375
-9.25
-6.5
-6.5
-3
0.625
1.25
1.375
0.375
-2.875
-3.5
0.5
7.375
15.125
20.25
14.75
-2.875
-18.25
-20.125
-11.25
-3.625
0.125
2.625
2.125
18.625
66.125
68.125
-5.125
-45.5
-29.125
-17.125
-14.625
-11.875
-12.125
-7
-2.375
2.375
7.125
8.125
4
0.125
0.875
0.875
-3
-3.375
2.875
14.625
29.25
44.5
37.25
-5.25
-37.5
-38.375
-27.625
-14.625
-3.875
1.375
-0.375
3.75
27.625
28.125
-14
-32.75
-17
-6.625
-5
-5.5
0.75
1.875
4
6.125
7.75
7.25
3
-0.5
1.125
1.875
-1.875
-0.75
11.375
30.625
53.375
70.625
51.5
-6.375
-53.25
-61.875
-47.75
-31.625
-16.75
-5
-3.5
-6.5
-4
-1.25
-6.625
-9.75
-5.25
-1.25
0
0.5
0.625
1.875
4.25
5.375
4.375
3.75
2.25
0.25
1.25
2.5
2.75
9.25
29.125
57.5
75.875
76.875
50.5
-4.25
-51.5
-72.25
-70.125
-54.25
-36.125
-19.25
-9.5
-8.5
-9.125
-6.875
-3.25
-0.25
1.5
1.625
1.125
1.125
-0.375
1.625
4
4.125
1.75
1.375
2.125
1.25
1.5
5.375
12.875
30.125
59.25
78.75
75.25
63.625
40
-3.875
-41.875
-62
-74
-73.375
-58.125
-39.5
-23.375
-11.125
-5.25
-3.125
-1.5
-0.125
1.375
2.375
1.75
0.75
-2.125
-0.625
2.75
3.875
1.875
0.875
1.5
1.875
4.875
13.75
32.5
60
79.875
77.875
60
36.25
13.25
-0.375
-16.625
-41.125
-60
-73.375
-74.625
-59.875
-41.25
-22.75
-7.625
-0.625
0.375
-0.25
0.25
1.375
1
0.125
-1.875
-2.25
0.625
2.25
1.125
0.625
2.375
5.875
12.625
31.25
59.25
77.5
77.625
58.75
22.625
-8
-8.375
9.25
13.625
-6.125
-34.125
-53.75
-67.25
-73.375
-62
-40.125
-20.375
-5.875
-0.125
-0.625
-0.625
0.375
0.125
-0.625
-1.375
-3.125
-2.25
-0.625
0
1.375
6.75
16.75
34.5
57.875
72.125
72.75
58.75
18.375
-22
-22.625
-3.25
9.25
17.875
18
0.375
-24.125
-45.125
-66.125
-74
-59.375
-38.125
-21
-9.25
-3.75
-2.25
-1.75
-2.125
-2.75
-1.75
-4.25
-3.875
-2
0.5
5.875
17.875
38.25
60.875
72.625
69.25
52.375
17.25
-23.125
-34.375
-16.625
-1.5
7.625
17.875
22.75
20.25
9.125
-15.375
-45.375
-63.25
-66
-58.5
-45.125
-31
-17.5
-8.375
-5
-4
-3.25
-0.5
-2.5
-3.375
-1.25
4.875
17.25
38.75
61.125
72.125
69.75
49.875
11
-23.625
-34.375
-27.375
-10.875
2.625
7.375
13.75
19.75
22.625
27.375
15.125
-17.75
-40.875
-52.125
-62.625
-65.125
-56.375
-41.25
-24.875
-12
-5.625
-3.875
-0.75
-1.625
-2.5
3
18.75
41.25
61.625
69.875
67.375
49.25
9.25
-24.875
-30.875
-25.25
-13.625
5.75
9.125
-0.25
2.125
9.5
15
23.5
25.75
11.75
-10.875
-30.25
-46.75
-63.875
-73.625
-67.5
-50.375
-30.25
-13.875
-5.625
-2.5
-1.75
5.25
21.75
44.875
65.125
70.125
60.625
41.25
8.5
-21.25
-29.625
-23.5
-9.75
6.875
9.625
-1.375
-2.875
2.75
0
1.75
13.625
21.75
23.75
17.5
-0.875
-23
-45.75
-69.5
-81.75
-74.875
-54.75
-30.875
-13
-0.75
9
27.625
49.375
69.5
77
62.25
31.875
-1
-23.375
-28.375
-23.125
-8.75
7.5
12.5
10.875
7.625
0.625
-8.25
-12.375
-8.75
1.75
13.375
21.625
25.5
21.875
8.625
-15
-45.75
-72
-83.75
-78.625
-59.25
-34.75
10.125
28.375
52.75
74.5
80.625
69.5
37.125
-7
-31.5
-31.875
-23.875
-8.375
10.875
12
11.125
22.125
16.25
-8.125
-24
-17.75
-9.25
-7
1.75
13.625
20.75
27.25
31.375
16.5
-16.5
-47.125
-74.125
-95.375
-90.625
-62.375
22.5
53.5
83.5
93.25
77.125
48.625
7.75
-36.25
-51.125
-33.625
-6.5
11.375
13.875
6.375
12
23.875
13.375
-9.25
-24.25
-18.75
-9.125
-8.25
-5.875
2
16.75
32.625
39.5
29.75
5
-27.875
-66.375
-101
-108.125
-79.5
30.875
70.5
103.25
104.25
71.875
33
-4.375
-45.25
-63.5
-34.875
5.75
16.625
11.375
5.75
12.75
24.625
15.125
-8.25
-26
-21
-9.25
-7
-6.375
-2
13.5
33.875
40.875
29.125
4.5
-28.25
-65.875
-99.375
-106.125
-77
31.125
67.75
96.5
100.625
76.5
40.125
0.75
-37.625
-52.375
-35.125
-8.75
8
13.625
9.875
13
17.125
2.625
-12.25
-15.375
-8.75
-4.375
-8
-5
5.75
17.625
28.875
31.25
15.5
-15.625
-50.625
-77
-89.25
-82.625
-56.25
20.75
49.875
77.625
88
81.625
63.625
29.75
-10.25
-34.5
-35.625
-26.125
-11.875
7.5
14.25
10.625
4.125
-4.125
-1.125
2
4.875
5.75
-8
-7.875
9.875
20.875
22.375
10.625
-15.125
-48
-77.5
-85.5
-71.25
-50.375
-28
9.125
25.25
47.5
68.625
81.25
79.875
63.75
33.25
-5
-28.5
-30.875
-25.25
-11.875
4
8.875
8.125
9.125
8.75
9
13.875
11
-6.625
-10.5
4.875
13
3.875
-20.625
-51.875
-75.125
-81.625
-70.75
-47.5
-24
-9.25
1.875
8
21.125
40.375
64.375
82.25
82.5
66.25
37
2.25
-21.5
-27.875
-24.25
-15.625
-0.875
12.75
15.75
12.25
10.625
19.75
22
-0.25
-12.375
-3.875
-6.75
-28.5
-53.875
-73.875
-80.125
-67.5
-45.75
-22.625
-6.625
-1.875
1.25
1.125
6.5
17.375
34.75
62.25
85
83.5
66.25
44.125
13.125
-16.5
-29.25
-32.25
-25.375
-0.625
20.875
18.625
13.125
29.75
36.5
8.5
-15.75
-25.125
-41.125
-60
-72.375
-76.625
-66.25
-42
-20
-7.875
-2.875
-1.625
1.25
0.875
1.375
3.375
12.75
34.875
64.125
81.25
79.75
70.375
53.375
20.875
-17
-40.5
-40.875
-15.5
12.625
19.375
21.875
33.625
34
10.875
-25.625
-56.875
-70
-75
-73.875
-61.375
-41.25
-17.875
-3.125
-2
-4.5
-3.25
0.5
1.25
1.625
0.625
3.125
16.25
37.625
57.125
72
78.875
74.625
57.5
21.125
-23.875
-41.75
-21.375
2.875
11.375
15.125
26.375
27.875
-4
-49.75
-77.875
-83.125
-75.25
-55.375
-31.125
-17.125
-6.75
2.5
-0.625
-7.375
-4.375
0.625
2.875
2.75
0.75
-0.125
5.5
19.75
33.375
47.875
66.625
76.875
74
56.75
16.625
-24.5
-26
-2.75
9.5
14.25
17.625
1.75
-36.75
-72.125
-87.5
-79.25
-54.5
-27.25
-8.875
-5
-2.75
3.25
-1.25
-8.875
-4.625
-0.5
3
2
-0.375
-0.625
2.5
9.875
17.625
25
40.5
62.125
75.5
72.75
52.5
21
0
-2
5.5
7.5
-12
-41.875
-65.25
-81.5
-80.125
-55.375
-27.875
-9.5
-0.375
-2.125
-2
3.25
-0.75
-7.625
-4.5
-2.75
1.875
1.5
-0.375
-0.875
1.625
6.25
9.25
11.125
18.875
36.75
59.375
73.375
69.125
54.75
37.875
18.25
0.75
-22.125
-49.875
-68.25
-78.375
-75.375
-54.125
-29.25
-12
-1.625
2.25
-0.125
-1
1.75
-0.875
-5.5
-3
-3.125
1.5
1.125
-1.25
-2.75
1
6.75
7.125
4.125
5.625
14.875
31.5
53.625
67.875
67.625
60.25
38
-2.75
-41.625
-68.125
-80.75
-71.75
-49.125
-28
-12.125
-2.875
0.375
1.125
0.5
-0.5
-0.5
-1.75
-3
-1.375
-3.125
-0.375
-0.75
-3.125
-4.625
-0.625
3.875
3.625
1.75
1.375
4.875
12.875
26.625
46.625
65.75
72.5
52.375
9.25
-32.25
-70.75
-89.625
-63.5
-28.875
-12.5
-4.5
-2
-1.875
-1.5
-1.125
-1
-0.875
-1.125
-1.625
-1.5
-4.375
-2.5
-1.75
-4.75
-7.5
-3.5
1.375
0.875
-0.625
-0.5
0.625
3.625
10.25
22.75
44.625
72
77.5
44.5
-7.625
-71.375
-107.125
-71.75
-23.25
-6.5
-3.25
-2.625
-2
-1.125
-0.75
-0.625
-0.25
-0.375
-0.875
-0.75
-4.875
-4.75
-4.125
-7.375
-10.375
-6.375
-1
-1.375
-3.25
-2.875
-1.75
-1
1.625
9.375
25
68.375
109.5
83.5
18.625
-69.625
-135.125
-92.125
-23.5
-4.375
-2.375
-1.875
-1.375
-0.875
-0.625
-0.375
-0.25
-0.5
-0.75
-0.375
-8
-8.875
-6.875
-8.875
-11
-7.875
-3.625
-2.625
-3.75
-4
-2.5
-0.75
0.5
3.125
13.75
68.625
138
123.375
42.875
-77.75
-168.125
-116.375
-29.125
-4.375
-2.25
-1.75
-1.125
-0.75
-0.75
-0.5
-0.25
-0.375
-0.375
0.25
-11.625
-12
-7.875
-8.625
-10.75
-7.375
-2.25
-1.5
-4.5
-6.625
-4.75
-1.5
0.375
1.75
9.625
78.5
170.625
146.5
39.5
-95.875
-190.875
-130.125
-31.625
-4.5
-2.5
-1.375
-0.25
0
-0.375
-0.125
0.375
0.5
1.125
2.75
-51.6667
-44.2222
-36.7222
-29.8889
-24.8889
-18.6111
-8.66667
-4.94444
-5.38889
-5.5
-4.27778
-2.27778
0.722222
6.5
12.1111
16
17.1111
15.8889
12
5
-0.333333
-3.27778
-6.05556
-20.4444
-42.3889
-69.1667
-98.2222
-128.278
-154.111
-163.667
-166.056
-160
-66.3889
-50.7222
-36.4444
-25
-16.6111
-9.33333
-1.11111
1.44444
0.611111
-0.277778
0.611111
3.94444
10.6667
25
38.2778
46.9444
50.9444
49.2778
41.7778
26.7222
13.3889
4.83333
-2.5
-20.3889
-53.5
-83.8889
-110
-134.889
-156.333
-159.833
-146.444
-132
-39.7222
-27.8333
-17.2778
-9.38889
-4.27778
-0.388889
2.5
3.66667
3.55556
4.16667
8.22222
17.1667
33.3333
56.2778
77.7222
93.6111
99.7222
96.2778
81.6667
58.3889
36
17.8333
5.05556
-12.5556
-41.3333
-63.7778
-79.2222
-91.3889
-100.5
-97.5556
-79.2778
-63
-1.05556
3.5
5.55556
6.16667
5.94444
5.11111
3.66667
3.83333
6.11111
10.9444
21.8333
39.1111
61.2778
86.1111
108.889
125.778
132.556
126.389
110
86.5
60.8889
37.8333
18.2222
1.5
-17.5556
-28.7222
-32.7222
-34.1111
-34.4444
-30.0556
-17.6667
-8.11111
14.8889
13.7778
11.7778
9.77778
8.11111
6.5
4.66667
5.88889
11.3333
23.7222
43.3333
66.1667
89.1111
104.333
118.444
128.722
130.278
125.556
114.611
103.444
85.7778
62.7778
41.3889
23.3889
10.6111
4.44444
4.11111
6.66667
9.11111
11.2222
14.2778
16.4444
15.8889
14.3333
12.3333
10.7222
9.94444
9.38889
9.83333
13.7222
25.6111
45.1667
68.1667
89.1111
101.278
102.556
98.6667
94
91.2222
90.5
94.9444
101.444
99.9444
87.4444
67.6111
48.2222
32.7778
23.5
20
20.2778
22.0556
23.2222
23.0556
22.2222
17.1111
15.8889
14.2222
12.8889
12.6667
13.7778
17.6111
28.2222
45.7222
68.1667
86.9444
95.9444
92.8333
75.1111
53.3333
34.4444
26.3333
33.3889
52.1111
77.3889
94.6111
97.7778
89.9444
73.7778
56.1111
40
29.0556
23.8889
22.2222
22.3333
22
21.1667
16
14.7222
12.9444
11.5556
12.2222
17
28.8333
46.4444
67.8333
85.3333
91.9444
83.5556
61.7222
32.4444
-0.0555556
-24.8333
-32
-19.7778
7.16667
39.6111
70.1111
91.3333
98.7222
94.5
80.5556
61.7222
44.1111
31.3333
23.6111
19.3889
16.8889
15.0556
11.8889
10.8333
9.83333
9.77778
13.7222
25.0556
43.4444
65.5
82.3333
88.9444
80.3333
56
24
-10.3333
-39.3889
-59.1667
-62.9444
-50.5
-28
2.66667
35.3889
67.2222
91.1667
101.889
98.4444
81.7222
60.8889
40
21.5556
8.61111
0.722222
-3.38889
4.33333
3.94444
5.44444
10.6667
22.1111
40
62.6111
79.5
86.6111
77.4444
54.7222
23.8889
-6.55556
-28.0556
-43.2222
-48.9444
-47.0556
-40.7222
-31.9444
-18.6667
3.83333
34.0556
63.8889
88.1667
98.4444
94.1667
78.2222
55
30.2778
8.33333
-7.05556
-16.1667
-0.777778
1.5
8.83333
22.7222
41.3889
61.7778
77.7222
83.5
73.8333
50.6667
21.1111
-3.61111
-19.9444
-28.3889
-27.3889
-20.7222
-16.2778
-20.2222
-25.8889
-26.3333
-17.7778
0.444444
27.2778
56.5556
80.5
92.5
89.6111
72.9444
48.6111
22.7222
-0.0555556
-15.7222
-0.666667
7.66667
23.1111
44.5
65.6667
81
84.9444
73.6667
49.7222
18.6111
-6.61111
-20.0556
-23.3889
-18.2222
-8.55556
2.27778
4.33333
-4.22222
-15.8333
-26.2222
-28.6667
-23.3889
-8.11111
17.5556
47.9444
76.7222
92.3889
93.1111
81.3889
60.5
36.0556
13.1667
2.16667
18.8333
42
66.2222
82.7778
87.1667
74.8889
50.7222
18.5
-7.5
-21.4444
-24.5556
-16.8333
-5.55556
8.66667
14.3889
12.5556
6.05556
-4.16667
-16.1667
-27.1667
-32.0556
-27.8333
-13.8333
12.6111
45.6111
75.3333
95.1111
100.778
92.6111
73
48.6111
12.4444
36.7778
61.9444
81.1667
87.1667
77.7222
53
22.0556
-3.61111
-19.2778
-22.4444
-18.3889
-4.83333
11
21.8333
21.4444
18.3333
16.7222
9.22222
-3.55556
-19.0556
-27.6667
-32.4444
-29.4444
-15.5
10.1667
42.8333
75.7778
98.2778
105
96.8889
77.6667
24.5
49.9444
70.8889
82.1667
77.8333
55.7778
25.5
0.611111
-14.8889
-20.7778
-18.4444
-9.38889
5.94444
16.3889
23.6667
21.7778
19.9444
20.5556
14.9444
6.33333
-7.61111
-17.2222
-24.1667
-27.2778
-23.9444
-11.9444
11.1667
40.7778
65.7222
78.4444
78.2222
68.8333
28.6667
47.1667
58.7778
62
53.4444
33
9.72222
-5.44444
-10.8889
-12.6667
-10.2222
-1.61111
7.66667
10.1111
8.33333
6.72222
6.61111
6.16667
3.16667
1.16667
-2.05556
-6.05556
-10.6111
-13.1667
-14.7222
-12.2222
-4.83333
7.05556
18.5556
25.2778
27.9444
26.3889
3.72222
9.33333
13.6111
15.1111
14.6667
10.8333
6.83333
3.94444
1.27778
0.833333
0.111111
0.833333
-1.33333
-7.22222
-12.5556
-12.6111
-12.6111
-12.6667
-10.1667
-4
2.88889
5
7.38889
7.16667
5.27778
1.27778
-7.22222
-20.8333
-32.2778
-38.4444
-38.1111
-33.4444
-35.3889
-43.6667
-47.5
-45.5556
-34.5
-14.5
4.94444
16.2778
19
18.8333
13.8889
5.33333
-6.11111
-12.6111
-16.1111
-14.5
-13.1667
-9.05556
-1.5
5.77778
16.7222
23.5
28.3333
25.2778
18.2222
5.11111
-18.5556
-48.2222
-72.6667
-84.7222
-83
-71.8333
-57.8333
-77.6667
-90.4444
-92.7222
-78.8889
-49.7778
-14.4444
12.5556
27.3889
32
26.8889
15.0556
-1.27778
-8.88889
-10.6667
-5.44444
1.22222
10.7222
22.8889
31.3889
39.9444
44.7778
44.6667
33.6667
15.2778
-11.7222
-43.8889
-76.4444
-98.8333
-105.278
-96.8333
-76.8889
-48.2778
-73.8333
-97
-109.667
-106.333
-85.5
-52.1111
-14.3333
16.3889
33.0556
35.6111
28.5556
16.0556
6.94444
3.55556
6.16667
14.4444
27.2778
40.1667
47.5556
51.9444
52.1111
43.2222
21.8889
-8.38889
-43.4444
-74.7778
-95.6111
-103.056
-95.7222
-77.3333
-52.2222
-25.0556
-47.8333
-74.8889
-98.4444
-110.889
-108.944
-89.3889
-56.6667
-16.6111
14.9444
32.2778
35.3889
28.1111
18.1111
6.88889
0.388889
3.61111
12.7222
25.2778
34.3333
36.0556
32.0556
15.6111
-9.66667
-42.5556
-74.0556
-93.0556
-97.7778
-89.1111
-70
-46.4444
-23.3889
-10.6111
-25.1111
-46.8889
-71.7222
-94.3333
-108.222
-107.944
-90.7222
-58.6111
-21.5
9.72222
26.2222
31.1111
25.2222
13
-1.66667
-10.0556
-8.94444
-2.77778
3.94444
1.94444
-7.94444
-26.7778
-50.7778
-74.7778
-91.3889
-94.1111
-82.6111
-61.8889
-38.1111
-17.3889
-3.44444
-3.38889
-8.77778
-20.6111
-39.2222
-62.3333
-85.4444
-100.167
-103.944
-90.3889
-63.3889
-29.6667
-1.33333
15.5556
23.0556
19.6111
9.66667
-1.61111
-8.38889
-10.1667
-13.8333
-25.1111
-43.8889
-65.9444
-84
-94.6111
-94.5556
-83.0556
-61.3333
-36.6111
-16.7778
-4.5
1
3.77778
2.55556
-1.27778
-11.4444
-28.8889
-51.8333
-75.8333
-94.6667
-102.944
-94.3889
-71.2222
-39.6667
-8.94444
14.2222
27.8889
33.8333
29.1111
16.5
-0.333333
-19.9444
-43.6667
-71.4444
-92.4444
-102.222
-98.0556
-83.2222
-61.5556
-37.2222
-16.3333
-3.44444
2.16667
3.44444
8.5
7.72222
6.66667
1.83333
-8.33333
-25.3333
-48.6111
-74.2778
-95.6667
-105.722
-100.167
-77.6111
-46.1111
-12.6111
16.3889
37.2778
42.5556
27.0556
0.111111
-32.8889
-63.2778
-88.7222
-102.389
-98.9444
-83
-58.8889
-35.5
-16.5556
-4.16667
1.61111
3.55556
4.05556
6
3.83333
2.94444
0.555556
-4.44444
-13.1111
-29.2222
-50.7222
-76.0556
-96.5556
-106.833
-101.667
-80.8889
-53.2778
-22.3333
2
9.66667
-4.94444
-34.3889
-64.6111
-88.3333
-101.278
-99.2778
-83.1667
-59.6111
-35.6111
-16.9444
-6.55556
-2.38889
-0.555556
1.05556
1.5
2.44444
0.277778
-0.888889
-1.83333
-4.11111
-7.72222
-15.6667
-29.5
-49.8333
-74.5556
-95.8889
-107.667
-105.611
-91.7222
-72
-55.8333
-49.3889
-58.3889
-75.8889
-93.3889
-102.111
-97.4444
-82.1111
-58.3333
-36.5
-19.8889
-10.7222
-8.27778
-8.83333
-9
-8.22222
-8.05556
4.83333
3.61111
2.05556
0.611111
-1.44444
-4.27778
-8.77778
-16.1667
-29.7778
-50.0556
-73.7778
-95.5
-108.833
-112.333
-109.333
-103.5
-96.3333
-93.5
-93.8889
-93.3333
-87.7778
-75.6667
-59.7222
-40.8889
-26.2222
-18.5556
-15.7778
-16.2222
-17.3889
-17.3889
-16.4444
-15.9444
12.3889
11.4444
8.72222
6.05556
2.94444
-0.833333
-4.88889
-9.94444
-17.5556
-31.3889
-50.7222
-72.7778
-94.5556
-106.5
-111.222
-105.556
-89.9444
-78.4444
-64.4444
-53.8889
-44.8333
-38.7778
-36.3333
-26.3333
-18.8333
-15.9444
-15.6111
-16.2778
-16.7222
-16.5
-16.1667
-15.7222
15.3333
13.3333
9.33333
4.77778
0.444444
-4.11111
-8.05556
-11.7778
-16.2222
-21.9444
-32.3889
-48.0556
-67.8889
-78.7222
-77.2778
-63.1667
-39.8889
-23.6111
-6.16667
4.44444
5.16667
-4.22222
-17.6111
-18.0556
-15.3333
-14.2778
-14.1667
-14
-13.8333
-13.5
-13.1667
-12.6111
13.1111
10.2222
6.22222
2.66667
-0.222222
-2.94444
-5.61111
-8.11111
-10.3889
-12.9444
-17.5
-26
-39.1667
-38.9444
-25.7778
-4.66667
18.7778
30.8889
43.5556
43.6667
31.2222
11.8889
-7.55556
-11.1111
-10.1111
-9.66667
-9.27778
-8.83333
-8.61111
-8.44444
-8.27778
-7.77778
7.38889
4.94444
2.33333
0.444444
-0.388889
-1
-2.16667
-3.77778
-5.44444
-6.61111
-8.61111
-12.3889
-17.3889
-7.72222
9.77778
26
41.2778
48.2778
53.3333
44.1111
27.1111
11.2778
-2.88889
-6.72222
-6.55556
-6.27778
-5.94444
-5.5
-5
-4.44444
-3.61111
-2.22222
-18
-6.11111
-4.16667
-10.4444
-9.77778
-5.16667
0.777778
0.0555556
-2.5
-3.94444
-2.27778
1.83333
8.05556
14.5
15.7778
10
-2.88889
-12.6667
-15.3333
-9.66667
-3.33333
-0.388889
1.83333
21.8889
66.3889
102.944
94.1111
35.9444
-15.6667
-38.6667
-32.1667
-29.4444
-15.7222
-9.16667
-7.66667
-10.5556
-7.94444
-3.33333
1.55556
1.11111
-1.16667
-3.27778
-1.38889
5.61111
17.5556
32
35.8333
24.3889
-3.61111
-26.2778
-34.2222
-26.7222
-14.9444
-6.61111
-1.16667
13.0556
45.5
71.7778
65.8889
19.7778
-18.2222
-32.9444
-23.8889
-20.1111
-15.0556
-9.5
-5.5
-3.27778
-1.27778
0.5
1.72222
1.55556
0.333333
-0.5
3.44444
15.2778
34.5556
53.8333
57.2778
36.5
-4.83333
-39.9444
-55.1111
-47.6111
-32.4444
-17.7222
-7.72222
4.33333
26.7778
42.7778
37.8889
3.72222
-21.7222
-29.4444
-19.2778
-14.1111
-5.94444
-0.388889
4.22222
6.5
6.27778
4.11111
2.55556
1.83333
2.44444
4.72222
14.6111
33
55.9444
72.6667
68.7778
41.8889
-4
-44.3889
-67
-66.7222
-53.3333
-36.1667
-20.4444
-7.61111
7.66667
15.1667
11.6111
-7.77778
-18.5556
-18.9444
-9.77778
-6.11111
2.66667
5.33333
7
7.33333
6
3.83333
2.44444
3
6.44444
15.7222
33.3333
56.1667
74.8889
82.6667
71.8889
42.9444
-2.38889
-44.2222
-72.0556
-79
-72.6667
-57.5556
-40.1667
-25.3889
-14.0556
-7.55556
-4.55556
-6
-6.66667
-5.22222
-2.05556
0
1.11111
3.66667
5.33333
5.72222
4.72222
3.61111
3.72222
7.27778
17.3889
34.5
56.7222
75.3333
84.8333
83
67.3333
39.2222
-1.88889
-39.6111
-68.8333
-81.6667
-83.6111
-75.3333
-60.8333
-44.7778
-29.4444
-17.0556
-7.88889
-2.61111
-0.0555556
1.22222
1.94444
1.88889
0.222222
2
3.22222
3.33333
3.11111
4.22222
7.94444
18.4444
35.2778
57.1667
74.7222
83.3889
78.5
65
45.5556
25.4444
1.33333
-23.6111
-48.6667
-67.0556
-78.3889
-81
-75.8333
-62.7778
-44.5556
-26.3333
-12.1667
-4.33333
-0.555556
0.777778
1.33333
1.16667
-0.888889
0.0555556
0.833333
1.33333
3.11111
8.77778
20.6111
37.8889
57.1667
73.1111
81.3889
76
59.2778
36.1111
20.7222
11.6111
5.66667
-5.66667
-22.8333
-42.2778
-61.1111
-74.4444
-79.8333
-74.9444
-60.1111
-41.8333
-24.6667
-13.1111
-5.83333
-2.72222
-1.77778
-2.05556
-2.66667
-1.94444
-0.611111
2.22222
8.83333
21.8333
40
58.7222
72.6667
79.0556
74.5556
57.2222
31.4444
8.88889
-0.388889
2.16667
8.27778
8.83333
0.333333
-16
-36.7222
-56.7778
-71.8333
-76.8889
-71.4444
-59.6111
-45
-31.5556
-19.1111
-10.7222
-5.61111
-3.83333
-3.22222
-2.16667
1.11111
8.88889
22.2222
40.4444
59.0556
72.2778
77.6111
71.4444
54.8333
28.5556
4.88889
-9.72222
-9.33333
-1.72222
8.27778
13.8333
13.1667
5.44444
-10.0556
-31.1667
-53.2222
-67.6111
-71.6667
-68.6111
-62
-52.8889
-39.9444
-26
-14.0556
-6.94444
-3.11111
-0.833333
7.05556
22.6111
41.3889
59.5556
71.6111
75.9444
69.2778
51.5556
26.4444
2.16667
-13.3889
-17.9444
-12.8333
-3.05556
7.38889
15.3333
18.6667
17.5556
10.2222
-5.44444
-26.9444
-47.5556
-59.8333
-66.5
-69.3889
-70.1667
-63.1667
-49.6111
-32.1667
-17.6111
-0.222222
7.44444
22.5556
42.8333
60.3333
71.7778
73.5
67
48.7222
24.7222
0.833333
-14.9444
-21.1667
-19.6667
-12.1111
-2.72222
6.77778
13.7778
18.2778
20.5556
19.7778
12.9444
-1.77778
-20.6667
-38.6111
-54.2778
-67.3889
-77.6667
-79.9444
-72.5
-55.8333
-36.1667
10.7222
27.1667
46.5556
65.3333
75
74.7222
63.2222
44.8333
21.2778
-0.277778
-14.6667
-20.8889
-16.7222
-7.11111
6.22222
8.72222
4.77778
-1.83333
1.16667
8.61111
16.9444
18.9444
14.5
3.05556
-12.7222
-32.6111
-53.4444
-72.7778
-84.6667
-87.1667
-78.3333
-60.8333
29.6667
51.3333
70.2778
82.0556
79.5
65.0556
39
14.8333
-5.5
-15.1667
-19.3333
-15.2778
-2.83333
11.7778
21.0556
11.8889
-2.88889
-16.5
-13.6667
-4.11111
8.72222
16.3333
19.4444
17.8889
10.6111
-5.05556
-29.5
-56.8889
-80.3889
-94.2222
-97.3333
-85.3333
52.7222
77.7222
91.4444
92.7222
75.9444
45.6667
7.38889
-17.8333
-27.1111
-21.7778
-13.6667
-3.38889
10.0556
18.0556
20.8889
7.55556
-4.83333
-18
-16.9444
-12
-1.05556
8.44444
18.3889
26.7222
30.5
22.6111
-1.5
-36.8889
-74.5
-103
-116.222
-106.722
69.2222
99.8333
112.889
104.222
72.5556
27.7778
-19.2778
-43.6667
-44.3333
-22.5556
-3.11111
10.9444
16.5556
17.5556
17.5556
5.72222
-5.27778
-17.9444
-17.9444
-15.5
-8.38889
0.944444
15.1667
30.6111
41.2778
38.5556
16.5
-22.5
-69.8889
-109.722
-129.833
-119.944
76.8333
113.222
128.611
115
73.3333
19.7222
-30.3889
-54.8333
-51.0556
-24.0556
2
15.0556
18.3333
16.5556
17.5556
5.72222
-5.72222
-18.2222
-17.2778
-14.5556
-9.77778
-1.77778
12.3889
30.2778
41.1667
38.5
16
-22.2778
-69.3889
-108.778
-128.111
-118.111
78.0556
112.778
126.944
114.889
77.9444
28.0556
-20.9444
-46.2778
-46.6667
-25.8333
-6.66667
8
15.8889
19.3889
21.1111
9.16667
-3.16667
-14.2778
-12.3889
-8.33333
-7.16667
-3.27778
6.77778
21.7222
30.2222
23.2222
-1.88889
-38.3333
-75.2222
-101.5
-112.111
-102.056
68.2778
95.3333
108.333
103.611
82.1111
47.2222
7.33333
-20.6667
-30.5
-25.1111
-16.5556
-5.94444
6.16667
15.5556
18.6667
11
3.33333
0.166667
1.55556
0.611111
-5.5
-5.88889
0.555556
10.3333
9.94444
-4.83333
-32.4444
-61.1111
-82.8333
-92.0556
-90.7222
-77.2222
49.3889
71.9444
87
92.4444
87.4444
70.0556
41.4444
12.3333
-9.05556
-16.7222
-19.0556
-15.2222
-8.16667
1.61111
9.44444
11.0556
11.3333
13.5
13.8333
10.1111
-1.27778
-5.77778
-5.22222
-4
-15.0556
-36.6667
-60.7778
-79.3889
-87.3889
-84.1667
-70
-50.4444
27.5
46.6111
66.2222
81.8889
90.2222
87.7222
71.6111
46.4444
19.5
-0.166667
-12.8333
-19.8333
-21.5556
-15.1111
-1
10.5
16.2778
20.7222
24.1667
21.8889
6.94444
-8.05556
-19.6111
-29.5556
-44.8889
-63.2778
-77.8333
-84.8889
-81.5556
-68.6667
-49
-29.1667
11.8333
24.6667
42.5556
64.0556
82.3333
92.3333
88.9444
74.1667
51.1667
26.1667
3.38889
-15.1111
-25.7778
-24.6667
-11.1111
6
18.3889
29.3889
33.7778
29.7222
5.38889
-21.3889
-46
-59.5556
-70.8889
-79.2778
-83.4444
-79.8333
-66
-46.4444
-27.1667
-13.6667
4.72222
10.3333
21.1667
39.8889
63
82.5556
90.6111
87.1667
75.3889
56.0556
30.3333
1.55556
-19
-23.7222
-11.3889
6.11111
19.5
30.0556
32.9444
22.8333
-9.88889
-46.6667
-74.3889
-84.3333
-85.3889
-82.7778
-76.1667
-63
-42.9444
-23.4444
-11.2778
-6.44444
2.11111
3.33333
7.05556
18.6667
39
62.2778
79.5
86.1111
86.1667
77.7222
59.8889
28.7778
-0.833333
-16.5556
-10.5556
4.83333
18.1111
24.7222
20.5556
1.72222
-33.8889
-68.7778
-90.6667
-93
-85.3889
-72.6667
-57.1111
-38.7778
-20.3333
-8.22222
-4.38889
-4.88889
0.722222
1.16667
1.44444
7.38889
20.5556
40.1111
58.9444
73.6111
82.6667
85.5
78.5
56.2778
27.1111
3.27778
-1.72222
3.72222
10.3333
8.72222
-2.22222
-23.6667
-53.3889
-79.3889
-92.8333
-89.1667
-74
-53.5556
-33.7222
-18.1111
-7.5
-3.05556
-3.55556
-5.5
0.666667
1.83333
0.5
2.66667
9.66667
22.3333
37.1111
52.6111
67.7222
79
83.0556
72.6667
52.6667
29.8333
17.7778
11.4444
4.22222
-9.72222
-28.6111
-48.3889
-70.2222
-85.7222
-89.9444
-77.7222
-55.3889
-32.1667
-15.6111
-6.66667
-2.38889
-1.33333
-3.16667
-5.5
0.777778
1.83333
0.111111
0.5
4.66667
11.8333
19.4444
29.2778
43.3889
60.3333
73.7778
77
70.9444
59.1667
44.4444
25.6111
-0.388889
-28.0556
-54.4444
-72.8333
-85
-86.4444
-77.3333
-56.6667
-33.3889
-14.5556
-5.16667
-1.72222
-0.5
-0.333333
-2
-4.16667
-0.833333
-0.388889
-1.94444
-1.94444
1
5.16667
8.44444
12.5
21.7778
37.6111
56.1111
69.5
75.8333
74.6667
65.2222
43.7222
10.1111
-31.7222
-69.7778
-95.8889
-97.5556
-82.4444
-56.5
-33.7778
-15.7778
-5.22222
-0.555556
0.111111
0.0555556
-0.722222
-1.88889
-3.38889
-3.27778
-3.33333
-5.05556
-5.16667
-1.94444
2.27778
4.22222
5.05556
8.11111
18.0556
33.7222
51.4444
66.1111
76.9444
79.8889
69.8889
36.6111
-21.6667
-82.3333
-119
-108.056
-73.2222
-36.4444
-16.2222
-6.27778
-1.61111
-0.166667
-0.166667
-0.5
-1.27778
-1.94444
-2.5
-5.66667
-6
-7.66667
-7.88889
-4.77778
-0.666667
1.16667
1.11111
1.66667
5.83333
14.9444
29.0556
48.4444
75.8333
98.8333
102.611
64.1111
-15.1667
-94.5
-137
-112.833
-66
-23.9444
-8.27778
-4
-2.38889
-2.05556
-1.55556
-1.16667
-1.05556
-1.27778
-1.5
-8
-8.11111
-9.11111
-9.44444
-6.77778
-3.16667
-1.72222
-2.33333
-2.83333
-0.833333
3.94444
12.7778
29.2778
66.8333
108.333
130.111
91.6667
-2.33333
-98.3333
-149.556
-120.889
-67.3333
-20.4444
-5.88889
-3.44444
-2.22222
-1.5
-0.944444
-0.722222
-0.555556
-0.5
-0.333333
-10.7222
-11.0556
-11.2222
-11
-8.05556
-4.44444
-3.5
-5.11111
-6.33333
-5.16667
-1.72222
3.72222
15.3889
57.5
111.333
153
121.611
18.1667
-97
-165.111
-135.444
-74.9444
-19.7778
-4.16667
-2.44444
-1.27778
-0.722222
-0.388889
-0.333333
-0.111111
0.277778
1.11111
-42
-29.75
-22.4688
-16.9375
-12.0938
-7.65625
-2.46875
0
2.0625
7.03125
17.5
32.375
45.6563
55.4375
61.25
63.5938
61.9063
56.2188
45.8438
31.125
15.3438
-8.28125
-39.4688
-66.9688
-89.5
-109.75
-128.719
-144.969
-159.531
-159.438
-31.3125
-21.5625
-14.7813
-9.75
-5.5625
-1.65625
2.71875
6.21875
12.0625
22.375
37.5313
56.8125
74.9688
90.3125
100.438
104.406
101.438
91.5313
76.0938
56.3438
35.875
9.6875
-23.0313
-48.9688
-67.375
-81.7813
-94.1875
-104.031
-112.25
-110.219
-14.75
-8.46875
-3.4375
0.03125
2.34375
5.03125
8.75
15.7813
27.7813
43.2813
61.4688
81.625
101.438
118.469
131.563
136.438
131.313
119.125
101.469
80.4375
58.9375
34.5625
4.46875
-18.6563
-33.4063
-43.0938
-49.0938
-52.125
-54.3125
-50.5625
8.625
9.96875
10.4688
10.5625
10.8125
12.7813
18.75
30.4688
47.25
65.7813
84.0625
98.5938
113.875
129.406
140.031
143.688
138.844
127.469
112.281
98
81.5
60.6875
36.6875
16.875
3.5625
-4.125
-7.5625
-7.8125
-6.96875
-3.46875
19.1875
17.3125
15.875
15.25
16.0938
21.5625
32.4375
48.4063
67
83.9375
94.0313
98.2188
103.219
109.063
113.844
114.281
111.313
106.938
103.844
102.156
96.7188
85.0625
68.7813
52.875
39.0625
28.5
23.125
21.625
21.8438
22.875
19.0313
17.5313
16.9375
18.3125
23.6563
34.1875
49.3438
67.4375
83.5313
91.5
92.125
86.5625
78.9688
71.1563
65.8125
62.4375
62.875
71.0313
82.1563
92.7813
98.75
98.4375
90.75
78
63.625
49.1563
37.8125
31.1875
27.3125
24.9688
16.2188
15.9063
17.5313
23.2813
34.0313
48.9375
66.5938
81.6875
88.9688
87.8438
80
64.6875
45.8125
27.5938
12.4688
6.125
13.1875
30.75
52
73.9688
91.2188
100.594
102.188
95.5313
82.2188
65.5
49.125
35.0938
24.5625
17.4063
14.0313
16.5
22.9688
33.6563
48.3125
65.2813
79.5313
85.9375
84.125
74.4375
57.5625
36.3438
11.5313
-13.8125
-31.25
-36.5
-27.5
-5.9375
20.5313
46.9375
71.3125
90.5313
100.75
102.781
95.3438
79.5938
61.2188
42.5313
25.3438
11.8125
11.5625
18.75
30.2813
45.25
62.4063
76.0938
82.8125
81.1563
71.6875
55.0625
36.6875
16.4063
-7.625
-29.125
-42.3125
-45.1563
-37.5938
-20.875
-0.5625
21.25
44.875
68.2188
86.5938
96.7813
97.6563
89.3125
73.0313
52.9063
32.125
12.7813
14.75
27.6563
43.4063
60.5
74.0313
80.6563
79.4375
69.625
53.0625
35.625
18.0625
-1.28125
-18.1563
-28.875
-34.8125
-35.375
-30.5625
-25.4063
-16.8125
-1.03125
19.3438
41
63.0625
81.3438
91.375
92.75
84.8125
68.4375
48.1875
26.9375
24.25
42.5313
60.7188
74.875
81.4688
79.9063
69.9375
53.2188
34.6563
16.4063
0
-11.9375
-16.9063
-18.0313
-15.9375
-14.0313
-15.7188
-19.5313
-20.0313
-15.1563
-4.4375
12.9375
34.4688
57.3438
76.9375
89.9688
93.375
87.4375
73.8125
55.0625
37.7188
57.9688
72.9375
80.6563
79.5938
70.2188
53.7813
36
17.6563
0.3125
-8.4375
-10.0938
-5.21875
1.03125
7
7.625
2.625
-5.96875
-14.7188
-19.9688
-20.0625
-10.25
7.53125
29.25
53.0625
75.875
89.625
93.8125
89.5313
77.2813
50.0313
68.0625
78.4688
79.7188
71.4688
56.875
39.0313
20.5313
3.1875
-9.75
-12.7813
-8.96875
1.9375
10.2813
14
13.4063
8.84375
0.6875
-10.625
-19
-24.25
-20.7188
-9.71875
8.03125
30.5
54.625
74.625
85.9688
88.2813
83.125
49.5313
63.4063
70.5
67.5938
56.9375
42.875
25.625
9.09375
-3.71875
-12.7813
-12.9688
-4.4375
8.09375
13.4063
15.2188
14.4375
10.875
6.4375
-1.96875
-11.75
-19.9375
-19.9063
-14.75
-4.09375
11.6875
30.25
47.4063
59.875
65.3125
64.8125
33.8438
42.0938
45.4063
43
36.1563
26.2813
14.5938
4.53125
-3.125
-7.40625
-5.34375
-0.40625
4.03125
6.3125
6.71875
6.15625
4.90625
2.96875
-1.625
-5.75
-8.875
-9.5
-8.6875
-6.53125
-2.0625
4.21875
10.8438
16.2813
19.875
21.2188
-0.71875
2.90625
6.5625
9.375
10.4375
9.53125
7.53125
5.4375
3.53125
3.375
1.25
-2.375
-5.375
-5.4375
-4.9375
-1.96875
0.09375
0.6875
2.84375
6.90625
10.7188
10.1563
6.90625
-0.15625
-8.53125
-17.8125
-24.4063
-28.5
-30.25
-29.375
-41.125
-42.4375
-38.4375
-30.4688
-20.875
-10.1563
-0.40625
7.15625
12.5938
16.0625
10.8125
3.65625
-3.5625
-5.53125
-3.53125
2.59375
7.96875
11.7188
19.0938
25.5
30.3438
27.5938
18.25
1.125
-18.9063
-39.1875
-56
-66.8438
-71.125
-69.75
-70.3125
-77.875
-78.25
-69.2813
-53.8125
-35.7813
-15.6563
2.5625
15.4688
23.25
21.4688
13.0938
2.5
-1.21875
-0.5
5.78125
13.2188
19.8125
28.8438
36.3438
39.25
32.1563
16.8125
-7.96875
-34.5938
-59.5938
-79.4688
-91.5625
-94.4063
-89.1563
-81.8438
-95.5625
-101.188
-97.2188
-83.4063
-62.4063
-37.6563
-12.9063
7.8125
20.5313
22.625
19.25
12.3438
5.875
3.71875
8.25
16.0313
25.2813
35.25
39.0313
35.2188
22.8438
2.15625
-26
-53.7813
-76.8125
-92.7813
-99.5625
-97.1563
-86.4375
-70.8438
-90.375
-103.406
-108.094
-102.531
-87.0625
-62.7188
-36.6875
-11.8125
7.1875
17.625
23.2813
22.6875
18
12.8438
11.7188
16.1875
23.8438
27.9688
24.1875
12.8438
-4.9375
-28.375
-52.8125
-74.9688
-90.5
-96.5313
-94.1875
-83.9063
-67.3438
-47.9375
-68.4063
-87.625
-101.344
-105.906
-101.438
-86.3438
-63.8438
-39
-17.3125
2.21875
15.875
22.625
22.875
18.1875
12.3125
9.71875
9.375
4.09375
-6.875
-24
-43.5625
-62.3125
-78.1875
-90.3438
-94.75
-90.25
-78.9063
-61.9688
-42.0625
-24.375
-41.8438
-61.0938
-80.4375
-94.7813
-101.656
-99.2813
-87.5
-67.4063
-46.0938
-25.75
-6.15625
8.5625
17
19.1875
14.1563
4.5
-5.875
-19.2188
-37.125
-56.4375
-74.1875
-87.9063
-94.4688
-95.5313
-89.4375
-75.9688
-58.1563
-38.8438
-21.0625
-6.53125
-19.4063
-35.7188
-54.7813
-74.7813
-91.5313
-100.469
-100.844
-91.8125
-74.0313
-52.7813
-30.5938
-9.15625
10.4688
20.8125
18.0938
5.6875
-13.9063
-37.4688
-59.8125
-78.4688
-94.4063
-102.344
-99.5
-90.5938
-76.1563
-56.5938
-37.2813
-20.2188
-7.15625
2.40625
-5.0625
-16.4375
-32.0625
-51.4375
-72.1875
-90.625
-101.75
-103.813
-95.5938
-78.625
-58.0938
-34.875
-12.375
2.03125
2.84375
-9.21875
-31.6563
-56.8125
-78.8125
-95.625
-105.563
-105.375
-95.5313
-79.2813
-58.9688
-39.5313
-22.8125
-10.2188
-2.34375
5.4375
1.4375
-4.78125
-15.2813
-31.0625
-50.375
-72.1563
-91.5
-103.656
-105.875
-100.094
-87.3438
-70.7813
-54.0313
-40.7188
-37.8438
-45.9375
-61.5313
-78.3438
-93.1563
-101.781
-103.156
-97.0938
-81.4688
-60.8438
-41.2813
-25.5
-13.8438
-6.8125
-3.75
5.4375
2.71875
-1.46875
-8.03125
-18.9688
-34.2813
-53.5938
-74.8438
-94.625
-106.375
-109.125
-105.844
-98.3125
-89.0625
-81.125
-79.0938
-79.25
-83.3125
-89.125
-93.4063
-94.0938
-90.3125
-81.0938
-63.2813
-44.2813
-29.125
-19.3125
-13.6875
-11.2188
-10.5938
7.375
5.1875
1.625
-2.96875
-9.5625
-20
-35.1875
-53.9063
-74.7188
-93.75
-106.219
-111.406
-111.438
-109.063
-105.063
-103.594
-99.375
-92.3125
-85.0313
-80.625
-77.5313
-72.375
-64.375
-49.4688
-34.5625
-24.5938
-20.1875
-18.0313
-17.1563
-16.8438
10.7188
8.40625
4.59375
0.34375
-4.59375
-11.5
-22
-36.6875
-54.9688
-74.8125
-93.5625
-102.656
-105.75
-104.375
-98.125
-95.9375
-89.2813
-76
-60.0313
-51.25
-46.875
-44.6563
-43.8438
-33.9063
-24.2188
-19.5625
-18.0625
-17.5625
-17.4375
-17.4375
11.5313
8.3125
3.65625
-0.84375
-4.96875
-9.8125
-15.9375
-24.9375
-38.125
-54.0313
-71.1875
-78.5938
-77.2813
-69.2188
-57.9063
-54.1875
-47.0938
-34.125
-17.8125
-10.25
-11.0625
-17.625
-25.8125
-23.0625
-19.0313
-17.3438
-17.1875
-17.1875
-17.1563
-16.9063
11.6563
8.59375
4.6875
1.34375
-1.71875
-5
-8.75
-13.5625
-20.8125
-31.6563
-45.375
-46.9688
-38.8125
-25.9688
-11.9063
-7.65625
-3.75
5.21875
17.75
18.5938
10.1875
-2.1875
-14.9063
-16.3125
-14.5
-13.5625
-13.0938
-12.4063
-11.5
-10.3438
-11.0625
-5.125
-6.53125
-5.1875
-3.15625
-2.21875
-0.53125
-0.4375
0.8125
7.09375
19.375
34.875
44.7813
42.75
25.5625
-2.53125
-27.5938
-41.6563
-41.3438
-32.0625
-19.5938
1.21875
30.0313
55.4688
73
66.8125
34.0938
1.90625
-20.5938
-32.375
-11.125
-7.5
-7.78125
-5.5
-2.8125
-0.84375
1.65625
3.34375
8.1875
19.4375
35.7188
53.875
62.5313
55.375
32.5
-2.84375
-34.625
-54.5938
-59.4063
-51.0313
-37.0625
-15.6875
12.4688
34.7813
48.875
45.2813
19.5
-4.15625
-19.0625
-26.0313
-9.5625
-5.53125
-3
-0.78125
0.90625
2.28125
4.625
10.1563
20.6563
36.2813
54.9688
70.6875
73.8125
61.7813
34.9375
-2.9375
-37.6875
-62
-72.1563
-68.25
-55.625
-35.8125
-9.90625
10.7813
23.4688
22.9688
4.96875
-10.25
-18.75
-21.5625
-1.125
3.46875
5.96875
6.5625
6.4375
6.90625
11.625
21.9688
36.875
55.0938
71.0625
80.5938
77.9375
62.0938
34.0313
-2.5
-36.3438
-63.1563
-76.9688
-78.5
-71.5625
-56
-35.4375
-17.25
-3.8125
0.75
-6
-10.9375
-12.7813
-12.2188
4.25
6.0625
6.9375
7.375
8.34375
12.9375
22.5625
37.0938
54.375
69
77.8438
79.5313
71.0313
54.375
30.6563
0.09375
-29.5
-54.625
-71.8438
-79.2813
-78.8438
-72.1875
-59.8438
-44.6875
-30.25
-17.8125
-10.9375
-7.1875
-4.59375
-3.0625
1.90625
3.34375
4.9375
8
14.5313
24.875
38.8438
54.9375
68.3438
75.0625
76.125
72
60.7188
47.3438
28.6875
2.5
-22.4375
-45.4688
-63.5938
-74.0938
-78.9375
-79.25
-73.875
-62.25
-47.625
-31.9063
-18.25
-9
-3.75
-1.46875
0.09375
2.21875
6.15625
14.0313
26.1563
41.0625
56.7188
69.5
75.7813
74.6563
69
60.1875
49.1875
38.3438
23.4688
3.8125
-15.8125
-34.75
-51.25
-63.1563
-71.8438
-77.7813
-77.625
-71.8438
-61.6563
-47.8125
-33.9375
-21.5313
-12.1875
-6.34375
0.71875
5.0625
13.2813
25.4688
41.0625
56.9063
69.1563
75.25
74.5
67.25
56.875
45.8438
34.3438
25.3125
15.375
4.5
-6.8125
-20.4375
-34.2813
-47.75
-59.625
-69.0313
-73.5
-73.2813
-69.6563
-61.9688
-51.7188
-39.8438
-27.4688
-16.625
3.375
12.125
25.4688
41.1875
56.9688
68.4688
73.125
72.3438
65.9375
54.8125
42.75
29.3438
16.375
9.5
6.5625
4.78125
3.28125
-3.625
-16
-29.6875
-43.75
-55.9688
-63.5938
-68.0313
-70.2188
-69.5
-66.4063
-58.9688
-47.375
-33.5313
11.75
25.9688
42.4063
57.875
68.5938
71.9063
69.8125
63.3125
53.1875
40.3125
26.5625
11.8438
0.09375
-2.75
-0.9375
4.4375
9.6875
7.96875
0.375
-11.3438
-25.2813
-38.875
-49.375
-57.4063
-64.375
-69.8125
-73.9375
-73.5625
-66.5
-53.5625
28.75
45.5938
60.9688
70.8125
72.5313
68.0938
60.1875
49.4688
37.5313
23.0313
9
-1.9375
-7.28125
-4.71875
0
5.28125
9.21875
9.96875
7.65625
2.09375
-7.5625
-20.1875
-31.8438
-43.0313
-53.5625
-63.4688
-73.875
-80.6875
-81.0625
-73.6875
48.4688
64.7813
74.0625
75.2188
69.4688
58.2188
45.7813
33.125
19.9688
5.1875
-3.9375
-7.71875
-6.59375
-0.15625
2.8125
2.9375
2.9375
5.90625
8.34375
9.65625
6.75
-3.1875
-13.6563
-25.625
-38.875
-52.625
-69
-83.1875
-91.7813
-92.3438
69.9063
83.5625
85.5313
77.4063
62.7188
43.1875
26.1563
12.8438
1.1875
-7.5625
-8.21875
-5.40625
0.5625
7.71875
5.3125
0.34375
-3.96875
-3.1875
2.375
8.75
12.875
11.2813
6.09375
-3.90625
-19.3125
-40.3125
-65.3125
-89.0313
-106.031
-110.75
90.5313
104.719
101.938
84.4063
56.5
25.625
1.4375
-12.5938
-16.3438
-14.0938
-5.03125
3.3125
10.2188
13.3438
5.96875
-2.25
-10.0625
-11.625
-5.71875
3.5
13.5625
20.7813
23.8125
17.7813
0.4375
-27.5625
-63.2188
-97.6875
-120.875
-127.063
106.156
123.469
119.781
94.625
54.6563
11.7813
-20.2188
-34.4688
-30.6875
-17.8438
-0.46875
11.9063
16.5313
15.4375
5.59375
-4.09375
-12.5313
-15.0313
-10.375
-1.5625
11.6875
24.8125
33.625
32.3438
15.375
-17.7188
-60.9063
-103.156
-131.188
-137.344
113.469
134.094
130.438
102.875
57.5
7.78125
-28.7813
-43.125
-36.9063
-20.4375
2.125
14.625
18.5
17.375
6
-1.28125
-8.84375
-12.5
-8.78125
-4.84375
6.46875
20.4063
29.7813
31.0313
15.2813
-18.0625
-61.6563
-103.625
-131.188
-137.063
113
132.75
129.813
103.969
61.3125
15.0938
-19.5313
-35.2813
-32.2188
-19.875
-3.125
9.71875
16.5625
18.4688
12.6563
6.53125
-1.53125
-6.28125
-6.96875
-6.9375
-0.28125
8.84375
15.5
14.4375
-0.65625
-29.3125
-64.625
-97.4063
-119.125
-123.813
104.438
120.75
118.75
99.0313
66.5
31.1563
2.34375
-13.875
-17.7188
-16.25
-7.40625
1.59375
10.4375
17.2188
14.5625
11.0313
3.21875
-1.4375
-2.15625
-5.40625
-4.5
-3.40625
-4.5625
-9.96875
-23.7188
-44.9688
-68.9688
-89.5625
-102.906
-104.656
87.4063
101.813
102.813
92.1563
74.1563
50.7813
29.4688
13.8438
1.75
-7.59375
-9.8125
-9.1875
-4.21875
4.25
8.09375
12.5625
12.7813
12.2188
10.3125
0.65625
-8.21875
-17.3438
-27.2188
-35.6875
-46.9063
-61.5
-75.4688
-85.875
-90.3438
-86.1875
68.5938
83
90.4063
89.8438
81.8438
68.8125
52.9063
37.375
22.5625
6.625
-5.5
-13.7188
-15.375
-7.6875
2.65625
15.9063
24
24.5313
17.4688
-0.6875
-19.0938
-35.9375
-48.75
-57.1875
-66.2188
-75.25
-82.5938
-85.125
-80.3438
-68.2813
48.0625
65.2813
79.8125
87.9688
88.5313
81.8125
69.7813
55.8438
40.9375
23.75
7.34375
-5.1875
-11.125
-6.5625
3.8125
16.8125
24.7813
22.5
10.4063
-13.5
-37.9375
-57
-69.125
-74.6875
-78.5938
-81.4375
-82.1875
-76.9688
-65.0313
-49.5625
28.625
45.2188
63.6563
79.0625
88.4063
88.9688
81.8438
70.875
57.0313
40.5313
23.75
8.71875
-1.3125
-0.9375
6.375
16.9063
21.625
14.875
-3.03125
-32
-57.8125
-75.6875
-84.4063
-85.0313
-83.3438
-79.6875
-73.4688
-61.7813
-46.4063
-31.125
12.9688
25.7188
42.9063
61.9063
78.7813
87.9063
88.1563
82.3438
71.3125
55.7188
39.4688
24.7188
13.4063
10.7813
13.5
16.3438
13.6875
0.71875
-21.8438
-50.25
-74.0938
-88.7813
-93.0313
-89.5
-82.1563
-71.4688
-58.8438
-43.4063
-28.0938
-16.8438
4.03125
11.3125
24.25
41.625
60.875
76.6875
85.5625
87.3125
81.875
69.5938
54.1875
39.9688
28.75
23.375
18.8438
11.5938
-0.96875
-19.9688
-42.4375
-65.5625
-83.875
-94.125
-93.75
-86.0313
-72.9063
-56.0313
-39.9063
-24.9375
-13.5313
-7.71875
0.8125
4.6875
11.9688
24.5313
41.3125
57.5625
71.5313
80.5625
82.4688
76.625
66.2188
53.9688
41.8438
32.5938
20.2813
3.59375
-16.25
-37.6563
-57.7813
-74.7813
-86.4688
-91.4063
-86.0938
-73.0313
-55.4688
-36.3438
-21.5625
-11.7188
-5.75
-4.4375
-0.8125
0.65625
4.03125
11.0938
23.0313
36.7188
51.1563
64.9688
74.125
76.25
72.4375
64.9688
53.875
43.75
30.625
7.71875
-18.5625
-46.9375
-73.6875
-88.4063
-93.4063
-89.1875
-74.4063
-55.8438
-37.0313
-20.25
-9.75
-5.0625
-2.96875
-3.65625
-3.125
-2.6875
-1.1875
2.84375
9.6875
19
30.6875
44.4063
58.2188
68.375
73.5938
75.4063
72.4375
67.3125
54.125
22.1563
-18.4375
-63.4375
-100.719
-111
-104.281
-85.1875
-58.375
-37.2813
-21.125
-9.03125
-3.5625
-1.96875
-1.34375
-2.53125
-6.03125
-5.78125
-4.96875
-2.34375
1.78125
6.75
14
24.5625
38.2188
52.8125
66.1875
80.4063
90.5625
93.8125
82.9375
38.8125
-20.6563
-81.3125
-127.281
-129.75
-108.188
-75.3438
-41.2813
-21.2188
-9.59375
-3.125
-0.75
-0.6875
-1
-1.875
-9.09375
-8.625
-7.53125
-4.84375
-1.78125
0.9375
4.0625
9.625
19.8125
33.5313
50.5
75.4063
98.2188
112.344
108.656
56.0625
-17.5938
-89.8125
-143.688
-138.625
-104.938
-64.375
-26.9375
-10.3125
-4.03125
-1.21875
-0.5
-0.9375
-1.28125
-1.59375
-11.8438
-10.9688
-9.4375
-6.40625
-3.71875
-2.25
-0.9375
0.75
6.125
16.4688
32.375
64.7813
100.188
126.531
132.156
73.9688
-10.75
-92.7813
-153.563
-142.719
-102.125
-57.75
-19.1563
-6.3125
-3.1875
-1.875
-1.40625
-1.09375
-0.75
-0.28125
49.125
35.0833
20.1667
8.83333
0.625
-4.83333
-6.16667
-6.08333
-5.33333
-4.41667
-3.29167
-2.58333
-3.25
-6.33333
-9.41667
-11.6667
-12.7917
-13.625
-13.1667
-10.75
-8
-5.625
-4.75
-0.166667
15.625
25.2917
29.2083
30.5
31.7083
27.75
11.5417
0.666667
-26.625
-27.0417
-24.375
-20.6667
-17.0833
-12.5
-6.54167
-4.45833
-4.25
-3.75
-3.75
-5.70833
-10.2083
-18.7083
-26.2917
-32.2917
-35.25
-34.2083
-29.9167
-21.625
-13.5417
-6.79167
-2.20833
-0.375
3.54167
0.708333
-7.08333
-17.0417
-27.3333
-36.0417
-48.7083
-55.2083
-40.25
-30.4167
-20.7917
-13.375
-7.83333
-3.41667
0.541667
1.33333
0.0833333
-1.75
-5.29167
-10.75
-18.6667
-26.125
-32.5417
-36.8333
-38.625
-36.5417
-30.375
-23.0417
-15.5
-9
-3.66667
-6.66667
-19.0417
-30.7083
-41.7083
-52.7917
-62.875
-65.0417
-59.625
-54.375
-10.8333
-6.625
-3.45833
-1.125
0.333333
1.04167
1.70833
1.5
-0.5
-4.875
-11.4583
-18.3333
-23.25
-19.2917
-16.5417
-15.625
-13.6667
-12.2083
-11.6667
-16.875
-18.4167
-15.9167
-13.375
-14.0833
-22.4167
-29.7917
-35.2083
-39.4583
-41.625
-38.7083
-28.9167
-21.25
-1.375
-1.33333
-1.5
-1.625
-2.20833
-2.5
-2.95833
-3.70833
-6.20833
-11.8333
-17.9583
-21.1667
-16.0417
-4.33333
7.04167
15.2083
19.2083
18.1667
8.16667
-6.625
-17.4167
-21
-19.75
-16.625
-14.4167
-12.9583
-12.1667
-11.5
-10.4167
-8.95833
-5.83333
-2.79167
-1.25
-0.791667
-0.833333
-1.5
-2.33333
-3.16667
-5.20833
-7.83333
-12.4167
-17.875
-18.7083
-12.8333
-2.25
7.25
20.5417
34.4583
39.0417
32.75
20.0417
7.95833
-4.95833
-14.8333
-17.9167
-16.1667
-12
-6.875
-2.04167
0.541667
0.583333
-0.291667
-1.08333
-1.54167
0.5
0.208333
0.0833333
-0.0416667
-0.25
-1.875
-5.25
-10.7917
-16.5
-16.5833
-9.04167
2.5
13.1667
24.4167
37.0417
45.5833
47.2917
41.9583
33.875
24.0833
11.9583
-0.875
-12.25
-17.7917
-17.4583
-13.25
-7.58333
-2.91667
-0.583333
0.0833333
0.0833333
-0.291667
0.208333
-0.333333
-0.416667
0.25
0.0416667
-2.625
-7.95833
-14.4583
-14.7083
-7.125
3.58333
16.1667
29.8333
41.4583
46.125
45.0417
42.875
41.5833
38.3333
32.3333
24.0417
11.5417
-2.08333
-13.9167
-19.6667
-18.3333
-14.2083
-8.25
-1.33333
3.58333
6.16667
7.58333
4.04167
4.58333
4.29167
3
-0.0833333
-5.625
-12.5417
-13.125
-6.625
2.41667
11.9167
22.9583
29.5417
24.8333
14.9583
8.20833
4.83333
4.75
12.0833
22.125
25.9167
21.0417
12.5
1.875
-7.41667
-12.1667
-11.3333
-5.91667
2
9.83333
14.8333
17.2083
8.04167
7.58333
5.08333
-0.458333
-7.83333
-13.8333
-13.6667
-6.20833
2.125
12.2083
22.2083
22.25
11.4583
-4
-17.4167
-29.5417
-34.2917
-26.6667
-11.625
4.79167
18
25.75
24.625
17.625
8
-2.875
-8.91667
-8.33333
-4.58333
1.45833
7.25
10.5833
1.79167
-1.5
-7
-14.5833
-20.2917
-18.8333
-9.625
0.458333
12.2917
24.125
26.9167
15.9583
2.625
-5.45833
-14.0417
-23.6667
-24.4167
-14.4167
-6.375
0.5
9.91667
22.0833
28.9167
27.1667
17.9167
4.125
-8.75
-18.4583
-23.375
-23.375
-18.9583
-13.1667
-4.5
-9.29167
-15.5417
-19.8333
-17.375
-10.0417
-0.208333
11
23.3333
24.875
14.875
6.375
1.20833
-3.125
-7.33333
-3.5
1.91667
0.666667
-0.791667
0.916667
4.125
11.1667
21.3333
28.6667
26.0417
15.625
1.83333
-13.75
-26.0833
-32.875
-32.875
-27.5
-1.70833
-8.25
-13
-11.75
-5.75
1.79167
12.0833
22
22.0417
11.625
1.5
-1.75
-6.875
-12.5417
-11.375
-3.125
-0.541667
-6.66667
-10.1667
-9.58333
-4.25
-0.5
6.08333
16.75
25.7083
27.5417
19.6667
6.95833
-6.625
-18.125
-25.5833
-26.875
-5.20833
-10.8333
-10.5833
-5.5
1.16667
11.6667
20.8333
20.5417
9.875
1.45833
-1.95833
-6.66667
-12.5417
-14.1667
-12.625
-11.8333
-13.8333
-15.6667
-16.375
-15.9583
-10.4583
-7.375
-3.70833
2.33333
13.9167
26
29.5417
23.75
13.5833
2.83333
-7.08333
-14.875
-15.875
-13.5
-6.54167
0.916667
10.375
19.625
19.2083
10.0417
1.70833
-1.25
-3.83333
-8.29167
-6.58333
0.25
4.20833
3.08333
1.70833
2.41667
3
-0.166667
-6.54167
-8.5
-7.33333
-6.04167
-1.45833
8.16667
20.1667
27.7083
30.0833
29.2917
25.6667
18.375
-0.208333
9
16.2917
20.9583
21.2083
15.2917
5.625
-2.20833
-4.91667
-6.625
-6.125
-2.875
5.875
16.0417
24.375
24.6667
24.4583
25.2917
21.3333
12.1667
-0.458333
-6.29167
-11.3333
-13.875
-14.4583
-12
-0.958333
19.2083
38.125
49.7083
52.2083
48.875
34.6667
43.9583
47.25
45.1667
31.5417
9.75
-6.66667
-12.4583
-13.25
-13.7083
-8.33333
1.5
9.58333
10.625
11.4167
10.5417
10.625
10.0417
4.83333
1.45833
-2.33333
-6.875
-13.1667
-15.7083
-15.9167
-13.2083
-3.91667
14.0417
32.3333
43.0417
45.0833
42.2083
35.2917
44.1667
48.2917
46.0833
37.375
20.2917
1.25
-9.75
-13.25
-12.6667
-10.4167
-4.25
0.791667
-2.58333
-8.95833
-10.875
-11.75
-15.9583
-17.5833
-14.625
-13
-14.7083
-14.2083
-9.91667
-4.91667
4.04167
14.4583
20.5417
22.4167
21
18.375
12.625
-0.458333
7.25
16.0417
22
27.2917
30.375
24.1667
9.70833
-2.16667
-5.875
-8.25
-10.7083
-9.41667
-6
-6.875
-10.0417
-15.2917
-21
-23.9583
-25
-23.375
-19.7083
-12.125
-2.625
9.125
21.2083
26.4583
21.5
12.0833
2.95833
-4.375
-11.375
-24.0417
-22.6667
-14.8333
-3.04167
9.16667
23.375
33.9167
30.7083
15.875
2.75
-4
-9.91667
-14.9583
-12.6667
-5.83333
-3.375
-6.5
-6.41667
-7.66667
-9.08333
-5.20833
0.291667
8.25
14.25
23.0417
26.7917
19.9583
8.5
-3.16667
-13.7083
-21.7083
-24.2917
-14.875
-20.5833
-21.6667
-15.9167
-4.58333
8.125
21.5833
32.7917
31.8333
19.25
5.20833
-1.79167
-8.33333
-10.4583
-5.29167
7.33333
18.1667
24.1667
28.4583
29.5417
31.1667
31.625
32.9583
32.625
28.0833
17.25
4.41667
-7.83333
-18.875
-26.3333
-27.5417
-21.7083
-0.25
-8.16667
-16.3333
-20.9167
-17.4167
-8.375
2.58333
16.7083
30.5
33.5
23.5417
12.8333
7.58333
4.625
2.625
8.04167
19.5833
25.7917
28.9583
29.75
29.9583
32.6667
32.7083
29.2083
17.875
4.54167
-5.66667
-15.5833
-22
-21
-14.2083
-5.125
-3.66667
-8.58333
-16.25
-23.375
-27.4583
-23.9167
-13.875
-0.958333
14.75
29
34.7917
26.0417
13.9583
2.08333
-7.70833
-20.875
-26.5
-21.5833
-14.7917
-5.625
4.16667
15.5
19.2917
15.0833
6.79167
-1.58333
-9.91667
-14.6667
-13.5417
-7.33333
-0.333333
3.75
-9.66667
-10.375
-13.5417
-18.125
-23.75
-27.1667
-23.125
-13.3333
-0.375
13.3333
26.4167
29.1667
18.5417
2.66667
-13.375
-28.3333
-38.75
-36.375
-23
-5.125
8.125
14.0417
13.2083
7.29167
-1.08333
-11.1667
-16.875
-15.2083
-9.79167
-5
-2.45833
-2.75
-1.04167
0.25
0.583333
-1.5
-5.79167
-12.5833
-17.625
-17.5417
-10.5417
-0.0833333
11.25
23.25
29.9583
29.1667
20.4583
14.9583
11.7083
12.8333
19.2083
24.3333
23.0833
14.2917
4.33333
-6.75
-16.7917
-22.875
-21.5833
-15.5833
-8.95833
-5.375
-4.95833
-4.70833
8.375
9.5
10
9.25
6.75
1.375
-6.58333
-14.2083
-16.7917
-11.5417
-1.70833
11.4167
25.4583
37.25
43.3333
44.625
45.2083
44.6667
39.5
28.2083
16.125
2.875
-10.5417
-21.0417
-23.4167
-17.4583
-9.91667
-2.5
3.08333
5.66667
6.25
7
1.66667
0.875
0.458333
-0.416667
-1.5
-3.125
-7.125
-13.0833
-19.5417
-20.7083
-14.875
-4.20833
6.95833
17.9167
30.4583
40.2917
43.4583
36.1667
24.5417
13.125
2.83333
-7.29167
-15.25
-15.1667
-8.66667
0.0416667
7.08333
11.0417
12.0833
11.9583
12.0833
11.5833
-8.41667
-10
-9.70833
-9.33333
-8.83333
-7.625
-7.33333
-8.83333
-12.7083
-17.125
-18.5417
-14.5417
-4.58333
5
17.0417
26.625
24.7917
15.0417
1.16667
-8.625
-17
-20.4167
-14.7083
-7.25
-1.375
2.20833
4.125
3.625
2.08333
1.20833
1.08333
0.708333
-5.04167
-4.33333
-2.75
-0.333333
1.5
2.83333
3.375
2.79167
0.166667
-5.95833
-12.7917
-17.25
-14.3333
-8.41667
-6.375
-12.9583
-23.7083
-28.7917
-36.5
-44.0417
-44.5
-33.2083
-16.9583
-9.04167
-5.83333
-4.54167
-4.75
-5.5
-5.70833
-5.41667
-4.91667
-4.45833
1.70833
3.54167
4.5
5.25
5.5
5
4.04167
2.75
0.375
-4.45833
-10.9167
-17.4167
-23.2917
-30
-42.5833
-55.7083
-61.0833
-60.4583
-57.4167
-51.5417
-37.8333
-21.4167
-10.8333
-5.625
-3.16667
-2.08333
-1.875
-1.875
-1.66667
-1.41667
-1.25
-1.29167
3.125
3
1.95833
-0.0416667
-2.08333
-3.95833
-5.04167
-5.75
-6.20833
-6.625
-8.70833
-12.5417
-19.4583
-32.6667
-43
-42.125
-35.5417
-30.75
-23.7083
-10.125
0.916667
1.41667
-1.875
-1.625
-0.875
-0.75
-0.833333
-0.958333
-1.29167
-1.54167
-1.875
-2.25
4.125
2.875
1.33333
-0.458333
-2.54167
-4.41667
-5.33333
-5.54167
-5.33333
-4.58333
-4.41667
-6.125
-9.625
-12.625
-8.04167
2.20833
10.6667
15.0833
19.0833
22.1667
17.4167
7.04167
-0.916667
-3
-3.54167
-4
-4.20833
-4.29167
-4.54167
-4.83333
-5.20833
-5.625
-13
-6.91667
6.41667
6.83333
-5.75
-7.20833
-0.0416667
2.66667
1.66667
-0.0416667
-1.91667
-3.70833
-5
-4.33333
0.458333
8.08333
11.0833
5.375
-3.29167
-6.375
-3.375
-0.125
-0.375
-17.1667
-46.625
-28.7083
41.2083
62
18.4583
-5.75
-2.45833
-2.95833
-8
-4.04167
4.25
2.58333
-5.58333
-5
-0.416667
1.41667
2.25
1.125
-2.625
-7.08333
-9.83333
-9.83333
-1.54167
17.8333
25.75
10.7917
-4.41667
-8.625
-7.66667
-4.41667
-1.45833
-10.375
-33.2083
-23.9167
31.2917
50.3333
12.2917
-9.54167
-3.33333
-1.20833
-5
-4.04167
-0.791667
-1
-2.20833
-0.791667
-0.0833333
-0.166667
1.58333
1.125
-4.79167
-11.75
-15.2917
-13.125
2.20833
27.2917
35.875
18.5833
-2.625
-11.0417
-10.875
-9.125
-4.79167
-6.29167
-21.4167
-16.7083
23.1667
36.7083
6.875
-9.91667
-4.75
-1.5
-4.08333
-3.625
-2.58333
-0.875
1.33333
2.29167
0.583333
-0.75
0.125
-1.75
-9.33333
-17.2083
-16.75
-7.41667
8.70833
29.625
37.3333
23.4167
4.45833
-7.5
-12.0417
-12.4167
-9.25
-6.33333
-11.2917
-8.16667
13.9167
19.7917
0.375
-8.95833
-3.91667
-0.25
-2
-1.83333
-0.625
0.375
1.29167
2
0.666667
-1.70833
-2.95833
-7.20833
-16.2083
-18.5417
-8.91667
0.541667
10.2917
28.5833
37.3333
25.0417
9.16667
-0.75
-8.54167
-13.125
-11.875
-8
-5.79167
-4.20833
0.208333
3
-0.291667
-3.20833
-1.95833
-0.291667
-2
-2.16667
-0.333333
0.5
0.541667
1.20833
-0.333333
-4.20833
-8.54167
-14.5
-17.2083
-10.8333
-1
4.875
12.6667
26.2083
31.5417
23.875
12.9167
4.33333
-2.33333
-9.08333
-11.9167
-10.4167
-9.375
-7.875
-4.66667
-1.83333
-0.916667
-0.916667
-0.208333
0.458333
-1.375
-1.91667
-0.0416667
0.708333
-0.25
-1.125
-3.25
-8.91667
-15.375
-15.5833
-9.79167
-1.875
7.91667
13.4167
12.4167
13.8333
17.5417
17.9583
15.625
10.3333
3.95833
-0.5
-5.875
-12.0417
-13.9583
-11.625
-7.33333
-2.91667
-0.958333
-0.791667
-0.166667
0.583333
-0.541667
-1.33333
-0.166667
0.375
-1.95833
-5.5
-9.70833
-14.2083
-13.7083
-8.125
-2.91667
6.91667
18.9583
16.2083
5.125
2.41667
5.375
9.45833
13.5833
14.4583
11.0417
6.91667
1.54167
-7.79167
-13.9167
-12.8333
-9.58333
-6.25
-2.95833
-0.916667
0.0416667
0.458333
-0.208333
-1.16667
-0.833333
-1.875
-6.08333
-11.375
-14.2917
-12.375
-6.75
-1.33333
5.54167
17.0833
22.2917
11.7083
-1.29167
-5.16667
-4.04167
1.5
10.2083
13.875
13.6667
13.9167
8.5
-1.625
-7.54167
-9.41667
-9.83333
-9.04167
-7.375
-4.54167
-1.66667
-0.291667
0.166667
-1.41667
-3.04167
-6.20833
-11.4583
-14.5833
-11.7917
-6.33333
-0.625
7.33333
16.0833
20.375
15.8333
3.5
-5.79167
-6.91667
-6.16667
-2.91667
3.75
7.79167
11.5
17.625
15.625
4.625
-2
-3
-4.79167
-7.58333
-9.83333
-10.0417
-6.75
-2.41667
0.666667
-2.625
-7.875
-12.9583
-14.4167
-10.7083
-5.375
-0.666667
7.79167
17.375
19.0417
14.4583
7.5
-1.95833
-6.91667
-6.66667
-7.41667
-4.66667
0.625
1.875
5.66667
14.7083
17.9167
11.4167
4.04167
2.25
2.875
-0.708333
-7.75
-12.375
-12.2083
-8.16667
-1.5
-7.66667
-13.6667
-15.0833
-10.5
-3.66667
1.04167
7.125
16.3333
20
13.625
6.25
2.20833
-4.125
-7.70833
-5.625
-5.95833
-5.08333
-0.541667
-0.833333
-0.5
8.04167
14.0833
12.7917
10.7917
9.5
8.58333
5.875
-1.20833
-9.375
-14.375
-13.875
-8.83333
-13.125
-14.625
-11.625
-3.25
5.41667
10.2083
14.5
17.9167
14
5.125
0.625
-3.125
-11.6667
-10
4
8.58333
0.708333
-5.54167
-6.70833
-4.75
0.75
6.20833
9.375
11.9583
14.2917
15.0417
11.7083
5.125
-2
-9.58333
-15.25
-14.3333
-15.9583
-11.5833
-3.875
5.29167
16.0417
20.3333
15.6667
9.375
4.45833
0.0416667
-4.54167
-11.1667
-13.5417
-1.25
13.7917
14.2917
3.20833
-7
-9.83333
-7.33333
-3.25
-0.333333
2.33333
6.41667
13.375
20.7917
19.375
11.7083
6.70833
-1.20833
-13.75
-20.375
-15.125
-4.29167
4.54167
14.5
28.375
28.5833
9.91667
-4.29167
-4.375
-5.08333
-9.04167
-9.08333
-5.625
3.58333
12.4583
11.5833
3.54167
-3.625
-6.16667
-7.29167
-6.875
-5.58333
-5.66667
-1.95833
10.1667
23.5417
27.7083
23.5833
16.1667
3.16667
-14.75
-26.5833
-18.5
-0.458333
14.8333
26.2083
37.0417
31.875
6.54167
-14.1667
-16.75
-12.75
-5.25
0.5
-2.58333
1.5
11.4167
11.4583
3.29167
-3.16667
-2.95833
-3.95833
-8.66667
-11.2083
-10.625
-5.58333
6.75
22.7917
32.9583
32.75
24.0833
5.45833
-18.625
-31.2083
-22.5417
-0.875
21.2917
36.2917
40.875
29.8333
6.79167
-16
-25.0833
-15.7083
-0.125
2.83333
-3.75
1.04167
11.7917
12.25
2.79167
-4.91667
-2.29167
-0.958333
-7.75
-13.5417
-12.3333
-4.54167
7.54167
21.7083
32.5417
33.3333
23.2917
4.45833
-18.0417
-30.7083
-20.8333
0.291667
18.7083
31
39.1667
32.125
6.75
-14.25
-16.1667
-11.9167
-6.625
-2.08333
-3.70833
0.916667
11.375
13.625
2.16667
-8.58333
-1
3.875
-5.83333
-11.3333
-10.0417
-3.66667
10.9167
24.8333
28.1667
22.4167
13.625
1.75
-14.25
-23.7083
-16.125
-1.58333
10
17.9167
28.875
30.4167
12.0833
-4.79167
-5.375
-4.875
-8.58333
-8.91667
-5.875
1.875
8.83333
6.33333
-2.5
-4.45833
5.375
7.25
-4.08333
-9.375
-5.25
3.625
16.4583
23.5833
18.625
9.45833
2.58333
-4.25
-12.875
-18.7917
-13.9167
-5.58333
-0.791667
5.66667
16.875
24.1667
19.5833
7.875
1.125
-0.25
-2.54167
-7.20833
-8.66667
-2.33333
1.5
-0.25
-2.41667
-2.04167
7.29167
11.1667
-0.583333
-6.75
2.125
13.6667
18.2917
15.5833
9.625
2.08333
-6.95833
-13.0833
-14.5417
-12.625
-14.7083
-12.4167
-8.54167
-3.58333
5.5
16.4583
20.7917
16.5833
10.125
5.20833
3.45833
0.916667
-8.45833
-13.9167
-5.66667
2.29167
-4.08333
-7.66667
8.29167
17.5417
6.875
2.45833
9.5
13.4583
12.125
8.16667
1.79167
-5.875
-12.4583
-15.1667
-12.9583
-6.625
-10.4167
-13.9583
-15.5417
-11.5417
-2.375
7.20833
13.8333
17.625
17.5
13.4167
10.2083
6.33333
-5.75
-16.125
-11.2083
-3.16667
-6.83333
-7.04167
11.25
24.7083
18.4167
10.0833
7.95833
6.75
4.79167
1.83333
-5.45833
-13.75
-15.375
-11.2083
-6.375
-2.29167
-4.95833
-8.75
-15.375
-18.8333
-10.6667
1.25
5.66667
8.875
16.125
20.4167
19.1667
11.8333
-4.29167
-16.4583
-11.875
-3.75
-6.33333
-5.04167
15.75
32.9167
25.125
9.29167
1.58333
-1.08333
-2.70833
-4.79167
-11.5417
-17.5417
-12.3333
-2.83333
-0.625
-0.541667
-0.5
-3.29167
-10.5
-18.25
-17.0417
-6.625
0.0416667
1
6.58333
17.6667
25.2917
20.9167
2.16667
-14.5
-12.0833
-3.875
-3.125
3.375
21.125
31.25
22.2917
5.20833
-4.70833
-7.08333
-9.41667
-11.375
-13.2083
-13.1667
-5.375
2.66667
1
-0.666667
0.875
-0.291667
-5.75
-12.9167
-15.0833
-11.5
-7.41667
-4.41667
-0.458333
8
20.875
25.0833
10.4167
-6.16667
-7.29167
-0.916667
3.45833
9.45833
19.2083
23.5833
15.6667
1.58333
-8.25
-13.0417
-15.625
-12.4583
-7.58333
-6.20833
-1.5
4.04167
1.04167
-1.625
1.125
1.25
-2.25
-7.875
-10.25
-9.58333
-10.7083
-10.4167
-6.04167
0.291667
11.0417
20.3333
14.125
1.58333
1
8.58333
12.5417
12.125
14.0833
15.625
9.125
-3.41667
-14.2917
-18.1667
-15.0833
-7.41667
-2.25
-2.91667
-0.458333
4.25
1.25
-1.95833
1.375
1.95833
-1.16667
-5.25
-5.625
-4.125
-6.95833
-12.4167
-12.7083
-6.625
1.79167
8.45833
8.79167
8.83333
15.5417
20.2083
19.1667
15.7917
9.875
4.95833
-0.666667
-11.5
-18.4167
-15.6667
-9.58333
-2.79167
0.541667
-1.79167
-0.541667
3.70833
1.33333
-1.29167
1.25
1.79167
-0.833333
-3.95833
-3
-0.708333
-2.83333
-8.83333
-13.75
-13.0417
-6.41667
-0.0833333
1.875
7.79167
20.625
27.4167
28.2917
26.5417
11.125
-8.875
-17.2917
-17.7083
-14.25
-9.25
-5.04167
-0.75
1.125
-0.541667
-0.0416667
2.45833
0.708333
-1.16667
1.41667
2.125
-0.958333
-4.375
-2.91667
0.625
0.291667
-3.95833
-8.95833
-13.0417
-12.625
-7.33333
-5.16667
-2.25
12.7917
31.5417
47.0833
46.875
9.20833
-30.25
-30.7083
-16.2083
-8.66667
-4.20833
-1.41667
-0.125
0.375
0.166667
0.458333
0.958333
-0.0833333
-1.16667
1.29167
2.375
-1
-4.375
-2.625
0.541667
0.875
-1.25
-4.20833
-7.54167
-11.5417
-14.5417
-19.75
-19.3333
7.79167
44.5417
66.2917
59.2083
3.45833
-46.2083
-37.0417
-12.8333
-4.125
-1.16667
-0.208333
-0.25
-0.375
-0.291667
0.0833333
0.375
0.0833333
-1.5
0.25
2.45833
-0.541667
-4.20833
-2.33333
0.958333
1.125
-0.458333
-2.125
-4.08333
-7.16667
-13.2083
-30.5417
-40.25
-0.875
55.0833
80.375
69.6667
5
-54.5833
-42.9583
-11.75
-1.875
-0.75
-0.75
-0.458333
-0.0833333
-0.166667
-0.166667
0.125
-0.125
-1.125
-0.625
1.95833
-0.583333
-4.41667
-2.41667
1.66667
2.08333
-0.208333
-1.95833
-2.54167
-4.25
-9.375
-34.125
-58.0417
-14.4167
57.6667
92.2083
87.9583
13.0417
-64.3333
-51.0833
-12.0417
-1.25
-0.791667
-0.75
-0.208333
0.0833333
-0.166667
-0.208333
-0.208333
-0.75
-21.5926
-16.5741
-12.2963
-9.62963
-8.35185
-9.22222
-14.3333
-21.2407
-26.8519
-27.8333
-29.7963
-34.5556
-39.2963
-43.0926
-43.1296
-39.1667
-33.1852
-27.7222
-27.4815
-30.963
-37.2407
-42.1667
-45.7963
-50.6296
-57.0556
-63.8519
-71.5
-77.0185
-14.6667
-10.8148
-8.2037
-7.48148
-9.66667
-14.6111
-20.5926
-24.9259
-24.1481
-18.1667
-13.3889
-12.2963
-14.4074
-15.6481
-14.9074
-12.537
-10.7222
-12.8519
-19.8333
-28.9259
-39.4815
-44.463
-45.7222
-45.6481
-46.3333
-47.8704
-50.3889
-52.0185
-5.77778
-4.98148
-5.53704
-8.72222
-14
-20.4259
-23.3519
-21.037
-13.8148
-2.81481
7.40741
14.6667
20.1852
23.1667
24.5556
21.9259
15.1111
5.2037
-7.38889
-19.4444
-30.4444
-36.3889
-36.4815
-33.4259
-29.3148
-25.6667
-23.6852
-22.2407
-2.22222
-3.90741
-7.75926
-12.9815
-18.8148
-21.4259
-18.1111
-9.31481
1.96296
12.3519
24.1852
37.8148
49.5
57.963
58.3148
49.8333
35.2037
19.1667
6.42593
-5.24074
-16.1852
-23.3519
-26.5741
-24.8704
-19.6852
-13.1852
-7.53704
-3.77778
-0.907407
-4.98148
-10.7222
-16.4444
-18.3148
-14.7593
-6.12963
5.22222
14.7222
22.4444
32.9259
47.5
62.5185
71.1296
70.2963
59.4259
43.4074
28.4815
17.037
7.22222
-2.64815
-11.3704
-17.2222
-19.0741
-15.7222
-9.42593
-1.94444
5.01852
-0.777778
-6.81481
-13.4074
-15.4815
-12.6296
-3.94444
5.98148
14.2778
18.9815
22.0556
28.2963
38.8519
47.537
52.6111
50.0926
43.3333
34.537
26.963
21.8333
15.6296
8.18519
0.814815
-6.55556
-11.4259
-12.8704
-9.96296
-3.37037
4.57407
-6.09259
-11.963
-14.2037
-11.5741
-3.59259
5.74074
13.1111
15.7222
16.7407
18.4259
20.4444
20.6667
20.2222
17.8704
16.2037
16.7963
20.6852
23.7407
23.7593
21.4074
17.5926
11.7778
5.37037
-1.14815
-6.55556
-9
-7.05556
-1.77778
-14.0556
-15.8333
-12.5926
-4.92593
3.62963
10.6296
13.8704
13.9444
14.7778
15.0185
12
3.98148
-5.83333
-12.3519
-12.7222
-4.33333
8
18.3889
24.6296
26.037
24.5926
19.7593
12.9259
4.74074
-4.94444
-12.6111
-17.3889
-18.8519
-17.5
-14.3519
-6.09259
1.90741
9.14815
11.7963
12.8519
13.9815
15.8519
14.6296
7.57407
-5.22222
-16.6111
-24.3148
-21.7222
-11.5926
1.75926
13.3889
21.463
26.9815
28
24.463
18.3148
9.27778
-1.2037
-11.4444
-20.7222
-27.7037
-13.7222
-6.94444
0.907407
7.18519
9.74074
11.1667
12.5556
15.6852
15.3519
9.31481
-1.35185
-11.1296
-19.463
-22.4444
-19.6667
-12.7963
-5.85185
3.27778
13.5741
22.6296
26.3889
26.1852
22.0556
14.037
4.61111
-5.22222
-15.2963
-24.8519
-3.68519
3.03704
8.05556
9.88889
10.9815
12.3333
14.3519
15.4074
10.8333
2.40741
-8.16667
-13.9815
-15.2037
-14.3889
-12.5556
-12.3889
-11.6296
-6.25926
1.68519
11.2963
17.9074
22.3704
23.7037
21.4444
17.7593
12.3333
5.90741
-1.53704
7.07407
11.2778
12.2407
11.9815
10.9815
12.6111
12.7778
9.22222
2.66667
-3.01852
-6.96296
-6.55556
-3.96296
-0.611111
-1.5
-5.05556
-7.68519
-7.05556
-4.48148
-0.944444
5.05556
12.2407
19.0741
24.7407
28.7037
29.8704
28.7407
25.3889
22.9444
22.3148
19.5741
16.4074
14.463
11.1296
6.27778
-0.203704
-3.61111
-1.68519
3.62963
7.09259
10.5556
11.2222
9.55556
5.98148
2.72222
-2.62963
-8.7963
-12.4444
-8.72222
-1.37037
9.61111
23.1111
34.5741
42.6852
47.1667
48.9444
39.7593
35
29
23.6667
16.5926
7.22222
-2.22222
-9.37037
-9.55556
-4.11111
6.42593
12.463
14.037
11.7963
9.12963
6.85185
3.22222
-5.12963
-13.1296
-18.9815
-17.0185
-9.87037
3.25926
19.0556
32.8148
43.5185
50.2963
54.5185
50.037
44.6296
37.4444
29.6852
19.9444
7.2963
-3.94444
-10.6667
-11.1481
-8.09259
-1.31481
3.2963
3.85185
0.574074
-2.83333
-5.7963
-9.75926
-16.6296
-20.9074
-21.3704
-16.8889
-7.75926
4.77778
17.7778
28.2963
36.1481
41.6481
45.0926
42.7963
41.9259
38.0185
31.3519
22.0185
12.4815
3.24074
-4.18519
-9.37037
-13.7037
-15.463
-13.4259
-11.8704
-12.463
-15.4074
-19.0556
-22.5741
-23.3333
-19.0926
-12
-4.59259
4.87037
13.2593
18.3704
21.6852
23.4444
24.1852
23.0741
22.5741
28.1667
30.2037
28.5926
24.3148
20.1667
15.0556
9.01852
1.16667
-7.11111
-14.8333
-16.2407
-14.8519
-10.1111
-9.05556
-10.5
-11.2593
-7.68519
-0.37037
9.2037
16.1667
21.4815
20.8333
17.7593
14.6296
10.7407
6.83333
1.09259
0.240741
9.85185
17.5741
21.8148
23.7778
24.4259
23.4815
20.6481
13.7778
5.2963
-3.59259
-8
-7.18519
-1.46296
4.5
8.72222
12.7963
20.3704
28
34.5741
35.7778
31.5185
22.9815
13.8704
6.53704
-0.481481
-8.27778
-16.7778
-17.5
-8.16667
1.7037
11.0185
18.2778
22.9815
25.9444
27.2593
25.3519
20.3148
12.9444
5.7963
1.42593
3.55556
9.98148
19.0185
28.6667
37.6296
43.1852
44.2037
39.8889
30.7037
19.537
9.42593
0.574074
-7.7963
-16.3889
-23.4259
-28.3333
-23.1667
-14
-3.12963
8.37037
16.9259
22.963
26.3889
27.3519
25.5
20.4074
10.2963
1.7963
-3.64815
-0.555556
9.09259
21.963
32.4444
36.5185
34.2037
29.0926
20.6481
12.7222
3.72222
-5.83333
-14.5556
-21.6111
-24.3148
-30.1296
-30.0741
-24.7963
-14.963
-3.05556
8.57407
17.4444
22.3889
25.463
26.3148
23.4444
15.3704
5.38889
-1.96296
-3.57407
1.96296
10.5741
16.5556
17.9815
15.2222
12.1481
8.66667
3.03704
-4.5
-13.537
-19.7593
-21.7593
-19.037
-20.5556
-25.0926
-25.1481
-20.6852
-11.6481
-0.703704
9.37037
16.2037
20.2593
24.0556
26.4444
25.5
23.3519
19.8333
17.2778
15.2593
14.0741
12.4815
9.01852
5.57407
3.05556
-0.62963
-6.81481
-13.8519
-19.3148
-20.9074
-17.9259
-11.9074
-8.31481
-14.2037
-19.1667
-20.9074
-18.3333
-10.7037
-0.851852
8.59259
16.2593
22.6667
29.6667
39.2407
47.037
51.2593
48.0556
38.9259
26.4815
15.6852
8.27778
3.33333
-2.35185
-8.35185
-15.4259
-19.1481
-18.7037
-14.2963
-7.55556
-1.07407
-1.96296
-6.44444
-12.4259
-18.3333
-21
-19
-12.1296
-2.01852
8.07407
17.2037
27.9259
41.2037
53.537
60.1296
57.963
46.1481
30.1296
15.9444
6.07407
-1.12963
-7.88889
-13.5926
-16.6296
-15.5
-9.66667
-2.96296
3.12963
7.2963
-4.01852
-5.48148
-9.25926
-14.5741
-20.037
-22.4074
-20.1852
-13.1852
-2.87037
5.62963
13.6852
21.5556
26.6111
30.8148
28.8704
20.7593
8.81481
-3.83333
-12.1111
-17.7593
-20.5741
-19
-16.1296
-10.6111
-3.75926
2.05556
6
7.72222
-4.31481
-3.61111
-4.5
-7.46296
-12.2037
-17.7778
-21.1296
-20.0741
-14.8704
-10.2778
-9.24074
-12.7963
-18.3889
-20.463
-20.5741
-21.7222
-25.1296
-31.2963
-35.5556
-35.6481
-30.0741
-20.4259
-12.3889
-6.14815
-1.27778
1.61111
2.64815
2.59259
-2.18519
-1.57407
-1.74074
-3.11111
-6.72222
-12.3704
-18.7407
-23.3519
-24.2778
-27.1667
-34.1296
-44.2593
-54.4259
-58.3519
-57.7222
-54.0741
-50.6296
-50.2222
-47.3519
-40.4259
-30.1481
-18.6667
-11.3333
-6.87037
-4.61111
-3.74074
-3.68519
-4
2.05556
1.44444
0.592593
-0.833333
-3.2963
-7.88889
-14.1481
-20.8148
-27
-34.8704
-43.6852
-50.8333
-55.8333
-59.0185
-58
-53.5
-47.537
-41.7963
-34.0556
-25.2222
-18.2407
-12.9815
-8.51852
-6.12963
-5.2963
-5.25926
-5.74074
-6.33333
0.240741
-0.851852
-3.96296
-3.85185
-2.90741
-3.88889
-9.5
-17.1296
-21.2407
-18
-5.68519
11.7778
30.537
40.5741
38.9259
24.7778
8.25926
-5.55556
-13.4259
-20.7407
-30.6296
-35.5
-24.7407
5.2037
28.6667
32.3148
14
0.259259
-2.88889
-2.03704
-2.09259
-2.75926
-5.11111
-9.66667
-15.9259
-19.6481
-18.2593
-10.7778
1.33333
15.7037
30.9259
39.1852
38.4259
26.7407
12.9444
0.148148
-8.61111
-16.6481
-26.1481
-30.5741
-23.3333
-0.148148
18
21.6852
7.72222
-2.46296
-2.94444
-0.87037
-0.537037
-3.66667
-9.27778
-15.4815
-18.2407
-16.5926
-9.75926
-1.37037
8.24074
16.5
25.963
31.6111
33
25.8704
16.2222
6.09259
-1.11111
-8.27778
-17.1111
-22.5556
-20.4259
-6.7037
4.01852
7.27778
-0.185185
-4.2963
-1.88889
-2.18519
-4.87037
-9.75926
-14.8148
-16.4259
-14.2778
-7.98148
-0.814815
5.51852
8.7963
12.4815
19.8333
27.6296
30.4259
24.4444
15.9259
8.72222
4.48148
0.259259
-6.01852
-12.3519
-16.5741
-14.9815
-10.963
-6.46296
-4.53704
-3.11111
-3.7963
-6.87037
-11.5
-15.6667
-16.3704
-12.8704
-6.46296
0.5
5.66667
7.11111
6.53704
8.61111
17.1296
25.7963
28.7407
22.2037
14.4074
8.59259
6.98148
4.83333
0.907407
-4.92593
-10.7778
-14.4074
-15.6667
-13.7037
-10.2222
-5.81481
-7.77778
-12.537
-16.4074
-16.6481
-12.9074
-5.77778
1.03704
6.72222
7.75926
6.77778
5.07407
8.07407
14.8148
21.4444
23.037
18.7778
12.9815
9.18519
8.16667
7.01852
3.85185
-0.685185
-4.72222
-7.81481
-10.9259
-13.4074
-13.9815
-11.4259
-13.4259
-16.9074
-16.2593
-12.3519
-5.42593
1.18519
6.16667
7.5
7.35185
7.92593
9.38889
10.6111
10.2222
10.4815
12.1481
13.6852
13.7407
11.6852
9.92593
7.85185
4.87037
2
0.148148
0.0740741
-2.44444
-7.22222
-13.2222
-15.5556
-17.7778
-16.4444
-10.6481
-4.03704
2.51852
5.85185
6.75926
6.55556
8.72222
12.8519
14.3889
10.2037
2.55556
-1.85185
0.888889
7.88889
13.4444
14.3889
12.1296
9.09259
5.87037
3.75926
3.42593
5.18519
5.05556
0.944444
-7.22222
-14.5185
-16.6667
-10.2963
-1.14815
4.90741
7.98148
6.40741
5.85185
7.64815
12.7963
15.463
11.1296
3.33333
-3.55556
-3.42593
-0.777778
3.68519
6.98148
10.4444
12.3519
11.5926
8.05556
5.01852
4.81481
8.16667
10.1296
8.33333
1
-8.09259
-11.0556
-1.5
7.85185
10.7963
9.57407
6.05556
7.22222
11.8519
14.7963
11.5926
1.92593
-3.07407
-3.62963
1.44444
0.611111
-0.685185
-1.96296
3.55556
9.57407
12.963
10.3889
6.68519
6.16667
10.2037
14.4444
14.8889
10.2593
0.759259
-2.85185
7.81481
16.2778
16.4444
12.4815
7.11111
8.62963
11.9074
11.8333
5.2963
-4.22222
-5.75926
-3.53704
3.11111
0.888889
-2
-5.90741
-2.03704
3.7963
8.51852
8.85185
8.25926
10.9259
17
22.3704
23.1667
17.7407
5.57407
1.68519
16.1667
26.2963
27.2037
21.4815
11.7222
6.27778
4.33333
1.83333
-3.35185
-9.74074
-6
1.2037
10.2222
6.22222
-0.611111
-8.46296
-7.88889
-4.98148
-0.777778
2.55556
8.01852
16.8519
26.8519
33.8148
32.9815
23.6852
5.83333
0.888889
22.037
38.6296
41.963
34.2963
16.5741
1.72222
-8.25926
-11.3889
-12.0185
-9.87037
-1.07407
7.5
13.6111
8.33333
0.648148
-7.55556
-10.6852
-11.5741
-10.1111
-4.66667
5.96296
21.6667
36.8889
45.5185
41.6852
25.8333
1.94444
-2.57407
24
47.2222
54
44.3704
20.5
-1.16667
-16.8148
-21.0556
-17.7222
-9.18519
2.68519
9.87037
13.0185
7.46296
1.51852
-4.11111
-7.68519
-11.5185
-13.9259
-10.1852
2.35185
21.9259
41.3333
51.3704
45.5741
26.0185
-0.481481
-4.12963
23.1852
47.6667
55.8519
46.2778
21.3519
-1.33333
-16.8889
-19.8148
-16.7593
-9.7037
-0.481481
6.51852
10.463
7.33333
3.64815
0.907407
-1.85185
-7.18519
-12.8704
-10.7222
1.68519
20.9444
38.1111
45.6852
40.2037
23.8148
1.03704
-2.14815
21.6481
41.1852
47.3519
39.1852
18.7593
1.18519
-8.46296
-9.7037
-10.0926
-11.2963
-6.03704
1.57407
9.48148
6.92593
3.11111
1.25926
2.05556
-0.148148
-5.38889
-4.64815
3.98148
17.8148
28.2037
32.463
29.2778
19.7963
3.62963
0.240741
17.0556
29.9259
33.2593
27.537
14.7778
6.33333
3.7963
3.66667
-0.777778
-9.55556
-10.2963
-5.18519
4.5
3.33333
0.722222
0.685185
6.92593
10.1852
7.2037
3.94444
5.31481
11.4444
17.3148
19.9074
18.4074
13.0556
2.7037
-1.59259
8.96296
17.2963
19.8704
17.3889
11.4815
10.037
12.3704
13.6667
8.51852
-2.03704
-8.11111
-9.18519
-5.96296
-5.55556
-3.11111
5.7963
16.4259
22.2222
16.2407
8.5
3.40741
5.98148
9.81481
12.037
9.40741
4.27778
-3.66667
-7.27778
-0.166667
7.37037
12.3519
13.1667
10.037
9.27778
13.0926
17.7407
16.3704
6.55556
-4.53704
-11.7963
-12.7222
-9.12963
-0.87037
14.1667
25.8519
28.6852
17.7593
6.33333
0.592593
3.14815
6.92593
7.12963
2.53704
-4.88889
-11.8704
-15.0556
-9.66667
-1.5
7.03704
12.1481
11.3704
8.96296
10.2222
15.7407
18.3333
12.0185
-0.037037
-9.31481
-11.7037
-5.94444
4.59259
21.0741
30.5556
29.4074
15.037
2.7037
-2.24074
0.555556
3.33333
1.55556
-4.55556
-11.8889
-16.3704
-19.6852
-18.0741
-10.6852
-0.574074
8.05556
11.4074
10.5556
10.3333
12.6852
15.2037
11.8333
3.7037
-3.44444
-4.85185
1.42593
11.5741
24.7963
30.1667
26.0926
12.0556
0.925926
-3.61111
-2.24074
-1.77778
-5.81481
-12.0926
-16.8148
-16.3148
-18.0556
-21.9259
-18.7593
-9.68519
0.462963
6.90741
9.98148
11.9259
13.2037
12.5
7.83333
3.5
2.68519
6.72222
12.6111
17.7037
24.2407
26.2593
22.6852
10.463
-0.444444
-6.57407
-7.64815
-9.18519
-13.4259
-17.0741
-16.6481
-11.5741
-12.3148
-19.8148
-21.6667
-16.3519
-7.88889
-0.481481
4.7037
10.8148
14.037
12.7778
5.66667
2.57407
7.14815
16.8704
22.8333
23.1481
22.037
20.6296
16.7222
7.38889
-2.57407
-10.1296
-13.5926
-16.0926
-17.5926
-16.4074
-11.4444
-5.01852
-6.46296
-13.7778
-18.2593
-18.2222
-14.0556
-9.05556
-3.12963
4.64815
11.3519
13.037
7.59259
4.2037
8.25926
20.1852
29.1296
31.3148
25.8519
18.1667
9.07407
0.259259
-8.44444
-15.4815
-19.3519
-19.1667
-15.7222
-10.4074
-4.92593
-0.648148
-2.57407
-8.25926
-12.7593
-15.0185
-15.1481
-13.963
-10.7407
-3.40741
4.57407
8.85185
5.2963
0.611111
4.88889
22.4815
42.537
50.5926
38.037
16.2778
-3.94444
-13.7593
-19.0741
-21.5
-21.1296
-16.5556
-10.1481
-4.88889
-1.16667
1.11111
-0.925926
-4.83333
-7.94444
-9.51852
-11.3704
-14.1111
-15.4074
-12.0185
-5.59259
-2.72222
-4.96296
-7.40741
5.05556
33.537
64.3148
73.5
49.037
10.3148
-22.1111
-31.9815
-30.2407
-23.9815
-17.6111
-10.8148
-4.94444
-1.83333
-0.0185185
1.2037
-0.907407
-3.46296
-4.96296
-4.77778
-5.77778
-9.81481
-15.1296
-16.963
-14.6667
-15.1111
-18.6852
-19.3148
2.62963
45.537
86.8333
95.7593
56.3148
1.44444
-42.1852
-47.9259
-36.8704
-20.7778
-11.6667
-5.59259
-1.88889
-0.0740741
0.592593
1
-1.5
-3.72222
-4.35185
-2.61111
-1.2963
-4.05556
-10.0926
-16.037
-18.6667
-25.2593
-32.3519
-34
-4.27778
51.5926
104.889
114.389
62.1296
-7.62963
-58.1667
-58.1111
-37.5185
-15.537
-6.07407
-2.40741
-0.462963
0.296296
0.37037
0.111111
-2.55556
-0.111111
-6.94444
-19.2222
-19.2222
-11.1667
-2
-0.722222
-2.05556
-1.16667
0.0555556
-1.05556
-5.05556
-10.8333
-13.3333
-10.2222
0.222222
9.55556
14.2222
11.8889
6.66667
1.05556
-0.833333
13.4444
38.0556
63.9444
64.3333
47.8333
21
1.11111
-10.0556
-15.1111
-18.7222
-15.0556
-17.1111
-22.6667
-19.0556
-10
-1.22222
1
0.0555556
0.388889
-0.166667
-3.38889
-11.3333
-24.2222
-30.9444
-24.9444
-1.72222
19.9444
30.1111
25.9444
15.9444
6.83333
3.27778
17.8333
51.5
78.1111
71.7778
29.8889
-5.66667
-21.9444
-18.3333
-18.6667
-18.6111
-15.2778
-13.2778
-11.7222
-8.27778
-3.61111
-0.166667
0.333333
-0.333333
-1.5
-4.88889
-13.2778
-27.6667
-43.1667
-47.2778
-32.6111
-0.277778
28.7222
44.5556
41.6111
31.5556
19.2778
11.7222
17
39.8889
57.1111
49.6667
10.1667
-20.3889
-31.3333
-22.2778
-17.1111
-9.5
-5.61111
-1.44444
2.27778
3.16667
1.88889
0.222222
-1.05556
-2.88889
-7.5
-16.9444
-30.1111
-42.8333
-47.3333
-39.6667
-21.6667
0.888889
22.1667
37.4444
45.1667
43.3333
34.7222
23.1111
16.0556
20.6667
23.8333
18.1667
-4.11111
-18.1111
-20.8333
-12.3333
-8.22222
0.333333
0.555556
2.44444
4.77778
5.11111
2.83333
0.333333
-2.88889
-7.66667
-19.3889
-34.5556
-47.1667
-46
-26.4444
-5.11111
6.38889
0.5
-2
7.72222
26.3333
41.7778
44.1111
35.7222
20.6111
8.05556
1.22222
-1.33333
-4.11111
-5.88889
-5.77778
-3.5
-1.44444
2.44444
2.11111
2.44444
2.72222
2.27778
0.5
-1.83333
-6.05556
-16.7222
-33.5
-48.3889
-46.7778
-22.6111
14
37.2222
29.8889
-2.66667
-29.0556
-30.8333
-7.55556
19.6111
38.3333
41.3889
32.1111
16.3333
2.72222
-3.88889
-3.83333
-1.27778
0.666667
1.05556
1.11111
3.33333
3.22222
2.44444
0.888889
0
-2
-5.61111
-15.5556
-29.9444
-44.9444
-43.1667
-20.2778
20.2778
55
62.8889
38.1111
-6.22222
-42.9444
-55.7778
-44.8333
-18.2778
10.1111
32.2778
39.1111
31.5556
17.6667
5.61111
0.666667
0.111111
1.11111
1.22222
0.944444
3.22222
4.72222
3.72222
1.22222
-2.22222
-7.77778
-18.5
-32
-43.0556
-38
-13.5
27.3333
61.6111
73
56.2778
24.9444
-8.55556
-36.5556
-56.9444
-63.0556
-53.3333
-27.2222
3.94444
28.9444
38
33.0556
21.4444
11.2222
5.05556
3.27778
3.22222
3.5
1.33333
3.5
3.5
0.777778
-6.38889
-18.7222
-34.4444
-45.3889
-38.5556
-11.0556
30.5556
64.8889
76
60.1111
30.5
7.16667
-7.5
-19.3889
-38.3333
-58.1111
-66.5
-56.8889
-30.3889
0
25.6667
39.8333
41
32.7778
20.3333
11.2778
6.5
4.61111
0.111111
0.944444
-0.333333
-6.44444
-19.1111
-34.2222
-45.5
-38.2778
-12.3889
30.6667
63.0556
75.1111
53.3333
19.7222
-8
-10.9444
-0.722222
5.5
-6.05556
-27.6667
-50.0556
-59.9444
-54.8889
-34.2778
-4.44444
24.6111
44.2222
47.8889
39.2778
25.6667
14.1667
7.16667
-1
-3.83333
-9.94444
-22.5
-36.0556
-43
-32.5
-6.05556
30.9444
59.5556
68.4444
46.5
11.0556
-18.9444
-22.7222
-10.2778
6.83333
15.5556
15.4444
3.22222
-18
-41.7778
-56.8333
-56.3333
-38.2778
-8.38889
23.2778
45.8333
52.2778
43.6111
27.1667
12.0556
-3.77778
-12.8889
-26.6667
-41.3889
-45.1111
-31.2222
0.944444
37.1111
62.5
65.3889
43.1667
7.27778
-23.3889
-31.5556
-18.7778
-2.27778
9
14.4444
20.3889
21.5556
10
-12.8333
-39.6667
-56.2222
-58.5
-45.1667
-18.6111
13.3333
40.5
50.5
43.7222
27.7222
-14.0556
-30.2778
-45.1111
-50
-33.6667
-0.0555556
41.3333
65.7222
68.7222
41.0556
6.44444
-25.6667
-31.7222
-22.3333
-7.55556
0.5
4.22222
10.1667
18.0556
24.5
23.0556
9.83333
-12.8333
-36.3889
-54.5
-60.6111
-52.7778
-28
5.44444
35.5
50.1111
46.7222
-31.7778
-48.3333
-53.2778
-36.9444
-2.05556
37.5
65.1111
67.1667
43.8333
7.16667
-22.6667
-29.0556
-21.6111
-10.7778
-11.1667
-4.66667
3.44444
16.2778
16.8889
18.4444
19.5
20
10.4444
-9.11111
-32.1667
-53.0556
-63.1667
-59.1111
-35.0556
1
38
55.6667
-49.1667
-57.3889
-42.2222
-8.5
29.5
57.3333
65.1667
47.7222
13.3333
-18.8889
-28.6667
-18.8333
-7.83333
-6.16667
-14.2222
-8
2.61111
17.3333
14.8333
11
10.8333
17.3333
19.5
8.83333
-10.6111
-31.7222
-47.2778
-54.1111
-45.9444
-20
16.6667
42.8333
-44.4444
-42.3889
-21.2222
11.1111
36.1111
47
41.1667
22.7778
-3.11111
-18.7778
-18
-6.16667
-1.55556
-2.33333
-3.77778
2.5
5.83333
5.94444
1.05556
-0.388889
2.27778
8.16667
12.1667
8.83333
0.5
-10.5556
-17.1667
-22.2778
-20.2222
-12.9444
1.38889
12.3889
-15.3889
-13.5556
-5.05556
4
8.22222
7.83333
4.27778
2.5
1.72222
1.72222
1.33333
-1.27778
0.444444
6
14.6667
10.8333
-0.611111
-14.5556
-13.2778
-8
-1
-1.88889
-3.38889
-3.27778
1.61111
9.5
17.6667
24.5
24.0556
13.5556
-7.22222
-22.8889
23.8333
22.3333
6.72222
-13.6667
-31.5
-39.7222
-36.8333
-19.2778
6.22222
22.9444
21.6667
7.44444
2
4.83333
14
6.38889
-4.27778
-21.0556
-19.3889
-14.6667
-4.72222
-5.61111
-7.88889
-3.83333
10.8889
31.1111
47.6667
55.5556
46.6667
18.5
-20.7778
-47.5
45.3889
46.8889
25.7778
-10.5
-45.6667
-66.4444
-67.7778
-45.7778
-10.7222
21.3333
31.4444
23.0556
11.9444
4.33333
2.66667
-7.77778
-14.4444
-24.0556
-20.5556
-15.7222
-5.16667
-1.33333
2.44444
11.4444
30.8333
53.9444
66.1111
60.8889
33.1667
-4.72222
-40.5
-55.1111
42.8333
54.8333
46.6667
18.5556
-22.3333
-58.1667
-76.1111
-69.6667
-43.7222
-9.05556
19.7222
31.5556
26.0556
8.94444
-6.55556
-16.1667
-16.4444
-17.1667
-17.8333
-16.6667
-7.5
5.88889
21
37.5556
54.6111
65.6667
59.1111
32.6111
-6.05556
-38.1667
-50.8889
-44.7778
26.7222
43.8333
54
46.6667
19.2222
-19.9444
-55.7222
-73.4444
-72.3889
-48.6111
-15.5
20.3889
35.4444
29.6667
8.11111
-7.72222
-15.1667
-13.9444
-17.1667
-15.5556
-9.38889
10.3889
34.2778
55.1111
64.2222
55.3889
28.2778
-9
-40.3333
-51.3333
-42.3333
-25.3889
11.0556
23.7778
40
50.0556
45.4444
21.3333
-13.8333
-49.0556
-70.9444
-72.6111
-51.3889
-13.8889
20
35.8889
27.1111
12.7778
-0.611111
-5.16667
-11.6667
-13.3889
-5.72222
16.8333
44.1111
58.4444
50
20.5
-15.1111
-42.1667
-50
-40.8889
-23.0556
-8.44444
1.83333
6.77778
19.1667
34
46.7778
45.6667
26.9444
-5.16667
-40.7222
-63.7222
-69.1111
-48.3333
-15.2222
16.3889
27.3889
21.1111
8.27778
0.611111
-1.27778
3.94444
16.1111
35
48.1667
42.7778
15.7222
-19.5556
-43.7222
-49
-38.3889
-22.5556
-7.83333
0.777778
-1.33333
-0.555556
5.16667
16.5556
32
45.3889
47.8333
33.7778
5.72222
-29.2778
-57.2222
-69
-56.1667
-28.2222
1.44444
13.3889
13.3333
9.94444
20.7778
35.7222
50.2222
50.3333
36.7778
8.33333
-23.7222
-46
-49
-37.1111
-20.8889
-9.11111
-2.27778
1.11111
0.0555556
-0.277778
1.11111
6.61111
16.3333
30.8889
43.8333
49.6111
39.4444
13.2778
-23.7222
-57.5
-72.8889
-63.8333
-36.5
-10.5
8.66667
25.8333
47.6667
66.7778
64.5
41.1667
2.72222
-28.8333
-46.8889
-46.2222
-34.6111
-19.5556
-8.5
-2.5
-0.555556
0.277778
2.22222
1.72222
1.5
3.22222
6.55556
14.5556
26.5556
39.7222
48.3889
40.7778
16.3889
-22.7778
-56.4444
-69.9444
-56.5556
-26.4444
7
39.1667
62.8333
67.2778
44.2222
4.05556
-32.6111
-49.3889
-45.7222
-31.0556
-16.8333
-7.33333
-2.16667
0.444444
-0.277778
-1.72222
2.66667
2.05556
1.77778
1.61111
2.33333
5.05556
12.2222
23.0556
37.0556
46.6667
43.3333
20.7778
-15.6111
-47.5
-56.4444
-34.1667
5.16667
42.8333
54.2222
38.8333
0.888889
-32.6667
-50.1111
-44.6667
-28.2778
-12.1111
-2.94444
0.0555556
1.05556
1.22222
-0.111111
-1.83333
1.5
1.83333
2.27778
2.72222
3.22222
4.05556
6.66667
11.5
21.4444
34.6111
46.1111
44.2778
24.1667
-7.55556
-30.4444
-29.5
-8.44444
14.6111
19.8889
5.44444
-20.3333
-38.1111
-39.0556
-26.5556
-11.3333
-2.11111
1.44444
1.33333
0.944444
0.166667
-1.11111
-2.38889
1.72222
3.44444
4.05556
4.61111
5.05556
5.5
6.33333
7.83333
11.2222
20.1667
32.9444
44
43
22.8333
-5.55556
-32
-39.3889
-27.2222
-9.11111
3.33333
-6.38889
-16.5556
-20.8889
-12.1111
-3.38889
0.5
1.38889
0.833333
0.277778
-0.5
-0.944444
-1.27778
3.77778
5.77778
6
6.77778
7.11111
7.44444
6.05556
5.11111
4.66667
7.83333
15.5
27.1667
38.1111
30.8333
2.05556
-42.8333
-69.6667
-55.7222
-14.1667
25.3333
26.9444
12.2222
-3.27778
-3.72222
-1.11111
-0.0555556
-0.166667
-0.222222
-0.388889
-0.5
-0.611111
-0.833333
5.66667
5.88889
4.88889
4.77778
4.55556
4.27778
3.5
3.33333
3.16667
3.83333
6.05556
12.4444
22.3889
15.3889
-12.6667
-56.8889
-73.1111
-44
8.66667
48.2222
43.6667
23
3
-1.33333
-1
-0.888889
-0.5
-0.277778
-0.166667
-0.333333
-0.277778
-0.666667
5.72222
4.27778
2.11111
1.22222
1.05556
1.22222
1.38889
2.33333
3.22222
3.05556
2.5
3.72222
7.72222
-3.38889
-25.8889
-51.1111
-45.6111
-12.6111
23.7778
42.7778
33.7778
18.2778
4.22222
0.0555556
-0.444444
-0.833333
-0.833333
-0.611111
-0.444444
-0.666667
-1.27778
-2.33333
-15.1
-13.28
-10.98
-8.52
-7.72
-10.44
-15.76
-25.12
-37.06
-49.98
-57.06
-55.66
-45.46
-26.86
-0.32
25.24
45.5
57.24
60.74
62.26
67.98
71.16
73.46
75.18
64.06
36.2
12.34
-7.7
-13.58
-12.04
-9.9
-8.86
-10.96
-17.18
-26.66
-38.64
-50.32
-57.7
-57.82
-50.5
-37.72
-20
0.38
20.32
38.02
52.08
60.22
65.42
71
70.74
66.04
60.2
47.4
22.66
3.42
-10.06
-9.36
-7.2
-5.94
-8.6
-15.38
-25.9
-38.48
-50.48
-55.36
-50.74
-40.18
-26.96
-13.36
-4.06
-0.94
4.06
14.32
26.76
39.9
54.24
66.2
67.14
60.44
50.98
36.42
14.08
-1.3
-10.32
0.48
0.42
-3.32
-11.82
-23.66
-36.9
-48.78
-53
-46
-29.5
-9.06
9.04
15.9
10.72
-2.58
-14.7
-17.9
-8.1
9.12
30.2
49.82
57.94
54.44
45.66
32.38
14.2
2.24
-3.76
3.36
-1.84
-10.66
-22.98
-36.58
-48.2
-51.72
-43.92
-25.74
0.36
26.8
42.02
39.8
23.62
-2.92
-29.16
-43.74
-41.64
-26.6
-3.3
21.36
38.94
46.22
45.26
38.52
27.86
17.94
10.98
-2.88
-11.46
-23.1
-36.16
-47.5
-50.06
-41.36
-21.82
5.48
36.82
58.7
64.8
54.12
30.24
-4.98
-38
-59.62
-66.44
-59.68
-39.12
-12.26
12.96
32.24
44.22
47.72
44.4
37.2
28.68
-12.3
-23.48
-35.82
-46.12
-48.08
-39.12
-19.26
9.06
40.46
64.4
75.7
72.54
54.84
26.88
-5.72
-37.32
-61.8
-75.14
-77.48
-66.56
-44.24
-17.02
9.84
33.6
49.5
55.92
54.08
46.68
-25.9
-38.16
-47.58
-48.24
-38.18
-18.2
10
41.1
62.58
71.58
69.64
57.24
35.9
15.8
-2.78
-22.86
-43.06
-58.82
-70.48
-74.04
-65.82
-45.86
-19
9.76
35.46
53.62
61.36
59.6
-43.76
-51.76
-50.38
-37.9
-15.34
12.8
42.4
61.66
67.4
61.36
45.98
25.9
12.04
5.14
0.02
-4.84
-13.38
-29.68
-48.88
-63.76
-71.12
-66.38
-47.84
-21
8.48
35.82
55.06
63.1
-56.96
-54.42
-39.88
-15.56
15.96
45.68
64.46
68.48
59.42
39.6
15.78
-0.44
-6.5
-3.56
3.74
11.3
9.3
-1.78
-20.88
-42.74
-62.46
-71.66
-68.68
-53.66
-27.56
3.94
33.14
54.3
-61.96
-47.7
-21.24
12.22
46.94
67.4
71.54
61.12
39.58
12.16
-7.5
-15.86
-15.44
-6.16
7.36
19.1
21.54
16.48
2.9
-18.42
-43.68
-63.16
-73.68
-72.26
-54.88
-24.86
9.34
39.86
-62.64
-39.12
-3.6
33.86
62.96
74.68
67.46
45.08
16.28
-7.14
-21.42
-24.62
-18.56
-5.08
7.88
20.64
26.84
26.26
17.66
1.5
-22.1
-45.96
-63.86
-71.96
-64.8
-42.78
-10.72
21.36
-54.18
-28.18
7.06
39.4
60.96
65.74
52.62
27.52
3.3
-14.16
-23.7
-22.72
-14.3
-3.86
5.62
15.9
21.44
22.8
19.6
10.16
-6.08
-24.68
-41.64
-52.5
-52.02
-39.74
-17.94
6.28
-34.28
-15.08
6.94
25.92
38.66
39.4
28.1
14.08
1.08
-9.36
-12.56
-9.1
-5.34
-2.22
1.3
3.96
4.82
6.94
10.32
8.96
3.8
-2.62
-10.5
-18.26
-19.84
-16.4
-9.36
-1.1
-12.26
-8.76
-5.14
-1.44
0.68
2.2
2.8
2.5
3.24
4.64
5.4
3.58
1.9
-3.84
-9.48
-13.32
-11.72
-8.98
-1.38
6.1
12.98
17.52
21.96
24.46
23.4
17.74
8.84
-2.18
9.08
-4.88
-20.36
-33.06
-41.2
-36.98
-24.16
-10.06
3.72
14.46
16.82
11.44
4.92
-5.88
-14.76
-20.34
-19.94
-17.44
-7.28
5.88
21.38
36.8
51.62
59.38
56
40.82
16.92
-10.08
33.08
7.42
-24.84
-52.9
-70.04
-70.16
-53.78
-27.44
-1.54
16.36
24.32
22.16
12.04
-4.36
-16.78
-25.48
-28.92
-25.4
-9.76
9.88
32.46
56.46
74.86
80.26
70.86
47.3
12.8
-22.02
52.84
26.14
-12.3
-50.86
-78.4
-87.12
-76.64
-50.56
-18.76
7.02
22.38
25.32
17
-1
-16.86
-28.62
-30.86
-23.38
-2.88
22.94
50.58
73.16
85.84
82.8
64.02
32.98
-3.94
-37.1
62.86
42.82
10.46
-27.38
-63.2
-83.32
-84.94
-70.46
-45.22
-15.8
5.36
15.02
13.06
2.36
-10.1
-17.86
-15.84
-4
16.34
41.74
64.82
77.48
77.84
64.06
36.34
2.9
-28.4
-51.4
63.04
54.88
34.52
4.52
-29.68
-59.68
-77.14
-77.98
-66.3
-45.18
-21.02
-1.68
6.08
7.34
5.32
4
7.18
19.22
36.46
54.24
65.48
65.82
53.16
28.34
-2.8
-30.62
-50.44
-59.58
55.68
59.62
53.24
35.26
8.54
-22.5
-51.6
-68.68
-72.2
-63.82
-46.74
-25.02
-8.48
3.44
12.14
19.72
28.8
41.88
52.74
59.22
57.56
44
20.02
-7.62
-33.5
-51.2
-57.98
-54.84
42.6
53.64
59.68
55.74
40.34
16.12
-13.7
-43.2
-64.14
-72.12
-68.2
-54.84
-32.7
-6.8
16.2
36.2
55.76
66.9
66.02
57.62
40.9
13.78
-14.3
-37.26
-53.24
-58.98
-54.26
-43.94
27.96
40.24
52.7
60.76
59.04
46.46
24.16
-5.74
-37.44
-61.1
-72.04
-68.42
-49.36
-16.96
17.74
48.46
69.32
75.68
63.44
40.28
10.22
-19.74
-43.84
-56.84
-60.2
-54.12
-42.48
-29.44
17.14
27.28
39.88
52.44
61.32
61.16
50.34
28.46
-0.68
-31.68
-53.88
-62.04
-52.54
-26.02
8.76
39.64
59.26
62.62
44.42
14.28
-16.92
-42.38
-58.54
-60.28
-52.16
-39.88
-26.94
-15.42
11.68
18.34
27.88
39.72
51.62
60.32
61.46
51.12
30.68
2.48
-27.16
-49.32
-53.72
-37.86
-10.26
18.82
40.94
46
26.42
-2.3
-28.62
-47.64
-55.66
-48.42
-35.06
-22.92
-13.24
-6.18
9.76
13.78
19.52
28.46
39.46
50.4
59
59.84
50.04
28.16
-0.66
-29.42
-47.08
-44.76
-25.84
-1.1
19.74
28.3
14.34
-8.72
-29.12
-41.34
-44.06
-34.28
-21.52
-12.14
-6.34
-3.12
9.6
12.04
14.46
19.42
27.54
37.62
47.98
56.1
57.76
44.36
20.42
-7.96
-35.68
-48.92
-40.56
-22.82
-4.86
11.34
6.9
-8.28
-21.38
-28.02
-30.66
-21.8
-11.3
-5.02
-2.24
-0.98
10.7
11.54
11.72
13.44
17.24
23.62
32.52
42.18
50
44.46
26.44
-1.02
-32.28
-53.64
-53.2
-39.2
-16.82
7.62
12.26
5.1
-2.58
-9.86
-15.74
-10.62
-3.96
-1.24
-0.68
-0.94