-1.625
-0.125
1
1.25
1.125
0.375
-0.875
-1.625
-2.625
-3.125
-2.875
-2.25
-0.875
0.875
3.25
6.5
10.25
13.375
14.125
12.625
8.375
3.375
0.375
-1.375
-1
0.25
1.25
2.25
2.375
2
1.375
0.625
-0.125
-0.625
-1.625
-0.125
0.375
0.125
-1
-2.375
-2.125
-2.25
-2.875
-3
-3.5
-2.625
-0.375
1.75
4.375
9.125
15.625
21.125
22.75
19.625
12.75
5.625
1.375
-0.375
0
0.875
2
2.625
2.25
2.125
1.625
1
0.5
0.125
-0.75
-0.75
-1.125
-1.875
-3.125
-3.625
-1.5
0.125
1.625
2.375
1.25
0.625
-0.125
-0.5
0.125
4
10.5
15.5
18.125
16.25
11.75
8
4.75
3.5
2.625
2
2.375
2.25
2.125
2.125
2
1.375
0.875
0.375
-2.375
-2.75
-2.5
-2.375
-2.625
-2.25
-1.25
-0.125
1.125
1.75
1.625
1.5
1.25
1.5
2.625
4.625
6.5
7.25
8.25
9
10.25
11.5
10.375
8.5
5.375
3.125
2.5
2.125
2.5
2.5
2.125
1.25
0.375
-0.5
-2
-1.875
-1.25
-0.75
-0.5
-0.625
-2.125
-3.25
-3.625
-2.25
1.375
5.375
10.75
15.25
18.625
19.125
14.75
10.5
8.875
11.25
16.5
20.5
20.875
18.5
15.125
12
9.75
7.5
5.75
4.125
2.25
1
0.25
-0.375
0.625
0.5
0.875
1.125
1.375
1.375
0.125
-0.25
1.75
6.5
12.75
18.75
26
32.75
38.75
42.25
40.75
38.625
38.375
40.375
43
43.75
41.875
37.625
32.25
26
19.25
13.5
9
5.375
2.625
0.75
0
-0.125
1.875
1.625
1.375
1.125
1.375
2.5
4.75
9.25
16.75
24.375
31.125
37.25
43.875
51.5
59.125
64.75
66.75
67.375
68.25
69
69
68.25
65
57.75
47.5
35.5
23.625
15.375
9.75
5.5
2.75
0.75
-0.375
-0.75
1.5
1.125
0.125
-0.5
0.125
3
8.75
17.125
27.625
36
45
54.25
59.75
63
61.875
56.25
50.5
47.375
46.5
48.375
52.25
57.625
61.5
57.75
48.25
35.25
21.875
13.875
9.625
6.875
4.625
2.875
1.375
0.125
1.125
0.125
-0.5
-0.125
1.875
7
14.375
24.25
34.625
43.25
51.25
55.625
52.25
44.625
33.75
22
15.25
12.25
11
12.5
16.25
20.75
24.5
24.375
21
16
11.5
9.75
9.625
9.5
8.375
6.375
4.25
2.125
1.5
1.375
2.375
4.875
9.375
15.875
24.125
34
40
44.125
42.875
34.75
25
14.75
7.25
3.25
2.375
1.875
1.25
1.25
0.625
-4.25
-12.5
-16.5
-15.375
-8.875
1.25
7.625
9.875
10.25
9.625
7.75
5.375
3
1.125
2.75
5.625
10.625
17.375
24.5
32.75
38.5
37.75
33.25
22
8.375
-1
-7.125
-8.125
-5.875
-3
-1.125
-0.125
-1.375
-7.5
-19.75
-33.25
-37.875
-32.875
-19
-3.25
5.875
10
10.75
10.375
8.75
6
3.625
0.5
2.375
6.25
12.375
19.75
27.375
33.5
33.375
27.125
14.5
-4.375
-21.125
-33.125
-38.75
-36.375
-29.125
-19.75
-11.75
-7.875
-12.125
-23.75
-37.625
-46.875
-46.375
-37.75
-24.125
-11
1
11.75
18.375
21.125
18.625
12.75
7.625
0.375
1.625
4.75
9.625
16.25
23.125
26.75
23.25
11.875
-7.375
-29.125
-45.25
-55.75
-58.75
-55.25
-47.625
-36.625
-26.875
-23.875
-30.125
-40.625
-48.625
-47.875
-41.75
-32.875
-24.5
-15.75
-0.625
17.125
32
38.375
35
24.375
14
-0.375
0.875
2.75
6.375
12.5
17.625
19.125
13.125
-2.375
-22.25
-33
-34
-28.625
-22
-23.375
-27.875
-31.625
-34.5
-39.25
-45.25
-48.25
-42.875
-29.25
-16.5
-8.875
-7.25
-4.125
5.25
20.875
36.375
41.75
39.25
28.75
16.875
-1
0.875
3.125
7.375
13.5
16.375
15
6.625
-8.875
-19.375
-14
0.75
21.625
34.25
26.125
7.625
-15.125
-34.75
-46.25
-48.75
-41.75
-25.625
-6.875
9.125
15.5
13.125
11.875
11.5
16.375
24.375
27.75
27.625
23.625
16.375
-0.875
1.25
4.25
9
13.5
14.375
11.375
3.875
-6
-6.375
1.875
15.125
31.625
38.5
30.25
11.625
-11.375
-31.125
-39.375
-36.125
-23.75
-9.375
3.625
15.375
20.75
20.75
18.75
14.125
9.75
10.375
13.875
16
18.125
16.125
-0.125
1.125
3.5
6.875
8.75
9.25
7.375
4.625
2.125
2.125
2.125
1.375
0.75
-2.125
-6
-11.875
-17.875
-21.25
-20.25
-15
-6.75
0.375
7.125
15.625
22.5
25.375
22.75
15.625
7.5
5.25
8.75
12
15.625
15.5
1.75
1.5
2.625
4.125
4.5
5.375
5.25
6.5
10
8.125
-0.25
-14
-31.25
-43
-43.375
-36.625
-25.625
-13.375
-5.5
-1.25
1.625
5.5
12
22
29.625
30.625
24.75
14.25
5.625
3.375
6.375
9.625
12.5
13.25
2.875
2
2
2.375
2.125
3
3.375
5.125
10.25
9.375
0
-15.5
-36.375
-49.625
-48.875
-39.625
-25.125
-11.25
-3.25
1.125
4.625
10.125
19.125
27.875
31.375
28
18.75
8.875
2.5
0.875
3.125
5.5
7.75
9.625
0.625
0.625
0.25
-0.125
-0.75
-0.875
-0.75
-0.375
-0.75
-2.625
-4
-8.75
-13.875
-16.5
-18
-15.625
-11.25
-7.125
-4.25
-0.125
6
14.75
23.625
27.25
25.375
18.125
8.875
3.125
0
-1
0.125
1.375
2.875
4.375
-2.75
-2.375
-2.875
-4.125
-4.625
-5.875
-5.875
-7.125
-12.25
-13.375
-9.25
-3.875
5.25
10.75
9.25
6.375
1.875
-2.5
-3.375
0.25
7.25
16.25
20.625
19.25
14.875
7.5
1.875
-0.375
-1.625
-2.375
-2.5
-2.375
-2.125
-2
-2.5
-3.375
-5.125
-7.75
-8.375
-9.5
-9
-10
-13.125
-11.875
-11.5
-7.375
0
4.625
8.375
8.375
5
1.375
2.25
6.125
10.75
13.875
11.125
6.625
2.875
-0.875
-2
-2.25
-2.375
-2.875
-4.125
-5.625
-6.875
-7.375
0.875
-1.125
-4.875
-9.625
-12.25
-13
-11.375
-8.875
-8.25
-9.125
-13.25
-15
-14
-10.625
-4.125
0.25
4.5
10.25
17.25
20.875
18
9.75
-1
-9.5
-13.125
-12.5
-9.5
-5.25
-1.125
-1.25
-4.625
-8.25
-11.375
-11.625
2.75
0.125
-4.625
-11.375
-17.5
-19
-17.5
-12.875
-9.25
-10.875
-15
-18.625
-21.625
-20.75
-16.125
-8.875
4.75
20.875
33.5
37.125
27
7
-12.25
-29.625
-37
-31.375
-21.625
-7.875
2.375
1.625
-5.25
-11.375
-16.375
-15.5
1.875
-0.875
-5.5
-12.25
-20
-24.25
-27.25
-26.375
-20.125
-15.25
-13.125
-13.375
-17.875
-21.375
-16.875
-3.375
15.5
33.375
44.125
45
35.125
15
-7.75
-29
-38.375
-29.25
-11.625
5.125
12
5.75
-6.5
-15.125
-19.125
-16.25
-1.125
-2.75
-6.375
-11.375
-18.875
-27.625
-36.625
-40
-31.625
-18.25
-5
1.875
1.125
0.125
8.5
25.375
39
46.125
45.125
40.125
36.875
32.625
23.5
14.875
11.25
17.125
27.75
30
21.5
5.25
-11
-19.375
-18.625
-13.375
-3.875
-4
-5.625
-9.75
-17.75
-28.25
-37
-39
-30
-14.875
1.5
12.875
20.125
29
40.375
50.125
50.5
42.5
31
24.75
27.25
36.375
45.625
52
55.375
54.5
47.75
33
12.125
-8.5
-22
-25.625
-19.375
-11.625
-2.875
-2.375
-2.625
-6.25
-13.375
-21.375
-26.25
-26.25
-20.375
-11.125
-1.5
10.25
24.5
39.375
48.75
48
37.375
22.125
11
7.625
10.75
19.125
29.75
37.5
41
37.875
25.875
7.75
-12.375
-28.125
-34.5
-30.75
-20.875
-11.875
-1.125
-1
-0.75
-2.5
-6.875
-12.625
-16.5
-18.25
-16.5
-12.5
-5.375
8.375
23.75
36
38.875
30.625
17.75
5.875
-0.25
-1.5
0.25
3.5
7
9.5
9.75
4.875
-7
-22.375
-35.75
-41.75
-38.125
-28
-17.75
-10
-1.375
-1.625
-1.375
-1.375
-3.25
-7.125
-11.5
-15
-15.875
-14.25
-5.375
6.875
16.875
23.25
20.75
12.75
5.875
1.5
-1
-1.5
-1.125
-0.875
-1.625
-3.375
-8.375
-19.625
-33
-43.875
-48.125
-42.25
-30.125
-18.5
-10.375
-5.125
-1.125
-1.25
-1.625
-1.5
-1.75
-3.375
-6.75
-9.875
-12.25
-12.75
-9.75
-9.625
-10.25
-11.5
-13.875
-12.375
-9.625
-6.875
-5.375
-5.25
-6.25
-10
-17.125
-25.75
-37.375
-48.125
-52.875
-51.875
-44.125
-31.375
-18.75
-9.5
-3.625
-0.25
0.125
0.25
0
-0.375
-0.25
-0.625
-1.625
-3
-5
-7.25
-14.375
-25.625
-37.375
-48.25
-52.75
-51.125
-47.875
-44.625
-42.625
-42.5
-43.75
-47.75
-53.75
-59.625
-64
-62.25
-54.375
-42.875
-29.75
-18.625
-10.5
-4.875
-1.625
0.125
0.25
0.5
1
1.125
1.25
1.625
1.625
0.875
-0.625
-4.125
-13.375
-24.5
-38.5
-53
-62.625
-70.25
-74.375
-76.25
-77.5
-78.5
-79.5
-78.375
-74.375
-68.375
-59.5
-48.75
-37.125
-25
-14.125
-7.125
-3.875
-2.5
-2.625
-2.875
-0.125
-0.25
-0.125
0.25
0.5
1.125
0.875
-0.5
-2.375
-5.25
-9.625
-15.125
-23.125
-32.625
-41.375
-48.75
-53.125
-55.25
-56
-56.125
-56.375
-54.5
-50.125
-44.25
-36.125
-27
-18.125
-9.625
-3
0.125
0.5
-0.375
-1.5
-2.25
-1.625
-2.125
1.25
4.25
4.125
1.625
-0.875
0.125
3.875
4.625
1.625
-1
-1.375
-0.625
-1
-1.75
0
1.625
-1.875
-6.875
-6.625
-3.375
-1.375
-1.125
-0.75
1
0.75
-1.25
-2.375
-2.75
-2.125
-0.375
1.125
1.625
-0.625
-0.875
1.125
2.625
3
1.625
-0.375
0.75
4.125
4.75
1.75
-1.125
-1.375
0.25
1.125
2.625
6.625
6.125
-3.25
-12.125
-12.25
-7.625
-3.625
-1.375
0.75
2.625
1.25
-1.375
-2.75
-3.375
-2.875
-1
0.75
1.375
0
0.5
1.875
1.875
1.625
1.375
1.25
2.125
3.125
3.375
1.75
-0.625
-0.875
1
2.875
6.75
13.5
11.5
-3.875
-16.75
-16.75
-11
-6.25
-2.75
0.625
2.75
1.375
-0.75
-2.125
-3.625
-3.5
-1.625
-0.125
0.625
0.625
1.5
1.75
0.875
0.875
1
2
3.625
3.375
3
2.375
0.75
0.75
2.75
5.125
10.625
17.75
12.75
-5.5
-18.5
-18
-12.75
-9.125
-5.25
-0.125
2.375
1.25
-0.375
-2.5
-4.5
-4.125
-2.25
-0.875
0
0.75
1.375
1.5
1
0.75
0.625
2.125
4
3.875
4.75
5.625
3.875
3.25
5.25
6.875
10.875
16
10.25
-4.625
-14
-14.75
-12.75
-10.875
-7.5
-2.625
-0.5
-1
-1.75
-4
-6.125
-5.25
-3
-1.5
-0.375
0.375
1.5
2.125
1.875
0.875
0.375
2.125
4.75
7.25
10.5
10
5.25
6
12.25
14
13.75
14.75
8.625
-3.125
-10.875
-13.75
-14.5
-14.375
-12.625
-9.5
-7.25
-5.25
-4.25
-6.25
-8.375
-7.125
-4.25
-2.25
-0.625
0.875
1.375
1.625
1.625
1.375
1.5
3.25
7.25
13.25
17.625
15.625
11.5
15.375
21.75
17.875
11.5
8.75
3.625
-1.75
-5
-9.25
-13.25
-16
-19.5
-20.75
-17.25
-12.125
-9.625
-10.75
-11.5
-9
-5.5
-2.875
-0.75
0.25
0.625
1.125
1.75
2.375
4.25
8
13.375
21.875
27.5
23.75
18.75
20.25
21.5
14.625
7.25
4.75
2.625
0.5
-2.125
-7
-10.625
-13
-22.5
-33.75
-31.5
-20.375
-13.875
-13.625
-13.875
-11.125
-7.375
-4.125
-1.125
-0.375
0.125
0.75
2.125
4.625
9.5
15.875
23.25
32.875
35.75
27
18.625
17.75
17.875
12.25
6
3.5
2
0.75
-1.5
-5.75
-9.25
-15.25
-30.375
-42.5
-37
-23.75
-16.25
-14.875
-15
-13.125
-9.875
-6
-2.125
-0.5
0.375
1.375
3.875
9.125
16.625
24.625
33.25
40
36.625
25.875
18.5
15
10.5
4.25
0
-1.125
-0.375
1.25
1.25
-2.625
-10.25
-21.25
-35
-41.625
-33.875
-22.25
-16.375
-15.375
-15.75
-14.625
-12
-8.125
-4
-0.625
1
3.875
8.875
15.625
23.75
32.75
40.25
41.25
32.5
19.5
9.375
3.25
0.625
1.125
1.875
1.25
1.125
1.625
-0.625
-8.75
-20.25
-29.75
-33.875
-31.125
-23
-15
-11.625
-12.25
-15
-16.625
-15
-11
-6.375
-0.5
2.375
8
15.375
23
31.125
39.25
42.875
34.875
18.25
2.375
-8.125
-8.125
-0.5
6.375
9.125
8.5
6.5
2.375
-6.625
-20.25
-33.375
-39.875
-32.875
-16.75
-6.125
-3.75
-2.5
-2.5
-9.625
-18.375
-20.375
-17
-11.375
-0.375
4.125
12.5
21.625
30.25
38.375
44
39.75
20.125
-2.875
-16.125
-18
-10.75
-1
8.5
15.875
17.625
12.625
0.875
-15.625
-32.125
-42.125
-39.375
-23.25
-6.125
2.5
6.75
11.625
12.125
-0.75
-19.375
-28.25
-26.625
-19.25
-0.375
5.625
16.75
27.625
37.5
45.125
45.125
30.375
1.125
-23.5
-26
-13.75
-4.125
-0.5
4.375
12.875
18.875
13.5
-3.75
-24.75
-39
-38.375
-25.25
-10.25
-1.875
2.75
12.875
26.25
28.625
10.125
-19.25
-37
-37.5
-28.125
-0.25
7.625
20.875
32.625
43.75
49.875
42.5
18.625
-17.125
-38.375
-25
-0.25
7.125
1.25
-4.375
-1.875
7.875
8.75
-7.75
-29
-35.75
-24.125
-8.125
0.375
0
0.125
14.125
36.25
42.125
20.125
-16.75
-42.875
-47.375
-36.875
0.375
9.75
24.25
36.75
49
52.625
38.125
7.875
-30.75
-46.625
-16.875
19.125
20.875
2
-16.75
-22.375
-9.875
-0.625
-10.625
-26.375
-25.5
-7.625
7.625
10.125
2.75
-3
11
37.875
46.5
25.875
-12.125
-44.25
-53.375
-43.125
1.625
11.625
26.75
40.875
53.5
53
32.875
1.125
-36.625
-49.375
-10.625
30.125
27
0.875
-26.5
-37.875
-23.125
-7
-10.25
-21
-15.25
6.375
20.125
19.875
9.5
-5.625
1.25
30.625
44.25
28.25
-6.25
-41
-55.125
-46.5
2.75
12.5
27.875
44.375
56.5
51.625
29.25
-0.5
-34.5
-46.875
-15.5
18.75
18.25
-3.25
-27.625
-37.625
-22.875
-4.875
-5.5
-15
-7.875
14.5
27.75
29.25
17.375
-8.125
-10.5
20
39.875
29.125
-0.625
-35.625
-54.5
-48
3.625
12.5
27.5
46.125
58.125
50.75
28.125
0.875
-30.25
-47.375
-27.25
2.5
5.875
-9.125
-24.625
-27.625
-13.125
1.75
-0.75
-11.125
-3.375
20.875
36.625
38.375
20.625
-14.25
-22.25
10.375
36.25
30.125
3.625
-31.5
-53.5
-48.375
4.125
12.625
27
46.125
58.25
50.375
28.25
2.375
-28.75
-50.375
-34.75
-6
-3.375
-15.25
-22.25
-18.375
-3.75
7.625
2.5
-8.375
1.5
29.5
46.375
43.25
18.125
-22.625
-32.625
3.125
34
31
6.125
-28.875
-52.375
-48.125
3.75
12.125
26.375
45.125
57.625
50.625
28.625
1.875
-30.25
-50.375
-34.5
-9.875
-8.75
-16.25
-18.5
-14.875
-2.875
8.5
5.625
-2.75
8.75
37.5
52.375
42.5
11.375
-30
-38.625
-0.875
32.875
31.375
6.75
-28.125
-51.625
-47.25
3.25
11.125
24.875
42.5
56.125
51.5
29.75
1.25
-34.375
-53.375
-30.75
-4.625
-5.75
-12.375
-15.625
-16.625
-7
7.375
10
3.625
12.75
40.125
53.125
37.875
4.875
-33.875
-40.75
-2
32.875
31.375
5.625
-29.625
-51.875
-46.125
2.375
9.375
21.875
37.625
53
53
32.875
2.375
-37.75
-57.375
-29
0.75
-0.5
-7.875
-12.875
-16.75
-7.25
11.5
17.5
7.625
8.25
32
47.25
31.75
-1.375
-34
-35.25
2.5
34.375
30
0.875
-33.75
-52.125
-44.625
1.25
6.375
16.875
31.375
48
53.25
37.25
5.125
-37.75
-57.125
-31.5
-4.125
-0.125
-3
-7.375
-10.375
2.25
23.875
26.75
8.125
-2
13.25
29
20.875
-4
-26.125
-21.375
12.375
37.125
25.875
-8
-39.875
-52.125
-41.75
0.125
2.625
11
24.5
42
50.75
37.5
6.625
-32.125
-50.75
-32.625
-9.875
-2.375
-0.875
-0.125
5.125
21
36.375
30.625
5
-13.125
-6.5
6.75
7
-3.625
-12.5
-2.625
22.625
33.75
14.5
-20.5
-46.125
-50.125
-36.75
-0.375
0
5.875
17.625
33.625
43.125
33.875
9
-21.125
-37.25
-27.25
-11.625
-4.875
0.625
10.25
23.125
36
40.875
27.875
1.375
-17.875
-17.625
-7.75
-2.625
-4.25
-2.125
10.75
24.75
22.75
-1.75
-33.75
-49.875
-45.125
-29.875
0.125
-1
1.875
11
24.5
33.75
28.5
10.75
-9
-19.625
-17.25
-11.375
-3.875
8.75
22.625
34.625
40.75
36
20
-0.75
-15.25
-19.125
-15.625
-8.75
-2.125
5.5
15
17.5
4.125
-21.25
-43.5
-48.375
-37.125
-21.625
0.625
-0.875
-0.125
6
16.375
23.375
20.5
11.5
3.125
-2.875
-6
-4.5
6
20.875
31
36.75
34.375
22.125
9.25
-0.375
-7.75
-11.875
-12.25
-7.75
-0.75
5.625
8.625
-0.25
-19.625
-37.375
-46
-41.5
-26.875
-13.375
1.375
0.5
-0.75
2.25
8.875
13.875
15.25
14.25
11.25
6.75
5.125
10.875
21.5
30.25
32.625
28.875
19.75
9.375
3.5
0.75
-2
-4
-3.75
-2.25
-1.5
-3.125
-10
-22.625
-35.25
-42
-40.625
-31
-17
-7
1.125
1.375
-0.375
0.125
4
8.375
11.75
13.75
13.375
10.75
13.125
24.375
35.125
37.5
30
18.25
9.125
3.5
1.25
0.75
-0.125
-0.875
-1.375
-2.875
-7.125
-15.125
-24.75
-33.875
-39.625
-38
-30.125
-19.75
-9.375
-2.875
0.125
1.25
0.375
-0.25
1.5
4.375
8
11.625
13
12.25
17
29.375
38.25
37.5
27.375
15.375
8.125
3.625
1.375
0.75
-0.25
-3.75
-9.625
-12.25
-13.125
-20.125
-30.625
-36.625
-34.625
-26.875
-18.25
-10.5
-3.875
-0.25
-0.125
1
0.75
0.125
0.75
2.375
5.375
9.5
12
11.5
15.625
26.375
31.875
29.25
21.75
13.125
7.375
3.875
1.375
-0.5
-1.5
-4.25
-10.5
-13.875
-15
-23
-31.875
-30.875
-23
-15.125
-9.5
-5.125
-1.375
0.875
-0.25
0.75
1
0.625
1
2.125
3.875
6.625
9.375
9.375
10.375
15
19.25
21.5
18.625
13.25
9.375
5.25
1.25
-1.5
-3
-6.125
-12.625
-15.625
-15.5
-19.5
-21.375
-17.25
-12.125
-7.875
-5.125
-3
-0.625
1.125
-0.125
0.25
0.625
0.75
1.25
2.375
3.875
5.5
6.875
6.5
4.125
3.125
6.875
12.375
13.125
11
9.125
6
2
-1.375
-3.625
-7
-12.125
-12.75
-9.625
-9.5
-9.625
-7.625
-5.5
-4.375
-4.25
-2.625
0.25
1.5
-1.16667
-1.22222
-1.22222
-1.27778
-1.27778
-1.88889
-2.16667
-2
-1.61111
-1.05556
-0.833333
0.222222
2.27778
6.44444
12.4444
17.5556
20.3333
21.2222
20.3889
16.6667
10.6667
5.61111
2.94444
1.66667
1.5
2.11111
2.83333
3
2.66667
2.22222
1.55556
0.722222
-2.05556
-2.33333
-2.55556
-2.66667
-2.16667
-2.16667
-2
-1.33333
-0.444444
0.111111
-0.166667
0.444444
2.38889
6.16667
10.9444
14.8889
17.8889
19.6667
19.8333
17.2778
12.8889
9.61111
7.11111
5.27778
4.22222
3.77778
3.88889
3.55556
3.16667
2.61111
1.77778
0.888889
-2.44444
-2.61111
-2.72222
-2.66667
-2.27778
-1.94444
-1.55556
-0.666667
1.05556
2.94444
4.77778
7.05556
9.77778
12.6111
14.7222
16.1111
17.6667
19.1667
20.0556
19.7778
18.7778
17.8889
15.5556
12.7222
10.1667
8.11111
6.55556
5
4.16667
3.22222
2
0.777778
-1.44444
-1.27778
-1.11111
-1.16667
-1.38889
-1
0.111111
2.44444
5.38889
8.66667
13.8889
19.7222
25.2222
28.8333
30.4444
32
33.6111
34.8889
35.1111
35.3333
36.0556
35.6111
31.9444
26.8889
21.9444
17.0556
12.6667
8.83333
6.22222
4
2.05556
0.611111
0.277778
0.444444
0.722222
1.05556
1.33333
2.83333
6
10.5
16
22.7222
32.5
42.1667
49.6667
54.2222
56.4444
58.1667
58.6667
58.8889
59.0556
60.4444
61.9444
60
54.1111
46.1667
37.4444
28.2778
19.5556
13
8.33333
4.77778
2.33333
0.722222
1.27778
1.05556
1.33333
2.5
4.61111
8.83333
16.1111
24.5556
33.6111
43.2222
53.8333
63.0556
69.1111
72.8889
74.8889
76.1111
76.4444
76.5
76.6667
78.2222
79.4444
75.9444
68.1667
58.5
47.6111
35.4444
23.6111
15.3889
10
5.94444
3.16667
1.38889
1.5
1.22222
2
4.72222
9.44444
17.1111
27.4444
38
49.2222
60.0556
68.5556
73.0556
73.8889
72.8889
69.7222
65.6667
62.7778
62.0556
63.2222
66.4444
68.7778
66.5
60.8333
52.9444
43.2222
32.2778
22.1667
15.7778
11.4444
8.05556
5.5
3.33333
1.72222
2.27778
4.5
9.16667
16.3333
26.4444
37.5
48.2778
57.8889
64.7222
65.8889
62.6111
57.5
51.1111
43.9444
37.6111
34.6667
34.0556
34.5
35.1111
34.8889
33.1667
30.4444
26.7778
22.5
18.8333
16.1667
14.2778
12.4444
10.3333
8.11111
5.61111
3.33333
5.77778
10.1667
16.7778
25.7222
36.2222
44.5556
50.8333
53.6111
52.1667
45.6667
36.4444
28.3333
20.4444
14
9.83333
8.44444
7.88889
6.27778
2.33333
-3.33333
-6.33333
-6.88889
-6.22222
-4.05556
1.44444
8.94444
13.0556
13.7778
12.7222
10.9444
8.16667
5
9.38889
15.6667
23.7778
33.5556
41.9444
45.3333
44.7222
38.1111
27.0556
12.6111
-0.611111
-9.16667
-14.4444
-14.7222
-12.1111
-8.77778
-8.38889
-12.3333
-21.2222
-31.1111
-36.2222
-36.8333
-33
-24.7222
-10.8889
3.83333
12.7778
17
17.9444
16.6111
13.1111
5.55556
10.8333
17.7222
26.2778
35.2778
39.8333
37.6111
29
14.5556
-2.94444
-21.3333
-35.3889
-42.5556
-42.8333
-37.3333
-30.4444
-25.1111
-24.6111
-29.5
-38.4444
-47.2222
-52.0556
-51.8889
-45.4444
-32.7778
-15
2.88889
16.0556
24.2222
28
27.0556
22.1667
4.72222
9.55556
16.3333
24.3333
31
31.2778
24.0556
10.5
-5.83333
-22.6111
-38.3333
-49.1667
-53.3333
-50.7222
-45.7778
-42
-41.1111
-43.5
-47.4444
-51.4444
-53.1667
-53
-49
-39.9444
-25.6667
-8.83333
7.38889
21.7778
32.5
38.9444
38.2778
32.1667
3.5
7.72222
14.0556
20.5556
24.2222
21
11.1667
-2.55556
-13.9444
-22.7222
-28.8333
-31.5
-31.2778
-29.4444
-32
-38.3889
-47.4444
-55.2778
-57.7778
-54.6667
-48
-40.2778
-30.9444
-20.3889
-8
3.33333
14.3889
25.9444
35.6667
42.2222
41.6111
35.9444
2.83333
7.05556
13
17.7778
18.8889
14.3889
4.61111
-5.11111
-9.27778
-9
-4.72222
0.611111
4.22222
1.88889
-9.5
-25.0556
-42.1667
-54.3333
-55.1667
-46.6111
-33.8889
-19.7778
-6.44444
3.94444
11.7778
16.2778
20.5556
25.7222
31.1111
35.3889
35.4444
32
2.83333
7.11111
11.8889
14.7222
14.6111
11.2222
4.44444
-0.833333
-1.44444
1.77778
7.88889
13.6111
15.6667
9.61111
-3.66667
-18.9444
-33.6111
-42.7778
-41
-30.8889
-17.0556
-1.27778
12.5
21
24.2778
24.2778
23.2222
22.1667
22.7222
24.1111
25.2222
24.6667
2.88889
6.44444
9.55556
11.0556
10.7222
10.2778
8.27778
5.61111
2.83333
1.11111
0.277778
-1.88889
-5.72222
-12.2778
-18.9444
-24.3889
-27.7222
-27.7778
-22.6667
-13.5556
-1.77778
12.1667
23.7778
29.8889
30.3333
28.1667
23.9444
18.6667
15.7778
15.3889
17.5
19
2.94444
5.11111
6.55556
6.94444
6.83333
8.72222
10.5
8.16667
2.11111
-5.72222
-14.9444
-25.5556
-34.6667
-39
-37.6111
-32.6111
-25.0556
-16.3333
-8.22222
0.111111
9.94444
21.1111
29.8889
33.5
32.1667
28.5
22.0556
14.7222
10.6111
9.94444
12.3333
14.7778
1.94444
2.72222
3
3
2.94444
4.94444
7.33333
5.38889
-0.444444
-9.44444
-20.5
-32.1111
-40.8333
-42.9444
-39
-30.8333
-20.2222
-9.33333
-0.5
8.33333
17.7222
26.5
32.3333
33.7778
30.9444
25.1111
17.1111
9.72222
6
5.55556
7.61111
9.94444
-0.222222
-0.611111
-1
-1.44444
-1.61111
-1.5
-1.72222
-3
-5.05556
-9.77778
-15.7222
-20.6667
-23.1667
-23.6111
-22.5
-17.9444
-11.5556
-4.55556
2.55556
11.6111
20.4444
26.5556
29.6111
28.8889
24.4444
17.1111
9.33333
3.88889
1.27778
0.888889
2.22222
3.83333
-2.94444
-4.5
-5.44444
-6.33333
-6.66667
-8.44444
-10.9444
-11
-10.2222
-10.3333
-10.2778
-7.94444
-4.22222
-3.38889
-4.27778
-3.33333
-1
1.72222
5.94444
13.0556
19
21.6667
21.3889
18.7778
14
7.27778
2.27778
-0.555556
-2.38889
-3.27778
-2.94444
-2.5
-4.38889
-7.44444
-9.5
-11.2778
-11.9444
-13.8333
-16.1111
-15.2778
-14.6111
-13.3333
-11.1111
-6.33333
-0.5
1.77778
3.44444
5.88889
9.11111
10.9444
12.3333
14.9444
15.7778
12.7778
7.5
3
-0.111111
-3.05556
-4.11111
-4.05556
-4.77778
-6.11111
-7.27778
-8.22222
-4.22222
-9
-13.0556
-15.9444
-17.3333
-18.4444
-18.8333
-17.4444
-17.9444
-18.0556
-17.6111
-15.2222
-11.4444
-7.22222
0.5
9.33333
18
23
23.3889
19.9444
12.5556
1
-10.5
-16.7778
-17.2222
-14.3333
-10.0556
-6.55556
-5.83333
-7.55556
-10.5556
-13.0556
-3.66667
-9.66667
-16.0556
-20.7222
-24.3333
-25.6111
-24.2778
-21.7222
-21.3333
-21.6111
-21.7778
-21.2778
-18.9444
-12.0556
1
15.3333
28.9444
37.9444
38.5
29.2778
14.1667
-4.5
-20.0556
-26.7222
-24.7778
-17.3333
-9.61111
-3.94444
-3.11111
-6.72222
-12.7222
-16.8333
-4.66667
-10.7222
-18.7222
-25.9444
-32.6667
-35.7778
-33.4444
-28.8889
-24.7222
-21.7222
-18.3889
-15.2778
-11.2222
-1.72222
12.3889
27.1667
40.5
50.6667
51.5556
40.2778
23.1111
5.66667
-6.55556
-11.3333
-9.77778
-3.61111
2.16667
4.27778
0.722222
-6.94444
-15.2222
-19.8333
-5.94444
-11
-19.0556
-28.3333
-37.8333
-42.6111
-39.7778
-33.1667
-24.8889
-16.2778
-5.77778
3.94444
12.7222
23.6111
34.3889
43.6111
50.8889
56.4444
55.4444
46.6111
35.9444
28.5
24.7778
23.8889
23.8889
23
19.5
12.2222
1.55556
-10.5
-19.8333
-23.1667
-6.44444
-10.4444
-17.5556
-27.2222
-36.7222
-42
-39.6667
-32.9444
-22.4444
-8.94444
7.44444
23.2778
35.4444
44.9444
50.0556
51.2222
49.3333
47.0556
43.4444
40.1111
40
43.6667
48.0556
49.9444
46.6111
37
22.7778
6.66667
-8.77778
-21.6111
-27.7778
-27.0556
-4.66667
-7.83333
-13.2778
-21.0556
-28.5
-33.1111
-32.5556
-27.8333
-17.7222
-2.22222
16.1111
33.6111
45.8889
52.5556
52.7222
47.1111
38.4444
30
24.7778
24.8889
29.8889
37.1667
43.0556
43.8889
37.3889
23.1667
4.77778
-12.7778
-26.6667
-34.7222
-35.1667
-29.4444
-2.77778
-5
-8.88889
-14.2778
-19.3889
-23.6667
-25.2222
-23.7222
-15.7222
-1.77778
13.9444
28.1667
37.2222
41.1111
38.6111
30.4444
20.1667
11.4444
7.33333
8.33333
12.3333
16.6111
18.3889
14.6667
4.44444
-10.1667
-25.2778
-37.1111
-43.6111
-43.4444
-36.9444
-26.9444
-1.5
-2.72222
-5.11111
-8.38889
-11.9444
-15.6111
-18.3889
-19.1111
-14.3889
-6.22222
2.44444
9.83333
14.5
16.3333
13.7222
8.61111
3.16667
-1.11111
-2.94444
-3.94444
-5.88889
-8.61111
-13.2778
-22.1667
-33.7778
-44
-50.3333
-52.5556
-50
-41.8333
-30.7778
-19.6111
-0.888889
-1.22222
-2.44444
-4.22222
-6.72222
-9.66667
-12.4444
-14.6111
-15.1111
-15.6111
-16.1111
-17.5556
-19.7222
-22.1667
-25.2778
-27.5
-29.1667
-29.9444
-30.2778
-31.7778
-35.4444
-40
-46.2222
-53.6111
-60.1667
-62.8889
-60.5
-54.3889
-44.4444
-32.3333
-20.8889
-11.5
-0.333333
-0.277778
-0.611111
-1.27778
-2.5
-4.27778
-6.55556
-9.11111
-14.2222
-22.1667
-31.2222
-40.3889
-48.8889
-56.3333
-60.6111
-61.3889
-60.7222
-59.8889
-59.8889
-61.8889
-65.7778
-70
-73.4444
-74.7778
-72.7778
-66.3333
-56.0556
-44
-31.5
-20.1667
-11.6111
-5.88889
0.166667
0.444444
0.555556
0.555556
0.166667
-0.833333
-2.55556
-5.38889
-12.3889
-22.2222
-34.0556
-46.8333
-59.7222
-71.6111
-79.2222
-84
-86.5
-87.6111
-88.2778
-87.9444
-86.6111
-84.3889
-80.6111
-73.4444
-63
-51.2778
-39.2778
-27.6667
-17.3333
-9.88889
-5.55556
-3.38889
-0.166667
1.55556
3.22222
3.5
2.72222
2.33333
3.38889
4.44444
4.27778
2.05556
-0.277778
-1.22222
-0.611111
1.88889
5.55556
8.11111
4.88889
-4
-12.3889
-14.6667
-11.1111
-6.72222
-2.94444
-0.666667
1.05556
0.444444
-1.16667
-3.11111
-3.88889
-3.22222
-1.66667
0.277778
0.611111
1.77778
2.66667
2.77778
2.38889
2.5
3.88889
5
4.88889
2.66667
0.611111
0.111111
1.72222
5.5
10.0556
12
6.66667
-4.55556
-14.5
-17.5
-14.4444
-9.72222
-5.11111
-1.38889
1.11111
0.888889
-1
-3.55556
-4.83333
-4.38889
-2.66667
-0.666667
1.55556
2.27778
2.5
2.11111
1.72222
1.94444
3.44444
5.11111
6.27778
5.72222
4.77778
4.5
5.77778
8.72222
12.3889
13.4444
7.55556
-3.94444
-14.5
-18.5556
-16.7778
-12.5556
-7.66667
-3.5
-0.722222
-0.777778
-2.44444
-5
-6.38889
-5.88889
-3.88889
-1.55556
1.88889
2.38889
2.11111
1.61111
1.72222
2.88889
5.66667
8.55556
10.3889
9.44444
8.22222
8.83333
11.8889
15.6111
18.4444
17.6667
9.83333
-3.66667
-16
-21.5556
-20.8333
-17.3889
-13.1667
-9.11111
-6.05556
-5.05556
-5.77778
-7.61111
-8.66667
-7.88889
-5.38889
-2.5
1.61111
2
1.72222
1.94444
3.22222
5.94444
10.3333
14.1667
16.3333
15.0556
14.6111
15.7222
18.5556
19.5556
19.2222
16.1667
8.77778
-2.55556
-12.8333
-18.4444
-20.1667
-20.6667
-20.6667
-19.0556
-15.8889
-12.7222
-11.3333
-11.6667
-11.7778
-10.1111
-7
-3.61111
1.27778
1.94444
2.33333
3.38889
5.94444
10.3889
16.8889
22.4444
25.6111
23.8889
22.1667
20.6111
20.3333
18.2222
15.7778
12.2222
6.66667
-1.27778
-8.77778
-13.7778
-16.8889
-21.1667
-26.7222
-30.3889
-28.1667
-21.8889
-16.6111
-14.9444
-14.6667
-12.7222
-9.16667
-5.27778
0.944444
1.88889
3.44444
6.05556
10.3333
16.7778
25.2222
32.3333
35
31.0556
26.4444
22.3889
20.6667
16.6667
12.2778
7.44444
3.44444
-0.722222
-5.11111
-9.77778
-15.8889
-24.5
-33.9444
-39.0556
-35.8889
-27.7222
-20.8333
-18.3333
-17.6667
-15.6111
-11.7222
-7.22222
1.16667
2.94444
6.05556
10.6111
17.2222
25.6667
34.9444
41.2778
41.2222
34.3889
27.1111
21.7222
18.9444
14
8.83333
4.38889
2.33333
0.388889
-3.27778
-9.77778
-19.2222
-30.6111
-40.3333
-43.8889
-39.1667
-30.5
-23.7222
-21.0556
-20.3333
-18.3333
-14.4444
-9.5
2.11111
5.33333
10.3889
17.2222
26.0556
35.8889
44.4444
47.3889
42.2778
31.0556
21.3333
16.2222
15.2222
12.8889
9.55556
5.83333
3.55556
0.444444
-5.38889
-15
-26.8889
-37.8889
-44.7778
-44.2222
-37.5
-28.2222
-22.5
-20.7222
-21.4444
-20.7222
-17.7222
-12.7222
3.55556
8.83333
16.3333
25.4444
35.7778
45.2778
50.1111
46.6111
34.7778
20.5
10.6111
7.72222
8.83333
9.77778
9.5
8.11111
5.88889
0.722222
-8.44444
-21
-33.3333
-41.7778
-43.9444
-39.3333
-30.3889
-20.3333
-14.5
-13.7778
-18
-21.9444
-22.7222
-18.8889
5.44444
13.1667
23.3889
34.5
45.5
52.3889
50.7222
38.6667
20.6667
5.27778
-3
-2.94444
1.22222
7.83333
12.8889
14.3333
9.77778
-0.833333
-15.3889
-30.1111
-39.7778
-42.3889
-38.1111
-29.6667
-18.7778
-7.44444
-0.222222
-0.833333
-10.5556
-22.5556
-29.8333
-28.1667
8.16667
18.5556
31.4444
44.2222
54.2222
55.8333
44.9444
23.8333
2.61111
-8.5
-9.11111
-4.61111
0.222222
5.72222
11.3333
13.6667
8.33333
-5.16667
-22.2222
-36.2222
-42.1667
-39.2222
-30.3333
-18.6111
-6.55556
5.83333
14.3889
12.8889
-1.83333
-22.2778
-36.9444
-38.2778
11.6111
24.8333
39.9444
53.2222
60.4444
54.8889
34.5
6.33333
-13.6111
-16.0556
-7.5
-0.166667
0.611111
0.222222
2.77778
6.27778
3.11111
-9.5
-26.2222
-37.8889
-38.5556
-30.3889
-18.9444
-8.38889
2
14.8889
26.1667
25.2778
7
-20.6667
-42.2778
-47.5
14.8333
30.6111
47.6667
60.7778
64.3333
51.6111
22.6111
-10.4444
-27.5
-20.7778
-3.83333
5.16667
0.888889
-6.22222
-7.27778
-2.5
-2.5
-12.7778
-27.7222
-35.6111
-30
-17.2222
-5.88889
0.166667
6.88889
19.9444
34.8889
36.2778
16.1111
-17.7222
-46.2222
-56
17.5
35.1111
53.6667
66.3889
66.6111
47.8889
12.2222
-24.5
-39.2222
-25.1111
-0.888889
8.94444
0
-13.1667
-16.1111
-9.38889
-6.38889
-14.5556
-26.6667
-29.1111
-16.7222
-0.611111
8.38889
7.22222
7.72222
19.0556
38.1111
43.9444
24.7222
-13.5556
-48.4444
-63.2222
19.4444
38.3333
58.2222
70.6111
67.7222
44.2778
4.94444
-32.8333
-45.3889
-27.5556
0.0555556
9.33333
-3.27778
-20.5
-24.2778
-15.6111
-9.61111
-14.5556
-22
-18.2222
-0.222222
17.7222
22.4444
12.5556
4.33333
12.1667
34.0556
45.2222
29.6667
-9.27778
-47.7222
-66.6667
21.0556
40.8889
61.7778
73.5
67.6111
41.0556
0.277778
-36.3889
-47.2222
-28.2778
-0.611111
7.11111
-7.33333
-26.8889
-31.3889
-21.5
-11.9444
-12.2222
-14.4444
-5.44444
16.1667
34.2222
33.8889
15.3889
-1.94444
1.5
24.8333
41.6111
31.5
-4.94444
-44.2222
-66.3333
22.3889
42.6111
63.6667
74.4444
66.8333
39.1667
-1.77778
-37.7222
-48.5556
-30.5556
-4.83333
1.66667
-12.0556
-29.9444
-33
-21.9444
-10.1111
-7.11111
-5.83333
5.88889
28.6111
45.2778
40.7778
16
-8.16667
-8.77778
14.8889
36.5
31.8889
-1
-40.0556
-64.5
22.4444
42.7222
63.8889
74.5556
66.6111
38.8333
-2.05556
-38.2222
-50.9444
-35.7778
-12.6111
-5.44444
-15.2778
-28.2778
-28.3889
-17.0556
-5.22222
-1.33333
1.66667
14.7222
37.5556
52.8889
44.8333
14.8889
-14.7778
-18.3333
6.22222
32.1111
31.9444
1.55556
-37.4444
-63.1667
21.1667
41.1667
62.4444
74
66.8889
39.5556
-1.27778
-38.6667
-54.1111
-42.3333
-20.7222
-11.3889
-16.1111
-23.9444
-21.2778
-9.77778
1.44444
4.94444
7.5
20.3889
42.5556
57.3333
46.1667
12.3333
-21.6667
-26.2778
-0.0555556
29.3333
31.7222
2.27778
-36.7222
-62.5
18.8333
37.7778
58.9444
72.1667
67.3889
41.5
0
-39.1667
-57.0556
-46.3333
-25.1111
-13.2222
-14.8333
-19.2222
-15.2222
-2.77778
9.22222
12.2778
11.7778
20.9444
41.1111
55.1111
42.2778
6.77778
-26.4444
-28.0556
0.333333
29.6111
30.3333
0
-38.5
-62.4444
15.8889
33
53.2778
68.1667
67
43.5556
1.16667
-40.1111
-58.7222
-46.2778
-23.6111
-10.5556
-11.5556
-14.7778
-9.38889
5.22222
18.5556
20.1111
13.9444
16.0556
30.6667
42.2222
31.0556
0.888889
-24.4444
-20.8889
7.38889
31.8889
27.1667
-5.55556
-42.8889
-63.0556
12.1111
27.2222
46.5
62.6111
64
42.9444
1.94444
-37.5
-55
-42.2778
-21.2222
-8.16667
-7.38889
-6.83333
1.44444
16.6667
27.7222
25.1667
13.5
8.5
15.8333
24.0556
17.0556
-2.05556
-16.3333
-8.55556
14.9444
30.2778
18.5556
-15.3889
-48.8333
-63.1667
8.11111
20.8333
38.5
54.7222
57.8889
40.5556
5.11111
-29.2222
-45.8333
-36.9444
-20.3889
-6.72222
-0.888889
5.61111
15.7222
28.0556
33.9444
27.1111
11.7778
1.83333
3.55556
9.66667
7.11111
-2.88889
-9.33333
-0.5
16.3889
22.6111
5.38889
-27.1667
-54.2222
-61.5
4.83333
14.1111
29.2778
45.1111
50.7222
38.6111
9.88889
-19.2778
-35.5556
-30.7222
-17.2222
-2.16667
8.5
18.6111
28.3889
36.8333
37.6667
26.8889
8.22222
-5.38889
-7.05556
-1.38889
0.222222
-2.77778
-3.66667
4.33333
13.3889
10.1111
-11
-39.0556
-57.1667
-56.8333
2.44444
8.55556
20.3333
34.4444
41.7222
35.1111
14.1111
-8.83333
-23.3333
-21.0556
-9.55556
5.94444
18.4444
28.7222
36.3889
40.8889
37.5556
24.1667
4.66667
-10.2222
-14
-9.88889
-5.61111
-3.16667
0.277778
5.77778
6
-5.44444
-27.3333
-47.9444
-56.3333
-49.2778
1
4.72222
13.0556
24.1667
31.3889
29.1111
16.6667
1.72222
-7.94444
-6.44444
3.11111
16.1667
27.2222
35.2222
39.6111
39.5556
32.4444
18.7778
2.33333
-10.4444
-15.7778
-14.3889
-9.27778
-4
-0.5
-1.05556
-8.11111
-22.3333
-39.5556
-51.2778
-51.1667
-39.8889
0.333333
2.55556
8
15.7222
21.0556
21.5556
16.8889
10.7222
7.16667
9.22222
17.8333
27.8333
36.5556
40.1111
39.2778
32.8889
22.5
10.8889
0.888889
-6.33333
-10.6667
-11.7222
-10.6111
-8.88889
-10.1111
-15.1667
-24.8333
-36.6667
-46.3889
-49
-42.2778
-29.5
0.388889
1.27778
4
8.83333
13.5
16.5
17.2778
16
16.0556
18.6667
27.5556
36.5
43.8333
43
36.5
25.3889
14.5
6.22222
0.833333
-3.5
-7.88889
-11.5
-13.7222
-15.6111
-20.3333
-27.8889
-36.8889
-43.5556
-45.4444
-40.9444
-30.8889
-19.0556
0.666667
0.777778
1.66667
4.77778
9.16667
13.4444
16.3333
16.7222
17.6667
21.0556
30.5556
39.4444
43.7222
38.1667
27.7222
16.5
8.38889
3.27778
0.277778
-2.55556
-5.88889
-9.66667
-13.4444
-18.0556
-25.1667
-33.4444
-40.0556
-42.0556
-38.5556
-30.6667
-20.3333
-10.7222
0.777778
1.05556
1.16667
2.83333
5.94444
9.94444
13.5556
14.8889
16.7778
20.3889
29.2222
35.9444
37.6667
30.7778
21.3889
12.5
6.5
2.33333
-0.333333
-3.33333
-7.11111
-11.3333
-15.1111
-19.1111
-25.4444
-32.1111
-35.8333
-34.1111
-28.0556
-20.2778
-12.2778
-5.55556
0.5
1
1.22222
2.22222
4.27778
7.38889
10.7778
12.5
14.8333
17.6667
23.9444
27.5
28.0556
22.9444
17
11
6.5
2.5
-0.611111
-4.05556
-7.94444
-11.8333
-15.1667
-18.6667
-23.7778
-27.8333
-27.8333
-23.5556
-17.5556
-12.1111
-7
-2.61111
-2.6875
-2.75
-2.125
-1.96875
-2.15625
-2.03125
-1.25
-0.0625
1.65625
3.625
5.78125
9.5
13.9063
17.5
20.3438
22.5
23.5938
23.6875
22.5
20.125
16.9375
14.0313
11.625
9.59375
7.9375
6.65625
5.84375
4.65625
3.5625
2.53125
-2.65625
-2.65625
-2.0625
-1.5625
-0.9375
0.375
2
4.09375
7.3125
11.125
15.2188
19.9375
24.375
27.9375
31.5
34.6563
36.4063
36.6563
35.4063
33.0625
29.8125
26.375
22.5625
18.6563
14.8125
11.4063
8.6875
6.15625
4.375
2.875
-1.40625
-1.3125
-0.8125
0.15625
2.09375
4.96875
8.53125
12.875
19.0938
25.9375
32.9063
38.9063
43
46.3438
50.1563
53.6875
55.125
55.2813
53.9063
51.5
48.5313
44.6875
39.25
32.7188
25.9375
19.3438
13.6875
9.1875
6.09375
3.6875
0.15625
0.71875
1.78125
3.96875
8.125
13.5625
19.9688
27.4375
36.3125
45.1875
53.5313
59.6563
62.875
65.4688
68.375
70.875
71.75
72.125
71.7813
69.9063
66.6563
61.75
54.625
46.125
37.0625
27.625
18.7188
12.1563
7.96875
4.875
1.75
3.21875
5.6875
10.2188
17.1563
25.2813
34.1563
43.75
53.8125
63.1563
71.375
76.5313
78.5625
80.0938
81.75
83.0938
83.5625
83.8125
82.9375
80.0313
75.4688
69.1875
60.9688
51.5938
41.5
30.9063
21.1563
14.2188
9.65625
6.21875
4.03125
6.84375
11.3125
18.25
27
36.4688
46.8438
57.5
66.875
74.0313
78.8438
80
78.6563
77.1875
75.5938
74.0938
73.0625
72.5
71.25
68.75
65.375
60.5938
54.1563
46.375
37.875
29.25
21.4375
15.7813
11.5625
8.125
6.9375
11.4063
18.0625
26.9375
36.5625
46.2813
55.4688
63.2813
67.7813
69.4375
68.5313
64.9375
60.4063
56.0938
52.1563
48.875
47.0625
45.1875
42.7188
40.3125
37.6563
34.625
31.0313
27.3438
23.9063
20.9375
18.3125
15.75
13.2813
10.5938
10.9063
17.0938
25.4063
35.0313
43.3438
50.2188
54.2188
55.2813
52.8438
48.125
41.5938
34.0625
28.0313
23.2813
20.2813
18.0938
16.3125
12.7188
7.6875
4.28125
2.375
1.21875
0.75
2.125
5.21875
9.78125
14.5938
16.7813
16.5
14.875
14.1563
21.5938
30.5313
38.8125
43.7188
45.375
43.1875
37.9063
29.125
18.5
7.09375
-2.5625
-8.21875
-11.3125
-12.7188
-14.4375
-16.6875
-21.0625
-25.75
-28.375
-29.25
-28.4688
-25.1563
-18.0625
-7.71875
4.125
14.1875
19.9375
21.8438
21.5938
15.875
23.8125
31.9688
37.4688
38.3125
34.7813
27.8438
18.0938
5.5
-8.46875
-21.9375
-31.0938
-34.6563
-35.2188
-35.6563
-37.7813
-40.9688
-44.625
-47.3125
-48.5
-48.7188
-46.6875
-40.0938
-27.7188
-11.375
4.75
17.1875
24.7813
28.4688
29.625
16.0625
23.5
29.875
32.2188
29
21.5625
12.75
2.5625
-9.5625
-22.8125
-35.6875
-43.7188
-45.5625
-45
-46.6563
-50.9688
-55.4688
-58.0625
-57.5
-55.6563
-53.4063
-49.375
-39.6875
-24.0313
-5.625
11.0625
23
30.625
34.75
36.7813
14.2813
20.5938
24.7813
24.4063
18.6563
10.1563
3.65625
-2.625
-10.5938
-20.1563
-30.3438
-36.8125
-38.2813
-39.0313
-44.6563
-53
-59.5938
-61.1563
-56.875
-50.6875
-44.6875
-37.6563
-25.5625
-9.59375
7.125
20.9063
29.5
34.6875
37.9063
39.75
12.5625
17.4063
19.6563
18.0938
12.0625
5.28125
2.28125
-0.3125
-3.875
-9.09375
-16
-21.6563
-24.125
-27.5
-36.4063
-46.7188
-53.9063
-54.2813
-47.7813
-37.625
-27.5625
-18.0938
-5.9375
7.53125
19.5
28.2813
33.3438
35.0625
36.1563
37.0625
10.9063
14.1563
15.25
13.9688
9.90625
6.21875
4.40625
2.40625
-0.25
-3.71875
-8.9375
-14.75
-19.1563
-24.5313
-32.4375
-40
-43.5313
-41.5625
-33.375
-20.625
-7.96875
2.1875
12.0313
21
27.0625
31.3438
33.5
32.1563
30.875
30.7188
8.6875
10.75
11.3125
11.125
9.6875
8.03125
5.84375
2.25
-1.90625
-6.34375
-11.125
-16.9375
-22.3125
-27.0313
-31.1875
-33.3438
-31.6563
-25.8125
-15.875
-2.34375
10.3125
19.2813
25.6563
29.9688
31.4375
31.9063
31.125
27.1875
24.125
23.1875
6.25
7.28125
7.71875
8.40625
8.75
7.875
4.625
-1.28125
-7.875
-14.1875
-19.2813
-24.7188
-29.6563
-32.25
-32.2813
-29
-22.0938
-12.1563
-0.84375
11.9688
22.7188
29.125
32.0938
33.0938
31.5938
29.0625
25.9688
20.5938
16.75
15.7813
2.8125
3.03125
3.21875
3.8125
4.6875
4.21875
0.28125
-6.4375
-14.0938
-20.7813
-25.4063
-29.5625
-33.25
-34.2188
-31.1563
-24.3125
-14.125
-2.34375
8.96875
19.5313
27.4688
31.4375
32.0313
30.9063
27.75
23.375
18.6563
13.4063
9.96875
9.34375
-1.21875
-1.625
-1.8125
-2.03125
-2.5
-3.71875
-6.25
-10.7813
-15.9063
-20.0938
-22.6875
-24.5938
-25.5313
-24.4063
-20.6875
-13.7188
-4.6875
5.65625
14.6563
21.9375
26.9063
28.7188
27.7188
25.3438
21.625
16.125
10.75
6.25
3.65625
3.28125
-5.28125
-6.40625
-7.09375
-8.375
-10.4688
-12.0625
-12.875
-14.0625
-15.5938
-16.3125
-16.5625
-16.2188
-14.1875
-11.1875
-6.8125
-1.03125
5.0625
11.5938
16.6563
19.8438
21.2813
20.7188
18.0938
14.9375
11.5313
6.34375
1.625
-1.15625
-2.4375
-2.78125
-9.15625
-11.2188
-12.7188
-15.0625
-17.8125
-19.0313
-19.5625
-18.8438
-17.9375
-16.3125
-14.8438
-12.4688
-8
-2.875
4.09375
10.375
14.5
16.5
16.8438
15.0313
12.1563
8.625
4.21875
0.40625
-2.0625
-5.03125
-7.53125
-7.625
-7.40625
-7.75
-12.0625
-15.4063
-18.5
-21.7188
-24.5
-25.75
-26.1875
-24.625
-22.375
-19.6875
-16.1875
-10.9375
-3.5625
4.875
14.8438
22.625
26.1875
25.5313
21.5313
14.5625
7.15625
1
-4.46875
-8.625
-10.4063
-11.4688
-11.75
-9.9375
-8.96875
-10.1563
-15.0938
-20.25
-25.3438
-29.4063
-31.375
-31.75
-31.7813
-29.625
-26.3438
-22.1563
-15.4688
-6.6875
2.84375
13.125
24.75
34.125
38.7813
37.4375
31.125
20.6875
10.4375
3.5
-1.84375
-6.4375
-9
-10.2188
-10.7813
-8.9375
-8.59375
-11.5313
-17.3125
-24.1563
-31.0938
-36.125
-37.125
-36.0625
-35.2188
-32.375
-27.0313
-19.7188
-8.875
3.6875
14.0938
23.7813
34.75
44.8125
50.375
48.9063
41.4063
30.0313
20.25
14.9063
11.0313
5.625
0.125
-3.6875
-6.15625
-6.53125
-8.5
-13.5
-17.75
-25.8438
-34.25
-39.875
-40.375
-38.5313
-35.875
-30.9375
-21.9375
-9.90625
5.78125
21.3125
31.3125
38.5313
46.0938
53.7188
57.9063
56.6563
49.8125
40.6563
34.5
33.0313
31.0625
24.375
14.875
6.1875
-0.5
-5.25
-10.375
-17.5313
-17.3438
-25.8125
-33.8125
-39.2188
-39.75
-37.7188
-33.3125
-25.4688
-12.625
3.78125
21.8125
37.0625
45.0938
49.2188
52.1563
55.125
56.0313
53.875
49.0938
44.375
43
43.9688
41.8438
33.3125
20.6563
7.90625
-2.9375
-11.4063
-18.7813
-25.625
-14.2813
-21.6563
-28.4063
-33.1875
-34.2813
-33.0625
-28.5
-19.5625
-5.3125
11.8438
28.3438
40.8438
46.6563
48.5
48.2188
47
44.2188
40.4688
36.875
35.0938
35.5313
35.8125
31.9688
22.0313
8.375
-5
-15.9063
-24.4375
-30.5313
-33.875
-10.125
-16.0313
-21.375
-25.4063
-27.125
-27.375
-23.9375
-16.3438
-4.46875
9.21875
21.3125
29.75
33.4375
34.2188
32.3438
28.875
24.4688
20.1875
16.9063
15.4375
14.75
12.375
5.84375
-4.59375
-16.5
-26.8125
-34.0313
-38.6875
-40.5
-38.8125
-6.40625
-10.4063
-14.0625
-17.1563
-19.3125
-20.7813
-19.375
-15.2188
-9.0625
-2.3125
2.71875
5.1875
5.53125
4.53125
0.96875
-3.875
-8.5
-12.4688
-15.2188
-16.6875
-18.75
-23.5
-30.4375
-37.9375
-44.5313
-48.7188
-49.9375
-48.875
-45.4063
-38.3125
-3.0625
-5.1875
-7.84375
-10.375
-12.6875
-14.9688
-16.6563
-18.125
-19.2188
-20.5313
-22.4375
-24.9375
-27.7813
-31.0313
-35
-38.7188
-41.9063
-44.75
-47.5313
-50.2188
-54.0625
-58.75
-62.875
-65.375
-65.6563
-62.9375
-57.3438
-50.1563
-41.4375
-31.25
-1.125
-2.15625
-3.84375
-5.84375
-7.875
-10.3125
-14.4063
-20.25
-27.3125
-34.9688
-42.4688
-49.4375
-56
-62.2188
-67.0938
-70.2188
-72
-73.4688
-75.375
-77.375
-79.375
-80.5
-79.7813
-76.5313
-70.7813
-62.625
-52.625
-41.9688
-31.4375
-21.625
2.375
3
3.4375
3.46875
3.78125
4.96875
6
6.4375
6.03125
4.9375
4.21875
5.3125
7.40625
8.6875
7.84375
3
-4.59375
-11.5
-15.375
-15.4375
-12.3125
-8.21875
-4.8125
-2.65625
-2.5625
-3.59375
-5.09375
-6.03125
-5.375
-3.59375
2.53125
2.90625
3.1875
3.5
4.6875
7.0625
9.0625
10.0313
9.875
9
9.03125
11.375
14.0625
15
12.875
5.71875
-4.34375
-13.3438
-19.0938
-20.3125
-17.6875
-13.6875
-9.875
-7.21875
-6.4375
-6.90625
-8
-8.59375
-7.625
-5.375
2.71875
2.9375
3.5
4.65625
7.09375
10.6563
13.6563
15.5625
16.4063
16.375
16.7813
18.6563
19.5625
18.5938
14.9063
6.6875
-3.75
-13.1563
-19.9688
-23.125
-22.6563
-20.8125
-18.3125
-15.4063
-13.625
-12.5938
-12.25
-11.9375
-10.2188
-7.375
2.46875
3.15625
4.84375
7.53125
12.125
17.4375
21.6563
24.375
24.625
23.4375
21.9688
21.4688
20.75
18.8438
14.9375
7
-3.125
-12.3125
-19.2813
-23.7813
-25.7813
-27
-27.25
-25.0625
-22.0625
-19
-16.6563
-15.1563
-12.9063
-9.6875
2.5625
4.46875
7.75
12.6563
19.5313
26.2813
31.0313
32.6875
30.75
27.1563
23.4375
21.4063
19.6875
17.2813
13.5625
6.46875
-2.1875
-10.1875
-17.75
-24.3438
-29.4688
-33.8125
-35.2813
-32.7188
-28.375
-23.6563
-20.2188
-18.2813
-15.7813
-12.3438
4.21875
7.59375
12.5625
19.4375
27.6875
35.0313
39.2813
39
35
29.3438
24.0313
20.75
17.7813
14.625
10.9063
5.15625
-1.625
-8.9375
-17.5625
-26.6875
-34.6875
-40.2813
-41.3438
-37.625
-31.9375
-26.625
-23.125
-21.2813
-18.875
-15.3125
7.0625
12.1563
18.875
27.125
35.875
42.5938
45.0313
42.1563
35.8438
28.5625
22.8438
19.75
16.6563
13.4688
9.71875
4.3125
-2.0625
-10
-20.4688
-31.5
-40.3438
-45.125
-44.1563
-38.7813
-32.2813
-27.3125
-24.6875
-23.6875
-22.0313
-18.6563
10.8438
18.1563
26.7813
36.0313
44.1563
48.4063
46.7188
39.5938
30.2813
22
17.8438
17.25
16.8438
15.7188
12.5938
6.46875
-2.0625
-13.0938
-26.125
-38.0313
-45.875
-48.0938
-44.5
-36.75
-28.7188
-23.4688
-21.4688
-22.7813
-24.0625
-22.875
15.1563
24.9063
35.7188
45.625
51.9063
51.6875
44.1875
32.3438
20.4375
12.75
11.4063
14.0625
17.4063
18.8125
16.1563
8.5
-3.375
-17.75
-32.1875
-43.375
-48.9375
-48.2813
-42.2188
-31.8125
-21.3438
-14.875
-13.75
-18.5625
-25.0938
-28.3438
20.5
32.6875
45.2813
54.6563
56.8125
50.5313
37.9688
23.6563
12.9375
8.15625
7.5625
9.40625
11.4688
12.2188
10.4063
3.90625
-7.21875
-20.625
-33.0625
-41.5
-44.5313
-42.5625
-35.7188
-24.4063
-12.25
-4.25
-4.1875
-12.5938
-25.0313
-33.9375
27
41.3125
54.6875
61.9063
58.5
46.375
29.5
14.0625
5.875
3.5625
3
3.21875
3.25
2.9375
2.21875
-2.46875
-11.9063
-23.4375
-33.25
-37.9688
-37.8438
-33.5625
-25.25
-13.6563
-0.75
7.875
6.375
-5.75
-23.8125
-38.4688
34.0938
50.0313
63.4063
67.5938
57.7188
39.2188
17.7813
1.25
-3.03125
-1.21875
0.15625
0.1875
-2.34375
-4.78125
-5.34375
-8.625
-15.9063
-25.2813
-33
-34.4375
-31.0625
-23.9063
-13.25
-1.40625
11.125
19.4688
16.1875
0.8125
-21.8438
-41.875
40.875
58.0313
70.9063
71.5313
55.25
30.2188
4.28125
-12.875
-13.4375
-7.03125
-3.0625
-2.53125
-6.3125
-9.625
-9.59375
-11.8438
-17.9063
-25.8438
-30.8438
-27.875
-20.625
-11.4063
-1.125
8.15625
18.9375
27.2188
23.7813
7
-19.1563
-44.1875
46.4063
64.7188
76.75
73.8438
52.3438
21.5313
-8.46875
-26.4688
-25.5625
-16.0313
-9.125
-6.8125
-9.09375
-11.1563
-10.125
-11.8125
-17.3438
-23.6875
-25.125
-17.125
-6.59375
2.1875
8.96875
13.625
22.1875
31.5938
29.875
13.0313
-15.8125
-45.5313
50.5
69.5625
80.6875
74.875
48.9375
13.4688
-19.0938
-37.4375
-34.7188
-22.2813
-13.8125
-10.75
-12.5625
-14.0938
-12
-12.1563
-15.3438
-18.25
-14.5625
-1.96875
9.625
15.0313
15.4063
14.2813
20.6875
32.3438
33.875
18.1875
-12.1875
-45.9375
53.5625
72.7813
83.0313
74.7813
45.125
6.625
-26.0625
-42.6563
-36.3125
-21
-13.9063
-13.5313
-18.5313
-21.9375
-18.5938
-15.375
-13.4688
-10.1563
-0.53125
15.5938
26.2188
25.75
18.5313
10.7813
14.5313
28.3125
33.3438
20.4063
-9.3125
-45.1563
55.6875
74.8438
84.2188
74.0625
41.8125
2.46875
-29.3438
-44.0625
-34.7188
-18.6563
-13.4063
-15.8125
-24.4375
-29.8438
-25.4063
-18.375
-10.4375
-0.53125
13.7188
31.5938
39.8438
33.25
19.2188
5.21875
5.8125
20.875
29.3438
19.9688
-7.15625
-43.0938
56.0313
75.125
84.25
73.4688
40.4375
1.09375
-31.25
-46.4063
-37.2188
-21.9063
-16.125
-17.8438
-25.9688
-30.4063
-24.625
-15.1563
-4
8.59375
23.7813
41.25
47.2188
36.7188
18.5313
0.28125
-1.875
13.625
24.8125
18.4375
-5.90625
-41.0313
53.9688
73.2813
83.1563
73.625
41.2813
1.375
-32.8125
-50.75
-43.7813
-28.8125
-20.75
-18.7813
-22.5
-23.125
-15.375
-5.34375
4.5
14.7813
27.5938
43.0938
47.9688
36.2188
16.2188
-3.375
-6.28125
9.40625
22.0625
16.9688
-6.5
-40.8438
49.8438
69.4063
80.4688
73.0625
42.6875
2.78125
-33.4375
-54.4063
-50.625
-36.5
-25.7188
-18.8438
-16.0625
-11.0625
-0.84375
8.5
14.125
18.4375
25.9063
37.3438
41.0938
30.5625
12.4063
-4.46875
-5.6875
9.78125
21.5938
15.125
-9.28125
-42.625
44.5625
63.8438
75.6875
70.2188
42.375
4.3125
-31.4375
-53.375
-51.9375
-39.4375
-27
-15.9375
-7.5625
2.0625
13.4688
20.5625
21.5625
20.0938
21.6563
28.4375
30.4063
21.875
8.34375
-3.4375
-2.03125
11.7188
19.5625
9.8125
-15.6563
-46.6563
38.5313
56.5
68.4688
64.9063
40.375
6.125
-26.3438
-46.8125
-45.5313
-33.7188
-21.1563
-8.3125
1.90625
12.375
22.625
27
24.9063
20.1875
18.25
21.3125
21.5625
14.25
4.15625
-3.5
-0.9375
9.78125
13.2813
0.625
-24.4063
-51.3438
31.875
48.0938
60.0313
58.8125
38.375
9
-19.5938
-37.875
-35.9063
-24.3438
-11.3125
2.25
12.1563
21.0313
28.5625
29.9375
25.375
18.5313
13.7813
13.9063
13.1875
7.59375
1.09375
-3.5
-1.375
5.0625
3.53125
-11.1563
-34
-55.4375
24.9375
39.2188
50.8125
51.8125
36.3125
12.4688
-12.25
-28
-25.9375
-14.8438
-0.53125
13.375
22.4375
29.1563
33.2188
31.5313
24.7188
15.7188
8.3125
5.90625
4.75
1.78125
-1.375
-3.9375
-3.1875
-1.9375
-7.9375
-23.0625
-42.375
-57.3438
18.2188
30.3125
41.1875
44.2188
33.875
15.5938
-4.125
-16.5313
-14.1875
-3.15625
10.8125
23.4375
31.2188
35.7813
37.0313
32.8125
23.4688
11.6875
1.71875
-2.625
-3.5625
-4.15625
-4.96875
-6.625
-7.96875
-10.7813
-19.1875
-33.0313
-47.7188
-56.375
12.3438
22.0938
31.5938
35.875
30.2813
17.625
4
-4.375
-1.4375
9.28125
21.6563
32.5938
38.9688
41.3125
39.9063
33.0625
21.3438
7.53125
-4
-10.0938
-11.9063
-11.6875
-11.4688
-12.2813
-14.0625
-18.8125
-27.9063
-39.5625
-49.7813
-52.9375
7.6875
14.9688
22.6875
27.3438
25.75
18.875
11.0625
6.40625
9.46875
18.7188
29.625
40.125
45.8125
46.4688
42.2813
32.3125
19.0313
4.1875
-8.71875
-16.6875
-20.3125
-19.875
-17.8438
-17.3438
-19.25
-25.25
-34.5938
-43.5625
-48.75
-46.9375
4.71875
9.53125
15.1875
19.6563
21
19.0938
16.4375
15.0313
18.0625
25.625
34.5313
43
46.2813
43.9688
36.7188
25.25
13.4375
2.03125
-7.65625
-13.6875
-17.625
-19.1875
-19.375
-21.875
-26.2188
-33.0313
-41
-45.6875
-45.4688
-39.5625
2.875
5.75
9.78125
13.9375
17.1875
18.4688
18.9688
19.75
23.0938
29.9063
37.0625
42.875
43.0938
37.6563
28.5625
17.6563
8.40625
0.75
-5.40625
-9.71875
-13.6875
-17.125
-20.4375
-25.75
-31.7813
-38.0625
-42.9688
-43.4063
-39.125
-30.9375
1.6875
3.53125
6.59375
10.4063
14.1875
16.625
18.3438
20.3125
24.1875
30.5313
36.0938
39.125
36.625
29.4688
20.7188
11.9063
5.25
0.09375
-4.4375
-8
-11.875
-15.9375
-20.3438
-26.5938
-32.6563
-37.5
-39.75
-37.1563
-30.75
-22.125
0.375
0.958333
1.45833
1.625
0.875
0.166667
-0.666667
-1.25
-1.91667
-2.125
-1.125
-0.208333
0.541667
0.541667
0.166667
0.0416667
-0.541667
-1.125
-2
-2.33333
-1.91667
-2.04167
-1.875
-1.70833
-1.16667
-0.5
-0.333333
-0.125
-0.166667
-0.166667
-0.291667
-0.458333
0.75
0.958333
1
0.708333
0.208333
-0.625
-1.29167
-1.70833
-2.04167
-1.95833
-1.54167
-0.916667
-0.125
1.125
3.20833
5.08333
5.25
4.58333
3.45833
1.625
-0.791667
-3
-3.16667
-2.66667
-1.79167
-0.875
-0.25
0.166667
-0.166667
-0.208333
-0.0416667
0.208333
0.291667
-0.291667
-0.708333
-0.708333
0.0833333
0.458333
1
1.20833
0.916667
-0.125
-2.83333
-5.16667
-7
-6.70833
-4.20833
-1.91667
-0.291667
0.208333
0.375
-1.04167
-4.25
-6.45833
-6.875
-6.04167
-5.125
-4.04167
-2.70833
-1.70833
-1.04167
-0.583333
-0.0416667
0.291667
-1.54167
-1.79167
-1.91667
-1.66667
-1
-0.666667
-1
-2.08333
-3.375
-5.20833
-8.79167
-12.5417
-15.2083
-16.1667
-16.5
-17.25
-17
-16.2083
-15.375
-15.4583
-16.0833
-15.4583
-14.2917
-12.625
-10.75
-8.5
-5.95833
-3.875
-1.95833
-0.708333
-0.25
-0.208333
-1.66667
-1.25
-1.125
-1.58333
-2.66667
-4.25
-7.04167
-9.83333
-11.9583
-13.8333
-15.7917
-17.75
-18.6667
-20.1667
-23.2083
-26.0833
-27.4167
-27.3333
-27.2083
-26.7917
-24.7917
-21.4583
-18.2083
-15.375
-11.9167
-8.16667
-4.83333
-2.75
-1.29167
-0.25
0
0
0.0416667
0.375
0.333333
-0.583333
-2.54167
-5.20833
-8.54167
-10.9583
-13.7083
-16.5
-16.9167
-15.25
-12.7917
-11.3333
-9.41667
-6.33333
-4.25
-3.91667
-4.79167
-6.29167
-7.54167
-7.70833
-7.41667
-6.70833
-5.33333
-3.20833
-1.08333
-0.5
-0.666667
-0.833333
-0.666667
-0.458333
0.666667
0.5
0.0416667
-1.08333
-2.79167
-5
-6.54167
-7.79167
-9.33333
-9.625
-6.125
-0.5
5.08333
10.9167
17.75
24
26.9583
27.4583
26.875
25.5833
23.2917
20.2083
16.625
13.25
9.75
6.25
3.16667
0.791667
-0.958333
-2.125
-2.41667
-2.04167
-0.791667
-1.66667
-3.04167
-4.5
-5.91667
-7.20833
-6.41667
-5.41667
-2.125
3.58333
10.2917
16.2917
20.2083
23.9583
25.625
24.9583
23.7083
23.5833
24.625
27.9167
32.3333
33.1667
30.75
26.9167
22
14.625
6
1.04167
-0.875
-1.70833
-2.20833
-2
-1.79167
-3.5
-5.41667
-6.79167
-7.91667
-7.375
-4.41667
0.125
7
14.2083
19.4583
22.125
22
20.1667
15.7917
10.8333
7.95833
7.54167
9.75
15.0417
21.125
23.8333
24
22.0833
18.125
11.625
4.625
0.916667
-0.5
-0.833333
-0.875
-0.875
-0.958333
-2.45833
-3.45833
-4.20833
-4.41667
-1.91667
2.125
8.16667
14.7917
20.5417
24.625
25.7917
25.0417
21.4583
16.25
11.7083
8.70833
8.08333
9.83333
12.0417
12.7917
13.5
14.25
12.6667
8.75
4.58333
2.16667
0
-2.54167
-4.125
-4.375
-3.75
0.25
0.375
0.666667
0.791667
2
5.08333
9
14
18.6667
22.5
25.25
26.125
25.75
22.875
19.4167
16.8333
15.4167
15.25
14.75
12.5417
9.08333
7.95833
6.83333
4.79167
2.20833
0.5
-0.416667
-3.58333
-7.125
-10.0833
-10.7083
-9.20833
1.16667
2.25
2.70833
3.5
5.66667
8.5
11.375
13.75
12.7917
9.54167
5.08333
1.41667
-1.375
-3.125
-0.5
4.70833
10.5833
13.5
12
6.875
0.75
-4.04167
-8.08333
-9.79167
-9.70833
-7.20833
-5.25
-5.83333
-6.95833
-8.45833
-8.29167
-7.5
0.916667
1.08333
1
2.16667
4.375
6.375
7.375
5.41667
-1.58333
-11.2083
-22.3333
-31.125
-35.625
-33.625
-24.4583
-13.1667
-2.375
3.58333
3.04167
-2.41667
-8.875
-16
-20.5417
-21.1667
-18.4583
-12.375
-6.625
-1.66667
1.20833
2.625
2.83333
1.58333
-0.166667
-0.791667
-0.5
0.875
2.25
2.41667
1.20833
-3.54167
-9.04167
-15.0417
-21.4583
-26.7917
-28.125
-22.9167
-16.5833
-11.5417
-8
-5.79167
-6.875
-9.54167
-12.2083
-15.2917
-16.7917
-15.8333
-11.6667
-7.08333
-2.125
3.45833
7.5
10
9.04167
6.66667
-0.125
0
1.29167
2.45833
2.70833
0.75
-2.25
-4.875
-4.25
-1.83333
2.16667
6.58333
10.125
11.8333
8.45833
2.29167
-5.5
-11.5417
-13.9167
-12.875
-11.0833
-9.20833
-7.58333
-5.70833
-3.04167
-1.91667
0.0416667
2.83333
5.625
7.375
6.33333
4.5
0.125
1.20833
2.54167
3.33333
3.04167
0.416667
-3.33333
-3.125
0.75
7.125
15.5833
24.9167
30.625
28.0417
19.625
9.29167
-1.625
-10.75
-13.375
-11.75
-9.16667
-7.04167
-5.04167
-3.41667
-2.70833
-2.125
-0.875
1.125
2.75
3.29167
3
2.125
-0.125
0.958333
1.83333
2.33333
2.20833
1.08333
-1.375
-1.58333
0.708333
4.625
9.66667
14.4167
17.7083
16.2917
11.375
5.45833
-0.333333
-4.91667
-6.70833
-7.04167
-6.75
-5.66667
-4
-2.54167
-1.625
-0.166667
1.66667
3
3.20833
2.875
2.95833
2.70833
0.791667
1.5
2.125
2.29167
2.41667
3.5
4.91667
4.45833
1.91667
-0.333333
-2.875
-6.66667
-10.125
-10.9167
-8.91667
-7
-4.75
-2.45833
-1.91667
-3.08333
-3.83333
-2.125
-0.0833333
1.45833
2.91667
4.66667
5.66667
4.66667
3.58333
3.25
3.58333
3.91667
2.375
3.08333
3.375
3.5
3.58333
5.70833
9.25
8.91667
4.41667
-1.125
-7.70833
-15.2917
-22.4583
-24.0417
-19.7917
-14.3333
-8.54167
-3.625
-1.29167
-1.04167
-0.0416667
2.16667
4.16667
5.5
6.45833
7.29167
6.04167
3.70833
2.83333
3.08333
3.70833
4.5
2.125
3
3.25
3.75
3.83333
4.875
5.58333
4.29167
3.79167
1.54167
-1.79167
-5.95833
-9.125
-9.54167
-9.70833
-8.33333
-6.66667
-4.58333
-2.5
-0.0416667
2.91667
5.125
7.16667
8.375
8.125
6.625
3.79167
2.125
2.04167
2.625
3.41667
4.25
0
1.04167
2
2.75
3.04167
2.04167
0
-0.5
1.83333
3.375
4.58333
6.04167
7.625
6.83333
2.375
-1.91667
-5.66667
-7.16667
-5.66667
-1.79167
2.41667
6.66667
10.5417
11.75
9.79167
6.125
3.16667
1.79167
1.16667
1.41667
2.45833
3.375
-1.04167
0.291667
2.16667
2.91667
3.54167
2.41667
1.04167
1.375
1.66667
3
5.41667
8.875
11.125
9.08333
4.33333
-1.375
-6.5
-9.70833
-9.25
-4.83333
1.20833
8.875
14.4583
15.6667
13.1667
8.45833
5.08333
2.08333
0.25
0.208333
1.70833
2.91667
-0.0416667
0.75
2.5
3.79167
5.58333
6.66667
6.25
4.95833
2.95833
2.375
2.25
2.70833
3.25
1.54167
-1.375
-4.45833
-7
-10.0833
-11.3333
-7.41667
-1.08333
4.125
6.04167
6.20833
5.33333
2.41667
-0.583333
-2.625
-2.45833
-0.875
1.29167
2.375
1.29167
0.541667
1.04167
3.29167
6.375
8.625
7.91667
5.75
2.58333
-1.08333
-6.04167
-10.25
-13.0833
-14.9583
-14.125
-11.8333
-9.375
-9
-9.20833
-8.95833
-9.875
-15.4167
-21.4167
-24.125
-23.0417
-19.5
-15.875
-10.5
-5.04167
-0.666667
1.33333
1.41667
1.45833
0.291667
-0.25
1.25
2.79167
3.45833
3
1.95833
-1.33333
-6.625
-12.9167
-19.0417
-23.7083
-24.3333
-19.7083
-13.3333
-6.66667
-0.791667
2
-2.625
-12.7917
-24.75
-33.625
-37.2917
-35.2083
-26.9167
-15.875
-5.54167
1.20833
4.5
4
2.20833
-0.583333
-0.916667
-1.91667
-3
-4.625
-5.375
-4.41667
-3.66667
-3.95833
-6.08333
-8.75
-12.1667
-13.625
-11.25
-7.04167
-1.375
5.54167
12.6667
15.0833
10.6667
2.91667
-2.875
-6.20833
-7.08333
-5.16667
0.0416667
7.16667
11.5833
12.5833
10.75
7.29167
3.66667
-2.33333
-2.66667
-3.83333
-5.95833
-8.25
-8.58333
-6.70833
-4.33333
-2.33333
-1.875
-1.08333
0.25
2.66667
5.41667
7.54167
10.9583
14.2917
16.5
16.0417
15.4167
16.25
18.4583
20.8333
23.2083
25.5
25.9583
23.9167
20.125
15.6667
10.2083
5.125
1.125
-1.125
-2.08333
-3.16667
-4.54167
-5.54167
-5.58333
-4.25
-1.875
-0.875
0.291667
3.20833
7.25
9.95833
11
12.4167
13
11.4167
8.66667
7.04167
7.91667
11.375
15.4167
19.5
24.0417
27.0417
25.9583
20.9583
15.125
9.125
2.70833
-2.16667
-4.33333
0.125
-0.666667
-1.54167
-2.66667
-3.125
-3.54167
-3.25
-2.25
0.0416667
5.54167
11.3333
16.375
19.0417
19.7917
19
14.625
9.41667
5.20833
3.58333
4.79167
8.33333
12.7083
17.5833
21.2083
21.4583
18.0417
12.3333
6
-0.708333
-5.79167
-7.66667
-7.08333
-0.541667
-0.75
-1.41667
-2.375
-3.33333
-4.125
-4.58333
-4.375
0.666667
8.875
16.7917
23.4583
28.7917
32.5
31.7083
28
24.5833
22.3333
21.4167
22.3333
24.0417
25.7083
26.0833
22.875
16.9583
9.75
2.58333
-3.75
-8.125
-9
-7.45833
-5.16667
-0.791667
-1
-1.54167
-2.125
-3.125
-4
-4.54167
-4.125
-0.916667
2.625
7.66667
13.2917
19.2083
24.7917
28.0417
31.4583
33.8333
35.375
36.2083
34.9583
31.3333
26.4583
19.5417
10.75
1.66667
-5.29167
-9.54167
-11.5417
-10.6667
-7.83333
-4.625
-1.70833
0.125
-0.0833333
-0.25
-0.541667
-0.791667
-1.08333
-1.16667
-1
-2.125
-4
-5.08333
-5.375
-5.04167
-4.125
-1.75
1.66667
4.16667
5.625
6.25
4.70833
1.20833
-3.04167
-7.5
-11.5833
-15.0833
-16.375
-15.2083
-12.7083
-9.45833
-6.125
-3.16667
-0.833333
-1.125
-1.91667
-0.791667
0.625
1
-0.208333
-1.41667
-0.875
1.08333
2.375
1.5
-0.333333
-1.08333
-1.58333
-3.45833
-2.08333
5.33333
9.5
4.25
-2.58333
-3.91667
-2.29167
-1.75
-1.95833
-0.541667
1.375
1.54167
1
0.208333
-1.04167
-1.54167
-1.08333
-0.875
-1.04167
-0.375
0.333333
0.583333
-0.5
-1.54167
-0.833333
1.08333
2.29167
1.33333
-0.791667
-1.875
-2.625
-4.04167
-0.916667
7.625
10.8333
4.58333
-2.125
-3.54167
-2.75
-2.91667
-2.79167
-0.791667
1.25
1.875
1.66667
0.458333
-1.20833
-1.66667
-1.04167
-0.708333
-0.541667
0.166667
0.541667
0.333333
-0.666667
-1.375
-1.29167
-0.458333
1.125
1.16667
-0.791667
-1.5
-1.83333
-3.45833
-0.416667
7.95833
10.8333
5
-0.916667
-2.625
-2.95833
-3.5
-2.91667
-0.75
0.958333
1.66667
1.91667
0.583333
-1.45833
-1.91667
-1.20833
-0.666667
-0.0416667
0.458333
0.458333
-0.25
-1.54167
-2.125
-2.20833
-0.875
2.16667
1.58333
-2.66667
-3.08333
-1.29167
-2.25
0.75
9.375
12.1667
6.125
-0.0833333
-2.08333
-2.45833
-3.16667
-2.875
-1.25
0
1.04167
1.75
0.416667
-1.70833
-2.25
-1.70833
-0.416667
0.125
0.25
-0.208333
-1.29167
-2.625
-3.16667
-2.83333
-0.458333
2.54167
0.583333
-3.625
-1.79167
1.45833
-0.0833333
1.66667
8.20833
9.54167
5.16667
1.33333
0.0833333
0.541667
0.0416667
-2
-2.91667
-1.91667
0.0416667
1.125
-0.291667
-2.25
-2.5
-2
-0.583333
-0.25
-0.166667
-0.833333
-2.41667
-3.83333
-4.66667
-4.20833
-0.333333
3.25
1.45833
-1.25
0.833333
2.91667
1.08333
1.79167
5.75
6.33333
4.08333
2.20833
1.33333
3.29167
5.45833
1.54167
-5.08333
-5.95833
-1.70833
1
-0.416667
-2.58333
-2.79167
-2.33333
-0.458333
-0.75
-1.20833
-2.08333
-3.54167
-5
-6.41667
-5.04167
1.04167
5.5
3.375
0
1.58333
4.04167
3
2.5
3.08333
2.58333
2.875
3.58333
4.04167
6.83333
7.875
1.125
-6.75
-7.125
-2.45833
0.541667
-0.458333
-2.5
-3.16667
-3.04167
-0.916667
-1.41667
-2.41667
-3.75
-5.04167
-6.20833
-6.79167
-3.54167
3.5
7.45833
4.66667
0.666667
1.95833
4.83333
3.75
1.58333
0.833333
1.20833
3.25
5.66667
7.08333
8.29167
6.625
-0.708333
-7.25
-6.75
-2.5
0.166667
-0.375
-2.20833
-3.33333
-3.625
-1.66667
-2.625
-3.91667
-5.29167
-6.54167
-7
-5.41667
0
7.375
9.95833
5.20833
-0.25
0.125
2.91667
2.91667
1.70833
1.20833
2.04167
5.25
8.29167
8.375
6.83333
3.25
-3.29167
-7.75
-6.125
-1.875
0.791667
0.75
-1.20833
-3.125
-4
-2.83333
-4.45833
-5.58333
-6.58333
-7.41667
-6.29167
-1.5
5.91667
11.4167
10.2917
3.625
-1.45833
-1.33333
0.208333
0.625
0.958333
1.83333
4.20833
8.08333
9.91667
7.66667
3.75
-0.625
-5.58333
-8
-6.16667
-2.45833
2
4.58333
2.375
-1.625
-4.125
-4.5
-6.5
-7.20833
-7.70833
-7.5
-3.54167
4.875
12.625
13.9167
8.5
1.5
-2.25
-4
-5
-3.08333
0.958333
5.16667
9.125
11.375
9.66667
4.20833
-1.54167
-4.79167
-6.70833
-8.16667
-7.625
-3.79167
4.04167
10.625
8.66667
1.29167
-4.45833
-6.33333
-8.375
-8.91667
-8.75
-5.70833
1.75
12.5
19.125
13.1667
1.29167
-3.79167
-2.83333
-2.75
-4.375
-4.375
-0.166667
6.95833
12.375
12.5
7.375
0.5
-5.04167
-8.08333
-8.04167
-7.70833
-8.70833
-5.5
5.54167
16.4167
15.6667
5.08333
-4.5
-8.33333
-10.2917
-10.25
-8.58333
-2.375
8
20.125
23.1667
8.04167
-8.45833
-8.58333
-1
2.125
0
-4.08333
-3.16667
5.5
13.4583
12.4167
4.08333
-4
-8.375
-8.54167
-5.41667
-6.20833
-11.25
-8.25
6.58333
20.9583
21.5
9.45833
-3.41667
-10.1667
-12.2917
-11.25
-7.625
1.375
14.1667
26.5833
25.2083
2.08333
-17.6667
-12.5833
1.58333
7.625
4.83333
-3.45833
-6.41667
2.875
13.3333
11.75
-0.166667
-9.58333
-10.4167
-5.79167
-0.833333
-4.29167
-13.9583
-12
6.20833
24.375
27
14.2917
-1.83333
-11.375
-13.625
-12.2083
-6.79167
5.08333
19.25
30.875
26.875
-2
-25.7083
-16.4583
4.58333
13.125
8.33333
-4.16667
-9.58333
1
13.2083
9.58333
-6
-14.5833
-10.5833
-1.70833
5.41667
-0.0416667
-15.9167
-17.2083
3.70833
26
31.75
19.4583
0.25
-11.875
-14.6667
-13.4583
-5.91667
8.79167
23.0417
32.2917
26.375
-4
-29.375
-18.5417
7.04167
17.375
10.2917
-5.25
-11.9583
-0.875
11.375
5.75
-11.375
-17.9167
-9.79167
3.08333
13.3333
5.91667
-16.875
-21.875
0.125
24.625
33.6667
23.5
2.625
-12
-15.6667
-14.5417
-4.54167
12.2083
25.0833
31.625
25.0417
-5.04167
-30.125
-17.8333
8.54167
18.7083
11.7917
-4.875
-14.0417
-4.20833
8.33333
2.29167
-15.4167
-19.75
-7.91667
7.875
20.7083
12.375
-16.4167
-25.9583
-4.125
21.3333
32.875
26.0833
5.20833
-12.0833
-16.125
-14.75
-3.20833
13.9167
25.25
30.9167
24.8333
-4.95833
-29.2083
-15.75
9.08333
16.75
10.3333
-4.79167
-14.875
-6.75
5.91667
0.333333
-17.3333
-19.9583
-5.625
11.4167
25.4583
17.5417
-14.7083
-28.9583
-8.45833
17.7083
31.25
27.7083
7.54167
-11.875
-16.2917
-15
-2.875
14.3333
25.0833
30.625
25.2917
-3.20833
-26.5
-14.3333
7.20833
12.5417
6.83333
-5.29167
-13.8333
-7.04167
4.375
-0.791667
-17.7917
-19.9167
-4.08333
14.6667
29.5
21.3333
-13.5833
-31.7083
-12.4167
15.0833
30.5833
28.7083
8.625
-11.125
-16.125
-15.625
-3.625
13.9583
24.875
30.7083
26.4167
-0.583333
-23.7083
-14.2917
3.91667
8.125
3.58333
-5.83333
-12.7083
-6.79167
4.04167
-0.125
-17.2917
-20.3333
-3.125
17.5417
32.875
23.875
-13.875
-34.5833
-15
14.1667
30.625
28.9167
8.5
-10.125
-15.3333
-16
-5.625
12.0417
24.6667
32
28.125
0.708333
-23
-14.7917
1.66667
5
1.83333
-5.625
-13.1667
-8.16667
4.95833
3.70833
-14.4167
-20.9583
-3.33333
20.5417
34.125
20.9167
-16.5
-34.8333
-14.0833
15.6667
31.0417
27.4583
7
-8.91667
-13.8333
-15.5833
-8.08333
8.41667
23.9167
34.6667
30.125
-0.708333
-25
-14.9583
1.375
3.875
1.33333
-6.41667
-15.375
-9.125
7.79167
9.125
-9.20833
-18.4167
-3.25
18.9583
28.6667
14.0417
-18.1667
-31.6667
-9.91667
19.25
31.5833
24.4583
4.04167
-7.54167
-12.375
-15.125
-10.0833
5.83333
23.1667
34.375
28.3333
-2.04167
-23.5
-13.375
0.333333
1.625
-1.33333
-8.5
-14.4583
-6.125
10.5417
12.9167
-3.29167
-13.2083
-2.75
12.7917
18.4583
6.70833
-17.0833
-24.3333
-3.125
22.2917
30.25
19.5417
-0.125
-5.58333
-10.8333
-14.4583
-10.7083
3.875
20.25
30.0417
24.25
-0.541667
-17.4583
-11.2917
-3.25
-3.20833
-4.95833
-8.25
-9.95833
-2
11.875
14.7917
1.66667
-8.75
-3.54167
6.95833
10.75
1.95833
-14.25
-16.375
3.125
23.7083
26.7083
13.2083
-4.58333
-3.16667
-8.33333
-13.125
-11.375
1.04167
16.0833
24.875
20.8333
2.04167
-12.25
-10.6667
-7.16667
-7.08333
-6.33333
-6.45833
-5.83333
1.58333
13.4583
16.5
5.125
-6.29167
-5.125
2.375
5.20833
-1.45833
-10.7917
-7.375
9.58333
22.8333
20.25
5.875
-8.29167
-1.45833
-5.66667
-10.6667
-10.875
-1.75
11.125
19.0833
16.7083
3.54167
-8.20833
-10.625
-9.66667
-7.75
-5.375
-4.66667
-2.5
4.91667
14.0417
15.7083
6.79167
-3.45833
-5.375
-0.958333
0.291667
-4.29167
-5.58333
2.29167
13.5833
18.9583
12.625
-1.08333
-10.8333
-0.333333
-3.54167
-7.95833
-8.83333
-3
6.16667
12.1667
10.9167
2.91667
-5.5
-9.33333
-9
-6.20833
-3.83333
-2.33333
1.45833
7.54167
12.125
11.6667
6.41667
0.375
-3.41667
-4.16667
-3.16667
-1.75
1.58333
7.29167
12.5
12.9167
5.33333
-6
-11.75
0.125
-2.08333
-5.54167
-6.16667
-2.29167
2.41667
4.5
4.5
1.625
-4.33333
-8.16667
-7.25
-3.91667
-1
1.91667
6.375
8.79167
7.54167
5.66667
3.91667
2
-0.333333
-2.125
-0.833333
2.04167
4.83333
8.08333
9
5.5
-1.29167
-8.41667
-10.8333
0.375
-0.541667
-3.16667
-4.16667
-2.625
-1.04167
0
1.5
0.541667
-4.33333
-7.66667
-6.875
-2.70833
3.04167
7
8.5
7.04167
3.95833
2.45833
2.79167
3.45833
2.20833
0.0833333
1.33333
4.70833
6.41667
6.08333
3.625
-0.708333
-5.41667
-8.79167
-8.58333
0.333333
0.5
-1.41667
-3.125
-3.20833
-2.625
-1.45833
0.625
0.291667
-4.625
-8.58333
-6.54167
0.666667
7.5
8.70833
6.5
4.20833
2.33333
1.41667
1.70833
2.91667
2.83333
1.70833
3.5
6.33333
6
3.33333
-0.5
-4.375
-6.75
-7.58333
-6.16667
-0.166667
0.5
-0.416667
-1.75
-2.625
-3
-2.16667
-0.125
-0.166667
-4.625
-7.83333
-4.45833
2.83333
7.54167
6.79167
4.58333
3.33333
2.125
1.33333
1.83333
3.45833
3.20833
1.29167
2.875
5.91667
4.83333
0.583333
-3.54167
-5.29167
-5.33333
-5.375
-4.20833
-0.375
0.0416667
-0.25
-0.916667
-1.79167
-2.58333
-2.29167
-0.625
-0.5
-3.75
-5.08333
-1.875
2.33333
4.75
4.375
3.16667
2.79167
2.5
1.875
1.95833
3.33333
2.95833
0.875
2.54167
5.16667
2.25
-2.70833
-4.45833
-3.70833
-3.25
-3.54167
-2.83333
-1.55556
-1.81481
-2.90741
-4.48148
-6.42593
-8.53704
-11.5185
-14.6296
-17.4259
-19.3333
-19.9259
-20.2963
-21.1667
-22.2222
-22.963
-22.8333
-22.3704
-21.3333
-20.8148
-20.6852
-19.6111
-17.4074
-14.5185
-11.4074
-8.14815
-5.05556
-3
-1.68519
-3.05556
-4.16667
-6.35185
-8.87037
-11.6296
-14.6852
-18.1852
-21.4815
-24.4074
-26.6667
-28.0926
-28.7963
-29.3704
-29.7407
-29.8519
-29.7963
-29.6481
-28.3704
-26.8148
-24.9444
-22.3333
-19.3148
-16.2222
-12.963
-9.27778
-5.62963
-3.37037
-1.98148
-4.24074
-6.48148
-9.37037
-12.0556
-15.2037
-18.8333
-21.6296
-23.2222
-23.6296
-23.1296
-22.2593
-20.9444
-19.5
-17.6667
-15.8704
-15.2778
-15.3889
-15.0185
-14.4444
-13.2593
-11.7407
-10.6296
-9.5
-7.96296
-5.81481
-3.7037
-2.59259
-1.90741
-5.25926
-8.01852
-10.6481
-12.9444
-15.0741
-16.5556
-15.7778
-13.5741
-10.5556
-6.90741
-3.03704
0.796296
4.81481
8.66667
11.6296
12.6667
12.7963
12.3519
11.6667
10.963
9.75926
7.81481
5.64815
3.74074
1.85185
0.0925926
-1.11111
-1.7037
-7.05556
-9.33333
-10.1667
-10.3148
-9.40741
-7.05556
-2.75926
2.48148
8.18519
14.2037
20.0185
24.5185
28.6667
32.0185
34.6296
36.7778
38.7407
38.3519
36.2037
33.2963
29.7593
25.4444
20.7593
15.6667
9.64815
3.44444
-0.259259
-1.83333
-7.94444
-8.7037
-7.37037
-5.05556
-0.425926
6.05556
13.4259
20.4074
26.6667
32.0926
36
37.9444
39.5185
40.1852
40.8519
42.6667
44.7407
44.5
42.963
40.6852
37.5741
33.2037
27.3704
20.3148
11.8889
4.09259
-0.37037
-2.61111
-6.24074
-4.98148
-1.55556
3.5
10.5556
18.3704
25.6852
32.0926
37.5
41.1296
42.1111
41.0926
39.1852
37.2037
36.2778
36.5741
36.8148
36.1481
35.3148
34.1852
32.0185
27.9259
21.6852
14.2222
6.87037
0.925926
-2.7037
-5.03704
-1.51852
1.51852
6.07407
11.9444
17.8889
23.1667
27.7407
32.1111
35.8148
37.4259
36.1667
33.6111
30.8148
29.4259
28.7963
27.3519
24.2407
21.9444
21.1296
20.7407
18.7222
14.2593
7.62963
1.12963
-3.03704
-4.61111
-5.94444
-7.77778
3.44444
7.18519
11.5556
15.9815
17.6852
17.5
16.7037
16.9444
17.8519
17.8704
16.463
14.8704
13.8333
15.2222
16.4074
15.2037
11.7963
8.85185
6.87037
5.25926
2.07407
-2.42593
-7.35185
-10.6852
-10.5
-8.46296
-7.61111
-8.07407
5.7963
8.74074
11.4815
12.2963
9.25926
4.37037
-1
-4.83333
-6.94444
-8.07407
-8.5
-8.42593
-6.68519
-2.87037
-0.407407
0.185185
-0.944444
-3.59259
-6.92593
-10.0556
-13.463
-15.9259
-16.7407
-15.3704
-11.9444
-8.07407
-5.5
-4.05556
5.55556
6.72222
6.83333
4.5
-0.0185185
-5.22222
-10.6667
-15.6852
-19.3704
-21.0741
-20.7407
-19.4444
-16.9444
-14.463
-13.3889
-12.5185
-11.8519
-13.6852
-17.3333
-20.7407
-22.3519
-21.0556
-16.8889
-11.6667
-7.22222
-3.75926
-0.759259
1.94444
4.24074
3.5
1.18519
-2.03704
-4.01852
-5
-5.88889
-7.87037
-10.5
-12.2593
-11.9444
-10.6296
-9.74074
-11.4444
-14.2593
-16.2593
-17.4815
-19.5926
-22.2593
-23.8519
-22.3704
-17.963
-11.5
-5.46296
-1.92593
0.5
3.14815
5.92593
3.44444
1.7963
-1.48148
-3.2037
-1.55556
2.03704
6.2037
8.37037
7.87037
6.40741
5.92593
6.51852
4.92593
-0.5
-6.68519
-12.5741
-17.4074
-20.0741
-20.8148
-19.7222
-16
-10.9444
-5.24074
-0.759259
1.59259
3.37037
5.33333
6.90741
3.42593
2.24074
-0.0555556
-0.148148
2.48148
6.74074
11.4259
14.5185
14.8704
13.4815
12.1667
11.6667
9.03704
3.7037
-2.37037
-9.05556
-14.6667
-16.4259
-15.0926
-12.3333
-8.55556
-4.87037
-1.48148
1.22222
3.55556
5.44444
6.57407
6.64815
4.24074
4.40741
4.53704
5.09259
5.66667
6.59259
7.22222
7.14815
6.18519
4.75926
2.92593
1.11111
-1.03704
-3.22222
-5.85185
-8.96296
-10.7407
-9.5
-6.75926
-4.07407
-1.74074
0.111111
1.87037
3.83333
6.46296
8.16667
8.14815
7.11111
5.33333
6.64815
8.64815
8.75926
7.18519
4.46296
0.574074
-3.22222
-5.92593
-7.61111
-9.64815
-12.4444
-13.8333
-13.3519
-12.1852
-10.3704
-6.7963
-2.48148
0.87037
2.66667
3.62963
4.72222
5.81481
7.33333
9.51852
10.0926
8.90741
7.64815
5.7963
7.22222
9.51852
9.44444
7.92593
4.35185
-0.722222
-5.53704
-8.68519
-10.4259
-12.4815
-15.7037
-17.3889
-17.0185
-14.2593
-9.5
-3.24074
2.31481
5.7963
7.38889
8.33333
9.66667
10.5926
11.1852
11.5926
10.6296
8.72222
7.44444
5.33333
6.22222
7.27778
7.51852
7.74074
6.01852
3.16667
0.388889
-1.46296
-3.18519
-5.57407
-8.77778
-11.5
-13.0926
-11.1667
-6.59259
-1.12963
3.64815
7.33333
9.7963
11.8148
13.7407
14.5185
14.0741
12.4815
9.98148
7.55556
6
5.14815
5.7963
5.57407
6.03704
7.16667
7.42593
7.25926
6.7037
5.68519
3.03704
-0.314815
-3.24074
-6.2963
-9.07407
-8.92593
-6.2037
-3.14815
0.574074
4.62963
7.85185
10.2222
11.9815
12.8889
12.5556
10.2778
7.38889
4.75926
2.94444
6.2963
7.35185
6.37037
6.24074
6.40741
7.09259
7.62963
7.25926
5.05556
0.5
-3.88889
-5.77778
-7.37037
-9.35185
-10.8148
-10.3704
-9.31481
-6.98148
-3.85185
-1.59259
-0.5
0.277778
1.83333
3.31481
2.75926
1.12963
-0.222222
-0.537037
6.94444
8.25926
7.11111
5.7963
4.11111
3.40741
2.33333
-0.12963
-5.07407
-11.3148
-15.2407
-15
-13.8704
-13.5926
-15.1667
-16.2593
-16.6481
-16.1111
-15.3519
-15.8519
-17.4444
-17.7407
-15.3519
-11.6852
-8.92593
-7.07407
-5.18519
-2.61111
5.07407
5.7037
4.68519
3.05556
0.62963
-1.61111
-4.92593
-9.64815
-15.6111
-20.0741
-21.1852
-18.7037
-15.463
-13.0556
-13.037
-13.9444
-14.9444
-16.6296
-19.1667
-22.2593
-24.8704
-25.2593
-22.7037
-18.5185
-13.6667
-8.68519
-3.7963
0.851852
-0.574074
-1.12963
-1.44444
-2.12963
-3.90741
-6.98148
-11.1111
-15.6111
-18.8519
-18.8333
-16.463
-13.3333
-10.0741
-6.38889
-3.42593
-2.2037
-2.42593
-4.7963
-8.51852
-11.3519
-12.5
-11.8148
-10.1852
-8.03704
-4.51852
0.166667
4.64815
7.92593
-5.7037
-6.75926
-6.31481
-5.59259
-6
-8.05556
-10.2778
-11.4444
-9.7963
-5.27778
-1.09259
1.18519
3.11111
6.61111
11.0741
14.0556
14.8519
13.3148
11.0741
11.0926
13.1667
14.8704
14.7778
13.7222
13.3704
14.2037
14.9074
14
-8.46296
-9.22222
-8.27778
-6.98148
-6.40741
-6
-4.22222
-0.592593
4.98148
10.8148
14.5
15.2963
15.7778
18.1481
21.3519
23.8333
25.3148
25.7407
26.6852
30.0741
33.9444
35.4444
33.6296
30.0185
25.7407
21.5185
17.5185
12.5185
-7.62963
-7.94444
-7.31481
-6.24074
-4.35185
-0.537037
5.31481
12.7222
20.1667
25.9259
29.463
31.037
32.2593
33.5741
34.0556
34.0741
34.1852
34.8889
37.1111
40.0741
41.7037
40.2222
35.963
30.4074
24.1481
17.5
11.2222
4.48148
-6.18519
-6.68519
-6.51852
-5.88889
-3.03704
2.75926
10.4444
18.9259
26.5185
32.2222
36.5
39.5926
42.2778
43.2037
42.1296
40.5741
39.6852
39.7593
40.4074
39.9444
37.2593
32.3333
26.1667
19.6481
12.963
6.14815
-0.0555556
-5.2963
-4.48148
-5.25926
-5.55556
-5.18519
-2.22222
2.62963
8.74074
15.5185
22.1667
28.1667
33.6852
38.7778
43.2037
45.0185
45.2778
44
41.7037
39.2963
36.3333
31.1296
24.1481
16.537
9.18519
2.55556
-2.55556
-6.42593
-9.51852
-11.3148
-0.444444
-0.759259
-2.35185
-4.03704
-4.25926
-1.75926
0.592593
1.25926
-0.592593
-1.61111
-1.48148
0.37037
3.44444
8.05556
11.537
11
6.57407
1.83333
-0.814815
-1.74074
-2.61111
-3.01852
-2.40741
-0.62963
0.462963
-0.0555556
-1.88889
-3.51852
-1.27778
-2.33333
-4.35185
-5.81481
-5.68519
-2.51852
0.537037
2.35185
1.37037
0.666667
0.185185
1.14815
3.57407
7.98148
11.537
11.1481
6.96296
2.90741
1.46296
1.72222
0.333333
-2.25926
-4.22222
-3.24074
-1.38889
-0.796296
-2.2037
-3.92593
-2.85185
-4.7037
-6.87037
-7.66667
-6.14815
-1.55556
2.48148
4.61111
3.37037
2.14815
1.01852
1.5
3.55556
7.72222
11.1296
10.9444
7.66667
4.92593
4.5
4.2963
1.31481
-3.18519
-6
-4.90741
-2.31481
-1.09259
-2.2037
-4.07407
-4.92593
-7.12963
-8.92593
-8.5
-5.18519
0.777778
5.44444
7.03704
4.88889
2.7037
1.2963
1.85185
3.64815
6.88889
9.51852
10.1667
9.12963
8.2963
7.61111
5.24074
0.259259
-4.90741
-7.01852
-5.25926
-2.25926
-1.01852
-2.16667
-4.2037
-6.77778
-8.66667
-9.66667
-7.92593
-2.96296
3.88889
8.35185
8.59259
5.07407
2.14815
1.01852
2.12963
3.77778
6.18519
8.51852
10.5556
11.6296
11.4074
9.14815
4.12963
-2.07407
-7.16667
-7.96296
-5.33333
-1.40741
0.0555556
-1.09259
-3.72222
-8.72222
-9.64815
-9.09259
-5.55556
1.07407
8.22222
11.5926
9.12963
3.16667
-1.07407
-1.44444
1.22222
4.07407
6.90741
9.7963
12.8889
14.463
13.1111
8.40741
1.51852
-5.09259
-9.46296
-9.46296
-5.96296
-0.611111
2.53704
2.24074
-1.16667
-11.0185
-10.4815
-7.38889
-0.888889
7.11111
12.9815
13.0185
7.53704
0.444444
-3.59259
-3.44444
-0.574074
3.18519
7.75926
12.6111
16.2407
16.2593
12.4259
5.98148
-0.759259
-6.87037
-11.2407
-12.0926
-8.16667
-0.407407
6.25926
8.07407
3.74074
-13.3519
-10.6481
-4.14815
5.44444
13.5
16.0556
11.4074
4.16667
-1.51852
-2.96296
-2.5
-0.777778
2.31481
8.03704
14.1852
17.2963
15.0185
9.22222
3.12963
-1.7037
-6.61111
-12.0185
-14.8704
-11.1481
-0.703704
10.2778
14.7778
9.83333
-14.9444
-9.42593
0.722222
12.6481
19.1852
16.5556
6.98148
-0.388889
-1.37037
2.03704
3.24074
1.53704
0.666667
4.44444
10.7407
14.1481
11.6296
5.85185
0.981481
-1.85185
-5.7037
-11.7593
-16.4074
-13.1852
-0.888889
13.8148
21.0556
16.1481
-15.7593
-7.03704
6.59259
20.0741
24.6481
16.8148
3.38889
-4.05556
-1.16667
5.14815
6.61111
2.18519
-1.18519
1.46296
8.25926
12.1296
9
2.18519
-3.03704
-4.44444
-6.18519
-10.8704
-16.0185
-13.6481
-0.666667
16.9259
26.8889
22.5556
-15.9444
-4.05556
12.8889
27.9444
31.1481
18.6667
0.388889
-9.12963
-4.48148
4.92593
7.75926
2.55556
-2.33333
-0.0185185
7.27778
11.3148
7.14815
-1.40741
-7.66667
-8.35185
-7.18519
-9.11111
-13.6667
-13
-0.888889
18.5741
31.6296
28.7222
-15.7037
-0.555556
19.1852
35.2963
37.037
21
-1.33333
-13.3148
-8.38889
2.51852
6.38889
0.925926
-3.96296
-0.666667
7.74074
11.3519
4.62963
-6.59259
-13.2037
-10.463
-4.42593
-3.96296
-10.5556
-13.7407
-3.09259
18.7222
35.4259
34.4259
-15.1667
2.96296
25.1296
41.7963
41.7222
22.3148
-3.62963
-17.0741
-11.6852
0.796296
5.09259
-0.703704
-5.68519
-1.44444
7.7037
10.037
0.259259
-12.9074
-17.3148
-8.72222
2.33333
2.83333
-8.51852
-16.6481
-7.01852
17.9815
38.8889
39.963
-14.5185
6.01852
30.3333
47.4074
44.8704
21.1852
-8.24074
-21.2593
-12.963
2.59259
6.83333
-0.611111
-7.40741
-3.62963
5.07407
5.77778
-6
-18.6481
-18.4259
-3.27778
11.3333
10.0185
-7.25926
-20.4444
-12
16.1667
41.2963
44.8704
-13.9259
8.57407
34.4815
51.2037
45.6111
17.9259
-13.5556
-24.5741
-12.0926
6.98148
11.4815
1.88889
-8.31481
-7.5
-1.01852
-1.46296
-12.6852
-22.3333
-16.7037
3.7037
20.6481
17.1667
-5.24074
-23.2778
-16.8704
12.8889
41.2593
47.5556
-13.5556
10.2593
37.0926
52.9815
45.2963
15.3519
-16.4815
-26.1667
-11.2593
9.83333
15.1852
4.44444
-9
-11.8519
-7.40741
-7.48148
-16.5185
-23.4259
-14.2963
9
28.0185
23.5
-2.07407
-24.6667
-21.037
8.7037
39.2407
48.0926
-13.9259
9.88889
37.1852
53.3333
46.2593
16.2963
-15.2778
-26.1481
-12.0741
7.90741
13.7407
3.01852
-10.9444
-14.6852
-9.53704
-7.44444
-14.7963
-21.5185
-12.8148
10.9444
30.8889
26.3889
-0.518519
-25.2037
-22.9074
6.46296
37.7222
47.5
-15.1667
7.66667
35.2778
52.963
48.2963
19.963
-11.4444
-24.8889
-14.4074
2.14815
6.98148
-2.77778
-14.1111
-14.5926
-6
-1.48148
-8.57407
-17.4074
-11.8889
9.51852
28.5926
24.6296
-1.2037
-24.7593
-21.7407
7.42593
37.8333
46.3333
-16.1852
5.46296
32.6296
50.7037
48
22.5926
-6.85185
-21.7963
-16.0926
-4.7963
-2.25926
-9.85185
-15.963
-11.1852
0.351852
5.40741
-2.37037
-12.9259
-10.2593
7.2963
23.8333
19.9815
-2.61111
-22.3889
-17.3333
10.5556
37.7593
43.1667
-16.3704
3.40741
28.8148
46.0741
44.6296
22.7593
-3.31481
-18.2407
-16.6111
-10.1667
-9
-13.3889
-14.5926
-6.90741
4.74074
8.90741
1.12963
-9.25926
-7.68519
6.85185
20.4444
16.1111
-3.38889
-19.0185
-12.0741
13.463
36.1111
37.8519
-16.3333
0.814815
24.3333
41.0185
40.4444
20.6296
-3.27778
-17.463
-17.0741
-11.8148
-9.90741
-11.6667
-11.037
-3.75926
6.38889
10.0185
3.40741
-5.88889
-5.01852
6.53704
16.9444
12.3704
-3.46296
-14.2407
-5.92593
15.9259
32.7037
30.7222
-15.7037
-1.57407
19.463
35.1667
35.3519
17.5556
-4.31481
-17.8148
-17.4444
-11.6852
-7.7963
-7.75926
-6.96296
-1.38889
7.01852
10.6111
5.66667
-2.35185
-2.72222
5.12963
12.5741
8.90741
-1.98148
-8.24074
0
16.7593
27.5926
22.7963
-14.7407
-3.62963
14.2778
28.3704
29.3704
14.4074
-4.77778
-17.4444
-17.1296
-11.1667
-5.62963
-4.38889
-3.40741
0.888889
8.24074
12.1852
8.62963
1.09259
-1.57407
2.81481
8.44444
7.12963
0.481481
-3.03704
3.48148
15.5556
21.8148
15.4815
-13.3704
-5.2037
9.35185
21.463
23.1667
11.2778
-5.27778
-16.6111
-16.6852
-10.5
-4.48148
-2.14815
-0.555556
3.88889
10.9074
14.7778
11.5741
3.87037
-0.425926
1.37037
5.5
5.09259
1.22222
-0.277778
5.42593
13.9259
16.5185
9
-11.6852
-6.33333
4.72222
14.6852
16.9259
8.44444
-4.72222
-14.3704
-15.7407
-11.0185
-5.55556
-1.59259
2
7.64815
14.2963
17.7222
14.8704
7.7963
1.74074
-0.203704
0.444444
0.555556
0.351852
2.35185
7.85185
12.6852
11.5185
2.96296
-9.2963
-6.33333
0.907407
8.03704
10.3704
5.74074
-3.24074
-10.8889
-13.6667
-10.7407
-5.75926
-0.296296
4.81481
10.4074
15
16.463
13.7963
8.5
3.05556
-0.537037
-1.57407
-0.666667
1.7963
5.2963
9.09259
10.2222
6.16667
-2.35185
-6.62963
-5.35185
-1.57407
2.33333
4.07407
2.53704
-2.55556
-7.7963
-11.2593
-9.38889
-4.66667
2.31481
8.16667
12.4259
13.5741
12.463
10.0741
7.2037
3.90741
0.611111
-0.574074
0.722222
4.27778
7.42593
8.74074
6.42593
0.5
-6.85185
-4.53704
-4.81481
-3.61111
-1.40741
0.222222
0.518519
-2.7037
-6.42593
-9.27778
-6.55556
-1.09259
5.94444
10.037
11.3519
9.83333
7.72222
6.03704
4.90741
3.83333
2.74074
3.09259
4.59259
6.74074
7.22222
5.61111
1.40741
-4.2963
-9.42593
-1.83333
-0.444444
1.55556
1.94444
0.5
-0.888889
-1.05556
0.222222
0.611111
-0.0555556
-1.38889
-2.44444
-3.27778
-5.88889
-9.77778
-12
-8
1
9.16667
11.6667
9.55556
5.61111
2.05556
-0.555556
-1.5
-1.22222
-0.611111
0
0.666667
1.22222
1.44444
1.27778
-0.944444
0.111111
1.66667
1.55556
-0.277778
-2.05556
-2.22222
-0.555556
0.333333
0.111111
-0.611111
-1.22222
-2.38889
-5.72222
-9.27778
-10.1111
-6
0.555556
5.16667
6.61111
6.22222
5.05556
3.55556
1.38889
0.333333
-0.222222
0
0.333333
0.833333
1.27778
1.44444
1.44444
-0.333333
-0.277778
0.388889
0.555556
-0.0555556
-1.16667
-1.66667
-1.55556
-1.83333
-2.83333
-3.88889
-4.16667
-4
-3.94444
-3.5
-2.33333
-1.11111
-0.944444
-1.61111
-1
1.33333
3.77778
5.22222
4.72222
3.94444
2.22222
1.44444
1.22222
1.72222
1.88889
1.77778
1.66667
-0.222222
-0.388889
-0.444444
-0.0555556
0.5
0.333333
-1.22222
-4.33333
-6.72222
-7.33333
-7.11111
-7.61111
-9.22222
-7.83333
-3.11111
2.44444
3.05556
-1.33333
-5.55556
-4.77778
0.166667
5.05556
8.16667
9
8.61111
6.72222
5.22222
4.5
4.11111
3.44444
2.27778
1.5
-0.0555556
-0.333333
-0.722222
-0.722222
-0.555556
-1.38889
-4.22222
-8.61111
-11.7778
-12.5
-13.3889
-14.3889
-14.4444
-8.33333
0.111111
5.94444
3.88889
-2.55556
-6.83333
-5.66667
-0.5
5.88889
12
16.2778
16.6667
13.8333
10.3333
7.77778
6.11111
4.44444
2.88889
1.5
0.611111
0.611111
-0.222222
-1.83333
-4.16667
-7.27778
-11.7778
-15.7778
-17.5
-15.3333
-13.5
-11.9444
-10.5556
-5.55556
0.111111
3.55556
2
-1.72222
-4.11111
-3.77778
-1.22222
4.83333
13.8333
22.1667
23.5
18.8889
12.7222
8.72222
6.55556
4.94444
3.5
2.05556
1.16667
0.888889
-0.888889
-4.38889
-9.11111
-14.2222
-18.3333
-19.4444
-17.8889
-14.2778
-11.1111
-5.94444
0.444444
6.77778
9.27778
7.77778
3.33333
-1.61111
-5.33333
-7
-5.11111
2.05556
12.6111
20.9444
21.2222
15.9444
9.83333
6.22222
4.88889
4.27778
4.05556
3.22222
0.5
-0.611111
-3.61111
-7.94444
-13.4444
-18.3333
-20.3889
-18.5
-13.1111
-6.83333
0.888889
8.38889
14.0556
13.8889
10.2778
5.83333
2.55556
-0.388889
-2.72222
-3
-0.444444
4.05556
7.66667
8.55556
6.61111
3.94444
2.05556
1.61111
2.44444
3.77778
4.55556
4.38889
-1.44444
-4
-7.83333
-12
-15.9444
-18.2222
-15.7778
-9.16667
0.833333
8.16667
14.3333
16.3333
15.6667
10.8889
6.11111
2.83333
1.11111
0
0.722222
5
11.2222
11.8889
4.22222
-8.33333
-14.1667
-12.5556
-6.83333
-2.94444
0.222222
3.05556
5.05556
5.38889
-3.77778
-7.83333
-12
-15
-16.3333
-14.2778
-6.55556
5.16667
18.1111
24.8333
26.9444
20.6111
11.3889
0.111111
-6.5
-8.44444
-5.77778
0.166667
8.66667
18.2222
22.5556
15.2222
-2.61111
-20.6667
-26.7222
-23.3333
-16.1667
-10.7778
-4.55556
2.05556
6.94444
8.44444
-4.77778
-9.61111
-13.7222
-15.9444
-14.8333
-8.38889
4.61111
21.1111
33.6667
35.9444
29.2222
16.2778
3.66667
-7.72222
-14.3333
-15.7778
-10
1.61111
14.8333
23.3333
21
7.72222
-9.88889
-22.7778
-27
-27
-25.5556
-21.8333
-12.2222
0.444444
10.8333
14.2778
-4.61111
-9.22222
-13.2222
-15
-12.2222
-1.72222
15.2778
32.7222
38.8333
31.3889
16.1111
4.5
-0.666667
-3.72222
-7.88889
-10.6667
-5.88889
5.61111
16.1111
16.2222
4.05556
-10.5556
-18.6667
-17.2778
-16.7778
-21.5
-30.0556
-30.6667
-19.8333
-1.5
14.1667
20.1667
-4.27778
-8.16667
-11.6111
-12.7778
-8.33333
4.66667
22.1667
35.1111
30.2778
11.7222
-8.83333
-12.7222
-3.16667
9.44444
13.2222
10.2778
8.55556
10.0556
9.11111
-1.33333
-17.3333
-26.6111
-22.3889
-10.2778
-5.66667
-11.8889
-24.5
-28.2778
-20.4444
-3.33333
12.6111
20.1667
-4.61111
-7.83333
-10.5556
-10.3333
-4
9.16667
23.5
28
14.5
-9.88889
-28.3889
-24.3889
-3.33333
21.7778
34.5
32.6111
22.2778
10.3333
-2.5
-17.8333
-30.7778
-32.8889
-22.3333
-7.05556
1.33333
-0.388889
-9.55556
-15.2778
-14.4444
-5.27778
5.55556
13.5556
-4.72222
-7.33333
-9
-7.16667
-0.166667
9.66667
17.4444
15.6111
3
-14.7778
-24.3333
-18.0556
0.888889
22.6111
35.3333
33.7222
20.6111
3.77778
-11.6667
-23.3333
-29.5
-28.0556
-20.0556
-8.55556
2.5
8.27778
6.33333
-0.388889
-6.72222
-7.22222
-2.66667
4.77778
-3.55556
-5.33333
-6.66667
-4.61111
1.05556
5.94444
7.38889
4.05556
1.5
-0.222222
1.27778
3.22222
7.05556
11.2778
13.8333
11.6111
4.16667
-5
-13.3333
-18.3333
-21
-21.5
-19
-10.6667
3.33333
14.6111
16.6111
8.33333
-2.22222
-8.05556
-7.16667
-1
-1.61111
-2.44444
-3.55556
-2.38889
0.722222
1.38889
-1.16667
-2.05556
5.22222
17.3889
25.1667
22.4444
11.5556
-1.11111
-10.3889
-13.6111
-12.8333
-10.8889
-10.7778
-12.3333
-15.3889
-18.5556
-17.4444
-8.16667
7.5
18.8333
19.6111
9.94444
-0.944444
-7.5
-7.55556
-3.22222
-0.166667
-0.166667
-1
-0.888889
-0.0555556
-0.944444
-3.44444
-2.38889
6.33333
20.2222
28.2778
25.3333
11.1667
-5.83333
-18.4444
-21.1667
-16.8889
-11.2222
-9.16667
-11.6667
-15.8333
-17.8333
-12.3333
-0.222222
13.3889
19.5556
16.8889
7.83333
-0.444444
-5.33333
-5.72222
-3.5
0.555556
0.944444
1
0.666667
0.0555556
-0.5
-0.388889
1.33333
4.05556
8.44444
11.3889
11.5556
4.94444
-3.5
-9.72222
-10.1667
-8.55556
-8.22222
-10.3333
-14.6111
-16.7778
-13.6667
-3.38889
8.33333
15.7778
15.8889
11.2222
4.77778
-0.0555556
-2.77778
-3.11111
-2.5
1.5
2.16667
2.88889
1.88889
0
0.111111
2.72222
4.33333
1.66667
-3.33333
-5.05556
-3.94444
-2.77778
-1.83333
0.277778
1.88889
-0.555556
-6.27778
-11.1667
-13.5
-11
-4.55556
5.16667
11.2222
12.2222
8.94444
5.27778
2.33333
0.722222
0.277778
0.0555556
-0.611111
3.72222
5
5.72222
3.16667
-0.5
-1.38889
1.66667
3.83333
2.16667
-4.44444
-8
-10.4444
-8.38889
-4.88889
0.666667
2
-2.44444
-8.16667
-8.44444
-3.38889
3.33333
8
10.8333
9.44444
4.88889
-0.277778
-2.33333
-0.944444
2
4.33333
4.16667
1.44444
6
8.77778
9.61111
5.72222
-0.444444
-4.22222
-2.83333
0.555556
3.72222
2.05556
-0.388889
-6.44444
-8.66667
-10
-9.27778
-12.1111
-15.2222
-13.2222
-1.94444
13.2778
23.6667
24.3333
17.1667
5.66667
-6.11111
-13.3333
-12.3889
-4.55556
4.83333
9.88889
8.55556
2.38889
7.55556
11.7778
13.0556
9.5
2.88889
-3.5
-5.94444
-5.5
-0.777778
3.27778
5.55556
0.722222
-5.94444
-15.2778
-23
-28.3333
-25.7222
-13.9444
5.16667
25.3889
37.7222
37.8333
23.9444
3.16667
-17.5556
-26.6667
-20.2778
-3.27778
12.4444
17.3889
12.0556
1.27778
7
11.9444
14.7222
14.2778
10
2.33333
-6.77778
-13.7778
-13.3889
-4.94444
3.27778
3.94444
-5.55556
-19.9444
-31.6111
-32.8333
-22.2778
-6.66667
8.44444
22.5
34.2222
37.4444
24.3333
0.222222
-22
-27.2778
-13.7222
7.94444
22.9444
22.8333
11.5556
-2.38889
5.05556
10.1111
14.3889
17.3333
16.7222
9.16667
-5.88889
-21.3889
-26.8889
-17.6111
-6
-1.94444
-11.3889
-23.3889
-28.5
-19.5
-3.88889
6.44444
7.66667
8.16667
14.0556
19.2778
13.6667
-2
-14.6667
-11.8889
6.38889
26.3333
33.3333
23.6111
5.72222
-8.61111
2.11111
6.88889
13.1111
18.6667
19.3889
11.3333
-6.22222
-23.1667
-30.8889
-24.5
-17.2222
-14.8333
-19.8889
-20.2778
-11.9444
4.11111
15.8889
14.9444
3.66667
-6.66667
-7.88889
-3.88889
-1.27778
-2.05556
0.944444
12.3333
29.2222
39
33.4444
15.1667
-4.55556
-15.1667
0.111111
4.16667
10.7222
16.2778
16.5
9.11111
-4.77778
-17.1667
-24.5
-25.5556
-26.7778
-26.8333
-22.5556
-9.66667
7.72222
21.3333
23.7778
15
1
-10.2222
-14.8889
-13.3889
-7.94444
0.888889
13.1667
27.8333
38.2222
37
22
1.27778
-14.6111
-19.2222
-0.555556
1.44444
6.88889
12.0556
12.9444
7.88889
-1.11111
-8.61111
-15.8333
-22.3333
-29.0556
-28.0556
-16.6667
1.88889
17.6111
23.4444
19.0556
9.55556
-0.333333
-7.22222
-10.4444
-8.94444
-2.83333
8.11111
21.1111
31.3889
31.8333
20.4444
2.05556
-13.6667
-20.6111
-18.7222
-0.0555556
0.388889
3.22222
6.94444
8.83333
7.27778
3.05556
-1.66667
-8.5
-15.2222
-19.8889
-15.7222
-5.5
6
11.8333
11.3889
7.16667
3
0.166667
-0.0555556
1.77778
5.5
9.38889
14.5
19.6667
21.3333
13.6667
-0.888889
-15.3333
-22.1667
-20.8889
-15.0556
0.222222
-0.222222
0.666667
3.11111
5.72222
6.55556
5.11111
2.16667
-1.11111
-1.94444
-0.666667
3.55556
6.05556
6.72222
4.16667
1.72222
0.277778
0.5
1.05556
2.33333
5
8.66667
12.1111
13.1667
11.5
4.55556
-6.27778
-17.2778
-23
-21.8889
-16.2222
-9.94444
0.111111
0.0555556
-0.0555556
0.833333
2.16667
3.72222
4.44444
4.44444
6.22222
11.1667
17.6667
19.9444
15.5556
7.44444
0.277778
-3.05556
-3.05556
-1
1.55556
4.22222
6.88889
8.55556
7.33333
2.11111
-5.77778
-14.4444
-20.8333
-23
-20.3889
-15.0556
-9.38889
-5.22222
-0.0555556
-0.111111
-0.444444
-0.333333
0.388889
1.83333
3.44444
5.16667
9.72222
16.2222
23.5
24.7222
21.2778
14.0556
7.66667
3
0.833333
0.722222
1.27778
0.611111
-1.72222
-5.16667
-7.94444
-11.4444
-16.2222
-21.3889
-22.7222
-19.1111
-12.5556
-6.66667
-3
-1.38889
-0.38
-1
-2.3
-4.42
-6.7
-8.82
-11.4
-13.36
-14.62
-15.72
-16.14
-14.46
-12.24
-9.56
-5.9
-2.14
1.16
5.06
9.3
12.58
14.96
15.96
15.54
13.56
11.34
9.4
7.88
6.38
-1.18
-2.58
-5.08
-8.5
-12.16
-15.68
-19.06
-20.62
-20.76
-19.42
-16.36
-11.68
-8
-4.94
-2.82
-2.32
-1.96
1.14
6.18
11.68
17.52
22.1
23.18
21.12
18.02
14.7
11.26
8.48
-2.9
-5.94
-10.3
-15.14
-19.62
-23.38
-25.74
-25.26
-23
-18.84
-13.18
-7.12
-3.08
-0.68
-0.58
-2.4
-3.42
-0.66
5
12.26
20.5
26.74
28.32
26.14
22.46
17.94
13.48
10.16
-6.24
-11.12
-17.12
-22.58
-26.6
-28.74
-28.12
-24.5
-19.74
-14.02
-7.84
-2.6
0.3
1.62
0.72
-1.5
-2.22
0.94
6.9
14.52
22.6
28.14
28.96
26.36
22.5
18
13.88
11.02
-10.78
-16.86
-23
-27.38
-29.52
-29.04
-24.98
-18.62
-12.22
-5.22
1.66
5.94
7.26
6.96
4.42
0.94
-0.34
2.1
7.06
13.04
18.82
22.1
21.76
19.14
16.3
13.46
11.42
10.36
-15.84
-22.2
-27.08
-29.06
-27.18
-21.46
-12.28
-2.98
4.7
10
12.66
11.12
8.16
5.56
3.46
2.6
4.44
7.56
10.34
11.96
11.7
9.24
5.88
3.08
1.92
2.42
4.8
7.76
-20.78
-26.4
-28.36
-25.64
-17.82
-6.12
7.16
16.88
22.08
22.08
17.98
10.46
4.32
1.06
1.14
4.5
10.14
13.96
14.34
11.22
4.14
-5.44
-12.98
-16.58
-16.26
-12.16
-4.2
4.18
-24.5
-27.94
-25.5
-17.04
-4.16
11.02
24.64
31.36
31.64
26.92
18.88
9.42
3.16
1.08
3.1
8.14
13.64
15.44
12.48
4.82
-7.14
-19.9
-28.84
-32.72
-31.22
-24.06
-12.24
0.44
-25.94
-26.14
-19
-5.76
10.3
26.02
36.62
38.22
33.72
26.44
17.82
10
6.3
5.88
7.84
11.04
13.16
10.88
4.14
-6.2
-19.16
-31.56
-39.8
-43.14
-41.2
-32.88
-19.04
-3.38
-24.78
-22.12
-11.5
4.76
21.7
35.64
41.94
38.06
29.72
21.4
13.94
9.34
9.54
10.94
11.8
12.06
9.88
3.14
-6.72
-17.04
-28.08
-37.48
-43.38
-45.44
-44.14
-36.44
-22.92
-6.2
-21.68
-17.16
-4.74
12.46
27.24
36.7
37.54
28.96
17.94
11.88
9.64
11.74
16.92
19.94
17.8
12.1
2.82
-9.44
-21.18
-29.22
-34.86
-37.62
-37.78
-37.1
-36.26
-30.76
-20.66
-6.84
-17.8
-12.46
-0.28
14.9
25.82
30.64
27.82
18.04
8.72
6.9
10.04
16.96
24.42
26.5
20.2
8.5
-6.78
-23.18
-35.48
-39.9
-38.8
-33.66
-26.4
-21.78
-21.18
-18.88
-14.18
-6.32
-13.36
-8.4
1.72
13.12
20.64
23.24
20.6
13.46
8
8.64
12.94
18.94
24.12
23.24
13.9
-0.26
-16.58
-32.8
-43.32
-43.56
-37
-26.54
-14.36
-6.62
-6.3
-7.18
-7.34
-5.46
-9.1
-5.56
1.66
9.62
14.62
16.8
16.66
13.68
11.1
12.22
14.58
16.42
16.76
13.1
3.08
-10.18
-24.26
-37.38
-44.76
-41.9
-31.82
-18.08
-3
6.56
6.94
3.58
-0.68
-3.82
-5.36
-3.38
0.94
5.68
9.02
11.82
14.34
15.44
15.26
15.58
14.56
11.58
7
1.12
-7.96
-18.58
-28.92
-37.86
-41.64
-36.62
-24.44
-9.26
6.82
16.7
17.02
11.82
4.82
-2
-1.94
-1.32
0.46
2.48
5.18
8.94
13.36
16.82
18.26
16.7
12.06
4.9
-2.82
-9.84
-17
-24.2
-29.84
-33.82
-33.98
-27.44
-14.78
-0.68
13.06
21.16
20.88
14.82
7.14
-0.58
1.84
1.22
1.22
1.62
3.46
7.1
11.6
14.22
14.52
11.78
5.54
-3.14
-10.88
-16.66
-21.34
-25
-25.96
-24.6
-21.18
-14.48
-3.64
6.9
14.84
18.78
17.92
12.56
6.4
0.84
5.96
4.42
2.8
1.6
2.34
4.88
7.74
8.46
7.58
4
-2.62
-10.74
-17.14
-21.36
-23.08
-22.42
-18.16
-11.34
-4.46
1.4
7.94
11.96
12.22
11.24
10.26
7.34
4.8
3.14
10.84
8.74
5.26
1.66
0.86
1.28
1.96
1.7
0.9
-3.94
-10.76
-18.1
-23.58
-26.62
-24.6
-18.7
-8.84
3.08
12.82
17.12
17.62
13.96
7.04
2.18
2.14
3.46
5.58
7.36
16.28
13.88
8.46
2.14
-1.58
-4.26
-5.7
-6.36
-7.36
-12.5
-18.86
-25.42
-30.14
-31.1
-25.2
-14.52
-0.06
15.5
26.54
28.38
23.46
14.06
2.7
-3.64
-1.28
4.26
9.8
13.18
21.42
19.1
11.9
2.68
-4.58
-10.68
-14.32
-15.2
-16.1
-20.72
-26.18
-31.42
-34.76
-33.36
-24.2
-9.6
7.5
24.46
35.32
34.7
25.44
13.02
0.24
-5.36
0
9.14
16.28
19.06
25.32
23.9
15.54
3.56
-7.08
-16.7
-23.32
-23.9
-23.68
-27.72
-31.6
-33.82
-35.22
-31.98
-20.52
-4.48
11.8
26.54
35.34
33.24
22.8
11.04
1.46
-0.42
7.72
18.26
24.18
23.38
27.28
27
18.72
5.36
-9
-23.04
-32.96
-34.6
-34.52
-35.96
-35.12
-31.92
-29.12
-22.48
-10.6
2.16
12.58
20.98
25.16
22.52
15.78
10.6
9.06
13.18
22.76
30.96
31.58
24.32
26.4
27.3
20.26
7.16
-9.56
-26.34
-39.12
-43.3
-44.22
-41.84
-35.5
-26.08
-17.5
-7.6
2
8.66
11.1
11.9
11.82
10.54
10.38
14.08
20.6
28.66
36.38
38.52
31.7
18.18
22.9
24.74
19.64
8.46
-7.24
-23.7
-37.5
-43.76
-45
-40.66
-31.46
-18.32
-6.22
4
10.52
12.78
10.52
7.38
5.9
6.98
10.86
18.36
27.22
34.68
37.82
34.02
22.22
6.02
17.98
20.58
17.9
9.84
-2.94
-17.2
-29.76
-35.78
-36.54
-30.96
-20.16
-6.14
5.6
13.78
16.62
14.42
8.58
2.88
0.44
2.88
9.34
18.2
27.04
32.24
30.64
21.8
7.54
-8
12.56
15.3
14.7
10.18
1.28
-8.92
-17.64
-21.96
-22.08
-15.94
-6.3
4.28
12.58
17.56
17.08
12.82
6.9
1.78
-0.22
2.78
9.06
15.92
21.24
22.04
15.76
4.38
-8.78
-20.4
7.7
10.22
10.9
9.38
5.62
1.32
-2.36
-3.52
-1.92
2.7
7.86
12.7
15.62
15.8
12.88
9.04
5.2
2.38
2.04
4.44
7.54
9.42
8.92
4.32
-4.32
-14.42
-23.06
-28.5